generation,N_shifts,logPrior,logLik,eventRate,acceptRate
0,0,0.423661,-22159.6,100,1
15000,3,9.95334,-22043.1,2.37196,0.307513
30000,5,19.7326,-22019.8,10.3813,0.318933
45000,4,11.4751,-21984.6,4.25888,0.295333
60000,4,12.7468,-21979.5,5.22238,0.292267
75000,4,12.6606,-21950.2,7.17817,0.294133
90000,5,16.1493,-21935.3,8.16825,0.264533
105000,1,-0.61336,-22056.7,2.31373,0.186836
120000,6,22.8818,-21942.2,7.79328,0.268433
135000,6,23.8353,-21917.1,8.47511,0.257867
150000,3,9.73797,-22000.1,5.30061,0.256978
165000,9,37.4458,-21900.8,10.0561,0.292167
180000,10,29.2268,-21876.6,11.2417,0.299733
195000,16,69.1312,-21846,18.1694,0.318
210000,11,39.9273,-21828.8,16.3613,0.329333
225000,21,77.5197,-21833,28.9925,0.330333
240000,19,81.1189,-21807.5,22.0096,0.371533
255000,4,16.4289,-21962,7.73363,0.291676
270000,10,42.1467,-21861.4,13.5376,0.247248
285000,24,105.545,-21799.4,22.735,0.355622
300000,20,79.8847,-21805.6,28.8774,0.3586
315000,24,103.281,-21801.2,27.2689,0.365733
330000,21,90.9615,-21839.2,22.1747,0.334767
345000,29,107.505,-21798.6,35.8771,0.3585
360000,22,86.2845,-21799.5,34.8499,0.3764
375000,30,131.834,-21796.2,37.7973,0.357133
390000,34,155.673,-21795.4,37.1562,0.388467
405000,30,124.601,-21775.9,37.6817,0.370511
420000,9,39.7542,-21889.3,7.46283,0.319127
435000,32,142.726,-21749.2,34.5158,0.3743
450000,25,111.967,-21754.6,25.4362,0.365933
465000,26,109.927,-21775.6,43.292,0.38184
480000,30,124.908,-21774.8,33.7741,0.368333
495000,28,118.507,-21769.2,31.9743,0.3704
510000,32,138.588,-21774.7,32.2484,0.369267
525000,33,142.596,-21771.7,30.2839,0.378667
540000,51,222.997,-21711.5,65.2781,0.375756
555000,39,176.73,-21769,47.0353,0.376767
570000,44,182.865,-21717.7,56.9992,0.395033
585000,47,204.958,-21703.3,48.4751,0.3786
600000,32,138.238,-21764.4,28.6692,0.3758
615000,35,144.367,-21718.6,33.6257,0.3745
630000,31,127.059,-21750.3,29.5266,0.372133
645000,32,129.703,-21750.2,35.6738,0.367733
660000,41,169.668,-21726.8,36.5013,0.372067
675000,40,160.296,-21715.8,32.8052,0.379983
690000,45,187.476,-21714,47.0253,0.387933
705000,43,186.952,-21684.4,39.6738,0.378267
720000,30,131.265,-21774.4,31.5115,0.360087
735000,50,207.162,-21699.4,60.0383,0.401533
750000,57,257.512,-21701.8,54.8883,0.3954
765000,53,216.303,-21684.7,49.4045,0.3912
780000,44,174.142,-21749.7,32.9908,0.369883
795000,60,247.226,-21663.2,57.6527,0.390433
810000,53,227.588,-21682.8,56.0205,0.389667
825000,62,266.78,-21672.5,62.5192,0.394
840000,62,257.705,-21671.8,58.4496,0.406133
855000,68,297.655,-21665.3,67.874,0.401467
870000,76,346.064,-21658,62.0067,0.405067
885000,47,191.01,-21709.6,31.5493,0.385848
900000,49,220.319,-21707.8,48.4427,0.389
915000,64,278.416,-21655.2,62.1244,0.400289
930000,44,182.929,-21710.7,46.6592,0.4009
945000,56,239.826,-21678.8,49.9621,0.386233
960000,59,250.763,-21676.7,63.0954,0.3984
975000,58,263.229,-21692.3,58.5082,0.417533
990000,56,238.119,-21700.3,46.9773,0.392967
1005000,48,206.978,-21689.6,49.0399,0.386467
1020000,50,213.157,-21674.8,48.9408,0.386133
1035000,51,208.691,-21675.4,50.6521,0.388067
1050000,41,177.681,-21683.9,28.7382,0.389867
1065000,55,239.112,-21675.1,53.4296,0.391667
1080000,57,226.383,-21679.5,48.016,0.398467
1095000,57,233.83,-21685.4,64.9643,0.392
1110000,71,311.022,-21669.6,74.1887,0.399733
1125000,81,334.39,-21633.6,76.2839,0.410533
1140000,79,344.564,-21618.1,72.8319,0.409867
1155000,78,333.173,-21643.3,70.8946,0.415133
1170000,68,294.973,-21642.9,67.5907,0.413067
1185000,73,314.816,-21643.2,72.8143,0.3918
1200000,76,317.834,-21628.1,82.9107,0.392867
1215000,74,339.134,-21642.3,79.9142,0.421267
1230000,37,156.16,-21691.5,32.8497,0.380225
1245000,51,215.488,-21676.3,61.1369,0.393433
1260000,29,120.078,-21715.4,27.3507,0.361967
1275000,52,229.833,-21676.3,55.0534,0.370433
1290000,45,191.394,-21698.2,32.5235,0.386274
1305000,38,156.685,-21700.9,42.5431,0.369711
1320000,36,155.121,-21709.2,38.2584,0.369
1335000,43,166.948,-21673.7,32.507,0.383044
1350000,35,143.573,-21701.8,39.1712,0.3505
1365000,50,215.67,-21687.4,45.1453,0.385933
1380000,62,251.987,-21679.6,55.2998,0.4124
1395000,48,202.009,-21685.5,42.5759,0.38
1410000,57,258.693,-21680.7,61.956,0.394
1425000,48,214.711,-21668.9,48.7088,0.382693
1440000,54,232.032,-21665.1,58.7119,0.397967
1455000,55,237.273,-21658.5,60.7001,0.3895
1470000,52,215.961,-21668.4,50.645,0.391667
1485000,56,234.121,-21686.5,46.0923,0.389911
1500000,50,209.09,-21648.8,44.595,0.393367
1515000,44,179.651,-21688.1,41.2052,0.395467
1530000,56,245.04,-21670.9,45.4598,0.402067
1545000,50,204.862,-21682.9,37.1691,0.390933
1560000,49,203.851,-21689.9,27.4499,0.390244
1575000,57,237.551,-21700.3,48.5036,0.3894
1590000,43,186.792,-21690.5,45.4601,0.386156
1605000,58,237.771,-21681.1,57.7465,0.3982
1620000,45,181.392,-21710.3,48.8208,0.387756
1635000,53,223.249,-21693.8,73.3758,0.394
1650000,61,271.973,-21663.6,48.3461,0.388556
1665000,52,215.889,-21671.1,45.6662,0.396533
1680000,59,248.311,-21679.5,59.8901,0.383686
1695000,66,286.51,-21662.4,79.7463,0.384467
1710000,54,235.387,-21654.4,55.9787,0.3974
1725000,52,226.69,-21710.6,45.3784,0.388044
1740000,72,306.114,-21651.2,74.7712,0.403233
1755000,60,252.866,-21643,68.9326,0.397867
1770000,57,252.651,-21624.2,55.9904,0.392467
1785000,48,202.939,-21653.6,45.9201,0.383
1800000,62,272.638,-21681.7,71.3492,0.39983
1815000,54,226.703,-21634.2,55.0843,0.3756
1830000,52,219.006,-21684.8,48.7333,0.405533
1845000,60,256.532,-21644.3,63.8715,0.392067
1860000,46,201.925,-21717.3,49.1772,0.389852
1875000,45,197.001,-21697.4,40.1501,0.3992
1890000,62,247.749,-21661.4,53.6437,0.394667
1905000,55,235.354,-21687.7,57.3988,0.389133
1920000,53,223.087,-21657.6,49.5819,0.3926
1935000,55,246.984,-21691.9,54.2916,0.39
1950000,62,272.288,-21682.5,62.2713,0.406667
1965000,65,268.819,-21634.9,56.1141,0.394444
1980000,60,246.452,-21662.6,76.9658,0.404333
1995000,50,195.999,-21670,48.0343,0.389967
2010000,56,244.199,-21670.3,40.3801,0.4053
2025000,58,264.03,-21696.8,60.4827,0.3973
2040000,53,240.867,-21695.2,54.5022,0.413767
2055000,54,234.24,-21671.8,71.2767,0.396133
2070000,56,253.995,-21678.6,49.0471,0.4048
2085000,66,284.597,-21658.9,64.1378,0.406467
2100000,59,250.947,-21656.4,71.4512,0.394467
2115000,64,271.635,-21658.9,64.0848,0.406433
2130000,59,254.491,-21660.4,75.4539,0.4135
2145000,63,267.758,-21649.1,67.5824,0.398667
2160000,60,248.679,-21687.1,66.9188,0.38911
2175000,60,268.748,-21654,65.0869,0.398267
2190000,71,299.488,-21691.9,57.9123,0.407533
2205000,67,303.655,-21670.2,75.5052,0.4123
2220000,65,283.459,-21681.4,78.0465,0.40421
2235000,54,221.975,-21690.1,68.2696,0.408933
2250000,56,232.623,-21687.6,60.3322,0.3958
2265000,57,246.794,-21666.7,51.4751,0.388067
2280000,63,263.32,-21653.7,57.1535,0.389167
2295000,54,228.542,-21654.7,54.6085,0.379167
2310000,55,229.039,-21653.4,47.6186,0.386
2325000,48,196.152,-21652.9,45.1035,0.398222
2340000,59,249.281,-21639.7,55.5062,0.390467
2355000,69,297.344,-21641.1,67.058,0.4044
2370000,71,302.254,-21640,63.5021,0.390267
2385000,80,326.915,-21624.2,63.2664,0.403
2400000,68,291.139,-21645.1,66.9034,0.400995
2415000,76,341.126,-21635.1,86.3045,0.400333
2430000,69,296.433,-21625.9,61.9933,0.396133
2445000,76,306.685,-21641.9,65.8616,0.3962
2460000,67,287.152,-21663.2,66.8223,0.402429
2475000,67,287.806,-21638.3,74.6809,0.403293
2490000,75,327.807,-21643.3,75.5494,0.4008
2505000,64,271.142,-21638.2,55.49,0.404133
2520000,66,270.664,-21657,59.8919,0.389333
2535000,66,276.658,-21636.5,72.6749,0.402089
2550000,79,337.262,-21640.6,69.4023,0.406067
2565000,64,282.471,-21668.9,61.4498,0.394771
2580000,63,278.34,-21665.9,59.3048,0.401533
2595000,75,315.83,-21664.5,76.6785,0.420511
2610000,69,266.095,-21661.1,62.9001,0.420133
2625000,52,223.715,-21691.4,58.0058,0.395381
2640000,51,230.546,-21672,55.8783,0.394367
2655000,65,248.628,-21652.2,61.9014,0.405867
2670000,70,286.628,-21631.5,73.6745,0.405733
2685000,68,292.15,-21663.5,64.956,0.393267
2700000,77,322.54,-21633.3,74.9769,0.401533
2715000,57,247.562,-21671.7,49.6107,0.393853
2730000,68,280.914,-21648.8,69.0223,0.408567
2745000,49,225.703,-21670.8,47.2067,0.388308
2760000,67,281.779,-21651.7,65.4502,0.411767
2775000,69,307.233,-21664.6,62.8771,0.393767
2790000,68,306.735,-21686.7,63.9507,0.4106
2805000,62,271.786,-21674.7,63.1928,0.409933
2820000,65,276.015,-21660.5,59.0659,0.402933
2835000,71,297.775,-21656.8,85.1616,0.394389
2850000,72,307.989,-21634.6,68.8866,0.407333
2865000,78,333.17,-21639.5,67.5837,0.4108
2880000,59,258.859,-21642.6,61.3434,0.3924
2895000,68,291.973,-21656.2,63.4119,0.405044
2910000,64,259.752,-21652.5,77.0469,0.3906
2925000,52,213.555,-21685.7,59.3348,0.398505
2940000,59,249.945,-21667.4,69.4985,0.3838
2955000,56,233.159,-21660.5,53.9586,0.393933
2970000,46,202.477,-21709.7,35.416,0.383
2985000,51,219.753,-21659.5,49.8572,0.382567
3000000,54,233.811,-21700.1,57.4934,0.3961
3015000,40,170.186,-21674.7,35.4659,0.384867
3030000,54,231.161,-21657.5,54.0037,0.371867
3045000,54,203.795,-21635.8,56.1826,0.380333
3060000,61,262.007,-21652.5,68.9892,0.389867
3075000,64,280.264,-21674.3,61.6066,0.3882
3090000,60,254.225,-21684,65.2659,0.4048
3105000,48,205.42,-21662.9,48.5073,0.387333
3120000,50,198.922,-21672.7,49.9985,0.398438
3135000,48,198.306,-21648.6,54.1644,0.39
3150000,61,262.219,-21653,61.064,0.3847
3165000,56,245.963,-21636,73.0274,0.377733
3180000,66,279.537,-21650.4,64.7626,0.401147
3195000,67,295.135,-21655.6,68.4144,0.4074
3210000,57,235.183,-21636.9,49.6374,0.3942
3225000,62,267.034,-21650.4,49.666,0.393867
3240000,80,350.301,-21643.6,87.3502,0.407333
3255000,84,344.11,-21659.3,73.2552,0.415
3270000,68,287.625,-21659.1,79.5957,0.405933
3285000,58,247.714,-21664.4,47.0963,0.401933
3300000,39,177.153,-21697.9,33.2228,0.378524
3315000,51,234.028,-21697.3,45.8661,0.364533
3330000,51,217.731,-21637.5,48.849,0.377733
3345000,62,287.742,-21676.5,71.4028,0.3951
3360000,63,264.405,-21638.8,58.5179,0.3748
3375000,65,292.27,-21673,55.1224,0.403433
3390000,43,174.623,-21687.6,59.5163,0.398514
3405000,50,203.856,-21670.4,48.9115,0.390511
3420000,76,348.209,-21662.1,76.7671,0.4104
3435000,46,191.559,-21661.5,47.5972,0.372267
3450000,60,267.213,-21684.9,55.9,0.403067
3465000,50,213.249,-21647.2,57.9213,0.369
3480000,50,218.636,-21620.6,55.1384,0.372133
3495000,57,263.539,-21681.5,45.6976,0.394111
3510000,51,234.548,-21677.4,58.5608,0.393533
3525000,41,160.829,-21680.9,47.9123,0.399193
3540000,58,250.479,-21641.5,51.4993,0.367583
3555000,60,260.298,-21696.7,62.2454,0.383333
3570000,39,166.108,-21697.6,38.9253,0.383089
3585000,46,210.501,-21700.2,65.0692,0.388533
3600000,53,227.601,-21640.8,56.3568,0.362667
3615000,54,233.309,-21691.9,47.9898,0.389
3630000,53,224.873,-21688.2,62.8057,0.387667
3645000,46,183.371,-21612.2,40.9475,0.371867
3660000,57,222.514,-21605.1,60.0503,0.3696
3675000,52,223.829,-21646,61.8924,0.363067
3690000,49,201.702,-21637.6,49.2996,0.371667
3705000,60,260.867,-21630.9,67.0785,0.374333
3720000,49,198.988,-21623.3,54.8636,0.363867
3735000,51,224.493,-21662.8,54.7037,0.396876
3750000,41,180.38,-21705.1,31.821,0.390621
3765000,50,218.394,-21696.3,44.5653,0.380033
3780000,49,203.434,-21707,44.9072,0.4008
3795000,56,247.067,-21673.7,53.5336,0.395333
3810000,62,249.049,-21667.9,50.4434,0.402733
3825000,44,190.075,-21691.5,40.6028,0.377733
3840000,41,164.684,-21679.2,49.8425,0.3852
3855000,54,224.167,-21634.1,51.2312,0.3636
3870000,48,199.882,-21645.5,51.8382,0.374133
3885000,50,217.116,-21674,44.507,0.3718
3900000,56,229.405,-21651.9,56.2029,0.378133
3915000,35,146.356,-21712.2,40.6989,0.394573
3930000,59,251.52,-21652.3,63.68,0.3739
3945000,42,185.022,-21715.5,43.9507,0.3838
3960000,51,217.288,-21651.6,49.9046,0.365467
3975000,52,217.402,-21682.5,42.4129,0.394727
3990000,43,174.671,-21682.1,46.3138,0.382867
4005000,64,275.227,-21638.6,68.1703,0.381644
4020000,57,243.522,-21622.6,62.4293,0.3738
4035000,60,248.74,-21630.3,47.8638,0.380867
4050000,64,272.379,-21629.2,48.6647,0.379667
4065000,57,254.608,-21645.3,50.7829,0.3786
4080000,48,196.767,-21629.2,48.6635,0.373867
4095000,45,200.169,-21701.1,59.78,0.378571
4110000,42,180.952,-21697.2,39.0016,0.3704
4125000,70,289.063,-21644,54.2629,0.380756
4140000,45,190.511,-21680,49.4551,0.3923
4155000,52,194.881,-21624.3,57.2746,0.374133
4170000,55,223.45,-21633.7,47.4398,0.370733
4185000,52,209.936,-21671.8,50.7738,0.373867
4200000,51,217.143,-21646.7,66.1117,0.3658
4215000,58,257.083,-21679.7,50.3677,0.385427
4230000,67,302.55,-21655.1,78.7581,0.391733
4245000,59,248.816,-21656,54.3485,0.404667
4260000,43,181.27,-21711.4,61.8827,0.392996
4275000,54,245.219,-21698.3,66.4241,0.394833
4290000,63,264.062,-21603.9,68.9175,0.379311
4305000,55,239.427,-21670.2,58.9041,0.386867
4320000,54,241.519,-21700.6,56.5376,0.390267
4335000,67,280.702,-21601.8,64.2731,0.382333
4350000,74,325.375,-21617.1,58.3351,0.375267
4365000,57,242.541,-21662.6,56.7726,0.3982
4380000,66,277.861,-21650.6,54.1786,0.387067
4395000,65,279.652,-21632.2,60.7836,0.377867
4410000,67,282.416,-21623.8,66.94,0.384267
4425000,61,260.918,-21635,66.6631,0.3822
4440000,61,252.381,-21616.6,66.736,0.3844
4455000,67,295.881,-21665.8,78.2942,0.3792
4470000,68,297.873,-21610.7,66.2361,0.382867
4485000,68,304.493,-21659.1,58.6389,0.393962
4500000,57,255.087,-21676,58.7815,0.389661
4515000,61,267.451,-21608,47.2376,0.386489
4530000,49,180.239,-21621.8,47.7052,0.380733
4545000,52,214.781,-21627.3,48.177,0.368667
4560000,52,220.214,-21626.4,54.046,0.377067
4575000,54,231.381,-21629,40.7297,0.377
4590000,56,244.638,-21632.1,56.5864,0.377067
4605000,57,232.411,-21618.6,61.7294,0.367867
4620000,63,268.057,-21687.1,59.0393,0.393319
4635000,53,217.254,-21659.5,50.3038,0.395133
4650000,61,250.087,-21638.3,50.938,0.362933
4665000,54,239.584,-21638,48.9151,0.375133
4680000,59,262.284,-21658.1,54.8947,0.390256
4695000,65,270.988,-21640,51.2906,0.400067
4710000,67,280.978,-21658,61.1997,0.403933
4725000,50,208.196,-21685.5,44.7862,0.398078
4740000,51,215.578,-21694.4,48.4529,0.390133
4755000,55,243.48,-21673.7,57.0529,0.3926
4770000,58,237.448,-21657.1,59.6005,0.393233
4785000,62,269.432,-21630.2,68.1448,0.365433
4800000,56,242.008,-21635.5,52.9974,0.378867
4815000,57,234.573,-21697.3,44.3334,0.4052
4830000,61,260.719,-21649.2,70.2307,0.3856
4845000,51,210.33,-21652.1,45.5596,0.389827
4860000,51,204.189,-21657.4,53.781,0.384033
4875000,62,249.4,-21648.4,70.0456,0.397333
4890000,69,283.938,-21641.9,72.8619,0.390667
4905000,62,244.989,-21677.9,55.1691,0.408267
4920000,46,191.985,-21682.9,35.7564,0.383905
4935000,56,230.249,-21652.9,71.0241,0.373147
4950000,68,278.204,-21639.4,80.3492,0.400889
4965000,66,265.989,-21652.5,59.0411,0.4074
4980000,49,206.313,-21639.8,39.8593,0.369333
4995000,61,243.892,-21647.7,61.6475,0.3857
5010000,55,236.197,-21654.9,53.3964,0.371667
5025000,65,266.165,-21635.5,76.9868,0.3997
5040000,50,219.399,-21678.3,42.4304,0.393258
5055000,72,303.533,-21668.9,75.1756,0.409667
5070000,56,224.598,-21646.4,51.1511,0.372733
5085000,64,246.348,-21644.2,60.49,0.406067
5100000,67,280.964,-21628.5,56.0434,0.399933
5115000,59,255.071,-21629.7,54.7095,0.3872
5130000,58,252.661,-21646.6,59.9981,0.3884
5145000,54,216.462,-21709.8,56.5029,0.398248
5160000,54,213.013,-21645.1,50.7622,0.3848
5175000,70,301.225,-21631.4,63.6147,0.397667
5190000,70,305.237,-21643.2,67.2716,0.409533
5205000,65,287.74,-21654,59.6302,0.407467
5220000,75,321.554,-21626.6,81.6717,0.401533
5235000,62,285.582,-21624.3,61.2462,0.373276
5250000,56,231.968,-21647.1,56.8833,0.398133
5265000,64,280.306,-21630.2,77.208,0.370233
5280000,75,309.156,-21641.4,86.4207,0.3866
5295000,60,261.465,-21635.1,50.9943,0.380867
5310000,63,282.401,-21626.7,64.7312,0.3856
5325000,60,256.509,-21643.1,68.3184,0.394
5340000,71,316.271,-21634.7,73.0519,0.390933
5355000,50,200.51,-21663.9,49.0087,0.386048
5370000,53,244.609,-21648,46.4959,0.3781
5385000,41,162.712,-21696.6,46.4705,0.370233
5400000,55,238.898,-21656.8,54.3141,0.365067
5415000,57,241.11,-21637.2,45.7417,0.387
5430000,54,238.563,-21655.7,52.8194,0.3904
5445000,50,200.352,-21682.6,53.2894,0.3737
5460000,60,263.179,-21677.1,60.6703,0.393114
5475000,53,216.98,-21654.4,51.9047,0.381044
5490000,41,169.131,-21646.8,30.3775,0.379
5505000,58,253.598,-21679.9,51.4784,0.395689
5520000,64,294.168,-21664,64.3838,0.3962
5535000,60,266.402,-21659.2,63.2613,0.399067
5550000,64,276.553,-21652.7,49.8927,0.4018
5565000,48,200.251,-21664.6,42.3185,0.376373
5580000,55,209.571,-21696.2,49.1722,0.378289
5595000,61,250.327,-21651.3,70.7127,0.373467
5610000,46,197.456,-21688.6,36.251,0.4058
5625000,64,270.212,-21622.3,73.2527,0.388933
5640000,66,297.96,-21630.8,56.2164,0.391
5655000,62,264.034,-21652.1,72.8496,0.379
5670000,64,279.752,-21631,59.8151,0.384733
5685000,71,288.354,-21626,85.145,0.381
5700000,72,306.668,-21632.3,83.8229,0.397333
5715000,59,255.07,-21662.1,54.3249,0.3912
5730000,57,236.518,-21665.2,62.9011,0.387825
5745000,55,226.716,-21633.8,55.5081,0.365833
5760000,77,334.771,-21679.6,84.3959,0.4071
5775000,59,260.882,-21632.3,57.2534,0.395116
5790000,47,196.195,-21672.3,49.6386,0.403733
5805000,51,216.01,-21683.1,44.479,0.3914
5820000,65,286.345,-21638.9,76.6912,0.397956
5835000,58,247.113,-21643.8,70.7015,0.367733
5850000,59,267.988,-21651,64.4408,0.3884
5865000,58,255.642,-21685.5,51.5773,0.392567
5880000,54,213.45,-21646.9,60.3718,0.378267
5895000,56,235.043,-21669.8,64.9073,0.3996
5910000,55,232.512,-21629.4,50.8977,0.3769
5925000,64,280.498,-21653.1,58.2459,0.39176
5940000,42,189.732,-21668,45.293,0.396578
5955000,50,223.258,-21675,56.7152,0.392067
5970000,51,231.984,-21654.7,41.6676,0.388333
5985000,60,253.388,-21649.9,67.4858,0.370613
6000000,50,220.589,-21681.7,51.4641,0.390933
6015000,66,276.141,-21656.7,73.5268,0.3765
6030000,55,204.768,-21643.7,48.4513,0.380267
6045000,40,159.49,-21667.8,43.7095,0.386733
6060000,55,223.975,-21647.8,53.5494,0.370967
6075000,54,214.936,-21658.1,45.6108,0.37672
6090000,57,238.977,-21641.5,54.6407,0.375733
6105000,58,242.521,-21667.4,51.0791,0.390683
6120000,54,240.274,-21674.4,54.5266,0.3994
6135000,43,199.292,-21698.7,43.1165,0.378217
6150000,58,247.955,-21631.8,55.0709,0.3652
6165000,55,238.314,-21667.3,77.0681,0.386578
6180000,58,245.457,-21666.7,55.2308,0.401067
6195000,63,250.397,-21622.4,61.9155,0.391689
6210000,42,172.367,-21687.1,41.9007,0.398833
6225000,53,226.673,-21658,44.8427,0.375833
6240000,44,182.008,-21678,46.3464,0.3874
6255000,53,230.572,-21672.8,46.222,0.368142
6270000,44,198.865,-21669.2,44.0035,0.3626
6285000,55,244.374,-21659.1,53.2683,0.381267
6300000,44,181.211,-21680.6,43.5254,0.366307
6315000,44,190.03,-21672.5,35.7144,0.360733
6330000,46,203.836,-21675.1,48.0103,0.3688
6345000,51,221.609,-21657.9,58.0893,0.401667
6360000,51,221.979,-21646.4,53.4817,0.388493
6375000,56,246.358,-21647.8,73.3245,0.390433
6390000,61,276.575,-21639.3,56.5116,0.386133
6405000,63,284.09,-21634.9,58.7091,0.388467
6420000,66,295.375,-21632.2,58.5589,0.387867
6435000,53,234.96,-21669.7,61.9948,0.387147
6450000,54,234.362,-21623.3,49.9565,0.376733
6465000,51,236.737,-21669.1,44.906,0.383867
6480000,52,218.265,-21676.9,45.0514,0.391896
6495000,48,232.613,-21640,57.0765,0.385178
6510000,58,257.086,-21625.4,60.836,0.376267
6525000,50,210.826,-21634,50.3586,0.3658
6540000,62,275.982,-21616.1,73.0586,0.3794
6555000,70,310.057,-21661.7,62.8839,0.382989
6570000,53,215.566,-21676.1,49.11,0.405956
6585000,73,316.968,-21616.7,74.087,0.398444
6600000,69,300.49,-21591.5,55.273,0.384067
6615000,74,315.531,-21618.9,69.9593,0.375933
6630000,67,307.082,-21632.3,70.816,0.397293
6645000,62,276.352,-21617,46.4193,0.3976
6660000,47,207.082,-21688.6,46.7546,0.392511
6675000,70,293.778,-21621,78.2061,0.387933
6690000,78,341.584,-21635.7,71.0169,0.401633
6705000,67,312.745,-21654.1,72.4983,0.397467
6720000,51,216.082,-21622,50.3254,0.371244
6735000,50,217.183,-21630.4,60.2607,0.3704
6750000,55,248.991,-21629.9,53.0848,0.3732
6765000,47,208.637,-21676.8,49.8764,0.398038
6780000,59,256.775,-21661.8,59.7978,0.38976
6795000,43,180.653,-21656.5,43.5017,0.372778
6810000,53,223.966,-21698.5,58.0354,0.390667
6825000,50,204,-21666.3,46.5986,0.384911
6840000,59,254.707,-21643.4,60.2664,0.376533
6855000,57,227.497,-21650.1,49.5148,0.3844
6870000,56,236.83,-21631.1,61.5797,0.370167
6885000,56,223.2,-21653.4,41.7673,0.391533
6900000,48,203.136,-21651.1,36.8018,0.383333
6915000,55,251.247,-21677.8,53.6675,0.387617
6930000,56,247.979,-21631.1,52.9658,0.371583
6945000,57,254.386,-21675.7,54.8858,0.396111
6960000,62,259.18,-21643.1,45.1778,0.402267
6975000,50,225.192,-21628.7,57.7601,0.367067
6990000,46,194.772,-21649.6,32.705,0.4009
7005000,51,218.152,-21642.3,53.7147,0.3591
7020000,57,233.639,-21661.2,50.2789,0.3852
7035000,56,222.476,-21657.2,55.8124,0.397583
7050000,53,221.951,-21628.2,59.3042,0.3768
7065000,44,180.969,-21651.3,38.7307,0.377267
7080000,57,237.868,-21647.4,54.2115,0.381783
7095000,49,207.321,-21654.3,57.5476,0.3922
7110000,45,183.641,-21638.8,40.2548,0.376289
7125000,52,224.499,-21661.8,50.4522,0.389667
7140000,44,200.12,-21671.2,43.5116,0.364
7155000,52,222.441,-21675.5,46.5666,0.3917
7170000,46,207.646,-21665.1,55.2361,0.372067
7185000,52,215.635,-21661.1,52.0888,0.384167
7200000,56,226.705,-21667,71.2652,0.387307
7215000,52,216.065,-21659.1,55.8901,0.383356
7230000,57,241.402,-21653.6,56.4314,0.388567
7245000,56,221.871,-21667.3,69.7828,0.379667
7260000,62,255.682,-21643.6,61.3512,0.404267
7275000,52,211.919,-21667.4,60.1321,0.396733
7290000,57,247.756,-21645.4,67.9985,0.382987
7305000,62,260.597,-21633.1,70.8223,0.394733
7320000,61,266.668,-21648.2,70.1715,0.388533
7335000,84,373.349,-21657,91.6457,0.3988
7350000,69,305.694,-21654.4,73.6263,0.418867
7365000,68,276.123,-21619.8,77.6025,0.4078
7380000,53,212.235,-21644.9,55.0305,0.378289
7395000,62,247.695,-21640.5,58.8975,0.400567
7410000,62,258.296,-21652.2,63.473,0.3846
7425000,57,239.697,-21637.8,71.8823,0.392733
7440000,71,293.415,-21641,66.284,0.3972
7455000,52,216.164,-21624,53.8472,0.386444
7470000,59,269.47,-21644.9,59.9528,0.38868
7485000,72,322.817,-21655.7,78.6809,0.410244
7500000,69,291.491,-21654.3,75.2181,0.414933
7515000,66,277.722,-21620.2,66.2911,0.4058
7530000,66,270.993,-21620.5,56.594,0.3876
7545000,50,222.876,-21658.8,49.4991,0.378978
7560000,66,283.76,-21648,72.0634,0.395567
7575000,60,241.828,-21636.5,59.4535,0.368867
7590000,56,244.696,-21630.1,63.093,0.370333
7605000,60,265.042,-21626.2,57.3967,0.388067
7620000,57,237.903,-21662.2,62.1451,0.396817
7635000,53,218.943,-21649.3,69.5657,0.385733
7650000,57,250.007,-21639.6,73.4411,0.364978
7665000,52,206.81,-21651,60.2518,0.391967
7680000,65,274.072,-21646.2,51.1513,0.379033
7695000,62,259.945,-21664.8,53.5947,0.397609
7710000,66,278.584,-21654.4,64.3601,0.400067
7725000,58,236.279,-21701.7,53.0008,0.3982
7740000,63,280.213,-21631.1,60.9868,0.386033
7755000,40,170.43,-21706.9,36.8976,0.396167
7770000,64,268.701,-21631.2,70.8141,0.3896
7785000,38,158.882,-21682.6,37.8772,0.392653
7800000,52,221.025,-21692.9,52.8857,0.386467
7815000,52,229.534,-21695.2,50.2128,0.396333
7830000,49,210.141,-21657.6,55.6848,0.38805
7845000,42,167.858,-21688.8,53.9481,0.385333
7860000,62,270.734,-21665.6,72.5592,0.391444
7875000,56,251.897,-21690.6,55.8514,0.399667
7890000,62,263.947,-21648,57.4142,0.366517
7905000,64,277.347,-21625.4,61.567,0.385067
7920000,64,281.856,-21631.9,82.1644,0.393333
7935000,59,267.957,-21635.7,60.2107,0.39
7950000,52,235.557,-21640.3,55.9044,0.389333
7965000,63,279.939,-21653.6,66.2381,0.3846
7980000,45,184.791,-21723.1,45.8345,0.391419
7995000,52,214.063,-21638.6,59.1993,0.364133
8010000,53,217.819,-21640,52.5902,0.361267
8025000,47,194.432,-21680,47.8576,0.386306
8040000,40,178.32,-21696.1,28.3486,0.386283
8055000,46,192.072,-21685.9,40.1539,0.393067
8070000,53,217.949,-21668.4,53.3052,0.381578
8085000,60,261.191,-21640.3,72.735,0.374573
8100000,51,226.979,-21630,45.2332,0.382933
8115000,50,226.957,-21635,37.1108,0.3708
8130000,58,265.588,-21643.5,67.3319,0.371067
8145000,59,255.446,-21634.3,55.3771,0.386067
8160000,48,197.858,-21632.7,41.485,0.378
8175000,46,194.131,-21641.9,41.6593,0.359867
8190000,44,186.301,-21645.4,54.2082,0.352933
8205000,45,188.818,-21649.3,58.3421,0.3536
8220000,35,140.401,-21722.4,22.3792,0.38683
8235000,46,184.986,-21668.2,35.7822,0.379697
8250000,57,250.392,-21627.8,64.0376,0.374067
8265000,52,223.412,-21663.8,54.5246,0.381333
8280000,69,301.986,-21675.6,70.9534,0.3872
8295000,62,256.757,-21624.2,65.336,0.374578
8310000,65,287.449,-21633.4,44.8499,0.3788
8325000,42,165.612,-21682.6,46.9179,0.385689
8340000,64,276.376,-21635.4,64.9234,0.385233
8355000,64,287.792,-21629.1,61.3936,0.391267
8370000,56,226.131,-21655.9,41.9169,0.3766
8385000,54,226.237,-21681.2,64.5313,0.38945
8400000,58,245.027,-21625,61.3938,0.375067
8415000,61,254.858,-21620.2,60.5598,0.373467
8430000,64,286.406,-21609.1,61.7815,0.383067
8445000,64,302.947,-21607.6,62.3774,0.3778
8460000,77,325.153,-21682.6,61.498,0.393617
8475000,68,280.461,-21618.7,73.1611,0.395867
8490000,61,256.355,-21687.4,60.0055,0.391057
8505000,81,338.376,-21588,97.7116,0.401467
8520000,75,337.456,-21608,92.1647,0.402467
8535000,69,264.179,-21618.4,73.7768,0.380667
8550000,68,304.191,-21614.1,64.6113,0.381267
8565000,68,309.724,-21621,66.7149,0.390533
8580000,62,264.566,-21606.3,74.7577,0.3822
8595000,71,304.974,-21613.3,48.7395,0.397
8610000,60,264.815,-21619.4,57.0539,0.372333
8625000,49,210.453,-21668.7,51.0822,0.395748
8640000,56,239.519,-21602.1,50.8127,0.380533
8655000,65,288.944,-21607.5,74.5962,0.364133
8670000,63,281.772,-21625.2,56.0046,0.389267
8685000,50,215.519,-21697,59.424,0.398973
8700000,63,273.868,-21632.1,59.6029,0.3913
8715000,59,256.571,-21640.7,46.367,0.387667
8730000,60,257.264,-21682.7,57.5751,0.401829
8745000,70,301.85,-21660,96.0429,0.4136
8760000,68,286.562,-21672.3,73.5022,0.405333
8775000,58,234.929,-21641.6,39.417,0.414667
8790000,70,291.008,-21638.9,76.4527,0.3944
8805000,64,272.951,-21665.4,66.7796,0.4118
8820000,59,254.116,-21664,73.255,0.407867
8835000,65,278.533,-21659.4,65.1992,0.3992
8850000,59,244.436,-21631.1,52.4283,0.389267
8865000,45,198.585,-21693.8,38.745,0.41065
8880000,60,250.726,-21662.6,62.7173,0.395867
8895000,48,212.063,-21688.3,46.611,0.399817
8910000,55,241.175,-21658.2,57.5372,0.379767
8925000,53,234.445,-21648.1,46.3328,0.3792
8940000,47,190.372,-21645.5,53.1432,0.377333
8955000,73,330.418,-21681.1,74.3166,0.392867
8970000,64,273.996,-21684.4,71.8999,0.420533
8985000,56,245.612,-21676.1,50.4044,0.4124
9000000,48,203.002,-21626.2,43.7043,0.3715
9015000,57,239.95,-21672,57.0275,0.393233
9030000,51,221.648,-21630,54.6018,0.369133
9045000,52,217.656,-21623.7,48.3708,0.366867
9060000,42,185.007,-21698.3,41.1519,0.406267
9075000,44,195.832,-21712.7,47.195,0.397333
9090000,67,291.313,-21623.1,76.0255,0.379533
9105000,59,254.201,-21644.5,60.5737,0.385533
9120000,49,200.651,-21649.2,36.6382,0.372533
9135000,47,204.306,-21686.8,41.3684,0.3773
9150000,49,219.974,-21624.6,48.1456,0.3615
9165000,55,219.639,-21646.7,46.1495,0.385667
9180000,59,262.741,-21641.6,49.6477,0.375533
9195000,47,181.638,-21692.6,51.4118,0.38195
9210000,49,216.347,-21646.9,55.9522,0.3774
9225000,56,243.189,-21654.7,61.6816,0.393133
9240000,55,232.931,-21676.1,49.8131,0.394956
9255000,52,217.664,-21682.2,48.8706,0.4004
9270000,42,174.836,-21691.1,43.446,0.380333
9285000,46,218.127,-21655.4,41.2141,0.381117
9300000,54,232.767,-21695.6,49.5686,0.369433
9315000,44,187.871,-21672.4,48.2451,0.3703
9330000,43,173.1,-21685,38.2885,0.386407
9345000,49,201.86,-21654.6,50.4182,0.378433
9360000,50,200.464,-21676.6,48.9001,0.388833
9375000,66,276.83,-21696.9,65.0332,0.397747
9390000,58,247.449,-21712.5,57.9406,0.414667
9405000,53,227.212,-21653.8,44.4616,0.3725
9420000,50,198.572,-21653.5,52.6585,0.379533
9435000,44,189.94,-21691.8,49.8595,0.392667
9450000,69,293.039,-21643.5,60.0951,0.402833
9465000,52,207.465,-21703.2,44.0481,0.3949
9480000,62,266.534,-21616.1,50.9586,0.391667
9495000,65,286.112,-21663.7,65.549,0.393481
9510000,66,282.613,-21625.7,57.5665,0.388767
9525000,82,366.052,-21638.2,88.227,0.404533
9540000,72,308.673,-21617.6,71.3882,0.418933
9555000,74,309.897,-21624.9,68.2267,0.3976
9570000,57,233.955,-21684.2,65.2541,0.399133
9585000,65,277.438,-21660,60.1801,0.399233
9600000,37,148.445,-21697.2,36.4793,0.381274
9615000,76,313.263,-21615.6,75.5866,0.388
9630000,76,333.287,-21609.3,68.6539,0.410133
9645000,78,342.584,-21595.6,75.4054,0.3992
9660000,53,232.056,-21674.6,60.3917,0.378
9675000,56,222.424,-21668.4,55.1173,0.39519
9690000,71,301.97,-21610,68.5747,0.400067
9705000,80,352.651,-21587.5,85.5714,0.395
9720000,76,335.515,-21592.2,73.8062,0.399133
9735000,69,300.747,-21610,79.2234,0.389333
9750000,53,219.107,-21667.4,42.2612,0.373
9765000,73,314.637,-21669.6,75.825,0.406867
9780000,79,350.391,-21612.8,65.0347,0.393
9795000,75,322.289,-21605,74.0041,0.406933
9810000,59,257.275,-21613.9,45.5931,0.376667
9825000,61,270.501,-21628.5,61.201,0.371533
9840000,56,236.99,-21623.8,51.1735,0.3742
9855000,54,234.868,-21626.6,45.2563,0.363333
9870000,64,290.65,-21613.8,56.4302,0.363133
9885000,64,265.872,-21663.1,68.4722,0.406758
9900000,68,280.391,-21673.6,66.8116,0.407333
9915000,76,321.715,-21639.3,80.4157,0.392378
9930000,62,268.485,-21651.7,59.0279,0.402067
9945000,59,262.021,-21618.5,62.9705,0.373867
9960000,64,270.46,-21631.6,72.1138,0.377467
9975000,75,315.448,-21630,65.2525,0.3978
9990000,69,281.197,-21694.7,85.3956,0.395003
10005000,56,238.468,-21632.9,46.4709,0.368233
10020000,53,225.737,-21627.9,57.8354,0.376
10035000,65,278.837,-21633.2,73.5696,0.3798
10050000,71,303.206,-21620.7,80.9911,0.391533
10065000,38,165.275,-21680.1,35.029,0.395413
10080000,63,257.173,-21645.1,57.6858,0.386633
10095000,47,187.927,-21693.7,54.2339,0.385667
10110000,58,255.302,-21633.8,56.1839,0.374933
10125000,56,228.432,-21648.1,52.5304,0.385933
10140000,65,277.478,-21633.1,61.3395,0.3818
10155000,59,256.213,-21621.9,62.1331,0.377733
10170000,61,261.942,-21635.5,61.6376,0.3878
10185000,52,206.302,-21625.5,61.5448,0.360867
10200000,52,225.864,-21632,47.7835,0.360667
10215000,55,237.441,-21647.5,45.5506,0.3616
10230000,54,230.341,-21647.1,48.3583,0.3784
10245000,53,229.644,-21651.2,54.3966,0.361333
10260000,56,237.43,-21643.1,66.4167,0.372933
10275000,56,254.501,-21655.9,52.4821,0.3852
10290000,57,251.076,-21638.1,56.2546,0.380333
10305000,68,291.541,-21646.2,49.8867,0.382867
10320000,42,177.606,-21687,45.9962,0.392471
10335000,62,271.108,-21644,61.5236,0.377267
10350000,54,236.362,-21677.4,64.0867,0.391942
10365000,51,219.58,-21661.1,39.3634,0.3754
10380000,55,235.403,-21625.1,60.699,0.380978
10395000,60,244.78,-21632.5,60.2596,0.362933
10410000,57,237.107,-21637.4,58.622,0.3848
10425000,40,177.453,-21691.4,36.0797,0.387152
10440000,46,206.41,-21660.4,51.5937,0.366233
10455000,42,182.375,-21694.8,35.2944,0.382233
10470000,56,226.251,-21666.5,60.0218,0.386524
10485000,64,269.742,-21676.1,74.7556,0.388233
10500000,61,260.311,-21677.7,66.4617,0.416133
10515000,42,172.008,-21682,36.574,0.393978
10530000,57,244.751,-21670.6,56.7386,0.409967
10545000,52,219.547,-21623.4,53.5696,0.373714
10560000,53,230.241,-21645.5,64.1368,0.3674
10575000,45,182.32,-21694.9,48.0583,0.3886
10590000,69,285.562,-21625.6,64.6533,0.387067
10605000,66,292.652,-21625.5,49.1977,0.3994
10620000,63,272.717,-21625.1,64.7505,0.395667
10635000,53,222.639,-21632.7,53.1498,0.374067
10650000,61,244.462,-21628.7,48.8391,0.396733
10665000,66,301.498,-21635.1,77.25,0.383
10680000,46,190.145,-21704.9,48.4165,0.386124
10695000,59,265.636,-21638.9,48.743,0.384467
10710000,50,200.496,-21627.8,57.7485,0.379533
10725000,55,237.364,-21615.3,63.6954,0.3698
10740000,49,215.863,-21634,52.3001,0.380333
10755000,39,179.258,-21719.1,31.2914,0.396569
10770000,49,197.601,-21676.1,51.1257,0.389611
10785000,46,188.475,-21723.8,41.7366,0.386533
10800000,55,248.044,-21638.6,44.8754,0.368933
10815000,62,277.019,-21644.1,63.8497,0.3942
10830000,74,322.746,-21618.8,81.3797,0.405533
10845000,66,282.054,-21618.9,59.377,0.391733
10860000,70,308.34,-21616.5,70.3606,0.389733
10875000,70,295.315,-21628.5,67.4288,0.387267
10890000,68,281.717,-21600.4,74.8318,0.390533
10905000,76,325.08,-21621.9,81.2805,0.3904
10920000,68,291.999,-21620.3,67.9126,0.393733
10935000,63,278.902,-21618,52.0853,0.392333
10950000,56,241.684,-21626.2,59.256,0.3746
10965000,67,293.903,-21679.1,70.9702,0.385097
10980000,76,302.239,-21625.2,90.712,0.390933
10995000,82,345.35,-21618.3,69.2475,0.4048
11010000,77,336.261,-21598,81.7706,0.399
11025000,68,288.356,-21613.4,61.4621,0.405067
11040000,71,313.166,-21634.5,61.381,0.398733
11055000,68,297.99,-21637.3,63.4354,0.414867
11070000,67,281.345,-21622,79.154,0.392267
11085000,51,191.272,-21672.1,51.8146,0.393525
11100000,50,202.381,-21682.5,45.3898,0.396667
11115000,56,243.23,-21622.4,51.9583,0.379156
11130000,75,331.3,-21610.6,68.4142,0.386
11145000,76,328.297,-21607.7,83.5558,0.391267
11160000,71,293.949,-21594,76.0593,0.390533
11175000,80,348.405,-21607.7,78.519,0.3734
11190000,51,222.633,-21695.4,42.2465,0.382067
11205000,84,367.165,-21584.5,95.7585,0.399467
11220000,79,326.177,-21581.2,86.1806,0.391867
11235000,68,294.675,-21600.7,69.5593,0.383467
11250000,67,283.728,-21602.7,78.1804,0.366267
11265000,39,174.097,-21703.7,38.5267,0.374733
11280000,75,318.385,-21582,75.8693,0.3904
11295000,67,284.177,-21589.1,70.5352,0.396133
11310000,82,362.556,-21601.1,74.1201,0.394533
11325000,77,327.451,-21593.4,72.9191,0.392867
11340000,62,264.925,-21622.5,59.9839,0.3828
11355000,63,274.239,-21621.6,53.5555,0.377
11370000,58,252.999,-21625.4,46.1142,0.378333
11385000,60,253.771,-21624.9,73.6322,0.388933
11400000,66,271.686,-21681.2,70.9295,0.392833
11415000,66,284.779,-21675.3,64.451,0.400333
11430000,68,294.561,-21615,73.0975,0.390356
11445000,75,301.198,-21611.6,82.9653,0.384733
11460000,67,282.476,-21592.4,69.1494,0.391667
11475000,72,300.883,-21602.4,71.7244,0.388133
11490000,55,232.167,-21668.8,56.0146,0.40796
11505000,78,324.134,-21600.8,64.452,0.397233
11520000,98,417.962,-21609.4,81.8629,0.4222
11535000,86,360.236,-21624.7,90.8739,0.4144
11550000,65,296.513,-21669.2,63.2379,0.394109
11565000,80,335.698,-21654.6,97.0532,0.409067
11580000,65,259.729,-21605.5,67.6599,0.387556
11595000,57,237.384,-21639.2,58.9308,0.395956
11610000,68,273.096,-21658.9,66.8312,0.394933
11625000,64,260.114,-21648.7,66.5028,0.374378
11640000,47,154.666,-21646.7,42.2585,0.3814
11655000,63,268.957,-21665.8,76.5428,0.407822
11670000,74,318.601,-21687.2,81.1741,0.401257
11685000,63,277.421,-21687.9,63.3666,0.410333
11700000,55,246.151,-21680.8,53.4602,0.403733
11715000,55,240.858,-21636.1,59.7417,0.381667
11730000,47,199.529,-21645.2,39.6564,0.372667
11745000,62,264.601,-21621.8,60.0819,0.367
11760000,53,222.837,-21662.7,55.6244,0.391686
11775000,56,231.936,-21637.6,64.5361,0.382333
11790000,66,266.43,-21620,67.2742,0.3746
11805000,46,198.355,-21701.4,50.9134,0.393295
11820000,75,323.049,-21617.8,67.0831,0.391333
11835000,74,326.99,-21614.7,69.076,0.3948
11850000,72,312.596,-21609,65.5383,0.390467
11865000,70,301.282,-21622.4,72.4686,0.3904
11880000,73,326.151,-21618.2,70.0447,0.3956
11895000,71,270.909,-21611,75.5465,0.397467
11910000,56,249.851,-21679,55.0054,0.397753
11925000,64,275.428,-21603.8,61.5594,0.401567
11940000,72,316.783,-21632.8,69.7001,0.3888
11955000,65,276.896,-21671.4,66.0164,0.405222
11970000,59,255.658,-21649,65.5174,0.4032
11985000,56,254.492,-21677.6,51.8859,0.405133
12000000,52,225.751,-21692.8,50.7416,0.410933
12015000,54,232.692,-21658.7,60.4091,0.384173
12030000,57,241.357,-21672.7,57.6413,0.384267
12045000,38,162.421,-21706.3,28.5783,0.397133
12060000,58,257.582,-21631.8,58.5941,0.394444
12075000,56,241.243,-21694.2,65.8847,0.394489
12090000,64,289.86,-21656.6,67.1682,0.375767
12105000,56,243.103,-21628.6,44.1302,0.387
12120000,63,264.763,-21633,69.8183,0.376667
12135000,66,281.593,-21635.7,77.0339,0.394133
12150000,56,246.73,-21684,62.5573,0.3934
12165000,77,333.803,-21630.5,91.9132,0.3933
12180000,81,365.362,-21625,78.9908,0.402333
12195000,48,196.955,-21646.3,49.8479,0.387667
12210000,59,256.672,-21629.1,65.1183,0.389933
12225000,56,237.279,-21642.1,60.8954,0.3682
12240000,62,263.319,-21665.1,55.4311,0.397711
12255000,58,250.765,-21633.7,56.3989,0.3862
12270000,56,239.475,-21616.5,51.9305,0.3832
12285000,64,278.071,-21616.9,66.2014,0.391267
12300000,64,261.583,-21616.3,60.0751,0.389133
12315000,60,247.758,-21682.9,43.2824,0.384293
12330000,60,230.089,-21617.4,67.9847,0.380767
12345000,53,222.008,-21619.1,42.4454,0.3844
12360000,54,227.863,-21652.9,64.9204,0.3824
12375000,70,301.889,-21601,62.693,0.380867
12390000,62,235.142,-21680.2,62.4397,0.391067
12405000,82,344.77,-21626.7,88.8326,0.3862
12420000,84,389.706,-21602.8,86.2874,0.392467
12435000,42,169.327,-21680.8,47.6913,0.385178
12450000,48,191.386,-21664.2,43.0941,0.368533
12465000,66,289.154,-21631.1,59.8928,0.383311
12480000,79,355.328,-21628.3,69.3747,0.412
12495000,76,337.479,-21628.7,79.6672,0.406867
12510000,57,238.086,-21675.8,53.985,0.396583
12525000,74,331.011,-21624.9,70.7135,0.403033
12540000,70,307.914,-21649.8,75.3056,0.4066
12555000,71,295.741,-21648.9,71.6594,0.396267
12570000,69,298.885,-21621.6,78.821,0.393378
12585000,62,254.325,-21618.3,56.4938,0.383733
12600000,59,231.877,-21640.4,60.4757,0.393289
12615000,73,318.507,-21598,67.5466,0.3934
12630000,87,357.195,-21606.2,84.5618,0.407333
12645000,90,382.992,-21604.3,78.4892,0.407867
12660000,88,394.441,-21600.7,79.9165,0.411867
12675000,86,384.067,-21607.1,88.1086,0.4052
12690000,62,258.317,-21673.3,61.2479,0.403469
12705000,71,311.546,-21648.5,63.7658,0.401724
12720000,64,273.085,-21648.1,61.7638,0.412533
12735000,56,238.477,-21618.4,51.2829,0.392233
12750000,56,231.248,-21673.4,52.7464,0.373967
12765000,58,254.764,-21668.9,52.0906,0.401333
12780000,78,352.204,-21625.5,67.4999,0.399089
12795000,71,321.405,-21643.8,66.828,0.408067
12810000,53,226.835,-21631.9,56.1301,0.3904
12825000,56,245.956,-21654.5,54.3103,0.400217
12840000,53,232.038,-21643.6,48.2793,0.381867
12855000,49,203.306,-21699.7,49.1703,0.404061
12870000,54,240.726,-21658.7,56.6843,0.377167
12885000,53,232.105,-21655.2,47.5026,0.3838
12900000,47,205.395,-21648.9,50.464,0.374567
12915000,46,209.294,-21680.9,37.655,0.379933
12930000,51,207.641,-21670,53.8051,0.389133
12945000,59,243.991,-21669.8,61.3709,0.3932
12960000,53,224.907,-21673.1,39.0776,0.3876
12975000,39,156.966,-21677.5,35.6418,0.365017
12990000,57,245.238,-21658.1,65.1805,0.3899
13005000,42,176.522,-21674.5,52.0336,0.3726
13020000,45,195.414,-21669.2,51.8295,0.375333
13035000,60,255.268,-21655.1,52.0252,0.4088
13050000,51,215.662,-21670.1,44.8228,0.384333
13065000,60,262.721,-21658.5,65.2807,0.377867
13080000,56,227.485,-21682.9,54.0504,0.387893
13095000,65,289.35,-21684,54.6024,0.391733
13110000,60,268.62,-21671.5,62.6155,0.4196
13125000,63,268.988,-21675.3,59.5559,0.401433
13140000,64,284.327,-21667.9,58.8005,0.4108
13155000,54,218.802,-21659.3,47.658,0.393933
13170000,52,225.689,-21659.4,57.8995,0.395778
13185000,56,242.226,-21660.9,75.9719,0.3873
13200000,63,262.251,-21658.9,61.5543,0.401467
13215000,73,314.68,-21652.4,67.5572,0.4082
13230000,60,263.588,-21644,59.504,0.395578
13245000,58,251.559,-21661.7,55.739,0.3928
13260000,58,235.075,-21628.3,58.5532,0.387533
13275000,64,251.424,-21632.8,61.327,0.384333
13290000,49,199.23,-21677.9,49.4867,0.394213
13305000,64,275.833,-21652.6,67.0208,0.401444
13320000,65,277.851,-21654.6,79.2386,0.3944
13335000,64,273.575,-21679.4,62.7784,0.398533
13350000,64,257.59,-21645.1,62.3631,0.410178
13365000,78,329.262,-21631.7,81.3105,0.406267
13380000,63,268.28,-21666.7,57.709,0.399944
13395000,68,297.796,-21645.9,58.039,0.406833
13410000,55,233.944,-21652.8,51.9979,0.3998
13425000,63,280.205,-21664.6,73.8385,0.39732
13440000,73,317.652,-21661.1,55.0107,0.410933
13455000,83,373.783,-21674.1,75.2113,0.420933
13470000,69,291.425,-21665.4,81.605,0.415733
13485000,55,222.222,-21675.6,58.2016,0.410867
13500000,54,226.734,-21672.7,67.8119,0.402211
13515000,61,257.813,-21674.7,58.1955,0.398933
13530000,50,217.11,-21668.7,55.6193,0.3934
13545000,62,274.948,-21657.6,68.7866,0.402
13560000,46,198.298,-21677.6,50.1144,0.4074
13575000,39,171.33,-21687.5,42.6675,0.372133
13590000,55,218.967,-21690.1,60.2229,0.403014
13605000,45,181.225,-21714.5,38.3897,0.4042
13620000,55,244.869,-21652.3,45.138,0.383973
13635000,56,237.857,-21657.9,58.5342,0.374
13650000,51,215.909,-21682.4,49.6065,0.396093
13665000,57,234.331,-21666.2,60.0755,0.388033
13680000,71,319.892,-21634.8,62.985,0.397311
13695000,53,222.368,-21651.3,50.1686,0.389333
13710000,60,256.815,-21675.1,62.3604,0.407983
13725000,65,297.936,-21631.1,86.9672,0.381467
13740000,63,260.746,-21661.5,67.5993,0.4021
13755000,58,269.324,-21637.4,50.9086,0.396
13770000,56,253.443,-21654.1,54.5216,0.387133
13785000,71,299.986,-21635.2,69.8958,0.402467
13800000,68,295.766,-21612.6,71.0664,0.398267
13815000,54,223.333,-21676.3,48.4125,0.39262
13830000,67,280.6,-21666.6,66.0748,0.388333
13845000,69,303.711,-21608.8,84.4276,0.396533
13860000,70,317.251,-21612.7,89.4452,0.379333
13875000,52,219.428,-21680,44.3165,0.393217
13890000,60,256.533,-21658.4,64.6826,0.395783
13905000,63,273.321,-21657.7,61.8835,0.389844
13920000,58,244.724,-21651,57.789,0.394367
13935000,62,265.111,-21664.3,70.277,0.400867
13950000,51,216.043,-21701.5,45.6991,0.389413
13965000,45,192.249,-21696.3,55.2597,0.394533
13980000,53,231.37,-21643.6,56.2008,0.385267
13995000,41,184.806,-21675.5,37.4848,0.371933
14010000,48,210.613,-21651.1,46.3939,0.3867
14025000,58,250.934,-21649.7,53.3778,0.372267
14040000,49,208.31,-21687.5,53.5418,0.372933
14055000,49,205.697,-21686.2,52.3364,0.380867
14070000,49,231.099,-21699,44.9565,0.378333
14085000,57,248.076,-21670.7,69.3145,0.379933
14100000,50,222.496,-21676.2,47.0325,0.379667
14115000,53,245.087,-21692.9,42.5198,0.391133
14130000,52,216.147,-21674.7,40.3562,0.390233
14145000,65,269.745,-21651.9,64.4575,0.404067
14160000,59,256.562,-21668.3,69.5943,0.395711
14175000,53,216.764,-21651.6,42.6814,0.383833
14190000,56,248.591,-21641.6,63.874,0.372867
14205000,67,299.237,-21660.6,80.4664,0.391933
14220000,56,232.059,-21652.6,57.3015,0.388667
14235000,54,239.428,-21665.3,52.4028,0.3818
14250000,66,286.611,-21664.4,59.5799,0.3985
14265000,52,222.472,-21689.6,49.9701,0.4098
14280000,53,213.198,-21671.7,57.6853,0.386596
14295000,67,287.165,-21668,50.6443,0.3975
14310000,57,241.132,-21669.5,48.663,0.397267
14325000,46,186.953,-21676.3,44.9458,0.384467
14340000,55,229.767,-21671.7,59.5752,0.383114
14355000,66,296.062,-21674.5,62.2793,0.407333
14370000,45,191.376,-21671.5,50.5942,0.374289
14385000,53,237.474,-21663.2,57.2789,0.379711
14400000,47,198.485,-21668.4,40.2311,0.403467
14415000,48,205.769,-21681.2,44.4999,0.386
14430000,59,256.115,-21657.4,51.8721,0.399333
14445000,64,277.143,-21679.1,61.8603,0.38604
14460000,69,291.952,-21670.2,64.1713,0.410067
14475000,59,267.212,-21644.6,66.2984,0.3922
14490000,55,232.282,-21661.1,56.8741,0.395667
14505000,61,249.924,-21677.1,66.0423,0.398293
14520000,55,239.514,-21630.4,57.8096,0.393978
14535000,70,300.01,-21634.6,49.3788,0.383933
14550000,74,315.989,-21613.8,68.4343,0.4036
14565000,74,323.111,-21601.7,78.6247,0.3946
14580000,72,318.301,-21611.7,81.0419,0.3952
14595000,86,354.464,-21645.7,85.0942,0.399333
14610000,74,303.791,-21628.9,86.7586,0.413
14625000,64,275.289,-21629.9,61.8164,0.391467
14640000,59,260.746,-21641.7,46.8935,0.393933
14655000,57,245.638,-21668,65.8003,0.390412
14670000,70,301.636,-21628.9,67.0976,0.389467
14685000,68,284.914,-21624.6,61.0398,0.393133
14700000,63,261.053,-21648.3,54.5468,0.399467
14715000,59,249.859,-21632.9,54.3292,0.39
14730000,58,236.537,-21626.8,62.5435,0.386067
14745000,62,260.839,-21633.8,65.2309,0.383667
14760000,74,318.146,-21609.3,76.5484,0.389867
14775000,75,299.934,-21606.4,80.799,0.3846
14790000,75,300.273,-21622.1,77.4738,0.387933
14805000,58,242.65,-21652.9,59.9719,0.39186
14820000,70,290,-21649.7,55.8138,0.391667
14835000,55,236.201,-21652.7,56.5072,0.391067
14850000,48,207.123,-21672.2,43.7741,0.380689
14865000,50,220.604,-21701.5,47.8071,0.3916
14880000,48,204.877,-21677.2,54.5634,0.367767
14895000,46,193.619,-21706.5,48.9619,0.3853
14910000,54,233.864,-21650.2,61.6544,0.388233
14925000,49,215.287,-21653.3,50.5459,0.387356
14940000,53,223.454,-21653.5,48.9567,0.392
14955000,56,247.87,-21664.2,67.147,0.395267
14970000,55,228.251,-21660.6,53.3386,0.397733
14985000,54,232.473,-21635.8,72.7392,0.3806
15000000,67,289.437,-21654.1,79.319,0.3886
15015000,61,264.456,-21702.1,66.2343,0.3996
15030000,47,205.858,-21680.9,43.1822,0.381067
15045000,41,166.63,-21717.1,42.6376,0.397633
15060000,40,177.594,-21663.6,50.631,0.359067
15075000,50,223.608,-21656.4,41.7705,0.3502
15090000,45,184.095,-21674.9,39.1179,0.383242
15105000,34,136.026,-21714.4,37.458,0.3818
15120000,57,249.729,-21667.1,63.4704,0.378933
15135000,55,230.53,-21656.5,54.3636,0.363667
15150000,44,185.55,-21697.9,49.8516,0.378044
15165000,47,200.771,-21686.8,50.001,0.389533
15180000,49,214.553,-21674.9,42.084,0.377017
15195000,62,257.451,-21632.9,64.0391,0.3602
15210000,65,294.128,-21645.1,70.5857,0.393667
15225000,48,202.001,-21686.4,46.2661,0.378067
15240000,50,224.827,-21683.6,45.7717,0.395147
15255000,72,307.668,-21604.6,74.3628,0.377733
15270000,66,271.314,-21680.5,70.3429,0.404133
15285000,72,313.782,-21656.4,75.641,0.425
15300000,62,250.942,-21633.6,51.3143,0.382311
15315000,57,226.887,-21662.2,58.7927,0.3992
15330000,66,272.009,-21605,68.9067,0.371033
15345000,61,263.389,-21656,57.7431,0.391733
15360000,60,246.726,-21603.6,67.9883,0.3775
15375000,68,294.362,-21662,55.9208,0.406533
15390000,52,217.872,-21656.8,50.7453,0.390152
15405000,55,246.364,-21647,55.4342,0.365022
15420000,48,197.896,-21669.6,41.5578,0.382067
15435000,57,257.678,-21657.2,49.9235,0.399567
15450000,58,258.626,-21622,59.4572,0.386511
15465000,53,233.69,-21634.2,53.6154,0.378333
15480000,60,267.554,-21615.4,71.1857,0.375333
15495000,60,280.335,-21640.4,62.5007,0.402733
15510000,68,308.297,-21629.6,86.0997,0.400467
15525000,50,222.571,-21637.7,72.6915,0.394
15540000,52,206.957,-21675.6,50.8908,0.392381
15555000,45,189.468,-21684.5,42.905,0.405067
15570000,41,168.088,-21683.9,44.0927,0.383867
15585000,60,257.856,-21642.8,57.6304,0.377483
15600000,58,255.171,-21663.4,65.4364,0.374411
15615000,58,251.88,-21647.5,62.1375,0.3846
15630000,58,244.414,-21643.4,49.8897,0.395467
15645000,53,214.008,-21676,53.8283,0.380022
15660000,74,317.074,-21612.5,83.0583,0.382227
15675000,76,344.853,-21616.9,87.6135,0.394667
15690000,69,303.042,-21625,64.5799,0.3962
15705000,56,236.103,-21711.1,53.162,0.38705
15720000,44,175.926,-21694.8,45.1805,0.387333
15735000,68,287.207,-21615,50.487,0.384156
15750000,63,259.061,-21630.4,59.4087,0.390667
15765000,42,186.309,-21684.9,47.7099,0.378378
15780000,63,267.314,-21638.7,46.9847,0.377
15795000,52,215.716,-21623.6,51.3019,0.387867
15810000,63,273.06,-21667,66.1383,0.391378
15825000,62,275.837,-21619.1,50.4841,0.383867
15840000,61,264.635,-21659.8,55.8931,0.4014
15855000,54,226.674,-21640.8,39.9951,0.374667
15870000,56,240.006,-21678.2,56.8384,0.4038
15885000,55,230.376,-21656,59.8861,0.379467
15900000,50,213.017,-21669.8,46.3596,0.3942
15915000,52,218.789,-21675.6,51.0983,0.377333
15930000,58,247.682,-21655,62.1912,0.4064
15945000,65,285.813,-21648.8,64.0462,0.408733
15960000,57,235.481,-21649.2,48.947,0.3844
15975000,67,282.757,-21638.8,70.6098,0.3859
15990000,65,264.26,-21638.4,62.8848,0.392733
16005000,80,345.959,-21622.9,84.6996,0.426267
16020000,74,345.327,-21632.5,72.0008,0.4056
16035000,49,195.664,-21668.8,66.7816,0.388017
16050000,44,190.234,-21685,48.9041,0.390522
16065000,72,326.846,-21594.7,72.407,0.387067
16080000,91,410.985,-21599.2,96.1538,0.398
16095000,74,328.811,-21606.5,75.0869,0.397733
16110000,83,368.492,-21594.5,89.9855,0.407
16125000,68,307.248,-21637.6,84.1411,0.3878
16140000,69,295.677,-21635.3,81.2554,0.4046
16155000,76,334.915,-21595.7,69.4558,0.399022
16170000,60,250.781,-21619.1,52.6513,0.3864
16185000,56,243.319,-21674.9,58.8785,0.397453
16200000,69,319.514,-21632.2,71.0708,0.39505
16215000,66,287.742,-21633.9,57.2639,0.389333
16230000,62,262.378,-21612.9,62.9159,0.3792
16245000,64,275.149,-21651.5,65.0534,0.3932
16260000,68,289.412,-21612.1,68.4773,0.368267
16275000,68,306.187,-21645.2,71.4008,0.38645
16290000,81,357.731,-21654.8,88.5447,0.3992
16305000,78,343.523,-21638.3,83.08,0.4146
16320000,74,311.27,-21635.4,69.858,0.407213
16335000,82,334.47,-21628.6,79.5024,0.407
16350000,76,323.884,-21641.1,69.0455,0.404333
16365000,67,274.88,-21634.5,61.2628,0.400067
16380000,66,275.205,-21656,55.7405,0.393325
16395000,65,259.736,-21674.8,59.0583,0.41316
16410000,73,315.872,-21666.9,86.3128,0.3882
16425000,68,279.062,-21632.3,68.9,0.4086
16440000,71,297.33,-21649.9,64.5278,0.4056
16455000,72,304.826,-21650.5,61.7733,0.401822
16470000,61,262.641,-21676.3,74.7637,0.393019
16485000,59,262.422,-21644.3,63.5359,0.3962
16500000,63,279.125,-21643,60.2563,0.385867
16515000,62,267.532,-21664.6,59.9377,0.401733
16530000,71,289.949,-21675.8,80.1728,0.400589
16545000,66,279.156,-21658.2,69.6028,0.402867
16560000,59,252.466,-21692.4,60.7389,0.3986
16575000,67,276.625,-21646.8,70.0757,0.390433
16590000,62,259.119,-21645.3,52.7987,0.394333
16605000,55,227.027,-21664.4,44.7121,0.3988
16620000,62,250.652,-21647.7,52.8432,0.404133
16635000,54,229.303,-21658.6,62.8315,0.400067
16650000,60,262.063,-21664.7,65.1991,0.391467
16665000,58,257.214,-21651.7,58.2412,0.403933
16680000,52,237.434,-21672,59.0965,0.391908
16695000,64,272.188,-21671,64.7808,0.388076
16710000,58,260.128,-21663,46.5108,0.4086
16725000,44,191.373,-21667,48.0539,0.3978
16740000,45,184.067,-21690.7,44.5364,0.399173
16755000,49,205.928,-21677.6,40.8637,0.386573
16770000,64,278.783,-21647.4,70.9552,0.392867
16785000,74,315.34,-21645,81.5392,0.412333
16800000,65,268.384,-21644.2,56.2379,0.391
16815000,57,246.441,-21656.5,64.2241,0.390167
16830000,65,286.025,-21671.2,50.9742,0.393967
16845000,68,287.207,-21654.7,66.1413,0.405867
16860000,54,240.356,-21648.2,61.259,0.403833
16875000,69,295.479,-21629.7,64.5602,0.3852
16890000,69,301.93,-21628.1,78.8176,0.3946
16905000,51,215.455,-21667,47.9302,0.381083
16920000,71,302.76,-21634.1,76.1395,0.3948
16935000,58,251.991,-21666.7,64.2631,0.3877
16950000,65,251.877,-21628.1,58.7368,0.406467
16965000,67,285.292,-21634.5,71.0923,0.393667
16980000,57,231.014,-21665,62.7614,0.392307
16995000,59,251.06,-21657.5,66.1313,0.392133
17010000,80,326.825,-21656.9,86.4381,0.3902
17025000,69,266.009,-21650.5,91.0847,0.406867
17040000,70,300.055,-21639.5,65.2747,0.400933
17055000,68,290.336,-21637.7,67.1509,0.405933
17070000,66,280.42,-21656.8,73.0941,0.40372
17085000,56,237.073,-21627.1,50.827,0.399367
17100000,52,221.794,-21685.2,49.2242,0.393767
17115000,49,213.182,-21673.8,50.4304,0.399267
17130000,55,216.402,-21647.9,50.4491,0.386711
17145000,49,202.607,-21668.1,46.0937,0.3842
17160000,49,216.847,-21652.2,53.1779,0.386667
17175000,44,183.963,-21655.6,49.058,0.385533
17190000,44,188.997,-21652.6,49.7091,0.367533
17205000,49,208.825,-21675.2,47.8605,0.383067
17220000,47,186.416,-21710,44.6509,0.388537
17235000,62,284.717,-21653,65.3177,0.386711
17250000,62,268.646,-21640.3,56.9363,0.396689
17265000,52,219.65,-21715.1,59.9719,0.398089
17280000,49,196.124,-21664.6,51.7828,0.388222
17295000,51,218.93,-21686.6,39.9226,0.406667
17310000,56,244.234,-21661.5,46.8901,0.394233
17325000,56,242.301,-21699.3,54.6683,0.40272
17340000,60,258.392,-21633.7,55.3435,0.4027
17355000,51,221.668,-21645.7,54.9892,0.388133
17370000,50,229.753,-21654.4,38.0465,0.385
17385000,47,197.634,-21694.6,48.8754,0.395367
17400000,59,249.339,-21643.9,54.0591,0.386667
17415000,65,275.808,-21663.9,73.9021,0.399892
17430000,66,285.71,-21672.1,61.1444,0.409933
17445000,60,252.492,-21656.4,55.691,0.391378
17460000,53,224.483,-21659.9,50.9671,0.398567
17475000,59,225.127,-21672.9,54.5941,0.396267
17490000,48,214.01,-21651.2,51.3271,0.380511
17505000,46,190.518,-21657.1,46.834,0.375467
17520000,40,161.076,-21689.1,36.2756,0.380467
17535000,55,246.675,-21697.5,54.5371,0.387667
17550000,49,199.962,-21649.1,55.6653,0.379
17565000,36,151.792,-21724.7,32.456,0.386506
17580000,67,277.032,-21651.1,46.4988,0.389733
17595000,61,258.634,-21635,62.725,0.409133
17610000,57,231.561,-21678.5,56.6946,0.396693
17625000,70,286.838,-21631.1,87.2794,0.388133
17640000,62,275.029,-21682,59.1022,0.407667
17655000,63,270.179,-21629,55.6419,0.4011
17670000,67,299.976,-21666.9,67.1432,0.415867
17685000,59,245.585,-21641.6,55.7843,0.387367
17700000,39,178.312,-21716.5,32.0198,0.381889
17715000,53,215.72,-21680.7,53.5427,0.400489
17730000,61,246.466,-21647.3,66.7748,0.396178
17745000,54,218.966,-21655.7,49.084,0.3756
17760000,65,266.713,-21651.5,66.309,0.396067
17775000,67,292.567,-21638.4,64.0971,0.412133
17790000,64,270.648,-21634,74.2942,0.3916
17805000,75,334.851,-21628,61.5128,0.397467
17820000,54,237.662,-21652.5,60.0311,0.391533
17835000,53,219.5,-21652.4,66.3943,0.389867
17850000,52,232.509,-21715.4,49.2622,0.382187
17865000,58,241.192,-21676.7,62.5343,0.399833
17880000,51,215.168,-21686.9,45.5377,0.396133
17895000,49,195.492,-21647.7,49.6838,0.3771
17910000,63,290.862,-21654.6,64.9937,0.394033
17925000,62,260.665,-21650.9,59.9534,0.3976
17940000,80,344.255,-21645.7,85.9837,0.3986
17955000,75,323.278,-21640.4,69.9772,0.396933
17970000,61,259.66,-21636.2,62.3022,0.393867
17985000,49,196.308,-21666.5,39.1383,0.380844
18000000,71,306.138,-21662.4,76.5997,0.3857
18015000,68,296.887,-21644.5,60.1993,0.3976
18030000,61,262.776,-21639.2,65.3797,0.392
18045000,46,205.155,-21668.7,40.984,0.3757
18060000,65,285.101,-21661.8,62.2131,0.38835
18075000,40,171.264,-21656,38.9616,0.365233
18090000,59,253.782,-21653.5,64.6806,0.395133
18105000,64,275.699,-21639,61.6894,0.4018
18120000,63,259.645,-21628.7,68.0949,0.401667
18135000,52,223.605,-21653.8,54.9865,0.37476
18150000,57,243.425,-21661.3,70.5329,0.3752
18165000,49,196.209,-21638.2,44.255,0.3713
18180000,66,281.266,-21647.5,65.9249,0.389267
18195000,53,231.495,-21639.6,42.2032,0.398467
18210000,54,232.052,-21659.1,51.3099,0.393867
18225000,51,220.507,-21659.8,48.7598,0.372117
18240000,58,263.679,-21676.2,65.8982,0.401267
18255000,58,246.098,-21667.8,57.719,0.4092
18270000,57,230.992,-21679.5,55.2865,0.387333
18285000,51,213.548,-21641.7,52.7485,0.386833
18300000,45,199.45,-21674.9,55.081,0.37988
18315000,58,238.309,-21653,54.0786,0.3885
18330000,59,253.273,-21652.3,71.2923,0.397
18345000,56,235.782,-21640.4,60.8322,0.364667
18360000,50,204.411,-21674.4,40.9109,0.393733
18375000,45,192.318,-21659.9,41.3397,0.384533
18390000,69,286.689,-21627.8,62.2513,0.3878
18405000,63,289.712,-21676.5,48.6118,0.389533
18420000,51,220.159,-21673.7,47.8063,0.38122
18435000,62,257.756,-21618.7,56.767,0.380178
18450000,59,254.923,-21634,70.199,0.388067
18465000,44,185.418,-21670.8,44.9113,0.373378
18480000,36,159.539,-21671.5,41.6783,0.3614
18495000,71,301.418,-21648.4,71.9678,0.392844
18510000,62,276.581,-21676.6,63.5901,0.39
18525000,55,219.565,-21677.3,47.81,0.3984
18540000,52,217.297,-21671.6,51.3929,0.3861
18555000,39,161.936,-21687.2,36.1041,0.395167
18570000,48,200.4,-21650.6,48.3783,0.3709
18585000,60,249.769,-21661,67.3436,0.3836
18600000,50,218.949,-21675.8,47.3464,0.377111
18615000,63,274.62,-21666.1,54.6465,0.385
18630000,53,222.705,-21655.4,55.5845,0.379733
18645000,54,207.074,-21660.3,49.6513,0.379
18660000,57,247.369,-21663.5,54.2657,0.395333
18675000,50,203.113,-21682.2,50.8938,0.3964
18690000,53,228.089,-21654,61.8471,0.388728
18705000,55,235.904,-21665.8,47.6588,0.388733
18720000,46,194.322,-21673.5,44.085,0.3818
18735000,60,258.075,-21673.1,51.8161,0.397667
18750000,54,231.763,-21674.6,46.4209,0.403733
18765000,52,231.731,-21676.2,51.9711,0.397467
18780000,49,211.807,-21680,40.9793,0.39548
18795000,60,239.89,-21679.6,72.9282,0.3867
18810000,45,186.08,-21678.8,36.6534,0.381933
18825000,50,213.781,-21675,45.537,0.36558
18840000,42,183.299,-21679.4,43.7096,0.38165
18855000,57,231.166,-21670.4,48.8732,0.381378
18870000,50,215.441,-21681.9,51.5947,0.3862
18885000,63,266.366,-21663.7,70.7159,0.399967
18900000,53,223.369,-21688,48.0423,0.391067
18915000,51,212.219,-21674.7,37.5282,0.3908
18930000,53,215.367,-21655.6,54.2442,0.3852
18945000,62,261.568,-21676,60.0817,0.382
18960000,60,243.01,-21698.3,69.5344,0.378383
18975000,53,233.644,-21639.7,47.7943,0.377867
18990000,52,217.778,-21650.5,45.6519,0.3822
19005000,72,320.799,-21663.1,73.6283,0.388778
19020000,71,309.613,-21660.4,58.6825,0.4134
19035000,61,254.901,-21656.5,58.3288,0.396844
19050000,67,281.522,-21672,64.2052,0.415333
19065000,59,244.019,-21680.5,63.576,0.4022
19080000,48,202.395,-21677.6,45.9283,0.367125
19095000,55,235.172,-21655.6,63.4982,0.3836
19110000,62,274.51,-21679,57.0539,0.395644
19125000,44,180.197,-21685.4,48.31,0.358178
19140000,50,212.614,-21681.4,65.0456,0.381267
19155000,53,218.022,-21652.2,44.1603,0.379717
19170000,47,201.677,-21660,48.6058,0.364978
19185000,48,199.805,-21667.4,33.9474,0.3742
19200000,54,227.296,-21662.3,74.1025,0.386422
19215000,47,175.92,-21684.4,54.1265,0.377467
19230000,50,212.896,-21671.7,48.5978,0.381333
19245000,64,264.134,-21652.4,38.273,0.392133
19260000,55,243.188,-21675.2,57.7869,0.376267
19275000,73,314.827,-21630.5,71.2507,0.396919
19290000,72,300.336,-21638.5,63.3266,0.4142
19305000,75,322.336,-21620.2,80.9913,0.384017
19320000,64,268.131,-21636.9,61.1322,0.399067
19335000,64,258.068,-21619.6,76.1514,0.3916
19350000,68,311.042,-21615.6,57.7843,0.393356
19365000,80,340.957,-21614.9,82.298,0.401333
19380000,67,274.772,-21619.4,70.3369,0.404533
19395000,69,289.92,-21625.6,75.5866,0.386533
19410000,66,276.571,-21607.9,60.7211,0.395267
19425000,70,294.83,-21630,65.6155,0.4004
19440000,65,272.326,-21613.3,66.9628,0.399267
19455000,65,269.548,-21621.3,57.8839,0.39
19470000,47,200.075,-21695.1,44.5357,0.395578
19485000,73,312.479,-21617.2,85.0057,0.394567
19500000,62,272.26,-21602.4,62.1787,0.378267
19515000,83,356.033,-21625.2,80.4738,0.388133
19530000,74,299.268,-21620.8,62.5371,0.383667
19545000,72,306.333,-21626.1,63.9389,0.399733
19560000,69,303.87,-21608.9,71.318,0.403133
19575000,69,320.759,-21622.8,72.7848,0.401333
19590000,64,281.172,-21620.3,61.2004,0.394
19605000,70,304.533,-21673.4,64.2704,0.393015
19620000,68,292.187,-21645.7,64.3778,0.393767
19635000,68,290.38,-21629.6,74.3368,0.3926
19650000,62,258.272,-21621.8,69.1968,0.3996
19665000,56,225.421,-21675.1,58.0992,0.406833
19680000,70,304.609,-21645,73.6955,0.393367
19695000,64,291.307,-21629.8,70.6595,0.4106
19710000,55,236.807,-21673.3,53.0972,0.399533
19725000,64,292.283,-21639.8,65.2644,0.3829
19740000,70,308.606,-21617.9,70.9534,0.395667
19755000,71,296.957,-21599.9,71.733,0.391333
19770000,64,289.226,-21676,54.5871,0.39225
19785000,71,323.14,-21614.7,77.5285,0.399
19800000,76,336.167,-21624,77.1794,0.403467
19815000,64,284.581,-21622,63.9699,0.389867
19830000,67,307.572,-21609,66.9479,0.3916
19845000,67,296.714,-21610.5,69.1258,0.378067
19860000,56,249.149,-21608.5,54.9734,0.3782
19875000,53,226.5,-21693.3,53.5838,0.407333
19890000,45,196.962,-21676,35.3812,0.400933
19905000,66,271.682,-21608.8,75.3354,0.376089
19920000,71,306.797,-21631,70.4433,0.3824
19935000,66,279.016,-21628.5,72.177,0.402533
19950000,65,281.014,-21641.6,70.9532,0.3956
19965000,68,304.094,-21651.6,70.9852,0.401267
19980000,62,254.75,-21664.7,63.7129,0.403233
19995000,67,275.384,-21657.9,79.2143,0.407667
20010000,69,306.184,-21660,60.9471,0.420467
20025000,48,205.776,-21672.8,54.446,0.385037
20040000,69,280.736,-21644.2,69.1984,0.386347
20055000,75,303.86,-21658.7,70.3104,0.409356
20070000,61,251.425,-21634.4,67.0701,0.3996
20085000,68,295.224,-21624.3,61.3298,0.39945
20100000,64,266.248,-21648.2,74.1787,0.397533
20115000,74,311.664,-21640.7,80.9126,0.412933
20130000,74,323.112,-21651,75.973,0.409733
20145000,73,318.828,-21644.3,66.4547,0.404667
20160000,78,323.121,-21608.8,86.3623,0.37755
20175000,71,300.953,-21629.1,64.2724,0.396867
20190000,70,298.922,-21645,65.0188,0.411076
20205000,60,267.588,-21659.3,66.3791,0.396267
20220000,68,283.043,-21611.1,64.5403,0.388822
20235000,63,282.184,-21616.3,64.3216,0.3824
20250000,53,224.198,-21613.4,53.1413,0.376
20265000,56,218.497,-21674.9,61.5049,0.401375
20280000,65,292.298,-21642.5,73.3438,0.38644
20295000,68,280.714,-21656,71.1437,0.378978
20310000,77,344.338,-21647,69.8901,0.4068
20325000,63,279.155,-21645.7,61.224,0.4078
20340000,72,295.696,-21642.2,67.6937,0.397311
20355000,82,358.543,-21617.2,84.4246,0.407667
20370000,75,329.898,-21627.6,65.6816,0.408933
20385000,60,260.999,-21642.2,48.6696,0.3917
20400000,63,259.09,-21621.3,64.6116,0.3962
20415000,55,242.983,-21652.1,56.5149,0.392933
20430000,55,237.451,-21653.1,49.4895,0.3828
20445000,49,202.508,-21649.8,49.0875,0.385733
20460000,71,291.504,-21621.2,76.726,0.400421
20475000,68,296.558,-21638.3,69.4596,0.404
20490000,70,284.612,-21635.8,47.8789,0.399533
20505000,60,239.409,-21651.5,58.2669,0.410533
20520000,61,252.569,-21652.3,74.8516,0.385467
20535000,62,274.138,-21657.2,49.4075,0.398267
20550000,51,211.361,-21629,53.7497,0.377429
20565000,60,272.029,-21635.6,62.6138,0.4103
20580000,62,252.564,-21642.2,72.0187,0.385833
20595000,60,264.692,-21644.5,64.7209,0.3937
20610000,52,220.351,-21635.6,57.4528,0.380567
20625000,59,268.01,-21640.5,57.6952,0.388298
20640000,61,283.383,-21644.3,66.5789,0.3982
20655000,49,209.881,-21662.9,52.8185,0.390867
20670000,58,259.295,-21628.2,65.185,0.384733
20685000,60,262.85,-21642.6,67.1545,0.3894
20700000,49,199.896,-21641.1,54.3172,0.377778
20715000,68,289.234,-21641.7,78.516,0.393067
20730000,76,333.982,-21617.3,78.9009,0.407933
20745000,77,352.892,-21633.5,69.3495,0.406267
20760000,65,301.753,-21636.5,59.5921,0.411267
20775000,80,358.537,-21642.1,87.4506,0.4038
20790000,72,323.046,-21652.1,84.5046,0.400036
20805000,51,210.408,-21668.6,47.4325,0.406567
20820000,54,225.688,-21652.3,61.1132,0.367475
20835000,51,215.626,-21662.7,69.2427,0.3906
20850000,52,219.985,-21651.1,54.9032,0.375
20865000,55,245.726,-21668.7,53.8471,0.401533
20880000,62,257.402,-21666.6,59.0044,0.384967
20895000,57,252.988,-21665,50.4835,0.395433
20910000,64,266.861,-21655.1,63.2158,0.4079
20925000,61,255.999,-21645.1,51.7821,0.398867
20940000,79,321.982,-21636.3,73.6712,0.397733
20955000,82,340.932,-21648.7,79.9941,0.406
20970000,77,329.649,-21655.6,73.9291,0.40448
20985000,61,248.409,-21664.6,63.7459,0.391744
21000000,73,306.605,-21672.1,88.2953,0.423933
21015000,48,207.351,-21680.8,52.0457,0.3855
21030000,71,292.503,-21662.2,66.0101,0.415067
21045000,57,249.284,-21667.2,55.8063,0.411133
21060000,56,244.702,-21666,67.8591,0.409333
21075000,57,229.579,-21666,58.172,0.392583
21090000,52,224.095,-21649.7,59.3938,0.4
21105000,62,292.17,-21649.4,78.7291,0.391333
21120000,53,216.59,-21688,43.7753,0.389756
21135000,67,285.509,-21637.4,75.8269,0.412133
21150000,55,250.192,-21674.2,57.891,0.399626
21165000,67,265.73,-21655.2,70.2673,0.407367
21180000,64,268.648,-21625.3,64.788,0.412533
21195000,55,230.699,-21658.7,46.9534,0.383973
21210000,65,282.098,-21642.7,79.645,0.3885
21225000,59,256.224,-21647,57.8326,0.4024
21240000,57,257.338,-21635.9,60.8004,0.400067
21255000,64,271.037,-21642.7,79.2325,0.395933
21270000,52,212.474,-21663.3,55.9115,0.39344
21285000,55,229.044,-21663.8,43.5963,0.400629
21300000,59,250.43,-21659.4,48.2807,0.400044
21315000,57,239.137,-21631.4,69.0189,0.3996
21330000,55,241.976,-21655.3,60.1776,0.383689
21345000,61,268.465,-21641.1,64.9047,0.3997
21360000,59,258.603,-21664.8,57.2332,0.382867
21375000,61,269.144,-21646,64.6517,0.40699
21390000,62,276.859,-21652.4,48.6248,0.380911
21405000,63,246.929,-21674.2,64.2503,0.392733
21420000,65,293.134,-21673.1,75.1013,0.402111
21435000,62,267.92,-21656,45.9101,0.411333
21450000,71,299.449,-21646.3,72.0661,0.401333
21465000,82,332.487,-21629.5,88.0905,0.419467
21480000,86,388.155,-21630,85.4834,0.417267
21495000,69,297.138,-21643.9,72.9868,0.417133
21510000,54,236.464,-21684.7,48.352,0.390581
21525000,57,236.78,-21690,55.3898,0.401133
21540000,60,264.609,-21678.5,43.0366,0.401733
21555000,65,283.841,-21680.5,56.6612,0.386031
21570000,59,259.95,-21682.3,50.3413,0.408733
21585000,74,327.33,-21683.9,55.698,0.4066
21600000,63,277.43,-21641.5,69.342,0.405019
21615000,68,288.843,-21638.5,64.9363,0.396
21630000,55,233.904,-21704.4,39.0331,0.407156
21645000,58,260.659,-21664.8,55.9819,0.3935
21660000,67,277.327,-21658.8,68.1492,0.395556
21675000,45,184.346,-21681,39.145,0.392956
21690000,60,245.351,-21643.7,71.0969,0.401933
21705000,65,284.251,-21646.6,67.4902,0.394467
21720000,62,277.142,-21662.7,51.8168,0.401
21735000,65,280.375,-21640.6,61.3226,0.396
21750000,73,324.936,-21640.9,69.8588,0.396333
21765000,61,273.864,-21671.6,74.4719,0.418644
21780000,82,344.934,-21650.2,81.9277,0.419167
21795000,51,232.666,-21675.1,45.5929,0.398933
21810000,74,320.409,-21643.3,46.6425,0.408967
21825000,72,309.428,-21648.2,70.7642,0.393733
21840000,72,315.592,-21641.8,79.1068,0.407933
21855000,68,290.873,-21622.1,69.4895,0.401
21870000,74,307.939,-21610.9,78.0967,0.403333
21885000,83,354.552,-21636.1,92.5479,0.409067
21900000,87,385.576,-21623.3,74.3687,0.415867
21915000,81,354.047,-21614.4,77.2283,0.408867
21930000,87,369.07,-21626.2,76.4378,0.4124
21945000,51,214.825,-21670,45.4267,0.39084
21960000,73,311.098,-21616.7,77.1449,0.4133
21975000,67,284.461,-21624.3,68.6709,0.396933
21990000,56,244.335,-21679.4,58.4797,0.407835
22005000,60,258.725,-21663.8,55.9739,0.392867
22020000,59,240.081,-21649.8,53.5534,0.397733
22035000,51,210.379,-21664.2,39.1721,0.387933
22050000,57,231.353,-21684.9,77.492,0.3894
22065000,61,245.859,-21663.1,70.3466,0.393133
22080000,75,311.366,-21648.9,76.3948,0.400533
22095000,79,346.457,-21637.2,88.0636,0.412667
22110000,81,361.928,-21644.8,80.2602,0.413533
22125000,67,287.073,-21658.5,68.7351,0.400467
22140000,73,290.993,-21635,81.4767,0.4099
22155000,72,308.943,-21649.4,74.7414,0.4184
22170000,57,237.639,-21660,63.7352,0.406467
22185000,66,283.642,-21621,68.8798,0.39685
22200000,57,234.346,-21626.6,53.2735,0.384267
22215000,69,297.576,-21647,70.0487,0.391156
22230000,54,219.678,-21642.7,63.2278,0.3964
22245000,50,210.78,-21655.2,52.5268,0.378467
22260000,47,200.746,-21649.2,46.8455,0.369067
22275000,61,267.089,-21641.1,57.8608,0.393467
22290000,71,302.879,-21639.9,71.2416,0.396733
22305000,56,239.945,-21661.9,65.142,0.380533
22320000,52,215.038,-21648.4,44.3314,0.401267
22335000,50,199.948,-21683.5,54.089,0.3982
22350000,70,304.319,-21655.8,56.9423,0.4004
22365000,70,304.654,-21656.1,76.1628,0.409267
22380000,58,265.29,-21631.7,51.4147,0.390267
22395000,63,277.935,-21680.4,59.4873,0.403017
22410000,70,309.011,-21627.9,66.1802,0.398167
22425000,45,182.383,-21682.5,36.2798,0.392057
22440000,49,207.274,-21694,49.1077,0.380733
22455000,71,310.781,-21669.9,68.737,0.401867
22470000,51,227.148,-21630.7,43.329,0.379083
22485000,58,239.88,-21655.3,43.4216,0.394667
22500000,58,274.347,-21646.8,53.0909,0.369433
22515000,67,305.184,-21674.8,65.0631,0.396
22530000,62,265.793,-21622.4,59.1143,0.387667
22545000,59,246.81,-21670.2,67.3838,0.417733
22560000,51,211.952,-21630.7,46.8696,0.389633
22575000,44,176.823,-21695,48.066,0.399133
22590000,68,311.248,-21645.2,84.6452,0.408844
22605000,64,273.439,-21644.3,62.055,0.404333
22620000,61,245.551,-21669.3,50.2628,0.395978
22635000,46,190.704,-21651.2,50.6708,0.374867
22650000,70,309.298,-21651.8,61.7099,0.395244
22665000,66,289.192,-21647.9,66.4379,0.410467
22680000,53,208.878,-21638.7,66.3486,0.373244
22695000,64,274.151,-21622.6,72.6964,0.414067
22710000,50,209.866,-21656.2,39.9852,0.397444
22725000,74,309.672,-21601,82.0122,0.399733
22740000,65,268.636,-21627.2,57.8435,0.406333
22755000,48,199.227,-21653.8,52.3583,0.36596
22770000,67,268.8,-21649.1,74.3087,0.398133
22785000,59,247.07,-21661.3,56.4476,0.377507
22800000,48,198.904,-21660.6,36.0009,0.381333
22815000,59,243.148,-21683,76.8491,0.384133
22830000,62,270.051,-21667,63.1796,0.398
22845000,63,267.669,-21648.6,60.1422,0.401013
22860000,60,253.692,-21638.2,67.2358,0.399
22875000,63,274.458,-21635.8,65.2673,0.389933
22890000,62,270.829,-21634.7,77.8734,0.401
22905000,74,323.93,-21649.9,67.2683,0.4086
22920000,69,309.067,-21621.2,69.2168,0.408733
22935000,76,331.065,-21657.3,64.1538,0.386806
22950000,70,299.687,-21642.9,71.2847,0.4038
22965000,71,325.534,-21651.7,72.3284,0.417
22980000,64,263.08,-21652.2,62.4647,0.404583
22995000,61,263.112,-21633.8,50.8358,0.400467
23010000,63,266.378,-21663.8,55.322,0.3988
23025000,62,266.353,-21649.2,63.856,0.394767
23040000,56,229.511,-21650.1,61.9784,0.388867
23055000,45,192.783,-21674.7,46.1411,0.383822
23070000,49,208.336,-21630.8,56.7196,0.385033
23085000,49,218.338,-21691.7,60.6503,0.380608
23100000,55,230.618,-21681.5,53.463,0.394
23115000,55,234.548,-21655.3,58.3486,0.396867
23130000,45,200.22,-21683.4,42.5704,0.3853
23145000,63,285.483,-21657.3,60.6999,0.4001
23160000,67,296.294,-21665.8,58.4263,0.407333
23175000,63,283.649,-21673.8,60.6676,0.405933
23190000,46,196.501,-21709.7,48.485,0.390607
23205000,66,281.417,-21659.6,63.4462,0.393933
23220000,47,196.084,-21659.8,43.1947,0.394267
23235000,65,275.415,-21663.4,53.9289,0.3946
23250000,61,274.131,-21673.9,62.4104,0.41
23265000,45,193.364,-21686.8,49.5341,0.39176
23280000,68,300.773,-21650,67.0948,0.416333
23295000,78,329.838,-21632.3,84.9554,0.413
23310000,80,342.585,-21659.1,74.9064,0.426133
23325000,74,334.872,-21656.8,77.1556,0.4138
23340000,49,207.022,-21699.9,45.8404,0.38359
23355000,49,197.257,-21685.4,40.9263,0.406
23370000,55,231.92,-21689.2,59.9261,0.395667
23385000,78,317.112,-21668.7,79.3767,0.406667
23400000,96,412.521,-21647.8,80.0348,0.427467
23415000,82,330.022,-21641.4,72.7852,0.4218
23430000,52,217.853,-21656.3,52.1273,0.39836
23445000,74,296.17,-21626.7,82.4363,0.423433
23460000,64,263.817,-21637.1,60.3684,0.4048
23475000,65,282.701,-21649.6,70.1799,0.396733
23490000,52,233.268,-21676.6,60.9852,0.404033
23505000,65,261.99,-21681,58.0761,0.4056
23520000,61,254.511,-21665.2,56.4076,0.4134
23535000,69,283.932,-21665.7,58.5264,0.4066
23550000,52,218.287,-21688.2,49.5001,0.412427
23565000,50,205.742,-21676,56.8268,0.402833
23580000,57,239.787,-21671.7,73.531,0.399138
23595000,47,197.23,-21684.8,48.0029,0.392711
23610000,52,213.748,-21667.6,65.527,0.395733
23625000,67,292.698,-21667.7,72.466,0.4098
23640000,53,231.487,-21641.3,62.6112,0.388467
23655000,67,270.833,-21668.2,50.1625,0.404767
23670000,55,228.626,-21659.8,48.0906,0.3928
23685000,66,297.944,-21660.5,64.1311,0.399289
23700000,49,209.159,-21676.2,33.5533,0.401067
23715000,61,269.213,-21672.2,63.8071,0.39386
23730000,71,315.591,-21652.8,78.7601,0.403933
23745000,68,307.081,-21644.9,77.3583,0.403867
23760000,65,284.837,-21656.1,62.411,0.406544
23775000,62,269.71,-21649.3,67.8272,0.398133
23790000,62,250.791,-21647.3,62.3541,0.3886
23805000,59,243.81,-21648.9,60.6628,0.4002
23820000,71,314.967,-21647.1,63.3587,0.404
23835000,63,266.1,-21656.3,61.8095,0.404933
23850000,73,322.627,-21641.5,69.5575,0.403867
23865000,60,257.611,-21648.1,58.224,0.402178
23880000,74,342.026,-21658.2,99.3849,0.4026
23895000,71,309.276,-21655,70.748,0.411156
23910000,60,253.883,-21649.8,67.3376,0.407533
23925000,62,260.413,-21648.4,58.1206,0.408467
23940000,70,294.012,-21652.1,71.5251,0.4024
23955000,66,276.865,-21658.5,57.2631,0.401286
23970000,71,310.681,-21638.2,79.1445,0.4063
23985000,71,306.903,-21634.6,70.3909,0.402
24000000,73,302.557,-21651.3,86.8443,0.418914
24015000,69,304.825,-21637.6,58.541,0.397233
24030000,52,234.283,-21658.9,49.9824,0.4034
24045000,61,262.763,-21669.2,66.4866,0.393944
24060000,51,218.293,-21663.4,48.6558,0.3931
24075000,61,257.36,-21645.9,69.1552,0.396967
24090000,57,228.252,-21674.4,60.3289,0.407767
24105000,56,219.137,-21636.3,72.0268,0.3971
24120000,45,186.902,-21678.5,46.2989,0.387233
24135000,62,233.583,-21617.4,77.652,0.402367
24150000,46,192.191,-21673.9,62.6643,0.4011
24165000,49,223.665,-21669.1,44.1994,0.4072
24180000,56,254.995,-21640.1,47.529,0.394667
24195000,46,185.463,-21675.5,58.8522,0.386215
24210000,67,286.094,-21654.5,79.39,0.403833
24225000,70,296.647,-21631.6,69.1168,0.402467
24240000,64,284.687,-21623.1,60.7808,0.405467
24255000,69,305.578,-21644.6,57.2335,0.405267
24270000,66,301.832,-21659.9,63.0814,0.402533
24285000,46,200.697,-21683.7,49.9476,0.399983
24300000,51,200.025,-21681.4,50.2765,0.391133
24315000,45,174.202,-21675.3,47.3529,0.379733
24330000,55,226.419,-21655.6,45.4867,0.395933
24345000,57,223.814,-21657.7,56.6115,0.3944
24360000,53,227.38,-21651.8,62.4618,0.395956
24375000,51,216.81,-21650.5,40.4885,0.382333
24390000,55,231.942,-21669.1,70.5283,0.397667
24405000,65,282.966,-21668.7,67.2155,0.398133
24420000,70,294.797,-21643.8,77.7915,0.407267
24435000,54,228.556,-21697,67.1887,0.3984
24450000,60,244.09,-21678.5,66.5674,0.4012
24465000,69,313.09,-21690.6,72.6138,0.4092
24480000,55,252.557,-21654.1,60.0716,0.383704
24495000,52,208.892,-21661.5,63.8595,0.396147
24510000,43,176.438,-21673.5,44.5137,0.376333
24525000,56,236.257,-21671.1,58.7007,0.379378
24540000,49,209.446,-21660,48.7336,0.374533
24555000,59,252.754,-21686.7,67.1966,0.401811
24570000,60,258.699,-21681.6,58.1382,0.394444
24585000,42,162.096,-21667,39.1252,0.396
24600000,60,267.278,-21658.3,62.7977,0.3759
24615000,62,259.323,-21667.7,66.2157,0.396467
24630000,51,212.514,-21641,53.1049,0.3906
24645000,54,220.05,-21682.1,49.1441,0.394267
24660000,54,221.95,-21685.4,60.214,0.3956
24675000,59,265.691,-21654.7,70.5329,0.392505
24690000,49,221.942,-21694.2,41.3051,0.397933
24705000,49,216.653,-21698.6,53.0537,0.380733
24720000,65,274.411,-21670.8,74.4743,0.398007
24735000,55,240.563,-21682.1,50.6072,0.394667
24750000,63,257.094,-21665.5,67.9595,0.397667
24765000,59,255.528,-21651.2,76.5827,0.381322
24780000,59,256.952,-21659.4,62.3421,0.386933
24795000,67,285.382,-21654.4,64.5177,0.4054
24810000,53,211.494,-21669.9,63.8378,0.394833
24825000,52,211.462,-21648.7,48.5417,0.386867
24840000,58,231.191,-21652.6,60.9851,0.3886
24855000,59,247.357,-21655.9,66.6803,0.391178
24870000,57,232.16,-21709.6,75.8564,0.386576
24885000,49,204.725,-21645.2,43.3762,0.387111
24900000,60,264.745,-21649.7,60.3672,0.401933
24915000,55,213.255,-21670.7,62.4876,0.381867
24930000,57,241.203,-21666.1,65.818,0.388733
24945000,62,258.123,-21638,66.5521,0.403
24960000,76,344.797,-21632.8,64.7081,0.397533
24975000,64,273.423,-21673.3,55.0207,0.394433
24990000,74,316.307,-21606.8,70.2414,0.399167
25005000,70,293.902,-21612.3,81.4647,0.389733
25020000,68,280.058,-21600.8,52.5206,0.3778
25035000,80,347.635,-21618.2,93.6611,0.401733
25050000,64,270.262,-21630.7,71.8769,0.394867
25065000,58,257.693,-21608.4,42.8789,0.385867
25080000,54,237.317,-21609.2,57.3069,0.379667
25095000,56,231.807,-21604.7,47.9447,0.372533
25110000,67,280.596,-21613.1,62.4315,0.390667
25125000,54,235.106,-21666.5,58.4602,0.394608
25140000,66,261.72,-21597.7,67.9196,0.392467
25155000,74,319.818,-21604.5,83.7871,0.389733
25170000,74,313.717,-21625.8,70.9766,0.3954
25185000,67,285.568,-21631.9,56.71,0.3926
25200000,36,158.93,-21711,34.6641,0.378431
25215000,55,242.214,-21634.3,58.7497,0.3863
25230000,65,287.014,-21627.8,72.0951,0.389867
25245000,57,230.141,-21623.2,62.4409,0.392067
25260000,45,190.824,-21701.3,53.8063,0.391017
25275000,42,183.368,-21691.2,38.9409,0.39182
25290000,45,193.335,-21683.7,59.3078,0.3862
25305000,52,216.901,-21650.4,66.358,0.38335
25320000,48,199.074,-21670.1,38.2671,0.381417
25335000,61,223.58,-21642,60.8645,0.386167
25350000,39,168.231,-21690.2,40.557,0.37295
25365000,49,206.808,-21653.5,48.6073,0.3768
25380000,51,210.396,-21637.9,39.786,0.390533
25395000,55,250.455,-21679.2,55.7388,0.387356
25410000,34,148.675,-21698.6,26.424,0.378778
25425000,52,214.49,-21689.6,50.6747,0.3819
25440000,49,213.512,-21687.9,52.7273,0.380333
25455000,48,212.526,-21674.2,46.7671,0.371267
25470000,57,252.278,-21646.9,65.9369,0.379867
25485000,56,232.036,-21691.6,64.7954,0.375787
25500000,44,198.043,-21657.7,43.4582,0.376533
25515000,40,160.374,-21706.1,31.6162,0.398233
25530000,60,260.18,-21686.6,62.2152,0.389107
25545000,58,237.455,-21683.4,49.7739,0.401467
25560000,53,214.438,-21656.3,56.8304,0.380967
25575000,54,223.245,-21660.5,51.1597,0.3884
25590000,64,275.332,-21696.6,46.7897,0.413667
25605000,59,251.944,-21665.5,47.1942,0.374222
25620000,54,233.851,-21689.8,51.7127,0.401967
25635000,63,264.351,-21643.3,58.1144,0.403467
25650000,64,281.339,-21676.5,55.6472,0.3854
25665000,61,266.84,-21671.5,50.4542,0.399267
25680000,37,159.22,-21698,44.3365,0.375588
25695000,61,267.121,-21653.7,57.7425,0.393633
25710000,59,260.964,-21653.2,62.5282,0.3952
25725000,51,226.943,-21648.2,53.5557,0.373844
25740000,64,277.644,-21662.4,70.7533,0.399333
25755000,62,257.848,-21671.3,47.0252,0.413
25770000,41,174.917,-21700.3,31.076,0.375222
25785000,60,253.683,-21671.7,49.5163,0.388233
25800000,37,150.744,-21704.4,30.1836,0.3729
25815000,59,241.5,-21667.5,42.9952,0.382733
25830000,53,234.337,-21624.7,50.6535,0.384152
25845000,56,239.235,-21634.8,61.4924,0.361733
25860000,59,251.788,-21655.6,56.3241,0.375533
25875000,50,215.605,-21644.6,56.4107,0.37
25890000,48,189.052,-21644.3,51.1611,0.3698
25905000,55,220.902,-21630.1,74.3094,0.364067
25920000,70,292.548,-21652.6,73.9021,0.385467
25935000,68,273.343,-21649.3,69.6758,0.397867
25950000,67,309.373,-21636.5,63.8515,0.3952
25965000,51,193.132,-21671.7,45.253,0.382747
25980000,49,205.77,-21681.2,44.8487,0.387267
25995000,55,238.441,-21693.9,57.4345,0.400733
26010000,53,225.469,-21648.5,45.5423,0.385083
26025000,66,291.807,-21642.7,65.4469,0.3926
26040000,47,205.554,-21659.6,51.7097,0.3904
26055000,57,249.445,-21645.1,74.3467,0.381867
26070000,63,265.991,-21642.2,75.175,0.407467
26085000,54,225.627,-21667.7,55.3945,0.385933
26100000,41,158.737,-21689.1,47.2669,0.38739
26115000,49,198.753,-21661.7,52.1723,0.3742
26130000,46,185.979,-21670.1,43.3062,0.378033
26145000,48,214.546,-21686.2,35.7335,0.376632
26160000,50,209.575,-21668.8,42.3764,0.384067
26175000,65,274.197,-21653.9,76.578,0.395633
26190000,66,278.264,-21650.7,68.0663,0.404667
26205000,65,262.486,-21650.8,63.7019,0.390656
26220000,66,296.471,-21648.8,72.535,0.3948
26235000,56,214.465,-21675.6,56.1862,0.387147
26250000,72,306.902,-21641.1,62.2462,0.405133
26265000,71,315.925,-21643.1,77.8462,0.405267
26280000,49,189.755,-21674.7,56.1125,0.411011
26295000,66,285.747,-21644.7,67.673,0.3933
26310000,65,287.604,-21653.4,60.0984,0.3934
26325000,53,218.607,-21689.7,59.36,0.389967
26340000,59,251.401,-21654.5,58.9905,0.393733
26355000,61,261.592,-21660.9,59.5387,0.3874
26370000,51,218.881,-21654.5,48.9106,0.392422
26385000,51,213.773,-21646,45.6896,0.384633
26400000,53,222.063,-21626.8,60.409,0.3716
26415000,68,294.259,-21633.7,60.9921,0.376933
26430000,76,331.036,-21604.8,72.3715,0.4034
26445000,74,313.225,-21628.1,68.18,0.405467
26460000,73,325.114,-21632.9,63.6602,0.4074
26475000,64,265.847,-21633.8,58.0624,0.392667
26490000,53,226.056,-21638.3,50.6141,0.393967
26505000,57,246.7,-21658.4,53.6032,0.401067
26520000,82,330.801,-21625.4,67.7131,0.402133
26535000,61,251.611,-21640.1,56.2934,0.415267
26550000,64,251.542,-21657.2,70.4723,0.4042
26565000,39,149.876,-21683.6,36.4551,0.3849
26580000,39,161.559,-21719.1,44.5405,0.382816
26595000,72,316.573,-21643.4,78.5932,0.398711
26610000,72,308.322,-21618.4,76.7162,0.408933
26625000,66,292.822,-21621.9,70.1169,0.393867
26640000,61,260.368,-21635.6,86.2581,0.396867
26655000,56,239.219,-21646.7,43.3099,0.381867
26670000,30,124.031,-21717,26.7522,0.378
26685000,61,264.386,-21640.1,58.4161,0.373833
26700000,38,151.16,-21711.4,32.4614,0.380917
26715000,57,245.737,-21647,51.4923,0.3884
26730000,58,247.135,-21636,48.8443,0.373933
26745000,45,200.428,-21719.8,60.0526,0.385889
26760000,57,232.88,-21632,54.2406,0.389467
26775000,62,251.636,-21627.5,72.3673,0.3934
26790000,64,280.508,-21606.6,45.8433,0.3776
26805000,75,308.961,-21631.4,65.1343,0.3852
26820000,68,294.622,-21623.8,66.0923,0.396933
26835000,59,243.659,-21638.2,48.8643,0.387333
26850000,57,231.31,-21622,54.6038,0.370133
26865000,58,233.844,-21649.9,36.8839,0.3756
26880000,66,288.106,-21617.4,54.469,0.3952
26895000,64,255.964,-21635.2,60.4287,0.390533
26910000,59,236.458,-21633.1,55.4635,0.383533
26925000,57,240.843,-21636.4,52.9783,0.390533
26940000,51,223.03,-21671.6,47.243,0.391841
26955000,65,268.65,-21648.7,73.7403,0.391467
26970000,60,262.732,-21641.4,62.4912,0.3938
26985000,62,263.419,-21640.8,65.9787,0.395667
27000000,58,229.185,-21638,63.6916,0.404133
27015000,60,247.719,-21639.7,57.7588,0.385467
27030000,55,239.173,-21655.3,54.9184,0.391067
27045000,44,188.575,-21700.3,61.9535,0.390019
27060000,76,333.361,-21647.9,66.7613,0.3933
27075000,70,312.82,-21640.5,62.198,0.4188
27090000,54,225.748,-21670.1,58.5992,0.3864
27105000,58,246.729,-21655,42.3758,0.402767
27120000,47,187.813,-21671,53.4308,0.384402
27135000,45,183.553,-21682.4,57.6021,0.386067
27150000,40,180.315,-21673.8,52.1643,0.377633
27165000,41,162.872,-21683.1,38.8752,0.386967
27180000,46,191.035,-21701.9,48.424,0.392067
27195000,47,200.653,-21664.8,49.7052,0.390156
27210000,58,247.084,-21670.9,53.5141,0.390467
27225000,51,223.854,-21688.4,67.5354,0.4054
27240000,62,244.131,-21654.5,66.3848,0.3969
27255000,55,213.51,-21653.4,62.1859,0.391933
27270000,50,211.391,-21688.9,53.1562,0.382242
27285000,50,217.76,-21672.3,32.2506,0.3867
27300000,41,184.316,-21676.1,39.8137,0.3754
27315000,41,180.076,-21698.3,41.8461,0.395989
27330000,43,181.674,-21679.2,52.8212,0.382933
27345000,41,165.636,-21670.8,38.0477,0.382947
27360000,46,189.311,-21665.3,49.6343,0.3792
27375000,47,202.381,-21661.5,51.2505,0.366133
27390000,47,191.517,-21690.5,33.3538,0.388917
27405000,40,172.09,-21674,40.004,0.3888
27420000,45,180.733,-21665.1,41.0391,0.394889
27435000,48,195.016,-21653.1,48.5052,0.375944
27450000,56,236.953,-21664.5,70.2499,0.390133
27465000,49,206.82,-21677.1,43.405,0.381833
27480000,53,206.366,-21663.2,46.8854,0.3893
27495000,53,225.746,-21660.2,50.1472,0.384533
27510000,72,318.359,-21663.9,57.6259,0.3978
27525000,51,211.777,-21684.2,37.2261,0.389467
27540000,53,221.542,-21685.7,45.2619,0.395867
27555000,57,236.853,-21675.9,44.3006,0.373111
27570000,62,268.658,-21676,54.8573,0.3946
27585000,75,311.322,-21699.9,78.2777,0.412267
27600000,58,267.18,-21675.5,52.7852,0.416867
27615000,59,251.36,-21671.3,60.1111,0.397383
27630000,63,269.61,-21675.1,53.2529,0.401767
27645000,59,252.398,-21653.1,52.9524,0.394067
27660000,59,248.428,-21666,69.874,0.398933
27675000,54,224.596,-21682.1,59.9009,0.404111
27690000,53,227.494,-21680.9,62.2501,0.384436
27705000,59,235.858,-21663.4,69.47,0.397533
27720000,61,247.689,-21645.7,64.3629,0.3977
27735000,63,247.47,-21664.4,69.0793,0.3906
27750000,71,289.081,-21692.9,59.2566,0.402347
27765000,48,203.952,-21678.6,60.0702,0.399833
27780000,63,273.585,-21658.7,56.451,0.41195
27795000,58,242.621,-21698.8,63.9651,0.412844
27810000,71,297.816,-21638.5,63.8494,0.3953
27825000,70,299.22,-21661,86.3077,0.3936
27840000,68,285.697,-21638.6,62.6909,0.394933
27855000,44,195.049,-21694.2,53.1957,0.385767
27870000,60,264.455,-21632.5,60.0269,0.391933
27885000,70,307.417,-21612.9,69.8809,0.3994
27900000,67,308.973,-21613,65.1672,0.395733
27915000,67,265.49,-21624.5,67.3864,0.393733
27930000,61,268.91,-21643.3,67.0055,0.391067
27945000,71,294.079,-21641.4,68.6325,0.409333
27960000,75,313.688,-21664.3,73.757,0.407067
27975000,63,250.069,-21623.6,69.0245,0.4072
27990000,53,226.073,-21677,50.325,0.4022
28005000,50,207.91,-21668.5,48.0412,0.390067
28020000,56,247.379,-21635.4,47.054,0.3932
28035000,59,266.553,-21658.9,62.3606,0.3869
28050000,71,314.64,-21678.5,60.0077,0.411133
28065000,61,259.197,-21647.7,60.2198,0.393044
28080000,67,291.004,-21657.9,75.3015,0.417733
28095000,59,254.346,-21661.3,55.6027,0.405533
28110000,54,220.378,-21659,62.2068,0.396467
28125000,65,277.079,-21672.4,56.1189,0.413133
28140000,60,262.763,-21668.4,55.3872,0.414467
28155000,62,252.629,-21620.2,45.7131,0.377678
28170000,52,222.753,-21687,62.5576,0.407467
28185000,62,275.401,-21671,64.1772,0.4038
28200000,54,235.91,-21666.4,49.3918,0.378366
28215000,60,244.517,-21637.7,61.5155,0.387517
28230000,66,278.388,-21633.1,66.3651,0.392467
28245000,57,238.271,-21626.7,70.6761,0.378467
28260000,59,230.221,-21632.8,61.9476,0.370467
28275000,61,232.598,-21621.4,53.5168,0.3856
28290000,67,274.634,-21619.8,79.4694,0.382533
28305000,67,310.056,-21683.9,58.5359,0.405825
28320000,71,306.613,-21622.6,63.7252,0.384933
28335000,63,255.402,-21601.3,55.515,0.397467
28350000,65,292.521,-21633.3,67.0801,0.413356
28365000,63,256.887,-21638.4,68.0194,0.3684
28380000,65,258.806,-21619.2,54.2499,0.381267
28395000,64,272.384,-21654,68.3951,0.3854
28410000,54,237.405,-21631.8,44.9853,0.3764
28425000,56,225.765,-21637.5,55.6554,0.3758
28440000,62,250.93,-21627.7,59.6324,0.3764
28455000,57,232.192,-21636.2,42.7403,0.388467
28470000,74,307.826,-21614.3,89.7438,0.403253
28485000,67,257.394,-21611,69.0253,0.391933
28500000,91,389.736,-21646.2,89.7965,0.409867
28515000,89,388.23,-21641.8,94.265,0.4322
28530000,93,384.439,-21642.3,99.5838,0.427067
28545000,78,329.124,-21639.1,65.3304,0.410067
28560000,77,323.649,-21658.6,89.7389,0.416067
28575000,70,295.505,-21653.7,53.1486,0.401733
28590000,63,269.685,-21675.7,50.9099,0.407267
28605000,57,236.367,-21644.4,48.5378,0.374617
28620000,61,259.485,-21643.3,53.523,0.3926
28635000,57,244.671,-21652.6,60.3668,0.3932
28650000,54,227.527,-21644.8,53.6159,0.405867
28665000,57,238.631,-21677.1,62.8407,0.394067
28680000,55,229.79,-21658.4,45.744,0.4
28695000,55,223.885,-21661,60.2203,0.402067
28710000,57,243.436,-21678.6,52.5411,0.385475
28725000,52,223.653,-21672.4,43.2856,0.398433
28740000,56,233.3,-21660.2,63.7462,0.387733
28755000,50,212.308,-21689,53.6839,0.392467
28770000,53,222.389,-21670.8,48.289,0.385167
28785000,51,206.008,-21669.9,56.2325,0.3853
28800000,48,195.422,-21681.6,43.7262,0.396333
28815000,58,235.156,-21676.5,60.9164,0.411133
28830000,60,241.322,-21679.6,52.2502,0.40105
28845000,51,200.443,-21668.3,50.0409,0.390667
28860000,67,269.271,-21670.3,69.5145,0.419933
28875000,60,264.556,-21660,62.6219,0.3964
28890000,43,170.208,-21684.6,62.1805,0.393433
28905000,47,195.807,-21669.7,75.4011,0.3724
28920000,46,180.254,-21665.1,50.596,0.3818
28935000,44,179.228,-21671,43.1684,0.369267
28950000,56,243.632,-21659,44.8462,0.387267
28965000,68,310.234,-21644,62.182,0.397067
28980000,65,283.934,-21655.3,76.7292,0.404533
28995000,44,178.827,-21702.4,37.5193,0.394
29010000,52,232.377,-21693.7,61.542,0.3967
29025000,51,225.161,-21693.4,59.9374,0.390733
29040000,72,306.015,-21658.1,63.1831,0.4032
29055000,64,269.992,-21666.5,63.0942,0.4064
29070000,61,266.425,-21683,55.6254,0.408533
29085000,53,236.787,-21674.6,50.4016,0.395733
29100000,66,283.468,-21660.6,55.9592,0.39
29115000,77,324.217,-21664.8,76.8366,0.418333
29130000,75,317.343,-21649.3,80.2034,0.413267
29145000,48,194.224,-21665.2,53.2809,0.393917
29160000,74,317.603,-21652.4,68.2241,0.404767
29175000,58,232.088,-21631.2,51.175,0.391067
29190000,68,291.25,-21636.5,77.3711,0.390867
29205000,65,281.112,-21645.3,64.6984,0.4076
29220000,50,210.292,-21671,64.3495,0.393084
29235000,45,190.498,-21676,44.8034,0.401622
29250000,52,205.657,-21700.4,51.6245,0.388867
29265000,44,185.814,-21680.8,58.4918,0.371978
29280000,56,239.939,-21654.5,59.9032,0.383827
29295000,67,292.228,-21662.8,67.1424,0.402533
29310000,59,256.759,-21679.8,48.999,0.398467
29325000,52,216.75,-21678.5,51.3893,0.406267
29340000,51,217.81,-21671.4,47.3067,0.399
29355000,50,206.783,-21668.1,46.4108,0.378956
29370000,60,253.318,-21676.5,54.237,0.395867
29385000,48,201.079,-21666.4,49.2976,0.403233
29400000,52,224.933,-21684.2,42.5287,0.390967
29415000,62,272.876,-21661.9,67.7378,0.3908
29430000,49,202.32,-21673,51.7384,0.389711
29445000,55,227.459,-21670.4,64.9759,0.3999
29460000,58,245.05,-21670.2,56.4745,0.384729
29475000,44,163.89,-21697.9,53.8298,0.385567
29490000,46,206.396,-21672.3,49.672,0.3948
29505000,67,285.889,-21683.3,61.2328,0.403733
29520000,59,251.024,-21669.2,44.0804,0.404267
29535000,47,203.746,-21668.4,46.2538,0.388653
29550000,51,221.396,-21673.1,51.0834,0.385433
29565000,41,173.459,-21683.3,37.6996,0.381222
29580000,60,252.914,-21657.5,74.2345,0.397022
29595000,54,235.105,-21663.9,57.4117,0.414933
29610000,58,254.364,-21669.4,50.8517,0.388883
29625000,63,278.417,-21655,54.389,0.386
29640000,64,277.654,-21671.9,79.1487,0.399533
29655000,52,218.001,-21643.2,58.7081,0.3984
29670000,60,254.106,-21670.5,51.7529,0.397233
29685000,67,287.63,-21636.2,68.9678,0.394067
29700000,74,323.03,-21658,60.2465,0.400733
29715000,73,306.689,-21671.5,65.9154,0.41
29730000,62,275.525,-21675.1,68.8503,0.401667
29745000,45,204.942,-21681.4,44.5395,0.398489
29760000,52,218.669,-21666,61.0078,0.390533
29775000,60,257.287,-21633.4,66.5428,0.3858
29790000,56,247.436,-21659.2,62.3827,0.4065
29805000,66,288.631,-21665.2,78.2686,0.406267
29820000,50,199.751,-21676.4,57.6988,0.382733
29835000,75,341.52,-21645.5,77.3831,0.416367
29850000,46,195.168,-21664.3,47.1873,0.389674
29865000,51,224.496,-21647.9,49.2468,0.3971
29880000,59,250.845,-21657.5,56.9357,0.389
29895000,51,208.771,-21654.7,49.4186,0.3814
29910000,57,238.175,-21671.4,42.794,0.389533
29925000,68,311.225,-21668.6,60.0964,0.393533
29940000,61,269.408,-21669.6,71.6034,0.407533
29955000,68,277.897,-21676,78.2417,0.4126
29970000,61,263.681,-21662.4,64.8199,0.417
29985000,66,277.002,-21644.4,70.1205,0.3952
