generation,N_shifts,logPrior,logLik,eventRate,acceptRate
0,0,1.47681,-24204.2,16.464,1
15000,1,2.73989,-22011.1,0.643181,0.160333
30000,4,17.2998,-21986.4,7.68029,0.241867
45000,4,18.304,-21965.5,7.28673,0.261105
60000,5,17.3272,-21962.4,5.94057,0.3292
75000,2,10.3259,-21953.8,2.3314,0.231104
90000,3,13.4158,-21941.3,4.08611,0.303
105000,10,35.7623,-21896.1,11.0157,0.336547
120000,14,53.2697,-21866.7,16.2683,0.334467
135000,10,41.6352,-21897.9,7.46587,0.32812
150000,10,40.7845,-21876.1,11.8681,0.3428
165000,14,53.7561,-21844.4,7.3435,0.354622
180000,18,74.4486,-21847.1,15.4923,0.344067
195000,16,59.1409,-21815.7,15.758,0.336133
210000,14,52.9084,-21832.2,11.9082,0.3262
225000,7,29.1735,-21867.1,6.67494,0.316681
240000,15,60.8829,-21796.3,11.3372,0.343889
255000,16,65.1518,-21804.7,14.2631,0.342967
270000,17,63.8929,-21783.5,18.3209,0.345933
285000,26,112.395,-21721.2,27.2784,0.348053
300000,25,98.6719,-21746,30.9151,0.350233
315000,31,110.993,-21721.7,35.3261,0.371833
330000,31,130.923,-21741.3,28.7248,0.375433
345000,31,137.72,-21683.5,31.4456,0.383067
360000,42,183.24,-21677.3,53.2276,0.3768
375000,47,212.313,-21666.1,49.815,0.3928
390000,56,238.466,-21629,57.3844,0.413267
405000,38,160.455,-21689.6,41.5012,0.393373
420000,51,222.57,-21602.5,48.7948,0.398533
435000,61,252.949,-21588.7,59.4177,0.3956
450000,62,245.919,-21609.2,65.5719,0.401333
465000,63,273.544,-21618.4,61.2198,0.407333
480000,74,323.773,-21598.8,67.7623,0.401333
495000,78,328.841,-21637.3,81.3736,0.379604
510000,74,314.679,-21596.7,65.323,0.426267
525000,69,304.328,-21594.4,60.8481,0.413667
540000,71,320.254,-21597.3,61.7478,0.401267
555000,73,320.01,-21582.9,70.5737,0.400733
570000,58,239.059,-21607.4,58.8267,0.413253
585000,58,239.358,-21596.8,61.0346,0.383333
600000,64,276.232,-21602.6,71.6391,0.3948
615000,63,265.121,-21577.6,61.7201,0.397317
630000,68,286.721,-21617,66.0149,0.403067
645000,65,285.823,-21580.5,57.2478,0.3984
660000,68,303.31,-21598.3,67.3671,0.4026
675000,60,253.432,-21616.8,64.6233,0.404978
690000,76,314.738,-21606.9,68.1576,0.4134
705000,65,283.028,-21612.3,67.4981,0.410067
720000,56,246.257,-21580.9,46.2728,0.3969
735000,61,266.163,-21623.2,55.1588,0.396197
750000,71,297.03,-21624.7,73.7677,0.421667
765000,68,284.159,-21578.4,76.6266,0.390511
780000,78,334.554,-21556.6,72.4823,0.402733
795000,71,304.245,-21583.6,80.3208,0.397667
810000,78,331.523,-21587.2,63.3197,0.404467
825000,71,302.778,-21590.5,68.3656,0.406133
840000,62,270.901,-21608.1,81.4074,0.396126
855000,59,263.843,-21576.9,55.3288,0.4037
870000,56,238.616,-21605.5,56.4482,0.395233
885000,74,312.5,-21589.5,77.3273,0.395289
900000,69,299.72,-21594.3,74.3051,0.393822
915000,77,298.819,-21581.1,85.1604,0.4126
930000,64,265.617,-21605.6,59.5103,0.4156
945000,76,307.179,-21608.5,80.6406,0.4002
960000,79,334.11,-21562,81.4041,0.403867
975000,66,290.493,-21598.1,80.4122,0.393333
990000,62,258.893,-21614.3,61.4373,0.393533
1005000,61,248.462,-21574.8,51.3856,0.403711
1020000,59,257.696,-21609.4,52.4546,0.400533
1035000,73,313.732,-21562.4,73.8676,0.404389
1050000,50,214.608,-21602,42.8151,0.383967
1065000,73,325.449,-21588.6,73.8814,0.401167
1080000,69,298.271,-21556,68.4343,0.4034
1095000,81,345.511,-21581.3,87.3433,0.393956
1110000,66,279.139,-21575.8,61.6328,0.399067
1125000,72,320.655,-21578.7,66.9306,0.4067
1140000,70,302.272,-21604.9,64.431,0.402
1155000,65,283.9,-21610.8,57.8528,0.395436
1170000,62,264.83,-21587.4,49.4312,0.4009
1185000,58,250.164,-21585.9,52.5284,0.389533
1200000,55,236.644,-21585.1,54.3,0.3852
1215000,63,252.169,-21565.8,61.5336,0.3922
1230000,71,314.546,-21561.7,65.6213,0.400038
1245000,57,244.585,-21595.8,46.6366,0.389967
1260000,57,247.863,-21592.7,57.3467,0.3822
1275000,59,256.035,-21586.8,62.4244,0.384
1290000,66,281.254,-21588,64.8172,0.392417
1305000,47,204.842,-21606.2,37.9938,0.3916
1320000,57,279.83,-21614.1,57.9838,0.380667
1335000,83,357.26,-21582.8,95.1592,0.393208
1350000,72,336.409,-21576.4,69.8737,0.3889
1365000,64,289.942,-21588,54.661,0.387533
1380000,65,290.477,-21597.6,59.2141,0.388333
1395000,70,304.675,-21571,87.646,0.388867
1410000,69,296.037,-21552.3,67.5429,0.404613
1425000,65,285.397,-21588,69.5965,0.400326
1440000,71,318.012,-21570.4,72.7018,0.396667
1455000,59,246.325,-21599.9,46.7804,0.3977
1470000,64,262.867,-21588.3,71.2577,0.387833
1485000,53,240.898,-21613.8,43.4447,0.382267
1500000,62,282.972,-21608.5,64.9583,0.397267
1515000,64,265.073,-21578.4,62.9804,0.389933
1530000,70,303.498,-21606.8,75.2464,0.399
1545000,75,310.521,-21587.5,91.4617,0.394267
1560000,69,301.28,-21583.6,56.7121,0.405
1575000,65,257.597,-21594.5,79.385,0.404133
1590000,53,218.033,-21621.7,44.9918,0.393311
1605000,58,252.585,-21615.1,64.8886,0.398667
1620000,75,330.361,-21605.9,74.4955,0.407067
1635000,73,327.047,-21591.2,73.8725,0.40805
1650000,62,275.923,-21599.9,65.9187,0.408667
1665000,59,262.294,-21650.5,75.0517,0.411667
1680000,69,280.818,-21572.8,84.0126,0.40715
1695000,74,306.382,-21579.7,76.2753,0.405467
1710000,57,237.342,-21582.5,61.5521,0.401067
1725000,64,270.099,-21591.3,61.5832,0.391
1740000,48,211.712,-21606.7,38.8884,0.409173
1755000,42,179.476,-21632.8,35.1657,0.39677
1770000,51,206.006,-21633.3,42.7142,0.3932
1785000,66,296.051,-21611.7,68.1881,0.400233
1800000,71,323.916,-21581.6,61.3817,0.406067
1815000,57,263.246,-21597.1,59.9726,0.399156
1830000,87,382.779,-21572.2,87.8803,0.415367
1845000,81,361.486,-21561.5,73.2484,0.4126
1860000,85,378.193,-21561.9,78.9784,0.416733
1875000,77,335.793,-21556.5,88.5339,0.408667
1890000,62,277.745,-21607.8,63.891,0.41128
1905000,90,418.065,-21534.9,74.1526,0.4106
1920000,86,375.418,-21553.5,97.9309,0.415267
1935000,83,366.316,-21557.1,80.818,0.424
1950000,81,355.485,-21557.6,67.7954,0.403133
1965000,85,385.689,-21560.2,81.0228,0.4076
1980000,95,416.203,-21549.1,82.7914,0.425267
1995000,41,179.986,-21656.4,53.2352,0.390176
2010000,64,274.823,-21585.4,68.0996,0.408967
2025000,78,336.175,-21574.9,77.0787,0.3812
2040000,82,334.011,-21577.2,82.0252,0.414467
2055000,71,290.912,-21588.6,65.1377,0.407533
2070000,72,312.707,-21566,81.5946,0.400333
2085000,70,290.46,-21587.3,62.249,0.398405
2100000,76,332.767,-21580.1,63.6685,0.400333
2115000,81,355.383,-21580.3,81.2527,0.4058
2130000,75,321.29,-21586,70.0975,0.409667
2145000,74,302.947,-21578.1,71.4736,0.4004
2160000,62,263.229,-21606.7,77.4264,0.397147
2175000,67,286.527,-21580.6,69.0285,0.3851
2190000,68,277.406,-21558.6,71.772,0.387267
2205000,76,331.178,-21550.1,70.8209,0.394667
2220000,76,301.925,-21556.3,79.8449,0.397733
2235000,86,385.574,-21562.5,102.51,0.402467
2250000,85,379.888,-21556.3,94.1803,0.408
2265000,107,474.209,-21562.1,110.994,0.4144
2280000,92,394.753,-21557.4,102.562,0.425067
2295000,86,356.786,-21544.7,88.3991,0.4198
2310000,90,380.41,-21548.8,104.455,0.410067
2325000,83,354.209,-21548.4,89.6559,0.412333
2340000,92,403.373,-21544.8,85.8349,0.397267
2355000,81,344.984,-21541.9,83.2646,0.409533
2370000,82,357.707,-21540.5,79.5214,0.3968
2385000,86,363.404,-21555.6,67.5901,0.410267
2400000,92,401.476,-21535.5,82.9107,0.4166
2415000,98,428.176,-21550.2,85.4487,0.415867
2430000,97,398.238,-21550.7,88.884,0.421067
2445000,92,365.44,-21544.2,78.0372,0.420867
2460000,92,396.528,-21555,100.436,0.414
2475000,85,369.052,-21537.4,79.613,0.405267
2490000,74,320.781,-21508.8,81.1733,0.395533
2505000,62,281.009,-21604.7,59.7255,0.395606
2520000,52,218.19,-21614.8,47.3625,0.393067
2535000,44,184.9,-21625.9,41.4887,0.391689
2550000,54,240.066,-21619.5,60.9817,0.391167
2565000,73,316.817,-21572.3,90.4392,0.395853
2580000,62,259.72,-21604.7,61.8081,0.403733
2595000,74,305.522,-21602.2,85.6796,0.404267
2610000,65,280.656,-21600.4,48.0569,0.397717
2625000,81,350.166,-21568,79.3918,0.404433
2640000,76,321.27,-21572.2,75.0794,0.396133
2655000,55,234.109,-21609.4,64.05,0.396467
2670000,68,299.579,-21612.1,63.1102,0.404333
2685000,65,269.59,-21580.3,69.5849,0.403711
2700000,63,276.433,-21592.2,56.475,0.397133
2715000,59,237.266,-21597.9,52.0662,0.401933
2730000,49,219.802,-21610.6,50.5187,0.397067
2745000,60,252.128,-21633,51.6658,0.399633
2760000,44,184.843,-21602.3,40.6988,0.391084
2775000,63,267.197,-21600.3,63.0355,0.392933
2790000,51,216.171,-21623.2,61.7305,0.399667
2805000,57,239.727,-21614.9,65.7793,0.394967
2820000,55,232.938,-21588.9,55.2351,0.397
2835000,74,314.977,-21602.8,70.7192,0.399667
2850000,62,276.516,-21600.1,67.6119,0.397133
2865000,65,273.792,-21588.7,79.635,0.391267
2880000,67,284.072,-21582.6,49.7782,0.399467
2895000,61,259,-21602.4,58.9282,0.392352
2910000,57,237.588,-21614,64.1342,0.3958
2925000,70,302.421,-21606.4,65.7531,0.404933
2940000,68,287.114,-21581.3,61.2253,0.403433
2955000,56,223.007,-21613.1,54.8306,0.400667
2970000,64,261.489,-21620.2,74.8786,0.4044
2985000,82,348.709,-21592.9,90.0452,0.411756
3000000,74,323.576,-21599.7,83.0446,0.415467
3015000,53,212.939,-21616.2,62.5047,0.398522
3030000,66,298.68,-21592.9,74.4523,0.394833
3045000,65,277.666,-21595.2,77.7558,0.409667
3060000,58,230.681,-21595.7,62.4871,0.3974
3075000,59,243.996,-21613.9,52.367,0.4036
3090000,60,262.192,-21612.9,56.7597,0.4006
3105000,50,220.221,-21607.6,55.7126,0.392
3120000,62,269.927,-21589.2,54.0725,0.391333
3135000,74,315.187,-21599.5,67.1857,0.402067
3150000,60,254.232,-21587.5,52.5411,0.396922
3165000,78,327.244,-21563.1,73.4555,0.4088
3180000,80,346.529,-21557.4,86.9422,0.409867
3195000,92,388.61,-21565.2,85.3572,0.4212
3210000,66,286.928,-21581.1,69.7057,0.402217
3225000,76,319.025,-21576,79.1918,0.413267
3240000,87,376.218,-21574.6,78.7259,0.3986
3255000,78,320.048,-21572.5,69.4682,0.411533
3270000,69,298.636,-21576.1,63.9085,0.402267
3285000,67,255.211,-21601.2,74.6444,0.408518
3300000,63,274.55,-21604.9,66.0029,0.396033
3315000,56,243.955,-21578.8,56.1135,0.396633
3330000,65,282.106,-21584.3,69.181,0.391867
3345000,60,257.447,-21581.1,58.4926,0.406533
3360000,56,243.976,-21586.4,56.5145,0.400067
3375000,67,294.927,-21613.1,56.0533,0.404453
3390000,65,289.102,-21615.9,72.3946,0.398387
3405000,60,243.374,-21598.2,55.3101,0.411689
3420000,66,286.443,-21591.6,65.1938,0.4096
3435000,52,222.258,-21618.1,51.4827,0.395044
3450000,64,292.772,-21589.7,76.9217,0.3968
3465000,59,248.934,-21590.8,74.7168,0.392878
3480000,57,240.196,-21607.4,48.7014,0.389367
3495000,56,241.458,-21613.9,58.6483,0.3756
3510000,55,238.862,-21628.5,46.108,0.397856
3525000,65,289.723,-21594.2,75.4762,0.3866
3540000,71,301.505,-21598.2,76.2304,0.3904
3555000,57,248.944,-21617.4,57.5547,0.402022
3570000,56,239.57,-21591.8,64.4015,0.3926
3585000,68,282.972,-21591.6,67.2688,0.391044
3600000,62,270.955,-21615.3,62.7677,0.398267
3615000,60,273.424,-21605.3,70.6696,0.402133
3630000,47,192.9,-21611.8,59.5764,0.392933
3645000,66,304.041,-21601.3,65.6022,0.393933
3660000,79,331.85,-21586.1,72.0535,0.409644
3675000,62,271.173,-21593.1,55.3397,0.394914
3690000,75,314.625,-21605.4,80.6717,0.403467
3705000,83,383.94,-21556,80.4817,0.405467
3720000,79,356.735,-21573.7,68.692,0.411933
3735000,66,284.737,-21581.3,59.4784,0.393467
3750000,67,297.762,-21594.7,64.0893,0.385067
3765000,77,322.638,-21577.8,83.2717,0.405667
3780000,71,310.069,-21572.9,75.5754,0.401533
3795000,64,281.802,-21568.4,70.9928,0.4004
3810000,68,294.993,-21582.4,70.6464,0.3984
3825000,40,170.508,-21628,48.0724,0.396547
3840000,58,239.807,-21585.2,42.809,0.394767
3855000,53,217.71,-21603.1,69.8465,0.397857
3870000,41,163.653,-21645.6,41.8498,0.377667
3885000,51,214.55,-21617.9,54.1382,0.383022
3900000,54,230.342,-21614.9,55.3741,0.390889
3915000,73,305.463,-21588.5,59.4069,0.393633
3930000,60,248.065,-21592.5,71.2831,0.394467
3945000,58,236.617,-21613.5,46.8946,0.396467
3960000,44,193.121,-21636.1,47.2951,0.385944
3975000,55,247.724,-21595.6,68.1496,0.3915
3990000,62,280.832,-21601.9,62.6064,0.406156
4005000,73,303.179,-21605.3,72.0089,0.400133
4020000,53,232.807,-21610.1,57.0955,0.388233
4035000,74,326.493,-21580,67.0584,0.399467
4050000,62,251.322,-21603.8,69.1687,0.399233
4065000,58,255.103,-21604.4,52.952,0.394433
4080000,65,280.682,-21600,80.7721,0.405833
4095000,82,330.488,-21610,89.0961,0.422933
4110000,62,260.33,-21593.8,58.2689,0.394489
4125000,71,316.212,-21587.8,84.7223,0.410433
4140000,68,289.088,-21592.1,59.2886,0.4136
4155000,77,314.117,-21606,71.8789,0.423267
4170000,76,322.729,-21562,94.3018,0.405267
4185000,94,407.869,-21572.5,112.605,0.422267
4200000,97,421.575,-21566.2,99.0466,0.421
4215000,87,379.32,-21581.7,81.6086,0.432067
4230000,87,364.965,-21583.7,101.325,0.431667
4245000,88,367.968,-21580.5,95.2292,0.422867
4260000,79,340.711,-21585.4,78.5079,0.413867
4275000,59,264.332,-21589,58.5529,0.408467
4290000,72,311.937,-21583.9,60.9581,0.4031
4305000,64,266.142,-21576.6,63.6532,0.389333
4320000,72,318.776,-21578.5,68.7818,0.3956
4335000,64,275.15,-21598.1,56.403,0.393583
4350000,60,251.829,-21571.7,55.5259,0.4053
4365000,52,213.962,-21608.5,50.5048,0.394533
4380000,54,246.292,-21612.4,59.3597,0.394674
4395000,65,289.115,-21586.9,64.1336,0.401
4410000,70,312.457,-21594.6,52.9418,0.407467
4425000,61,252.653,-21606.4,76.9116,0.3926
4440000,60,268.865,-21620.9,63.2912,0.3918
4455000,58,253.563,-21607.2,54.8218,0.392933
4470000,47,201.382,-21598.1,42.5008,0.395267
4485000,68,313.589,-21618.7,65.843,0.394847
4500000,53,219.286,-21585,62.3126,0.4036
4515000,55,233.67,-21596.6,58.4743,0.390133
4530000,58,246.708,-21581.7,57.1235,0.401333
4545000,56,244.953,-21608.3,59.546,0.40501
4560000,64,278.123,-21588.9,64.8419,0.393267
4575000,59,274.255,-21603.5,53.4087,0.39268
4590000,55,228.113,-21598.8,45.3642,0.387133
4605000,57,256.563,-21608.3,47.806,0.388733
4620000,57,234.574,-21617.9,54.522,0.3892
4635000,57,260.336,-21576.5,51.5879,0.386578
4650000,69,299.189,-21569.2,62.7333,0.396733
4665000,65,286.932,-21593.3,70.3336,0.400267
4680000,58,235.662,-21580.8,55.7989,0.393983
4695000,76,320.056,-21584.7,84.193,0.396333
4710000,73,310.64,-21566.9,67.9363,0.394111
4725000,72,315.233,-21571.3,69.3272,0.4028
4740000,56,234.384,-21584.6,48.1844,0.393622
4755000,86,384.205,-21567.1,85.5931,0.397867
4770000,48,192.182,-21622.2,50.158,0.39076
4785000,61,277.414,-21593.2,59.953,0.392067
4800000,79,348.886,-21573.5,71.0455,0.402267
4815000,64,290.659,-21597.7,59.7379,0.398033
4830000,79,326.353,-21600.9,73.8551,0.410233
4845000,65,271.761,-21575.8,59.3987,0.401747
4860000,73,301.654,-21581.3,65.2337,0.4129
4875000,67,275.72,-21552.7,83.4963,0.395733
4890000,82,369.346,-21550.2,78.5861,0.4026
4905000,71,315.952,-21575.7,68.4447,0.4088
4920000,85,374.308,-21599.8,97.6045,0.4045
4935000,71,303.07,-21587.2,74.3835,0.412933
4950000,82,342.468,-21591.6,77.3196,0.398867
4965000,54,239.18,-21599.8,58.0428,0.389413
4980000,62,282.286,-21573,58.6502,0.401333
4995000,46,202.055,-21633,53.0417,0.395278
5010000,63,273.692,-21588.1,58.2557,0.389233
5025000,56,247.523,-21606.6,64.4736,0.377917
5040000,52,224.489,-21593.1,41.916,0.3938
5055000,60,285.359,-21613.1,62.3511,0.393667
5070000,67,291.664,-21601.2,57.7485,0.409
5085000,50,210.883,-21619.2,52.9128,0.390044
5100000,78,330.164,-21597.1,86.2123,0.406567
5115000,74,305.171,-21567.4,80.3393,0.4136
5130000,70,310.757,-21570.8,62.1791,0.394933
5145000,69,302.989,-21557.5,72.3612,0.397867
5160000,66,279.518,-21571.7,71.666,0.402133
5175000,61,261.981,-21563.8,60.9192,0.395
5190000,54,226.752,-21627.5,61.4925,0.388648
5205000,59,252.102,-21603.3,62.2742,0.397983
5220000,70,297.5,-21594.9,73.5349,0.409133
5235000,65,266.654,-21619.5,82.0054,0.402267
5250000,67,282.792,-21568.9,67.1916,0.396307
5265000,71,316.396,-21565.4,63.7611,0.406267
5280000,69,305.933,-21559.6,77.7878,0.3902
5295000,72,333.902,-21544.6,73.2139,0.388133
5310000,66,293.964,-21605.1,81.3028,0.403307
5325000,56,247.705,-21598.1,44.452,0.392415
5340000,81,358.959,-21546.4,80.4835,0.394044
5355000,75,340.077,-21557.6,80.0679,0.404333
5370000,68,283.719,-21543.8,65.795,0.379267
5385000,55,256.345,-21576.7,53.9956,0.380167
5400000,71,305.972,-21562.6,85.1416,0.390267
5415000,53,235.277,-21585,63.4949,0.3805
5430000,59,256.453,-21605.5,54.2883,0.395333
5445000,65,283.834,-21593.4,57.4929,0.3963
5460000,62,284.436,-21594.5,61.4953,0.401833
5475000,74,328.449,-21564.3,67.0596,0.402547
5490000,63,283.657,-21583.3,70.9382,0.397844
5505000,50,223.456,-21588.8,40.0412,0.393111
5520000,61,257.443,-21609.9,63.9382,0.390133
5535000,56,235.625,-21588.2,55.5566,0.39645
5550000,74,314.321,-21586.8,70.3914,0.397283
5565000,71,313.716,-21586.9,64.9298,0.402867
5580000,66,274.356,-21582.2,62.2952,0.398733
5595000,81,363.907,-21586.6,70.3172,0.401267
5610000,86,395.46,-21583.1,72.9009,0.4104
5625000,88,395.534,-21576.6,98.7707,0.411733
5640000,101,443.939,-21555.2,108.725,0.424
5655000,56,248.832,-21574.4,53.5318,0.398867
5670000,73,328.342,-21582.2,64.4142,0.408567
5685000,54,243.657,-21624.4,53.0884,0.393739
5700000,71,319.04,-21582.1,57.8896,0.384156
5715000,74,329.353,-21556,65.7197,0.396156
5730000,65,283.648,-21563.3,57.8328,0.3982
5745000,68,286.045,-21569.8,72.9601,0.392511
5760000,73,300.213,-21569.9,95.151,0.390733
5775000,67,288.562,-21576.1,58.6207,0.391
5790000,70,299.506,-21542.4,70.4844,0.397633
5805000,67,293.976,-21550.7,61.9593,0.395067
5820000,75,330.495,-21541.5,79.2826,0.3982
5835000,73,284.554,-21542.1,74.3785,0.399867
5850000,86,378.763,-21543,83.0777,0.396533
5865000,94,390.978,-21531,86.9828,0.408667
5880000,71,304.35,-21577.4,85.4771,0.3956
5895000,78,337.561,-21547.5,68.9689,0.3984
5910000,82,339.472,-21559.4,101.428,0.4006
5925000,83,362.885,-21543.7,79.5111,0.400567
5940000,82,344.177,-21544,78.7156,0.397467
5955000,72,311.085,-21542.8,67.9204,0.408067
5970000,76,312.477,-21541.4,58.6876,0.3928
5985000,77,317.62,-21534.2,80.1717,0.394133
6000000,83,358.529,-21539.2,89.8546,0.39
6015000,70,296.852,-21548.3,61.2475,0.395667
6030000,68,292.246,-21566.5,69.0465,0.394892
6045000,71,296.561,-21552.2,77.1774,0.390133
6060000,74,314.675,-21584.7,66.84,0.404933
6075000,74,320.925,-21554,73.2832,0.408867
6090000,80,343.349,-21565.3,80.6067,0.393067
6105000,61,243.923,-21605.4,62.6257,0.391331
6120000,82,361.2,-21556.6,95.6137,0.402233
6135000,90,396.618,-21561.4,88.7057,0.414067
6150000,91,414.478,-21550,77.7265,0.420067
6165000,73,332.299,-21547.6,71.2479,0.400067
6180000,64,271.64,-21556.9,61.3694,0.398533
6195000,61,261.418,-21584.7,62.9465,0.388467
6210000,60,254.688,-21612.1,52.6451,0.401857
6225000,48,194.998,-21628.9,61.4658,0.4074
6240000,55,241.147,-21608.8,54.272,0.379889
6255000,42,175.567,-21622.7,34.7727,0.397244
6270000,56,241.005,-21609.5,59.2253,0.379956
6285000,50,213.907,-21611.2,58.0972,0.3932
6300000,57,242.478,-21610.5,71.2358,0.3948
6315000,68,275.111,-21600.3,55.6539,0.392733
6330000,62,259.013,-21600.1,64.4502,0.399573
6345000,65,282.43,-21600.7,65.5451,0.395583
6360000,64,270.843,-21612.9,59.7719,0.408333
6375000,51,214.333,-21613.3,56.9807,0.40985
6390000,53,229.697,-21599,48.9972,0.386333
6405000,60,260.65,-21598.7,59.0852,0.393844
6420000,61,269.922,-21599.2,66.6437,0.4036
6435000,48,203.434,-21598.1,42.2355,0.398917
6450000,64,280.783,-21586.6,54.8183,0.395567
6465000,62,257.247,-21605.6,54.063,0.407333
6480000,76,337.413,-21577.1,89.1172,0.406289
6495000,64,287.826,-21593.8,53.5216,0.3974
6510000,73,330.872,-21590.6,65.6433,0.408533
6525000,77,312.467,-21571.1,83.1185,0.402733
6540000,71,306.169,-21580.2,79.9637,0.4174
6555000,51,209.266,-21620.8,51.477,0.394589
6570000,69,295.173,-21574.7,81.4638,0.401667
6585000,64,280.306,-21582,84.0459,0.412933
6600000,66,268.711,-21596.2,55.6241,0.398483
6615000,79,351.957,-21589.7,66.0227,0.402833
6630000,63,261.821,-21580.1,73.7068,0.389413
6645000,88,362.883,-21570.3,83.8782,0.419967
6660000,62,271.546,-21620,64.1303,0.411133
6675000,93,408.113,-21555.5,85.3141,0.422067
6690000,55,234.919,-21596.8,59.5466,0.397433
6705000,83,356.682,-21548.3,86.6415,0.416967
6720000,62,280.844,-21569.8,75.222,0.4038
6735000,65,298.193,-21574.2,62.7686,0.392933
6750000,66,293.337,-21577.8,67.4016,0.403313
6765000,66,283.488,-21604.4,67.8291,0.403867
6780000,72,319.815,-21567.4,65.2812,0.3994
6795000,69,302.135,-21570.3,83.0579,0.390867
6810000,60,259.231,-21586.9,57.4835,0.3934
6825000,59,242.789,-21589.9,53.8418,0.3981
6840000,69,286.116,-21570.3,77.7569,0.398567
6855000,76,327.96,-21581,80.2373,0.4108
6870000,69,299.214,-21586.7,66.2991,0.4038
6885000,58,249.593,-21601.8,54.4251,0.396067
6900000,62,264.535,-21593.5,54.4174,0.3908
6915000,72,324.943,-21588.8,55.923,0.4064
6930000,58,221.301,-21574.8,62.4474,0.394027
6945000,70,313.974,-21593.4,64.2924,0.406733
6960000,54,218.445,-21600.1,56.5385,0.395067
6975000,59,263.751,-21622.4,59.287,0.3958
6990000,74,307.685,-21560.6,64.8932,0.400311
7005000,85,367.273,-21551.3,92.8404,0.4154
7020000,90,390.336,-21548,107.223,0.4076
7035000,87,361.259,-21555.5,93.0633,0.425867
7050000,84,373.452,-21569.7,77.9146,0.4002
7065000,72,310.958,-21588.1,77.0218,0.426867
7080000,83,362.814,-21589.6,96.6561,0.4116
7095000,61,268.925,-21601.6,73.1492,0.393292
7110000,66,292.138,-21601.8,58.3803,0.394467
7125000,70,295.238,-21577.9,69.5132,0.408
7140000,87,379.621,-21562.9,101.204,0.411133
7155000,88,382.306,-21547.9,92.4613,0.4174
7170000,104,467.134,-21559.5,108.919,0.420267
7185000,95,406.762,-21537.6,93.9762,0.424333
7200000,80,339.537,-21569.7,78.6088,0.414
7215000,80,333.274,-21538,94.8445,0.408067
7230000,78,319.166,-21559.1,89.5649,0.41
7245000,58,265.251,-21614.9,74.0066,0.39997
7260000,57,231.722,-21584.2,65.6131,0.4008
7275000,57,248.687,-21611.6,59.9279,0.386933
7290000,52,217.815,-21605.9,66.6931,0.395267
7305000,52,216.038,-21620.3,48.8004,0.399122
7320000,49,199.482,-21605.4,52.382,0.3873
7335000,70,305.332,-21593.7,55.9578,0.39256
7350000,76,341.918,-21617.6,66.8509,0.411533
7365000,76,333.667,-21568.4,76.9458,0.4072
7380000,76,323.17,-21559.9,72.1776,0.419333
7395000,60,266.025,-21584.3,61.9257,0.400067
7410000,73,309.396,-21583.4,71.5271,0.4087
7425000,61,268.736,-21579.8,48.9108,0.399733
7440000,75,332.051,-21574.9,73.7428,0.402822
7455000,54,235.191,-21610.4,50.4608,0.405633
7470000,72,311.677,-21564.4,63.7125,0.410867
7485000,64,258.274,-21583.7,70.2165,0.400367
7500000,73,300.99,-21565.7,85.6658,0.397067
7515000,81,360.359,-21566.8,63.764,0.4
7530000,75,330.551,-21578.3,73.5174,0.399987
7545000,74,324.695,-21579.9,74.8945,0.411533
7560000,85,368.121,-21545,86.7105,0.401633
7575000,68,296.74,-21566.4,61.08,0.388467
7590000,80,342.89,-21546.3,86.911,0.3948
7605000,78,340.109,-21546.5,87.2966,0.3928
7620000,57,238.195,-21612.1,70.0852,0.409
7635000,73,317.709,-21562.8,75.2555,0.393567
7650000,62,246.247,-21589.8,57.9542,0.395486
7665000,77,321.464,-21577.6,81.1805,0.391933
7680000,57,231.387,-21572.6,55.5045,0.384378
7695000,66,282.138,-21574.4,70.6288,0.402833
7710000,61,268.474,-21585.3,76.7739,0.4032
7725000,76,329.334,-21557.9,93.8123,0.39892
7740000,81,374.204,-21540.5,71.3364,0.3861
7755000,86,364.559,-21546.9,72.894,0.4034
7770000,77,344.369,-21534.2,75.4087,0.392267
7785000,57,233.24,-21577.8,51.7856,0.402213
7800000,69,298.42,-21571.7,82.9104,0.395533
7815000,67,292.706,-21540.7,58.4367,0.3918
7830000,65,273.246,-21565.2,52.5272,0.392133
7845000,75,340.528,-21578.4,71.2837,0.389967
7860000,53,227.806,-21582.8,56.9297,0.383696
7875000,75,327.633,-21561.2,74.8138,0.3909
7890000,78,333.445,-21533.5,80.8627,0.403667
7905000,81,351.152,-21542.4,70.3845,0.402
7920000,75,336.103,-21555.8,62.3097,0.395467
7935000,74,340.902,-21557.4,82.168,0.391533
7950000,75,339.361,-21586,66.9103,0.4026
7965000,61,252.585,-21584.7,60.1091,0.397296
7980000,56,239.91,-21606,56.9791,0.4002
7995000,57,247.947,-21614.2,64.4089,0.386733
8010000,50,212.346,-21615.5,41.6262,0.394067
8025000,56,238.71,-21618.4,59.6063,0.391133
8040000,74,336.819,-21583.9,75.3935,0.391067
8055000,68,310.524,-21578.7,77.5605,0.416133
8070000,57,255.793,-21615.8,63.3478,0.394733
8085000,60,249.172,-21573.1,77.3962,0.405667
8100000,70,293.146,-21587.2,72.3744,0.393333
8115000,80,343.632,-21586.7,97.4708,0.4016
8130000,65,270.087,-21580.5,64.1911,0.395683
8145000,62,265.568,-21591.1,60.8445,0.385467
8160000,44,191.287,-21630.3,40.7698,0.395822
8175000,71,327.52,-21582.6,89.7263,0.402867
8190000,78,360.179,-21616.9,73.7435,0.41092
8205000,57,236.39,-21606.4,61.7227,0.401
8220000,67,285.459,-21602.9,73.8842,0.423533
8235000,64,279.496,-21623,67.8355,0.407
8250000,59,257.849,-21582,55.2519,0.400653
8265000,67,305.624,-21592.5,56.9171,0.399267
8280000,47,206.524,-21632.4,58.1789,0.39976
8295000,77,339.011,-21586.5,68.4311,0.4023
8310000,71,306.509,-21614.1,72.0974,0.411333
8325000,70,301.957,-21580.9,69.4363,0.4054
8340000,59,254.904,-21616.6,61.5011,0.416567
8355000,64,275.584,-21576.8,49.513,0.3863
8370000,72,301.996,-21563.8,78.7336,0.385667
8385000,75,318.261,-21563.3,69.1755,0.401267
8400000,59,259.738,-21585.7,62.7686,0.397267
8415000,59,264.823,-21598.1,65.8036,0.386333
8430000,57,233.241,-21577.1,51.0612,0.391639
8445000,70,307.512,-21601.9,56.0478,0.399067
8460000,65,279.412,-21592.6,63.9936,0.414733
8475000,50,215.081,-21625.2,47.0754,0.400237
8490000,62,248.869,-21596.7,51.8225,0.398283
8505000,49,213.401,-21641.1,42.3109,0.382733
8520000,50,219.557,-21592.3,43.6592,0.39475
8535000,57,235.692,-21625.4,52.639,0.387444
8550000,62,264.009,-21609,59.706,0.393467
8565000,58,244.25,-21596.4,49.7098,0.395933
8580000,61,257.609,-21591.7,50.7669,0.405889
8595000,60,252.846,-21572.7,52.0058,0.398367
8610000,65,296.787,-21606.7,59.6306,0.399667
8625000,62,277.828,-21594.2,72.0844,0.406533
8640000,51,220.766,-21595.7,51.4741,0.4086
8655000,69,285.445,-21589.8,69.2172,0.419667
8670000,51,209.437,-21605.5,51.7951,0.390376
8685000,62,271.787,-21614.3,58.8565,0.393924
8700000,63,287.052,-21622,61.934,0.411533
8715000,78,347.073,-21585.2,78.0495,0.407133
8730000,87,362.947,-21589.3,78.9234,0.412733
8745000,68,293.152,-21572.9,63.2347,0.411
8760000,72,317.926,-21574.2,61.8738,0.3922
8775000,61,267.956,-21597.7,46.4361,0.397133
8790000,62,263.182,-21578.7,65.0975,0.401356
8805000,73,326.504,-21581.9,91.568,0.401867
8820000,59,255.139,-21585.6,63.2143,0.393111
8835000,62,268.105,-21587.2,63.1685,0.388667
8850000,49,211.861,-21576.1,50.5707,0.392156
8865000,55,242.808,-21579,59.1099,0.393651
8880000,58,262.674,-21596.7,58.4512,0.384444
8895000,64,282.445,-21599.6,68.0596,0.3998
8910000,68,290.432,-21590.6,66.9275,0.4134
8925000,64,269.965,-21569.7,67.7391,0.408133
8940000,61,248.435,-21602.2,70.7422,0.394867
8955000,55,243.613,-21596.3,51.0283,0.400578
8970000,65,267.851,-21607.2,64.25,0.40325
8985000,58,252.139,-21589.8,74.169,0.404533
9000000,56,247.371,-21602,53.8751,0.405133
9015000,44,189.868,-21592.2,42.7471,0.384567
9030000,62,266.195,-21611,58.8274,0.398667
9045000,55,252.973,-21599.4,72.6256,0.376533
9060000,57,245.935,-21580.6,51.9391,0.388233
9075000,86,375.92,-21590.3,82.4202,0.396611
9090000,78,342.527,-21579.1,65.9698,0.4208
9105000,89,389.268,-21578.7,85.5978,0.4086
9120000,85,354.884,-21581.4,87.9566,0.4182
9135000,78,331.721,-21574.7,69.5381,0.403667
9150000,75,329.839,-21572.8,85.7098,0.410933
9165000,75,330.928,-21586.9,77.3158,0.411333
9180000,69,284.157,-21574.7,75.8803,0.402037
9195000,69,294.806,-21616.7,73.6175,0.396289
9210000,81,357.468,-21561.6,79.5752,0.397978
9225000,66,276.533,-21599.5,63.2397,0.405967
9240000,62,271.703,-21617.9,59.1956,0.4064
9255000,59,256.236,-21611.3,59.5861,0.398667
9270000,61,254.353,-21580.5,63.2323,0.402444
9285000,63,263.259,-21566.6,71.7743,0.365
9300000,64,270.634,-21580.4,75.9533,0.386667
9315000,68,290.357,-21583.3,58.6632,0.394667
9330000,66,279.861,-21560.5,63.6863,0.406267
9345000,69,276.55,-21565.3,74.1183,0.3788
9360000,73,320.013,-21570,56.1259,0.379067
9375000,76,334.484,-21559.1,70.116,0.3988
9390000,65,291.129,-21609.8,63.627,0.391867
9405000,51,223.52,-21617.5,52.4084,0.386953
9420000,66,274.377,-21551.3,58.4559,0.394689
9435000,72,292.989,-21556.9,60.6077,0.396333
9450000,54,227.066,-21596.7,67.6262,0.39065
9465000,64,273.546,-21592.5,73.6889,0.3954
9480000,72,324.791,-21564.7,66.8769,0.397333
9495000,76,324.963,-21567.6,84.0031,0.408267
9510000,77,329.794,-21550.7,63.5115,0.399067
9525000,66,281.247,-21599.4,63.3183,0.407167
9540000,66,282.1,-21552.5,69.5828,0.396133
9555000,74,326.205,-21550.1,79.0543,0.3922
9570000,61,271.151,-21609.3,49.528,0.395133
9585000,66,288.662,-21603.2,68.0281,0.3918
9600000,67,288.272,-21550.1,76.3718,0.404511
9615000,57,248.607,-21556.8,58.1357,0.384067
9630000,73,315.389,-21557.1,87.8494,0.3882
9645000,73,331.048,-21587,57.2974,0.396267
9660000,72,318.935,-21568.9,73.8055,0.399567
9675000,54,222.961,-21618.2,35.7778,0.388911
9690000,78,339.801,-21594.3,74.2267,0.405733
9705000,68,289.879,-21597.4,83.8756,0.4212
9720000,78,341.805,-21571,66.6069,0.403933
9735000,79,343.327,-21562,71.4167,0.4044
9750000,59,242.112,-21603.3,53.0983,0.406533
9765000,77,354.569,-21590.5,82.2944,0.399833
9780000,54,238.591,-21584.7,47.6484,0.391133
9795000,70,322.136,-21594,61.2701,0.406633
9810000,75,320.22,-21571.8,76.7057,0.4052
9825000,77,344.121,-21557.5,79.7305,0.4116
9840000,73,320.399,-21553.7,72.777,0.4136
9855000,74,309.582,-21610.4,77.4736,0.396356
9870000,87,384.023,-21569.2,91.3339,0.407633
9885000,87,360.56,-21580.8,77.5308,0.406333
9900000,51,221.609,-21619.4,50.3237,0.396756
9915000,61,252.909,-21625.8,50.7924,0.390496
9930000,79,363.085,-21588,85.4487,0.406533
9945000,50,218.675,-21620.4,55.2547,0.401578
9960000,76,331.463,-21592.1,92.436,0.410289
9975000,67,295.982,-21582.8,64.0647,0.399444
9990000,64,275.415,-21573.3,51.3162,0.411433
10005000,70,279.252,-21580.7,77.1631,0.403267
10020000,77,328.808,-21569.5,88.0691,0.399333
10035000,67,280.585,-21591.8,64.2904,0.389667
10050000,59,272.307,-21557,51.2533,0.392867
10065000,49,209.114,-21611,43.958,0.398492
10080000,70,310.558,-21578.9,65.6653,0.399283
10095000,75,346.246,-21579.9,67.9017,0.421733
10110000,73,321.745,-21566.1,80.8973,0.411
10125000,61,263.544,-21558.3,61.5177,0.391467
10140000,72,301.783,-21552.9,45.331,0.41
10155000,82,376.084,-21563.9,74.4435,0.407733
10170000,56,249.688,-21616.4,61.5606,0.393292
10185000,51,223.549,-21583.3,46.6125,0.382467
10200000,78,329.685,-21601,77.5393,0.408511
10215000,68,281.444,-21564.2,66.4746,0.404667
10230000,67,288.654,-21579.5,68.6175,0.403467
10245000,65,281.279,-21580.5,64.4801,0.405267
10260000,77,345.656,-21587.8,76.4936,0.400656
10275000,69,297.521,-21588.2,79.6852,0.416567
10290000,75,323.976,-21604.9,77.3447,0.4048
10305000,63,283.965,-21602.9,61.9949,0.412133
10320000,57,256.758,-21607.2,49.5507,0.394133
10335000,62,263.697,-21600.1,62.3304,0.3912
10350000,54,232.783,-21581.4,43.0249,0.397717
10365000,63,248.369,-21598.4,64.1221,0.398972
10380000,70,290.812,-21573.3,77.9224,0.393
10395000,66,283.833,-21588.6,63.9324,0.394622
10410000,65,273.303,-21585.6,74.2644,0.3969
10425000,56,218.107,-21565.7,51.1317,0.385333
10440000,63,287.281,-21592.2,67.2647,0.388133
10455000,69,321.627,-21549.5,73.3647,0.4036
10470000,76,325.183,-21571.1,93.8198,0.3968
10485000,67,291.454,-21559.2,57.3414,0.390867
10500000,67,292.465,-21558.1,69.7927,0.390667
10515000,62,258.894,-21576.6,62.8757,0.391267
10530000,75,318.878,-21573.9,69.4717,0.396876
10545000,57,242.062,-21580.6,51.9083,0.400233
10560000,72,306.831,-21560.2,81.5266,0.3977
10575000,63,275.474,-21568,67.5976,0.400576
10590000,70,317.699,-21575,74.8634,0.4027
10605000,54,217.422,-21597,58.5487,0.395667
10620000,68,290.746,-21593.4,76.5588,0.409633
10635000,53,224.073,-21569.3,46.9184,0.397433
10650000,65,282.934,-21582.5,66.5032,0.402267
10665000,58,241.589,-21572.2,57.6898,0.3917
10680000,66,272.432,-21570.5,68.9738,0.390667
10695000,68,298.46,-21562.6,80.0776,0.397644
10710000,66,285.912,-21573.9,71.3717,0.402733
10725000,66,273.703,-21570.7,68.9411,0.398067
10740000,61,280.68,-21580.4,54.3815,0.394333
10755000,68,289.096,-21570.1,72.8071,0.399413
10770000,58,238.737,-21577.9,51.5705,0.392182
10785000,64,269.944,-21603.1,68.0701,0.4036
10800000,57,228.855,-21571.7,61.2342,0.40145
10815000,55,249.409,-21578.9,50.197,0.384222
10830000,57,235.797,-21579.4,51.6823,0.390433
10845000,63,268.461,-21589.2,64.135,0.401067
10860000,67,290.098,-21603.6,60.4582,0.396578
10875000,60,252.029,-21566.2,58.4226,0.389178
10890000,58,246.676,-21563.3,54.9963,0.384933
10905000,67,285.845,-21562.6,76.2328,0.3904
10920000,50,212.849,-21596.6,52.2109,0.394
10935000,56,239.516,-21602.9,61.1674,0.393367
10950000,55,245.106,-21614,50.9934,0.3925
10965000,45,171.789,-21637.4,48.2212,0.394942
10980000,57,237.475,-21570.1,38.8226,0.391422
10995000,61,273.091,-21570.7,59.1349,0.385667
11010000,55,233.87,-21616.5,37.4438,0.391844
11025000,69,275.849,-21567.6,75.8641,0.392667
11040000,64,267.074,-21555.4,72.1342,0.3992
11055000,59,244.621,-21601.1,52.4785,0.388
11070000,72,300.052,-21573.5,69.8209,0.3972
11085000,69,285.389,-21589.3,72.9615,0.407067
11100000,73,311.198,-21574.3,69.5255,0.398033
11115000,58,229.442,-21586.5,64.0698,0.3913
11130000,69,302.259,-21570.9,63.754,0.393889
11145000,70,302.332,-21580.2,82.0831,0.397133
11160000,62,269.752,-21562.6,45.3961,0.398383
11175000,68,279.451,-21556.1,71.7018,0.390333
11190000,67,276.43,-21577,59.9632,0.400333
11205000,68,307.446,-21559.9,67.1894,0.4104
11220000,74,318.183,-21589.9,63.3548,0.39572
11235000,66,288.273,-21573.3,63.9136,0.402967
11250000,66,272.362,-21574.4,62.4503,0.400267
11265000,78,331.516,-21592.9,89.9324,0.404333
11280000,64,273.744,-21584.4,64.2021,0.395212
11295000,64,290.992,-21565.8,60.6087,0.3954
11310000,81,350.436,-21591.6,76.3143,0.3896
11325000,70,308.401,-21566.7,79.2057,0.398178
11340000,67,283.029,-21555.9,74.4592,0.39659
11355000,61,257.141,-21574.2,55.5781,0.396578
11370000,60,268.827,-21608.4,71.1779,0.396567
11385000,61,268.471,-21592.7,61.0101,0.40085
11400000,58,256.142,-21577.5,59.0282,0.396911
11415000,49,224.664,-21600.7,46.5797,0.394222
11430000,51,218.396,-21588.8,56.1008,0.390467
11445000,71,312.151,-21582.7,80.4791,0.382467
11460000,66,298.793,-21575.2,68.5257,0.414667
11475000,65,272.317,-21588.7,63.7962,0.408467
11490000,54,225.946,-21598.4,55.105,0.396705
11505000,75,317.834,-21554.6,60.481,0.402911
11520000,81,366.251,-21559.6,93.7715,0.3968
11535000,96,421.84,-21568,96.5656,0.4138
11550000,80,334.181,-21577.6,71.6894,0.409307
11565000,82,354.65,-21570.9,76.5765,0.415933
11580000,68,289.84,-21579,67.6063,0.406367
11595000,60,252.714,-21568.2,60.5545,0.378933
11610000,72,296.127,-21560.7,76.3499,0.405578
11625000,61,262.445,-21549.4,59.2825,0.4006
11640000,65,276.794,-21555.6,55.8233,0.384533
11655000,71,312.936,-21585.7,73.0458,0.392822
11670000,66,267.714,-21595,76.5728,0.397556
11685000,87,381.322,-21542.7,74.641,0.398089
11700000,87,372.938,-21552.5,96.03,0.398733
11715000,91,400.133,-21529,98.478,0.397733
11730000,60,262.223,-21567,63.0556,0.391383
11745000,68,274.794,-21524.2,57.8174,0.391433
11760000,59,258.1,-21591.2,55.5378,0.389533
11775000,53,238.825,-21604.9,48.2783,0.386192
11790000,63,273.226,-21561.3,66.0419,0.380644
11805000,68,296.509,-21539.2,56.2387,0.3906
11820000,60,263.005,-21617.1,55.1282,0.390033
11835000,73,328.99,-21596.8,65.8908,0.4016
11850000,71,313.022,-21573.7,78.2478,0.388493
11865000,63,271.74,-21585.4,62.228,0.393733
11880000,68,287.902,-21561.1,63.8079,0.390853
11895000,69,295.674,-21552.5,71.1808,0.399267
11910000,68,286.67,-21576.8,70.6233,0.394089
11925000,59,246.868,-21603.7,72.2858,0.389422
11940000,55,227.681,-21559.6,65.2664,0.386444
11955000,68,293.619,-21598.3,78.3155,0.373067
11970000,54,233.25,-21576.8,43.0673,0.391
11985000,56,235.106,-21593,58.4774,0.386633
12000000,65,284.581,-21592.3,67.3956,0.381333
12015000,68,299.315,-21565,56.751,0.38916
12030000,67,299.369,-21561.8,71.3344,0.3884
12045000,76,344.57,-21550,92.4863,0.399333
12060000,84,357.377,-21580.3,67.7843,0.404733
12075000,80,352.192,-21570.2,76.716,0.399667
12090000,71,303.476,-21563.7,57.6779,0.405653
12105000,76,336.021,-21566.3,88.8395,0.4006
12120000,63,293.013,-21568.3,71.1688,0.3935
12135000,57,256.997,-21605.7,66.3942,0.3958
12150000,63,284.848,-21578.8,53.7086,0.3902
12165000,52,235.403,-21621.1,46.7139,0.395333
12180000,69,299.822,-21599.8,60.5808,0.3995
12195000,74,321.237,-21621.8,63.9315,0.408333
12210000,66,299.688,-21592.7,68.3779,0.4084
12225000,64,293.138,-21579.7,75.0712,0.387467
12240000,60,257.054,-21581.2,45.729,0.396827
12255000,67,289.296,-21579.7,75.889,0.400433
12270000,76,337.477,-21594.7,76.2543,0.3972
12285000,80,354.902,-21601,76.2559,0.383417
12300000,66,275.81,-21579.9,72.6701,0.3943
12315000,86,380.472,-21581,84.9613,0.401733
12330000,67,276.335,-21583.8,64.2467,0.407178
12345000,78,355.894,-21592.6,74.6166,0.4088
12360000,65,264.259,-21578.4,55.4543,0.393733
12375000,74,316.052,-21588.8,67.5913,0.401496
12390000,78,333.745,-21600.4,75.8337,0.402267
12405000,72,319.317,-21597.3,74.1927,0.407067
12420000,59,256.021,-21586.1,63.5027,0.3888
12435000,57,234.17,-21587.1,55.5206,0.40088
12450000,63,281.944,-21590.1,58.8181,0.3851
12465000,74,306.222,-21592.2,84.8298,0.405467
12480000,62,265.877,-21601.3,69.6337,0.402362
12495000,64,270.542,-21605.8,77.8993,0.4058
12510000,66,275.312,-21595.9,65.9265,0.396978
12525000,63,261.094,-21607.8,59.7388,0.397233
12540000,69,299.192,-21626.4,62.6302,0.413667
12555000,80,349.243,-21582.3,79.4392,0.416933
12570000,55,235.127,-21603.8,65.0794,0.39235
12585000,77,327.799,-21584,84.27,0.411833
12600000,62,269.996,-21579.2,49.4952,0.398867
12615000,58,255.687,-21624.1,63.8268,0.399133
12630000,90,384.425,-21581.7,86.2836,0.4159
12645000,77,317.434,-21593,85.0989,0.405933
12660000,62,266.273,-21597.5,62.6624,0.393467
12675000,71,297.106,-21565.2,85.9203,0.407267
12690000,68,284.688,-21553.2,83.5358,0.3946
12705000,61,261.052,-21630.9,69.0721,0.397
12720000,82,367.129,-21571.2,75.5582,0.4021
12735000,85,369.308,-21572.8,93.4469,0.415533
12750000,78,330.984,-21585.3,79.3289,0.407667
12765000,71,297.752,-21591,62.2136,0.405414
12780000,64,272.981,-21586.1,64.1034,0.401567
12795000,72,298.769,-21605.6,70.5503,0.416633
12810000,59,259.722,-21607,70.0586,0.4014
12825000,66,287.202,-21580,54.756,0.402933
12840000,58,254.082,-21625.2,59.3432,0.3972
12855000,56,245.485,-21591.1,51.257,0.398333
12870000,42,160.264,-21618.9,40.3559,0.398188
12885000,47,201.491,-21611.6,47.2999,0.375467
12900000,59,254.902,-21615.7,52.0078,0.381667
12915000,76,323.295,-21595.2,72.0641,0.396617
12930000,83,349.339,-21591.7,89.092,0.401767
12945000,85,352.637,-21573.9,76.8784,0.4124
12960000,86,366.868,-21598.9,97.2182,0.420267
12975000,63,248.987,-21606.4,54.8665,0.4052
12990000,81,356.708,-21572.9,72.3362,0.414427
13005000,75,316.36,-21575.6,86.5055,0.402867
13020000,69,289.899,-21569.7,62.6611,0.402667
13035000,60,258.173,-21572.5,57.731,0.3932
13050000,71,310.117,-21602.9,58.294,0.398973
13065000,66,284.725,-21590.6,66.8446,0.409333
13080000,58,238.209,-21598.8,61.1869,0.397
13095000,68,299.456,-21580.6,66.8641,0.398467
13110000,63,250.409,-21565.2,56.7316,0.401813
13125000,68,282.881,-21577.3,58.8391,0.391267
13140000,62,263.477,-21582.8,64.8144,0.406067
13155000,57,255.82,-21602.9,67.1571,0.4008
13170000,57,237.238,-21575.9,63.1732,0.382733
13185000,68,263.619,-21600,63.5749,0.394267
13200000,64,279.4,-21549.3,76.1133,0.392667
13215000,65,277.327,-21575.3,61.3163,0.402467
13230000,65,280.918,-21572.1,65.3144,0.395956
13245000,68,300.539,-21565,75.9082,0.398133
13260000,56,245.107,-21605.8,66.5187,0.387756
13275000,60,282.909,-21605.9,80.4059,0.410633
13290000,61,259.058,-21574.8,37.2213,0.3957
13305000,64,280.701,-21594,57.1484,0.409067
13320000,73,326.064,-21569.3,83.2965,0.392356
13335000,69,291.954,-21578.6,65.4828,0.401711
13350000,73,302.025,-21574.2,81.4852,0.394267
13365000,83,364.699,-21563.4,71.4374,0.408067
13380000,67,278.466,-21607.9,66.9987,0.404817
13395000,82,326.917,-21551.5,83.6442,0.402267
13410000,86,360.543,-21574.8,73.0276,0.392133
13425000,90,369.232,-21528.8,76.8621,0.4026
13440000,61,278.015,-21556.2,66.7251,0.393741
13455000,84,356.604,-21557.3,80.2362,0.405333
13470000,72,322.001,-21582.4,72.3481,0.408133
13485000,79,355.883,-21600.2,85.3765,0.411933
13500000,78,333.613,-21591.2,74.539,0.411333
13515000,80,342.889,-21575.3,80.7403,0.40505
13530000,90,377.017,-21562.1,95.0011,0.407467
13545000,68,291.253,-21554.3,71.7824,0.396422
13560000,82,342.505,-21605.4,82.1352,0.413967
13575000,63,279.232,-21600.9,53.1112,0.4017
13590000,78,339.927,-21582.8,87.458,0.4093
13605000,70,287.103,-21581.5,62.7361,0.407
13620000,72,312.07,-21556.3,75.4325,0.399267
13635000,79,329.105,-21572.1,73.7513,0.403333
13650000,55,248.596,-21593.4,43.6633,0.392033
13665000,66,261.36,-21572.4,60.6803,0.4069
13680000,71,310.182,-21565.3,56.6795,0.387819
13695000,88,393.092,-21575.1,68.7904,0.411867
13710000,92,389.453,-21588.4,83.1283,0.410778
13725000,80,342.562,-21570.9,85.631,0.4128
13740000,76,334.948,-21572.9,75.5533,0.420133
13755000,64,264.597,-21573.3,64.4021,0.404533
13770000,67,277.76,-21573,68.393,0.404867
13785000,65,267.276,-21580.3,66.3691,0.394867
13800000,68,294.615,-21585.2,71.9285,0.387233
13815000,61,238.62,-21573.9,53.9342,0.386
13830000,71,307.166,-21566.8,74.1861,0.394106
13845000,65,276.408,-21580.7,71.7416,0.390467
13860000,64,270.894,-21573.8,61.7883,0.377089
13875000,70,300.049,-21580.1,67.1973,0.387
13890000,63,266.01,-21580.8,67.4235,0.4022
13905000,70,289.298,-21577,57.9574,0.394667
13920000,60,248.043,-21551,68.4085,0.399517
13935000,70,325.863,-21546.6,76.5841,0.39548
13950000,77,354.049,-21580.3,67.3466,0.413733
13965000,66,296.638,-21579.1,56.1218,0.4114
13980000,67,292.03,-21590.7,59.2074,0.40668
13995000,72,316.327,-21575.3,89.278,0.386433
14010000,91,381.132,-21519.5,95.7435,0.400067
14025000,96,388.784,-21513.2,81.5944,0.403867
14040000,110,469.842,-21530.3,115.826,0.4142
14055000,99,404.337,-21538.8,107.549,0.414333
14070000,93,385.097,-21547.5,97.2877,0.4192
14085000,61,245.907,-21572.7,71.8852,0.408848
14100000,78,315.568,-21553.4,63.8119,0.411267
14115000,61,244.946,-21568.1,50.048,0.393067
14130000,65,257.402,-21568.5,57.5331,0.387867
14145000,69,305.945,-21584.4,59.1039,0.401067
14160000,68,264.611,-21579,54.9656,0.3998
14175000,67,283.474,-21564.8,70.5855,0.395333
14190000,55,227.907,-21609.8,58.1305,0.38981
14205000,56,247.888,-21594.9,66.5818,0.395252
14220000,95,413.432,-21563.1,87.8529,0.408133
14235000,91,394.511,-21543.4,100.366,0.414267
14250000,80,352.091,-21546.9,90.3703,0.401667
14265000,76,316.86,-21550.9,70.9942,0.4084
14280000,92,385.335,-21540.5,82.4678,0.4062
14295000,47,198.163,-21620.4,49.8053,0.388743
14310000,78,327.258,-21531.4,69.954,0.394533
14325000,66,290.744,-21621.7,63.902,0.390167
14340000,91,390.018,-21548.7,76.531,0.407767
14355000,75,326.292,-21576.2,90.2852,0.404467
14370000,55,228.279,-21585.7,46.1808,0.384867
14385000,59,253.109,-21607.3,58.9401,0.390078
14400000,62,266.561,-21607.3,58.042,0.395907
14415000,72,317.412,-21586.4,78.0817,0.394178
14430000,53,230.261,-21610.4,41.3235,0.3977
14445000,64,265.006,-21605.9,60.2037,0.3912
14460000,55,234.134,-21582.3,52.5885,0.387867
14475000,64,296.309,-21616.1,75.8727,0.394444
14490000,72,306.918,-21585.7,58.689,0.391433
14505000,76,310.502,-21581.6,67.2289,0.4076
14520000,76,338.565,-21575,93.3922,0.420133
14535000,67,288.127,-21605.3,61.91,0.399276
14550000,56,243.187,-21596.6,59.5766,0.396013
14565000,56,234.95,-21577.8,63.5897,0.3978
14580000,54,228.918,-21605.6,62.3078,0.4054
14595000,61,253.521,-21581,67.0726,0.394133
14610000,61,273.378,-21625.1,51.5637,0.396333
14625000,55,238.93,-21613.8,48.1796,0.399905
14640000,69,313.99,-21614.3,63.354,0.407089
14655000,67,278.844,-21606.8,71.3615,0.414067
14670000,55,251.575,-21617.1,55.3794,0.404467
14685000,67,298.054,-21590.9,54.4081,0.3912
14700000,52,230.837,-21610.5,51.1085,0.401733
14715000,61,260.244,-21593.5,43.8263,0.393267
14730000,72,323.937,-21584.5,64.8632,0.4069
14745000,78,352.484,-21595.4,74.056,0.412467
14760000,70,291.053,-21619.4,59.1845,0.410867
14775000,62,265.345,-21615.4,58.2282,0.408933
14790000,72,312.095,-21582.8,65.064,0.395333
14805000,76,342.226,-21582.9,85.7245,0.408867
14820000,61,283.872,-21590,55.8732,0.4102
14835000,70,289.508,-21588.8,65.636,0.401375
14850000,54,215.654,-21592.3,52.9226,0.403627
14865000,62,275.656,-21570.4,70.3807,0.395667
14880000,58,241.273,-21573.3,53.5694,0.389733
14895000,58,228.435,-21575.6,59.202,0.3792
14910000,61,251.173,-21599.3,51.0222,0.397078
14925000,54,227.896,-21611.7,68.4586,0.393733
14940000,56,251.277,-21594.7,44.0285,0.389067
14955000,69,277.696,-21579.1,62.7592,0.389417
14970000,67,302.265,-21611.7,66.0425,0.406267
14985000,75,321.82,-21566.8,83.7724,0.411567
15000000,74,326.938,-21582.7,62.2757,0.404733
15015000,75,318.97,-21572.4,87.0749,0.405733
15030000,73,322.489,-21590.2,81.3628,0.398711
15045000,71,296.639,-21535.5,81.7305,0.4049
15060000,68,311.462,-21563.9,65.9881,0.397733
15075000,69,312.256,-21557.7,67.5613,0.399933
15090000,61,276.514,-21564.7,50.3457,0.3974
15105000,58,254.804,-21575.3,59.6546,0.3948
15120000,72,308.017,-21542,70.2948,0.401667
15135000,66,286.06,-21583.1,50.7091,0.3806
15150000,72,286.786,-21568.7,72.2431,0.394522
15165000,61,246.604,-21587.7,66.3086,0.383467
15180000,56,230.324,-21574.7,56.8234,0.387267
15195000,65,285.021,-21570.1,60.3223,0.3902
15210000,67,288.074,-21545.4,77.271,0.386867
15225000,63,278.314,-21554.9,60.4835,0.4006
15240000,60,262.1,-21561,55.3239,0.3856
15255000,54,224.896,-21607.5,59.3281,0.397653
15270000,64,251.005,-21578.8,60.6293,0.392533
15285000,74,319.686,-21562.3,75.1903,0.390089
15300000,61,263.391,-21565.6,60.3637,0.3952
15315000,70,305.726,-21584.3,71.2696,0.387689
15330000,66,279.96,-21572.2,71.1289,0.400367
15345000,69,288.584,-21589,77.8347,0.395733
15360000,66,270.562,-21580.3,65.5334,0.406489
15375000,67,278.211,-21590.3,66.6422,0.385433
15390000,66,272.129,-21598.7,70.5776,0.401033
15405000,65,279.264,-21604.5,62.6206,0.397933
15420000,72,296.642,-21601.5,70.9586,0.400273
15435000,82,365.715,-21591.1,68.9444,0.40755
15450000,62,261.446,-21590.4,79.4048,0.404467
15465000,64,286.998,-21585.7,67.6116,0.399933
15480000,59,255.069,-21612.1,57.126,0.3966
15495000,66,261.903,-21586.1,65.6002,0.402422
15510000,63,269.09,-21580.7,78.0406,0.390667
15525000,77,314.379,-21562.7,62.6396,0.405733
15540000,47,205.262,-21616.2,41.7743,0.399695
15555000,60,264.414,-21590.9,69.4584,0.391633
15570000,46,195.999,-21625.4,47.0916,0.380033
15585000,70,304.297,-21590.1,70.4323,0.401867
15600000,60,265.106,-21598.3,57.6497,0.3968
15615000,67,296.264,-21605.3,64.8733,0.414467
15630000,48,208.719,-21616.6,48.7727,0.386653
15645000,69,300.093,-21581.3,61.4736,0.401833
15660000,64,271.756,-21584.1,74.4883,0.4066
15675000,79,348.602,-21580,73.5926,0.410467
15690000,91,408.257,-21590.4,93.9939,0.420133
15705000,74,316.249,-21591.2,67.1694,0.417067
15720000,66,288.283,-21604.9,68.8373,0.409889
15735000,48,215.453,-21629.5,46.2453,0.405885
15750000,64,265.122,-21577.5,70.4351,0.402778
15765000,75,315.486,-21582.5,75.4097,0.406333
15780000,69,300.472,-21562.2,68.6212,0.399733
15795000,75,333.023,-21557.7,64.4367,0.407533
15810000,80,360.368,-21577.4,84.3246,0.417667
15825000,75,304.251,-21575.1,72.5295,0.410533
15840000,77,337.322,-21572.2,65.3887,0.413067
15855000,71,327.003,-21574.4,78.3869,0.402867
15870000,67,285.609,-21576.1,80.1464,0.395867
15885000,56,242.986,-21594.1,62.425,0.3966
15900000,55,245.675,-21587.1,54.8172,0.390691
15915000,62,252.956,-21563.6,71.2711,0.3869
15930000,73,304.798,-21561.8,81.792,0.396067
15945000,61,259.178,-21594.7,61.7705,0.401391
15960000,61,259.882,-21599.3,59.4678,0.394733
15975000,57,236.505,-21587.4,64.1858,0.381307
15990000,53,227.691,-21608.3,62.1191,0.3925
16005000,59,265.614,-21580,64.2596,0.39048
16020000,68,311.908,-21574.7,77.101,0.3922
16035000,80,346.439,-21554.2,71.1677,0.4102
16050000,66,289.22,-21584.4,68.4228,0.4022
16065000,60,254.022,-21582.7,55.9254,0.383578
16080000,71,318.648,-21587.9,70.2231,0.399733
16095000,69,287.966,-21567.7,69.5067,0.403689
16110000,71,317.672,-21566.2,66.6294,0.416733
16125000,67,292.429,-21586.2,65.5066,0.4106
16140000,47,187.397,-21611.7,49.3037,0.39765
16155000,65,282.07,-21586.8,66.6538,0.397848
16170000,67,288.662,-21615.2,60.8263,0.3946
16185000,63,248.155,-21564.3,73.3467,0.4018
16200000,70,312.429,-21593.4,72.9353,0.398044
16215000,69,286.184,-21586.3,71.1297,0.392467
16230000,66,255.265,-21587.9,70.3514,0.386244
16245000,51,213.061,-21599.4,56.7739,0.3817
16260000,64,263.059,-21578.5,58.7298,0.394267
16275000,67,276.73,-21562.7,59.1279,0.401133
16290000,66,278.73,-21576.3,69.4944,0.3996
16305000,69,303.332,-21598.3,53.8729,0.400417
16320000,68,285.047,-21541.7,58.5922,0.4042
16335000,77,332.298,-21540.8,79.1639,0.398667
16350000,65,279.011,-21536.2,73.081,0.3918
16365000,76,316.426,-21533.4,86.0876,0.390733
16380000,87,386.304,-21536.5,98.7384,0.4094
16395000,90,395.905,-21550.2,86.307,0.4092
16410000,80,342.024,-21550.3,72.2086,0.397733
16425000,78,349.687,-21533.8,75.7311,0.4066
16440000,81,341.882,-21572.7,76.8129,0.407867
16455000,65,287.93,-21618.6,63.0491,0.393361
16470000,60,249.981,-21579.5,73.4091,0.4055
16485000,66,285.559,-21590,70.1218,0.403
16500000,72,311.564,-21597.3,78.4154,0.4012
16515000,61,272.719,-21598.7,62.7237,0.402433
16530000,53,225.04,-21626.7,62.0554,0.395098
16545000,62,269.092,-21603.7,61.7319,0.407689
16560000,55,235.392,-21572.5,59.1989,0.387533
16575000,62,255.019,-21574.9,63.9,0.3842
16590000,54,228.803,-21595.7,54.9748,0.394533
16605000,63,264.108,-21572.5,54.5827,0.391233
16620000,59,260.53,-21626.9,56.4714,0.396333
16635000,68,298.179,-21544.6,78.065,0.393933
16650000,42,188.483,-21630.6,42.8869,0.391533
16665000,47,207.036,-21616.5,41.7229,0.39266
16680000,67,298.392,-21582.2,63.0979,0.405244
16695000,49,221.895,-21617.1,49.5077,0.393533
16710000,67,286.085,-21564.5,72.6612,0.404067
16725000,83,358.616,-21560.3,74.145,0.4032
16740000,91,393.145,-21530.5,88.3,0.408267
16755000,80,327.428,-21563.2,74.9051,0.407
16770000,80,353.591,-21560.9,85.281,0.403333
16785000,86,373.75,-21560.5,82.7602,0.411733
16800000,75,326.962,-21569,65.6503,0.416
16815000,63,263.474,-21571.3,59.0666,0.394583
16830000,70,291.971,-21574.2,73.4712,0.392133
16845000,64,266.183,-21597.1,67.5271,0.4166
16860000,69,299.697,-21578.6,74.2409,0.407467
16875000,65,280.162,-21591,69.0641,0.409033
16890000,79,346.926,-21563.1,68.0587,0.404233
16905000,68,285.019,-21603.7,56.9044,0.4081
16920000,77,336.511,-21583.9,77.4479,0.415867
16935000,69,320.263,-21583.9,53.7969,0.403067
16950000,61,264.088,-21611.9,54.4121,0.404733
16965000,47,207.044,-21625.5,48.2475,0.3867
16980000,71,311.27,-21589.9,61.2563,0.390467
16995000,62,278.956,-21587.8,61.3889,0.401333
17010000,66,279.366,-21572.4,84.5984,0.394067
17025000,51,224.388,-21610.5,45.2493,0.395912
17040000,89,381.005,-21554.3,109.095,0.390967
17055000,66,290.457,-21599.8,73.9747,0.395189
17070000,47,190.06,-21615.8,45.3974,0.403333
17085000,56,225.563,-21623.3,61.2983,0.394867
17100000,57,258.16,-21592.4,57.4844,0.392378
17115000,62,256.445,-21574.1,63.0914,0.407373
17130000,69,300.269,-21589.7,68.6201,0.397
17145000,73,320.025,-21589,72.9182,0.4134
17160000,64,289.382,-21609.1,72.9579,0.417
17175000,63,265.273,-21573.4,62.6505,0.38652
17190000,65,281.521,-21596.5,58.257,0.398467
17205000,62,267.023,-21599.2,65.8856,0.399733
17220000,68,287.433,-21593.9,74.8575,0.4042
17235000,53,226.604,-21603,58.2579,0.401933
17250000,48,217.793,-21609.7,50.0515,0.391891
17265000,54,232.561,-21613.8,52.2454,0.400167
17280000,63,259.044,-21570,44.6663,0.398967
17295000,72,325.52,-21583.9,75.1394,0.402867
17310000,51,226.334,-21616.6,45.3097,0.393356
17325000,63,267.409,-21634.5,59.2568,0.400773
17340000,66,282.951,-21580.4,52.6462,0.413022
17355000,74,329.56,-21606.7,73.6667,0.412422
17370000,71,327.242,-21586.8,72.6358,0.4001
17385000,70,304.285,-21587.9,60.824,0.410533
17400000,66,291.695,-21586,68.658,0.396133
17415000,64,286.183,-21590.6,72.0245,0.389733
17430000,59,267.662,-21593.2,58.3518,0.384667
17445000,70,303.725,-21578.1,75.9295,0.392733
17460000,55,231.732,-21609.7,58.9752,0.39981
17475000,72,323.304,-21588.9,76.2599,0.397267
17490000,59,261.312,-21596.8,54.5267,0.402255
17505000,82,369.839,-21601.7,92.4673,0.403633
17520000,81,331.218,-21589.7,83.4236,0.419867
17535000,61,268.718,-21619.3,70.7573,0.3928
17550000,61,265.227,-21602,54.8322,0.407733
17565000,61,264.966,-21590.3,51.5377,0.397267
17580000,78,343.347,-21597.8,73.5521,0.411733
17595000,63,279.438,-21597.2,49.4269,0.409381
17610000,57,240.781,-21615.5,59.9429,0.394933
17625000,59,264.224,-21616.9,74.6309,0.398944
17640000,64,267.118,-21574.3,55.3518,0.406233
17655000,67,292.141,-21586.7,61.593,0.4054
17670000,60,269.788,-21576,62.8911,0.394667
17685000,57,234.761,-21614,65.0933,0.39728
17700000,68,301.77,-21581.1,68.682,0.406978
17715000,71,308.313,-21581.4,54.6956,0.420133
17730000,75,313.56,-21577.6,71.9109,0.406
17745000,78,341.359,-21571.5,68.8535,0.4168
17760000,85,360.536,-21565.2,90.1432,0.41
17775000,86,360.967,-21564.7,96.576,0.418933
17790000,88,383.046,-21565.3,108.134,0.424867
17805000,53,239.676,-21604.7,44.944,0.400126
17820000,71,328.89,-21563.3,64.9908,0.401333
17835000,53,232.674,-21604.5,61.6452,0.400667
17850000,77,334.785,-21584.7,81.2006,0.399133
17865000,66,282.589,-21631.3,53.6958,0.4032
17880000,56,229.634,-21606,54.1177,0.408067
17895000,54,216.838,-21592.3,46.5004,0.389133
17910000,69,304.537,-21578.4,62.277,0.397467
17925000,66,285.991,-21576.9,68.7734,0.404867
17940000,59,259.133,-21577.8,58.7243,0.400867
17955000,75,315.432,-21555.4,75.7309,0.393867
17970000,64,284.138,-21599.9,72.819,0.392867
17985000,76,315.971,-21578.9,91.7069,0.3976
18000000,70,314.049,-21582.8,77.7065,0.4052
18015000,79,322.617,-21568.6,78.1545,0.3945
18030000,68,297.242,-21581.9,68.4434,0.408067
18045000,59,249.405,-21581.8,75.0607,0.398267
18060000,51,225.377,-21605.1,49.6751,0.393147
18075000,78,340.224,-21586.6,84.3398,0.404267
18090000,63,272.883,-21577.9,58.2138,0.3818
18105000,69,286.79,-21588.3,79.2949,0.405733
18120000,68,295.22,-21583.5,73.5956,0.403608
18135000,72,307.255,-21576,84.2723,0.402967
18150000,68,295.558,-21597.1,70.8403,0.398533
18165000,79,335.951,-21552.1,86.0765,0.395617
18180000,76,322.891,-21568.7,71.3827,0.400233
18195000,66,271.919,-21571.9,50.157,0.4011
18210000,77,332.336,-21569.6,65.1689,0.4022
18225000,72,302.277,-21586.8,74.6665,0.396222
18240000,69,300.942,-21561.2,97.0935,0.406
18255000,66,297.551,-21586.1,63.2306,0.395756
18270000,85,389.587,-21569.5,79.5187,0.4089
18285000,75,318.613,-21563.7,76.3822,0.406933
18300000,86,370.866,-21598.4,93.8715,0.413556
18315000,92,389.631,-21530.1,93.3151,0.399756
18330000,88,354.586,-21514.7,72.7083,0.394533
18345000,85,346.618,-21522.7,87.1081,0.3948
18360000,97,421.913,-21552,86.7186,0.410333
18375000,99,424.113,-21553,96.4235,0.4124
18390000,65,280.006,-21590.8,58.1663,0.405267
18405000,89,383.022,-21533.6,108,0.4011
18420000,97,417.829,-21548.3,90.7853,0.403067
18435000,86,373.315,-21561.9,98.7065,0.410467
18450000,69,286.803,-21550.8,62.4141,0.3882
18465000,65,273.815,-21562,52.5437,0.380467
18480000,57,246.074,-21584.3,63.1721,0.393644
18495000,70,301.228,-21579,70.2826,0.389933
18510000,76,331.043,-21580.1,59.6294,0.414933
18525000,69,295.458,-21570.3,67.1528,0.395067
18540000,64,276.013,-21584.6,65.5031,0.399133
18555000,62,259.81,-21612.2,65.2455,0.400396
18570000,50,207.815,-21591.7,49.2364,0.3994
18585000,64,275.544,-21592.5,62.604,0.396889
18600000,50,214.247,-21588.1,53.5183,0.3938
18615000,63,266.331,-21599.2,52.6271,0.395867
18630000,77,326.195,-21552.8,79.6533,0.389733
18645000,77,340.621,-21587.7,101.146,0.400317
18660000,70,298.091,-21578.5,60.373,0.410933
18675000,53,219.199,-21614.5,45.7197,0.394617
18690000,69,296.263,-21598.6,72.842,0.4058
18705000,62,261.704,-21581.2,63.7748,0.39992
18720000,61,241.379,-21580.3,73.5967,0.393533
18735000,60,251.837,-21609.1,61.6887,0.380533
18750000,56,227.829,-21604.2,44.7043,0.385133
18765000,51,208.964,-21622,53.4464,0.403233
18780000,74,323.479,-21564.5,69.933,0.408033
18795000,64,274.867,-21582.7,70.0046,0.394333
18810000,72,315.621,-21570.8,67.4284,0.382533
18825000,70,286.154,-21569.8,51.9718,0.3992
18840000,79,343.031,-21566.5,75.1707,0.4066
18855000,75,318.322,-21584.8,66.6035,0.395724
18870000,83,373.499,-21532.2,83.7949,0.412133
18885000,70,302.969,-21592.2,62.3461,0.4058
18900000,59,257.246,-21606.7,68.4019,0.3934
18915000,76,314.262,-21547.2,75.8518,0.399778
18930000,71,303.232,-21551.7,74.6436,0.393333
18945000,68,294.822,-21584.3,65.9505,0.390978
18960000,67,270.199,-21592.5,71.836,0.395467
18975000,84,368.442,-21580.6,78.441,0.414433
18990000,76,321.962,-21566.7,74.2041,0.406833
19005000,67,285.379,-21595.3,52.0989,0.403933
19020000,70,309.204,-21555.1,64.5626,0.396867
19035000,66,278.201,-21585.9,55.1567,0.4
19050000,67,277.661,-21596.2,80.731,0.406733
19065000,54,233.167,-21579,57.467,0.391333
19080000,58,239.073,-21583.6,63.2977,0.363933
19095000,58,235.92,-21581.1,55.0201,0.380133
19110000,74,318.795,-21559.5,76.7139,0.390533
19125000,70,297.794,-21585.5,71.62,0.394227
19140000,74,327.907,-21583.2,72.1044,0.385067
19155000,60,258.68,-21565,66.5528,0.395767
19170000,81,364.348,-21563,99.179,0.402733
19185000,76,325.939,-21535.6,78.3086,0.402947
19200000,63,275.124,-21571.5,60.7145,0.407267
19215000,61,268.389,-21573.8,52.6163,0.386467
19230000,72,290.41,-21550.5,64.7156,0.397111
19245000,74,327.357,-21549.6,76.3635,0.402733
19260000,73,311.021,-21562.4,59.0585,0.396733
19275000,79,342.904,-21582.4,83.955,0.393237
19290000,67,283.688,-21590.6,68.9035,0.3931
19305000,63,268.675,-21590.4,73.0904,0.394667
19320000,67,284.001,-21563.8,54.7505,0.391733
19335000,71,295.095,-21567.1,75.4957,0.401817
19350000,67,289.158,-21605.1,84.076,0.40325
19365000,62,268.124,-21606.7,70.804,0.398556
19380000,59,257.507,-21592.8,50.5293,0.4038
19395000,84,340.431,-21582.4,80.3442,0.4062
19410000,88,379.243,-21569.6,88.3245,0.4134
19425000,80,355.498,-21535.9,83.86,0.411333
19440000,77,335.837,-21562.6,61.7327,0.402867
19455000,83,370.893,-21565.3,63.1645,0.410133
19470000,82,351.97,-21570.1,82.2487,0.405533
19485000,76,332.465,-21573.3,71.4989,0.408333
19500000,64,259.261,-21571.8,69.3793,0.402842
19515000,64,263.56,-21570.5,62.3489,0.407
19530000,67,260.098,-21579.1,68.7023,0.415
19545000,64,280.077,-21599.3,74.4669,0.402578
19560000,70,310.274,-21570.1,58.357,0.405067
19575000,56,240.413,-21620.4,56.6936,0.412667
19590000,62,242.815,-21612.8,70.0808,0.403333
19605000,56,228.975,-21602.3,64.7312,0.395706
19620000,72,297.174,-21570,75.7125,0.410483
19635000,77,336.834,-21559.7,76.4749,0.414133
19650000,68,292.163,-21618.2,67.839,0.397244
19665000,74,308.078,-21606.9,61.2482,0.409933
19680000,53,219.007,-21610.9,60.9118,0.395333
19695000,69,296.138,-21575.7,65.4594,0.4001
19710000,61,256.472,-21595.8,70.855,0.4082
19725000,52,230.107,-21617.5,42.4276,0.3942
19740000,61,256.719,-21568.7,67.1335,0.386267
19755000,88,388.499,-21586.4,83.1585,0.412533
19770000,58,253.102,-21608.5,68.561,0.391744
19785000,71,308.587,-21583.8,65.1094,0.405233
19800000,84,369.612,-21595.8,64.2785,0.4134
19815000,53,224.842,-21604,54.3034,0.4021
19830000,57,255.186,-21566.4,50.2543,0.403417
19845000,80,336.837,-21588,86.1188,0.403711
19860000,81,351.917,-21573.2,86.2106,0.417133
19875000,65,272.092,-21574.8,80.4267,0.409
19890000,71,324.601,-21597.4,72.0317,0.414067
19905000,71,296.871,-21568.8,54.2829,0.393622
19920000,59,258.882,-21582.3,55.7329,0.401767
19935000,84,346.41,-21576.8,109.128,0.399333
19950000,75,329.86,-21561.3,64.8488,0.4148
19965000,53,222.777,-21615.3,34.8431,0.398367
19980000,78,334.7,-21551.1,70.3475,0.3989
19995000,76,334.913,-21575.1,54.6687,0.409
20010000,83,364.349,-21568.4,86.8439,0.410133
20025000,64,280.065,-21600.4,78.1487,0.398152
20040000,64,289.277,-21581.8,70.3527,0.4079
20055000,58,241.493,-21612.6,69.4405,0.392833
20070000,66,298.11,-21615.5,65.4165,0.404133
20085000,65,285.685,-21570.9,58.0191,0.396311
20100000,72,310.722,-21578.6,69.2834,0.396533
20115000,76,315.338,-21575.6,80.9553,0.402133
20130000,63,271.474,-21580.9,66.8539,0.401267
20145000,71,321.629,-21592.1,88.2784,0.395533
20160000,73,310.383,-21574.9,79.3175,0.3968
20175000,78,341.942,-21568.7,83.1271,0.401
20190000,73,323.409,-21579.2,65.6257,0.405717
20205000,73,311.66,-21579.8,82.2723,0.403267
20220000,74,321.535,-21566.2,70.2211,0.403
20235000,81,368.508,-21569.2,76.3176,0.404467
20250000,83,351.468,-21595.9,89.2536,0.415933
20265000,72,297.259,-21576.6,69.1626,0.4096
20280000,68,298.496,-21566.8,62.8401,0.403243
20295000,70,293.76,-21592.5,86.0988,0.403167
20310000,74,321.33,-21563.7,74.6886,0.417267
20325000,76,340.526,-21554.8,67.3035,0.410467
20340000,73,332.766,-21574.6,68.0414,0.405467
20355000,66,268.484,-21556.5,51.1622,0.394733
20370000,71,291.109,-21546.9,71.9363,0.393333
20385000,63,258.625,-21565.5,64.876,0.409967
20400000,64,270.067,-21595.3,69.9476,0.4032
20415000,74,317.206,-21607.7,73.7442,0.397733
20430000,75,313.327,-21580.1,87.3318,0.4191
20445000,76,333.821,-21611.3,61.0239,0.418733
20460000,83,348.962,-21553.3,76.0805,0.410778
20475000,96,404.3,-21557.7,105.061,0.410267
20490000,76,321.207,-21553.2,70.312,0.419133
20505000,91,387.8,-21547.5,89.3993,0.417733
20520000,69,278.016,-21569.2,77.8108,0.4118
20535000,68,277.808,-21563.4,60.0639,0.3998
20550000,63,253.773,-21569.6,65.4333,0.393067
20565000,76,323.969,-21577,77.9194,0.416067
20580000,68,282.744,-21593.4,57.8556,0.403933
20595000,70,300.055,-21577.1,79.0697,0.3988
20610000,70,295.398,-21580.3,90.8366,0.398662
20625000,73,329.4,-21596.9,57.2631,0.4104
20640000,53,224.241,-21622.8,51.5962,0.390467
20655000,71,308.837,-21595.3,70.0728,0.407133
20670000,67,275.451,-21566.2,57.7725,0.398133
20685000,61,274.076,-21610.5,53.2765,0.40285
20700000,78,322.866,-21566.3,69.4794,0.400733
20715000,72,298.112,-21562.8,87.2126,0.4042
20730000,69,289.104,-21549.4,82.5169,0.3876
20745000,47,197.821,-21595.4,47.6283,0.393286
20760000,50,224.537,-21612.1,54.327,0.384467
20775000,71,296.802,-21557.6,67.5616,0.388289
20790000,69,281.992,-21576.2,72.5076,0.4014
20805000,56,244.747,-21612,56.366,0.407778
20820000,80,362.09,-21584.4,89.2747,0.401933
20835000,56,238.999,-21621.6,60.5163,0.398633
20850000,79,341.743,-21583.2,87.6709,0.409633
20865000,49,206.08,-21616.9,55.8731,0.3971
20880000,58,228.975,-21558.5,66.8072,0.391067
20895000,54,244.29,-21607.4,62.9257,0.388667
20910000,69,296.806,-21551.6,64.8519,0.389733
20925000,60,271.036,-21601.6,53.1332,0.387
20940000,85,356.251,-21545.3,88.7196,0.405033
20955000,71,318.513,-21567.9,56.0686,0.412133
20970000,79,346.698,-21545.3,82.1338,0.399133
20985000,74,309.972,-21573.9,71.8516,0.405223
21000000,72,313.521,-21571.4,62.5454,0.397093
21015000,70,310.167,-21595.4,65.3576,0.398467
21030000,66,297.743,-21591.5,65.9853,0.384867
21045000,69,295.102,-21583.1,63.5433,0.401467
21060000,67,265.927,-21591.2,62.0249,0.4012
21075000,75,322.132,-21571.5,80.3127,0.400844
21090000,68,305.831,-21578.4,58.3009,0.393833
21105000,64,277.619,-21559.6,58.7246,0.397489
21120000,83,349.319,-21587.5,79.4626,0.408156
21135000,85,375.947,-21573.4,65.1611,0.419333
21150000,70,319.547,-21577.8,59.0298,0.409978
21165000,81,329.955,-21560.9,68.8531,0.412633
21180000,75,341.612,-21565.2,78.847,0.4138
21195000,80,334.968,-21553.2,70.2718,0.4118
21210000,57,248.657,-21606.6,62.5711,0.395417
21225000,52,222.896,-21597.8,46.8958,0.39868
21240000,52,234.292,-21592.2,56.6151,0.39
21255000,71,298.29,-21571,72.3912,0.385867
21270000,74,325.447,-21585,77.3055,0.410333
21285000,66,282.444,-21570.5,52.6169,0.407733
21300000,62,272.443,-21575.5,66.3791,0.3922
21315000,79,338.871,-21549.7,68.1087,0.405
21330000,62,251.024,-21576.9,54.3935,0.396222
21345000,58,239.866,-21592.9,46.4582,0.391674
21360000,59,250.093,-21592.9,54.9899,0.405933
21375000,56,224.324,-21579.9,48.0678,0.405444
21390000,54,225.809,-21607.7,63.834,0.40936
21405000,70,305.833,-21566.3,91.9507,0.4038
21420000,66,294.059,-21574.6,67.2442,0.387667
21435000,54,237.552,-21601.3,56.5686,0.387587
21450000,69,315.172,-21592.4,68.6034,0.3966
21465000,59,255.984,-21554.7,57.821,0.397933
21480000,66,290.571,-21571.1,66.7019,0.3916
21495000,63,286.17,-21555.5,68.134,0.392267
21510000,63,268.474,-21586.7,56.9418,0.386042
21525000,67,293.453,-21600.4,63.2338,0.398544
21540000,56,248.501,-21576.4,62.0738,0.386167
21555000,55,220.835,-21591.9,55.7375,0.401667
21570000,54,241.414,-21589.2,41.8582,0.397167
21585000,68,287.551,-21609.5,68.5561,0.3913
21600000,68,307.4,-21595.8,64.1677,0.398533
21615000,66,285.453,-21595.1,61.1394,0.4084
21630000,49,200.751,-21616.2,52.5907,0.389767
21645000,62,277.008,-21598.8,70.5075,0.397667
21660000,48,216.061,-21621.5,56.3199,0.3966
21675000,56,244.676,-21640.9,55.9219,0.4044
21690000,56,251.672,-21605.5,49.5902,0.412511
21705000,48,225.977,-21618.6,55.833,0.389293
21720000,65,300.213,-21596.6,72.9706,0.3961
21735000,50,220.492,-21608.4,54.8659,0.386833
21750000,68,285.552,-21615.1,63.457,0.400627
21765000,65,269.058,-21597.3,71.0021,0.394978
21780000,58,248.43,-21613.5,50.9357,0.387444
21795000,55,243.295,-21619,32.3265,0.375333
21810000,55,235.362,-21596.6,66.4407,0.396933
21825000,60,247.906,-21616.4,58.8158,0.3882
21840000,66,285.743,-21595.8,75.9364,0.389222
21855000,64,271.711,-21604.8,67.3852,0.392267
21870000,66,268.383,-21590.2,64.7828,0.412467
21885000,70,301.376,-21603.6,66.7283,0.402667
21900000,80,334.594,-21591.7,94.069,0.405867
21915000,76,316.274,-21591.4,67.8675,0.418133
21930000,61,258.359,-21602.9,57.6472,0.4044
21945000,59,254.77,-21587.5,61.3912,0.386533
21960000,61,257.322,-21593.7,57.5302,0.3988
21975000,58,245.347,-21576.6,67.3219,0.386733
21990000,65,267.007,-21566.5,60.1526,0.396333
22005000,69,295.924,-21588.1,70.3842,0.396333
22020000,67,282.632,-21562.4,83.5484,0.399333
22035000,73,306.654,-21578,62.0098,0.403
22050000,61,259.273,-21597.3,52.759,0.397514
22065000,76,326.292,-21574.5,69.5556,0.403233
22080000,77,328.684,-21581.9,92.777,0.4086
22095000,77,330.006,-21589,80.0398,0.4102
22110000,72,320.151,-21590.9,84.3188,0.426133
22125000,87,368.884,-21576.1,76.1253,0.406467
22140000,85,344.289,-21572.3,86.8911,0.415933
22155000,75,338.764,-21581.8,73.0227,0.4088
22170000,62,272.559,-21582,60.0237,0.398061
22185000,62,268.078,-21589.6,47.975,0.4038
22200000,78,325.709,-21584.4,82.8985,0.406125
22215000,76,316.282,-21587.8,69.9214,0.416333
22230000,70,318.309,-21562.4,75.18,0.39515
22245000,77,322.34,-21581.4,73.2929,0.4042
22260000,70,311.118,-21596.2,60.0849,0.414289
22275000,83,356.392,-21588.7,103.788,0.406633
22290000,90,365.494,-21580.9,94.4124,0.410267
22305000,84,352.714,-21569.9,90.9241,0.415267
22320000,64,271.278,-21576,73.4748,0.401948
22335000,99,431.999,-21561.2,93.4498,0.4035
22350000,105,469.928,-21533.8,96.4605,0.428867
22365000,67,279.628,-21583.5,68.6681,0.410022
22380000,68,307.722,-21595.6,60.4577,0.410933
22395000,68,272.266,-21563.9,61.6914,0.398267
22410000,74,328.53,-21585.6,70.5839,0.401133
22425000,51,220.113,-21628.5,52.7688,0.398417
22440000,57,240.093,-21573.6,45.4897,0.404217
22455000,62,268.928,-21591.9,60.7044,0.400844
22470000,69,306.925,-21594.6,81.2396,0.397733
22485000,52,216.225,-21607.9,58.9229,0.391383
22500000,48,200.985,-21619,38.5534,0.391778
22515000,57,256.209,-21593.7,51.8057,0.384867
22530000,71,288.476,-21581.2,79.2955,0.40415
22545000,61,267.23,-21599.7,67.0441,0.407533
22560000,66,285.874,-21588.3,52.9286,0.399587
22575000,60,263.471,-21544.4,48.4063,0.402911
22590000,59,282.489,-21597.4,68.8552,0.405733
22605000,68,277.331,-21576.6,83.1002,0.3952
22620000,71,320.984,-21600.6,64.7549,0.414467
22635000,62,269.396,-21576.4,50.6886,0.3976
22650000,84,369.918,-21557.8,96.099,0.405511
22665000,78,324.401,-21567.8,83.8394,0.4062
22680000,46,211.316,-21646.4,47.6188,0.39237
22695000,54,233.903,-21597.3,66.6017,0.39525
22710000,61,252.171,-21574.9,63.5895,0.405689
22725000,75,326.333,-21570.9,67.5901,0.403133
22740000,67,281.854,-21568.6,60.6306,0.4146
22755000,40,178.786,-21642.4,48.2579,0.379507
22770000,56,240.331,-21597.6,57.5986,0.391533
22785000,50,210.187,-21653.3,41.3787,0.3845
22800000,59,253.254,-21587,51.3886,0.392676
22815000,59,259.385,-21584.8,61.7986,0.398867
22830000,56,243.925,-21577.4,53.9494,0.3916
22845000,68,303.258,-21588,60.8485,0.396413
22860000,69,308.56,-21559.6,85.7092,0.397267
22875000,76,330.194,-21572.4,69.1333,0.4088
22890000,73,331.329,-21582.4,85.8047,0.405133
22905000,61,274.066,-21597,66.0694,0.396467
22920000,68,293.457,-21577.7,69.1059,0.400167
22935000,62,275.962,-21576.6,64.4848,0.403933
22950000,65,286.224,-21582.8,64.3871,0.401333
22965000,57,248.673,-21597.4,54.1152,0.3972
22980000,51,216.291,-21602.4,55.365,0.402
22995000,58,233.455,-21598.2,57.6906,0.388733
23010000,44,183.768,-21617.3,43.8663,0.389248
23025000,39,166.729,-21615.9,44.291,0.381
23040000,55,240.409,-21616.2,51.7715,0.383333
23055000,65,280.798,-21608.2,78.5846,0.392733
23070000,62,276.731,-21613.5,65.7863,0.394733
23085000,47,199.986,-21597,42.6263,0.391157
23100000,54,218.431,-21612,68.267,0.392233
23115000,69,294.778,-21591.9,89.6388,0.398967
23130000,60,268.769,-21599.5,71.853,0.4074
23145000,62,267.424,-21579.1,59.3785,0.3972
23160000,57,237.51,-21604.8,52.7131,0.395383
23175000,62,259.517,-21588.7,57.4003,0.405767
23190000,53,224.92,-21600.5,64.0347,0.395233
23205000,57,245.536,-21575.7,63.3338,0.3969
23220000,67,289.581,-21553.1,57.5535,0.391133
23235000,56,244.981,-21589.2,65.6384,0.386444
23250000,53,226.147,-21596.8,65.6451,0.371933
23265000,49,205.782,-21605.2,50.7633,0.385689
23280000,59,239.111,-21596.9,59.6768,0.3728
23295000,71,306.182,-21589.5,75.2392,0.393307
23310000,67,284.818,-21600.9,61.2203,0.4106
23325000,69,298.653,-21619.2,77.76,0.394853
23340000,64,285.957,-21584.8,76.0202,0.401567
23355000,60,248.823,-21612.1,74.8451,0.395267
23370000,56,253.697,-21577.8,54.9588,0.386
23385000,57,240.712,-21606.6,45.8446,0.3947
23400000,59,252.931,-21602.5,61.0896,0.3896
23415000,71,292.278,-21619.5,81.9021,0.4044
23430000,63,265.757,-21597.4,60.5118,0.391227
23445000,57,230.166,-21604.1,65.5486,0.4009
23460000,53,224.99,-21603.3,44.3845,0.392344
23475000,49,207.563,-21598.4,59.1495,0.389867
23490000,59,234.882,-21604.7,54.8702,0.3928
23505000,54,218.531,-21597.7,57.9144,0.400787
23520000,61,257,-21602.2,55.5445,0.405167
23535000,55,231.859,-21587.5,59.628,0.398067
23550000,70,292.086,-21603.4,65.3793,0.39
23565000,63,257.632,-21589.3,58.248,0.408
23580000,52,205.638,-21601.3,50.2034,0.3844
23595000,48,194.399,-21604.2,58.1793,0.382756
23610000,60,258.772,-21605.1,55.2787,0.393833
23625000,61,262.547,-21598,76.4653,0.4028
23640000,61,269.153,-21588.2,65.2299,0.397933
23655000,64,280.901,-21586.2,58.713,0.405
23670000,60,261.256,-21608.7,68.6035,0.403573
23685000,53,224.671,-21612.4,54.8615,0.393267
23700000,68,280.017,-21579.4,64.6582,0.409044
23715000,58,236.341,-21616.6,62.7462,0.4014
23730000,54,231.656,-21604.4,54.3341,0.395474
23745000,55,220.955,-21593.4,54.9263,0.394167
23760000,60,254.136,-21609.3,50.2107,0.3998
23775000,65,278.335,-21590.5,55.8196,0.404587
23790000,55,228.038,-21598.9,38.9982,0.396933
23805000,51,220.269,-21592.1,37.2837,0.388933
23820000,70,296.695,-21588.6,74.6987,0.401178
23835000,68,274.039,-21577.5,47.2141,0.3864
23850000,73,284.653,-21563.2,69.9598,0.409
23865000,72,314.755,-21584.3,70.2044,0.4022
23880000,61,250.913,-21597.3,54.7504,0.391667
23895000,66,274.993,-21601.6,69.1378,0.4057
23910000,64,274.593,-21591.6,65.3281,0.398095
23925000,66,274.391,-21598.5,63.3365,0.403667
23940000,57,246.013,-21619.2,62.4581,0.403956
23955000,65,278.676,-21601.6,71.2028,0.397133
23970000,60,237.446,-21624.6,62.4498,0.3999
23985000,67,281.565,-21588.9,66.1676,0.404133
24000000,59,238.597,-21581.3,64.2936,0.3996
24015000,59,258.249,-21611.9,58.1546,0.392667
24030000,61,276.558,-21658,78.0052,0.400583
24045000,69,303.406,-21590.6,58.7519,0.403267
24060000,55,230.26,-21627.1,60.4417,0.4064
24075000,53,228.702,-21616.3,61.7786,0.397308
24090000,62,264.722,-21597.9,65.9297,0.401422
24105000,61,268.123,-21617.3,65.2247,0.404733
24120000,60,259.71,-21603.4,68.3246,0.405867
24135000,66,289.049,-21602.6,68.8613,0.406644
24150000,58,260.783,-21588.5,50.3082,0.404867
24165000,63,272.977,-21581.3,85.2876,0.402067
24180000,60,261.665,-21596.7,70.5765,0.409683
24195000,60,259.092,-21610,70.6858,0.404067
24210000,50,218.027,-21608.7,56.6345,0.4008
24225000,56,244.221,-21638.8,58.5594,0.403345
24240000,55,248.802,-21628.4,59.2817,0.397267
24255000,63,279.897,-21588.2,58.5294,0.409
24270000,60,269.111,-21610.4,53.1481,0.4111
24285000,69,305.212,-21628.5,76.9754,0.413733
24300000,62,262.05,-21621.7,73.1518,0.418133
24315000,58,251.9,-21614.7,56.0182,0.409867
24330000,60,267.514,-21602.2,48.6482,0.400218
24345000,63,277.51,-21568.1,64.3801,0.403222
24360000,57,247.8,-21591.1,50.3851,0.3896
24375000,49,219.992,-21614.5,46.8643,0.402867
24390000,72,311.752,-21578,70.717,0.3859
24405000,64,295.745,-21618.5,62.6895,0.396456
24420000,67,283.354,-21605.9,64.5629,0.4098
24435000,63,278.873,-21623.3,51.6494,0.412283
24450000,47,192.508,-21612.3,41.3567,0.400267
24465000,54,239.308,-21597,49.481,0.404167
24480000,66,283.172,-21609.7,72.4873,0.397933
24495000,67,274.962,-21599.1,73.2936,0.404667
24510000,57,255.005,-21632.1,73.9045,0.398067
24525000,68,285.723,-21578.7,82.3829,0.401267
24540000,56,235.169,-21612.9,72.2241,0.395492
24555000,65,251.502,-21588.2,64.0539,0.401767
24570000,62,268.432,-21614.1,66.3485,0.406133
24585000,64,272.7,-21629.5,50.9611,0.402
24600000,60,265.253,-21632.1,64.1424,0.4044
24615000,44,188.591,-21597,52.6435,0.3862
24630000,40,170.845,-21606.6,39.2506,0.38855
24645000,41,178.692,-21624.9,47.8719,0.385474
24660000,60,249.584,-21604.2,84.9104,0.382267
24675000,67,300.967,-21586.5,64.1259,0.401667
24690000,48,193.421,-21604,46.2003,0.3948
24705000,56,242.26,-21592.7,63.0372,0.3942
24720000,55,238.796,-21611,52.8887,0.403533
24735000,52,224.065,-21608.7,56.552,0.393367
24750000,66,284.823,-21598.2,66.85,0.414711
24765000,59,255.732,-21605.6,61.2734,0.3997
24780000,44,182.384,-21617.7,37.7992,0.389067
24795000,48,213.556,-21622.7,36.8305,0.375667
24810000,40,177.601,-21625.1,32.6758,0.395356
24825000,60,267.909,-21621,53.6017,0.39148
24840000,53,224.639,-21607.8,54.164,0.407267
24855000,51,203.919,-21588.3,51.9608,0.3878
24870000,52,220.694,-21612.5,56.9887,0.391833
24885000,45,194.266,-21613,47.7672,0.376033
24900000,51,226.722,-21580.7,48.5964,0.392167
24915000,47,198.485,-21601.8,48.5306,0.387367
24930000,67,284.673,-21599.3,68.1162,0.4008
24945000,64,270.9,-21596.3,57.6102,0.393689
24960000,78,332.282,-21601.2,77.9707,0.414333
24975000,82,365.437,-21600.3,86.762,0.4304
24990000,67,290.744,-21589.8,65.5349,0.41675
25005000,73,324.09,-21564,64.1632,0.4048
25020000,70,310.079,-21547.6,68.1394,0.392267
25035000,61,248.763,-21600.8,56.7608,0.397333
25050000,66,265.308,-21590.3,62.7827,0.396537
25065000,67,286.831,-21600.3,80.7382,0.396867
25080000,62,266.118,-21623.7,68.9315,0.406033
25095000,70,303.819,-21554.7,56.9466,0.3936
25110000,71,302.361,-21557,66.5163,0.3922
25125000,53,235.852,-21588.8,56.9819,0.393083
25140000,77,335.541,-21588.6,77.1982,0.4066
25155000,80,349.532,-21576.7,82.2737,0.401933
25170000,74,331.234,-21555.8,61.5031,0.401733
25185000,76,342.785,-21555.4,72.648,0.3936
25200000,87,385.011,-21568.3,92.6294,0.4134
25215000,77,323.517,-21546.7,89.6838,0.408933
25230000,71,329.892,-21571.3,51.5211,0.4078
25245000,81,345.829,-21574.2,84.566,0.401867
25260000,88,402.35,-21561.2,85.0782,0.404467
25275000,87,394.315,-21562.1,82.7613,0.428467
25290000,84,372.156,-21562.9,82.9075,0.428733
25305000,70,305.516,-21565.7,67.3185,0.409267
25320000,70,314.584,-21585.2,54.3107,0.393667
25335000,71,295.472,-21571.5,65.4736,0.414667
25350000,68,303.25,-21589.6,71.2952,0.399947
25365000,61,265.898,-21613.9,53.2722,0.395902
25380000,79,365.962,-21574.6,84.3551,0.408289
25395000,72,309.645,-21591.6,80.0745,0.413333
25410000,61,269.938,-21586.9,64.6087,0.408733
25425000,58,246.869,-21573,54.4063,0.383467
25440000,66,273.522,-21582.3,61.0653,0.391533
25455000,72,302.065,-21592.2,77.1552,0.402667
25470000,58,239.724,-21625,48.5672,0.393533
25485000,66,269.242,-21587,64.3787,0.4096
25500000,68,303.574,-21580.9,71.0814,0.399267
25515000,67,300.585,-21569.9,50.3654,0.414067
25530000,75,308.671,-21575.6,76.2506,0.407267
25545000,72,292.242,-21576.4,56.5044,0.394933
25560000,60,257.601,-21604.3,60.1056,0.395646
25575000,73,301.553,-21582,73.8629,0.3988
25590000,82,355.183,-21576.6,65.3367,0.417133
25605000,84,379.664,-21583.1,83.0247,0.426733
25620000,55,233.32,-21603.9,48.3103,0.3971
25635000,48,194.35,-21606.5,38.8268,0.393103
25650000,68,284.665,-21595.4,81.5839,0.422111
25665000,49,207.685,-21602.4,43.0321,0.383733
25680000,58,244.095,-21611,51.0294,0.381867
25695000,62,271.686,-21575.6,56.6565,0.399978
25710000,48,215.823,-21599.1,53.3399,0.389511
25725000,62,261.136,-21606.5,69.1419,0.387533
25740000,82,366.042,-21564,83.1144,0.404333
25755000,72,304.489,-21590.3,63.216,0.4039
25770000,69,288.561,-21574.6,55.7739,0.403
25785000,62,253.662,-21584.1,64.8375,0.3942
25800000,77,352.122,-21567,71.4913,0.396467
25815000,66,286.039,-21558.4,69.7037,0.404867
25830000,70,291.583,-21574.8,54.3298,0.400133
25845000,83,360.607,-21537.3,86.8408,0.407067
25860000,78,344.648,-21538.7,82.3446,0.418
25875000,65,284.22,-21613.5,67.1389,0.396044
25890000,61,270.887,-21593.8,65.1674,0.395452
25905000,76,335.658,-21543.2,76.7297,0.400311
25920000,78,334.893,-21553.7,88.7228,0.407867
25935000,69,293.86,-21580.8,69.4832,0.394
25950000,87,356.154,-21523,85.6113,0.4086
25965000,94,390.873,-21550,92.9383,0.4172
25980000,78,328.09,-21558.7,72.5341,0.410467
25995000,76,319.488,-21568.4,102.166,0.408267
26010000,67,310.402,-21558.4,58.1914,0.401867
26025000,75,339.972,-21565.3,71.3552,0.409867
26040000,77,341.657,-21567.3,86.6809,0.409733
26055000,87,368.899,-21582.6,94.8884,0.401722
26070000,84,357.665,-21571.8,86.2087,0.421733
26085000,75,331.489,-21553.3,71.6218,0.407978
26100000,73,303.112,-21558,81.3299,0.407733
26115000,79,342.989,-21566.1,92.5728,0.413
26130000,66,268.353,-21557.6,76.2966,0.408933
26145000,68,285.891,-21611.4,66.723,0.399524
26160000,65,281.563,-21587.3,76.7862,0.3951
26175000,64,271.254,-21592.2,71.174,0.402933
26190000,72,316.145,-21575.6,81.3125,0.3964
26205000,73,312.453,-21567.1,65.3411,0.415333
26220000,76,323.301,-21582.1,78.8477,0.406733
26235000,72,298.213,-21585,54.7157,0.391833
26250000,67,308.293,-21567.9,59.8509,0.402822
26265000,79,357.621,-21565.8,99.9331,0.409133
26280000,75,320.951,-21581.7,76.059,0.408133
26295000,78,348.792,-21571.4,68.4011,0.4057
26310000,56,243.552,-21588.8,57.6192,0.38844
26325000,67,287.706,-21589,64.3549,0.389867
26340000,78,345.678,-21595.3,84.4963,0.390733
26355000,80,346.397,-21572.3,89.9494,0.40796
26370000,72,327.561,-21595.7,72.861,0.403433
26385000,66,295.523,-21570.4,68.0344,0.408667
26400000,72,305.952,-21563.4,58.2244,0.3988
26415000,73,321.942,-21546.8,73.4976,0.393467
26430000,82,349.274,-21568.4,88.9866,0.402267
26445000,72,287.197,-21540.8,64.3182,0.391733
26460000,58,256.093,-21601.2,54.9132,0.386533
26475000,70,290.518,-21559.4,54.16,0.3914
26490000,71,302.899,-21571,73.0715,0.392333
26505000,81,355.97,-21556.4,76.6766,0.395333
26520000,82,357.651,-21555.5,77.4741,0.408467
26535000,85,341.829,-21576.4,90.6448,0.410107
26550000,88,378.573,-21538.8,98.1534,0.408067
26565000,79,327.634,-21551.8,84.2169,0.410667
26580000,72,307.286,-21569.3,60.5747,0.398067
26595000,58,247.511,-21583.9,48.9076,0.394226
26610000,75,332.686,-21573.6,82.0902,0.4038
26625000,78,323.366,-21604.6,70.2382,0.397633
26640000,73,320.518,-21586.5,82.9755,0.4143
26655000,50,216.856,-21587.4,50.1709,0.397467
26670000,51,211.583,-21590.5,46.2462,0.404252
26685000,58,257.344,-21590.1,49.7871,0.383833
26700000,55,231.77,-21581.6,58.0297,0.400067
26715000,60,255.853,-21577.5,72.8109,0.395489
26730000,67,273.998,-21594.5,77.2945,0.4011
26745000,52,213.009,-21608.2,47.347,0.396314
26760000,51,211.517,-21596.4,48.4647,0.391267
26775000,66,277.158,-21599.1,62.1038,0.4076
26790000,65,293.094,-21590.4,60.2694,0.4004
26805000,59,250.758,-21582.2,73.6348,0.3912
26820000,55,236.936,-21609.5,54.7165,0.39701
26835000,53,227.241,-21604.2,55.2468,0.3914
26850000,46,200.372,-21612.2,51.0562,0.393467
26865000,61,259.326,-21639.4,74.0282,0.384683
26880000,59,255.78,-21588.1,46.8936,0.401267
26895000,64,283.818,-21604.6,70.4367,0.402
26910000,59,264.116,-21614,69.933,0.405244
26925000,60,248.09,-21623.2,59.4243,0.405167
26940000,56,225.581,-21593,54.0711,0.399092
26955000,58,247.009,-21595.9,63.3507,0.397289
26970000,48,204.008,-21612.3,59.4295,0.399
26985000,58,250.378,-21606.7,50.6484,0.390511
27000000,48,200.166,-21620.7,41.3522,0.3768
27015000,46,188.329,-21615.6,48.8321,0.376733
27030000,52,206.409,-21605.4,50.4094,0.377244
27045000,56,232.827,-21585.3,55.4731,0.3888
27060000,61,252.174,-21593.9,56.0967,0.3902
27075000,49,216.169,-21631,51.7916,0.383075
27090000,65,277.894,-21597.8,85.7535,0.403433
27105000,64,297.783,-21585.7,61.1525,0.417867
27120000,48,208.399,-21608.1,46.4903,0.407133
27135000,47,198.044,-21623.1,49.9654,0.392429
27150000,61,257.416,-21612.8,61.0106,0.4045
27165000,64,264.944,-21600.2,61.096,0.4008
27180000,62,274.216,-21597.9,67.306,0.4032
27195000,73,322.22,-21580.4,73.011,0.404667
27210000,70,302.533,-21578.5,72.3555,0.4096
27225000,54,214.372,-21569,50.8091,0.396933
27240000,66,284.407,-21578.8,71.3952,0.398933
27255000,50,208.824,-21616,44.3898,0.389933
27270000,59,241.137,-21588.5,50.8018,0.390567
27285000,59,250.673,-21590.5,53.5538,0.391133
27300000,70,279.973,-21581.4,75.7211,0.3898
27315000,70,316.493,-21589,60.214,0.392033
27330000,61,260.953,-21596.6,55.9677,0.4058
27345000,53,217.176,-21607.3,53.4545,0.39099
27360000,60,267.906,-21585.6,55.5513,0.407222
27375000,65,268.697,-21592.6,67.4342,0.409133
27390000,69,280.718,-21574.4,84.6283,0.39445
27405000,54,217.839,-21595.9,39.6188,0.3963
27420000,51,230.233,-21607.1,48.4925,0.400133
27435000,78,335.819,-21570.8,76.1554,0.400044
27450000,91,413.1,-21562.1,86.5542,0.418667
27465000,63,269.686,-21579,60.0392,0.399892
27480000,65,283.811,-21594.3,65.815,0.409467
27495000,83,359.571,-21573.4,79.9502,0.413556
27510000,67,285.324,-21580.2,85.3043,0.406667
27525000,70,310.702,-21600.1,75.2468,0.398133
27540000,64,258.481,-21576,53.8931,0.4088
27555000,66,272.758,-21610.8,61.887,0.401893
27570000,52,228.348,-21607.9,64.4801,0.389733
27585000,56,244.687,-21586.9,54.9805,0.384533
27600000,52,210.477,-21617.5,51.3962,0.390233
27615000,68,284.738,-21544.3,68.3336,0.400633
27630000,65,282.001,-21567.4,52.2347,0.392867
27645000,46,197.931,-21616.3,54.5698,0.391744
27660000,67,279.962,-21559.3,60.3383,0.387867
27675000,78,329.113,-21569,72.5694,0.399067
27690000,68,287.862,-21577.4,68.8722,0.399067
27705000,48,204.132,-21594.8,32.1218,0.38925
27720000,60,255.45,-21567.5,64.5281,0.390967
27735000,63,266.033,-21548.3,80.1245,0.3938
27750000,66,268.623,-21556,71.6573,0.385
27765000,75,320.432,-21580.9,67.5336,0.406467
27780000,81,357.748,-21576.2,90.7916,0.415067
27795000,81,354.699,-21558.7,93.6881,0.404
27810000,79,339.017,-21560.1,78.3224,0.402667
27825000,73,299.498,-21555.5,68.5521,0.401533
27840000,71,317.312,-21555.9,74.8359,0.3946
27855000,53,233.563,-21617,49.8274,0.387494
27870000,60,280.667,-21615.6,48.1834,0.391533
27885000,65,291.753,-21556,51.0706,0.391956
27900000,62,263.883,-21607.2,72.303,0.3894
27915000,63,271.441,-21563.2,62.3301,0.397167
27930000,62,249.542,-21601.4,59.6579,0.405733
27945000,64,298.974,-21543,62.8005,0.397167
27960000,58,270.723,-21576,47.6985,0.394933
27975000,65,277.018,-21591.9,74.5158,0.387381
27990000,53,227.782,-21591,62.1179,0.392533
28005000,57,243.748,-21568.3,41.4908,0.386444
28020000,67,274.068,-21556.1,65.8124,0.391533
28035000,57,240.445,-21593.9,56.9721,0.391286
28050000,65,281.759,-21587.7,56.9491,0.4008
28065000,68,306.039,-21583.5,66.0619,0.399244
28080000,58,239.615,-21584.6,45.7477,0.389922
28095000,59,260.402,-21569.6,56.7205,0.397178
28110000,71,287.43,-21593.4,66.7924,0.404978
28125000,63,276.676,-21599.8,61.9611,0.402767
28140000,69,313.904,-21590.3,65.9566,0.404067
28155000,67,285.052,-21576.8,69.8093,0.397867
28170000,66,286.11,-21618.5,58.5585,0.393656
28185000,75,319.74,-21555.5,61.1513,0.402267
28200000,68,296.853,-21571,64.7445,0.408533
28215000,65,284.478,-21570.8,64.9073,0.394
28230000,76,340.752,-21574.1,87.7721,0.388933
28245000,76,303.874,-21560.5,70.3659,0.4106
28260000,77,341.513,-21546.4,82.1371,0.4074
28275000,79,362.793,-21542,73.9339,0.4064
28290000,59,271.068,-21621.2,69.7965,0.401567
28305000,87,380.384,-21565.3,91.6622,0.405333
28320000,79,350.806,-21560,76.0498,0.416333
28335000,75,341.931,-21556.6,82.6705,0.4198
28350000,54,226.596,-21591.5,60.1485,0.401433
28365000,69,294.481,-21594.6,51.1169,0.402258
28380000,60,261.304,-21602.7,64.3935,0.404822
28395000,60,250.193,-21586.9,60.4333,0.394033
28410000,67,300.061,-21593.9,70.2864,0.399833
28425000,66,286.772,-21563.2,68.8335,0.398433
28440000,47,210.812,-21619.9,46.7505,0.384789
28455000,64,271.333,-21607.2,68.2506,0.402067
28470000,60,264.048,-21569.6,58.6282,0.382533
28485000,57,243.303,-21591.6,65.7558,0.402333
28500000,46,188.672,-21595.5,40.1849,0.382467
28515000,53,231.048,-21589.5,54.0671,0.39
28530000,63,270.384,-21593.3,62.7092,0.399333
28545000,61,261.696,-21610.9,63.1145,0.393733
28560000,67,282.586,-21584.6,73.8074,0.401267
28575000,69,269.467,-21612.4,72.2447,0.405333
28590000,48,213.893,-21625.3,56.1474,0.3953
28605000,44,193.304,-21662.4,38.7382,0.402242
28620000,69,312.298,-21602,69.2259,0.404756
28635000,45,187.84,-21603.2,46.4428,0.397156
28650000,57,244.536,-21599.5,49.2574,0.396044
28665000,46,189.811,-21624.8,48.2639,0.379067
28680000,65,284.668,-21594.5,76.7179,0.3893
28695000,49,212.948,-21601.8,43.1801,0.390733
28710000,61,273.091,-21615,68.2719,0.404867
28725000,69,295.968,-21587.5,77.8488,0.396387
28740000,63,281.624,-21601.6,57.3159,0.389947
28755000,48,207.481,-21597.4,47.7339,0.3806
28770000,72,312.371,-21554.1,68.3455,0.39125
28785000,69,308.253,-21583,75.5373,0.399333
28800000,93,400.276,-21542.9,85.2224,0.419167
28815000,77,319.71,-21551,70.2222,0.4078
28830000,79,358.772,-21555.6,75.1716,0.403867
28845000,79,348.823,-21516.5,98.2185,0.4116
28860000,54,239.69,-21589,60.8944,0.406893
28875000,72,316.596,-21568.4,73.7837,0.4023
28890000,78,352.244,-21556.2,77.4881,0.394333
28905000,78,344.228,-21560.4,73.3727,0.399933
28920000,78,334.631,-21571,78.3298,0.397467
28935000,80,329.777,-21582.8,80.7996,0.408467
28950000,84,378.194,-21598.4,91.0104,0.401433
28965000,66,298.969,-21590.1,66.7569,0.408733
28980000,49,210.679,-21594.7,48.6578,0.390573
28995000,74,318.728,-21573.9,64.7156,0.406883
29010000,78,322.513,-21576.2,83.9656,0.407222
29025000,64,276.138,-21550.9,56.0677,0.391667
29040000,76,329.995,-21571.4,73.7552,0.392267
29055000,62,246.968,-21562.6,56.5222,0.390467
29070000,56,237.711,-21606.6,63.0975,0.387822
29085000,52,218.812,-21575.9,49.7101,0.395533
29100000,54,237.129,-21601.3,49.2771,0.372733
29115000,59,253.862,-21613.7,48.7893,0.381917
29130000,55,244.784,-21598.6,56.0766,0.368967
29145000,61,253.671,-21555.3,57.2565,0.382773
29160000,52,218.307,-21581.4,50.8756,0.382833
29175000,43,189.368,-21608,39.7556,0.400217
29190000,55,244.799,-21580.9,52.6209,0.400433
29205000,66,271.459,-21573.3,63.1438,0.3827
29220000,60,236.435,-21601.5,59.3482,0.386844
29235000,58,243.196,-21587.3,59.0501,0.388067
29250000,80,333.929,-21574.6,86.3772,0.395956
29265000,85,352.408,-21554.9,103.103,0.403733
29280000,59,249.386,-21596.2,52.3921,0.391978
29295000,88,370.681,-21594.4,72.7253,0.4012
29310000,58,239.736,-21585,53.7813,0.392533
29325000,54,222.283,-21584.4,44.0226,0.3828
29340000,38,155.018,-21617.5,41.904,0.3758
29355000,65,281.102,-21592.2,60.8851,0.389967
29370000,63,267.411,-21588.4,62.5431,0.392133
29385000,68,298.886,-21552.8,57.1347,0.400178
29400000,78,332.979,-21590.6,79.7606,0.403167
29415000,82,352.969,-21552.9,88.8159,0.3995
29430000,65,262.736,-21586.3,67.235,0.404733
29445000,54,230.256,-21595.2,52.2283,0.3844
29460000,60,264.508,-21564,57.7859,0.392267
29475000,78,330.102,-21538.8,78.9342,0.395733
29490000,53,219.87,-21590.8,64.9003,0.38872
29505000,73,288.795,-21547.4,80.1946,0.392467
29520000,69,282.8,-21572.7,93.7916,0.385827
29535000,81,346.991,-21538.2,79.9567,0.4004
29550000,85,378.182,-21540.4,78.6008,0.396333
29565000,87,391.827,-21549.6,87.6578,0.402133
29580000,77,339.145,-21561.9,61.9694,0.401
29595000,83,358.105,-21578.4,89.2122,0.405
29610000,87,358.745,-21577.5,89.1787,0.393122
29625000,63,258.549,-21574.9,66.007,0.410133
29640000,59,244.649,-21601.6,50.6142,0.385533
29655000,50,213.359,-21614,53.0446,0.386921
29670000,57,236.313,-21589.4,60.8696,0.396367
29685000,66,301.1,-21578.4,70.9646,0.4074
29700000,54,238.252,-21607.4,60.5885,0.405533
29715000,44,188.761,-21597.1,45.9646,0.385442
29730000,60,261.772,-21555,67.4776,0.3748
29745000,70,299.428,-21608.1,67.6286,0.405267
29760000,42,171.899,-21604.9,43.4187,0.397257
29775000,54,229.415,-21594.5,51.5214,0.396027
29790000,52,231.02,-21597.5,39.675,0.376733
29805000,58,261.754,-21590.7,50.6513,0.390283
29820000,58,260.897,-21612.1,47.1231,0.3954
29835000,65,285.554,-21584.9,61.5325,0.395733
29850000,60,261.192,-21577.6,61.2668,0.4042
29865000,70,309.401,-21581.3,75.2078,0.398622
29880000,75,342.249,-21587.5,72.1423,0.3922
29895000,78,325.081,-21567,93.8867,0.410867
29910000,67,284.543,-21567.6,75.5763,0.385667
29925000,78,345.249,-21571.6,86.129,0.402481
29940000,66,283.492,-21580.3,68.3149,0.397533
29955000,62,269.103,-21573.8,65.4668,0.393156
29970000,56,245.503,-21608.7,71.2421,0.399533
29985000,55,235.23,-21596.5,49.6727,0.3814
