generation,N_shifts,logPrior,logLik,eventRate,acceptRate
0,0,1.42067,-24235.6,22.0778,1
15000,1,2.17463,-22082.3,1.0328,0.161323
30000,1,2.514,-22075.1,5.78034,0.288867
45000,6,26.1371,-21963.7,10.5976,0.261022
60000,7,28.3865,-21939.8,6.36541,0.300733
75000,10,47.3849,-21939.8,11.6628,0.342067
90000,4,15.0621,-22015,4.25849,0.313117
105000,7,30.607,-21899.7,11.2788,0.3207
120000,10,39.9677,-21964.3,12.6749,0.321067
135000,5,19.1206,-21962.2,5.11705,0.321733
150000,11,45.9441,-21876,13.2428,0.332178
165000,9,29.7864,-21903.7,9.53343,0.292538
180000,16,69.8282,-21873.7,18.3904,0.3309
195000,11,50.1125,-21889.8,20.5172,0.336033
210000,13,50.8917,-21881.4,13.0222,0.346667
225000,28,121.011,-21828.4,24.9425,0.387711
240000,36,177.665,-21775.5,35.5608,0.388867
255000,18,82.7412,-21861.8,16.769,0.3878
270000,34,141.581,-21730.8,39.0328,0.3816
285000,42,191.274,-21727.5,43.7002,0.385667
300000,53,219.111,-21703.1,40.6549,0.395933
315000,54,233.292,-21703.4,52.8986,0.394667
330000,46,208.718,-21717.5,58.0106,0.399067
345000,47,207.151,-21716.2,57.9804,0.395333
360000,56,236.775,-21738.5,68.782,0.410933
375000,44,187.223,-21713.7,46.5968,0.396667
390000,69,295.743,-21751.5,55.9572,0.38797
405000,53,241.856,-21728.5,47.1218,0.390867
420000,48,224.671,-21734.5,58.699,0.405267
435000,63,280.38,-21746.1,70.1543,0.416444
450000,58,250.561,-21762.7,54.7392,0.408267
465000,52,221.322,-21745.7,48.963,0.405467
480000,42,171.241,-21726.3,44.2646,0.392133
495000,48,219.701,-21738.5,47.7056,0.381
510000,49,217.288,-21717.8,61.1597,0.394867
525000,49,217.513,-21697.5,52.2362,0.376057
540000,57,231.329,-21712.1,51.6688,0.383333
555000,48,219.132,-21711.8,55.1644,0.394333
570000,48,220.432,-21707.1,45.5683,0.390333
585000,46,209.452,-21722,40.8476,0.380033
600000,56,256.335,-21699.3,46.2779,0.397967
615000,61,273.009,-21716.1,72.3941,0.404233
630000,49,215.451,-21700.4,46.6597,0.402067
645000,59,253.609,-21687.6,59.0139,0.401556
660000,61,270.796,-21682.9,62.0649,0.3908
675000,35,150.551,-21718.5,41.3154,0.377689
690000,47,213.763,-21722.9,42.8707,0.378533
705000,56,240.673,-21668.4,78.5128,0.379489
720000,46,212.735,-21689.5,56.7912,0.3759
735000,57,233.313,-21652.2,65.5884,0.373067
750000,43,195.154,-21716.5,42.2919,0.382967
765000,52,218.239,-21675.7,51.2011,0.374533
780000,52,232.808,-21665.4,42.4738,0.374067
795000,44,176.712,-21708.8,50.4095,0.385178
810000,63,262.245,-21697.5,65.2356,0.385433
825000,42,188.847,-21727.9,45.1128,0.338029
840000,50,202.259,-21672.5,49.3506,0.3889
855000,56,231.803,-21697.5,46.3897,0.400617
870000,56,236.542,-21670.1,65.4102,0.3733
885000,55,230.06,-21676.4,55.719,0.382767
900000,56,235.404,-21709.7,53.2956,0.411089
915000,46,199.712,-21706,37.9693,0.393578
930000,51,243.129,-21714.5,50.7008,0.4005
945000,45,203.441,-21708.9,40.116,0.37065
960000,41,183.256,-21702.8,50.6908,0.376289
975000,43,192.059,-21697.1,44.5891,0.3804
990000,55,240.499,-21694.5,60.274,0.3752
1005000,48,217.889,-21725.6,43.8014,0.39784
1020000,57,224.627,-21693.7,55.539,0.378511
1035000,52,224.56,-21684.3,40.2938,0.390267
1050000,51,222.325,-21703.1,47.0753,0.388067
1065000,60,264.099,-21688.8,59.0966,0.396222
1080000,54,233.257,-21675.7,57.7282,0.384
1095000,51,235.694,-21691.8,56.2011,0.389233
1110000,63,263.955,-21665.1,57.7243,0.396033
1125000,60,252.36,-21675.5,64.2375,0.3924
1140000,46,206.407,-21706.7,42.9147,0.374422
1155000,47,204.118,-21695.7,48.1022,0.382333
1170000,38,169.017,-21720.8,40.7084,0.37105
1185000,59,271.88,-21709.3,59.4731,0.386333
1200000,55,238.273,-21686.2,53.7587,0.386533
1215000,50,222.847,-21674.8,49.9002,0.383778
1230000,44,175.941,-21724.2,45.3605,0.3778
1245000,42,174.201,-21708.7,44.0768,0.370867
1260000,50,218.858,-21701.6,55.9051,0.3786
1275000,73,303.052,-21675,62.8018,0.386367
1290000,59,267.393,-21703.4,45.4067,0.3916
1305000,42,180.53,-21713.5,37.2291,0.392889
1320000,67,308.032,-21706.5,57.8114,0.404167
1335000,74,332.87,-21663.8,69.9418,0.396756
1350000,72,328.509,-21655.9,66.5927,0.396267
1365000,47,203.618,-21678.2,46.535,0.381067
1380000,75,312.331,-21683,62.4682,0.403183
1395000,66,295.12,-21650.1,69.6895,0.3928
1410000,45,202.628,-21680.6,40.9831,0.376067
1425000,55,247.076,-21676.7,60.6437,0.3848
1440000,59,259.258,-21642.7,63.3419,0.3854
1455000,66,281.515,-21647.1,66.3595,0.378
1470000,69,299.821,-21661.9,70.2176,0.389333
1485000,69,305.899,-21639.2,62.7377,0.385333
1500000,57,257.457,-21668.7,50.2766,0.394358
1515000,53,242.602,-21689.8,49.2425,0.390533
1530000,57,233.189,-21681.7,55.9993,0.376152
1545000,46,198.365,-21671.4,50.1605,0.37715
1560000,46,203.557,-21659.6,55.4425,0.367867
1575000,44,196.157,-21678.4,39.4344,0.353467
1590000,69,310.979,-21653.4,80.4852,0.377967
1605000,62,264.517,-21657.2,59.0424,0.3918
1620000,58,253.325,-21650.5,45.4089,0.390267
1635000,50,223.163,-21674.6,44.4663,0.364317
1650000,51,225.497,-21669,35.3561,0.378711
1665000,55,245.022,-21677.7,56.0317,0.390111
1680000,63,294.27,-21675.8,53.7694,0.382533
1695000,51,220.964,-21691.9,61.0524,0.370933
1710000,60,271.655,-21686.6,62.2476,0.395367
1725000,56,246.754,-21686.8,66.2734,0.375967
1740000,58,253.203,-21647.1,55.4376,0.385133
1755000,56,252.776,-21666.3,52.726,0.383667
1770000,62,270.696,-21669.5,63.1156,0.390533
1785000,50,200.566,-21678.5,49.144,0.390467
1800000,53,243.259,-21655.5,53.9815,0.386267
1815000,48,206.735,-21688.2,54.3487,0.3759
1830000,47,209.228,-21682.9,48.3692,0.379794
1845000,53,232.873,-21698.1,53.6634,0.378867
1860000,48,216.321,-21693.8,43.7972,0.379983
1875000,44,198.963,-21677.9,50.3215,0.3678
1890000,46,195.696,-21696,49.4939,0.37628
1905000,49,227.784,-21699,38.3625,0.389733
1920000,54,234.439,-21681.7,52.8641,0.392633
1935000,57,255.157,-21690.8,53.4883,0.3896
1950000,50,231.328,-21684.7,53.5458,0.378444
1965000,51,217.896,-21671,53.9569,0.3918
1980000,50,215.575,-21717.8,43.4087,0.379533
1995000,55,236.43,-21701,47.6719,0.410133
2010000,50,225.206,-21682.8,45.2118,0.385089
2025000,53,235.822,-21680,57.7896,0.385733
2040000,60,275.268,-21687.6,62.226,0.396733
2055000,48,209.629,-21705,44.9612,0.372738
2070000,48,223.706,-21689.3,54.0767,0.386967
2085000,43,193.533,-21690.4,44.0381,0.387133
2100000,48,210.811,-21708.1,53.5693,0.375756
2115000,46,207.82,-21687,44.5692,0.388219
2130000,48,212.184,-21693.9,56.9242,0.373533
2145000,51,221.137,-21679.7,52.0584,0.393867
2160000,49,219.235,-21689.2,41.4277,0.3958
2175000,57,269.026,-21683.7,53.9577,0.384456
2190000,54,246.047,-21692.8,61.0056,0.389333
2205000,42,189.062,-21693.5,41.8083,0.3772
2220000,43,198.7,-21701.7,39.2306,0.366022
2235000,54,242.485,-21693,45.7247,0.3864
2250000,59,277.662,-21696.8,65.4156,0.398867
2265000,67,296.315,-21683,70.6594,0.4078
2280000,41,181.118,-21704.9,44.0209,0.397017
2295000,54,224.078,-21698,48.1289,0.394867
2310000,55,231.11,-21699.3,58.4721,0.4066
2325000,61,253.103,-21686.9,59.1977,0.377375
2340000,52,244.556,-21702.5,45.5959,0.3993
2355000,50,208.416,-21672.9,51.5828,0.3808
2370000,71,301.785,-21692.5,66.4364,0.389833
2385000,60,264.682,-21696.3,50.4828,0.409
2400000,41,177.715,-21718.7,42.5933,0.371975
2415000,50,223.578,-21703.5,59.4733,0.3785
2430000,62,262.729,-21686.1,61.9803,0.388422
2445000,51,227.578,-21690,52.2784,0.3893
2460000,42,200.504,-21719.5,38.3467,0.375867
2475000,55,250.862,-21687.3,64.5454,0.396267
2490000,46,197.244,-21689.7,56.321,0.379733
2505000,45,191.292,-21672.7,62.5395,0.3748
2520000,47,205.825,-21702.7,51.6264,0.389711
2535000,47,182.346,-21689.4,48.6898,0.381067
2550000,45,183.645,-21699.4,61.6471,0.373
2565000,43,197.11,-21705.7,40.5415,0.3746
2580000,43,196.304,-21690.5,46.9202,0.374467
2595000,47,206.899,-21699.5,51.777,0.376844
2610000,51,227.305,-21705.8,49.3086,0.389367
2625000,50,203.851,-21668.6,48.381,0.3845
2640000,58,241.614,-21688.4,72.4947,0.400733
2655000,58,255.733,-21689.3,53.3833,0.388356
2670000,62,276.61,-21680,54.6018,0.403067
2685000,49,212.363,-21666.6,45.4129,0.384333
2700000,47,214.485,-21694.1,56.0449,0.385267
2715000,52,225.161,-21674.3,46.0641,0.389187
2730000,78,345.956,-21676.5,87.7567,0.401233
2745000,75,313.061,-21662.7,75.1245,0.417733
2760000,69,297.067,-21688.1,68.9325,0.406689
2775000,86,377.705,-21657.7,76.5203,0.413
2790000,70,323.344,-21660.6,69.0073,0.405533
2805000,67,289.198,-21664.3,68.3057,0.3994
2820000,68,291.372,-21652.2,67.365,0.394867
2835000,62,284.874,-21668.6,60.4234,0.406267
2850000,54,243.911,-21666.2,59.2169,0.3932
2865000,54,222.437,-21658.2,55.5057,0.3906
2880000,65,278.794,-21664.3,62.77,0.399067
2895000,52,224.548,-21687.4,53.5762,0.384598
2910000,59,269.462,-21701.6,50.9231,0.393833
2925000,56,253.186,-21694.8,53.9463,0.3964
2940000,45,203.101,-21693.9,39.2669,0.382311
2955000,41,173.597,-21702.6,52.1978,0.371933
2970000,52,226.762,-21678.1,66.3705,0.379489
2985000,53,228.376,-21684,40.0635,0.384733
3000000,57,249.512,-21690.5,55.6684,0.3934
3015000,63,273.378,-21692.5,57.765,0.394259
3030000,70,324.962,-21695.6,71.0311,0.402367
3045000,80,362.355,-21704,68.5737,0.4196
3060000,75,335.551,-21670.7,74.3148,0.421267
3075000,71,310.598,-21671.6,83.902,0.4158
3090000,54,245.964,-21679.9,55.2694,0.387304
3105000,60,272.94,-21684.8,58.3157,0.3818
3120000,51,217.623,-21666.7,51.1636,0.391044
3135000,49,215.1,-21671.5,57.3372,0.405558
3150000,50,217.782,-21662,48.3257,0.387533
3165000,48,217.456,-21675.2,44.3846,0.3857
3180000,58,232.453,-21659.9,68.9705,0.387967
3195000,50,206.051,-21662.6,53.9088,0.3898
3210000,45,207.064,-21721.6,42.4927,0.389562
3225000,72,308.642,-21674.1,61.1244,0.394967
3240000,59,251.951,-21700.7,66.4789,0.409733
3255000,40,179.566,-21694.9,36.2784,0.394067
3270000,59,266.335,-21690.8,66.0241,0.393476
3285000,64,279.036,-21681.3,63.3442,0.406933
3300000,55,247.801,-21678.5,54.5679,0.386956
3315000,48,214.35,-21724.7,46.5594,0.384752
3330000,54,239.54,-21679.5,48.5214,0.3868
3345000,64,281.131,-21653.5,66.3612,0.387383
3360000,79,338.794,-21662,89.6153,0.406733
3375000,60,257.053,-21686.1,51.0087,0.4028
3390000,50,224.538,-21685.3,52.2075,0.399117
3405000,67,277.199,-21674,78.941,0.4002
3420000,73,321.152,-21680,82.7607,0.4068
3435000,61,249.981,-21675.6,63.1579,0.409333
3450000,64,268.918,-21670,62.9922,0.387267
3465000,56,235.248,-21697.6,58.9396,0.399333
3480000,45,203.523,-21690,67.5696,0.385345
3495000,37,156.431,-21702.1,29.7831,0.379
3510000,54,221.976,-21690.8,72.3809,0.384222
3525000,40,184.337,-21688.7,52.8116,0.378467
3540000,50,231.059,-21705.3,49.4393,0.373933
3555000,52,214.113,-21682.5,54.0249,0.387
3570000,43,186.11,-21738.1,39.6616,0.381287
3585000,37,167.858,-21723.8,36.8927,0.370733
3600000,43,183.311,-21701.2,38.889,0.383889
3615000,49,219.202,-21728.9,55.1135,0.3848
3630000,47,218.297,-21715.7,46.2504,0.386289
3645000,42,186.079,-21702.4,37.7211,0.3776
3660000,40,162.135,-21699.8,37.8964,0.36815
3675000,48,190.795,-21716.9,37.8983,0.3832
3690000,54,239.288,-21685.4,53.8368,0.380733
3705000,51,227.063,-21704.1,59.6592,0.388889
3720000,53,215.42,-21695.1,58.4321,0.393533
3735000,42,179.863,-21690.6,48.6618,0.3826
3750000,54,243.305,-21713.6,53.2063,0.3844
3765000,48,209.213,-21696.9,48.8662,0.398533
3780000,57,233.731,-21676.8,51.033,0.388173
3795000,58,238.186,-21681.6,57.8753,0.397467
3810000,66,285.395,-21690.6,72.8932,0.394333
3825000,52,218.295,-21681.6,57.5505,0.398667
3840000,36,166.293,-21701.9,41.9703,0.378478
3855000,46,201.141,-21697.6,49.8936,0.366133
3870000,60,252.623,-21684.1,58.2598,0.386556
3885000,53,235.372,-21684.2,58.6568,0.3924
3900000,59,256.114,-21683.7,52.1321,0.397667
3915000,45,203.477,-21696.6,44.0679,0.394143
3930000,51,228.798,-21670,61.5786,0.3807
3945000,53,233.205,-21675.8,57.456,0.3835
3960000,42,177.984,-21695.5,47.9125,0.375324
3975000,43,187.285,-21690,58.5739,0.376911
3990000,52,216.191,-21666.6,44.4597,0.377067
4005000,46,193.766,-21680.4,50.1143,0.393533
4020000,48,194.622,-21692,57.763,0.367689
4035000,60,280.386,-21708,59.4062,0.3816
4050000,45,210.215,-21684.4,40.8118,0.382033
4065000,48,213.202,-21711.8,40.1804,0.385733
4080000,49,219.163,-21680,51.7303,0.385233
4095000,45,203.502,-21684.6,33.2653,0.393867
4110000,48,219.516,-21688.6,39.2331,0.3898
4125000,52,213.502,-21687.7,53.669,0.3862
4140000,49,229.752,-21697.2,38.1538,0.392444
4155000,44,196.215,-21700.8,39.5447,0.375533
4170000,43,187.078,-21694.3,34.8959,0.3688
4185000,51,220.437,-21674.5,43.7061,0.388917
4200000,61,265.055,-21682.1,70.1505,0.3952
4215000,58,253.135,-21697.6,62.1348,0.388311
4230000,51,231.671,-21695.1,56.4439,0.382433
4245000,50,223.631,-21672.7,51.062,0.395733
4260000,56,245.471,-21697.2,45.7101,0.3828
4275000,33,160.118,-21726.4,32.8272,0.378414
4290000,53,224.951,-21682.3,60.3638,0.377033
4305000,61,262.056,-21675.7,77.4446,0.398733
4320000,49,209.505,-21707.4,57.9361,0.387086
4335000,38,175.132,-21689.3,43.5492,0.3947
4350000,45,205.114,-21707.4,48.5993,0.392467
4365000,55,241.216,-21706.9,71.4135,0.3852
4380000,58,248.371,-21687.8,50.2126,0.3962
4395000,58,246.626,-21680.5,57.2099,0.390533
4410000,54,234.425,-21671,58.3475,0.3908
4425000,56,224.473,-21690.9,57.7772,0.379905
4440000,57,259.465,-21685.8,63.4281,0.395433
4455000,56,234.024,-21668.9,51.8202,0.396233
4470000,42,185.669,-21688.1,49.1989,0.3926
4485000,50,216.878,-21696,51.4289,0.376333
4500000,50,223.431,-21678.8,51.5155,0.38168
4515000,55,250.1,-21663.7,56.281,0.389633
4530000,60,264.403,-21667.8,51.386,0.380133
4545000,46,189.349,-21689.1,47.9765,0.3838
4560000,50,213.206,-21690.3,49.1656,0.366933
4575000,46,188.004,-21692.1,39.3684,0.378933
4590000,50,207.473,-21710.9,49.0584,0.380522
4605000,59,248.62,-21680.7,63.9519,0.3906
4620000,58,241.463,-21676.9,55.5941,0.384212
4635000,48,205.717,-21675.5,64.6561,0.373633
4650000,47,199.758,-21674.8,38.5675,0.377433
4665000,50,228.836,-21682.3,35.36,0.3816
4680000,47,204.851,-21695.2,52.7244,0.376747
4695000,52,231.438,-21678.5,64.1142,0.382933
4710000,54,229.956,-21692.7,40.926,0.382133
4725000,55,229.697,-21690,51.7306,0.38135
4740000,52,231.235,-21677.9,46.9322,0.383533
4755000,50,204.13,-21672.5,52.2509,0.363567
4770000,70,287.863,-21672.6,88.9291,0.392933
4785000,69,297.797,-21672.8,74.1426,0.4094
4800000,50,222.228,-21691.1,49.0297,0.38275
4815000,58,248.621,-21671.5,49.7991,0.392133
4830000,50,229.35,-21698.3,43.5239,0.370267
4845000,54,225.428,-21701.4,40.8565,0.3774
4860000,51,233.621,-21681.8,49.6752,0.3849
4875000,61,257.25,-21692.3,59.1203,0.391533
4890000,57,262.186,-21682.5,65.5597,0.386233
4905000,50,214.548,-21666.6,57.0111,0.3785
4920000,44,194.998,-21693.8,41.2355,0.3774
4935000,47,210.874,-21682.5,34.7144,0.3722
4950000,56,229.466,-21678,59.1588,0.3694
4965000,49,214.617,-21676.5,43.5612,0.377758
4980000,43,186.935,-21694,36.7016,0.373933
4995000,40,162.568,-21702.2,40.0707,0.377105
5010000,44,185.301,-21690.5,42.0148,0.376533
5025000,49,207.554,-21686.6,51.8118,0.378067
5040000,51,216.541,-21669.2,59.6864,0.377133
5055000,47,206.101,-21713.4,45.7773,0.370693
5070000,58,254.449,-21674.2,56.125,0.388567
5085000,52,215.273,-21688,56.7335,0.396233
5100000,55,240.927,-21692.2,53.7283,0.395933
5115000,50,226.517,-21714.6,48.6165,0.385667
5130000,57,247.77,-21667.2,60.6795,0.356207
5145000,56,258.878,-21667.5,55.437,0.385573
5160000,53,230.834,-21671.4,49.25,0.388
5175000,65,272.938,-21651,67.6514,0.388133
5190000,46,187.499,-21672.6,37.1528,0.381433
5205000,70,320.868,-21650.4,66.6048,0.3739
5220000,81,348.836,-21672.8,95.0165,0.396
5235000,66,299.512,-21650.7,57.4314,0.398267
5250000,43,183.282,-21717.6,50.6205,0.384756
5265000,74,347.025,-21655.7,81.9366,0.396033
5280000,54,227.167,-21680.4,50.4707,0.390644
5295000,51,215.199,-21679,49.0161,0.391933
5310000,67,279.235,-21647.5,67.6173,0.384956
5325000,60,251.478,-21663.9,74.9663,0.398267
5340000,50,220.372,-21671.9,60.69,0.391733
5355000,48,210.582,-21683,65.4223,0.375495
5370000,57,248.051,-21698.8,64.1802,0.392467
5385000,61,265.877,-21691.4,56.5178,0.403533
5400000,48,209.455,-21699,45.9162,0.384183
5415000,53,224.793,-21678.6,49.0922,0.392867
5430000,45,195.807,-21671.9,47.7192,0.3694
5445000,58,263.805,-21710.6,57.2855,0.3935
5460000,63,267.97,-21686.4,68.8013,0.387387
5475000,46,186.279,-21688,36.7342,0.3766
5490000,50,225.654,-21689.7,42.4515,0.391222
5505000,66,289.234,-21673.6,63.5388,0.396978
5520000,65,286.313,-21683.1,76.626,0.3932
5535000,56,231.231,-21675.7,69.9057,0.384867
5550000,49,204.148,-21680.3,53.9933,0.3964
5565000,57,240.901,-21684.7,68.1936,0.3834
5580000,44,194.842,-21674.1,46.1692,0.362244
5595000,59,245.37,-21679.2,74.648,0.3897
5610000,50,215.819,-21662.4,50.5174,0.378367
5625000,64,276.56,-21659.7,58.3068,0.381767
5640000,67,313.081,-21701.3,92.9537,0.411667
5655000,44,185.278,-21678.9,38.2294,0.363533
5670000,43,188.698,-21704,37.0497,0.382433
5685000,42,175.919,-21702.5,50.7885,0.381303
5700000,61,260.995,-21661.9,54.9372,0.362756
5715000,52,222.911,-21684.4,65.9325,0.383967
5730000,50,223.76,-21680.3,40.1786,0.372667
5745000,48,203.78,-21710.4,54.1809,0.381053
5760000,50,226.713,-21688.8,46.9478,0.378289
5775000,55,231.864,-21683.1,46.9703,0.385133
5790000,58,253.345,-21683.7,46.6747,0.378433
5805000,47,204.369,-21716.1,53.2676,0.399967
5820000,55,240.576,-21673.8,48.6343,0.377
5835000,43,197.142,-21691.3,54.8549,0.386033
5850000,47,202.617,-21699.8,44.822,0.3884
5865000,53,234.438,-21679.7,65.7427,0.378156
5880000,62,287.63,-21679.5,56.0659,0.388267
5895000,61,266.811,-21687.3,67.2639,0.4008
5910000,51,216.213,-21689.3,45.7791,0.394067
5925000,45,189.912,-21691.1,42.3643,0.3602
5940000,57,229.383,-21693.8,59.7664,0.386156
5955000,62,284.745,-21669.3,50.5315,0.383778
5970000,63,269.063,-21683.8,63.2218,0.396467
5985000,53,218.023,-21698.5,60.8988,0.392133
6000000,54,253.419,-21682.6,46.1887,0.385733
6015000,65,272.917,-21665.3,79.121,0.386067
6030000,76,321.068,-21682.1,95.7075,0.378438
6045000,49,221.582,-21666,41.7008,0.3885
6060000,55,238.978,-21672.9,54.9253,0.395967
6075000,59,259.968,-21663.3,49.5894,0.369033
6090000,71,305.954,-21655.4,65.7772,0.385867
6105000,66,296.52,-21666.2,64.633,0.394867
6120000,69,313.718,-21708.5,65.7213,0.4028
6135000,64,287.69,-21684.5,65.7507,0.404833
6150000,54,241.877,-21680.7,40.125,0.395
6165000,53,243.795,-21675.1,48.9423,0.3896
6180000,51,230.212,-21698.7,70.7689,0.387379
6195000,69,297.833,-21669.9,70.7088,0.399833
6210000,60,255.791,-21682.3,59.0676,0.4106
6225000,63,288.402,-21675.8,65.8832,0.403133
6240000,63,271.09,-21668.2,52.3268,0.399429
6255000,51,221.109,-21699.4,46.7057,0.386933
6270000,70,298.183,-21682,74.1283,0.398822
6285000,57,247.886,-21686.3,63.2096,0.387933
6300000,66,298.551,-21681.7,64.8732,0.410133
6315000,60,242.601,-21686.2,51.0267,0.403333
6330000,47,210.255,-21690.3,37.7457,0.386667
6345000,53,226.853,-21701.7,58.1132,0.393533
6360000,66,278.924,-21676.6,57.7166,0.389444
6375000,56,248.952,-21671.2,54.6888,0.4078
6390000,54,244.465,-21698,53.3039,0.396867
6405000,62,264.645,-21680.3,72.3062,0.4022
6420000,54,220,-21697.8,48.9423,0.39712
6435000,46,195.028,-21684.9,43.8002,0.3864
6450000,46,189.649,-21675.2,42.6932,0.384367
6465000,58,263.045,-21698.8,60.6542,0.374733
6480000,44,207.16,-21690.4,38.1572,0.378867
6495000,51,229.41,-21690.7,51.1864,0.376133
6510000,50,220.862,-21671.8,66.1812,0.390778
6525000,54,231.577,-21672.6,60.6475,0.390267
6540000,42,182.611,-21693.3,42.288,0.376
6555000,39,171.449,-21695.6,28.9729,0.371356
6570000,59,222.194,-21696.1,52.3253,0.383667
6585000,46,193.263,-21707,47.3249,0.393133
6600000,47,217.321,-21697.5,40.9275,0.396267
6615000,56,236.108,-21688.7,59.0063,0.3921
6630000,63,274.544,-21658.2,70.1375,0.391
6645000,52,227.809,-21669.4,43.8037,0.3944
6660000,59,259.13,-21667.7,50.0494,0.3936
6675000,53,234.718,-21709.8,49.718,0.395133
6690000,53,252.471,-21696.1,56.2165,0.386008
6705000,57,261.074,-21696.1,53.3531,0.411933
6720000,57,246.961,-21677,65.2133,0.402067
6735000,59,258.211,-21682,55.2098,0.391493
6750000,43,197.173,-21689.8,38.7375,0.381667
6765000,62,272.98,-21671.5,60.6119,0.4015
6780000,58,263.285,-21676.9,48.7576,0.388467
6795000,59,267.579,-21682.8,69.5643,0.391507
6810000,63,289.851,-21702,68.496,0.394267
6825000,67,302.896,-21693.2,53.2531,0.398567
6840000,85,375.052,-21644.4,87.146,0.40215
6855000,72,317.677,-21627.6,81.962,0.391733
6870000,72,322.33,-21659.3,76.354,0.4092
6885000,62,286.474,-21640.9,52.6878,0.4002
6900000,63,290.1,-21639.8,72.1363,0.392733
6915000,62,275.756,-21647,57.8475,0.396
6930000,66,290.415,-21638.1,58.3699,0.384133
6945000,58,260.626,-21704.5,46.4329,0.388675
6960000,64,293.782,-21638.1,53.7608,0.390867
6975000,53,239.75,-21653.1,58.5172,0.3766
6990000,45,176.35,-21699.2,42.57,0.378278
7005000,45,185.446,-21720.4,51.8029,0.375867
7020000,48,217.271,-21705.4,47.6898,0.387747
7035000,42,195.194,-21689.7,33.7305,0.373
7050000,38,181.609,-21674.3,31.8789,0.374707
7065000,50,219.909,-21669.4,45.8571,0.3668
7080000,59,272.783,-21678.1,66.1071,0.381333
7095000,51,219.818,-21679,42.9853,0.394133
7110000,39,175.54,-21713.4,30.0912,0.380819
7125000,55,232.764,-21659.5,57.951,0.376767
7140000,48,216.717,-21667.5,43.3954,0.3858
7155000,56,230.761,-21671.2,50.5279,0.384933
7170000,41,179.924,-21681.2,35.678,0.3674
7185000,44,192.12,-21700.3,49.3961,0.365933
7200000,73,333.767,-21682,66.8285,0.3926
7215000,61,261.25,-21667.7,58.4433,0.3982
7230000,46,200.995,-21700.2,45.945,0.375646
7245000,53,235.639,-21685.4,65.3896,0.3886
7260000,74,323.253,-21679.3,80.471,0.4066
7275000,70,317.934,-21655.1,80.2386,0.417467
7290000,70,305.377,-21688.9,71.7603,0.413156
7305000,59,262.111,-21702,55.5192,0.401707
7320000,49,220.507,-21685.9,54.9659,0.397133
7335000,55,235.427,-21699.9,46.1858,0.404767
7350000,58,257.591,-21651.1,65.5812,0.392213
7365000,52,233.736,-21693.4,49.2142,0.393033
7380000,63,272.32,-21706.4,59.3157,0.398867
7395000,49,215.554,-21672.7,54.6611,0.389067
7410000,54,242.575,-21704.7,54.4111,0.389911
7425000,46,212.345,-21691.4,52.809,0.3718
7440000,52,232.497,-21707,44.1261,0.39655
7455000,50,230.928,-21687.6,55.1461,0.387733
7470000,58,234.512,-21669.4,50.3895,0.3895
7485000,50,233.609,-21690,43.538,0.375767
7500000,52,232.723,-21676.1,44.1835,0.381833
7515000,53,229.714,-21697.7,47.5692,0.382933
7530000,47,208.377,-21698.3,32.5449,0.4046
7545000,51,231.736,-21679.3,35.643,0.387733
7560000,46,193.407,-21679.4,40.5714,0.374833
7575000,50,209.79,-21675.9,33.4648,0.3692
7590000,59,262.776,-21680.8,50.3884,0.392633
7605000,60,267.367,-21658.4,68.16,0.387817
7620000,43,174.364,-21691.9,50.8331,0.372689
7635000,38,141.621,-21705.2,36.0595,0.365467
7650000,54,244.829,-21711,67.2673,0.393183
7665000,53,226.929,-21666.9,53.1706,0.39445
7680000,59,262.193,-21678.7,61.3998,0.386333
7695000,53,226.601,-21694.4,55.9043,0.389867
7710000,53,236.29,-21695.8,49.4287,0.378347
7725000,56,260.44,-21677.7,58.4915,0.3983
7740000,59,272.036,-21683.2,61.3951,0.388133
7755000,51,222.852,-21680.6,58.5612,0.371133
7770000,52,224.355,-21686.8,57.3284,0.388733
7785000,47,196.158,-21680.5,41.5274,0.373933
7800000,54,236.134,-21689.2,66.8284,0.373
7815000,45,191.303,-21696.3,35.8059,0.388527
7830000,42,175.666,-21705.1,47.777,0.37535
7845000,53,245.495,-21691.1,48.8532,0.381367
7860000,52,242.538,-21691.2,46.6886,0.386933
7875000,51,223.434,-21692.3,40.6991,0.374689
7890000,51,218.255,-21672.8,45.5641,0.3775
7905000,56,245.982,-21680.4,60.3038,0.378438
7920000,56,255.283,-21686.6,48.7865,0.388433
7935000,52,234.84,-21679,44.8055,0.39
7950000,55,227.512,-21689.4,69.0804,0.395244
7965000,59,258.825,-21676.3,65.9823,0.399467
7980000,60,259.061,-21661,66.9111,0.388933
7995000,66,298.564,-21664.7,60.8606,0.396283
8010000,57,239.539,-21662.4,48.5553,0.393333
8025000,53,221.441,-21659.9,51.2721,0.385844
8040000,70,309.369,-21678.1,90.2954,0.380182
8055000,66,290.307,-21665.6,61.8344,0.394133
8070000,69,301.636,-21698.3,66.4612,0.402367
8085000,60,240.653,-21679.5,61.0966,0.392267
8100000,65,286.828,-21666.3,65.0873,0.396133
8115000,58,261.149,-21668.4,59.2749,0.401333
8130000,58,259.056,-21682.4,69.1302,0.376733
8145000,66,298.878,-21680.8,66.2431,0.3828
8160000,67,310.54,-21684.2,65.7651,0.397467
8175000,52,216.329,-21668.9,60.8487,0.388
8190000,43,195.382,-21700.6,47.7561,0.381067
8205000,48,204.995,-21687.5,43.0696,0.376633
8220000,54,242.905,-21705,54.0911,0.395333
8235000,60,266.488,-21677.1,65.028,0.3836
8250000,45,193.51,-21702.9,43.1986,0.37495
8265000,70,305.882,-21660.8,69.7408,0.395467
8280000,61,278.78,-21672.4,69.2151,0.4056
8295000,64,280.996,-21683.5,64.8883,0.407933
8310000,53,220.103,-21657.7,48.6299,0.369017
8325000,66,299.486,-21677.4,75.1593,0.387
8340000,61,275.142,-21686.9,68.8136,0.389644
8355000,51,215.881,-21687.9,51.9262,0.387
8370000,53,218.969,-21685.1,55.0425,0.389767
8385000,48,207.328,-21678,50.0221,0.373167
8400000,52,223.971,-21683,49.2336,0.391667
8415000,44,198.399,-21688.8,55.326,0.382324
8430000,60,257.854,-21695.8,52.0489,0.3942
8445000,57,245.67,-21684,70.5911,0.383867
8460000,77,346.662,-21696.7,68.4188,0.3977
8475000,61,277.553,-21691.8,66.7314,0.388867
8490000,57,249.848,-21694.2,49.2902,0.398156
8505000,74,324.053,-21697.1,67.0163,0.408867
8520000,61,254.078,-21681.6,46.8898,0.404578
8535000,52,229.574,-21679.6,59.4356,0.395733
8550000,57,259.176,-21696.4,50.8185,0.3926
8565000,47,192.95,-21702.2,48.2709,0.3904
8580000,53,225.662,-21690.3,60.4019,0.401067
8595000,51,236.942,-21691.9,69.1834,0.390733
8610000,60,267.403,-21684.9,66.6754,0.400667
8625000,67,306.291,-21682.2,81.7022,0.401333
8640000,60,258.412,-21692.5,58.1935,0.400267
8655000,50,207.611,-21691.6,51.1053,0.391358
8670000,46,203.274,-21699.6,46.9626,0.3862
8685000,51,223.009,-21686.7,48.2346,0.385067
8700000,52,225.502,-21705.8,42.2453,0.390567
8715000,50,217.695,-21697.4,55.2723,0.378033
8730000,40,171.44,-21706.5,40.4022,0.390689
8745000,43,194.37,-21695.8,35.8629,0.373667
8760000,52,230.78,-21692.3,63.2261,0.394467
8775000,63,270.738,-21698.3,71.6518,0.385547
8790000,55,232.271,-21690.2,45.2866,0.398267
8805000,40,175.297,-21700.5,37.5814,0.3871
8820000,45,198.261,-21713.3,44.2508,0.379933
8835000,46,205.006,-21691.8,50.5694,0.378556
8850000,50,230.714,-21689.2,47.5178,0.382467
8865000,47,198.248,-21698.3,54.9918,0.371467
8880000,59,249.344,-21681.1,54.2623,0.38396
8895000,58,252.987,-21718.2,64.2509,0.402267
8910000,60,261.228,-21701.2,68.9029,0.393444
8925000,56,246.13,-21707.5,59.2111,0.3931
8940000,54,242.28,-21696,57.3229,0.387533
8955000,45,205.486,-21679.9,44.446,0.3816
8970000,56,232.383,-21674.1,48.8417,0.385476
8985000,40,180.312,-21712.9,35.2751,0.39344
9000000,55,245.585,-21685.1,59.7321,0.387633
9015000,48,196.33,-21684.5,58.0167,0.3912
9030000,40,170.607,-21698.3,42.4371,0.367733
9045000,61,279.062,-21693.4,62.3091,0.396667
9060000,54,232.123,-21686.2,62.4487,0.376933
9075000,54,227.486,-21707.5,55.9619,0.38315
9090000,43,190.697,-21699.1,35.6609,0.373783
9105000,55,238.349,-21693.2,55.252,0.393
9120000,56,254.018,-21676.3,55.3733,0.381844
9135000,56,239.225,-21676.7,58.3791,0.388867
9150000,52,220.591,-21672.2,63.5604,0.3796
9165000,51,226.519,-21705.8,56.8245,0.4018
9180000,51,216.497,-21663.5,45.625,0.3843
9195000,53,234.108,-21697.1,50.0197,0.385333
9210000,61,267.288,-21674.7,62.1322,0.377433
9225000,63,272.658,-21674.6,57.0416,0.396333
9240000,78,334.41,-21688.7,86.9207,0.4062
9255000,72,314.504,-21682.2,71.041,0.405467
9270000,79,358.519,-21706.2,80.7067,0.411933
9285000,80,348.821,-21676.4,84.0115,0.412533
9300000,79,341.256,-21672.7,76.0269,0.413867
9315000,65,282.35,-21675.6,74.8772,0.413333
9330000,57,246.398,-21680.9,64.0214,0.382
9345000,43,176.191,-21696.6,48.2208,0.380908
9360000,49,204.246,-21686.3,47.2616,0.377188
9375000,65,280.398,-21706.3,70.4824,0.393244
9390000,52,227.287,-21709.5,41.8732,0.3832
9405000,65,309.567,-21700,74.6082,0.4046
9420000,65,298.796,-21699.4,81.0196,0.3988
9435000,56,247.798,-21694.4,53.698,0.391133
9450000,58,249.609,-21702.5,51.5693,0.394933
9465000,53,228.605,-21713.6,58.4765,0.4016
9480000,47,209.009,-21710,37.4601,0.379342
9495000,42,181.018,-21729.5,46.6707,0.400033
9510000,46,205.573,-21711.6,55.8893,0.40044
9525000,64,284.99,-21700.6,57.248,0.4072
9540000,64,269.933,-21671,75.4653,0.387889
9555000,58,262.151,-21714,49.8568,0.391
9570000,64,287.369,-21672.6,68.9899,0.4036
9585000,64,273.389,-21692.2,62.7446,0.400467
9600000,65,279.918,-21675.9,58.2308,0.399133
9615000,52,227.413,-21692.9,72.9889,0.38995
9630000,62,253.264,-21706.5,69.4318,0.3985
9645000,54,231.578,-21700.7,45.8653,0.401817
9660000,51,230.959,-21672.4,52.086,0.377556
9675000,59,251.579,-21677.8,53.9788,0.378333
9690000,54,223.701,-21702,48.1562,0.396822
9705000,55,244.172,-21674.4,61.7895,0.3902
9720000,48,215.551,-21694.4,55.7213,0.386333
9735000,45,201.208,-21683.2,38.7487,0.374543
9750000,58,248.106,-21659.4,48.8859,0.3909
9765000,66,287.551,-21685.4,68.7118,0.389333
9780000,60,258.835,-21655.4,59.4778,0.394067
9795000,43,174.417,-21685.3,36.3413,0.38475
9810000,46,207.226,-21675.2,40.7852,0.3736
9825000,63,267.984,-21653.6,59.7868,0.390333
9840000,47,198.065,-21683.7,50.2364,0.384867
9855000,65,292.051,-21664,59.495,0.391293
9870000,64,262.084,-21667.3,64.2256,0.385956
9885000,53,226.72,-21660.2,56.7788,0.396
9900000,65,277.073,-21650.4,68.3146,0.382017
9915000,71,321.034,-21653.2,69.1203,0.402267
9930000,56,248.557,-21666,61.8759,0.39985
9945000,61,271.685,-21686.7,67.518,0.395111
9960000,61,257.566,-21644,62.9261,0.400978
9975000,56,233.748,-21663.3,54.3153,0.380556
9990000,68,295.771,-21665,67.8412,0.390667
10005000,64,286.791,-21638.7,87.4811,0.403
10020000,53,240.813,-21691.6,51.2293,0.387
10035000,47,217.499,-21688.6,44.9784,0.395467
10050000,46,208.026,-21686.1,54.4886,0.3656
10065000,60,254.206,-21676.8,58.9386,0.3955
10080000,52,219.827,-21684,46.5356,0.384667
10095000,49,219.481,-21674.7,57.388,0.385267
10110000,38,161.401,-21706.9,34.0693,0.382033
10125000,47,194.036,-21697,50.3363,0.3594
10140000,52,230.267,-21688.4,54.2722,0.370911
10155000,50,214.191,-21683.1,40.8449,0.380867
10170000,58,241.444,-21646.7,55.3451,0.396205
10185000,57,257.246,-21664.2,62.2305,0.368733
10200000,65,285.272,-21692.9,54.9374,0.377117
10215000,69,318.64,-21677.4,74.5452,0.4144
10230000,62,271.875,-21683.1,63.6522,0.408467
10245000,61,253.425,-21698.7,53.2494,0.385633
10260000,56,247.128,-21687.6,70.6784,0.383167
10275000,51,225.003,-21674.4,42.9629,0.3965
10290000,50,225.811,-21683,53.3914,0.3744
10305000,48,203.826,-21695.5,55.716,0.373111
10320000,38,168.692,-21687.4,34.2408,0.367667
10335000,45,209.936,-21698.1,40.8216,0.366
10350000,46,203.292,-21675.8,44.4355,0.367983
10365000,47,214.943,-21688.9,50.4687,0.376217
10380000,51,221.017,-21702.1,53.5806,0.364667
10395000,50,211.54,-21686.2,48.0682,0.376133
10410000,48,199.621,-21682.7,47.2865,0.377267
10425000,50,232.008,-21692.3,52.2156,0.377267
10440000,46,210.609,-21686.7,50.0605,0.360822
10455000,45,197.845,-21692.4,43.9746,0.385067
10470000,43,191.3,-21705.7,43.5885,0.3788
10485000,45,208.052,-21707.1,45.0527,0.360444
10500000,50,233.16,-21687.1,60.2277,0.376507
10515000,39,171.786,-21707.7,41.7829,0.368133
10530000,38,173.283,-21710.2,32.0743,0.370067
10545000,50,223.724,-21700.8,49.0321,0.368822
10560000,37,162.239,-21696.7,40.2866,0.367467
10575000,52,229.644,-21699.8,55.2456,0.3646
10590000,52,220.785,-21681.3,54.0254,0.379733
10605000,61,272.841,-21676.7,65.8649,0.393933
10620000,46,201.506,-21709.4,48.9829,0.368367
10635000,55,244.786,-21662.3,52.3735,0.399033
10650000,60,272.891,-21687.7,53.8213,0.365339
10665000,61,266.235,-21706.3,56.8405,0.395
10680000,51,226.202,-21695.3,43.1709,0.402467
10695000,47,218.224,-21704.3,57.6205,0.385733
10710000,53,244.213,-21696.7,58.8375,0.3756
10725000,64,276.566,-21699.3,61.4479,0.3996
10740000,46,209.405,-21709.7,47.3724,0.386511
10755000,47,220.851,-21714.4,38.6366,0.383
10770000,55,261.19,-21715.2,52.703,0.390778
10785000,54,238.626,-21715.2,55.6268,0.392244
10800000,43,186.349,-21711.4,33.6302,0.388333
10815000,47,216.131,-21713,52.5181,0.380933
10830000,45,199.044,-21702.4,31.1806,0.394733
10845000,52,235.282,-21698.7,61.5385,0.387267
10860000,48,212.003,-21700,50.7892,0.386322
10875000,35,150.354,-21719.7,33.317,0.379533
10890000,46,182.571,-21699.7,34.6074,0.360467
10905000,53,226.317,-21695.2,43.55,0.375267
10920000,51,230.238,-21702.6,54.6257,0.369778
10935000,65,291.694,-21671.9,53.2581,0.3778
10950000,58,259.915,-21689.1,52.5944,0.385844
10965000,60,259.824,-21700.6,45.5578,0.398033
10980000,64,294.484,-21645,59.8213,0.388433
10995000,71,289.094,-21668.9,67.6472,0.414667
11010000,61,274.975,-21671.7,63.0231,0.412
11025000,61,263.589,-21697,72.6292,0.401067
11040000,52,223.95,-21684,52.3149,0.39224
11055000,44,186.297,-21697.7,58.5841,0.383333
11070000,49,223.742,-21701.3,58.7867,0.386653
11085000,66,291.773,-21678.9,76.2485,0.396967
11100000,72,317.07,-21647,73.6798,0.404933
11115000,74,319.244,-21665.5,69.4725,0.410067
11130000,81,366.946,-21672.7,70.9825,0.423867
11145000,80,342.12,-21649.7,77.943,0.4106
11160000,79,349.985,-21644.2,72.4469,0.404933
11175000,75,336.338,-21643.8,80.3871,0.4086
11190000,67,285.107,-21667.5,65.3424,0.4118
11205000,77,323.459,-21671.5,65.6995,0.404467
11220000,77,330.859,-21645.6,79.7488,0.408133
11235000,46,209.541,-21686,46.0767,0.384923
11250000,39,172.09,-21687.3,42.5329,0.3898
11265000,63,265.535,-21662.5,58.4808,0.4034
11280000,46,200.533,-21704,52.6462,0.383433
11295000,82,346.754,-21657.7,75.2324,0.4087
11310000,64,266.803,-21679.2,79.1372,0.3938
11325000,71,311.807,-21671,74.5836,0.409133
11340000,76,331.026,-21669.8,76.3114,0.407067
11355000,68,310.418,-21693.1,64.366,0.403667
11370000,69,289.263,-21685.5,64.1487,0.410733
11385000,46,191.526,-21688.3,46.962,0.377185
11400000,53,220.005,-21699.7,56.7111,0.392767
11415000,52,221.405,-21684.7,48.7562,0.381267
11430000,46,191.188,-21687.9,57.5051,0.368
11445000,50,223.941,-21690.2,46.7678,0.395492
11460000,60,273.098,-21674,57.2638,0.391667
11475000,38,169.95,-21681.3,48.3042,0.367067
11490000,41,162.091,-21698.5,58.2549,0.373
11505000,49,221.857,-21692.7,42.5076,0.358533
11520000,48,208.561,-21686.2,47.9246,0.3722
11535000,40,178.335,-21689.1,46.5819,0.3596
11550000,44,191.469,-21706.9,43.4863,0.376517
11565000,40,171.276,-21699.8,45.5428,0.366333
11580000,56,247.847,-21695.6,49.7083,0.3876
11595000,61,275.538,-21673.8,65.5208,0.387541
11610000,62,286.24,-21677.3,68.3708,0.3922
11625000,51,230.538,-21710.4,46.3014,0.389822
11640000,65,307.289,-21665.5,61.3253,0.405733
11655000,50,203.797,-21667,56.901,0.381467
11670000,63,281.858,-21677.1,82.0419,0.3842
11685000,55,232.443,-21688.6,60.807,0.379773
11700000,43,186.862,-21687.1,40.4807,0.368533
11715000,48,213.766,-21707.7,43.3761,0.383233
11730000,54,232.943,-21677.3,46.7314,0.396067
11745000,58,259.531,-21695.1,58.345,0.388267
11760000,58,233.576,-21690.8,55.973,0.398844
11775000,60,262.133,-21670.1,72.7257,0.3989
11790000,68,298.848,-21675.2,70.1124,0.390133
11805000,64,287.56,-21680.1,59.2766,0.399133
11820000,47,207.531,-21673.5,57.8469,0.385933
11835000,62,267.89,-21672.1,62.3969,0.382467
11850000,60,249.788,-21665,60.9725,0.393867
11865000,61,265.979,-21690.8,53.3319,0.39521
11880000,56,240.15,-21683.5,61.6816,0.385767
11895000,50,220.959,-21697.6,49.1321,0.373795
11910000,52,228.918,-21664.7,56.3752,0.408356
11925000,55,252.781,-21682.8,54.061,0.391467
11940000,48,189.086,-21673.4,46.0497,0.38065
11955000,65,258.739,-21665.3,59.4473,0.401033
11970000,43,190.979,-21702.6,47.4289,0.387267
11985000,45,197.47,-21699,42.6898,0.383667
12000000,45,189.596,-21706.5,42.9884,0.385867
12015000,52,227.95,-21698,53.8736,0.387733
12030000,47,207.674,-21696.6,47.8807,0.357344
12045000,50,226.314,-21709,57.8355,0.371513
12060000,64,287.713,-21685.8,54.1024,0.3882
12075000,46,195.203,-21687.9,43.7399,0.363667
12090000,67,294.978,-21672.8,64.4215,0.393133
12105000,60,254.028,-21701.1,62.3024,0.389111
12120000,72,311.394,-21636.2,76.4345,0.394967
12135000,79,346.157,-21648.9,76.0034,0.3926
12150000,56,253.786,-21668.9,50.6934,0.398133
12165000,55,235.738,-21652.6,46.8759,0.3854
12180000,46,210.01,-21697.2,42.9176,0.388253
12195000,63,277.692,-21675.5,60.5174,0.379767
12210000,61,272.394,-21647.9,67.0572,0.393067
12225000,58,264.695,-21694.3,49.0323,0.384911
12240000,60,273.635,-21666.9,57.0479,0.379033
12255000,63,286.045,-21694.5,66.6915,0.381472
12270000,50,218.207,-21702,55.7484,0.385044
12285000,57,235.488,-21694.5,47.7483,0.3994
12300000,54,238.178,-21704.6,58.9072,0.395578
12315000,57,247.936,-21679.6,73.0159,0.367493
12330000,53,232.75,-21677.7,50.6597,0.3744
12345000,55,228.131,-21681.7,54.2639,0.3792
12360000,59,265.284,-21696.5,53.6474,0.38645
12375000,43,195.67,-21711.7,38.3449,0.386767
12390000,37,153.41,-21730,29.575,0.3854
12405000,52,235.079,-21691.6,52.9609,0.385483
12420000,47,212.85,-21675.9,41.3606,0.366133
12435000,51,226.928,-21688.9,52.1189,0.359333
12450000,46,195.973,-21683.7,44.9055,0.3768
12465000,49,206.883,-21726.4,51.0253,0.378493
12480000,64,290.582,-21683.6,52.4429,0.3712
12495000,72,319.022,-21672.5,70.9207,0.376281
12510000,61,277.124,-21670.7,68.3673,0.389167
12525000,73,318.452,-21651.6,77.4388,0.4047
12540000,85,379.751,-21653.3,94.2466,0.402
12555000,52,233.988,-21661.6,54.1149,0.386378
12570000,58,255.797,-21677.3,52.8406,0.386133
12585000,57,243.252,-21699.4,58.486,0.405383
12600000,50,216.932,-21656.4,59.737,0.395633
12615000,70,318.364,-21698,73.2286,0.389133
12630000,57,248.192,-21691.6,51.4657,0.400289
12645000,46,204.59,-21692.9,55.3147,0.380867
12660000,50,216.54,-21693.2,42.2468,0.398933
12675000,49,215.629,-21693.7,38.1745,0.381533
12690000,55,240.412,-21694.4,51.9843,0.387433
12705000,52,230.851,-21685.8,43.9304,0.385933
12720000,58,249.431,-21662.9,58.641,0.381
12735000,52,223.349,-21679.5,48.1115,0.398833
12750000,53,234.158,-21657.8,42.9436,0.3694
12765000,62,256.94,-21661.4,52.5234,0.386133
12780000,50,211.239,-21707.9,56.2519,0.378474
12795000,55,237.274,-21687.8,54.5034,0.39285
12810000,64,286.167,-21658.1,79.7083,0.393356
12825000,48,203.248,-21703.7,63.7575,0.4007
12840000,70,309.179,-21662.2,63.4714,0.397667
12855000,71,309.252,-21670.6,65.393,0.406667
12870000,61,254.696,-21665.4,64.4882,0.401267
12885000,59,263.219,-21665.5,53.5453,0.394733
12900000,52,224.446,-21680.1,54.571,0.386692
12915000,62,278.077,-21665.1,47.2343,0.3994
12930000,61,251.347,-21671.5,56.0221,0.394422
12945000,66,288.497,-21682.2,63.9315,0.399733
12960000,65,292.693,-21652.4,69.7536,0.386083
12975000,46,204.284,-21696.2,44.4166,0.39375
12990000,63,280.082,-21661.9,61.6854,0.382833
13005000,64,280.95,-21670.6,60.8122,0.392467
13020000,60,266.821,-21673.1,59.683,0.394733
13035000,54,214.988,-21693.2,59.9036,0.398111
13050000,56,234.692,-21667.8,52.1068,0.381133
13065000,53,225.586,-21665.7,52.5131,0.3931
13080000,65,277.674,-21677.4,68.1429,0.391433
13095000,51,239.299,-21685.4,70.9363,0.385658
13110000,51,229.128,-21672,61.2728,0.380067
13125000,56,248.386,-21685.3,61.944,0.394633
13140000,59,244.745,-21662.5,56.6119,0.38775
13155000,48,202.649,-21675.2,47.4253,0.379867
13170000,62,267.799,-21677.9,71.5995,0.379033
13185000,49,211.119,-21686.8,47.003,0.387333
13200000,68,303.324,-21692,70.3868,0.397133
13215000,51,234.874,-21679.2,51.8544,0.380895
13230000,54,231.531,-21686.4,59.6207,0.388533
13245000,55,235.358,-21674.8,59.0361,0.402911
13260000,63,273.297,-21653.5,58.2861,0.402952
13275000,63,283.633,-21656.1,73.4746,0.403333
13290000,59,257.76,-21656,56.6037,0.403444
13305000,72,296.847,-21673.4,80.1835,0.396333
13320000,82,338.19,-21642,87.5618,0.408567
13335000,65,291.086,-21688.9,62.921,0.413067
13350000,57,259.061,-21696.2,65.6571,0.3898
13365000,59,249.067,-21684.6,56.0527,0.4096
13380000,42,184.875,-21699.3,32.0187,0.386533
13395000,66,296.132,-21667.6,54.6192,0.39872
13410000,70,314.778,-21687.9,58.3965,0.397
13425000,61,279.102,-21657.4,62.8296,0.401067
13440000,59,261.9,-21671.9,60.1938,0.379933
13455000,63,280.74,-21656.6,72.4013,0.401067
13470000,70,304.71,-21641.7,76.1972,0.408
13485000,72,318.204,-21670.5,74.602,0.397933
13500000,77,351.329,-21695.1,64.6656,0.4118
13515000,57,246.043,-21660,58.1677,0.382515
13530000,60,245.845,-21655.1,51.0366,0.387333
13545000,50,223.438,-21657.5,51.8576,0.3982
13560000,76,331.831,-21653,73.1519,0.401033
13575000,77,346.578,-21659.4,85.716,0.393667
13590000,50,217.284,-21666,42.0004,0.384333
13605000,47,206.456,-21693.5,40.221,0.393378
13620000,58,257.806,-21665.5,60.398,0.3803
13635000,86,353.439,-21660,85.0669,0.393533
13650000,70,303.388,-21632.2,76.2433,0.404533
13665000,58,257.048,-21667.6,63.6099,0.381756
13680000,55,233.397,-21660.1,66.9039,0.3843
13695000,48,203.731,-21670.5,46.1106,0.378233
13710000,55,245.26,-21680.8,52.7913,0.375733
13725000,68,291.493,-21668,59.0465,0.392667
13740000,53,219.366,-21661.4,52.3424,0.392067
13755000,47,176.218,-21698.3,42.4814,0.394807
13770000,67,277.533,-21659.4,66.6051,0.3829
13785000,58,254.017,-21674,54.341,0.376747
13800000,48,208.539,-21695.1,68.5187,0.386711
13815000,38,152.401,-21709.6,45.5318,0.386533
13830000,67,261.111,-21693.2,66.7268,0.389489
13845000,42,188.835,-21713.6,38.4468,0.389493
13860000,68,286.601,-21673.4,61.4365,0.403167
13875000,61,242.757,-21650.4,45.6484,0.408333
13890000,58,260.634,-21668.1,50.1858,0.391867
13905000,50,222.047,-21660.4,50.1584,0.3884
13920000,50,214.223,-21708.5,82.006,0.390667
13935000,56,244.712,-21673.3,51.2895,0.391867
13950000,56,252.337,-21694.3,57.3897,0.395467
13965000,52,218.42,-21713,57.3292,0.392033
13980000,63,272.844,-21676.9,70.9428,0.395233
13995000,63,282.723,-21678.5,79.1313,0.399067
14010000,79,348.08,-21660.1,72.1104,0.417833
14025000,78,344.177,-21652.8,66.0298,0.4146
14040000,89,385.238,-21644.2,97.9447,0.4152
14055000,88,403.819,-21662.2,87.2607,0.4156
14070000,70,283.441,-21650.7,74.9302,0.408333
14085000,55,226.331,-21697.3,56.1149,0.391922
14100000,56,233.61,-21688.1,60.8495,0.409919
14115000,64,288.958,-21661.1,61.8928,0.391533
14130000,54,240.979,-21687.7,55.0879,0.403467
14145000,61,272.891,-21665.4,58.6498,0.394367
14160000,65,274.47,-21674.6,63.6876,0.403533
14175000,61,271.674,-21684,58.3964,0.391933
14190000,47,201.456,-21692.1,47.7209,0.371162
14205000,56,241.421,-21699.3,66.1524,0.3994
14220000,61,269.735,-21675.5,58.4089,0.393633
14235000,61,266.519,-21684.1,60.4298,0.3996
14250000,64,285.506,-21668.9,48.6958,0.4058
14265000,67,298.105,-21672.4,85.409,0.390667
14280000,54,231.593,-21704.1,48.2408,0.396907
14295000,46,193.827,-21688.3,44.7356,0.3752
14310000,62,293.493,-21679.3,60.0967,0.390067
14325000,52,223.822,-21709.8,54.2174,0.399711
14340000,48,188.591,-21707.9,40.9348,0.401167
14355000,52,230.531,-21701.8,59.4779,0.379
14370000,50,215.813,-21718.2,57.7571,0.390222
14385000,59,265.976,-21718.2,57.9648,0.4096
14400000,57,239.842,-21681.3,55.663,0.394489
14415000,58,255.026,-21691.8,68.1923,0.396333
14430000,55,230.381,-21689.8,57.9442,0.387778
14445000,56,241.825,-21685.1,49.4007,0.403867
14460000,69,321.257,-21684.2,65.5817,0.3988
14475000,65,294.225,-21643.1,67.2596,0.402867
14490000,57,236.207,-21649.2,58.3416,0.382333
14505000,62,265.349,-21664,68.5838,0.380933
14520000,64,276.076,-21655.3,64.3077,0.3932
14535000,66,278.667,-21707.8,69.4536,0.402347
14550000,60,251.919,-21650,68.513,0.396367
14565000,59,249.568,-21671.7,59.0262,0.400067
14580000,55,238.904,-21655.9,57.6489,0.384267
14595000,59,244.208,-21676.4,59.6185,0.366133
14610000,48,208.068,-21691.5,65.9302,0.386533
14625000,45,193.151,-21700,43.169,0.394011
14640000,47,211.704,-21711.7,40.504,0.39
14655000,48,209.364,-21687.7,50.4404,0.3874
14670000,47,204.702,-21713.8,52.677,0.3893
14685000,56,248.92,-21696.1,49.9149,0.377
14700000,60,260.216,-21695.9,70.4419,0.388233
14715000,52,238.849,-21702.1,57.2867,0.3853
14730000,48,199.041,-21693.1,46.6233,0.388587
14745000,57,256.071,-21672,52.056,0.399533
14760000,62,294.011,-21672.6,75.271,0.3955
14775000,69,299.074,-21668.1,73.6481,0.405467
14790000,61,269.779,-21686.3,44.1014,0.417467
14805000,53,238.192,-21706.1,48.0099,0.396333
14820000,54,239.723,-21673.2,54.7135,0.387356
14835000,46,209.96,-21681.6,42.4582,0.382733
14850000,71,304.93,-21700.9,71.9086,0.408733
14865000,61,264.508,-21713.5,62.6829,0.39965
14880000,67,292.914,-21674.5,64.4411,0.4038
14895000,69,312.714,-21652.5,69.876,0.404133
14910000,71,314.875,-21672.9,70.0631,0.408533
14925000,55,237.944,-21689.3,73.4971,0.407917
14940000,62,285.139,-21699.1,59.8525,0.416733
14955000,54,229.279,-21720.8,40.8568,0.407933
14970000,56,246.943,-21697.3,75.4006,0.403067
14985000,53,246.267,-21688.7,42.4393,0.378467
15000000,55,238.886,-21689.6,57.3983,0.398133
15015000,49,216.79,-21711,52.6207,0.392733
15030000,52,226.549,-21698.2,45.2703,0.3846
15045000,41,181.639,-21688,52.981,0.3754
15060000,67,286.869,-21685,59.4658,0.387933
15075000,53,219.316,-21681.4,62.2423,0.3887
15090000,57,258.552,-21685.3,61.5912,0.403667
15105000,58,250.034,-21662.7,54.8298,0.390242
15120000,66,286.896,-21667.5,63.7383,0.391933
15135000,69,309.923,-21674.3,63.1048,0.414133
15150000,59,281.787,-21679.2,68.804,0.407333
15165000,53,229.088,-21662.7,59.9819,0.377717
15180000,54,229.305,-21672.8,65.6609,0.402667
15195000,50,220.06,-21679.4,51.0928,0.3838
15210000,72,302.86,-21663.8,66.8728,0.3915
15225000,59,262.138,-21641.3,57.9392,0.397967
15240000,52,214.547,-21644.4,47.9951,0.385467
15255000,62,262.392,-21652.8,73.5321,0.395644
15270000,60,273.458,-21698.3,57.9556,0.394
15285000,56,252.404,-21678.9,62.1564,0.3998
15300000,58,262.147,-21681.4,54.8718,0.391
15315000,53,233.646,-21690.4,55.5128,0.391867
15330000,63,283.676,-21685.5,76.8758,0.3975
15345000,49,204.141,-21686.4,64.1265,0.378367
15360000,55,246.622,-21676.6,56.8461,0.38545
15375000,51,216.613,-21661.6,60.4416,0.398667
15390000,53,233.6,-21669.5,51.204,0.381067
15405000,51,234.791,-21690.9,44.138,0.385
15420000,56,236.49,-21701.7,46.3954,0.400222
15435000,45,203.837,-21690.2,50.115,0.372333
15450000,55,242.013,-21703.1,67.0346,0.383438
15465000,50,225.953,-21664.3,49.9812,0.378067
15480000,54,224.597,-21683.3,59.6977,0.389167
15495000,63,271.802,-21691.6,63.4479,0.4094
15510000,51,220.71,-21663.1,56.1225,0.369756
15525000,68,292.121,-21678.2,81.2534,0.401467
15540000,70,300.446,-21672,73.5953,0.414933
15555000,75,350.776,-21665.4,78.2069,0.406
15570000,73,318.031,-21677.5,75.1741,0.415867
15585000,67,299.64,-21660.6,62.6573,0.39056
15600000,68,285.806,-21688.2,78.0354,0.4221
15615000,63,270.183,-21696.1,63.5504,0.404533
15630000,52,245.454,-21689,44.3646,0.387089
15645000,76,327.557,-21661.1,73.724,0.4138
15660000,77,327.151,-21664.6,78.0744,0.3974
15675000,54,236.585,-21692.8,69.9304,0.388484
15690000,58,248.678,-21669.7,52.6934,0.391633
15705000,72,298.122,-21645.1,75.5129,0.391467
15720000,60,269.575,-21680,70.1442,0.3754
15735000,60,259.273,-21691,59.544,0.3836
15750000,45,195.065,-21705.5,40.0163,0.384493
15765000,54,235.272,-21707,54.0511,0.392867
15780000,67,304.351,-21662.5,71.9056,0.388867
15795000,47,205.548,-21709.3,47.3327,0.386367
15810000,56,244.375,-21670.5,67.0057,0.3942
15825000,56,250.226,-21703.5,56.8061,0.384167
15840000,59,244.166,-21669.5,63.4358,0.392941
15855000,50,206.164,-21677.4,41.3067,0.373711
15870000,52,236.48,-21683.7,48.9455,0.379867
15885000,55,242.233,-21676.7,55.9554,0.3784
15900000,48,202.532,-21712.2,49.1829,0.383693
15915000,57,258.158,-21689.6,64.0314,0.391033
15930000,80,353.908,-21721.7,84.0397,0.407078
15945000,58,247.57,-21664.4,67.74,0.401367
15960000,64,275.73,-21667.2,57.7965,0.384333
15975000,45,189.852,-21690.9,48.1387,0.406356
15990000,47,214.581,-21692.4,33.8918,0.383033
16005000,70,309.521,-21697.7,65.1849,0.394
16020000,63,268.238,-21683.1,76.1289,0.410333
16035000,66,293.692,-21664.2,64.2335,0.398333
16050000,64,280.207,-21676.7,50.6485,0.403867
16065000,71,307.104,-21657.9,59.9208,0.411867
16080000,54,243.662,-21674.5,62.6277,0.390089
16095000,67,286.176,-21669,74.8918,0.412433
16110000,50,208.833,-21702.4,56.7084,0.386983
16125000,70,285.33,-21656.5,81.551,0.4032
16140000,73,327.783,-21651.9,66.1707,0.401083
16155000,75,338.819,-21648.1,58.8839,0.400733
16170000,55,229.213,-21676.4,43.988,0.374117
16185000,63,287.738,-21651.2,43.0018,0.4113
16200000,69,304.376,-21643.6,72.145,0.3854
16215000,67,279.375,-21647.7,63.5561,0.398533
16230000,73,321.101,-21655.1,51.6529,0.396333
16245000,62,259.618,-21652.1,63.4325,0.4074
16260000,59,253.453,-21663.9,54.4707,0.378867
16275000,61,267.638,-21641.9,44.7336,0.3804
16290000,64,267.831,-21645.7,57.4913,0.3766
16305000,55,233.481,-21658.2,63.1226,0.379067
16320000,59,256.733,-21641.5,63.0684,0.380067
16335000,50,213.936,-21645.6,60.5805,0.378333
16350000,69,289.891,-21636.5,71.2203,0.372733
16365000,68,281.278,-21639,60.016,0.4004
16380000,71,298.112,-21654.6,70.8686,0.3978
16395000,58,248.962,-21682.3,64.9814,0.391259
16410000,52,232.317,-21658.2,40.5124,0.38165
16425000,68,279.827,-21650.2,68.9302,0.395133
16440000,74,320.936,-21648.4,84.2459,0.4
16455000,65,270.164,-21649.3,50.7757,0.388533
16470000,45,204.94,-21701.2,42.2118,0.391907
16485000,52,219.536,-21712.6,37.2841,0.380733
16500000,58,242.435,-21642,66.885,0.385044
16515000,61,257.329,-21661.7,70.9948,0.386933
16530000,63,294.364,-21700.3,57.1306,0.398956
16545000,51,229.1,-21681,44.7764,0.382837
16560000,45,200.92,-21683,49.3627,0.389667
16575000,54,241.16,-21669.1,70.7423,0.3798
16590000,48,196.743,-21698.7,51.6145,0.392578
16605000,46,210.027,-21678.1,45.9492,0.3768
16620000,58,242.566,-21667.3,46.2883,0.388067
16635000,67,282.446,-21663.5,82.2079,0.397667
16650000,65,283.83,-21658.8,67.7507,0.3916
16665000,56,239.952,-21661,57.6119,0.39024
16680000,50,212.768,-21694.2,49.8173,0.396
16695000,48,211.187,-21720,43.8697,0.3808
16710000,53,227.168,-21715.8,54.0945,0.375873
16725000,44,197.721,-21691.5,60.8225,0.389233
16740000,43,172.867,-21720.1,32.1902,0.3708
16755000,59,249.677,-21670.4,56.1318,0.386971
16770000,59,269.655,-21713.3,52.55,0.382133
16785000,56,247.573,-21699.7,52.9371,0.4036
16800000,51,236.95,-21688.8,55.9447,0.390867
16815000,59,269.804,-21678.3,63.6428,0.383314
16830000,39,153.287,-21697.5,28.7624,0.3686
16845000,67,287.333,-21709.7,65.1757,0.398133
16860000,47,203.223,-21705.8,46.2141,0.3759
16875000,44,177.769,-21707.2,41.5229,0.377058
16890000,52,228.477,-21684,47.0045,0.387667
16905000,63,254.686,-21646.2,65.3728,0.3908
16920000,69,303.687,-21681.2,72.5373,0.386217
16935000,54,237.465,-21669.5,56.4615,0.388733
16950000,57,246.386,-21678.4,54.4666,0.395567
16965000,58,250.561,-21661.6,66.4523,0.397
16980000,59,242.233,-21676.8,66.8648,0.397733
16995000,47,201.519,-21704.6,43.8868,0.380358
17010000,53,233.361,-21686.6,34.6669,0.378573
17025000,55,232.217,-21664.2,59.5575,0.3853
17040000,62,259.129,-21697.9,61.537,0.377267
17055000,70,307.808,-21687.7,73.4738,0.406867
17070000,56,257.646,-21670.2,50.9185,0.4042
17085000,61,269.962,-21685.2,49.312,0.383533
17100000,56,232.589,-21676,63.8356,0.3868
17115000,49,209.275,-21687.8,46.5428,0.378667
17130000,60,255.599,-21683.8,62.841,0.390311
17145000,49,201.508,-21703,45.7804,0.3833
17160000,58,262.927,-21674.2,52.9482,0.389
17175000,62,266.467,-21692.9,61.2184,0.3834
17190000,51,228.09,-21666.7,57.7198,0.3781
17205000,48,205.182,-21693.6,59.4487,0.381467
17220000,54,229.272,-21676.6,46.0672,0.39
17235000,49,220.328,-21687.1,45.1286,0.381678
17250000,68,286.685,-21674.9,72.4822,0.379867
17265000,53,209.648,-21682.6,45.2835,0.379089
17280000,54,235.633,-21672.2,56.0796,0.363933
17295000,60,263.97,-21666.6,55.2216,0.3798
17310000,54,235.106,-21663.1,46.6453,0.387667
17325000,65,281.657,-21671.4,67.1309,0.378347
17340000,53,232.513,-21690.8,57.8853,0.370524
17355000,60,279.564,-21654.8,57.0221,0.382567
17370000,60,259.948,-21659.4,46.9394,0.387383
17385000,54,219.4,-21646.6,51.2927,0.380833
17400000,54,221.885,-21677.8,46.5075,0.398367
17415000,61,277.93,-21671.3,57.0727,0.397533
17430000,55,244.099,-21647.9,55.0722,0.385511
17445000,63,288.766,-21677.6,58.7565,0.406267
17460000,56,242.809,-21695.7,55.8307,0.4018
17475000,44,199.215,-21708.4,51.9305,0.399267
17490000,52,231.912,-21693.2,49.4314,0.373133
17505000,42,182.785,-21714.5,47.646,0.389467
17520000,39,168.829,-21717.2,49.3692,0.401267
17535000,50,220.287,-21722.8,59.4519,0.371872
17550000,46,198.96,-21675.6,48.9272,0.380183
17565000,41,182.76,-21701.7,39.5905,0.3788
17580000,45,183.724,-21712.1,49.5333,0.3844
17595000,44,190.715,-21683.1,44.1633,0.367467
17610000,42,172.988,-21683.7,36.7035,0.3576
17625000,56,244.191,-21660.1,58.7771,0.376267
17640000,57,234.222,-21680.5,57.6381,0.387783
17655000,37,158.646,-21722.1,32.8126,0.375125
17670000,45,200.325,-21687.3,65.7863,0.381978
17685000,45,191.993,-21693.5,44.3918,0.356733
17700000,43,203.702,-21678.8,51.1432,0.345067
17715000,40,173.059,-21740.3,36.4898,0.387967
17730000,46,198.66,-21693.2,43.7326,0.363067
17745000,41,181.576,-21699.6,48.3278,0.3904
17760000,55,236.812,-21697.2,52.444,0.376978
17775000,61,272.69,-21672.3,64.4978,0.397333
17790000,49,211.509,-21713.9,47.9583,0.378017
17805000,60,260.378,-21663.7,67.6275,0.397167
17820000,60,270.553,-21670,64.1614,0.4022
17835000,63,280.764,-21684.8,69.3921,0.416667
17850000,60,254.182,-21696,60.1923,0.396181
17865000,56,249.23,-21682.2,60.4936,0.388
17880000,54,236.318,-21683.9,62.6753,0.390611
17895000,60,265.586,-21682.4,60.8164,0.397911
17910000,71,323.133,-21671.7,77.2435,0.394233
17925000,54,233.471,-21693.3,54.1903,0.394633
17940000,55,244.493,-21670.1,58.1637,0.395467
17955000,65,284.018,-21684.9,71.4131,0.396667
17970000,61,262.18,-21658.8,65.5507,0.409667
17985000,60,252.78,-21665.6,57.4159,0.3898
18000000,61,264.432,-21659.9,53.9853,0.400147
18015000,61,275.42,-21680.5,68.8045,0.397333
18030000,73,320.29,-21675.5,60.9859,0.404
18045000,61,270.902,-21684.1,56.7441,0.404933
18060000,54,224.112,-21667.1,51.0461,0.385827
18075000,62,262.515,-21653.8,52.9848,0.392467
18090000,55,237.67,-21685.3,62.016,0.38476
18105000,57,240.382,-21667.8,47.7834,0.4016
18120000,62,263.411,-21661.8,60.3375,0.374267
18135000,70,302.725,-21652.8,72.9572,0.4004
18150000,75,325.295,-21678.7,75.732,0.400733
18165000,74,302.121,-21683.6,76.8071,0.4036
18180000,56,230.401,-21670.3,50.7824,0.3876
18195000,65,270.972,-21667.4,63.0521,0.4102
18210000,80,330.274,-21665.1,70.6269,0.402933
18225000,73,313.432,-21675.9,70.2702,0.410533
18240000,48,203.625,-21701.4,41.9889,0.378033
18255000,47,210.136,-21693,38.0188,0.377
18270000,83,378.397,-21697.6,67.4,0.414
18285000,46,196.243,-21692.6,50.6753,0.388067
18300000,60,258.046,-21677.9,53.6607,0.405767
18315000,59,237.824,-21681.7,74.2861,0.392067
18330000,37,158.328,-21714.9,43.9736,0.364467
18345000,59,253.93,-21689,55.2882,0.3976
18360000,64,271.678,-21684.2,66.2935,0.405467
18375000,50,219.15,-21698.9,42.451,0.378356
18390000,58,249.759,-21700.9,54.3479,0.393533
18405000,72,308.963,-21722.8,73.2853,0.382013
18420000,69,292.712,-21689,69.1154,0.418717
18435000,63,255.227,-21687.4,66.7349,0.413133
18450000,46,195.174,-21703,51.452,0.399489
18465000,43,196.764,-21711,46.5849,0.381333
18480000,50,217.534,-21679.6,45.1141,0.387189
18495000,56,226.737,-21672.9,68.4303,0.381267
18510000,54,247.064,-21683,63.3983,0.399587
18525000,38,170.246,-21714.3,41.1272,0.379067
18540000,56,254.841,-21684.6,62.7294,0.378578
18555000,66,277.602,-21666.6,56.6108,0.385067
18570000,84,381.739,-21632.1,90.3977,0.401383
18585000,89,396.301,-21637.5,103.392,0.403933
18600000,79,352.259,-21623.8,84.8207,0.409
18615000,79,358.075,-21641.4,73.1549,0.407
18630000,81,357.836,-21641.9,75.232,0.413
18645000,76,331.383,-21642.5,67.3041,0.399733
18660000,50,230.166,-21708.1,61.7711,0.393952
18675000,49,204.363,-21670.5,51.466,0.380667
18690000,48,195.956,-21684.6,66.0589,0.391933
18705000,53,226.814,-21656,53.2318,0.3866
18720000,66,295.533,-21680.3,84.7824,0.401467
18735000,70,311.988,-21666.3,61.7772,0.412267
18750000,68,289.883,-21639,65.9977,0.412867
18765000,85,365.338,-21648.3,78.6321,0.413133
18780000,73,320.304,-21631.5,69.5698,0.415
18795000,76,339.036,-21661.6,83.8268,0.409533
18810000,73,324.887,-21671.5,80.1041,0.414733
18825000,78,356.287,-21661.2,83.6728,0.425067
18840000,69,306.791,-21667.5,65.3275,0.402067
18855000,52,236.76,-21657.6,43.1734,0.386067
18870000,53,233.538,-21675.7,46.3595,0.3816
18885000,59,256.515,-21685.9,51.9372,0.386533
18900000,63,285.358,-21677.3,72.4045,0.3894
18915000,54,215.84,-21652.5,56.0696,0.385733
18930000,60,271.518,-21646,64.5728,0.387133
18945000,59,258.097,-21655.4,60.1815,0.386067
18960000,51,217.101,-21664.5,57.3071,0.3812
18975000,54,239.729,-21689.3,55.9028,0.375007
18990000,69,308.559,-21644.5,78.0859,0.388467
19005000,70,287.943,-21661,73.7642,0.4022
19020000,58,262.151,-21668,52.6699,0.392067
19035000,67,289.472,-21675.2,64.5049,0.386067
19050000,62,268.332,-21662.2,62.1019,0.396533
19065000,62,279.589,-21652.7,59.1686,0.380267
19080000,67,286.407,-21657.2,69.7014,0.404133
19095000,67,297.979,-21658.9,57.5753,0.409467
19110000,67,289.007,-21671.1,76.5256,0.402067
19125000,73,334.312,-21675.9,80.1558,0.402933
19140000,60,242.249,-21671.9,59.849,0.3966
19155000,55,248.434,-21731.7,45.7382,0.378651
19170000,58,251.847,-21694.5,62.3941,0.3959
19185000,42,190.817,-21728.1,48.6103,0.390467
19200000,62,276.218,-21720.3,65.0381,0.406167
19215000,53,230.643,-21689.3,51.2359,0.418067
19230000,54,241.935,-21701.1,58.6565,0.382945
19245000,56,248.879,-21721.2,63.5257,0.3977
19260000,42,179.581,-21707.3,47.8392,0.381067
19275000,32,138.584,-21713,29.5834,0.381278
19290000,55,236.944,-21682.7,61.7678,0.389356
19305000,61,249.316,-21679.3,73.4714,0.3986
19320000,64,271.617,-21676.4,67.6909,0.3912
19335000,43,177.005,-21720.9,51.0824,0.365817
19350000,55,239.714,-21685.8,51.8403,0.371978
19365000,60,269.682,-21663.6,69.0653,0.390778
19380000,65,284.195,-21680.9,65.3122,0.3956
19395000,64,275.015,-21703.4,67.5513,0.397
19410000,66,287.418,-21663.7,65.4129,0.400733
19425000,68,310.249,-21675.6,71.0024,0.4006
19440000,75,337.132,-21673.9,75.3317,0.399933
19455000,62,271.345,-21663,74.6036,0.4082
19470000,45,201.282,-21703.7,47.9403,0.378567
19485000,60,249.994,-21691.2,58.4102,0.396
19500000,65,282.538,-21682.7,57.8274,0.401356
19515000,72,315.857,-21671.3,63.7458,0.401133
19530000,67,284.139,-21700.9,53.1159,0.397733
19545000,64,277.683,-21676.5,72.6993,0.4027
19560000,65,285.327,-21677.7,80.5298,0.397467
19575000,59,253.927,-21689.9,56.9193,0.4114
19590000,37,159.95,-21715.2,24.8317,0.384306
19605000,51,220.019,-21705,54.1317,0.378947
19620000,53,219.25,-21693,49.7326,0.395733
19635000,37,170.922,-21711,31.868,0.371733
19650000,50,223.317,-21669.1,49.2114,0.394567
19665000,59,263.077,-21715.3,44.6919,0.373233
19680000,64,292.811,-21732.1,62.4261,0.384478
19695000,48,202.87,-21705.8,52.82,0.396533
19710000,49,198.333,-21684.7,50.2766,0.391633
19725000,55,236.311,-21718.4,66.9254,0.390689
19740000,53,231.07,-21712.5,38.6869,0.404
19755000,48,202.748,-21689.3,37.0626,0.389311
19770000,61,279.275,-21705.6,63.4816,0.393827
19785000,47,211.148,-21693.9,47.1985,0.386644
19800000,50,224.846,-21693,64.0969,0.375933
19815000,45,207.373,-21707.4,44.1966,0.371667
19830000,63,269.396,-21657.2,74.7607,0.387507
19845000,55,224.778,-21670.2,63.4683,0.379933
19860000,70,305.606,-21661.5,54.7787,0.397733
19875000,50,210.845,-21719.8,58.784,0.378067
19890000,61,269.406,-21663.6,64.9434,0.4008
19905000,75,312.359,-21667.5,76.9925,0.418467
19920000,87,371.774,-21679,74.2319,0.4174
19935000,81,349.928,-21690.3,76.498,0.422133
19950000,61,275.609,-21653.2,60.8543,0.410667
19965000,45,199.686,-21709,50.7806,0.3893
19980000,63,290.422,-21680.3,66.4678,0.404833
19995000,42,193.303,-21754.5,53.0161,0.377751
20010000,51,234.215,-21667.1,53.7735,0.405033
20025000,49,214.367,-21660,45.5543,0.393867
20040000,54,232.663,-21671.3,46.4701,0.368733
20055000,63,252.484,-21673.8,63.5413,0.389667
20070000,68,282.267,-21685.4,82.3591,0.388333
20085000,65,267.18,-21671.3,66.6954,0.408067
20100000,60,253.199,-21694,62.3198,0.398467
20115000,76,321.459,-21687.1,70.2124,0.4076
20130000,72,313.907,-21684.7,70.7442,0.414067
20145000,50,208.322,-21694.1,56.5194,0.396733
20160000,49,205.955,-21682.4,66.5377,0.3924
20175000,35,134.758,-21736.6,30.7703,0.392439
20190000,59,274.655,-21709.6,57.9919,0.3882
20205000,49,220.472,-21729.6,56.6221,0.384233
20220000,62,274.215,-21706.8,61.8633,0.408333
20235000,51,224.657,-21690.7,50.6475,0.393067
20250000,55,258.874,-21697.1,50.1523,0.3976
20265000,54,241.744,-21696.3,55.4923,0.404933
20280000,52,227.226,-21704,53.8547,0.380733
20295000,52,235.728,-21686.6,50.1963,0.3957
20310000,67,273.06,-21695.3,55.5836,0.398705
20325000,56,247.498,-21696,52.8433,0.392622
20340000,62,262.331,-21690.1,67.6873,0.398967
20355000,62,256.415,-21703,63.2769,0.387067
20370000,61,265.22,-21699.7,50.3156,0.396293
20385000,40,179.33,-21702.8,34.3456,0.38665
20400000,46,198.379,-21696.6,52.9334,0.376778
20415000,49,207.502,-21696.3,55.0143,0.382711
20430000,50,204.511,-21706.5,52.1234,0.372733
20445000,65,279.905,-21705.2,68.1722,0.386317
20460000,53,225.12,-21708.5,52.7809,0.400156
20475000,51,219.396,-21682.2,39.8816,0.3878
20490000,48,208.584,-21691.3,38.9435,0.382967
20505000,50,218.248,-21675.5,52.02,0.373267
20520000,50,206.998,-21717.4,45.6463,0.378233
20535000,61,276.069,-21671,62.8996,0.3851
20550000,46,187.685,-21709.9,47.133,0.384575
20565000,51,223.087,-21726.9,54.2425,0.386111
20580000,56,240.194,-21683.5,65.4171,0.393556
20595000,55,242.025,-21695.3,67.1261,0.395167
20610000,58,264.247,-21688.2,57.204,0.3804
20625000,61,259.598,-21661.3,55.2128,0.383333
20640000,57,232.151,-21723.2,65.2825,0.400867
20655000,47,207.649,-21688.9,31.312,0.375567
20670000,48,212.551,-21711.2,44.7318,0.3886
20685000,59,264.989,-21720.5,61.9062,0.4086
20700000,57,249.472,-21685.4,56.3538,0.38602
20715000,46,184.828,-21725.9,52.6438,0.3931
20730000,44,195.349,-21706.7,44.0873,0.373187
20745000,40,180.087,-21730.9,43.3024,0.394333
20760000,47,219.369,-21738.7,37.3845,0.391933
20775000,48,199.332,-21729,41.5815,0.371356
20790000,45,178.294,-21729.3,49.887,0.368067
20805000,57,240.843,-21721.4,66.8607,0.399867
20820000,58,258.839,-21732.3,79.1303,0.393883
20835000,56,242.153,-21702.3,61.6992,0.398267
20850000,45,192.258,-21726.4,59.9059,0.37876
20865000,62,266.582,-21704.6,66.5636,0.407233
20880000,54,244.2,-21699.1,46.9812,0.4066
20895000,57,236.231,-21711.3,51.7018,0.380889
20910000,40,171.716,-21702.6,47.8997,0.38479
20925000,44,187.339,-21702.6,37.539,0.378067
20940000,55,246.043,-21726.5,53.2321,0.40395
20955000,46,203.723,-21723.6,40.3093,0.387467
20970000,45,191.837,-21722.1,39.8535,0.379467
20985000,45,191.025,-21701.9,47.1696,0.387333
21000000,51,235.635,-21710.9,55.8463,0.4014
21015000,40,168.297,-21713.9,45.2981,0.37659
21030000,55,223.975,-21709.2,67.0999,0.389733
21045000,43,171.703,-21701.1,41.9521,0.377683
21060000,47,190.349,-21707.2,48.9674,0.385517
21075000,41,171.787,-21709.5,52.4435,0.3623
21090000,45,187.339,-21689.8,33.5545,0.388883
21105000,49,205.282,-21708.4,34.089,0.386067
21120000,52,223.669,-21714.3,41.6153,0.384356
21135000,40,171.97,-21707.9,48.0922,0.377267
21150000,55,256.129,-21703.7,50.2983,0.400133
21165000,64,279.65,-21668.1,59.0482,0.400733
21180000,66,290.688,-21675.8,70.1308,0.401
21195000,66,290.63,-21676,66.4765,0.402533
21210000,48,202.575,-21683.5,52.1999,0.37008
21225000,56,233.718,-21669.5,56.395,0.387333
21240000,55,251.051,-21670.8,58.5717,0.379933
21255000,45,212.978,-21719.6,47.3486,0.377595
21270000,53,227.47,-21668.7,62.2671,0.384633
21285000,53,227.344,-21695.9,47.2505,0.366467
21300000,45,193.409,-21696.6,33.449,0.3824
21315000,56,240.637,-21673.8,60.0556,0.396967
21330000,51,216.621,-21665.8,45.6048,0.381025
21345000,57,254.348,-21696.1,47.3909,0.3836
21360000,52,247.836,-21701.9,64.0711,0.377978
21375000,37,150.828,-21705,35.7677,0.386867
21390000,59,248.186,-21682.5,56.9353,0.385444
21405000,59,255.274,-21703.3,81.3149,0.397
21420000,49,206.454,-21697.1,53.3065,0.382467
21435000,49,219.641,-21708.7,38.1078,0.384229
21450000,45,198.01,-21717.7,41.2515,0.379567
21465000,44,204.874,-21725.4,45.8466,0.388733
21480000,60,255.625,-21687.8,54.012,0.385429
21495000,46,203.859,-21713.8,37.8645,0.39345
21510000,56,234.534,-21679.7,48.8274,0.392133
21525000,61,253.992,-21682.8,51.8702,0.393
21540000,50,223.12,-21720.1,45.5704,0.377907
21555000,42,173.021,-21685.6,35.101,0.392617
21570000,51,236.138,-21678.8,58.1849,0.398022
21585000,72,308.35,-21659.6,72.4937,0.395933
21600000,65,267.836,-21655.5,59.2967,0.393022
21615000,56,247.666,-21688.4,56.1174,0.3874
21630000,70,305.06,-21686.6,62.7681,0.400222
21645000,79,353.453,-21643.9,80.1915,0.399289
21660000,47,214.702,-21701.8,52.8502,0.397978
21675000,72,301.634,-21630.7,79.873,0.404467
21690000,66,288.617,-21646.6,77.9237,0.398
21705000,70,289.817,-21662.5,69.5787,0.4078
21720000,57,254.374,-21683.7,67.2624,0.391733
21735000,45,190.839,-21671,41.8651,0.385067
21750000,59,254.6,-21662.9,62.699,0.375533
21765000,54,248.126,-21693.1,70.7444,0.3884
21780000,58,256.238,-21670.6,56.455,0.388556
21795000,62,264.969,-21673.4,60.3013,0.3854
21810000,62,288.404,-21667.3,58.2059,0.383756
21825000,57,259.66,-21684.2,50.3821,0.399433
21840000,67,308.073,-21678.2,76.1463,0.396267
21855000,60,274.184,-21687.1,52.5272,0.372985
21870000,69,288.029,-21686.4,52.7796,0.389367
21885000,56,230.166,-21665.5,45.374,0.39896
21900000,40,167.245,-21652.4,44.9111,0.381267
21915000,51,223.826,-21707.7,52.566,0.39105
21930000,56,249.722,-21655.2,44.0504,0.3858
21945000,55,250.361,-21675.2,63.3186,0.378356
21960000,54,245.82,-21700.9,44.2218,0.384
21975000,49,229.322,-21696.4,42.9492,0.3815
21990000,59,263.871,-21703,55.1844,0.399733
22005000,55,242.151,-21656.5,46.468,0.379889
22020000,58,258.862,-21653.8,53.6715,0.374533
22035000,53,252.092,-21665.8,57.6409,0.377533
22050000,52,233.401,-21685.3,59.77,0.385733
22065000,62,273.841,-21671.3,64.6091,0.379733
22080000,57,258.141,-21660.5,58.9944,0.390733
22095000,62,272.21,-21658.3,67.901,0.395178
22110000,63,277.058,-21684,56.4162,0.3814
22125000,65,275.594,-21659.4,69.1466,0.384933
22140000,61,267.725,-21662.9,76.4548,0.383489
22155000,67,283.067,-21639.8,71.9047,0.389
22170000,58,245.423,-21655.1,53.3543,0.391133
22185000,70,291.415,-21660.1,76.229,0.3932
22200000,61,276.146,-21678,51.648,0.389333
22215000,56,249.652,-21693.1,63.7628,0.398933
22230000,50,230.552,-21704.8,41.5018,0.387658
22245000,64,268.153,-21658.9,77.7035,0.3854
22260000,59,257.785,-21674,65.2528,0.387578
22275000,61,264.689,-21682.8,53.9904,0.380867
22290000,51,221.319,-21686.2,45.6334,0.396183
22305000,54,235.182,-21669.5,55.9193,0.3725
22320000,40,156.218,-21661.5,31.8641,0.3784
22335000,60,260.003,-21690.5,51.1652,0.370333
22350000,69,301.951,-21680.8,58.7857,0.402233
22365000,57,245.523,-21653.5,64.0156,0.399567
22380000,62,274.966,-21670.1,66.2852,0.387881
22395000,57,242.959,-21681,57.3784,0.390333
22410000,50,221.245,-21686.5,51.6911,0.387783
22425000,50,217.832,-21701.7,54.493,0.370867
22440000,51,231.096,-21679.4,41.9875,0.38
22455000,68,302.456,-21665.8,71.8014,0.3892
22470000,55,241.079,-21696.2,56.8061,0.394756
22485000,53,234.091,-21684.6,43.9787,0.385333
22500000,53,244.29,-21703,45.0799,0.397178
22515000,48,224.001,-21694.3,36.616,0.379867
22530000,64,266.267,-21681.1,65.0919,0.382089
22545000,45,195.076,-21701.7,35.95,0.3871
22560000,53,229.705,-21689.8,54.063,0.385
22575000,59,254.951,-21685.5,65.3108,0.3932
22590000,50,226.304,-21675,53.7942,0.389833
22605000,53,224.705,-21695.4,45.5668,0.4018
22620000,48,209.461,-21691.7,45.2763,0.392733
22635000,49,214.465,-21696.9,40.8772,0.39109
22650000,68,308.85,-21680.7,60.4953,0.384367
22665000,52,221.255,-21691,52.6395,0.3695
22680000,72,309.572,-21692,64.8353,0.390433
22695000,54,226.676,-21669.3,50.84,0.3995
22710000,67,283.983,-21661.2,52.2031,0.3896
22725000,64,289.428,-21693.7,74.3831,0.399267
22740000,55,247.839,-21681.6,52.4424,0.393367
22755000,63,260.937,-21680.4,62.4412,0.404867
22770000,69,300.734,-21671.6,69.6357,0.3972
22785000,66,288.693,-21688.6,56.8675,0.39575
22800000,73,317.674,-21684.6,75.5933,0.3988
22815000,70,320.933,-21667.1,67.8293,0.392933
22830000,78,341.495,-21660.3,82.5845,0.406067
22845000,63,280.764,-21672.4,74.0153,0.3898
22860000,56,255.676,-21705.7,62.5898,0.389867
22875000,58,246.942,-21688.9,59.2607,0.400133
22890000,62,269.169,-21669,66.6006,0.3918
22905000,71,319.781,-21677.4,61.5663,0.396629
22920000,45,200.384,-21697.8,45.5862,0.388867
22935000,64,299.139,-21654.4,70.2708,0.3889
22950000,69,294.951,-21660.5,76.6551,0.402067
22965000,61,266.495,-21702.3,61.5091,0.387163
22980000,48,208.886,-21686.9,38.1498,0.397133
22995000,56,238.852,-21682.4,38.5453,0.383733
23010000,54,247.64,-21667.7,44.1887,0.390483
23025000,53,233.907,-21673.6,55.0112,0.384067
23040000,41,170.639,-21669.7,43.0821,0.383778
23055000,56,244.252,-21663.1,55.2386,0.373
23070000,66,279.311,-21668.8,59.271,0.395533
23085000,65,284.567,-21670.6,64.705,0.399533
23100000,53,223.265,-21686.3,52.9984,0.374689
23115000,55,236.828,-21667,52.486,0.386067
23130000,56,231.848,-21703.4,60.077,0.389367
23145000,60,254.446,-21647.7,47.1502,0.390867
23160000,53,243.804,-21656.1,64.7728,0.394867
23175000,59,261.957,-21668,46.8918,0.381333
23190000,62,268.775,-21696.9,57.1696,0.3902
23205000,55,242.849,-21676.7,49.239,0.381333
23220000,45,212.587,-21688.7,62.2172,0.379533
23235000,47,204.264,-21667.9,53.0785,0.383433
23250000,49,224.335,-21684.5,50.272,0.367467
23265000,50,227.256,-21680,47.2362,0.360867
23280000,49,195.194,-21680.1,53.1855,0.372767
23295000,45,199.452,-21690.3,44.6215,0.377467
23310000,48,215.219,-21683,54.2908,0.3668
23325000,54,243.428,-21696.6,49.6817,0.381373
23340000,54,249.122,-21674.4,48.156,0.37272
23355000,58,242.948,-21688.6,67.8838,0.389867
23370000,54,227.898,-21693.8,54.4477,0.3922
23385000,44,204.169,-21679.6,38.1695,0.399533
23400000,51,216.102,-21662.3,47.8468,0.39136
23415000,39,177.232,-21698.8,36.5811,0.371367
23430000,41,182.804,-21693.1,53.0872,0.380267
23445000,61,264.31,-21674.7,68.3079,0.384911
23460000,62,263.483,-21702.7,59.027,0.4074
23475000,67,265.855,-21667.2,56.1931,0.416
23490000,65,292.453,-21679.9,64.4913,0.404667
23505000,61,263.343,-21661.7,56.9933,0.4008
23520000,45,196.574,-21687.6,28.2917,0.396933
23535000,46,204.978,-21690,41.3292,0.384575
23550000,43,185.271,-21681.1,54.2783,0.3711
23565000,60,258.849,-21680.8,54.5422,0.3856
23580000,61,266.761,-21675.5,58.5998,0.389
23595000,67,278.316,-21678.1,74.2117,0.397467
23610000,67,289.522,-21671,73.8109,0.3968
23625000,73,320.066,-21641.3,79.3479,0.387933
23640000,43,185.624,-21691.5,50.6524,0.3848
23655000,49,207.853,-21700.8,39.1049,0.376117
23670000,46,185.854,-21683.6,50.7171,0.371633
23685000,49,213.49,-21685.5,47.9365,0.378367
23700000,49,211.165,-21711.9,52.1655,0.3869
23715000,45,194.195,-21685.7,37.7832,0.387867
23730000,53,224.368,-21681.9,55.7748,0.368133
23745000,49,202.508,-21675,55.6723,0.388533
23760000,57,250.135,-21667.1,64.7573,0.384467
23775000,56,237.986,-21666.3,54.8555,0.3846
23790000,65,287.425,-21678.5,71.1993,0.383436
23805000,56,247.636,-21695,70.4906,0.385125
23820000,55,231.917,-21691.5,53.6646,0.392533
23835000,53,227.427,-21697.2,58.6188,0.385133
23850000,52,225.583,-21668.8,45.4423,0.379533
23865000,58,249.27,-21675,48.9444,0.385733
23880000,52,220.229,-21682.5,45.0513,0.388956
23895000,50,214.406,-21698.8,59.0868,0.391133
23910000,61,259.441,-21670.9,61.9722,0.383533
23925000,50,204.81,-21674.8,43.8233,0.3786
23940000,50,221.598,-21683.4,64.9925,0.3592
23955000,45,197.577,-21693.7,41.9286,0.378956
23970000,51,220.76,-21674.7,59.8546,0.392387
23985000,52,242.974,-21666.7,63.0146,0.391533
24000000,54,239.829,-21682.1,42.8916,0.388667
24015000,51,206.333,-21693.9,48.4285,0.375427
24030000,67,293.789,-21696.9,46.8713,0.3875
24045000,50,216.214,-21699,59.1078,0.3946
24060000,49,203.575,-21697.7,62.573,0.370476
24075000,53,223.156,-21677.9,58.8349,0.380578
24090000,61,261.491,-21677.3,56.5754,0.387867
24105000,58,251.19,-21660.5,58.2978,0.377983
24120000,51,231.937,-21695.1,47.5806,0.383467
24135000,52,233.56,-21684.2,51.5926,0.3801
24150000,63,268.001,-21678.8,50.1733,0.378067
24165000,50,200.213,-21665.5,43.1887,0.365422
24180000,58,264.071,-21664.4,61.1375,0.3853
24195000,54,238.105,-21669.3,64.8694,0.387733
24210000,58,257.395,-21672.7,78.1296,0.398467
24225000,60,256.576,-21668.2,58.9096,0.385933
24240000,56,232.989,-21682.2,76.7557,0.383867
24255000,49,214.659,-21707.4,47.1443,0.377308
24270000,46,194.874,-21706.5,51.6555,0.387833
24285000,42,194.048,-21683.6,55.116,0.375867
24300000,50,234.995,-21693,50.3189,0.386867
24315000,42,183.021,-21673.4,34.5566,0.379
24330000,65,284.698,-21693.7,72.1755,0.36895
24345000,53,234.635,-21658.6,52.7897,0.3948
24360000,62,272.558,-21646.5,63.1173,0.373933
24375000,68,294.489,-21655.4,74.8962,0.393333
24390000,46,208.351,-21695.1,51.8176,0.381084
24405000,58,256.925,-21678,60.9063,0.398
24420000,52,241.256,-21677.5,61.3611,0.379143
24435000,55,236.417,-21684.6,39.5629,0.385933
24450000,51,227.548,-21703,43.8546,0.389467
24465000,55,240.407,-21684.5,51.0831,0.371417
24480000,42,191.805,-21680.4,29.9501,0.368867
24495000,60,267.714,-21682.1,66.3304,0.388819
24510000,51,226.842,-21694.3,52.0058,0.3934
24525000,49,208.417,-21702.2,52.0459,0.375067
24540000,51,221.365,-21686,44.9853,0.387867
24555000,52,228.505,-21705.8,44.7297,0.378667
24570000,43,192.366,-21708.7,38.3151,0.387133
24585000,48,215.374,-21673.5,42.6697,0.359952
24600000,49,210.899,-21696.6,45.9387,0.3804
24615000,44,205.702,-21697.4,36.5699,0.405867
24630000,52,224.369,-21685.2,41.9043,0.371933
24645000,58,246.616,-21685.5,59.0193,0.382533
24660000,49,211.094,-21676.4,50.6996,0.386133
24675000,59,264.433,-21668.5,49.5563,0.380067
24690000,51,224.894,-21676.6,51.3436,0.3899
24705000,56,234.666,-21668.7,62.3008,0.392733
24720000,57,247.706,-21685.1,56.0184,0.387556
24735000,63,282.025,-21667.5,65.2679,0.391387
24750000,56,234.522,-21651,53.9177,0.3952
24765000,51,230.883,-21673.1,49.0373,0.363267
24780000,53,232.809,-21658.3,59.8074,0.383067
24795000,45,180.012,-21702.2,47.4638,0.395633
24810000,68,314.557,-21664.7,59.9679,0.394133
24825000,65,276.775,-21651.1,57.2434,0.414733
24840000,63,269.14,-21675.2,67.7191,0.386333
24855000,62,279.162,-21659.9,61.519,0.409533
24870000,52,230.114,-21646.1,55.1629,0.395956
24885000,49,225.583,-21673.3,48.172,0.3798
24900000,58,251.818,-21684.8,42.2712,0.381608
24915000,57,238.632,-21664.1,57.1207,0.393633
24930000,52,237.201,-21679.1,50.9511,0.3976
24945000,55,248.223,-21664.7,54.8991,0.395667
24960000,65,278.73,-21669.2,70.3509,0.3873
24975000,58,263.141,-21661.4,48.5568,0.4014
24990000,64,284.058,-21662,78.0432,0.385333
25005000,65,298.643,-21656.3,59.9365,0.3923
25020000,68,301.428,-21660.8,67.8871,0.390933
25035000,67,308.685,-21690.6,64.2095,0.403267
25050000,56,232.804,-21686,61.0518,0.399267
25065000,41,181.95,-21714.5,36.5889,0.385413
25080000,44,174.582,-21676,52.4328,0.378067
25095000,53,235.883,-21686.4,52.1478,0.392219
25110000,66,268.602,-21658.5,70.6836,0.389133
25125000,63,281.505,-21699.8,56.1956,0.4053
25140000,58,256.956,-21694.3,50.9712,0.4154
25155000,52,232.042,-21710.2,42.7884,0.376944
25170000,62,271.318,-21675.6,54.274,0.39585
25185000,63,281.178,-21710.2,64.5452,0.4047
25200000,47,205.351,-21697.6,59.1264,0.391133
25215000,59,263.758,-21658.9,54.5412,0.389378
25230000,65,284.459,-21660.3,74.0351,0.399533
25245000,62,271.125,-21676.7,62.1092,0.3998
25260000,63,291.202,-21673,80.9145,0.404
25275000,57,246.954,-21684.4,57.6863,0.38336
25290000,68,302.65,-21648.3,69.6029,0.396893
25305000,78,343.901,-21663.7,75.035,0.413467
25320000,62,271.435,-21682.6,68.773,0.4134
25335000,59,258.855,-21692.6,48.5396,0.401367
25350000,63,264.413,-21667.4,65.645,0.410689
25365000,54,248.171,-21674,46.3996,0.395844
25380000,50,231.224,-21694.8,52.2802,0.389933
25395000,53,228.801,-21667.5,55.7677,0.397067
25410000,60,251.512,-21664,64.9157,0.382667
25425000,64,287.351,-21671.1,58.1847,0.379367
25440000,52,226.43,-21675.1,45.8065,0.394633
25455000,58,244.123,-21671.6,49.4719,0.398533
25470000,65,289.045,-21677.5,71.3231,0.394033
25485000,50,220.391,-21700.6,53.8531,0.403867
25500000,53,230.805,-21713,62.3372,0.394733
25515000,43,187.524,-21702.8,35.4898,0.381622
25530000,49,222.485,-21705.7,42.3104,0.3803
25545000,45,190.616,-21685.5,39.8123,0.373733
25560000,51,216.099,-21667.1,56.0881,0.368778
25575000,64,283.325,-21678.7,65.263,0.3877
25590000,61,267.224,-21656.7,50.8698,0.404533
25605000,55,247.512,-21687,53.6149,0.387222
25620000,51,219.29,-21679.9,65.7746,0.3858
25635000,68,287.313,-21685.1,64.6424,0.4024
25650000,67,269.375,-21650,56.1912,0.393667
25665000,43,169.274,-21693.7,67.0759,0.384017
25680000,68,288.576,-21662.7,58.7573,0.3934
25695000,50,198.401,-21686.7,49.1182,0.378173
25710000,66,291.053,-21676.2,64.9857,0.406633
25725000,51,221.604,-21663.5,62.0275,0.399533
25740000,44,198.793,-21681.2,56.9603,0.400867
25755000,52,224.181,-21682.5,55.7649,0.389067
25770000,64,290.223,-21660.4,57.919,0.378133
25785000,47,203.207,-21662.1,36.7382,0.367975
25800000,76,314.033,-21677.2,87.4494,0.409233
25815000,71,314.901,-21656.5,81.6439,0.402867
25830000,57,252.265,-21666.2,71.414,0.397867
25845000,44,189.784,-21681.5,42.832,0.367217
25860000,55,247.142,-21693.9,63.3891,0.39119
25875000,58,251.188,-21677.2,43.3687,0.402133
25890000,57,238.238,-21669.8,60.9227,0.359111
25905000,54,206.091,-21673.3,58.9561,0.385133
25920000,71,314.433,-21695.3,83.9759,0.3969
25935000,56,235.546,-21662.2,52.2856,0.400483
25950000,62,284.125,-21688.2,74.6272,0.393533
25965000,61,264.604,-21689.5,60.5024,0.3982
25980000,58,250.535,-21687.7,48.4736,0.4062
25995000,55,245.945,-21661,41.1661,0.380617
26010000,57,250.356,-21703.6,43.0961,0.406533
26025000,45,192.033,-21681.7,46.1992,0.356075
26040000,54,230.946,-21662.8,46.8229,0.385911
26055000,49,205.634,-21690.8,46.4685,0.3924
26070000,56,245.587,-21704.1,59.5683,0.402017
26085000,51,223.195,-21687.6,60.263,0.391833
26100000,56,248.319,-21695.1,58.243,0.385033
26115000,53,224.838,-21652.7,59.1202,0.356611
26130000,56,249.26,-21667,45.4506,0.378733
26145000,50,227.778,-21651.7,46.4312,0.369
26160000,64,278.973,-21633.6,59.4109,0.377
26175000,66,286.701,-21686.4,74.5966,0.400387
26190000,66,300.099,-21665.2,86.4211,0.385543
26205000,60,264.582,-21671.3,68.1622,0.392533
26220000,56,259.175,-21672.1,60.396,0.386667
26235000,66,310.991,-21666.2,59.6408,0.393667
26250000,64,288.81,-21683.4,68.67,0.3932
26265000,61,274.774,-21710.3,72.683,0.410389
26280000,59,268.252,-21683.7,76.02,0.4001
26295000,52,221.871,-21710,39.7897,0.398533
26310000,59,261.83,-21661.8,49.3164,0.394067
26325000,56,241.902,-21693.7,52.486,0.395433
26340000,57,257.148,-21669.3,57.3783,0.3909
26355000,64,277.292,-21674.2,73.4113,0.393333
26370000,59,250.421,-21677.7,52.2686,0.4066
26385000,66,278.175,-21681.8,73.1036,0.4116
26400000,55,235,-21668.6,60.6224,0.397333
26415000,44,180.769,-21693,45.9011,0.3596
26430000,47,207.351,-21701.5,33.3292,0.405133
26445000,41,181.993,-21692.9,45.771,0.359067
26460000,45,203.054,-21671.7,50.1365,0.380667
26475000,65,279.838,-21694.2,66.5517,0.39462
26490000,71,298.329,-21688.8,76.3294,0.405933
26505000,75,327.282,-21667.9,89.7185,0.4092
26520000,82,358.129,-21677.2,84.755,0.409533
26535000,75,315.692,-21672.2,87.8069,0.407067
26550000,64,270.189,-21661.1,56.9321,0.404
26565000,53,220.343,-21654,67.3156,0.356375
26580000,55,231.067,-21648.7,58.922,0.396533
26595000,63,291.62,-21660.5,48.7108,0.396667
26610000,43,184.645,-21672.7,47.5346,0.380327
26625000,61,273.982,-21693.2,57.8768,0.408367
26640000,53,235.784,-21679.9,52.5461,0.386767
26655000,45,190.972,-21680.7,31.8444,0.370467
26670000,47,198.46,-21713.5,43.6675,0.394867
26685000,50,224.858,-21687.3,45.934,0.379667
26700000,47,205.629,-21707.9,49.675,0.379667
26715000,51,228.435,-21678.5,60.9394,0.378667
26730000,58,252.596,-21669,57.3362,0.4007
26745000,47,202.313,-21687.7,42.1843,0.360656
26760000,52,233.398,-21684.4,50.3457,0.380667
26775000,57,258.053,-21652.6,56.2213,0.380822
26790000,70,314.278,-21643.1,90.7496,0.387
26805000,53,221.079,-21687.3,55.8813,0.386944
26820000,61,259.751,-21648.4,59.9488,0.386267
26835000,62,278.876,-21652,71.7988,0.3814
26850000,53,237.42,-21665,51.7555,0.3698
26865000,51,225.73,-21675.9,58.8794,0.382567
26880000,56,230.648,-21672.5,56.5104,0.379333
26895000,53,245.639,-21691.6,56.0913,0.368
26910000,56,251.311,-21651.3,49.1489,0.373022
26925000,59,258.867,-21662.2,55.7006,0.370067
26940000,69,295.467,-21664.1,79.4648,0.393067
26955000,54,228.419,-21648.2,62.7435,0.3808
26970000,60,268.886,-21658.2,54.8519,0.368867
26985000,48,205.225,-21683,38.6524,0.374933
27000000,63,282.149,-21694.5,55.3196,0.3945
27015000,53,244.512,-21694.7,65.015,0.393267
27030000,49,219.757,-21686.1,47.8017,0.377117
27045000,51,214.038,-21692.4,40.9819,0.376667
27060000,53,236.072,-21669.8,54.767,0.359267
27075000,49,224.204,-21679.1,50.2213,0.38325
27090000,40,169.022,-21707.4,40.5677,0.368638
27105000,45,212.942,-21711.6,47.252,0.386933
27120000,54,234.681,-21697.2,54.6196,0.375717
27135000,58,250.307,-21704.8,62.3762,0.397967
27150000,76,328.088,-21689.9,94.7173,0.401467
27165000,63,273.032,-21675.7,55.2919,0.38372
27180000,54,242.251,-21693.4,53.4719,0.411533
27195000,50,217.267,-21701.4,63.962,0.3881
27210000,48,212.456,-21669.8,57.4109,0.3717
27225000,54,240.03,-21677.6,49.7118,0.3708
27240000,49,209.69,-21644.5,59.5488,0.367533
27255000,56,241.514,-21660.2,52.6909,0.354333
27270000,55,238.421,-21656.4,56.7946,0.37
27285000,50,214.016,-21708.5,44.576,0.390448
27300000,40,173.637,-21709.2,36.115,0.366819
27315000,34,139.77,-21704.8,44.0157,0.343133
27330000,43,167.102,-21669.9,34.1826,0.374533
27345000,45,187.721,-21677.5,37.6907,0.340933
27360000,65,274.619,-21689,72.5396,0.374867
27375000,40,176.848,-21721.2,40.4615,0.355167
27390000,48,205.139,-21694.9,44.7503,0.3718
27405000,42,176.833,-21698.1,47.707,0.359933
27420000,45,189.573,-21682.7,41.8893,0.350867
27435000,45,192.054,-21725.6,45.8809,0.37504
27450000,48,224.582,-21721.7,51.4886,0.36744
27465000,48,226.056,-21701.2,46.7952,0.3834
27480000,40,176.467,-21725,33.7194,0.382767
27495000,46,206.317,-21717.4,45.093,0.376867
27510000,51,223.331,-21671.3,66.5235,0.368456
27525000,47,219.583,-21698.6,46.885,0.379417
27540000,44,187.325,-21686.1,35.5156,0.378333
27555000,43,189.496,-21679.4,39.7935,0.365756
27570000,46,193.264,-21691,45.3171,0.377511
27585000,58,244.894,-21696.8,60.4305,0.385133
27600000,58,250.338,-21682.2,68.8959,0.369778
27615000,43,186.066,-21689.4,44.4195,0.361333
27630000,45,193.49,-21691,41.6373,0.387933
27645000,50,218.636,-21676.3,57.8241,0.369433
27660000,44,193.478,-21679.2,34.2621,0.360133
27675000,45,188.873,-21679.2,42.5612,0.37263
27690000,48,213.76,-21693,65.7653,0.372133
27705000,51,221.45,-21682.8,47.8592,0.365644
27720000,54,227.916,-21682.8,57.2166,0.38
27735000,48,208.468,-21679.4,46.2183,0.3636
27750000,48,196.204,-21690.8,49.7443,0.377683
27765000,48,211.591,-21691,52.2334,0.388467
27780000,65,283.801,-21671.6,65.4396,0.365644
27795000,68,295.491,-21676.5,64.2985,0.391133
27810000,68,304.515,-21675.7,60.8246,0.408067
27825000,66,288.299,-21685.9,84.9332,0.40025
27840000,59,244.102,-21686.4,73.8878,0.389
27855000,54,231.62,-21692.7,61.394,0.394956
27870000,47,206.461,-21701.9,52.1087,0.392467
27885000,41,174.76,-21694.2,35.4453,0.3644
27900000,59,255.622,-21664.9,55.8682,0.377911
27915000,60,257.144,-21676.6,48.9511,0.385719
27930000,59,252.619,-21685.6,52.4287,0.385956
27945000,65,292.383,-21693.9,80.3759,0.401222
27960000,62,273.578,-21656.8,74.2265,0.403
27975000,58,262.406,-21670.7,57.4688,0.401933
27990000,56,245.273,-21682.7,50.852,0.391733
28005000,57,234.944,-21681.2,44.3024,0.405467
28020000,74,328.51,-21677.8,61.1922,0.398733
28035000,63,273.432,-21693.2,56.0269,0.388267
28050000,50,221.601,-21710.7,60.6727,0.390133
28065000,58,247.828,-21681.1,46.697,0.3946
28080000,61,242.589,-21672.5,59.9881,0.387533
28095000,61,265.915,-21670.9,61.2058,0.398822
28110000,52,222.754,-21685.8,47.7514,0.383867
28125000,63,276.31,-21678,61.7879,0.390467
28140000,53,227.145,-21717.8,54.0953,0.391733
28155000,44,188.659,-21692.2,34.5242,0.3858
28170000,56,242.408,-21691.5,71.0518,0.394489
28185000,39,180.851,-21723.1,31.0181,0.378156
28200000,58,264.543,-21681.5,63.9669,0.3806
28215000,64,293.707,-21670.2,56.7431,0.394267
28230000,52,223.387,-21674.2,47.1304,0.381213
28245000,48,200.012,-21660.6,48.4297,0.377033
28260000,49,215.147,-21698,41.7403,0.402667
28275000,43,187.758,-21713.7,49.9027,0.387
28290000,54,235.223,-21677.6,45.5938,0.382083
28305000,50,214.723,-21684.3,57.0111,0.384
28320000,61,257.369,-21686.6,69.8224,0.37316
28335000,64,264.504,-21667.9,53.1162,0.393267
28350000,47,201.041,-21706.6,52.9829,0.383067
28365000,68,299.902,-21669.7,70.184,0.3918
28380000,73,332.902,-21666.6,83.6148,0.405667
28395000,82,371.479,-21689.1,77.3772,0.4164
28410000,80,344.51,-21659.8,84.0023,0.402733
28425000,62,275.522,-21670.1,58.3943,0.398
28440000,64,279.23,-21662.6,69.9478,0.386467
28455000,55,236.981,-21706.8,48.2155,0.386562
28470000,59,256.339,-21670.4,61.2145,0.3905
28485000,39,180.769,-21708.4,43.0351,0.3889
28500000,67,292.714,-21656.5,62.4879,0.378833
28515000,39,184.83,-21707.8,41.4471,0.3858
28530000,51,226.887,-21667.7,52.7108,0.383967
28545000,59,259.287,-21687.2,60.1429,0.387467
28560000,63,287.642,-21685.3,60.0672,0.392533
28575000,64,274.766,-21693.8,59.4465,0.410333
28590000,58,253.227,-21676.3,65.8627,0.403133
28605000,68,286.524,-21674.8,76.3068,0.397478
28620000,60,265.937,-21682.8,65.016,0.398533
28635000,58,258.561,-21667.8,66.2854,0.399267
28650000,64,263.048,-21690.1,53.4293,0.393933
28665000,70,310.813,-21669,68.6409,0.400333
28680000,53,237.119,-21676.1,72.2698,0.395911
28695000,62,274.554,-21681.2,56.0295,0.381
28710000,58,253.593,-21687.5,48.0818,0.378486
28725000,58,255.559,-21684.7,53.0355,0.397133
28740000,55,245.231,-21688.2,65.1103,0.394933
28755000,50,210.943,-21672.5,52.5275,0.387456
28770000,59,272.353,-21689.2,73.6459,0.377267
28785000,61,260.447,-21695.3,86.8881,0.400033
28800000,59,259.239,-21692.5,57.8217,0.391773
28815000,56,270.869,-21687.7,49.1178,0.401489
28830000,60,252.589,-21699.2,58.3925,0.403222
28845000,46,218.212,-21693.5,44.1374,0.375967
28860000,58,262.427,-21692.3,69.4277,0.364067
28875000,56,252.983,-21684.7,53.6194,0.404133
28890000,68,309.641,-21672.4,76.3571,0.378533
28905000,48,200.213,-21671.9,43.1628,0.388253
28920000,63,285.133,-21687.8,60.7161,0.388167
28935000,64,299.828,-21675.9,52.0711,0.400533
28950000,48,213.435,-21674.3,61.4932,0.364333
28965000,45,199.707,-21678.1,46.7454,0.375667
28980000,54,252.739,-21698.4,62.6855,0.396733
28995000,53,236.347,-21692.5,58.1601,0.390667
29010000,61,268.52,-21716.4,58.5291,0.400267
29025000,55,240.082,-21709,55.093,0.380813
29040000,57,260.248,-21683.3,53.027,0.382867
29055000,60,263.932,-21656.7,57.2065,0.394533
29070000,56,261.258,-21662.1,54.6875,0.3848
29085000,58,254.672,-21674.8,67.8832,0.384467
29100000,52,227.021,-21662.6,63.5201,0.381867
29115000,63,280.415,-21684.1,68.7437,0.384733
29130000,53,247.16,-21686.2,62.0172,0.382933
29145000,58,275.698,-21671.2,62.6383,0.381933
29160000,53,241.169,-21662.8,66.2846,0.382467
29175000,43,168.073,-21705.9,54.8194,0.390152
29190000,42,179.797,-21701.5,38.2769,0.3776
29205000,40,177.052,-21717.6,35.9993,0.3924
29220000,57,258.293,-21672.8,66.0723,0.376633
29235000,60,261.49,-21671.1,54.1758,0.3924
29250000,62,261.024,-21673,51.2332,0.385053
29265000,53,236.826,-21677.5,55.7761,0.381567
29280000,56,244.78,-21670,54.1881,0.403367
29295000,54,237.301,-21671.2,40.8757,0.3864
29310000,57,258.706,-21668.2,54.9417,0.368022
29325000,56,249.293,-21673.7,55.0528,0.393533
29340000,49,193.882,-21699.2,55.9806,0.388615
29355000,59,253.104,-21671.9,55.0763,0.382933
29370000,65,299.048,-21669.4,72.7298,0.391667
29385000,73,331.324,-21644,69.2575,0.378078
29400000,55,238.857,-21702.5,79.5279,0.405867
29415000,59,256.085,-21676.8,56.9171,0.396667
29430000,69,297.005,-21650.3,76.9918,0.393367
29445000,46,193.703,-21722.9,39.9134,0.392622
29460000,58,255.499,-21672.9,42.5102,0.390622
29475000,69,314.198,-21655.2,59.9028,0.399022
29490000,64,302.421,-21661.5,73.0545,0.395933
29505000,67,294.615,-21657.5,74.7347,0.3948
29520000,48,224.376,-21692.3,43.8067,0.38345
29535000,49,217.948,-21702.8,48.916,0.389978
29550000,46,208.817,-21723.8,41.3604,0.382533
29565000,41,178.143,-21701.9,30.3761,0.378067
29580000,40,175.55,-21682.3,39.9198,0.366653
29595000,50,207.529,-21713.8,50.0319,0.375233
29610000,42,176.784,-21701.6,49.4561,0.387867
29625000,49,214.492,-21703,51.6356,0.393389
29640000,38,173.284,-21709.4,34.8439,0.37725
29655000,45,189.918,-21713.1,37.1147,0.378133
29670000,47,206.952,-21709.5,61.1996,0.379917
29685000,50,219.81,-21703.6,48.5235,0.375533
29700000,50,226.175,-21713.6,62.0696,0.396293
29715000,64,273.572,-21676.9,68.6152,0.397156
29730000,60,244.409,-21694.9,70.7598,0.390644
29745000,56,254.742,-21694.7,62.3732,0.398178
29760000,68,289.273,-21699.8,81.9117,0.404733
29775000,61,252.75,-21678.2,69.9435,0.404
29790000,57,256.118,-21683,61.4236,0.409773
29805000,56,230.897,-21693.7,56.403,0.405022
29820000,69,287.004,-21684.6,74.7549,0.401667
29835000,54,236.513,-21661.8,45.9055,0.395867
29850000,61,272.439,-21699.4,55.0616,0.402333
29865000,48,202.67,-21685.3,45.625,0.400147
29880000,57,250.279,-21683.4,61.0836,0.4046
29895000,44,192.491,-21685.3,36.0288,0.394167
29910000,44,189.993,-21666.6,37.7935,0.381867
29925000,81,341.828,-21657.2,93.1433,0.398967
29940000,70,290.637,-21654.8,80.6939,0.405733
29955000,62,261.802,-21642.5,58.4513,0.389467
29970000,57,236.618,-21675.7,62.1713,0.395717
29985000,61,270.721,-21653.2,62.9789,0.390833
