generation,N_shifts,logPrior,logLik,eventRate,acceptRate
0,0,-188.167,-22309.3,100,1
15000,1,4.1654,-22048,4.01467,0.302646
30000,2,9.36229,-21996.3,1.45842,0.2854
45000,3,15.3161,-21986.2,1.81228,0.2858
60000,6,28.0535,-21973,10.1674,0.309867
75000,4,18.3459,-21953.7,4.50935,0.329333
90000,7,33.2453,-21914.5,10.5859,0.313544
105000,7,35.1025,-21911.6,9.23207,0.329333
120000,9,41.7453,-21915.9,14.5074,0.329689
135000,7,31.1555,-21904.1,9.77116,0.352667
150000,10,46.4229,-21893.5,14.6114,0.353689
165000,11,54.6944,-21918.5,15.4413,0.302562
180000,14,66.5433,-21884,12.612,0.3373
195000,11,43.1446,-21884,7.47102,0.3188
210000,12,41.7372,-21876.9,23.6464,0.327733
225000,13,60.9453,-21878.5,14.1136,0.331267
240000,12,55.2987,-21878.4,17.3652,0.333
255000,23,105.646,-21848.8,24.2069,0.3504
270000,28,129.018,-21801.7,18.5685,0.3638
285000,14,61.1643,-21850,14.2903,0.334533
300000,27,128.542,-21793.2,32.6827,0.364333
315000,31,139.563,-21784.5,36.0212,0.349
330000,39,174.089,-21804.8,35.0336,0.342641
345000,47,201.709,-21779,43.6253,0.3922
360000,39,182.82,-21768.6,36.8555,0.407267
375000,30,135.658,-21785.7,26.8942,0.373467
390000,31,149.086,-21786.3,42.1664,0.360333
405000,24,106.145,-21748.8,31.4783,0.388173
420000,34,145.523,-21778.9,28.2271,0.374348
435000,35,148.279,-21756.5,24.5565,0.389378
450000,36,170.192,-21723.4,41.5023,0.385889
465000,46,191.411,-21741.6,33.5639,0.3953
480000,37,157.536,-21730.2,24.7783,0.385533
495000,34,146.518,-21733.8,38.4986,0.375556
510000,46,201.304,-21732,48.9249,0.392133
525000,42,182.588,-21726.1,36.9172,0.396867
540000,40,169.264,-21730.2,48.621,0.393133
555000,41,173.721,-21748.5,36.6627,0.387874
570000,35,153.907,-21716.1,27.5971,0.3899
585000,53,244.933,-21729.4,50.8469,0.405333
600000,52,230.861,-21691.4,31.7961,0.4051
615000,53,226.78,-21688.6,50.4664,0.390967
630000,47,206.188,-21715,38.7327,0.412867
645000,49,221.449,-21691.9,52.6143,0.401622
660000,55,232.8,-21719.5,47.8714,0.403733
675000,64,270.842,-21677.9,72.965,0.406
690000,60,266.781,-21667,46.4233,0.394533
705000,69,283.045,-21661.3,74.4524,0.4002
720000,69,313.504,-21673.6,76.1062,0.401733
735000,56,238.39,-21691.3,72.2459,0.397867
750000,52,231.819,-21666.1,52.5454,0.394767
765000,66,264.935,-21693.4,72.8845,0.387533
780000,51,221.289,-21688.8,43.4474,0.4036
795000,53,228.309,-21710.4,68.5096,0.399533
810000,68,310.249,-21631.2,73.1109,0.39985
825000,79,342.354,-21647.5,81.9691,0.402667
840000,84,363.219,-21617.6,83.5963,0.402933
855000,74,338.262,-21640.4,74.7626,0.401
870000,77,346.017,-21633.8,62.4894,0.402933
885000,79,348.581,-21646.2,75.8104,0.400667
900000,80,353.247,-21643.8,83.8325,0.4088
915000,76,344.007,-21661.9,71.1388,0.4092
930000,65,289.856,-21656.2,66.2294,0.3822
945000,75,339.633,-21644.1,85.0337,0.3866
960000,75,328.164,-21670.1,69.0168,0.406133
975000,49,222.371,-21744.4,43.5127,0.392339
990000,50,208.044,-21706.1,51.8133,0.408133
1005000,55,246.98,-21724.2,41.1402,0.418333
1020000,62,283.908,-21702.2,70.8605,0.393533
1035000,64,292.1,-21666.3,62.9869,0.4012
1050000,72,305.284,-21671.2,93.5783,0.402333
1065000,56,254.813,-21660.3,48.2658,0.404733
1080000,74,329.159,-21660.8,77.468,0.409933
1095000,52,226.005,-21702.2,50.3015,0.402756
1110000,61,265.45,-21662.2,79.612,0.3957
1125000,48,198.31,-21711,53.0577,0.384533
1140000,50,209.523,-21710.2,47.4126,0.393733
1155000,73,332.338,-21677.7,71.109,0.389756
1170000,71,308.751,-21683.5,70.1616,0.415867
1185000,62,276.123,-21704.6,62.3733,0.401915
1200000,65,281.701,-21668,74.0415,0.410533
1215000,78,350.313,-21677.8,76.5143,0.411867
1230000,61,264.364,-21690,56.7782,0.395744
1245000,68,297.121,-21666.4,65.8609,0.414167
1260000,64,280.318,-21687.5,69.2819,0.404867
1275000,65,282.436,-21688.3,69.3033,0.4057
1290000,71,306.209,-21631.4,79.6737,0.398333
1305000,83,378.061,-21668.5,88.9394,0.411267
1320000,74,322.951,-21685.9,100.223,0.418978
1335000,61,264.047,-21667.4,76.5115,0.412733
1350000,70,299.047,-21680.8,78.6979,0.4058
1365000,72,318.172,-21674.7,60.6839,0.412733
1380000,68,295.244,-21683.3,65.6193,0.410775
1395000,72,325.39,-21683.6,70.675,0.416467
1410000,64,288.774,-21671.8,59.9427,0.419167
1425000,53,230.899,-21644.8,52.253,0.401033
1440000,74,304.877,-21661,84.9552,0.409917
1455000,74,320.341,-21668.4,72.847,0.411267
1470000,68,299.47,-21670.5,63.3812,0.4246
1485000,58,245.253,-21665.3,50.1611,0.399333
1500000,55,233.78,-21672.6,52.3854,0.402733
1515000,52,220.664,-21668.7,52.4675,0.373067
1530000,61,272.971,-21665.8,56.7935,0.405267
1545000,68,302.317,-21662.8,59.0147,0.398033
1560000,67,287.343,-21651.4,65.9122,0.403567
1575000,72,302.818,-21645.3,66.1259,0.413267
1590000,66,282.358,-21637.5,80.9716,0.402933
1605000,62,281.631,-21686,51.014,0.397444
1620000,66,288.369,-21676.9,67.4896,0.4114
1635000,45,202.634,-21683.3,45.7764,0.391111
1650000,61,263.909,-21673.2,49.1089,0.3927
1665000,49,209.566,-21695.5,49.3622,0.403313
1680000,61,260.373,-21681.4,53.2717,0.4079
1695000,51,226.969,-21678.3,54.0388,0.3941
1710000,52,238.4,-21682,49.8128,0.3929
1725000,70,302.787,-21679.1,69.5425,0.402033
1740000,61,271.988,-21682.7,52.1469,0.411333
1755000,62,282.497,-21687.8,68.814,0.399067
1770000,72,295.068,-21700.5,74.9403,0.419633
1785000,63,273.495,-21686.2,66.7087,0.403267
1800000,70,310.591,-21663.7,60.1273,0.391878
1815000,80,347.432,-21703.7,77.6466,0.411467
1830000,67,296.663,-21688.9,60.4374,0.416667
1845000,72,312.465,-21700.1,67.03,0.4082
1860000,60,274.07,-21672.7,60.2995,0.414114
1875000,59,263.342,-21668.8,67.6886,0.405883
1890000,55,220.28,-21681.1,55.2875,0.405467
1905000,60,272.782,-21700,54.7551,0.412311
1920000,58,256.447,-21668.8,51.7123,0.394
1935000,71,329.876,-21677.6,71.7169,0.410533
1950000,59,261.834,-21679.7,60.138,0.403895
1965000,75,323.08,-21682.2,106.277,0.408717
1980000,62,271.697,-21683.3,71.9042,0.4272
1995000,77,326.747,-21675.3,69.2643,0.413117
2010000,64,282.734,-21704.8,63.5473,0.406833
2025000,51,227.149,-21689.8,45.917,0.406133
2040000,59,241.557,-21676.3,52.5333,0.4017
2055000,67,302.001,-21689,74.0397,0.4122
2070000,61,269.19,-21676.8,56.529,0.414667
2085000,72,300.623,-21643.6,74.8473,0.404589
2100000,55,246.514,-21691.3,68.546,0.410633
2115000,65,295.439,-21664.7,67.2458,0.414033
2130000,75,328.021,-21661.7,66.9555,0.4102
2145000,71,308.448,-21660.6,70.5957,0.413733
2160000,66,301.143,-21704.2,83.1931,0.406467
2175000,49,213.207,-21689.6,51.3495,0.394573
2190000,47,210.13,-21695.4,38.0647,0.399
2205000,63,286.05,-21698.7,49.296,0.395911
2220000,63,280.826,-21701.8,52.9897,0.393933
2235000,56,238.9,-21694.8,71.2975,0.4112
2250000,61,277.995,-21705.5,72.0273,0.413733
2265000,53,221.432,-21711,59.6937,0.3952
2280000,38,165.742,-21717.3,42.3548,0.403706
2295000,38,175.982,-21717.2,34.9696,0.3856
2310000,31,140.684,-21715.9,29.6758,0.3798
2325000,41,178.53,-21725.3,38.7816,0.397585
2340000,49,218.66,-21717.5,48.4463,0.39876
2355000,50,219.289,-21714.9,55.9475,0.387167
2370000,49,206.856,-21717.8,50.8217,0.3915
2385000,50,219.863,-21722.2,49.4987,0.402133
2400000,59,238.364,-21726.7,45.8299,0.394622
2415000,68,310.744,-21705.1,89.0517,0.415433
2430000,65,299.442,-21707.9,65.5735,0.410067
2445000,86,401.159,-21668,82.1466,0.406556
2460000,70,304.511,-21690,68.3866,0.434333
2475000,67,306.867,-21692.3,66.4649,0.420133
2490000,57,246.454,-21674.9,46.1028,0.416
2505000,62,268.764,-21664.3,61.6505,0.400733
2520000,70,311.591,-21668.7,69.0543,0.413333
2535000,66,290.821,-21669.7,60.8777,0.4097
2550000,74,316.84,-21686.8,62.927,0.411933
2565000,59,261.345,-21702,56.2751,0.413933
2580000,52,216.657,-21688.1,55.7348,0.400889
2595000,71,313.73,-21681,62.385,0.410889
2610000,58,262.64,-21692.4,54.0756,0.405867
2625000,75,323.915,-21666.6,78.2695,0.41065
2640000,74,334.851,-21693.1,72.7616,0.419133
2655000,67,299.112,-21657.3,52.8406,0.4122
2670000,61,262.942,-21689.6,52.2502,0.400467
2685000,78,348.715,-21659.5,91.7549,0.4145
2700000,55,228.262,-21655.3,51.3262,0.402533
2715000,63,285.477,-21662.4,65.9556,0.396163
2730000,62,261.643,-21678.1,56.2196,0.410233
2745000,47,204.296,-21720,57.0569,0.395907
2760000,58,270.184,-21696.2,45.5368,0.3999
2775000,54,236.796,-21707.7,55.2155,0.3936
2790000,56,256.39,-21705.6,44.7384,0.385387
2805000,50,202.948,-21689.6,42.3946,0.403833
2820000,55,251.972,-21679.3,58.9895,0.389867
2835000,52,240.56,-21664.2,58.4571,0.390333
2850000,60,262.847,-21678.6,72.2058,0.3846
2865000,51,217.877,-21678.9,58.305,0.404114
2880000,56,247.173,-21688.3,57.9135,0.396356
2895000,55,247.912,-21691.3,53.534,0.394444
2910000,51,230.985,-21677.2,49.6147,0.402867
2925000,56,254.729,-21668.9,57.7828,0.386333
2940000,51,237.572,-21693.5,57.7025,0.379667
2955000,55,234.517,-21683.3,47.2529,0.3944
2970000,44,187.565,-21688.6,42.5467,0.391411
2985000,51,222.417,-21678.1,56.0196,0.391767
3000000,52,229.578,-21678.4,60.4311,0.392267
3015000,73,316.77,-21658.4,72.0669,0.391267
3030000,71,315.487,-21666.5,78.5822,0.4012
3045000,56,242.338,-21707,50.4384,0.404244
3060000,67,294.115,-21672,69.1645,0.411867
3075000,66,275.632,-21663.3,58.0986,0.408267
3090000,76,335.453,-21687.3,56.4611,0.401267
3105000,72,323.142,-21665.1,64.4676,0.4074
3120000,58,240.576,-21697,66.7134,0.400727
3135000,51,220.891,-21733,53.0826,0.407711
3150000,81,366.15,-21663.8,97.6516,0.405567
3165000,69,315.383,-21696.1,62.5124,0.404
3180000,64,290.571,-21690.1,71.4806,0.414147
3195000,56,253.742,-21680.9,58.2859,0.4011
3210000,66,288.281,-21678.3,87.4905,0.4038
3225000,61,260.444,-21691.7,61.9856,0.396333
3240000,61,271.052,-21688.3,58.9772,0.409467
3255000,55,252.627,-21724,49.7402,0.398058
3270000,66,294.446,-21686.4,68.9866,0.402853
3285000,46,203.995,-21703.3,49.0554,0.414333
3300000,69,297.435,-21689.1,81.0972,0.412867
3315000,59,263.532,-21693.3,50.1056,0.406033
3330000,60,260.007,-21700.1,51.465,0.409178
3345000,63,290.616,-21698.8,62.8593,0.414333
3360000,67,296.812,-21682.9,65.6047,0.417133
3375000,58,264.01,-21700.3,65.5879,0.4022
3390000,65,270.096,-21663.8,58.2019,0.4049
3405000,60,249.751,-21677.5,51.243,0.414733
3420000,49,222.857,-21703.8,47.7656,0.3946
3435000,57,243.582,-21695.8,64.902,0.398667
3450000,56,265.035,-21712.1,51.6382,0.3998
3465000,57,260.565,-21704.5,55.6374,0.401733
3480000,59,257.615,-21687,40.6684,0.3976
3495000,62,277.768,-21690.6,68.7948,0.413533
3510000,62,267.253,-21701.7,61.8075,0.399733
3525000,56,251.486,-21703.7,53.5383,0.4006
3540000,52,223.909,-21687.3,55.2029,0.403363
3555000,48,224.968,-21703.7,55.4967,0.392133
3570000,51,224.449,-21719.1,46.4232,0.400713
3585000,55,244.505,-21707.5,56.001,0.402867
3600000,57,238.85,-21675,61.0242,0.39905
3615000,69,302.024,-21703.5,65.75,0.401117
3630000,60,256.569,-21711.8,55.257,0.408333
3645000,56,240.265,-21716.7,51.709,0.409267
3660000,61,281.561,-21707.8,60.4668,0.419617
3675000,55,248.366,-21701.9,66.9414,0.417133
3690000,58,261.307,-21670.7,52.0811,0.411924
3705000,58,257.078,-21706.7,45.9101,0.408833
3720000,44,198.702,-21683.5,39.8023,0.4004
3735000,42,163.369,-21686.3,34.2467,0.396667
3750000,48,215.85,-21725,40.6022,0.3986
3765000,52,215.539,-21709.6,57.4604,0.407067
3780000,50,218.247,-21707.6,59.6216,0.401933
3795000,57,242.936,-21681.5,58.6258,0.39385
3810000,51,223.045,-21696.6,48.5143,0.395733
3825000,56,255.064,-21681.1,55.323,0.4119
3840000,58,246.211,-21671.2,61.3671,0.392533
3855000,38,158.284,-21729.8,39.415,0.404956
3870000,52,232.487,-21696.3,57.4006,0.394953
3885000,48,210.523,-21704.9,44.2886,0.402822
3900000,43,185.738,-21697,51.2283,0.3798
3915000,50,224.67,-21696.2,42.553,0.4022
3930000,46,200.999,-21706.4,47.4286,0.3954
3945000,52,231.506,-21679.4,58.1076,0.398633
3960000,53,238.877,-21691.8,59.5475,0.395867
3975000,62,266.024,-21672.2,77.2771,0.409467
3990000,46,203.281,-21750.4,43.9194,0.392407
4005000,57,264.487,-21683.8,59.1167,0.415433
4020000,58,261.651,-21686.9,64.6034,0.418533
4035000,64,273.848,-21681,65.3391,0.400552
4050000,48,206.618,-21689,55.0162,0.413933
4065000,60,255.201,-21686.5,63.1313,0.415733
4080000,60,255.917,-21696.3,59.7954,0.410444
4095000,57,238.047,-21700.1,45.1084,0.406267
4110000,53,224.246,-21689.5,49.945,0.428133
4125000,53,240.214,-21691.2,54.4134,0.4072
4140000,53,221.179,-21675.9,58.6316,0.4
4155000,63,267.104,-21694.7,56.3544,0.406427
4170000,63,267.345,-21658.9,58.477,0.4028
4185000,60,249.811,-21674.5,60.6475,0.396533
4200000,68,298.934,-21678.9,53.6102,0.389133
4215000,65,274.442,-21673.2,56.5108,0.400067
4230000,56,238.713,-21705.5,46.479,0.397606
4245000,47,194.998,-21689.1,56.5645,0.3922
4260000,49,227.521,-21698,43.5454,0.396867
4275000,64,257.284,-21697.5,70.3537,0.4054
4290000,69,310.781,-21670.3,74.0733,0.398747
4305000,70,295.964,-21648.8,80.8461,0.401467
4320000,71,295.5,-21651.1,68.1643,0.399533
4335000,77,324.638,-21645.1,82.1672,0.407
4350000,52,235.59,-21710.9,46.3063,0.410213
4365000,56,223.389,-21691.6,58.4255,0.424667
4380000,64,271.772,-21693,70.5429,0.409733
4395000,69,310.864,-21697,59.5344,0.408467
4410000,66,301.616,-21665.1,86.571,0.418933
4425000,75,334.156,-21645.4,64.8731,0.404044
4440000,75,334.522,-21663.2,84.1087,0.409133
4455000,62,272.064,-21679.7,62.8922,0.404133
4470000,47,204.872,-21692.3,58.9037,0.403467
4485000,57,250.446,-21685,61.8466,0.400133
4500000,59,270.355,-21702.4,57.1685,0.411467
4515000,54,248.901,-21719.7,58.1225,0.400075
4530000,84,364.606,-21643.4,87.3587,0.399711
4545000,79,340.839,-21650.9,82.6846,0.416933
4560000,77,344.558,-21647.9,82.3712,0.415467
4575000,81,356.681,-21640.4,81.1652,0.421467
4590000,88,374.454,-21657.6,99.6618,0.421533
4605000,79,367.948,-21657.7,77.1658,0.413133
4620000,77,343.387,-21669.8,90.9797,0.413333
4635000,68,306.556,-21669.9,78.1069,0.4076
4650000,54,244.49,-21659.8,61.5606,0.379067
4665000,61,263.992,-21662,57.7335,0.400067
4680000,64,290.421,-21678.9,55.2492,0.394067
4695000,62,279.254,-21657.5,48.3202,0.384467
4710000,63,261.427,-21680,61.4636,0.3872
4725000,65,286.805,-21646.5,64.1371,0.394267
4740000,59,254.613,-21651.7,58.2245,0.398667
4755000,59,248.148,-21713.4,47.6849,0.403812
4770000,58,240.407,-21674.9,61.8694,0.3955
4785000,68,313.48,-21675,65.6988,0.386
4800000,67,286.383,-21669.2,71.4796,0.3996
4815000,74,309.906,-21677.1,72.5101,0.411067
4830000,90,384.579,-21657.1,88.0092,0.416667
4845000,85,368.322,-21657.7,98.6762,0.421733
4860000,84,346.863,-21654.9,85.1613,0.4136
4875000,93,408.701,-21647.2,75.7224,0.4124
4890000,77,340.152,-21654.9,80.6022,0.418933
4905000,57,265.11,-21669.9,62.9328,0.402033
4920000,65,292.403,-21684.2,71.1056,0.412333
4935000,56,245.587,-21688.7,67.3599,0.39871
4950000,58,270.489,-21687.1,68.2726,0.396133
4965000,67,307.126,-21663,73.4142,0.408867
4980000,60,264.567,-21684.7,61.6205,0.391633
4995000,77,346.306,-21670.1,77.6371,0.4134
5010000,67,303.791,-21653.3,61.5209,0.408489
5025000,75,325.33,-21691.3,65.6505,0.401633
5040000,56,240.916,-21677.7,60.7726,0.413422
5055000,59,266.527,-21661.9,61.5328,0.410667
5070000,53,242.419,-21680.3,55.3553,0.409933
5085000,54,228.539,-21675.9,51.5689,0.389533
5100000,66,284.753,-21677.6,78.0482,0.3967
5115000,57,245.165,-21656.8,43.819,0.411444
5130000,65,284.758,-21673.8,64.2977,0.400267
5145000,60,253.095,-21683.1,65.252,0.401883
5160000,62,263.93,-21661.3,65.1564,0.41
5175000,58,262.161,-21697.5,45.1768,0.392733
5190000,58,247.906,-21675.2,50.8903,0.401967
5205000,56,247.217,-21660,42.8803,0.3946
5220000,56,249.392,-21718.5,51.0214,0.39999
5235000,48,205.679,-21679.6,38.991,0.3943
5250000,67,307.812,-21654.1,72.4902,0.405822
5265000,59,267.369,-21672.2,54.8542,0.396533
5280000,63,278.201,-21654.7,63.8958,0.401967
5295000,80,357.722,-21664.3,74.2052,0.405333
5310000,73,327.061,-21649,74.8245,0.411733
5325000,65,287.159,-21719.4,57.8166,0.392983
5340000,85,383.334,-21653.4,78.0853,0.421267
5355000,85,380.587,-21654.9,87.381,0.422533
5370000,54,240.237,-21718.9,62.3272,0.40636
5385000,52,232.121,-21697.9,48.1153,0.402617
5400000,67,293.916,-21654.1,60.7723,0.416978
5415000,66,307.731,-21657.4,74.6281,0.419067
5430000,44,191.403,-21691.7,40.6125,0.392222
5445000,57,255.542,-21679,56.2734,0.396633
5460000,55,253.928,-21675.6,52.2214,0.3992
5475000,60,282.854,-21692.4,72.0297,0.389978
5490000,72,311.6,-21687.3,74.7229,0.404267
5505000,47,206.177,-21693.2,57.2413,0.400689
5520000,55,242.439,-21707.6,46.4062,0.394933
5535000,50,207.973,-21714.4,42.739,0.3932
5550000,57,252.809,-21676.9,55.0696,0.396933
5565000,53,233.965,-21692.8,53.4613,0.387533
5580000,46,193.15,-21733.5,56.163,0.399533
5595000,59,267.273,-21714.4,67.8864,0.391289
5610000,66,271.044,-21721.5,66.249,0.416533
5625000,69,309.608,-21664.9,67.8641,0.3993
5640000,78,352.512,-21671.6,91.2238,0.404067
5655000,51,207.745,-21688.4,56.9982,0.405533
5670000,55,230.54,-21686.1,60.1096,0.397333
5685000,67,306.947,-21660.1,67.4523,0.394822
5700000,61,262.737,-21636.9,67.8306,0.3968
5715000,42,179.109,-21725.1,38.2639,0.404048
5730000,48,202.363,-21701.7,54.6251,0.394
5745000,46,203.938,-21694.2,59.5284,0.392133
5760000,54,239.794,-21651.7,62.3881,0.386983
5775000,62,268.433,-21669.4,65.8204,0.385467
5790000,59,273.37,-21700,59.5368,0.412067
5805000,57,255.832,-21714.2,68.9788,0.397613
5820000,64,273.812,-21680.8,66.4416,0.413033
5835000,56,249.714,-21694.2,50.0688,0.411233
5850000,55,244.063,-21680.4,56.66,0.401467
5865000,56,243.532,-21717.7,55.1996,0.416733
5880000,61,271.155,-21665.5,63.0826,0.388767
5895000,64,275.915,-21688.3,61.4887,0.40734
5910000,42,182.466,-21726,39.6972,0.406356
5925000,72,301.357,-21696.1,74.3746,0.405733
5940000,69,295.466,-21671.4,52.2362,0.4214
5955000,59,261.777,-21691.3,55.1388,0.412333
5970000,62,260.591,-21689.8,47.9239,0.406067
5985000,58,259.544,-21698.4,66.1128,0.3912
6000000,56,243.04,-21690.2,53.2565,0.393058
6015000,40,171.6,-21721.7,31.0517,0.404029
6030000,40,163.466,-21702.9,33.5292,0.400333
6045000,55,261.125,-21655.4,46.4883,0.400417
6060000,61,267.528,-21655.8,63.5647,0.405533
6075000,62,266.175,-21653.4,64.7485,0.398133
6090000,75,318.668,-21643.7,98.6239,0.3972
6105000,79,342.932,-21656.5,83.0681,0.409933
6120000,87,382.295,-21646.3,84.3538,0.421733
6135000,84,350.443,-21647.9,88.6896,0.414867
6150000,62,271.895,-21666.1,64.505,0.394247
6165000,69,289.835,-21676,67.7316,0.4082
6180000,45,197.065,-21688.6,50.8495,0.391033
6195000,68,307.419,-21698.7,73.2506,0.401933
6210000,54,242.195,-21696.6,61.2015,0.3944
6225000,59,254.764,-21682.7,54.6685,0.387822
6240000,51,225.272,-21700.7,57.922,0.39731
6255000,57,254.059,-21699.8,53.4884,0.398867
6270000,60,269.764,-21665.2,57.6341,0.390333
6285000,69,292.783,-21685.4,66.0161,0.402933
6300000,52,228.122,-21684.4,50.3092,0.405444
6315000,58,261.892,-21674,68.2694,0.398567
6330000,59,271.849,-21672.5,47.5754,0.3942
6345000,61,262.551,-21675.8,74.6471,0.418667
6360000,64,283.303,-21691.6,62.3306,0.395967
6375000,69,296.591,-21664.8,67.477,0.4144
6390000,64,279.436,-21660.5,73.5376,0.4058
6405000,64,284.167,-21660.2,68.2444,0.392933
6420000,62,270.671,-21662.2,53.5888,0.395267
6435000,64,271.546,-21685.4,64.8057,0.3988
6450000,71,332.087,-21669.1,74.2741,0.426267
6465000,69,314.793,-21670.6,77.6817,0.419733
6480000,67,293.102,-21650.6,63.873,0.405333
6495000,54,237.767,-21695.6,61.1332,0.404711
6510000,55,246.447,-21708.5,51.8995,0.3972
6525000,62,273.553,-21691.1,86.0169,0.407733
6540000,53,228.009,-21692.1,57.2091,0.401517
6555000,61,258.824,-21706.8,44.7962,0.395533
6570000,49,203.632,-21689.6,44.4277,0.403067
6585000,56,251.715,-21692.6,61.5712,0.3898
6600000,54,247.892,-21700.7,52.8378,0.402467
6615000,57,248.595,-21684.9,60.3942,0.407067
6630000,39,170.761,-21743.6,36.5256,0.398733
6645000,43,193.584,-21725.5,51.5847,0.3848
6660000,42,184.614,-21698.9,29.5223,0.39215
6675000,57,253.716,-21690.8,55.8188,0.3962
6690000,54,247.987,-21693.1,64.1313,0.403
6705000,53,232.979,-21692.8,55.2183,0.406333
6720000,48,204.329,-21681.2,44.4512,0.3984
6735000,56,254.673,-21691.7,59.6139,0.39812
6750000,59,262.039,-21704.7,49.5887,0.403967
6765000,64,293.968,-21692.4,49.463,0.396358
6780000,53,230.371,-21680.7,47.8159,0.3996
6795000,53,203.126,-21683.1,61.9446,0.3938
6810000,45,198.522,-21708.6,54.5172,0.40064
6825000,62,266.8,-21692,85.7052,0.395467
6840000,70,314.354,-21673.3,84.3872,0.4076
6855000,65,293.459,-21664.5,77.3429,0.398333
6870000,46,202.815,-21707.6,52.2833,0.386217
6885000,63,270.045,-21676.1,65.3139,0.403044
6900000,51,215.242,-21648.7,52.1367,0.401933
6915000,51,224.66,-21688.6,57.6218,0.3999
6930000,48,214.483,-21729.8,52.2683,0.378933
6945000,57,255.109,-21709.6,49.2895,0.402967
6960000,67,313.714,-21688.6,53.9191,0.401
6975000,64,294.901,-21663.5,75.9487,0.415533
6990000,65,281.795,-21677.6,77.1376,0.4196
7005000,61,281.689,-21698.2,64.6573,0.40605
7020000,55,253.796,-21714.4,48.9996,0.407644
7035000,69,306.098,-21713.4,71.1466,0.419
7050000,59,252.883,-21683.8,72.7696,0.4197
7065000,59,247.625,-21673.7,61.2957,0.411467
7080000,57,240.26,-21689.6,43.9443,0.406933
7095000,44,175.165,-21740,57.5171,0.40375
7110000,47,210.83,-21757.3,46.982,0.399667
7125000,59,254.508,-21684,47.9774,0.397489
7140000,63,275.185,-21670.2,79.7548,0.4148
7155000,52,231.777,-21697.7,45.1472,0.415533
7170000,61,263.102,-21710.2,50.1171,0.408517
7185000,65,301.59,-21717.9,71.765,0.402561
7200000,46,198.594,-21740.7,34.5386,0.417833
7215000,45,205.471,-21689.3,41.4601,0.392
7230000,40,185.666,-21756.5,49.5855,0.388467
7245000,50,222.611,-21702.7,50.7006,0.3937
7260000,35,141.346,-21709.3,40.5652,0.3847
7275000,48,196.214,-21717.8,58.764,0.386867
7290000,65,280.855,-21709.1,56.1749,0.3869
7305000,70,321.79,-21715.1,76.7818,0.417667
7320000,54,232.412,-21705.1,41.0616,0.399037
7335000,65,288.98,-21698,64.1062,0.393933
7350000,61,256.856,-21706,75.4882,0.400667
7365000,56,246.43,-21684.1,52.6276,0.407467
7380000,56,243.439,-21667.5,74.441,0.388305
7395000,58,248.761,-21647.6,54.0832,0.3976
7410000,63,276.371,-21666.2,52.4993,0.401533
7425000,46,202.734,-21679.6,49.5156,0.4024
7440000,47,195.364,-21677,54.0671,0.411967
7455000,51,222.762,-21670.4,59.5457,0.382333
7470000,45,207.98,-21693.8,41.7116,0.397867
7485000,46,207.357,-21699.4,58.8389,0.3848
7500000,47,213.122,-21690,50.8019,0.3772
7515000,42,196.732,-21696,44.8801,0.395587
7530000,52,226.892,-21702.2,55.7061,0.396067
7545000,58,275.51,-21678.6,57.8611,0.398578
7560000,55,247.346,-21700.6,51.0774,0.382711
7575000,45,208.906,-21692.5,53.3335,0.398933
7590000,39,163.592,-21696.2,37.6897,0.3752
7605000,32,148.111,-21728,34.9099,0.395283
7620000,45,207.109,-21701.2,50.5816,0.404044
7635000,41,189.27,-21710.1,47.7535,0.375067
7650000,52,235.183,-21694.6,47.4205,0.400867
7665000,55,242.512,-21698.5,55.6711,0.384827
7680000,47,211.484,-21707.4,57.6367,0.3959
7695000,45,204.203,-21707.2,47.5386,0.3914
7710000,48,215.733,-21704.5,41.2066,0.400333
7725000,53,231.394,-21717,46.4106,0.4031
7740000,39,166.617,-21713.9,43.2969,0.404267
7755000,42,188.681,-21728.2,37.9672,0.393
7770000,58,241.25,-21676.5,68.9394,0.398933
7785000,58,239.66,-21664.4,58.0576,0.408067
7800000,55,261.746,-21662.3,82.102,0.397733
7815000,60,267.803,-21664.9,76.7211,0.4052
7830000,56,246.191,-21679.1,65.7065,0.398733
7845000,45,204.753,-21678.2,51.3383,0.385581
7860000,57,256.713,-21700.6,55.8329,0.377067
7875000,60,265.696,-21671,64.9178,0.396942
7890000,43,192.441,-21692.5,60.6435,0.391567
7905000,64,288.663,-21681.1,64.1059,0.385467
7920000,58,262.861,-21672,44.3992,0.395067
7935000,40,172.005,-21685.4,38.2093,0.381733
7950000,60,274.418,-21679.8,61.8894,0.3901
7965000,57,251.887,-21657.4,60.3886,0.380489
7980000,54,244.433,-21704.6,55.1832,0.4097
7995000,61,266.808,-21662.7,71.6736,0.397633
8010000,54,243.711,-21658.5,62.1934,0.3936
8025000,70,301.006,-21655,72.826,0.409067
8040000,65,287.159,-21678.9,63.4354,0.401333
8055000,78,344.847,-21655.3,85.3926,0.400333
8070000,68,293.533,-21661.9,56.66,0.412133
8085000,59,259.312,-21655.6,69.0915,0.3928
8100000,65,295.345,-21661,79.3627,0.3912
8115000,70,312.743,-21675.2,61.2199,0.4084
8130000,79,332.734,-21665.9,90.0481,0.407267
8145000,55,248.574,-21693.2,52.8405,0.391862
8160000,66,297.353,-21692.6,43.812,0.411333
8175000,72,308.103,-21657.1,76.4816,0.408178
8190000,60,257.296,-21681.1,57.7182,0.416867
8205000,69,313.241,-21672.3,71.5195,0.402367
8220000,70,313.518,-21665.3,64.1796,0.407133
8235000,76,323.833,-21626.7,65.9245,0.401733
8250000,50,233.784,-21699.3,45.9857,0.3915
8265000,79,345.327,-21646.6,79.8197,0.419567
8280000,84,359.433,-21666.2,74.5837,0.4054
8295000,76,338.396,-21650.3,79.3026,0.406
8310000,65,291.547,-21643.7,59.5021,0.394333
8325000,78,350.38,-21651.2,88.0818,0.404867
8340000,76,340.548,-21656.6,76.7808,0.418667
8355000,74,306.304,-21658.4,85.2863,0.408
8370000,75,319.934,-21678.9,66.5599,0.407067
8385000,64,281.617,-21678.1,81.1923,0.4044
8400000,51,208.493,-21682.4,61.8652,0.399452
8415000,64,266.529,-21700.6,62.407,0.396733
8430000,64,280.117,-21685.9,56.7735,0.398333
8445000,57,252.262,-21671.7,51.4208,0.393533
8460000,41,185.253,-21690.9,43.0474,0.391967
8475000,52,226.042,-21692.8,56.249,0.400773
8490000,75,305.687,-21646.7,71.4884,0.4
8505000,85,350.018,-21656.6,67.6704,0.403467
8520000,73,315.453,-21678.7,69.8128,0.424
8535000,47,210.595,-21713.4,40.303,0.395383
8550000,57,237.792,-21683.9,61.302,0.382722
8565000,51,215.451,-21679.9,50.186,0.3868
8580000,57,233.916,-21671.9,55.8658,0.399433
8595000,51,229.002,-21666.6,47.0809,0.385067
8610000,56,251.19,-21660.9,46.3305,0.3852
8625000,46,208.992,-21692.3,41.2318,0.379483
8640000,62,273.351,-21671.8,74.7406,0.386033
8655000,65,293.507,-21676.7,56.1955,0.406467
8670000,56,241.148,-21687.8,49.3193,0.397
8685000,46,194.762,-21689.2,46.6665,0.378083
8700000,46,206.866,-21708.8,52.6098,0.390382
8715000,46,201.39,-21680.9,51.4025,0.377
8730000,60,271.517,-21679.9,57.3567,0.393817
8745000,50,225.002,-21690.3,45.0073,0.388156
8760000,53,232.933,-21678.7,63.387,0.395433
8775000,44,183.651,-21723,42.2095,0.392533
8790000,52,223.162,-21688.5,41.7208,0.380933
8805000,44,183.576,-21711.2,44.1214,0.384467
8820000,54,236.628,-21693.1,57.8555,0.3956
8835000,43,193.229,-21689.9,46.3405,0.372175
8850000,54,255.571,-21698.3,50.1199,0.395117
8865000,56,245.545,-21680.3,42.2109,0.391867
8880000,70,317.944,-21656.3,65.4623,0.389067
8895000,50,219.142,-21644,61.6638,0.371467
8910000,52,232.927,-21665.7,52.8283,0.382133
8925000,47,221.575,-21711.6,51.5398,0.378456
8940000,57,241.999,-21663.8,71.7896,0.383467
8955000,58,240.991,-21677.9,51.4677,0.393578
8970000,44,190.884,-21700.5,40.6268,0.3886
8985000,45,174.596,-21670.1,53.0579,0.386267
9000000,44,195.542,-21704.9,47.6118,0.3801
9015000,36,147.398,-21705.5,34.9387,0.3768
9030000,43,188.291,-21680.5,48.7764,0.381533
9045000,39,176.823,-21744.5,28.3035,0.369158
9060000,46,190.784,-21700.6,37.6245,0.385733
9075000,47,199.047,-21708.5,44.8929,0.391533
9090000,42,180.876,-21691.5,35.3862,0.390067
9105000,53,233.737,-21683,58.6453,0.390067
9120000,48,203.857,-21677.6,44.8139,0.402467
9135000,58,271.853,-21695.6,54.6688,0.392633
9150000,52,223.211,-21677.2,47.1685,0.394333
9165000,52,239.602,-21683,57.8767,0.3922
9180000,52,230.756,-21674.4,48.0574,0.390467
9195000,49,229.659,-21672.5,49.2794,0.39305
9210000,55,224.371,-21690,54.0557,0.358764
9225000,57,253.494,-21659,68.6073,0.388133
9240000,71,315.385,-21649.5,65.7923,0.397067
9255000,67,309.187,-21642.3,71.8386,0.4054
9270000,60,261.181,-21668.1,66.1193,0.393633
9285000,78,349.708,-21608.6,74.3303,0.408633
9300000,76,338.793,-21613.1,73.0591,0.3994
9315000,68,306.651,-21634,59.7018,0.4062
9330000,57,240.821,-21647.8,66.1977,0.400917
9345000,59,248.673,-21650.1,51.2679,0.391667
9360000,64,286.254,-21624,69.5456,0.403578
9375000,51,223.149,-21669.3,31.2894,0.392733
9390000,54,247.151,-21688.4,54.5634,0.378339
9405000,72,313.077,-21627.7,78.3284,0.394356
9420000,53,246.571,-21669,63.0118,0.386667
9435000,65,271.344,-21626.8,82.1995,0.394067
9450000,68,303.52,-21637.6,75.7394,0.407533
9465000,54,235.879,-21655.6,60.5139,0.399578
9480000,60,274.446,-21662.7,66.8666,0.397133
9495000,61,268.996,-21614.2,62.7554,0.407111
9510000,61,293.289,-21672,46.569,0.3893
9525000,53,243.454,-21659.9,57.7353,0.4072
9540000,53,227.47,-21648.1,60.9605,0.396356
9555000,49,223.154,-21653.9,43.6253,0.380733
9570000,63,263.894,-21633.3,60.4556,0.404533
9585000,66,294.448,-21642.2,66.5798,0.405867
9600000,65,284.068,-21667.5,51.9714,0.402364
9615000,69,307.989,-21669.1,58.9035,0.410933
9630000,63,288.439,-21679.1,72.6205,0.421733
9645000,68,304.993,-21652.3,77.9631,0.407567
9660000,70,303.114,-21669.4,73.5361,0.407267
9675000,72,327.38,-21662.1,81.6386,0.418467
9690000,49,232.129,-21670.6,57.3733,0.398711
9705000,61,266.006,-21683.8,55.0529,0.403567
9720000,49,211.712,-21658.8,65.5665,0.3781
9735000,50,225.694,-21709.3,49.3376,0.412667
9750000,60,268.152,-21653.3,62.1085,0.393433
9765000,47,205.121,-21693.5,46.1273,0.398733
9780000,52,216.801,-21675.7,66.9697,0.402707
9795000,68,306.502,-21636,88.3902,0.395644
9810000,45,202.305,-21683.1,34.3967,0.385367
9825000,64,291.993,-21654.7,70.0184,0.402233
9840000,71,311.802,-21684.9,70.0688,0.421133
9855000,65,267.946,-21680.3,74.5859,0.401022
9870000,62,266.881,-21662.1,54.5672,0.399467
9885000,66,285.924,-21694.3,69.4289,0.392658
9900000,56,251.028,-21647.3,56.5968,0.3993
9915000,56,226.285,-21642.9,52.5505,0.400533
9930000,60,265.137,-21655,63.452,0.389
9945000,52,223.369,-21701.7,51.851,0.395367
9960000,61,279.819,-21705.4,58.32,0.4156
9975000,54,228.569,-21687,58.6883,0.398511
9990000,46,215.2,-21689.5,42.0991,0.397067
10005000,53,223.246,-21688.9,52.3282,0.399413
10020000,52,218.738,-21665.6,55.5657,0.394467
10035000,53,212.471,-21683.7,48.2685,0.389
10050000,62,263.228,-21672.2,56.154,0.405
10065000,53,230.194,-21671.2,60.8781,0.3882
10080000,64,295.92,-21635.9,72.4737,0.3932
10095000,67,303.557,-21641.9,64.7106,0.406333
10110000,71,310.515,-21655.4,60.556,0.4008
10125000,75,327.596,-21644.6,67.3781,0.402667
10140000,74,312.593,-21637.5,86.9483,0.403467
10155000,76,338.73,-21646,77.6,0.411067
10170000,37,159.187,-21714.3,45.2672,0.40175
10185000,56,247.994,-21638.2,59.7327,0.3989
10200000,60,286.101,-21642.1,75.0059,0.3926
10215000,58,249.136,-21647.3,57.0686,0.3862
10230000,41,188.099,-21715.1,35.9388,0.3819
10245000,53,224.607,-21698.7,61.6361,0.397385
10260000,71,310.952,-21654.7,58.8971,0.404622
10275000,51,225.296,-21689.4,55.0736,0.400933
10290000,42,167.405,-21666.1,37.3697,0.384
10305000,80,340.778,-21635.5,86.8927,0.401889
10320000,88,387.5,-21650.1,87.2147,0.422133
10335000,67,294.021,-21674.2,79.6427,0.402244
10350000,74,315.476,-21647.2,72.1603,0.409067
10365000,77,326.838,-21637.5,82.8119,0.4162
10380000,49,224.825,-21688.9,46.6463,0.398347
10395000,46,207.109,-21684,45.4951,0.40415
10410000,57,258.551,-21691.7,65.2797,0.4002
10425000,53,224.355,-21645.3,49.2044,0.400383
10440000,69,304.147,-21643.3,76.0554,0.3872
10455000,71,306.046,-21649.4,60.7132,0.4026
10470000,66,303.134,-21636.2,78.2508,0.406667
10485000,60,258.232,-21671.9,58.2344,0.3921
10500000,61,260.115,-21668.3,53.8441,0.390133
10515000,55,249.834,-21650.9,56.9872,0.394133
10530000,67,297.825,-21642,56.4073,0.395667
10545000,68,280.985,-21637.8,74.1367,0.385067
10560000,69,305.05,-21669.9,60.7558,0.402307
10575000,46,204.447,-21700.5,39.6218,0.388788
10590000,73,309.603,-21660.1,63.1266,0.417967
10605000,72,306.568,-21621.2,64.1961,0.406617
10620000,76,327.576,-21655.2,84.4163,0.423567
10635000,70,316.434,-21658.2,74.4677,0.411133
10650000,60,255.281,-21667.9,61.6412,0.4054
10665000,68,302.63,-21662.6,63.5939,0.4128
10680000,60,258.707,-21633.4,59.4192,0.399
10695000,55,241.662,-21658.8,51.9112,0.408227
10710000,58,258.175,-21643.4,59.9843,0.3909
10725000,60,272.564,-21632.1,48.1409,0.394267
10740000,63,274.039,-21627.7,52.6564,0.388733
10755000,76,333.71,-21649.9,83.2071,0.3936
10770000,87,380.453,-21639.5,72.5147,0.416267
10785000,76,328.219,-21639.9,74.7673,0.416267
10800000,72,310.151,-21644.6,78.6474,0.4206
10815000,65,291.831,-21651.4,58.1266,0.409
10830000,60,277.477,-21672.7,75.0493,0.392
10845000,41,175.662,-21700.3,36.8084,0.391281
10860000,59,260.196,-21670.7,55.8066,0.393624
10875000,61,260.738,-21701.6,56.7152,0.403033
10890000,55,227.07,-21688.4,52.3833,0.4014
10905000,49,211.318,-21695.3,65.654,0.3964
10920000,54,239.4,-21693,50.4093,0.4092
10935000,43,187.622,-21722,35.2537,0.396133
10950000,43,187.656,-21682.2,50.1602,0.387075
10965000,43,177.385,-21698.5,50.3497,0.382667
10980000,47,198.43,-21711.9,56.4217,0.385578
10995000,44,178.83,-21706.3,40.2545,0.3886
11010000,46,194.722,-21665.2,37.5216,0.38945
11025000,45,185.528,-21713.3,54.1589,0.3907
11040000,60,266.165,-21708.9,56.8422,0.393356
11055000,60,287.978,-21668.4,53.5566,0.391289
11070000,60,257.111,-21682.5,41.9261,0.397311
11085000,73,326.351,-21631.9,90.0891,0.413633
11100000,74,340.912,-21635.9,77.0847,0.4172
11115000,69,310.833,-21652.8,65.9584,0.403133
11130000,69,309.878,-21679.2,74.086,0.399067
11145000,67,311.665,-21675.8,60.6275,0.407867
11160000,65,297.406,-21679.9,64.2704,0.416133
11175000,57,251.956,-21667.2,66.5401,0.400467
11190000,52,225.489,-21664.9,55.6284,0.391733
11205000,55,245.012,-21671.3,65.2621,0.393733
11220000,40,188.846,-21719.2,52.2599,0.394911
11235000,53,236.811,-21684.7,67.815,0.388233
11250000,47,195.149,-21670.9,40.9594,0.394667
11265000,54,240.604,-21674.9,52.025,0.3854
11280000,61,260.69,-21679.7,51.6204,0.401533
11295000,66,285.702,-21673.7,57.8903,0.405933
11310000,35,149.627,-21719.6,30.8289,0.396478
11325000,44,207.409,-21672.7,45.2665,0.3975
11340000,40,157.12,-21726.4,31.7969,0.386948
11355000,37,150.262,-21686.5,40.0935,0.383133
11370000,52,240.458,-21684.5,41.605,0.378667
11385000,61,255.385,-21667,57.1887,0.399467
11400000,47,207.527,-21694.2,42.424,0.387233
11415000,53,246.979,-21690.8,39.8063,0.399867
11430000,42,203.527,-21720.3,45.0853,0.3978
11445000,35,151.635,-21698.3,33.7576,0.389295
11460000,36,157.814,-21750.7,29.1866,0.3768
11475000,72,312.361,-21669.1,80.0981,0.405433
11490000,65,296.554,-21693,64.191,0.414933
11505000,72,288.066,-21682,65.96,0.421
11520000,66,284.193,-21669.6,67.3938,0.427933
11535000,51,228.671,-21684.6,50.4119,0.389678
11550000,74,332.631,-21683.6,79.6408,0.404267
11565000,55,228.632,-21673.4,73.5034,0.4046
11580000,62,274.662,-21677.3,68.0095,0.404467
11595000,59,251.256,-21675.3,62.3816,0.3947
11610000,59,273.028,-21666.5,74.1216,0.4004
11625000,68,295.733,-21659.4,71.4297,0.414267
11640000,76,321.897,-21655.4,71.3156,0.406133
11655000,72,320.38,-21665.5,67.8481,0.418333
11670000,57,257.023,-21662.6,47.8659,0.409133
11685000,48,215.741,-21679.5,42.5699,0.390867
11700000,54,237.712,-21699.5,51.8546,0.405933
11715000,54,238.081,-21697,62.0697,0.395271
11730000,61,273.974,-21681.7,68.2788,0.400467
11745000,48,211.396,-21684.2,59.3258,0.395033
11760000,60,248.183,-21677.3,48.7944,0.404178
11775000,58,248.016,-21699.5,41.15,0.4056
11790000,52,230.85,-21695.1,57.1869,0.392956
11805000,55,235.164,-21688.7,54.0029,0.419867
11820000,48,216.033,-21671.1,44.6296,0.3929
11835000,47,222.518,-21703.4,59.7807,0.392667
11850000,60,254.396,-21652.5,58.1511,0.390833
11865000,63,285.711,-21683.9,50.1378,0.391993
11880000,61,270.106,-21667.1,51.2432,0.411533
11895000,52,233.447,-21673.2,50.8555,0.403067
11910000,69,298.628,-21679.6,63.1359,0.4096
11925000,57,263.023,-21691.4,62.7563,0.418467
11940000,59,254.622,-21664.8,60.8348,0.409
11955000,70,308.402,-21650.7,70.5545,0.402457
11970000,65,304.098,-21662.7,68.9299,0.396733
11985000,77,340.896,-21643.7,85.2514,0.405578
12000000,60,272.626,-21658.7,56.2611,0.408267
12015000,72,322.391,-21687.4,63.8824,0.406133
12030000,67,263.813,-21642.4,69.7553,0.4006
12045000,69,305.333,-21651.3,75.8122,0.405667
12060000,71,298.651,-21647.6,83.891,0.407
12075000,71,306.729,-21651.9,77.4277,0.4118
12090000,63,269.588,-21649.1,54.0518,0.409333
12105000,62,270.035,-21639.8,52.3929,0.403333
12120000,53,230.709,-21664.5,52.9808,0.4004
12135000,61,270.506,-21652.9,62.9045,0.395867
12150000,69,298.96,-21670.4,71.1387,0.398752
12165000,51,222.367,-21686.4,50.9198,0.405033
12180000,53,242.372,-21677.6,45.5165,0.407378
12195000,56,230.153,-21664.6,54.2495,0.394933
12210000,57,251.224,-21695.3,57.6427,0.394383
12225000,55,240.178,-21677.3,53.6674,0.3865
12240000,62,277.675,-21658.7,64.843,0.401267
12255000,71,310.929,-21703.8,68.3379,0.397956
12270000,49,226.349,-21693.1,32.3299,0.396583
12285000,56,252.714,-21700.2,63.2807,0.405367
12300000,65,284.766,-21694.7,64.3428,0.399667
12315000,64,274.464,-21687.8,64.0269,0.387907
12330000,57,247.933,-21681.6,44.0589,0.4083
12345000,70,322.222,-21651.6,86.0428,0.4044
12360000,68,304.374,-21651.7,72.5149,0.4098
12375000,65,283.324,-21663.8,64.0462,0.402067
12390000,61,264.753,-21674.8,54.9555,0.402344
12405000,56,239.839,-21635.5,49.31,0.407787
12420000,58,245.015,-21660.9,65.6541,0.3956
12435000,62,277.493,-21663.1,63.4643,0.390483
12450000,56,251.634,-21643.8,58.0813,0.3886
12465000,61,268.502,-21703.2,58.0423,0.397653
12480000,53,221.272,-21640.1,51.5747,0.386233
12495000,55,238.423,-21635,68.4476,0.372333
12510000,63,268.681,-21660.9,67.8746,0.3892
12525000,44,193.926,-21700.6,42.7993,0.381267
12540000,44,199.434,-21718.3,42.3323,0.39052
12555000,40,170.689,-21700.3,42.9164,0.390733
12570000,66,279.799,-21675.9,81.0088,0.396567
12585000,70,285.696,-21639.6,81.2751,0.414333
12600000,66,295.126,-21656,61.2611,0.408067
12615000,59,257.6,-21632.9,49.4289,0.393867
12630000,59,235.49,-21655,59.2603,0.388
12645000,58,225.58,-21666.5,54.0783,0.389933
12660000,63,276.321,-21660.4,72.1009,0.408067
12675000,40,170.926,-21683.7,45.3638,0.39515
12690000,58,261.483,-21677,48.9128,0.402933
12705000,52,237.839,-21711.9,56.937,0.407533
12720000,62,273.973,-21655.8,59.6523,0.394749
12735000,65,270.839,-21662,62.5635,0.408067
12750000,69,298.533,-21654.2,65.0854,0.404067
12765000,65,276.039,-21653.3,66.0064,0.405267
12780000,61,263.822,-21649.4,61.8508,0.413333
12795000,52,217.729,-21693.3,45.9128,0.397456
12810000,54,246.186,-21659.2,53.6773,0.4018
12825000,56,254.371,-21682.7,57.0557,0.400497
12840000,48,207.817,-21676.4,55.4035,0.402422
12855000,55,249.382,-21675.2,45.5321,0.3984
12870000,69,326.512,-21653.8,79.9741,0.392533
12885000,66,282.986,-21655.3,64.7657,0.409733
12900000,63,285.25,-21666.7,52.7991,0.403467
12915000,50,221.961,-21669.7,54.2789,0.401778
12930000,58,239.319,-21689.9,43.0967,0.4028
12945000,69,302.557,-21664.9,71.7722,0.405633
12960000,58,261.157,-21680.1,73.3627,0.404158
12975000,59,247.491,-21665.3,54.8736,0.398644
12990000,68,281.827,-21665.7,58.4746,0.402933
13005000,54,228.927,-21672.7,52.4289,0.401267
13020000,58,242.366,-21671.4,48.8321,0.398427
13035000,52,241.628,-21676.7,53.3283,0.396667
13050000,40,146.956,-21697.6,42.2242,0.388578
13065000,52,235.536,-21688.4,51.1437,0.390013
13080000,50,211.575,-21671.8,55.8542,0.387
13095000,55,248.851,-21675,56.9061,0.390467
13110000,59,257.85,-21680.1,62.4077,0.4118
13125000,70,315.62,-21684.8,91.4352,0.393156
13140000,67,298.431,-21657.3,62.8625,0.401917
13155000,69,299.2,-21689.8,76.2753,0.413067
13170000,59,257.523,-21698.3,63.1038,0.396267
13185000,57,229.371,-21690.7,61.4021,0.399733
13200000,56,247.132,-21683.3,53.847,0.398267
13215000,53,234.283,-21696.3,65.2694,0.398933
13230000,52,217.227,-21676.5,64.9092,0.399689
13245000,67,283.624,-21680.6,55.0444,0.3994
13260000,63,281.786,-21670.6,60.8354,0.406383
13275000,60,265.781,-21678.9,69.6576,0.4056
13290000,76,329.19,-21661.1,75.7207,0.406489
13305000,70,305.096,-21669,71.1506,0.4124
13320000,59,280.424,-21668.6,74.3337,0.405222
13335000,67,288.337,-21666.2,51.4196,0.402587
13350000,68,303.712,-21680.9,71.4883,0.408022
13365000,66,287.726,-21674.4,67.0634,0.418533
13380000,57,238.741,-21677.8,55.4821,0.398867
13395000,59,257.962,-21690.8,50.6218,0.409233
13410000,58,258.048,-21653.4,75.9938,0.408911
13425000,58,238.267,-21683.7,70.2759,0.4004
13440000,56,250.786,-21697.8,69.8233,0.4028
13455000,67,297.464,-21671.1,59.034,0.4008
13470000,70,305.214,-21660.8,65.4561,0.4012
13485000,59,255.057,-21666.6,52.2798,0.397911
13500000,70,317.936,-21679,68.7161,0.404067
13515000,67,300.013,-21646.4,72.5948,0.405489
13530000,67,299.648,-21659.2,74.5541,0.408333
13545000,46,194.443,-21673.9,51.4478,0.395133
13560000,44,201.636,-21700.5,51.5834,0.377133
13575000,51,222.497,-21646.8,56.3151,0.392311
13590000,60,272.878,-21661.3,66.7598,0.387333
13605000,56,252.907,-21670.5,49.7171,0.398933
13620000,70,309.702,-21673.5,69.6788,0.401067
13635000,51,213.16,-21695,50.035,0.381373
13650000,64,274.304,-21684,69.1317,0.3983
13665000,42,182.296,-21676.2,36.3992,0.390326
13680000,61,252.779,-21677.1,56.9692,0.392067
13695000,61,276.921,-21681,51.4621,0.402967
13710000,49,208.847,-21692.2,55.4747,0.39115
13725000,57,248.01,-21679.4,53.0477,0.401533
13740000,51,235.836,-21700.5,54.9281,0.388267
13755000,59,265.215,-21680.7,61.8706,0.396773
13770000,48,214.878,-21701.4,45.2717,0.39295
13785000,52,225.264,-21668,43.3551,0.403067
13800000,54,247.5,-21694.7,51.8969,0.394867
13815000,57,246.009,-21667.9,66.9735,0.391667
13830000,43,183.8,-21669.4,50.8618,0.385183
13845000,52,226.405,-21670.1,52.7044,0.401067
13860000,56,250.248,-21671.5,57.0303,0.389267
13875000,55,232.575,-21670.6,61.8054,0.398867
13890000,60,274.318,-21654.5,62.6554,0.394289
13905000,59,253.499,-21658.4,53.701,0.401333
13920000,69,314.836,-21666.4,62.2458,0.4008
13935000,70,315.174,-21650,73.029,0.390511
13950000,77,342.563,-21645,91.706,0.417467
13965000,90,405.831,-21654.6,97.2338,0.4282
13980000,76,340.473,-21627.8,75.7132,0.428933
13995000,70,304.672,-21670.1,73.958,0.408
14010000,62,262.839,-21665,55.8434,0.403793
14025000,69,307.12,-21648.8,70.7572,0.403305
14040000,69,300.323,-21673.4,67.0395,0.4168
14055000,62,263.243,-21654.7,64.9086,0.424333
14070000,59,258.623,-21660.9,56.9563,0.409533
14085000,65,267.824,-21670.9,75.0902,0.393822
14100000,60,279.512,-21640.1,58.9034,0.404867
14115000,68,312.946,-21681.4,69.9035,0.4075
14130000,49,209.599,-21699.7,50.9771,0.395692
14145000,67,297.92,-21656.6,70.3757,0.393367
14160000,64,286.942,-21660.8,64.597,0.39505
14175000,54,244.584,-21658.1,51.9898,0.3954
14190000,61,280.98,-21664.9,57.43,0.388267
14205000,58,265.061,-21681.1,79.5343,0.3811
14220000,60,275.576,-21664.1,64.8266,0.3894
14235000,37,150.696,-21695.2,42.1112,0.393143
14250000,45,196.15,-21692.7,39.4496,0.374
14265000,57,257.243,-21672.3,52.0104,0.405547
14280000,70,317.933,-21700.6,69.885,0.418267
14295000,67,309.432,-21667.9,61.1272,0.397933
14310000,69,313.873,-21683.2,86.2731,0.407467
14325000,58,234.43,-21694.5,59.2679,0.416533
14340000,55,256.042,-21681.1,56.6924,0.406133
14355000,58,258.466,-21678.9,62.4429,0.3918
14370000,61,257.583,-21675.5,59.2305,0.400867
14385000,49,214.389,-21680.5,53.3501,0.38385
14400000,52,229.827,-21662.5,51.5151,0.385467
14415000,64,270.37,-21675.6,67.2063,0.400733
14430000,61,261.418,-21666.3,54.3941,0.402322
14445000,64,298.633,-21661.3,61.4882,0.407933
14460000,69,300.053,-21651.4,61.3719,0.4115
14475000,64,269.496,-21652.4,66.2431,0.402533
14490000,57,242.87,-21649.6,60.0581,0.400267
14505000,59,271.455,-21673.8,63.7169,0.394867
14520000,57,238.789,-21679.4,48.6696,0.395947
14535000,71,301.126,-21669.4,75.4921,0.408167
14550000,62,266.27,-21673.5,62.2246,0.404467
14565000,51,214.851,-21660.5,46.0646,0.398489
14580000,50,213.716,-21658.7,41.1109,0.3774
14595000,57,253.695,-21668.6,63.0357,0.3962
14610000,52,241.779,-21677.5,49.5423,0.392
14625000,60,263.046,-21644.8,47.3351,0.3965
14640000,59,269.645,-21674.2,62.1699,0.4092
14655000,57,266.663,-21677,49.4202,0.3922
14670000,64,298.467,-21666.6,68.9989,0.407733
14685000,51,225.775,-21695.9,46.3389,0.39928
14700000,52,230.901,-21654.4,45.6105,0.3942
14715000,61,275.552,-21679.1,71.1754,0.394333
14730000,43,190.79,-21714.9,44.722,0.391661
14745000,64,282.167,-21686.1,61.7412,0.403883
14760000,59,255.071,-21652,61.338,0.402378
14775000,53,235.425,-21677.4,53.7947,0.4022
14790000,62,260.665,-21699.9,50.3593,0.406689
14805000,63,279.22,-21672.9,51.8107,0.400667
14820000,41,188.23,-21727.1,50.1705,0.3859
14835000,63,277.196,-21667.2,41.4159,0.404167
14850000,68,300.198,-21691.2,74.5299,0.420333
14865000,67,281.042,-21661.2,77.5038,0.410667
14880000,66,286.979,-21660.7,82.3518,0.407133
14895000,71,299.614,-21675.4,70.0234,0.401258
14910000,61,254.474,-21675,62.226,0.410267
14925000,76,349.091,-21668.4,64.3059,0.413356
14940000,51,223.922,-21678.6,46.3417,0.407867
14955000,55,238.514,-21656.4,48.6394,0.4087
14970000,47,200.692,-21687.1,52.0451,0.387533
14985000,58,251.469,-21702,66.8247,0.401
15000000,54,229.326,-21685.5,50.2746,0.417
15015000,61,273.088,-21650.2,66.9402,0.394
15030000,60,269.458,-21653.5,58.6538,0.3988
15045000,76,342.8,-21661.4,76.6626,0.405133
15060000,80,360.081,-21629.3,80.1039,0.4174
15075000,73,322.419,-21670,84.7977,0.410733
15090000,70,318.321,-21655.5,57.6105,0.399067
15105000,64,279.695,-21684.6,62.3802,0.407
15120000,59,263.949,-21669.3,60.5275,0.404733
15135000,60,275.581,-21696,62.2224,0.412433
15150000,56,248.934,-21682.8,47.9139,0.399267
15165000,70,314.4,-21678.6,60.4349,0.399467
15180000,53,233.12,-21698.8,56.9717,0.395111
15195000,58,243.334,-21697.9,61.1916,0.405867
15210000,67,278.486,-21647.9,54.5662,0.404333
15225000,54,239.122,-21686.7,63.7733,0.396933
15240000,72,322.61,-21699,78.0393,0.4101
15255000,62,262.346,-21633.2,65.811,0.415933
15270000,39,175.431,-21715.2,37.1102,0.395358
15285000,59,253.801,-21677.7,55.9063,0.394133
15300000,42,165.146,-21694.1,49.3026,0.39312
15315000,63,296.042,-21697.2,48.9837,0.401889
15330000,49,211.631,-21696.5,43.0313,0.41
15345000,53,211.675,-21722.9,57.2375,0.398022
15360000,62,274.292,-21680.3,61.6536,0.409767
15375000,53,235.807,-21680.3,51.1388,0.3949
15390000,68,298.234,-21684.6,73.8487,0.408
15405000,63,281.755,-21678.5,70.3645,0.4064
15420000,67,291.14,-21689,68.7469,0.4036
15435000,66,293.897,-21682.4,81.0547,0.41
15450000,64,271.589,-21700.6,62.7373,0.406267
15465000,50,225.656,-21670.8,54.0901,0.401067
15480000,57,253.986,-21663.5,66.2363,0.387333
15495000,50,214.266,-21712.8,49.5713,0.394417
15510000,47,208.003,-21691,54.7496,0.395
15525000,57,247.985,-21690.4,46.0211,0.395111
15540000,57,253.07,-21665.2,55.2889,0.401615
15555000,53,220.137,-21665.2,46.7784,0.3948
15570000,57,250.449,-21696.8,59.1542,0.3982
15585000,53,214.03,-21673.3,50.6166,0.3892
15600000,55,249.762,-21679.5,53.9283,0.387333
15615000,66,279.249,-21694,78.1877,0.415733
15630000,60,260.183,-21694.7,68.5884,0.3945
15645000,53,220.321,-21676.7,41.0165,0.418433
15660000,56,238.933,-21681.1,49.7535,0.384733
15675000,67,297.064,-21685.1,68.5385,0.398321
15690000,56,238.466,-21677,50.5384,0.4036
15705000,49,224.774,-21704,47.115,0.403467
15720000,41,170.833,-21705.8,42.0923,0.395
15735000,44,197.958,-21714.1,30.5306,0.38901
15750000,51,219.019,-21710.1,49.588,0.393867
15765000,51,225.147,-21675.8,45.9433,0.392495
15780000,51,234.169,-21708.8,48.783,0.4024
15795000,44,200.6,-21708.1,40.5022,0.399867
15810000,45,200.168,-21703.3,53.4949,0.387267
15825000,48,203.052,-21679.1,52.1257,0.375867
15840000,49,214.793,-21699.2,47.4176,0.388933
15855000,47,191.245,-21709.6,58.9731,0.391933
15870000,49,217.507,-21689.5,53.7158,0.386267
15885000,35,148.05,-21707.7,28.5896,0.391436
15900000,58,243.724,-21661.9,57.0848,0.384111
15915000,58,246.338,-21672.4,44.8247,0.390556
15930000,54,237.677,-21677.2,48.5057,0.406233
15945000,50,210.043,-21677.6,43.9486,0.3908
15960000,56,234.983,-21683.1,64.959,0.399867
15975000,58,249.491,-21694.1,48.8283,0.4029
15990000,43,192.225,-21682.3,38.7591,0.397747
16005000,55,242.336,-21704.4,68.6477,0.416467
16020000,60,265.447,-21670.7,74.468,0.398978
16035000,34,153.499,-21725.7,34.0664,0.40004
16050000,60,256.345,-21680.3,44.7012,0.390467
16065000,38,149.482,-21705.6,31.6981,0.382517
16080000,54,227.515,-21691.7,42.152,0.3946
16095000,51,224.603,-21676.7,57.6183,0.380933
16110000,57,254.848,-21699.1,55.396,0.394467
16125000,55,243.322,-21697,63.2715,0.407333
16140000,47,212.664,-21723.9,47.9561,0.383933
16155000,53,239.603,-21696.2,48.2741,0.397867
16170000,63,255.735,-21693.5,62.1231,0.391385
16185000,65,278.447,-21686.1,71.0113,0.426733
16200000,44,182.56,-21695.4,44.8445,0.412333
16215000,42,177.107,-21708.9,45.4267,0.399213
16230000,56,233.694,-21679.9,66.7379,0.389
16245000,50,223.514,-21709.3,40.1997,0.407467
16260000,49,223.224,-21695.7,61.2827,0.393133
16275000,39,171.71,-21732.8,42.3214,0.38676
16290000,51,220.173,-21682.9,48.2489,0.390111
16305000,54,245.168,-21695.6,57.4618,0.392867
16320000,58,254.573,-21702.6,72.3939,0.4084
16335000,63,260.119,-21699.6,54.138,0.393817
16350000,52,231.174,-21706.5,47.5952,0.401067
16365000,51,227.34,-21714.1,52.2918,0.415433
16380000,56,233.819,-21676,47.7734,0.400833
16395000,44,175.068,-21707.6,46.8462,0.393207
16410000,38,179.679,-21702.1,42.8489,0.406467
16425000,60,267.17,-21685.2,67.6228,0.408367
16440000,44,186.788,-21704.9,38.5777,0.392489
16455000,58,277.425,-21707,64.653,0.4043
16470000,51,221.76,-21704.1,42.2065,0.3901
16485000,49,207.837,-21688.2,57.813,0.3788
16500000,57,254.432,-21676.5,52.5863,0.391417
16515000,51,227.373,-21678.1,48.8032,0.401733
16530000,55,235.881,-21673,56.3853,0.396667
16545000,62,279.14,-21678.7,57.3595,0.399289
16560000,53,241.39,-21703,60.7971,0.405133
16575000,48,202.964,-21728.7,48.9427,0.401133
16590000,50,225.124,-21688.5,52.3093,0.395067
16605000,44,190.215,-21686.3,50.4516,0.395533
16620000,48,200.428,-21690.9,51.7332,0.384933
16635000,52,218.999,-21687.7,60.1937,0.391714
16650000,54,236.96,-21692.1,60.2395,0.3928
16665000,48,196.084,-21678.6,54.2171,0.390867
16680000,40,176.55,-21723.2,33.603,0.3845
16695000,40,168.193,-21713.1,43.2792,0.3826
16710000,51,246.971,-21677.1,49.295,0.387089
16725000,45,187.159,-21707.4,50.4484,0.394933
16740000,55,227.726,-21687,61.3263,0.385667
16755000,54,250.808,-21689.2,57.7645,0.386036
16770000,50,210.709,-21704.9,49.4846,0.394933
16785000,70,297.309,-21672.6,72.1478,0.4018
16800000,40,172.141,-21719.3,33.798,0.383733
16815000,59,265.143,-21682.5,67.458,0.401567
16830000,44,183.45,-21713.3,49.1573,0.381233
16845000,53,248.064,-21700,40.3772,0.397833
16860000,42,177.368,-21723,49.8704,0.398333
16875000,53,233.745,-21726.7,46.1196,0.3944
16890000,74,317.004,-21655.7,85.3841,0.402422
16905000,83,366.545,-21673.4,84.6618,0.428067
16920000,67,284.931,-21662.2,82.7733,0.397767
16935000,56,234.02,-21680.9,53.7385,0.409117
16950000,66,301.917,-21670.8,77.1203,0.401667
16965000,67,297.283,-21662.1,73.3135,0.4002
16980000,48,211.664,-21709.2,49.594,0.397711
16995000,72,324.206,-21651.1,75.3409,0.399333
17010000,66,287.259,-21648.4,66.8114,0.400933
17025000,63,287.254,-21646.2,67.5899,0.3948
17040000,55,246.569,-21649.4,60.7424,0.395067
17055000,65,279.683,-21634.1,60.1134,0.399533
17070000,67,305.763,-21643.9,60.6877,0.401333
17085000,63,290.741,-21663.6,65.2951,0.417667
17100000,52,229.031,-21688.7,43.7671,0.4044
17115000,58,247.205,-21687.6,73.4762,0.3956
17130000,48,198.421,-21666.3,53.7677,0.4134
17145000,58,241.506,-21670,53.3677,0.3974
17160000,59,248.438,-21679,61.2721,0.3976
17175000,51,231.586,-21676.3,45.2503,0.395467
17190000,50,240.439,-21671,48.2831,0.396933
17205000,64,268.453,-21681.2,56.8578,0.398156
17220000,66,295.019,-21670.4,70.786,0.405667
17235000,55,222.887,-21671.9,53.9714,0.382216
17250000,54,239.993,-21688.2,73.8245,0.388567
17265000,51,214.751,-21687.2,47.6867,0.389
17280000,52,217.461,-21677.6,58.3772,0.400033
17295000,56,240.446,-21661.4,56.5493,0.398686
17310000,51,225.563,-21678.6,41.1141,0.393089
17325000,53,229.648,-21675.1,51.6817,0.392156
17340000,66,279.566,-21646.1,69.6792,0.400222
17355000,69,305.722,-21678.7,63.8452,0.403578
17370000,69,285.71,-21680.5,69.7021,0.401867
17385000,56,237.003,-21642.1,61.2662,0.4112
17400000,64,273.391,-21655.8,49.3767,0.410583
17415000,61,269.528,-21634.8,53.759,0.387067
17430000,78,323.363,-21641.9,78.9606,0.403867
17445000,65,292.884,-21678.2,54.655,0.396583
17460000,81,341.844,-21629.2,80.913,0.421067
17475000,71,313.136,-21668.3,74.4954,0.3977
17490000,80,348.307,-21609.9,88.0022,0.413733
17505000,86,348.642,-21611.9,92.2783,0.411933
17520000,73,322.683,-21642.8,61.2372,0.409
17535000,64,288.179,-21626.1,67.7059,0.403067
17550000,63,263.084,-21648.8,70.9695,0.399667
17565000,50,223.71,-21661.5,61.0662,0.393467
17580000,50,206.753,-21665.9,47.8763,0.388533
17595000,49,219.971,-21680.8,65.2478,0.396667
17610000,72,319.352,-21679.6,68.2746,0.403267
17625000,66,298.463,-21680.2,62.0151,0.415467
17640000,38,166.283,-21741.8,35.7693,0.39739
17655000,42,195.234,-21720.2,49.7552,0.3648
17670000,48,214.959,-21706.5,57.0265,0.388041
17685000,49,210.627,-21693.9,41.7529,0.387333
17700000,43,188.622,-21715.5,41.2125,0.396533
17715000,45,190.216,-21694.5,35.1334,0.390733
17730000,55,253.846,-21708.2,54.0692,0.4003
17745000,56,243.067,-21664.4,57.465,0.39445
17760000,39,150.51,-21683.4,32.6692,0.394467
17775000,54,219.399,-21686.9,45.2028,0.397356
17790000,56,256.695,-21682.4,59.8343,0.3808
17805000,65,277.291,-21687.9,66.2262,0.396333
17820000,60,258.175,-21677.4,57.7677,0.4132
17835000,58,260.468,-21681,64.4072,0.397478
17850000,70,300.44,-21658.3,57.4645,0.4116
17865000,62,275.411,-21624.5,61.5943,0.405067
17880000,62,265.96,-21615.7,60.9409,0.387133
17895000,57,243.069,-21663.2,58.9723,0.405067
17910000,64,282.054,-21653.3,53.1641,0.399867
17925000,65,295.699,-21651.8,57.6965,0.399822
17940000,64,264.804,-21657.2,69.6096,0.397533
17955000,67,303.576,-21660.9,71.3144,0.4084
17970000,55,249.731,-21657,57.059,0.411
17985000,56,241.871,-21657.4,61.8455,0.38948
18000000,47,205.501,-21687.4,51.3805,0.398211
18015000,50,218.332,-21681.5,46.4308,0.3788
18030000,57,254.606,-21671.4,51.6996,0.399667
18045000,55,254.653,-21649.2,59.11,0.393983
18060000,59,255.391,-21620.2,54.8966,0.381
18075000,63,273.169,-21661.8,69.4469,0.393733
18090000,57,240.786,-21659.9,58.1027,0.392467
18105000,70,300.628,-21645,64.2285,0.3888
18120000,54,231.743,-21706,55.8427,0.393925
18135000,81,358.396,-21638.1,74.7656,0.396833
18150000,74,328.054,-21640.5,75.452,0.397083
18165000,82,367.39,-21625.9,77.4719,0.409467
18180000,59,253.084,-21672.7,59.6715,0.399783
18195000,71,305.015,-21643.3,77.0032,0.408567
18210000,69,297.163,-21637.8,71.5547,0.415067
18225000,68,298.898,-21626,86.7841,0.4142
18240000,74,317.663,-21621.2,79.4383,0.405533
18255000,72,313.209,-21627.3,83.4649,0.405133
18270000,74,324.755,-21650.1,72.5141,0.409067
18285000,72,317.053,-21597.3,75.2799,0.409667
18300000,70,322.125,-21632.7,55.2328,0.4064
18315000,70,309.565,-21647.7,61.6686,0.403267
18330000,68,305.936,-21654.6,62.5596,0.386667
18345000,73,330.844,-21632.9,74.6582,0.3996
18360000,70,300.099,-21644.6,61.1024,0.394906
18375000,68,310.893,-21627.9,57.6207,0.3965
18390000,78,344.222,-21625.7,87.9257,0.409467
18405000,83,364.86,-21620.2,97.6785,0.403533
18420000,89,391.993,-21602.9,94.2285,0.409
18435000,89,402.011,-21631.6,78.1853,0.403467
18450000,77,323.377,-21628.1,74.0549,0.408656
18465000,81,359.126,-21647.1,73.0009,0.405833
18480000,71,301.043,-21656.7,75.9631,0.399067
18495000,62,254.861,-21661,67.748,0.403933
18510000,65,281.611,-21653.4,67.936,0.398467
18525000,59,264.473,-21690.3,59.8956,0.403
18540000,61,261.4,-21658.8,39.4609,0.398228
18555000,51,219.934,-21673,44.0565,0.39928
18570000,67,286.461,-21677.5,59.9027,0.415467
18585000,58,259.218,-21696.7,63.4758,0.399467
18600000,59,251.381,-21697.2,58.0203,0.404167
18615000,48,208.174,-21710.7,36.6167,0.394678
18630000,44,203.523,-21683.1,46.7089,0.3867
18645000,57,253.487,-21691.7,55.5209,0.399733
18660000,45,196.441,-21694.7,46.4358,0.396813
18675000,36,141.5,-21722,36.863,0.385383
18690000,64,272.231,-21682.1,70.9102,0.387667
18705000,63,262.274,-21666.3,77.9602,0.405467
18720000,52,233.556,-21710.2,40.2017,0.39832
18735000,50,214.137,-21693.5,45.5771,0.4056
18750000,61,263.5,-21658.8,56.486,0.393933
18765000,66,273.598,-21657.8,60.9758,0.404467
18780000,55,246.303,-21647.2,55.0367,0.398133
18795000,54,247.777,-21700.2,50.7127,0.378025
18810000,71,311.823,-21653.1,62.9813,0.392867
18825000,75,334.895,-21677.6,81.5443,0.418733
18840000,76,344.57,-21657.7,55.9669,0.4104
18855000,67,286.449,-21648.4,63.6205,0.405617
18870000,58,236.426,-21664.7,47.84,0.402433
18885000,54,232.595,-21665,49.8224,0.388667
18900000,69,306.5,-21666.3,70.4132,0.3822
18915000,54,222.055,-21663.6,46.5723,0.397833
18930000,59,263.578,-21683.5,66.0711,0.389367
18945000,63,280.72,-21667.3,73.8345,0.389233
18960000,53,213.892,-21694.1,48.232,0.3984
18975000,60,273.266,-21678.1,63.8185,0.403333
18990000,63,281.383,-21659.1,70.7395,0.400267
19005000,46,204.625,-21702.1,41.7389,0.400933
19020000,59,255.612,-21664.1,61.4198,0.391333
19035000,53,238.515,-21679,44.7799,0.393604
19050000,59,251.186,-21676.4,76.8013,0.415933
19065000,60,252.735,-21680.2,60.9075,0.396267
19080000,58,260.435,-21689,49.2049,0.396667
19095000,55,242.168,-21662.5,48.4022,0.39528
19110000,60,254.349,-21669.2,62.0385,0.386933
19125000,55,244.861,-21658.6,40.5015,0.395267
19140000,59,248.233,-21672.5,63.2076,0.384133
19155000,65,268.187,-21651.7,66.9738,0.390867
19170000,42,192.901,-21709.5,42.622,0.386497
19185000,47,198.187,-21685.4,54.4235,0.381695
19200000,62,260.203,-21670.2,68.1948,0.389867
19215000,58,247.895,-21677.1,53.1269,0.397267
19230000,58,253.546,-21676.8,55.5129,0.394767
19245000,55,243.28,-21674.7,46.4994,0.395067
19260000,55,242.7,-21714.1,55.8126,0.389747
19275000,55,238.825,-21661.3,54.0136,0.397933
19290000,45,202.495,-21694,56.1578,0.382333
19305000,56,252.225,-21682.1,63.5619,0.391227
19320000,46,188.591,-21697.4,49.5309,0.383044
19335000,59,248.122,-21674.3,66.908,0.38
19350000,50,226.179,-21716.3,46.7821,0.376183
19365000,61,275.322,-21661,61.1223,0.395567
19380000,60,271.244,-21672.8,53.2685,0.396133
19395000,68,307.688,-21668.2,74.3074,0.400133
19410000,64,290.652,-21662.6,48.8251,0.40155
19425000,55,251.666,-21654.5,55.4954,0.401033
19440000,59,252.705,-21683.6,55.6551,0.383467
19455000,65,295.963,-21664.3,59.3686,0.395111
19470000,61,269.345,-21661.5,58.5665,0.3968
19485000,57,257.008,-21672,66.8725,0.392733
19500000,61,264.996,-21656.8,64.4528,0.409578
19515000,65,285.607,-21640.8,50.9354,0.399133
19530000,52,235.549,-21684.4,42.9373,0.397179
19545000,65,291.025,-21666.3,67.9807,0.4079
19560000,61,259.134,-21681.2,59.8173,0.401013
19575000,51,218.554,-21686.3,39.4691,0.403133
19590000,61,270.075,-21661.5,58.0322,0.408333
19605000,48,213.248,-21683.6,45.6442,0.397133
19620000,49,204.679,-21696.2,50.4967,0.409333
19635000,65,289.268,-21687.8,59.4254,0.4112
19650000,50,220.229,-21703.6,49.3413,0.394242
19665000,67,281.263,-21681.3,85.3654,0.410233
19680000,54,232.599,-21687.5,69.413,0.383708
19695000,59,261.957,-21698.2,65.7976,0.395467
19710000,45,179.704,-21709.8,48.7878,0.394617
19725000,53,237.772,-21677.1,50.5012,0.384933
19740000,45,201.823,-21690.8,51.3426,0.3908
19755000,50,231.58,-21679.2,36.4204,0.3861
19770000,51,231.726,-21677,43.8959,0.3944
19785000,47,217.755,-21666.4,54.2469,0.3788
19800000,52,227.883,-21665.3,58.3542,0.387333
19815000,54,250.205,-21665.7,48.3008,0.389333
19830000,58,277.813,-21678.1,49.8096,0.401533
19845000,53,255.439,-21675.8,49.8611,0.393467
19860000,54,240.236,-21696.4,43.5435,0.391333
19875000,38,180.286,-21707.2,42.7652,0.371633
19890000,57,272.283,-21697.7,58.7246,0.409033
19905000,48,219.685,-21706,49.5516,0.399533
19920000,57,259.269,-21666.1,55.2014,0.397506
19935000,59,269.506,-21687.4,56.3124,0.3934
19950000,47,213.788,-21679.6,46.9561,0.382987
19965000,55,248.313,-21681.7,46.537,0.384683
19980000,62,248.951,-21689.7,60.3765,0.390133
19995000,59,260.638,-21686.7,52.6687,0.406867
20010000,59,274.246,-21663.3,53.7689,0.402667
20025000,53,249.287,-21677.9,47.8048,0.405267
20040000,54,239.826,-21678.8,52.8226,0.395333
20055000,65,288.083,-21687.4,60.8328,0.402333
20070000,58,243.649,-21673,59.9356,0.400667
20085000,65,281.431,-21673.7,57.3152,0.396111
20100000,52,221.752,-21666.9,47.1963,0.402267
20115000,61,247.302,-21682.8,54.6947,0.399733
20130000,50,214.287,-21699.3,57.3731,0.385933
20145000,71,310.132,-21673.8,52.1258,0.427333
20160000,50,216.851,-21688.5,53.3248,0.391417
20175000,50,221.399,-21678.2,60.2503,0.4028
20190000,53,230.552,-21663.4,46.4609,0.379
20205000,46,208.534,-21686.4,47.1984,0.3718
20220000,51,221.463,-21690.1,55.4474,0.399
20235000,47,218.776,-21691.5,64.1057,0.402144
20250000,43,191.811,-21700.3,37.9927,0.391
20265000,60,270.879,-21700.6,67.2463,0.408156
20280000,49,214.711,-21679.9,47.401,0.399667
20295000,60,252.85,-21680.3,53.1063,0.3964
20310000,69,288.841,-21682.1,65.5739,0.4158
20325000,68,275.977,-21674,60.0753,0.404133
20340000,50,205.546,-21701.6,61.4996,0.396211
20355000,60,268.285,-21683.1,61.3968,0.406533
20370000,61,279.639,-21667.2,60.8311,0.403133
20385000,63,286.459,-21661.3,45.313,0.4214
20400000,70,306.37,-21679.2,68.64,0.424533
20415000,52,229.576,-21674,54.65,0.403427
20430000,54,248.574,-21684.2,56.4354,0.404267
20445000,44,199.605,-21701.5,52.7165,0.383788
20460000,60,269.887,-21696.5,63.8456,0.387667
20475000,67,287.779,-21693.2,64.4025,0.4088
20490000,69,297.41,-21685.2,68.3047,0.415133
20505000,47,221.335,-21684.5,52.5595,0.407689
20520000,61,265.776,-21683.2,46.8256,0.404989
20535000,53,224.05,-21669,62.5722,0.4024
20550000,64,293.43,-21664.8,57.1991,0.401467
20565000,62,270.584,-21669.5,50.5929,0.404533
20580000,53,218.938,-21678.8,44.0178,0.399333
20595000,59,252.798,-21691.7,57.5463,0.396333
20610000,50,228.491,-21708.4,48.4291,0.405333
20625000,56,249.127,-21704.3,48.8396,0.401237
20640000,45,213.407,-21707.2,62.2191,0.386052
20655000,41,187.652,-21705.9,46.7889,0.374267
20670000,59,257.212,-21682.8,77.786,0.392267
20685000,44,202.819,-21708,47.6269,0.388867
20700000,51,215.781,-21701.6,56.0611,0.410133
20715000,61,264.576,-21687.1,60.7405,0.410067
20730000,69,302.14,-21696.9,54.7356,0.418867
20745000,68,286.719,-21678.6,66.4634,0.414933
20760000,73,313.251,-21675.2,82.3515,0.414333
20775000,66,285.972,-21680.6,53.2569,0.420867
20790000,55,229.263,-21689.8,44.1294,0.3908
20805000,62,261.569,-21665.8,52.4095,0.415133
20820000,60,264.607,-21673.4,65.8468,0.406933
20835000,52,227.914,-21695.2,66.5199,0.384961
20850000,50,228.818,-21693.3,45.5703,0.3968
20865000,45,207.1,-21701.8,42.4676,0.391367
20880000,49,222.631,-21676.8,47.3,0.3946
20895000,43,180.31,-21718.7,52.2754,0.388895
20910000,68,311.553,-21652.9,67.5947,0.411667
20925000,60,250.833,-21687,52.9455,0.3991
20940000,42,184.757,-21675.3,43.1541,0.3886
20955000,59,262.532,-21673.4,66.4348,0.395867
20970000,60,262.181,-21670.9,60.5826,0.39356
20985000,69,293.367,-21688.4,67.5834,0.400233
21000000,60,268.357,-21689,55.425,0.410467
21015000,42,182.967,-21699.8,42.5425,0.406378
21030000,43,186.015,-21696.9,37.9831,0.391144
21045000,50,224.623,-21688.8,35.9903,0.395822
21060000,52,222.885,-21683.5,48.9717,0.382956
21075000,41,168.481,-21708.7,45.9175,0.400933
21090000,49,212.343,-21717.7,59.6952,0.387633
21105000,54,224.883,-21699.9,50.9209,0.3903
21120000,48,201.197,-21696.9,44.7948,0.403467
21135000,54,236.121,-21707.7,58.6852,0.392067
21150000,42,194.519,-21716.5,47.7775,0.39085
21165000,59,280.327,-21677.3,57.5157,0.3915
21180000,52,228.891,-21670.8,43.2048,0.402133
21195000,32,148.155,-21721.3,31.1756,0.392222
21210000,51,229.247,-21685.1,40.6797,0.394067
21225000,57,258.388,-21687.4,56.7236,0.395867
21240000,66,300.031,-21684.2,70.0087,0.391915
21255000,58,274.813,-21675.9,63.5533,0.414267
21270000,69,312.664,-21690.4,57.4612,0.411067
21285000,55,241.244,-21696,78.1449,0.4054
21300000,44,200.332,-21698.3,46.1222,0.384853
21315000,51,223.633,-21687.7,44.0996,0.388033
21330000,56,234.889,-21698,67.5724,0.402333
21345000,50,217.276,-21704.2,47.3788,0.389293
21360000,50,198.545,-21694.8,71.262,0.393667
21375000,50,206.239,-21681.7,45.7242,0.38444
21390000,51,227.686,-21683.1,61.6065,0.396533
21405000,55,245.945,-21675.5,50.4542,0.3948
21420000,72,318.392,-21671.8,61.0935,0.398744
21435000,62,250.031,-21675,72.1995,0.39595
21450000,43,194.193,-21681.2,48.3778,0.393311
21465000,71,311.05,-21682.1,83.4487,0.4048
21480000,68,308.076,-21677.4,69.389,0.425933
21495000,67,278.789,-21677.5,65.7636,0.406267
21510000,57,249.934,-21690.3,59.9384,0.404733
21525000,49,227.591,-21683.8,48.7807,0.393627
21540000,54,245.828,-21666.6,47.0913,0.383114
21555000,67,307,-21686.7,70.5456,0.408467
21570000,53,224.317,-21652.2,54.8657,0.395467
21585000,68,291.094,-21677.4,57.3465,0.3876
21600000,55,250.773,-21675.6,61.8986,0.39968
21615000,63,260.06,-21663.6,64.6685,0.395533
21630000,63,260.091,-21668.8,52.4342,0.402
21645000,63,287.605,-21666,66.4074,0.399333
21660000,41,181.575,-21705.1,36.5469,0.400133
21675000,68,314.731,-21663,60.2348,0.403133
21690000,44,198.45,-21721.7,38.8101,0.385619
21705000,42,189.483,-21709.6,43.3946,0.3844
21720000,47,202.573,-21688,54.0481,0.389
21735000,45,196.145,-21671.7,37.0285,0.393867
21750000,49,216.414,-21690.9,55.2756,0.380756
21765000,58,274.229,-21664.9,48.7684,0.400111
21780000,39,164.453,-21697.3,48.7433,0.3813
21795000,37,162.903,-21698.9,26.7886,0.356533
21810000,63,267.14,-21690.4,81.9476,0.3974
21825000,56,243.813,-21669.4,59.5607,0.390067
21840000,52,222.752,-21692.5,51.4896,0.387467
21855000,54,243.979,-21676,48.0864,0.3864
21870000,62,275.097,-21670,68.8143,0.4072
21885000,61,253.528,-21684.1,62.9449,0.405733
21900000,57,257.409,-21651.4,55.2548,0.409933
21915000,58,254.809,-21676,62.7824,0.399467
21930000,48,216.655,-21696.6,47.4745,0.393841
21945000,40,175.903,-21683.1,35.5911,0.3916
21960000,49,212.115,-21673.5,42.3146,0.3888
21975000,57,246.053,-21690.3,65.3077,0.384667
21990000,67,293.058,-21685.3,67.754,0.403333
22005000,48,205.062,-21721.5,46.4647,0.395646
22020000,50,219.324,-21690.5,63.836,0.398333
22035000,46,199.84,-21713.7,44.4048,0.399733
22050000,50,212.567,-21697.4,52.0045,0.3928
22065000,42,180.337,-21699.2,33.9463,0.396433
22080000,43,185.74,-21698.2,46.7359,0.3924
22095000,52,229.579,-21692.9,39.5301,0.3864
22110000,55,253.887,-21679.2,66.021,0.386926
22125000,53,235.226,-21688.7,54.5425,0.384667
22140000,54,245.526,-21690.2,45.1863,0.4038
22155000,65,288.557,-21672.1,66.7807,0.402667
22170000,53,230.966,-21650.6,54.0071,0.39
22185000,47,206.771,-21663.7,52.1988,0.385467
22200000,51,236.99,-21650.5,45.66,0.390967
22215000,54,230.643,-21672.2,63.7461,0.3836
22230000,56,235.968,-21665.6,56.094,0.3772
22245000,54,238.653,-21669.1,52.2697,0.374533
22260000,63,252.1,-21694.4,69.3934,0.390533
22275000,60,248.82,-21671.4,58.9691,0.401333
22290000,54,228.405,-21695.9,48.0218,0.397562
22305000,51,219.031,-21697.1,48.6021,0.387282
22320000,51,229.323,-21701.5,49.3057,0.3886
22335000,56,248.982,-21678.7,52.9974,0.391517
22350000,65,278.786,-21685.2,60.3245,0.396267
22365000,49,221.315,-21706.4,42.111,0.401422
22380000,44,191.699,-21690.1,41.9688,0.389067
22395000,57,241.863,-21712.8,53.1481,0.4006
22410000,54,225.825,-21668.6,56.2887,0.390567
22425000,53,234.393,-21685,46.3499,0.389933
22440000,62,245.139,-21651.4,51.6734,0.402467
22455000,49,226.137,-21704.1,42.9438,0.390453
22470000,54,247.551,-21694.8,51.7918,0.395133
22485000,64,271.799,-21656.3,67.5894,0.3994
22500000,40,178.483,-21728.6,47.4667,0.392905
22515000,58,249.139,-21656.4,60.31,0.406267
22530000,61,262.913,-21645.6,65.716,0.411267
22545000,54,243.807,-21660,52.2677,0.393
22560000,69,301.889,-21651.9,50.5035,0.407267
22575000,59,254.436,-21647.8,56.319,0.405333
22590000,64,283.381,-21646.7,68.4612,0.389733
22605000,72,337.31,-21671.6,79.7361,0.418933
22620000,67,300.61,-21664.4,65.7106,0.4166
22635000,57,253.862,-21687.2,59.868,0.386788
22650000,71,296.736,-21667.1,69.4572,0.413267
22665000,55,236.652,-21702.7,47.0352,0.4097
22680000,55,234.012,-21651.5,56.21,0.402167
22695000,51,230.954,-21699.2,48.7816,0.399308
22710000,61,265.207,-21651.8,53.7336,0.381533
22725000,41,187.314,-21704.1,37.7343,0.37415
22740000,44,203.886,-21671.1,48.6529,0.3837
22755000,50,225.033,-21683.8,41.0045,0.389267
22770000,51,221.315,-21712.7,77.4596,0.400844
22785000,56,246.798,-21699,53.937,0.395
22800000,57,256.878,-21676.5,43.6432,0.394105
22815000,47,200.433,-21682.6,47.7122,0.388333
22830000,51,214.266,-21684.1,46.08,0.410133
22845000,55,246.139,-21694.3,46.0488,0.406233
22860000,49,218.926,-21695.1,49.2882,0.3998
22875000,54,260.242,-21675.5,60.4976,0.382983
22890000,52,220.395,-21713.1,48.551,0.3794
22905000,50,225.386,-21703.9,44.6087,0.385027
22920000,45,202.134,-21682.5,46.719,0.394
22935000,45,197.518,-21694.9,37.6049,0.390083
22950000,56,249.966,-21704,61.3274,0.392567
22965000,53,235.011,-21703.2,53.6193,0.406067
22980000,43,181.789,-21713.8,50.3245,0.401
22995000,56,253.666,-21683.9,64.9634,0.405667
23010000,43,198.568,-21702.3,43.6936,0.391033
23025000,56,252.999,-21702.8,59.9979,0.399
23040000,51,224.842,-21707,60.9336,0.400133
23055000,57,242.556,-21692.2,55.4652,0.399333
23070000,47,214.353,-21708.9,41.421,0.4068
23085000,40,173.375,-21689.3,40.6283,0.385267
23100000,58,243.205,-21714.8,59.2724,0.390033
23115000,53,232.112,-21707,52.5951,0.397667
23130000,47,212.413,-21714.2,36.5859,0.399467
23145000,47,200.388,-21683.7,47.0765,0.392176
23160000,58,267.434,-21680.8,60.47,0.40196
23175000,49,192.432,-21674.7,38.5814,0.397267
23190000,64,285.135,-21686.8,87.5451,0.4045
23205000,65,279.467,-21664.7,52.2217,0.3892
23220000,82,365.43,-21693.2,93.5439,0.423167
23235000,69,306.563,-21671.6,71.4484,0.4182
23250000,70,313.051,-21638.3,67.0259,0.419067
23265000,61,271.39,-21670.9,70.9361,0.403
23280000,50,227.841,-21695.8,46.1412,0.3968
23295000,67,285.005,-21673.6,56.019,0.400633
23310000,71,304.399,-21653.5,78.5426,0.4202
23325000,61,250.616,-21642,63.4801,0.413867
23340000,69,288.674,-21626.3,70.4057,0.4018
23355000,41,178.04,-21709.8,36.423,0.391093
23370000,65,282.386,-21638.3,59.2283,0.3959
23385000,38,172.857,-21692,35.4108,0.3789
23400000,49,219.119,-21705.4,55.6753,0.388067
23415000,69,314.286,-21659.5,62.7881,0.399822
23430000,62,269.767,-21639.4,57.9137,0.3996
23445000,57,227.621,-21669.8,51.0019,0.394467
23460000,57,249.413,-21688.8,55.6381,0.3952
23475000,37,163.802,-21726.7,37.7436,0.3854
23490000,56,258.495,-21677.4,54.2336,0.404633
23505000,55,229.178,-21674.8,68.1891,0.397733
23520000,54,245.748,-21658.5,56.1283,0.398867
23535000,49,195.613,-21701.3,40.3188,0.391729
23550000,47,197.499,-21688.8,46.3338,0.380667
23565000,54,233.786,-21696.3,57.1661,0.3766
23580000,82,367.674,-21670.7,84.2598,0.3966
23595000,46,194.921,-21691.8,68.5407,0.379808
23610000,64,263.37,-21660.8,72.609,0.413467
23625000,63,273.278,-21656.5,64.1213,0.403533
23640000,42,194.882,-21697.6,41.2488,0.396827
23655000,50,227.715,-21683.4,41.9746,0.385067
23670000,76,304.179,-21670.1,73.4905,0.402289
23685000,48,202.75,-21702.4,51.423,0.390233
23700000,52,210.839,-21692.2,59.5987,0.391933
23715000,53,222.02,-21692.5,42.4479,0.390133
23730000,67,308.968,-21652.1,67.9848,0.401783
23745000,63,284.888,-21674.6,72.7047,0.4034
23760000,63,274.605,-21655.2,64.6216,0.422167
23775000,45,196.988,-21677.2,44.8268,0.3912
23790000,50,214.531,-21706.5,47.733,0.4002
23805000,56,241.619,-21681.6,59.8579,0.396867
23820000,62,268.911,-21656.6,58.2712,0.401867
23835000,46,196.245,-21671.8,52.5263,0.3845
23850000,54,246.53,-21658.6,45.4499,0.4059
23865000,47,196.886,-21660.4,55.6673,0.381133
23880000,52,222.942,-21708.3,44.8127,0.392522
23895000,45,199.036,-21686.4,37.8657,0.386167
23910000,56,245.064,-21675.8,50.6011,0.395
23925000,40,164.29,-21681.7,47.386,0.400156
23940000,41,180.026,-21690.6,38.9006,0.380267
23955000,57,237.438,-21684.3,45.2667,0.396556
23970000,47,211.369,-21693.2,46.7347,0.381633
23985000,48,209.757,-21690.7,46.6747,0.390333
24000000,49,213.415,-21675.9,46.9981,0.387533
24015000,59,246.619,-21669.3,56.8481,0.386467
24030000,67,283.984,-21671.4,59.3145,0.409067
24045000,66,287.13,-21671.2,64.4433,0.392467
24060000,62,266.926,-21688.6,61.6639,0.399152
24075000,48,207.405,-21673.1,50.7153,0.392333
24090000,49,222.116,-21689.3,56.461,0.3798
24105000,47,213.77,-21693.5,52.9097,0.396429
24120000,60,246.454,-21691.6,62.8732,0.4058
24135000,61,254.552,-21665.5,71.724,0.391556
24150000,63,294.814,-21688.8,62.6592,0.406667
24165000,59,268.912,-21679.5,64.0817,0.392933
24180000,57,246.379,-21661.1,56.7354,0.378133
24195000,53,234.541,-21683.7,54.0501,0.387067
24210000,49,218.718,-21686.9,44.7166,0.378467
24225000,37,160.274,-21707.1,41.9295,0.388108
24240000,50,215.744,-21707.1,59.0477,0.370667
24255000,50,227.692,-21674.5,51.7855,0.380933
24270000,45,193.312,-21688.1,33.2386,0.390111
24285000,49,211.988,-21695,46.6434,0.377433
24300000,42,176.372,-21723.1,37.3197,0.392367
24315000,52,232.913,-21701.8,49.2335,0.390767
24330000,59,258.941,-21717.1,65.9554,0.393595
24345000,53,237.466,-21694.3,53.3822,0.4011
24360000,63,281.305,-21678.1,71.3659,0.401683
24375000,66,275.037,-21675.4,56.1517,0.4001
24390000,58,245.462,-21683.9,57.7016,0.410033
24405000,52,232.359,-21717.6,55.4975,0.413173
24420000,64,276.178,-21694.7,66.4739,0.403067
24435000,52,232.25,-21683.5,40.1132,0.414667
24450000,53,235.939,-21679.8,49.649,0.409813
24465000,37,160.642,-21694.7,36.2173,0.3953
24480000,60,272.308,-21678.1,61.0394,0.397667
24495000,65,285.161,-21688.2,53.6682,0.421733
24510000,58,262.233,-21690.5,59.0511,0.417667
24525000,63,274.694,-21713.8,48.2698,0.415467
24540000,61,283.397,-21695.9,66.7306,0.412053
24555000,57,233.471,-21679.5,51.8665,0.4047
24570000,51,222.114,-21677.9,55.4469,0.3856
24585000,61,267.138,-21694.6,47.329,0.390067
24600000,53,234.826,-21679.8,60.4102,0.401267
24615000,50,208.171,-21702.6,49.3167,0.401933
24630000,56,240.783,-21661.7,50.6502,0.403533
24645000,54,241.939,-21656.6,52.3189,0.387867
24660000,49,219.545,-21686.9,49.6935,0.399858
24675000,56,230.684,-21687.2,55.5812,0.3969
24690000,42,177.44,-21699.3,52.4094,0.38924
24705000,52,221.775,-21687.9,51.6712,0.3924
24720000,56,227.381,-21695.1,50.1564,0.405033
24735000,53,236.833,-21678.4,54.2777,0.392967
24750000,64,283.782,-21683.3,49.0771,0.405733
24765000,59,262.921,-21682.7,68.678,0.411667
24780000,44,198.008,-21702,48.6325,0.396225
24795000,66,285.872,-21677.8,71.4886,0.403556
24810000,58,259.028,-21683.7,59.9548,0.415333
24825000,62,274.248,-21669.5,60.9444,0.391667
24840000,54,256.418,-21695.4,41.5339,0.411067
24855000,56,240.84,-21702.2,65.9963,0.402533
24870000,58,267.466,-21689.1,69.1064,0.412067
24885000,54,244.034,-21683.7,69.0811,0.393027
24900000,50,204.966,-21692.5,47.4525,0.403267
24915000,52,212.842,-21692.5,67.6073,0.3985
24930000,55,237.608,-21662.7,64.1812,0.387467
24945000,47,207.483,-21676.9,46.3579,0.376433
24960000,56,240.961,-21659.3,41.4581,0.403349
24975000,58,255.069,-21662,48.2031,0.388067
24990000,58,245.251,-21652.3,56.2896,0.391267
25005000,55,250.693,-21692.3,58.2209,0.401283
25020000,62,264.838,-21679.3,57.2525,0.389622
25035000,44,200.755,-21681.5,38.7403,0.3858
25050000,51,227.556,-21674.8,54.6458,0.382733
25065000,58,262.677,-21663.5,60.5958,0.3868
25080000,44,195.48,-21696,54.6174,0.392213
25095000,60,248.453,-21666.1,49.3595,0.405
25110000,38,165.934,-21663.8,33.9637,0.374933
25125000,60,270.455,-21689.6,56.5442,0.391978
25140000,74,329.54,-21646.1,73.4351,0.404
25155000,66,286.378,-21668.3,72.1558,0.410133
25170000,75,329.733,-21666.2,75.5251,0.400128
25185000,73,320.76,-21674.4,61.8679,0.423667
25200000,58,250.552,-21645.9,59.3409,0.416733
25215000,73,333.891,-21674.4,64.8579,0.409667
25230000,55,247.796,-21669.5,55.8794,0.402844
25245000,65,297.094,-21642,60.1085,0.407033
25260000,37,164.708,-21706.2,33.3089,0.404059
25275000,63,272.288,-21663.7,66.518,0.4008
25290000,71,300.354,-21674.1,70.627,0.396467
25305000,55,217.29,-21706.2,53.8766,0.386267
25320000,71,323.093,-21659.6,66.9809,0.414244
25335000,58,242.48,-21673.1,57.7327,0.404778
25350000,57,251.836,-21660.3,55.4213,0.400467
25365000,54,221.514,-21677.3,64.8323,0.389367
25380000,56,234.257,-21658.1,57.0356,0.395
25395000,51,198.314,-21670.4,50.4571,0.380333
25410000,40,160.63,-21727.4,25.7392,0.387867
25425000,42,184.828,-21695.6,44.1974,0.3814
25440000,39,168.664,-21679.8,47.3072,0.392067
25455000,51,235.612,-21698.2,53.6795,0.391676
25470000,46,203.577,-21660.9,57.8345,0.389233
25485000,45,196.229,-21684.6,35.424,0.386367
25500000,48,207.014,-21666.2,51.207,0.380033
25515000,54,248.339,-21698.5,72.5831,0.384133
25530000,50,197.844,-21663.2,53.7691,0.380267
25545000,36,155.508,-21703.7,44.927,0.385141
25560000,52,227.286,-21687.8,56.1002,0.37784
25575000,57,259.208,-21702.6,48.5698,0.3947
25590000,60,264.375,-21683.7,65.6626,0.3933
25605000,51,216.362,-21688.2,57.0996,0.395022
25620000,46,200.159,-21661.2,51.3247,0.3846
25635000,44,184.2,-21702.4,49.0928,0.3741
25650000,58,254.615,-21682.6,66.712,0.397093
25665000,38,163.567,-21692,42.6356,0.376089
25680000,46,202.058,-21714.9,47.534,0.395222
25695000,49,214.141,-21688.8,51.0473,0.400756
25710000,46,209.863,-21701.9,46.8312,0.3875
25725000,48,200.238,-21668.2,38.8252,0.394667
25740000,49,204.639,-21684.5,45.7263,0.396133
25755000,60,251.516,-21682.6,45.0453,0.399933
25770000,52,228.83,-21670.8,55.0346,0.39525
25785000,66,300.455,-21684.3,55.0948,0.4098
25800000,57,247.985,-21667.3,54.8001,0.4086
25815000,53,227.363,-21681.6,57.0182,0.401933
25830000,55,249.21,-21685.7,51.2359,0.404067
25845000,59,259.331,-21698.6,57.6357,0.40385
25860000,52,219.078,-21686,41.774,0.391846
25875000,52,219.67,-21689.1,61.9219,0.3986
25890000,40,184.383,-21713.1,34.1237,0.399733
25905000,44,194.916,-21730.3,39.0099,0.3836
25920000,46,204.553,-21686.2,56.5006,0.390811
25935000,57,257.519,-21703.5,68.9618,0.39495
25950000,72,317.331,-21660.5,66.8918,0.4067
25965000,65,278.063,-21662.1,56.5897,0.414067
25980000,82,349.186,-21615.1,99.1815,0.411267
25995000,75,342.688,-21634.1,74.1477,0.4114
26010000,68,301.125,-21650.2,64.2021,0.416
26025000,50,217.964,-21685.6,42.3443,0.397933
26040000,55,246.851,-21661.8,69.99,0.404387
26055000,61,265.978,-21638.3,53.5654,0.401
26070000,74,331.297,-21639.7,90.4053,0.410667
26085000,61,276.225,-21650.4,61.1701,0.397467
26100000,79,361.546,-21649.5,67.8646,0.414667
26115000,80,332.77,-21625.9,95.9751,0.4113
26130000,66,296.471,-21635.6,64.2777,0.412867
26145000,67,298.317,-21645.6,70.7238,0.408533
26160000,68,296.81,-21632.5,67.7865,0.397978
26175000,61,275.825,-21658.8,55.428,0.404267
26190000,64,275.34,-21661.4,72.4901,0.392067
26205000,59,257.211,-21644.5,61.7813,0.392333
26220000,69,291.089,-21665.5,71.6192,0.397733
26235000,69,293.486,-21640.9,59.222,0.404267
26250000,66,290.73,-21634.8,70.3745,0.393333
26265000,67,290.737,-21651.8,75.5723,0.392467
26280000,65,281.196,-21655.6,56.1377,0.392711
26295000,56,237.857,-21652.4,59.7798,0.401233
26310000,61,254.572,-21683,74.4277,0.4079
26325000,60,254.781,-21662.3,63.1128,0.399467
26340000,50,214.716,-21663.1,54.8922,0.389356
26355000,70,293.773,-21656,73.0876,0.400433
26370000,65,296.432,-21652.4,76.3714,0.398733
26385000,75,328.353,-21692.7,70.8524,0.4246
26400000,73,317.926,-21671.7,64.2691,0.408467
26415000,77,348.585,-21648.5,80.1296,0.4196
26430000,77,321.821,-21697.3,105.215,0.408533
26445000,60,267.497,-21680.9,47.9879,0.402236
26460000,61,249.759,-21666.5,58.8698,0.406956
26475000,71,300.451,-21675.9,69.5625,0.405867
26490000,57,263.378,-21669,69.2106,0.4034
26505000,66,275.784,-21653.3,60.1324,0.41
26520000,55,253.155,-21665.5,50.7005,0.397133
26535000,62,272.142,-21677.5,53.7157,0.395733
26550000,38,164.086,-21697.3,43.2326,0.395771
26565000,47,196.849,-21675.2,41.6445,0.3833
26580000,50,225.752,-21717.3,47.8668,0.401833
26595000,42,187.456,-21717.2,34.1098,0.395267
26610000,52,243.932,-21687.4,42.411,0.385956
26625000,54,252.902,-21695.7,66.0694,0.396563
26640000,59,264.58,-21648.5,44.9433,0.4057
26655000,64,262.842,-21639.5,79.3615,0.404333
26670000,53,235.228,-21684.5,56.135,0.40616
26685000,65,300.022,-21666.9,66.4085,0.398567
26700000,64,286.447,-21690.1,64.6663,0.4032
26715000,38,160.021,-21720.2,44.5021,0.399478
26730000,58,251.872,-21674.4,70.2122,0.402467
26745000,59,269.273,-21686.7,63.5708,0.3862
26760000,66,279.906,-21665.8,57.5285,0.3988
26775000,42,205.033,-21694.6,35.2228,0.403567
26790000,53,222.438,-21690.6,57.6621,0.400067
26805000,51,229.678,-21680.2,42.8833,0.399089
26820000,57,260.348,-21685.2,66.3129,0.4014
26835000,61,264.338,-21671.4,50.4133,0.394867
26850000,63,276.525,-21674,75.8205,0.405867
26865000,58,261.986,-21665.7,63.8483,0.402933
26880000,69,300.164,-21687.3,59.0487,0.416467
26895000,60,253.789,-21688.9,54.6982,0.408533
26910000,62,277.104,-21674.1,76.334,0.397425
26925000,59,267.961,-21681.2,45.6289,0.408867
26940000,47,202.504,-21713.5,53.8664,0.398933
26955000,46,187.121,-21682.6,52.9993,0.4016
26970000,62,270.219,-21664.1,67.8449,0.405467
26985000,52,236.861,-21683.4,49.3901,0.390467
27000000,49,216.441,-21685.9,46.4184,0.400467
27015000,52,229.939,-21684.3,57.5857,0.397533
27030000,45,201.878,-21702.3,46.7788,0.391867
27045000,50,215.626,-21680.8,47.8376,0.401363
27060000,49,205.024,-21681.4,56.3311,0.3666
27075000,49,226.01,-21672.4,57.2849,0.398283
27090000,57,267.415,-21659.9,52.6687,0.410333
27105000,62,270.229,-21669.5,64.2507,0.375373
27120000,56,237.485,-21678.4,49.4377,0.392933
27135000,44,188.27,-21690.5,38.4363,0.4042
27150000,42,170.152,-21694,42.5606,0.385467
27165000,41,178.692,-21701,48.0235,0.386733
27180000,57,239.867,-21680.4,58.3655,0.38715
27195000,46,198.77,-21677.5,41.0521,0.394067
27210000,52,223.555,-21678,46.8283,0.394733
27225000,67,298.666,-21670.4,73.5391,0.4092
27240000,64,291.756,-21684.5,59.7192,0.4138
27255000,55,228.556,-21719.7,62.2627,0.387267
27270000,55,238.813,-21699.4,51.5051,0.403667
27285000,60,265.711,-21684.7,59.4897,0.3976
27300000,68,320.376,-21723.8,78.9123,0.4178
27315000,45,188.855,-21692.6,35.4417,0.390347
27330000,49,223.407,-21696.4,55.8166,0.371067
27345000,47,213.664,-21694,41.5857,0.410133
27360000,47,206.36,-21706.1,46.1213,0.3886
27375000,52,235.423,-21711.6,51.0089,0.3916
27390000,53,230.311,-21712.9,45.9197,0.414867
27405000,62,270.613,-21685.3,60.7547,0.401933
27420000,57,239.755,-21677.7,48.6116,0.4082
27435000,55,246.596,-21678.6,46.9465,0.396933
27450000,57,257.905,-21682.3,63.0778,0.4032
27465000,66,292.256,-21672.2,59.7828,0.418
27480000,73,326.098,-21680.5,72.0752,0.418933
27495000,45,203.413,-21701.8,43.4459,0.389954
27510000,47,191.634,-21683.5,46.9468,0.401489
27525000,43,178.912,-21691.1,41.3454,0.4012
27540000,58,244.1,-21659.4,75.8697,0.387667
27555000,47,206.55,-21696.3,42.55,0.384333
27570000,72,319.194,-21658.8,78.1934,0.407067
27585000,70,283.382,-21683.7,79.837,0.406333
27600000,72,316.003,-21675.5,65.403,0.409133
27615000,62,283.077,-21679.7,79.0974,0.395325
27630000,69,283.576,-21662.7,62.7374,0.4075
27645000,55,243.723,-21685.9,59.2073,0.402033
27660000,58,249.799,-21672.9,54.1404,0.400167
27675000,52,236.38,-21681,43.5514,0.387667
27690000,61,264.9,-21687.5,65.2609,0.402733
27705000,48,217.185,-21686.7,47.214,0.4011
27720000,53,225.182,-21668.5,39.5068,0.3967
27735000,51,231.251,-21681.7,43.6612,0.388733
27750000,63,272.724,-21695.6,73.4417,0.400133
27765000,73,293.851,-21668.7,73.6849,0.414667
27780000,54,241.588,-21696.2,53.3291,0.382089
27795000,45,194.077,-21713.6,46.1726,0.384133
27810000,62,279.125,-21659.3,54.9175,0.403778
27825000,43,170.103,-21711.6,42.155,0.3948
27840000,66,287.242,-21690.2,66.3286,0.403572
27855000,61,268.371,-21653,73.3654,0.408733
27870000,47,214.967,-21712,60.6749,0.396267
27885000,53,233.799,-21663.9,57.4584,0.4054
27900000,77,328.412,-21651.6,75.5117,0.406067
27915000,72,316.85,-21644.6,62.0813,0.4118
27930000,53,229.542,-21681.1,55.7446,0.394333
27945000,44,181.306,-21698.9,47.394,0.403613
27960000,49,224.933,-21699.1,57.0427,0.385167
27975000,51,221.337,-21684.8,50.2731,0.379867
27990000,49,218.899,-21701.7,53.856,0.401778
28005000,48,206.535,-21694.6,50.8586,0.4004
28020000,58,241.919,-21680.5,53.1257,0.387267
28035000,61,256.309,-21676.2,64.0781,0.385617
28050000,58,252.92,-21684.5,54.7624,0.3998
28065000,52,226.386,-21685.2,61.609,0.399458
28080000,49,215.869,-21680.4,31.4356,0.385167
28095000,45,194.788,-21689.6,52.7016,0.378267
28110000,41,181.279,-21703.2,46.7815,0.380933
28125000,39,165.092,-21707.2,47.3382,0.394219
28140000,46,198.555,-21694.9,40.8291,0.3831
28155000,45,193.282,-21710.1,42.9446,0.376667
28170000,59,258.098,-21704.4,75.0437,0.387778
28185000,67,289.799,-21699.8,75.015,0.4052
28200000,58,260.628,-21669.3,69.0595,0.404667
28215000,51,221.578,-21708.1,41.8263,0.381813
28230000,47,206.404,-21673.9,36.4249,0.390433
28245000,46,211.218,-21705.2,33.8222,0.388067
28260000,46,205.58,-21698.3,51.2054,0.386733
28275000,46,199.743,-21688.5,41.0798,0.396267
28290000,54,233.593,-21683.3,49.7584,0.386378
28305000,63,280.981,-21690.3,69.991,0.401933
28320000,58,253.905,-21676.2,64.6637,0.393967
28335000,65,290.598,-21665,76.9013,0.405533
28350000,82,360.965,-21677.4,73.3564,0.403511
28365000,53,225.815,-21667,47.2061,0.393833
28380000,69,307.25,-21676,65.6578,0.416233
28395000,47,196.568,-21692.5,41.4134,0.402533
28410000,68,300.762,-21652.8,66.7989,0.389289
28425000,58,253.842,-21665.4,61.6459,0.408267
28440000,45,199.992,-21695.5,43.2259,0.393407
28455000,63,263.183,-21655,63.7971,0.396667
28470000,57,245.168,-21674.6,65.3295,0.393933
28485000,47,201.2,-21702.7,42.7452,0.390733
28500000,61,273.5,-21657.5,63.4186,0.3975
28515000,64,279.674,-21649.7,74.1869,0.4054
28530000,59,258.634,-21665.6,63.6146,0.401167
28545000,65,264.777,-21659.4,63.5352,0.4148
28560000,66,268.271,-21662.2,65.1482,0.422467
28575000,63,271.799,-21667.3,54.5244,0.4096
28590000,66,285.536,-21663.3,63.9614,0.426267
28605000,56,245.492,-21675.5,69.6311,0.395356
28620000,64,280.841,-21680.5,59.4112,0.406333
28635000,71,310.558,-21661.7,76.2977,0.410222
28650000,57,245.549,-21677.1,57.8383,0.411533
28665000,56,242.821,-21684.9,57.1466,0.401111
28680000,66,278.116,-21668,72.4024,0.406267
28695000,53,224.507,-21679.9,49.2338,0.4068
28710000,73,322.516,-21640.2,63.5752,0.399262
28725000,52,229.769,-21667.9,57.7024,0.400556
28740000,54,234.542,-21676.1,57.8396,0.405511
28755000,55,228.304,-21656.8,60.0837,0.403733
28770000,53,231.815,-21658.6,39.2907,0.398
28785000,61,285.611,-21671.7,69.8285,0.408533
28800000,47,209.12,-21662.4,52.2551,0.387933
28815000,65,285.631,-21639.2,73.0864,0.4036
28830000,58,248.783,-21656.4,63.8847,0.3912
28845000,42,181.598,-21668.3,49.1643,0.386489
28860000,61,250.774,-21646,59.1684,0.393633
28875000,64,277.512,-21637,61.3705,0.405867
28890000,61,258.666,-21659,71.1458,0.392689
28905000,51,220.568,-21672.9,41.4277,0.401267
28920000,58,237.845,-21654.6,55.2066,0.397311
28935000,50,220.318,-21665.1,54.3989,0.388633
28950000,55,244.04,-21678.6,70.9488,0.391333
28965000,50,216.615,-21678.4,34.864,0.396111
28980000,55,244.297,-21690,40.2199,0.400267
28995000,59,257.365,-21681.3,47.9501,0.4056
29010000,60,250.391,-21654.4,61.7733,0.424733
29025000,59,249.91,-21680.3,63.5112,0.402033
29040000,55,256.415,-21702.6,57.9204,0.4094
29055000,51,217.291,-21680,49.3608,0.4078
29070000,59,234.147,-21661.8,63.1536,0.399133
29085000,58,262.423,-21648.2,60.712,0.392111
29100000,72,318.806,-21660.3,76.7203,0.408733
29115000,66,292.637,-21633.8,78.097,0.400767
29130000,59,256.754,-21657.1,59.1835,0.399967
29145000,68,305.558,-21648.6,81.4795,0.403533
29160000,64,286.12,-21633,53.2096,0.3982
29175000,62,265.071,-21654.3,51.4742,0.4092
29190000,49,221.96,-21670.9,41.691,0.40708
29205000,60,268.244,-21646.7,62.0312,0.398
29220000,53,226.208,-21651.1,40.116,0.404667
29235000,63,283.946,-21652.4,57.2808,0.398333
29250000,55,244.879,-21665.5,52.4954,0.407067
29265000,48,216.335,-21685.2,45.7629,0.386267
29280000,52,243.107,-21679.6,55.5128,0.395733
29295000,49,226.883,-21696.8,49.349,0.390239
29310000,51,214.373,-21675,50.7545,0.393708
29325000,60,254.154,-21669.8,72.4106,0.400067
29340000,61,269.265,-21667.6,57.1045,0.405267
29355000,60,264.287,-21670.7,47.9095,0.3954
29370000,61,263.096,-21681,52.2499,0.395933
29385000,46,190.821,-21708.1,45.1573,0.398411
29400000,61,276.428,-21674.5,68.0106,0.402
29415000,58,244.301,-21645.1,61.418,0.400067
29430000,50,206.866,-21659.3,53.6082,0.393333
29445000,59,253.22,-21637.6,54.7315,0.388467
29460000,44,191.819,-21696.9,45.3766,0.397653
29475000,63,278.994,-21675.1,61.0187,0.397333
29490000,47,203.117,-21667.4,46.9568,0.3878
29505000,54,220.644,-21670.3,43.0789,0.399462
29520000,46,202.518,-21680.9,44.1011,0.379333
29535000,55,249.21,-21681.7,53.8732,0.4032
29550000,55,238.665,-21691.8,54.0737,0.399067
29565000,46,191.185,-21705,29.8498,0.392571
29580000,52,224.264,-21666.7,43.3166,0.384067
29595000,57,237.742,-21676.1,51.8371,0.4016
29610000,57,251.011,-21699.8,47.7,0.3808
29625000,71,315.467,-21684.9,63.0587,0.390505
29640000,74,332.894,-21674.4,64.3443,0.4106
29655000,62,281.683,-21640.4,53.875,0.401517
29670000,56,259.173,-21665.9,58.6272,0.401933
29685000,61,260.905,-21682.9,58.1229,0.3944
29700000,55,240.599,-21683.2,43.4633,0.395189
29715000,42,186.368,-21694.8,43.953,0.404387
29730000,38,164.494,-21694.4,32.3251,0.3744
29745000,52,226.365,-21642.1,52.96,0.384133
29760000,40,183.469,-21675.8,45.8586,0.373767
29775000,71,310.991,-21654.7,75.908,0.3914
29790000,61,249.997,-21646.2,65.2065,0.3964
29805000,44,188.865,-21660.7,52.6044,0.383956
29820000,48,199.768,-21690.2,40.1555,0.382522
29835000,56,245.893,-21670.2,67.7817,0.3887
29850000,59,262.718,-21661.9,48.4242,0.403933
29865000,62,272.742,-21660.1,51.6196,0.402933
29880000,64,283.659,-21692.2,83.4311,0.392133
29895000,58,270.607,-21667.5,64.9124,0.398707
29910000,67,299.894,-21682.7,54.9523,0.399833
29925000,67,299.468,-21648,56.6699,0.400467
29940000,67,296.349,-21650.8,61.8881,0.401867
29955000,61,262.741,-21659.2,69.9737,0.4046
29970000,69,302.231,-21639.4,64.5368,0.3951
29985000,71,303.85,-21674.7,81.2006,0.403278
