generation,N_shifts,logPrior,logLik,eventRate,acceptRate
0,0,0.641453,-24252.9,100,0
15000,0,1.07156,-22138,1.99086,0.15059
30000,3,14.5697,-22111.4,4.74762,0.1795
45000,2,10.5289,-22105.4,1.48667,0.254733
60000,2,10.3989,-22097.6,1.49346,0.2628
75000,3,9.4568,-22062.9,2.67629,0.241543
90000,2,10.099,-22101,5.47936,0.3233
105000,3,9.90168,-22067.5,3.79114,0.2884
120000,3,11.0258,-22093.8,2.8999,0.322233
135000,6,22.9607,-22010.3,7.59198,0.280567
150000,9,37.2319,-21966.6,5.72694,0.299
165000,7,25.3649,-21954.2,6.05459,0.330467
180000,4,15.4099,-22050.4,7.96592,0.316093
195000,16,61.7214,-21923.2,15.0045,0.3338
210000,19,86.6557,-21875.2,15.1382,0.342467
225000,28,126.485,-21834.2,32.8661,0.368533
240000,40,176.594,-21815.5,50.4297,0.390867
255000,41,158.233,-21818,42.9178,0.406267
270000,29,130.86,-21838.8,24.6244,0.390333
285000,31,138.654,-21816.3,25.3941,0.388467
300000,34,154.92,-21809.5,34.4676,0.403733
315000,38,169.098,-21795.8,35.3917,0.3926
330000,16,65.2624,-21894,15.7699,0.321167
345000,38,156.191,-21798,49.8243,0.3923
360000,35,160.007,-21790.1,39.024,0.381867
375000,46,203.329,-21785.8,38.6348,0.3892
390000,17,67.571,-21882.3,17.2366,0.322583
405000,37,160.581,-21767.9,47.7694,0.379867
420000,33,150.028,-21771.1,29.8251,0.3586
435000,39,178.192,-21772,46.5989,0.370333
450000,35,152.162,-21776,37.058,0.383333
465000,43,197.265,-21782.2,36.4302,0.391
480000,49,219.778,-21758,37.4079,0.4112
495000,18,75.9758,-21897.3,13.3941,0.314053
510000,34,146.986,-21768.2,34.3038,0.383533
525000,30,133.551,-21800,37.4512,0.380867
540000,40,168.264,-21797.6,46.2854,0.355887
555000,42,186.652,-21764.6,46.4198,0.383167
570000,48,204.559,-21771.7,53.0789,0.4075
585000,45,190.942,-21781.7,47.2834,0.402067
600000,47,207.376,-21776.6,44.2061,0.387267
615000,46,203.734,-21753,46.3463,0.390333
630000,53,247.955,-21767.9,60.6477,0.400733
645000,46,208.292,-21769.1,45.1877,0.3986
660000,52,234.55,-21764.1,41.3187,0.380873
675000,51,220.056,-21751.2,40.718,0.395211
690000,56,244.505,-21756.9,67.1169,0.402444
705000,58,256.595,-21758.6,53.2969,0.417733
720000,47,209.466,-21743.5,48.5869,0.389067
735000,47,199.593,-21753.3,50.9506,0.3896
750000,46,204.934,-21760.7,40.0227,0.393533
765000,51,215.94,-21746.1,49.9554,0.392467
780000,46,202.486,-21750,51.0674,0.385
795000,49,216.345,-21765.2,48.0889,0.397267
810000,59,257.502,-21749.7,67.5284,0.394
825000,47,213.056,-21724.8,38.4366,0.393233
840000,38,182.545,-21761.4,46.9301,0.376933
855000,40,173.821,-21755.4,40.1274,0.371467
870000,42,190.952,-21759.7,35.6776,0.3924
885000,46,196.416,-21751.7,48.9243,0.376453
900000,64,278.777,-21760.7,68.6375,0.3952
915000,46,199.807,-21772.6,49.1712,0.3841
930000,58,237.603,-21740.5,52.1329,0.405233
945000,55,243.015,-21722.9,37.555,0.3978
960000,49,225.016,-21753.8,50.751,0.4038
975000,50,218.767,-21734.7,49.6907,0.3822
990000,46,209.005,-21730.2,51.1329,0.386267
1005000,47,209.518,-21782,42.9796,0.377012
1020000,36,154.181,-21768.9,39.6206,0.3836
1035000,57,259.873,-21730.2,58.2801,0.395733
1050000,36,149.724,-21773.5,38.8182,0.3817
1065000,49,217.222,-21736.6,57.6503,0.387533
1080000,32,130.764,-21787.4,38.7094,0.376367
1095000,31,137.464,-21790.3,32.0892,0.360067
1110000,40,189.554,-21808.2,42.519,0.38
1125000,38,176.502,-21783.1,35.3598,0.375783
1140000,28,122.919,-21802.2,25.269,0.373133
1155000,40,159.185,-21781.8,48.1388,0.371222
1170000,31,128.523,-21785,37.0063,0.366733
1185000,38,173.86,-21780.3,38.8192,0.387987
1200000,36,147.827,-21789.7,34.7199,0.362667
1215000,34,142.797,-21789.5,31.1389,0.371933
1230000,36,156.818,-21760.9,41.4923,0.371867
1245000,38,158.189,-21788.3,41.7533,0.3723
1260000,47,202.32,-21751,43.9998,0.379367
1275000,48,204.356,-21769.9,51.4621,0.413133
1290000,48,192.984,-21762.2,48.1446,0.400467
1305000,36,157.201,-21777.3,28.246,0.382267
1320000,49,216.752,-21772.8,50.4992,0.38184
1335000,47,207.999,-21735.2,50.9377,0.378427
1350000,55,248.823,-21754.8,54.8612,0.400667
1365000,63,293.225,-21752.6,63.9811,0.404067
1380000,69,311.903,-21724.4,79.0169,0.402978
1395000,54,237.965,-21729,53.2878,0.3924
1410000,57,254.882,-21720.7,60.6953,0.399378
1425000,74,342.076,-21725.4,76.2256,0.397767
1440000,68,292.391,-21716,70.606,0.400267
1455000,73,331.856,-21712.1,75.9635,0.392133
1470000,38,163.671,-21785.1,31.3428,0.388273
1485000,83,349.305,-21689.3,97.0525,0.397433
1500000,88,359.676,-21681.9,76.7997,0.408667
1515000,77,289.891,-21700.4,90.6335,0.406867
1530000,71,307.04,-21703.5,75.2227,0.410267
1545000,80,353.065,-21706.7,67.396,0.411
1560000,90,388.382,-21691.4,87.4753,0.433267
1575000,81,358.791,-21709.2,78.1357,0.427667
1590000,77,338.559,-21712.2,74.4615,0.415067
1605000,70,313.468,-21697.4,81.8103,0.411667
1620000,66,302.029,-21718.7,62.4289,0.407733
1635000,67,290.5,-21716.9,60.5589,0.400733
1650000,69,307.99,-21720.2,54.8848,0.4168
1665000,67,301.578,-21701.9,54.3259,0.4058
1680000,67,298.32,-21713.7,69.4473,0.403667
1695000,68,311.575,-21704.3,71.4545,0.39893
1710000,72,324.733,-21710.5,106.454,0.404133
1725000,69,295.655,-21692.4,64.818,0.407133
1740000,71,318.494,-21701.3,74.1016,0.406883
1755000,88,363.154,-21680.6,78.555,0.394833
1770000,87,375.639,-21688.7,68.3772,0.416267
1785000,73,311.715,-21687.6,60.3014,0.401156
1800000,74,323.811,-21690.7,66.2401,0.402533
1815000,47,207.805,-21755.1,52.5844,0.384835
1830000,64,286.482,-21702.2,70.3081,0.409133
1845000,71,324.64,-21669.4,78.8042,0.399067
1860000,62,267.45,-21719.7,69.4593,0.394933
1875000,55,246.425,-21689.2,46.286,0.3918
1890000,63,267.682,-21705,60.2591,0.390667
1905000,78,342.587,-21691.8,73.3613,0.404567
1920000,75,325.248,-21672.9,78.1869,0.397933
1935000,59,251.131,-21684.2,62.6326,0.392111
1950000,46,190.668,-21712.7,55.9233,0.395267
1965000,65,289.272,-21700.6,68.2006,0.387267
1980000,65,282.849,-21705.7,67.8084,0.3806
1995000,69,303.505,-21701.3,65.0578,0.393667
2010000,65,301.717,-21721.2,71.3775,0.391
2025000,52,233.551,-21731.1,44.7505,0.388933
2040000,45,191.326,-21722.4,43.661,0.3832
2055000,65,264.883,-21742.4,60.931,0.383844
2070000,67,281.325,-21742.9,72.2972,0.393867
2085000,67,292.909,-21709,59.9635,0.405333
2100000,46,202.63,-21756.3,53.1039,0.382884
2115000,52,220.547,-21736.5,55.7773,0.39092
2130000,46,208.788,-21743.6,46.5229,0.390533
2145000,62,278.3,-21746.3,66.6106,0.40145
2160000,51,223.669,-21754.6,54.9696,0.410533
2175000,58,252.07,-21739.3,68.9564,0.398422
2190000,52,235.27,-21709.7,47.0196,0.3986
2205000,71,299.416,-21715.9,60.3763,0.3944
2220000,72,300.253,-21712.7,80.2341,0.4094
2235000,72,313.78,-21700.6,65.456,0.398
2250000,57,237.266,-21719.9,57.7743,0.389667
2265000,68,280.838,-21706.3,74.1625,0.398733
2280000,71,312.487,-21682.1,90.4023,0.411467
2295000,64,289.386,-21686.6,51.3846,0.4152
2310000,76,331.344,-21679.2,103.844,0.398067
2325000,72,312.527,-21689.5,61.2938,0.396
2340000,83,362.336,-21685.7,85.0536,0.408133
2355000,68,302.03,-21684.8,79.0496,0.405267
2370000,42,199.092,-21782.4,37.8377,0.392856
2385000,60,255.159,-21697.1,70.1956,0.396167
2400000,58,250.96,-21698.8,58.3417,0.3886
2415000,80,344.547,-21721.1,80.2331,0.401133
2430000,70,310.973,-21690,96.9816,0.401667
2445000,69,289.684,-21678.4,72.364,0.400133
2460000,60,257.625,-21672.4,60.7585,0.390467
2475000,52,215.178,-21749.8,50.3612,0.389441
2490000,65,277.575,-21709,60.0182,0.393667
2505000,66,293.489,-21686.1,64.9248,0.3968
2520000,65,277.967,-21680.3,61.9048,0.3854
2535000,53,220.948,-21695.6,58.3679,0.3852
2550000,51,222.941,-21732.5,49.4807,0.392813
2565000,67,293.994,-21665.7,66.7455,0.3872
2580000,51,208.247,-21716.9,75.0987,0.396567
2595000,78,334.309,-21657.8,77.3606,0.404233
2610000,89,387.814,-21671.1,82.9086,0.406133
2625000,50,220.585,-21726.1,54.8004,0.389356
2640000,80,344.276,-21664.4,95.7995,0.4131
2655000,74,325.101,-21669.2,75.4523,0.404
2670000,75,328.653,-21682.6,87.3159,0.398133
2685000,68,305.016,-21686.8,74.8724,0.410067
2700000,63,264.12,-21684.5,62.674,0.384733
2715000,80,351.613,-21658.9,83.5955,0.398067
2730000,71,307.944,-21659,81.1645,0.404133
2745000,57,248.293,-21733.5,58.0381,0.383025
2760000,80,352.398,-21674.8,69.543,0.3995
2775000,48,199.992,-21731,44.3355,0.392353
2790000,56,241.834,-21719.8,62.482,0.379933
2805000,77,325.546,-21642.7,83.8174,0.403111
2820000,70,294.151,-21670.5,50.1039,0.398867
2835000,68,297.051,-21655.9,70.8591,0.387533
2850000,49,222.745,-21724.9,58.8411,0.391367
2865000,51,203.616,-21724.9,60.5836,0.366467
2880000,77,339.191,-21680.6,70.8988,0.396444
2895000,83,360.264,-21656.1,83.2394,0.395867
2910000,68,292.792,-21686.5,84.4002,0.398733
2925000,52,225.82,-21722.2,41.2679,0.391356
2940000,84,359.765,-21689.5,97.0629,0.3894
2955000,64,283.206,-21710.6,71.1909,0.405567
2970000,74,322.562,-21699.4,80.3417,0.408333
2985000,58,258.121,-21742.7,59.0997,0.3981
3000000,56,228.453,-21748.7,65.2756,0.4116
3015000,61,256.254,-21718.8,52.8069,0.400889
3030000,60,261.783,-21701.6,71.4105,0.3934
3045000,73,338.402,-21693.4,68.9235,0.4086
3060000,53,246.25,-21728.3,64.5645,0.380817
3075000,53,235.415,-21724.5,47.4369,0.383267
3090000,81,361.608,-21711.8,84.1202,0.404622
3105000,58,258.806,-21716.3,54.9432,0.4094
3120000,74,317.617,-21704,79.2334,0.410767
3135000,76,319.299,-21672.1,60.9002,0.412667
3150000,73,317.004,-21717.5,78.0506,0.418867
3165000,69,287.467,-21704,64.5299,0.417667
3180000,39,160.998,-21738.6,35.8438,0.387562
3195000,60,264.698,-21705.7,60.1015,0.390333
3210000,59,250.522,-21727.9,53.4724,0.392829
3225000,60,238.069,-21704.1,70.8109,0.391967
3240000,40,181.392,-21749.8,46.1595,0.376167
3255000,66,284.959,-21706.3,68.0547,0.395
3270000,41,188.379,-21741.6,41.4757,0.380667
3285000,55,247.631,-21704.1,59.5657,0.3921
3300000,48,200.7,-21729.4,47.9389,0.3852
3315000,54,220.934,-21718.6,44.3764,0.379933
3330000,43,190.367,-21741.8,49.5562,0.385417
3345000,55,217.784,-21729.5,53.1365,0.397733
3360000,59,265.173,-21707.7,59.4037,0.3928
3375000,65,293.037,-21707.4,57.1333,0.407067
3390000,63,301.234,-21718.5,61.4721,0.399067
3405000,60,284.878,-21714,56.1745,0.4018
3420000,61,262.653,-21711.4,55.8882,0.402133
3435000,36,162.823,-21748.5,30.485,0.38141
3450000,35,141.098,-21766.2,38.7704,0.372467
3465000,52,238.282,-21733.8,37.0914,0.375596
3480000,51,227.522,-21733.3,47.6384,0.398717
3495000,60,268.299,-21729.7,59.2079,0.400833
3510000,60,267.125,-21727.2,56.9752,0.391933
3525000,70,303.09,-21716.7,77.8801,0.403533
3540000,58,249.436,-21714.9,41.8064,0.393667
3555000,62,269.753,-21727.7,61.3807,0.407433
3570000,56,241.345,-21718.4,59.3754,0.389
3585000,68,323.241,-21702.3,76.6016,0.395733
3600000,52,224.843,-21721.3,56.7302,0.382233
3615000,76,341.366,-21680.8,72.4071,0.410367
3630000,94,406.548,-21679.7,90.6258,0.411067
3645000,82,361.095,-21670.3,75.3665,0.416
3660000,86,385.213,-21678.6,89.6206,0.421
3675000,71,310.597,-21694.4,70.4705,0.403333
3690000,62,257.242,-21695.4,65.0658,0.4004
3705000,69,280.087,-21690.1,64.1212,0.3984
3720000,73,302.756,-21690.1,76.6729,0.414
3735000,72,304.289,-21718.9,68.026,0.404283
3750000,60,248.861,-21727.6,63.5009,0.403
3765000,53,227.593,-21744.6,55.1732,0.397533
3780000,46,208.585,-21725.4,52.2602,0.3835
3795000,50,194.033,-21731.4,56.6558,0.4023
3810000,52,221.01,-21715.6,36.7779,0.393667
3825000,54,245.683,-21722.7,64.7225,0.383267
3840000,52,236.581,-21721.2,62.0267,0.392867
3855000,40,168.049,-21722.1,48.2759,0.3694
3870000,45,184.483,-21730.5,58.2978,0.380289
3885000,53,232.854,-21725.7,54.0453,0.392291
3900000,61,274.487,-21727.7,65.7824,0.390333
3915000,54,237.41,-21695.6,58.6958,0.388
3930000,57,244.677,-21718.5,46.563,0.372567
3945000,60,267.477,-21702.7,64.7591,0.389133
3960000,54,242.51,-21714.8,55.9226,0.387419
3975000,58,258.839,-21719,68.287,0.397567
3990000,58,248.47,-21732.9,67.5293,0.3819
4005000,42,185.184,-21742.5,33.0101,0.378133
4020000,47,205.556,-21731.1,41.7645,0.388533
4035000,49,205.883,-21716.9,40.6226,0.372467
4050000,42,188.584,-21728,38.7987,0.370667
4065000,55,240.881,-21731,49.3981,0.397289
4080000,51,238.004,-21711,55.5746,0.3678
4095000,58,268.589,-21709.6,63.666,0.401533
4110000,60,271.728,-21709.9,65.3784,0.385917
4125000,56,258.917,-21700,65.829,0.388467
4140000,63,292.917,-21706,66.5795,0.388467
4155000,79,348.574,-21692.9,74.6575,0.398133
4170000,63,279.281,-21685.5,63.5681,0.404933
4185000,47,203.508,-21737.8,38.7484,0.399844
4200000,57,243.192,-21685.9,57.775,0.3888
4215000,63,280.717,-21695,69.5019,0.387667
4230000,62,278.919,-21717.3,63.7542,0.376587
4245000,62,271.985,-21709.9,64.4107,0.3897
4260000,55,244.247,-21710.4,53.0142,0.3948
4275000,57,255.98,-21702,66.3134,0.388344
4290000,55,235.778,-21730.7,47.8821,0.3812
4305000,42,188.68,-21727.7,47.284,0.374053
4320000,47,215.307,-21720.7,50.2162,0.378433
4335000,49,221.125,-21728.3,47.3122,0.3792
4350000,56,239.854,-21725.5,60.475,0.398947
4365000,56,251.174,-21704.1,63.8368,0.375867
4380000,56,250.443,-21707.9,68.2393,0.3962
4395000,55,239.762,-21688.3,53.2584,0.385067
4410000,56,234.798,-21712.1,59.4799,0.378648
4425000,46,206.911,-21721.5,60.1466,0.378844
4440000,55,238.536,-21676.1,45.4381,0.378
4455000,71,325.248,-21703.4,71.5809,0.3964
4470000,65,296.231,-21680.8,63.184,0.402333
4485000,66,292.392,-21690.4,69.4715,0.4024
4500000,70,299.297,-21700.5,65.1135,0.395867
4515000,50,225.867,-21717.3,51.5978,0.3883
4530000,70,296.501,-21704.4,66.3061,0.390033
4545000,72,328.755,-21689.2,66.313,0.383413
4560000,73,322.922,-21686.6,79.2005,0.4022
4575000,69,299.402,-21672.5,74.5272,0.394333
4590000,68,296.925,-21668.4,60.4686,0.3976
4605000,68,305.883,-21678.7,70.4708,0.393733
4620000,65,288.225,-21680.3,58.6409,0.402267
4635000,65,275.387,-21724.5,69.2914,0.409352
4650000,64,298.612,-21701.3,68.9643,0.402133
4665000,83,374.32,-21657.6,89.1201,0.400022
4680000,80,362.042,-21685.2,97.9174,0.409467
4695000,52,227.558,-21703.8,49.3319,0.398778
4710000,76,336.429,-21697.6,73.7613,0.404333
4725000,76,338.383,-21713.9,83.3696,0.414867
4740000,39,167.234,-21746.7,38.6316,0.384516
4755000,47,216.676,-21695.8,52.4592,0.3989
4770000,55,242.535,-21692,47.223,0.3726
4785000,68,293.092,-21702.2,73.14,0.382133
4800000,80,354.014,-21699.1,71.1857,0.3954
4815000,72,316.445,-21712.7,66.7118,0.3986
4830000,49,228.381,-21781,56.6786,0.379356
4845000,88,395.888,-21694.9,79.9624,0.415633
4860000,93,409.158,-21694.2,104.022,0.426667
4875000,71,310.879,-21684.6,59.8031,0.389744
4890000,81,357.595,-21666.7,80.0488,0.411267
4905000,32,144.83,-21775.6,28.5893,0.40496
4920000,70,309.796,-21676.3,63.7603,0.4047
4935000,61,259.842,-21731.9,60.0708,0.389217
4950000,68,299.226,-21679.7,76.137,0.395267
4965000,55,244.925,-21725.6,62.8135,0.382767
4980000,75,301.383,-21660.2,81.8193,0.392633
4995000,83,348.29,-21664.7,75.5412,0.400933
5010000,70,308.779,-21668.6,75.8825,0.395556
5025000,73,327.979,-21679.2,71.5022,0.3908
5040000,67,295.84,-21675,59.1928,0.404844
5055000,71,320.2,-21684,76.0019,0.390367
5070000,72,309.775,-21688.5,67.446,0.406667
5085000,68,302.943,-21688.9,63.5596,0.415867
5100000,58,245.335,-21689.4,57.1525,0.405767
5115000,60,258.996,-21701.6,59.0158,0.389
5130000,75,311.654,-21689.8,75.8898,0.402533
5145000,70,287.694,-21677.2,67.5455,0.3978
5160000,59,260.033,-21682.7,66.5179,0.3824
5175000,60,252.332,-21687.7,64.4724,0.378667
5190000,59,266.603,-21705.6,48.0474,0.383767
5205000,59,253.204,-21684.3,59.2088,0.3961
5220000,54,227.525,-21702.2,43.2989,0.379067
5235000,61,255.596,-21701.5,53.009,0.386667
5250000,85,359.098,-21677.4,94.324,0.405467
5265000,78,338.854,-21677.5,77.1477,0.395667
5280000,75,343.978,-21682.2,74.3106,0.393467
5295000,58,257.097,-21730.8,59.5145,0.385
5310000,76,340.205,-21676.7,90.29,0.3949
5325000,70,312.167,-21701.4,65.0354,0.4048
5340000,59,252.232,-21694.9,65.4053,0.3946
5355000,76,338.07,-21718.1,73.9579,0.38917
5370000,69,301.518,-21704.1,81.1867,0.391733
5385000,44,188.304,-21767.5,33.8685,0.389778
5400000,69,290.078,-21665.8,65.1329,0.399356
5415000,56,232.283,-21710.5,58.271,0.394467
5430000,65,294.423,-21669.2,61.4902,0.389733
5445000,75,312.82,-21707.6,64.1217,0.395667
5460000,61,278.465,-21699.6,71.3315,0.385622
5475000,73,334.031,-21681.6,79.7438,0.405233
5490000,57,270.125,-21695.9,54.3541,0.377867
5505000,68,302.187,-21672.8,70.3091,0.396433
5520000,61,258.159,-21683.4,65.1616,0.392
5535000,66,282.194,-21690.6,80.3744,0.391733
5550000,69,312.023,-21674.2,65.8644,0.396067
5565000,69,296.357,-21667.5,60.3247,0.380067
5580000,67,300.246,-21708.7,51.5017,0.381
5595000,81,355.372,-21684.8,82.5253,0.392667
5610000,73,311.678,-21674.1,94.0921,0.407467
5625000,61,244.022,-21669.4,66.5352,0.382733
5640000,80,348.296,-21676.7,106.472,0.3988
5655000,64,304.076,-21690.4,61.8537,0.396587
5670000,42,182.599,-21750.9,36.6576,0.384389
5685000,77,357.014,-21666.8,61.1622,0.386867
5700000,64,272.436,-21702.5,82.3699,0.394617
5715000,63,274.415,-21685.7,57.3834,0.397933
5730000,57,269.937,-21695,62.6007,0.385733
5745000,68,285.288,-21669.5,66.0125,0.391617
5760000,69,311.516,-21672,62.9985,0.396067
5775000,78,347.122,-21652.4,78.142,0.398667
5790000,62,280.509,-21683.9,56.2954,0.382867
5805000,57,245.122,-21679.9,59.369,0.391427
5820000,71,329.719,-21685.3,85.4516,0.397067
5835000,62,256.302,-21703.5,66.2859,0.395
5850000,67,292.907,-21679.9,64.3736,0.384883
5865000,65,286.57,-21689.1,62.4714,0.393167
5880000,66,293.757,-21672.2,68.3571,0.390333
5895000,68,302.125,-21685,68.6645,0.3836
5910000,56,234.077,-21724,54.5236,0.393089
5925000,80,364.313,-21682.1,81.4943,0.397067
5940000,41,191.336,-21780.2,35.9937,0.388096
5955000,87,359.569,-21675.1,115.18,0.409533
5970000,93,419.538,-21700,90.2722,0.415
5985000,69,299.957,-21717.2,63.3595,0.395267
6000000,46,201.608,-21737.4,47.7931,0.398
6015000,59,264.357,-21691,59.1004,0.401378
6030000,58,241.855,-21714.6,62.1813,0.3878
6045000,62,271.13,-21723.5,57.4563,0.392417
6060000,76,327.427,-21715.4,69.508,0.397267
6075000,85,366.205,-21708.3,74.1498,0.424667
6090000,57,241,-21694.9,57.4601,0.411267
6105000,55,238.323,-21689.3,59.6811,0.38708
6120000,64,278.203,-21706.2,62.2987,0.3878
6135000,59,257.311,-21726.1,55.8118,0.395933
6150000,53,230.733,-21753.7,56.6303,0.38646
6165000,54,252.127,-21722.6,56.8035,0.388633
6180000,38,174.314,-21736.8,34.5521,0.3919
6195000,64,268.987,-21707.1,61.5454,0.388133
6210000,60,249.137,-21724.2,45.5372,0.380567
6225000,77,355.835,-21680.1,79.8008,0.392467
6240000,58,245.074,-21702.1,65.9897,0.381
6255000,67,285.314,-21687.2,75.289,0.389633
6270000,49,213.455,-21750.8,45.7982,0.387611
6285000,72,303.958,-21696,76.1355,0.3914
6300000,55,237.803,-21708,50.8749,0.409067
6315000,77,326.151,-21672,75.7812,0.38064
6330000,71,303.317,-21707.8,83.5647,0.396133
6345000,70,318.544,-21687.6,91.9171,0.405333
6360000,66,302.417,-21686.9,65.791,0.397933
6375000,60,260.887,-21684.2,61.5274,0.377867
6390000,63,270.241,-21686.8,72.6649,0.379733
6405000,64,277.133,-21722,67.6629,0.395124
6420000,68,295.714,-21697.5,73.3179,0.401167
6435000,51,215.196,-21726.5,48.857,0.394433
6450000,55,234.069,-21721.7,53.6435,0.3864
6465000,68,294.781,-21704.9,57.8873,0.404133
6480000,61,267.607,-21729.2,57.1075,0.399071
6495000,77,335.563,-21689.4,79.4787,0.410733
6510000,66,288.145,-21695.3,62.0845,0.393178
6525000,67,298.895,-21685.1,64.6608,0.400867
6540000,63,280.48,-21723.6,60.3595,0.395933
6555000,63,279.3,-21684.3,66.1038,0.3986
6570000,65,279.561,-21693.3,58.1301,0.3932
6585000,69,304.413,-21678.7,86.8985,0.395967
6600000,59,264.662,-21672,47.2318,0.399333
6615000,70,301.316,-21655.9,71.2835,0.381067
6630000,77,329.374,-21661.6,73.9133,0.403467
6645000,70,318.453,-21659.4,91.9164,0.402333
6660000,54,230.926,-21698.8,60.9968,0.388611
6675000,63,274.742,-21657.6,62.9112,0.3825
6690000,65,275.819,-21669.3,64.1165,0.3886
6705000,64,260.935,-21691.9,63.0329,0.3792
6720000,69,282.666,-21697.7,77.5204,0.390933
6735000,70,311.696,-21679.3,83.2427,0.404067
6750000,58,252.361,-21719.3,47.6499,0.400667
6765000,54,245.063,-21712.9,54.7508,0.388567
6780000,55,237.779,-21716.4,56.3386,0.396367
6795000,62,260.681,-21700.2,51.2095,0.392667
6810000,55,227.916,-21719.7,61.2327,0.393524
6825000,57,243.308,-21699.3,50.9915,0.398289
6840000,53,231.933,-21723.8,70.9694,0.383867
6855000,51,214.907,-21725.8,61.6186,0.379533
6870000,53,222.43,-21719,47.7997,0.385667
6885000,44,198.612,-21748.5,41.2656,0.38408
6900000,49,210.009,-21717.3,48.4279,0.389324
6915000,64,272.082,-21726.1,60.9793,0.3988
6930000,59,246.485,-21705,55.7025,0.405533
6945000,60,247.063,-21726,52.6155,0.396173
6960000,67,303.929,-21698.4,59.2341,0.394767
6975000,79,350.333,-21693.7,70.6233,0.400933
6990000,44,194.553,-21745.1,47.3479,0.383124
7005000,60,258.387,-21695.8,63.847,0.4023
7020000,68,290.76,-21683.8,63.2405,0.3982
7035000,41,172.552,-21763.2,34.3975,0.389889
7050000,74,321.813,-21685,75.723,0.393233
7065000,72,326.082,-21677.3,73.0608,0.402133
7080000,84,353.524,-21705.3,92.1085,0.408533
7095000,79,334.528,-21671.3,87.3727,0.411467
7110000,64,275.853,-21684.4,63.585,0.405467
7125000,59,263.768,-21701.1,47.7748,0.392933
7140000,71,310.424,-21687.8,74.2795,0.392067
7155000,77,341.877,-21682.2,64.6185,0.402533
7170000,82,375.112,-21663.1,76.9419,0.3964
7185000,92,401.298,-21664.2,100.155,0.411067
7200000,75,331.623,-21675,60.6457,0.405067
7215000,75,342.112,-21669.7,80.0711,0.396133
7230000,72,314.534,-21680.5,85.4758,0.3998
7245000,67,301.534,-21701.4,59.7648,0.399741
7260000,71,302.472,-21672.1,66.9707,0.3972
7275000,66,302.118,-21679.7,64.66,0.387467
7290000,61,272.165,-21714.9,66.7424,0.389059
7305000,55,239.389,-21717.1,58.4274,0.3842
7320000,61,278.346,-21718.2,57.1427,0.390827
7335000,65,275.157,-21703.7,64.7512,0.394933
7350000,58,244.043,-21702.2,72.6082,0.403267
7365000,67,281.509,-21714.9,69.9213,0.396933
7380000,69,300.816,-21702.5,84.1881,0.3964
7395000,64,283.423,-21697.9,70.4714,0.3878
7410000,49,216.882,-21737.1,42.4472,0.398267
7425000,73,326.931,-21678,62.7336,0.3967
7440000,82,368.129,-21698.1,72.7833,0.4114
7455000,70,310.679,-21684.6,64.5583,0.396333
7470000,61,279.576,-21689.3,63.2465,0.4082
7485000,72,312.804,-21680,68.2816,0.4024
7500000,46,207.751,-21724.7,46.8038,0.3923
7515000,53,234.244,-21682.5,45.7907,0.384367
7530000,63,260.94,-21731.6,51.3198,0.392325
7545000,63,278.359,-21712.8,61.3008,0.4046
7560000,58,250.692,-21718.9,59.1774,0.399133
7575000,55,227.698,-21713.6,58.8903,0.38008
7590000,55,222.742,-21741.8,48.8796,0.387733
7605000,57,241.21,-21739.8,59.6097,0.3894
7620000,62,284.945,-21713.1,49.9597,0.387571
7635000,55,229.966,-21704.4,43.5572,0.398733
7650000,64,286.847,-21720.2,62.4092,0.393733
7665000,72,327.037,-21717.1,66.9401,0.399311
7680000,69,309.413,-21710.4,70.9359,0.4075
7695000,70,304.383,-21708.1,69.8558,0.386542
7710000,67,281.101,-21712,63.8107,0.398667
7725000,58,254.553,-21706.5,57.3887,0.379267
7740000,55,237.965,-21706.7,50.1878,0.388533
7755000,58,247.564,-21690.5,66.4071,0.382333
7770000,66,298.078,-21692.1,59.0835,0.387933
7785000,64,279.451,-21694.4,62.9272,0.399267
7800000,65,286.107,-21731.5,65.4257,0.403017
7815000,54,231.869,-21725.3,56.4628,0.393667
7830000,71,301.557,-21711.5,69.631,0.401067
7845000,81,367.026,-21703.6,64.4626,0.396633
7860000,60,265.432,-21737.4,53.737,0.40139
7875000,65,289.072,-21706.4,59.4545,0.408233
7890000,57,242.551,-21696.5,49.2917,0.388667
7905000,57,248.427,-21716.2,61.2907,0.382267
7920000,48,221.564,-21729.8,44.1689,0.3806
7935000,50,205.595,-21705.1,42.8465,0.391105
7950000,49,212.369,-21725.7,47.1046,0.38
7965000,61,261.591,-21727.6,55.4565,0.388822
7980000,52,230.289,-21728.8,45.633,0.399333
7995000,56,245.177,-21723.4,60.9933,0.390267
8010000,55,248.418,-21707.1,54.3968,0.393013
8025000,60,262.353,-21721.7,58.4124,0.400233
8040000,48,223.495,-21722.9,46.9873,0.386011
8055000,56,246.981,-21712.9,45.6229,0.388667
8070000,57,250.715,-21703.1,61.0857,0.384711
8085000,55,234.196,-21725.2,59.3173,0.395667
8100000,65,297.807,-21725.5,66.9815,0.396433
8115000,58,261.091,-21705.5,66.2776,0.410533
8130000,48,207.644,-21704.9,48.0266,0.391156
8145000,52,250.614,-21728.8,36.1422,0.394933
8160000,56,252.409,-21704.1,60.2385,0.3852
8175000,59,254.652,-21719.3,55.7033,0.4002
8190000,55,237.196,-21724.1,58.2755,0.385983
8205000,58,250.638,-21726.1,54.2838,0.38384
8220000,57,254.511,-21732,62.8158,0.396733
8235000,59,253.328,-21720.1,68.4496,0.397022
8250000,56,240.828,-21716,47.859,0.388667
8265000,56,250.993,-21732.6,55.8593,0.392883
8280000,65,291.356,-21720.3,45.355,0.384633
8295000,60,265.656,-21711.5,78.7303,0.404567
8310000,63,286.205,-21708.2,72.3229,0.392867
8325000,49,212.408,-21707.9,62.9918,0.38
8340000,67,288.813,-21701.9,61.2512,0.394967
8355000,67,289.005,-21698.3,72.5927,0.3906
8370000,67,294.84,-21711.4,73.2438,0.398
8385000,59,269.042,-21714.3,65.4331,0.392817
8400000,53,213.567,-21743.6,70.3747,0.392375
8415000,49,198.195,-21714.8,49.3579,0.388311
8430000,52,230.274,-21714.3,46.9958,0.389733
8445000,53,222.234,-21740.7,48.5074,0.387889
8460000,65,255.3,-21729.7,70.102,0.3916
8475000,62,289.302,-21726.5,64.4167,0.395622
8490000,61,251.688,-21737.5,53.66,0.400433
8505000,51,212.257,-21744.2,68.8203,0.39472
8520000,60,258.619,-21714.3,69.2318,0.404867
8535000,52,225.921,-21749.1,58.5257,0.394644
8550000,57,240.662,-21718.8,45.3615,0.380827
8565000,59,263.976,-21702.5,55.2836,0.401933
8580000,53,224.614,-21736.4,52.7432,0.399867
8595000,67,290.219,-21705.9,58.1935,0.384367
8610000,55,245.546,-21712.1,60.343,0.407133
8625000,60,250.043,-21720,61.353,0.388
8640000,54,235.569,-21713.4,44.1533,0.396933
8655000,59,253.025,-21733.8,68.0904,0.393993
8670000,53,232.781,-21761.9,50.9241,0.384667
8685000,67,292.072,-21741.8,62.9639,0.403933
8700000,60,259.488,-21739.5,66.8524,0.404711
8715000,55,230.681,-21729.8,66.6933,0.397883
8730000,52,224.343,-21714.9,48.2007,0.410867
8745000,57,243.409,-21725.4,53.7698,0.3979
8760000,58,251.419,-21707.2,65.263,0.392867
8775000,59,255.016,-21725.5,57.7177,0.3916
8790000,60,243.263,-21730.3,71.2658,0.39592
8805000,77,330.371,-21718.2,78.7528,0.39735
8820000,76,327.125,-21728.6,78.1027,0.417133
8835000,55,233.38,-21722.3,69.19,0.408067
8850000,51,210.295,-21737.5,62.4342,0.399533
8865000,56,231.165,-21717.9,66.2919,0.396667
8880000,57,248.211,-21714.6,48.5767,0.40105
8895000,64,273.731,-21726,67.5006,0.399733
8910000,76,338.385,-21744.4,69.4321,0.394333
8925000,67,290.145,-21731.1,75.7545,0.418733
8940000,52,228.917,-21717.3,52.2909,0.393183
8955000,47,206.695,-21725.6,39.1742,0.369333
8970000,51,216.098,-21705.3,53.6179,0.3652
8985000,55,240.378,-21733.2,51.1946,0.397344
9000000,56,244.756,-21720.3,62.8709,0.385867
9015000,64,282.413,-21685.6,63.2306,0.392233
9030000,72,308.419,-21697.5,71.4585,0.400533
9045000,55,238.11,-21686.9,52.1791,0.38692
9060000,57,252.725,-21694.4,65.0794,0.384867
9075000,63,284.302,-21705.7,71.3975,0.397
9090000,55,240.194,-21683.4,55.684,0.388267
9105000,61,267.475,-21713.3,74.2317,0.39572
9120000,61,267.595,-21670,52.2215,0.3787
9135000,47,197.677,-21716.2,44.6318,0.385926
9150000,72,316.584,-21690.7,77.1101,0.383133
9165000,70,332.617,-21679.2,65.9512,0.395267
9180000,46,207.148,-21724,42.1468,0.389689
9195000,66,301.09,-21679.3,68.7436,0.3911
9210000,46,201.885,-21722.1,41.8462,0.376233
9225000,62,276.736,-21700.9,63.39,0.391467
9240000,67,299.975,-21686.5,64.3717,0.377733
9255000,56,249.821,-21675.1,66.6054,0.380533
9270000,45,192.358,-21769.5,50.1018,0.378382
9285000,71,313.895,-21644.8,64.3133,0.375833
9300000,73,323.467,-21669.4,77.1171,0.394667
9315000,73,324.336,-21654.5,68.0243,0.383733
9330000,67,285.538,-21664.9,61.2833,0.384533
9345000,45,191.207,-21780.6,46.1915,0.382227
9360000,64,278.815,-21680.2,55.0369,0.387533
9375000,71,318.152,-21684.2,72.9437,0.375
9390000,69,283.099,-21684,80.5104,0.3868
9405000,68,285.537,-21699.9,85.0889,0.383067
9420000,63,262.515,-21717.8,58.1538,0.386867
9435000,50,208.125,-21710.4,61.4995,0.375
9450000,49,206.329,-21764.9,50.5817,0.384952
9465000,44,167.237,-21701.1,52.2031,0.3753
9480000,51,223.668,-21745.1,40.4411,0.384633
9495000,47,195.278,-21717,47.5549,0.370633
9510000,40,159.921,-21750.9,37.6263,0.377233
9525000,50,207.083,-21709.8,40.9105,0.3697
9540000,54,232.554,-21714.8,52.5704,0.375533
9555000,42,171.934,-21782.8,42.7633,0.385443
9570000,61,275.63,-21757.8,55.1569,0.38585
9585000,51,219.762,-21755.7,63.1165,0.412133
9600000,53,235.965,-21764.1,53.2078,0.4002
9615000,45,196.424,-21772.1,42.601,0.395633
9630000,54,237.79,-21760,50.6543,0.387433
9645000,61,257.239,-21731.4,50.1062,0.388038
9660000,37,152.387,-21761.4,32.6545,0.393533
9675000,45,193.777,-21777.4,38.4089,0.4087
9690000,41,183.199,-21746.2,41.6148,0.369533
9705000,43,184.595,-21759.5,56.5672,0.3686
9720000,49,199.081,-21752.9,37.9314,0.384633
9735000,52,230.014,-21758.4,56.049,0.393333
9750000,56,245.717,-21737.1,59.2243,0.393333
9765000,54,242.953,-21724.3,67.9465,0.388208
9780000,44,197.174,-21757.1,45.7504,0.410567
9795000,41,171.331,-21741.5,37.6077,0.3992
9810000,43,188.781,-21750.6,37.415,0.385933
9825000,50,235.828,-21704,54.9444,0.3804
9840000,67,278.108,-21674.3,53.281,0.3774
9855000,51,233.38,-21677.5,53.8866,0.397867
9870000,56,253.295,-21699.1,47.2857,0.378
9885000,56,226.103,-21713.7,71.9775,0.3888
9900000,57,256.369,-21730,64.2327,0.389467
9915000,60,255.213,-21751.5,54.1948,0.396044
9930000,61,265.723,-21734.8,76.1554,0.41
9945000,62,277.758,-21712.4,62.1898,0.398133
9960000,70,309.589,-21684.4,71.7137,0.396867
9975000,71,315.777,-21686.6,60.8778,0.398733
9990000,49,226.2,-21692.9,67.4774,0.389567
10005000,63,276.483,-21718.9,68.9066,0.3896
10020000,63,274.355,-21684.6,62.2959,0.374667
10035000,60,268.41,-21690.6,56.6601,0.400067
10050000,66,294.134,-21692.7,52.6617,0.4006
10065000,80,344.527,-21704.4,91.8211,0.4035
10080000,68,311.915,-21708.8,59.0401,0.399267
10095000,45,191.43,-21694.2,45.2349,0.398356
10110000,59,246.289,-21713.3,63.6787,0.3892
10125000,62,262.984,-21710.8,61.7815,0.401467
10140000,74,303.208,-21704.2,69.4216,0.3948
10155000,57,244.165,-21712.9,47.8885,0.382633
10170000,65,274.887,-21714.9,47.52,0.382133
10185000,71,308.282,-21699.4,82.3304,0.393533
10200000,68,304.023,-21704.9,75.1905,0.397733
10215000,52,213.507,-21706.3,60.8173,0.392911
10230000,58,246.792,-21696.1,47.6155,0.3925
10245000,55,240.13,-21695.8,72.3426,0.380867
10260000,61,252.137,-21683.9,58.3026,0.3886
10275000,61,257.597,-21708.1,71.594,0.391067
10290000,44,186.777,-21699.2,45.0881,0.389933
10305000,53,221.034,-21695.5,51.4658,0.376533
10320000,53,220.197,-21708.1,48.37,0.367533
10335000,48,228.128,-21696.1,48.7079,0.385089
10350000,58,256.606,-21688.7,56.7075,0.373733
10365000,74,327.618,-21691.1,80.6715,0.384667
10380000,64,260.396,-21677,61.1502,0.394156
10395000,62,268.014,-21689.2,71.8342,0.3945
10410000,79,320.063,-21687.5,70.1783,0.3911
10425000,80,330.024,-21698,74.307,0.416133
10440000,67,292.531,-21694.5,78.1259,0.397644
10455000,61,272.784,-21696.9,69.0592,0.4012
10470000,59,267.478,-21711.4,56.9107,0.393133
10485000,63,276.743,-21705.7,70.0446,0.38615
10500000,74,304.144,-21688.3,79.1828,0.390533
10515000,60,243.053,-21705,57.6939,0.393111
10530000,61,278.618,-21717.9,58.4214,0.4018
10545000,57,242.816,-21719.6,50.3437,0.385133
10560000,58,265.854,-21707.9,53.0015,0.3916
10575000,67,294.902,-21717.6,57.2557,0.399067
10590000,66,275.071,-21723.2,77.1747,0.393544
10605000,59,264.347,-21708.1,72.4642,0.406267
10620000,61,269.698,-21717.6,70.4034,0.393133
10635000,69,306.551,-21710.7,62.913,0.4092
10650000,57,241.064,-21712.4,72.7016,0.401093
10665000,52,220.675,-21734.9,61.5197,0.383533
10680000,58,257.918,-21709.8,58.4508,0.389433
10695000,41,168.648,-21732.3,40.1828,0.377733
10710000,55,223.043,-21706.2,66.2182,0.386167
10725000,55,232.637,-21734.3,56.5003,0.3878
10740000,54,228.779,-21719.7,57.7123,0.386981
10755000,61,275.672,-21721.5,58.6401,0.3939
10770000,53,212.801,-21731.5,66.3794,0.393533
10785000,47,212.627,-21739.9,53.0082,0.376467
10800000,53,225.281,-21696.7,53.253,0.3933
10815000,57,244.864,-21707.6,53.2408,0.372067
10830000,58,240.971,-21697,54.1392,0.385933
10845000,57,244.425,-21703.6,43.1205,0.390956
10860000,79,364.795,-21679.9,79.3543,0.394033
10875000,63,290.14,-21700.5,69.2821,0.388256
10890000,63,290.154,-21693.9,58.3327,0.3945
10905000,82,359.627,-21673.4,77.1802,0.404633
10920000,82,386.455,-21680.2,72.5294,0.426867
10935000,89,413.607,-21695.2,93.1177,0.415667
10950000,72,320.532,-21699.5,63.282,0.408333
10965000,47,207.743,-21722.5,51.3322,0.392942
10980000,69,294.925,-21709.2,77.1811,0.400333
10995000,60,261.174,-21714.5,64.2483,0.4108
11010000,59,262.925,-21695.5,64.5878,0.381733
11025000,58,240.748,-21708.5,63.6397,0.3974
11040000,61,265.355,-21697.7,60.0387,0.399889
11055000,63,265.926,-21698.8,57.9112,0.388624
11070000,61,261.446,-21720.4,56.9638,0.382467
11085000,53,231.61,-21689.8,53.8512,0.3778
11100000,55,233.682,-21698.3,51.6113,0.392033
11115000,63,261.979,-21747.6,75.1118,0.38344
11130000,65,270.739,-21736.6,85.9251,0.415933
11145000,51,224.53,-21713.4,48.4938,0.389844
11160000,63,274.812,-21714.4,71.0828,0.397133
11175000,61,272.588,-21713,58.8303,0.386133
11190000,62,265.819,-21722.1,77.2895,0.406533
11205000,64,270.267,-21724.6,63.9601,0.379967
11220000,61,256.607,-21756,62.7421,0.411483
11235000,56,245.614,-21703.3,68.0269,0.385433
11250000,59,261.975,-21709.3,59.6542,0.3826
11265000,67,296.659,-21710.9,79.8807,0.406133
11280000,73,334.066,-21691,75.4081,0.394733
11295000,63,262.274,-21693.8,56.8482,0.382467
11310000,69,287.901,-21704.4,79.3803,0.387333
11325000,61,272.613,-21732,62.7566,0.393383
11340000,71,318.747,-21722.1,72.9338,0.409133
11355000,66,291.571,-21714.6,59.687,0.394867
11370000,71,304.418,-21672.6,86.9073,0.411033
11385000,85,374.911,-21672.3,77.2063,0.411067
11400000,56,232.99,-21695.4,50.7294,0.391022
11415000,88,380.022,-21705.4,91.1288,0.4089
11430000,76,333.484,-21699.3,93.5305,0.425267
11445000,70,300.675,-21686.8,68.1105,0.399533
11460000,50,226.317,-21728.7,50.2224,0.387967
11475000,54,248.83,-21731.3,58.9624,0.394867
11490000,55,229.236,-21717.3,55.8754,0.399333
11505000,53,231.676,-21710.8,50.9438,0.397033
11520000,54,235.82,-21702.4,73.9613,0.4059
11535000,59,262.68,-21724.9,46.1548,0.3981
11550000,65,281.668,-21713.7,60.9381,0.401933
11565000,51,219.855,-21722.7,48.3362,0.374248
11580000,48,217.504,-21723.9,56.8363,0.372467
11595000,51,233.429,-21717.3,48.5946,0.392173
11610000,58,260.622,-21725.2,66.0655,0.391333
11625000,62,278.361,-21701.8,64.2537,0.396533
11640000,64,277.17,-21700.5,73.318,0.392067
11655000,57,253.112,-21701.7,66.8404,0.38368
11670000,68,303.575,-21680.7,64.431,0.379467
11685000,66,299.893,-21706.4,58.4314,0.394511
11700000,49,212.639,-21697.7,47.6743,0.3874
11715000,60,263.109,-21689.2,48.9168,0.3716
11730000,57,251.28,-21707.5,61.2827,0.383083
11745000,68,304.543,-21684.7,61.3371,0.405167
11760000,68,297.444,-21676.5,74.4563,0.400333
11775000,72,316.305,-21683.1,76.7019,0.400533
11790000,70,300.777,-21711.1,74.5727,0.386683
11805000,69,298.809,-21712.3,81.1446,0.399567
11820000,51,212.489,-21725,57.1143,0.381533
11835000,68,309.964,-21701.5,57.9018,0.395033
11850000,69,287.354,-21713.4,58.5436,0.393067
11865000,61,269.881,-21711.4,60.7505,0.397533
11880000,56,243.566,-21740,62.9006,0.398845
11895000,65,269.157,-21693.6,62.8432,0.405567
11910000,55,237.441,-21723.3,55.0568,0.383844
11925000,58,251.446,-21727.7,53.253,0.383467
11940000,56,235.883,-21704.7,43.0744,0.388556
11955000,50,216.337,-21736.2,57.3363,0.3764
11970000,59,252.712,-21709.8,54.9899,0.390044
11985000,64,270.736,-21711.3,49.2173,0.384
12000000,58,254.186,-21720.8,56.9188,0.400067
12015000,58,252.696,-21742.9,55.8782,0.403867
12030000,61,257.713,-21730.6,70.3937,0.398767
12045000,61,272.92,-21719.4,71.5197,0.395733
12060000,51,236.36,-21772.7,47.5855,0.3954
12075000,52,239.587,-21746.9,45.8351,0.380987
12090000,59,272.126,-21695.6,59.5301,0.378133
12105000,41,181.913,-21748.2,48.057,0.376967
12120000,48,218.365,-21704.5,63.307,0.3914
12135000,56,250.252,-21716.8,65.8594,0.3902
12150000,49,217.348,-21742.5,48.2171,0.379756
12165000,46,195.42,-21742.9,45.336,0.371867
12180000,48,205.753,-21733,54.3306,0.382783
12195000,54,229.657,-21748.6,55.3439,0.376233
12210000,58,243.634,-21738.5,47.7215,0.374444
12225000,54,235.137,-21736,60.4701,0.397067
12240000,57,259.109,-21692,53.657,0.380867
12255000,47,207.675,-21714.8,44.228,0.393333
12270000,53,226.553,-21702.4,52.6875,0.384967
12285000,49,206.285,-21690.1,58.0806,0.378667
12300000,59,270.408,-21704.9,56.0026,0.365933
12315000,51,228.903,-21692.9,42.999,0.3766
12330000,64,285.137,-21698.7,64.2663,0.383133
12345000,58,251.458,-21704.6,68.013,0.379733
12360000,58,243.981,-21700.3,60.5013,0.394667
12375000,64,274.189,-21734.9,75.3941,0.387354
12390000,60,266.785,-21716.7,55.8278,0.3812
12405000,67,276.753,-21676.3,77.7755,0.391556
12420000,73,314.655,-21707.6,86.129,0.4012
12435000,80,357.988,-21696,94.282,0.406667
12450000,64,268.596,-21683.4,57.682,0.3938
12465000,75,328.565,-21676.6,79.2366,0.394133
12480000,83,377.276,-21696.7,104.233,0.3918
12495000,52,222.798,-21735,47.6908,0.396458
12510000,68,295.749,-21701.3,65.6474,0.395067
12525000,67,291.734,-21698.4,71.5791,0.412667
12540000,51,216.264,-21689,52.6555,0.382733
12555000,63,277.443,-21710.5,69.5694,0.3926
12570000,52,242.771,-21722.2,44.8787,0.388189
12585000,68,300.231,-21712.5,57.2331,0.4048
12600000,53,228.039,-21718,57.7794,0.398333
12615000,47,220.105,-21722.8,54.9349,0.3868
12630000,54,237.396,-21711.3,50.636,0.3934
12645000,60,265.799,-21704.3,78.3322,0.3888
12660000,64,287.382,-21748.5,75.7697,0.397867
12675000,64,280.944,-21723,84.5954,0.4156
12690000,52,227.619,-21718.5,41.6893,0.380027
12705000,54,247.075,-21716.4,55.8452,0.395711
12720000,51,214.393,-21735.8,59.3082,0.381267
12735000,72,290.651,-21710.5,64.7238,0.392711
12750000,60,258.457,-21701.1,56.0631,0.3978
12765000,55,234.734,-21695.6,61.9749,0.391078
12780000,52,222.015,-21742.3,45.114,0.38815
12795000,61,275.638,-21717.2,67.8535,0.397833
12810000,44,176.119,-21733.2,50.1409,0.37665
12825000,41,185.975,-21744.6,43.2458,0.3816
12840000,48,224.107,-21762.3,57.4139,0.3892
12855000,48,215.18,-21748.3,57.7402,0.397467
12870000,46,201.194,-21724.7,49.0862,0.37085
12885000,46,196.657,-21719.8,37.7176,0.368267
12900000,43,165.259,-21740.4,52.7712,0.382283
12915000,52,226.547,-21733.1,48.2502,0.381917
12930000,57,247.366,-21730.2,65.5981,0.376933
12945000,55,243.342,-21704.5,53.8208,0.386667
12960000,69,302.833,-21712.6,73.2723,0.3958
12975000,64,285.203,-21718.6,67.6165,0.3932
12990000,62,285.776,-21752.3,57.3775,0.384656
13005000,74,316.113,-21718.9,61.731,0.402967
13020000,75,354.694,-21708.3,93.9313,0.4086
13035000,66,282.284,-21737.9,65.1579,0.401625
13050000,52,231.171,-21744.8,42.9132,0.404333
13065000,57,242.723,-21710.4,63.2063,0.401578
13080000,51,235.074,-21749.7,38.5706,0.3961
13095000,48,207.043,-21721.9,46.1813,0.376467
13110000,60,261.86,-21694.8,55.7721,0.3866
13125000,53,226.096,-21710.5,47.1068,0.376333
13140000,63,294.985,-21749.9,59.284,0.39655
13155000,66,301.337,-21725.1,51.0308,0.410867
13170000,57,254.993,-21710.8,62.2536,0.387889
13185000,56,251.354,-21725,49.5658,0.3966
13200000,60,267.147,-21718.9,63.4726,0.391857
13215000,76,333.401,-21724.9,88.4355,0.394
13230000,70,308.556,-21711.6,93.1543,0.403933
13245000,69,298.837,-21692.3,81.8808,0.397867
13260000,61,226.493,-21703.1,61.4846,0.3888
13275000,65,292.762,-21708.7,62.4757,0.390695
13290000,67,289.019,-21726.4,69.3496,0.3839
13305000,69,303.947,-21680.2,70.3222,0.405
13320000,75,349.275,-21696.4,87.2058,0.402933
13335000,64,268.011,-21701.4,68.6566,0.394867
13350000,81,353.745,-21697.8,85.839,0.4038
13365000,58,233.107,-21681.5,61.1679,0.3974
13380000,50,214.699,-21687.3,48.819,0.382333
13395000,52,218.338,-21690.8,53.735,0.365333
13410000,52,233.018,-21711.8,50.2687,0.387614
13425000,54,238.369,-21687.7,57.6262,0.390453
13440000,57,245.507,-21677.9,61.9258,0.370978
13455000,64,263.07,-21689.1,67.1908,0.3852
13470000,85,376.529,-21688.9,96.1306,0.403044
13485000,85,378.543,-21712.1,72.4099,0.417667
13500000,72,314.101,-21673.4,78.0971,0.393156
13515000,79,338.093,-21683,65.6894,0.411967
13530000,80,348.028,-21686.7,83.2462,0.408
13545000,73,317.495,-21666,61.8111,0.396733
13560000,69,281.369,-21693,63.4087,0.389867
13575000,69,289.088,-21670.1,71.7648,0.389867
13590000,67,280.681,-21693.2,69.674,0.388933
13605000,78,345.409,-21670.2,87.7885,0.400267
13620000,74,337.125,-21678,69.6932,0.393067
13635000,62,275.166,-21685,73.906,0.396067
13650000,65,280.132,-21673,63.9556,0.3845
13665000,60,274.726,-21697.8,60.7147,0.400833
13680000,60,261.207,-21689.5,50.0083,0.386533
13695000,64,282.183,-21686.5,64.5962,0.388156
13710000,59,271.618,-21682.8,62.4018,0.3998
13725000,55,230.974,-21678.8,51.8231,0.379867
13740000,68,293.47,-21668.2,70.3436,0.388533
13755000,57,248.227,-21678,54.149,0.397133
13770000,67,307.904,-21680.1,59.6526,0.394978
13785000,70,311.843,-21680.2,72.3594,0.4048
13800000,49,221.597,-21710.8,61.367,0.371422
13815000,52,245.413,-21738.1,48.0708,0.375864
13830000,50,215.73,-21706.4,39.5371,0.377622
13845000,57,230.617,-21723.6,53.6739,0.384289
13860000,51,216.172,-21701.9,50.72,0.368367
13875000,57,222.75,-21699,57.6792,0.375133
13890000,67,301.292,-21684.4,70.9958,0.392533
13905000,74,341.565,-21732.8,70.7635,0.389
13920000,61,269.632,-21723.4,58.1338,0.413133
13935000,69,300.698,-21706.5,65.35,0.378492
13950000,64,264.016,-21651.5,71.2051,0.3864
13965000,59,250.195,-21698.2,63.6819,0.391733
13980000,78,347.154,-21687,59.7297,0.385933
13995000,71,313.47,-21687.7,79.6429,0.395467
14010000,62,267.416,-21710.7,65.21,0.411267
14025000,45,193.582,-21697.6,55.1478,0.396983
14040000,50,222.714,-21722.7,57.9232,0.3772
14055000,46,204.156,-21725.4,41.1018,0.3794
14070000,70,304.388,-21695.1,51.9144,0.386367
14085000,78,352.021,-21674.1,79.4738,0.4056
14100000,80,334.881,-21693.9,75.7497,0.407667
14115000,77,330.086,-21686.7,88.1065,0.404867
14130000,74,318.7,-21674.4,74.3619,0.399333
14145000,67,289.871,-21663.4,67.2102,0.3842
14160000,61,260.865,-21728.6,63.3443,0.394654
14175000,67,282.358,-21716.5,70.1363,0.394133
14190000,69,294.955,-21697.4,70.0762,0.398667
14205000,73,315.369,-21697.4,79.7346,0.4036
14220000,59,256.871,-21706.2,56.8028,0.401461
14235000,58,242.859,-21718.3,55.3639,0.393307
14250000,64,287.708,-21714.1,61.9702,0.400333
14265000,58,246.834,-21676.7,43.7524,0.38685
14280000,63,292.135,-21696.9,54.6735,0.388533
14295000,54,225.539,-21711.4,54.5331,0.399517
14310000,72,333.322,-21679.4,77.218,0.392667
14325000,56,232.868,-21679.7,54.8842,0.389867
14340000,59,271.311,-21726.1,69.3608,0.397
14355000,51,219.861,-21724.6,40.4721,0.3806
14370000,47,203.699,-21729.3,53.0918,0.374467
14385000,52,242.53,-21711.5,45.0682,0.366867
14400000,58,235.035,-21715.6,54.1712,0.39338
14415000,61,267.485,-21725.9,62.0083,0.404133
14430000,68,305.915,-21717.4,79.4647,0.4076
14445000,61,260.539,-21732,45.5912,0.3852
14460000,65,273.713,-21713.5,62.3227,0.389945
14475000,58,248.075,-21711.2,49.7106,0.397467
14490000,62,268.313,-21712.1,50.9057,0.398183
14505000,59,261.797,-21722.7,61.0339,0.399133
14520000,55,247.871,-21710.7,67.1919,0.388467
14535000,57,250.112,-21713.9,61.7367,0.3972
14550000,57,264.537,-21703.9,66.9826,0.4046
14565000,65,289.995,-21722,64.5705,0.396056
14580000,55,233.276,-21712.7,70.5959,0.398333
14595000,48,213.936,-21732.1,46.9462,0.372733
14610000,52,227.399,-21740.5,46.1366,0.381967
14625000,67,291.653,-21734.3,68.4615,0.38685
14640000,52,205.932,-21736.6,48.4353,0.388133
14655000,48,204.543,-21722.5,37.0236,0.376467
14670000,70,295.672,-21721.4,76.5702,0.399067
14685000,69,318.11,-21714,61.995,0.404
14700000,64,301.648,-21698.5,74.217,0.411533
14715000,76,344.504,-21732,60.8596,0.4106
14730000,52,239.203,-21720.5,52.7129,0.391717
14745000,57,265.714,-21723.9,65.5238,0.395733
14760000,68,290.305,-21687.2,52.2621,0.398489
14775000,78,355.281,-21706,89.2541,0.4004
14790000,77,352.157,-21706.8,78.1784,0.409067
14805000,74,333.198,-21704.4,68.2334,0.414667
14820000,58,237.424,-21717.2,57.4698,0.39655
14835000,54,236.887,-21712.5,55.5046,0.3874
14850000,59,252.346,-21713.3,51.9552,0.380067
14865000,57,236.193,-21744,70.4785,0.39795
14880000,64,272.912,-21697.1,72.7463,0.396133
14895000,53,223.269,-21717.4,45.0793,0.400011
14910000,75,329.659,-21709,67.3242,0.394533
14925000,56,240.976,-21722.5,64.2086,0.403167
14940000,71,311.282,-21717.4,81.2622,0.4092
14955000,72,314.541,-21722.2,70.6122,0.413867
14970000,57,236.147,-21715.6,56.6302,0.394467
14985000,55,237.125,-21733.4,56.6476,0.389542
15000000,49,198.16,-21738.2,50.1571,0.404511
15015000,53,251.202,-21739.4,61.3897,0.406533
15030000,50,212.597,-21701.9,45.394,0.380978
15045000,64,281.845,-21720.3,60.1343,0.3969
15060000,57,247.069,-21728.9,66.5001,0.386856
15075000,62,263.686,-21703.1,54.0797,0.391133
15090000,59,250.628,-21729.8,57.2113,0.401111
15105000,73,317.577,-21690.5,61.9874,0.400367
15120000,73,328.64,-21700.9,65.0751,0.4012
15135000,66,281.742,-21687.1,67.6185,0.400733
15150000,55,231.918,-21728.9,47.1304,0.402533
15165000,62,286.935,-21693.1,52.5902,0.393667
15180000,56,236.309,-21732.1,48.8451,0.3985
15195000,50,224.425,-21742.2,55.5144,0.398067
15210000,51,212.48,-21747.9,42.2491,0.403067
15225000,58,250.807,-21712.6,43.3271,0.386523
15240000,63,260.697,-21740.9,52.3003,0.387467
15255000,51,214.164,-21691.5,51.4198,0.3867
15270000,49,205.106,-21722.5,39.6384,0.385
15285000,50,227.387,-21710.8,52.1623,0.389233
15300000,49,205.261,-21765.3,53.9655,0.402989
15315000,60,258.125,-21728.8,56.8895,0.384867
15330000,67,303.277,-21700.9,60.9525,0.379183
15345000,66,288.746,-21723.8,76.4982,0.395267
15360000,65,285.988,-21738,62.1422,0.407133
15375000,71,305.647,-21686.7,61.3461,0.396444
15390000,65,274.494,-21728.4,70.0271,0.399133
15405000,69,282.142,-21697.1,75.8074,0.400967
15420000,76,321.599,-21689.5,75.9124,0.407267
15435000,67,301.566,-21702.6,69.6666,0.396333
15450000,60,264.71,-21695.8,68.2909,0.4004
15465000,55,243.663,-21712.8,48.3945,0.400893
15480000,57,257.612,-21716.5,56.8797,0.380733
15495000,64,284.75,-21702,69.4969,0.407667
15510000,52,235.733,-21717.9,47.0131,0.39465
15525000,47,209.822,-21766.6,56.2264,0.392733
15540000,71,304.095,-21732.2,75.9676,0.3855
15555000,66,275.462,-21724.8,76.1593,0.410133
15570000,56,244.066,-21727.3,57.2251,0.386933
15585000,68,294.014,-21713.1,58.4959,0.4022
15600000,54,242.384,-21748.1,45.989,0.407433
15615000,53,242.46,-21738.9,50.2714,0.3906
15630000,56,240.153,-21722.9,44.6873,0.393267
15645000,68,285.271,-21723.3,77.5281,0.40115
15660000,53,230.752,-21731.7,48.3097,0.3948
15675000,69,304.001,-21708.8,68.0958,0.403333
15690000,60,245.747,-21719.3,60.4506,0.390317
15705000,56,252.107,-21716.7,50.1158,0.397433
15720000,62,264.654,-21709.9,63.2703,0.395567
15735000,79,336.315,-21698.8,77.6885,0.4128
15750000,76,338.456,-21722.6,62.3455,0.410533
15765000,62,290.972,-21729,71.0884,0.38816
15780000,67,298.718,-21702.8,73.5673,0.409933
15795000,75,334.59,-21701.4,74.5037,0.404133
15810000,71,316.326,-21701.4,71.8515,0.4018
15825000,66,281.8,-21734.7,70.0888,0.392233
15840000,62,269.264,-21724.7,65.5563,0.404467
15855000,65,281.518,-21702,77.6479,0.393911
15870000,66,265.887,-21707.6,63.4275,0.413467
15885000,64,275.603,-21730.7,56.4749,0.401633
15900000,65,274.552,-21689.9,64.2762,0.4005
15915000,74,326.394,-21702.4,63.3726,0.401133
15930000,77,348.403,-21682.6,90.3988,0.413
15945000,58,265.845,-21708.2,43.0429,0.407
15960000,58,254.234,-21698.1,59.5939,0.390733
15975000,70,303.156,-21693.1,61.231,0.407667
15990000,82,398.886,-21728.2,72.4348,0.4126
16005000,81,363.372,-21694.6,90.5676,0.416733
16020000,69,312.702,-21701.9,74.4651,0.4038
16035000,69,314.489,-21684.4,68.2492,0.4004
16050000,64,267.542,-21715.3,74.0124,0.405267
16065000,67,289.337,-21703.9,65.8336,0.393467
16080000,53,232.558,-21714.6,59.2012,0.389954
16095000,56,258.841,-21711.9,66.4368,0.3959
16110000,60,260.443,-21740.1,66.3562,0.398233
16125000,58,231.704,-21711.3,47.8691,0.4061
16140000,66,289.949,-21709.9,67.012,0.3868
16155000,64,281.138,-21721.9,62.7169,0.400933
16170000,69,309.524,-21722.7,62.8159,0.402
16185000,66,264.703,-21702.3,47.9773,0.392667
16200000,62,295.652,-21716.4,82.0812,0.383
16215000,59,265.799,-21707.9,53.1496,0.404
16230000,49,202.087,-21748.1,46.4572,0.391923
16245000,53,228.48,-21735.6,61.0144,0.392167
16260000,63,292.505,-21710.2,71.1382,0.4022
16275000,62,280.77,-21713.3,53.8059,0.407067
16290000,74,315.751,-21734.7,81.4438,0.413867
16305000,66,299.424,-21709.7,60.8525,0.408667
16320000,59,254.15,-21716.7,53.0457,0.4028
16335000,44,196.218,-21721.7,38.4954,0.389844
16350000,52,229.445,-21730.5,49.7571,0.3961
16365000,42,184.069,-21718.9,47.6637,0.3884
16380000,65,293.538,-21722.3,68.7604,0.382067
16395000,55,249.861,-21719.9,70.2956,0.403867
16410000,48,209.959,-21748.5,44.013,0.394883
16425000,48,201.789,-21755.5,53.7179,0.388367
16440000,52,237.227,-21742.2,51.7241,0.402733
16455000,60,260.615,-21759,49.9693,0.408511
16470000,54,253.205,-21746.4,62.291,0.401733
16485000,62,283.301,-21744.4,62.718,0.395733
16500000,64,286.005,-21762.3,60.0397,0.402029
16515000,55,229.3,-21739.5,52.4888,0.396633
16530000,54,234.115,-21765.1,64.718,0.404367
16545000,37,168.656,-21750.8,29.8315,0.383514
16560000,55,250.4,-21731.7,58.0931,0.390756
16575000,40,177.269,-21780.7,40.2919,0.397756
16590000,64,271.525,-21721.9,64.4159,0.403667
16605000,68,295.142,-21718.8,84.9123,0.393533
16620000,59,246.662,-21725.4,54.2462,0.3942
16635000,64,274.727,-21723.8,74.6271,0.4012
16650000,68,306.766,-21732.4,69.9239,0.413667
16665000,46,198.155,-21722.7,55.6838,0.386733
16680000,55,252.808,-21726.3,63.5749,0.390267
16695000,50,220.633,-21770.7,36.3512,0.383467
16710000,53,223.78,-21727.8,49.699,0.3853
16725000,68,304.997,-21709.9,69.2705,0.4046
16740000,65,289.349,-21739.6,55.4242,0.410933
16755000,60,256.525,-21724.9,69.5738,0.4006
16770000,62,267.139,-21709.9,44.6816,0.399733
16785000,46,209.042,-21759,54.556,0.396667
16800000,55,240.497,-21737.3,56.6157,0.378981
16815000,61,280.012,-21762.6,63.2404,0.401733
16830000,61,274.187,-21733,66.3355,0.409233
16845000,56,234.599,-21715.4,58.9276,0.405667
16860000,46,211.682,-21736.6,53.6931,0.395178
16875000,43,169.644,-21733.8,51.2209,0.395067
16890000,52,227.962,-21753.4,59.7608,0.3634
16905000,48,212.564,-21734.5,45.8062,0.394387
16920000,53,233.753,-21738.8,42.6827,0.406
16935000,50,215.143,-21738.4,54.0264,0.391627
16950000,43,185.972,-21733.5,45.1436,0.389
16965000,48,207.62,-21725,46.1197,0.3864
16980000,59,266.276,-21718.6,55.8606,0.385667
16995000,53,238.327,-21741.1,42.51,0.384667
17010000,58,259.637,-21707.7,58.1481,0.387733
17025000,57,258.377,-21725.4,62.4476,0.386111
17040000,59,252.574,-21720.4,43.9733,0.387333
17055000,54,245.374,-21701.9,56.1586,0.387733
17070000,51,236.726,-21735.4,60.2082,0.398083
17085000,54,227.321,-21726.8,44.7189,0.3822
17100000,56,232.849,-21718.3,55.3119,0.38319
17115000,66,302.073,-21705.8,66.7742,0.402433
17130000,55,219.537,-21702.6,46.4247,0.391467
17145000,52,222.404,-21706,40.348,0.395133
17160000,53,246.451,-21734.6,51.9351,0.395583
17175000,51,207.508,-21710.8,58.1804,0.3888
17190000,56,247.877,-21734.5,60.2768,0.390867
17205000,53,242.229,-21735.7,49.9435,0.396733
17220000,53,237.368,-21705.8,59.6945,0.383667
17235000,46,202.962,-21729.8,50.1031,0.385967
17250000,56,247.103,-21705.4,46.8775,0.3852
17265000,56,246.058,-21729.9,50.1162,0.3996
17280000,57,251.291,-21740.4,47.1822,0.394689
17295000,60,269.528,-21701.5,64.8079,0.395
17310000,58,245.024,-21717.5,47.5513,0.3855
17325000,72,316.693,-21729.4,69.3174,0.395433
17340000,56,246.095,-21733.8,52.9153,0.402867
17355000,47,210.675,-21759,34.9256,0.381442
17370000,54,248.332,-21705.5,45.6153,0.3881
17385000,41,186.181,-21762.1,40.3855,0.372467
17400000,59,249.682,-21710.9,61.5805,0.388427
17415000,64,269.053,-21721.1,59.9227,0.390889
17430000,49,228.094,-21755.1,41.4614,0.375489
17445000,50,223.596,-21714.5,66.4886,0.386633
17460000,54,240.108,-21742.2,51.1624,0.388
17475000,48,202.789,-21729.7,39.469,0.4034
17490000,50,226.281,-21712.4,61.1348,0.382822
17505000,60,248.715,-21701,41.9222,0.390587
17520000,46,196.377,-21701.7,49.4505,0.386167
17535000,48,189.322,-21727.6,51.7836,0.392083
17550000,63,280.784,-21676.6,70.4798,0.373267
17565000,69,302.431,-21683.7,71.2445,0.414
17580000,42,174.856,-21733.8,40.1193,0.392444
17595000,50,209.037,-21721.2,48.9122,0.383378
17610000,47,200.538,-21724.1,40.312,0.389933
17625000,50,222.692,-21699.8,56.0812,0.38625
17640000,56,235.838,-21720.4,50.0261,0.393889
17655000,55,229.165,-21714.3,53.9572,0.393533
17670000,57,234.331,-21728.1,42.7764,0.409333
17685000,45,199.861,-21730.1,51.6535,0.382444
17700000,53,237.011,-21735.1,53.3526,0.3924
17715000,54,238.118,-21700.7,43.5495,0.387689
17730000,63,262.227,-21704.6,48.0887,0.393417
17745000,57,257.609,-21707.1,52.4071,0.385967
17760000,53,233.06,-21716.1,52.7442,0.379767
17775000,60,260.874,-21687.8,67.2385,0.388
17790000,61,261.811,-21688.5,70.1539,0.3882
17805000,70,312.742,-21688.1,66.8913,0.387867
17820000,72,327.621,-21682.8,78,0.397333
17835000,74,328.182,-21691.2,79.2456,0.404667
17850000,78,357.883,-21688.5,75.099,0.407
17865000,79,341.501,-21666,63.6824,0.4142
17880000,73,316.499,-21694.4,67.7572,0.407133
17895000,77,343.802,-21660.1,73.8001,0.398067
17910000,81,334.866,-21681.5,77.2144,0.3966
17925000,59,258.482,-21685.2,52.7734,0.395933
17940000,56,228.057,-21684.2,54.9089,0.392467
17955000,63,269.285,-21708,57.4169,0.394733
17970000,60,265.526,-21694.6,44.4294,0.412933
17985000,67,308.803,-21699,88.706,0.398533
18000000,57,245.353,-21694,58.6252,0.404
18015000,57,258.194,-21745,62.4111,0.396937
18030000,69,309.613,-21701.5,74.7782,0.400567
18045000,65,301.143,-21705.1,68.4643,0.392
18060000,72,327.301,-21694.3,74.2939,0.4084
18075000,45,185.706,-21743.1,36.4089,0.402383
18090000,43,187.061,-21736.7,36.2309,0.377067
18105000,60,263.637,-21748.7,63.0111,0.372
18120000,57,241.263,-21738.6,58.9075,0.388867
18135000,74,328.258,-21693.4,63.0072,0.39668
18150000,69,292.372,-21706.5,68.3323,0.399867
18165000,55,231.643,-21744.3,51.3845,0.403511
18180000,62,262.548,-21706.1,71.4342,0.401367
18195000,61,270.671,-21710,60.0669,0.398378
18210000,62,253.411,-21709.9,56.3618,0.4116
18225000,73,330.045,-21714.6,79.4142,0.408333
18240000,47,207.418,-21689.2,45.8209,0.393267
18255000,57,248.769,-21696.4,55.8968,0.400333
18270000,51,222.793,-21713.2,39.9819,0.384933
18285000,64,291.472,-21711.3,56.8478,0.393467
18300000,50,221.821,-21728.7,39.4203,0.375167
18315000,62,299.262,-21702.7,73.1445,0.374667
18330000,53,226.854,-21711.9,50.2427,0.391133
18345000,47,197.109,-21711.5,49.2333,0.388467
18360000,53,232.485,-21732.3,50.9609,0.395967
18375000,62,258.123,-21675.9,68.1321,0.377667
18390000,70,321.419,-21688,69.8785,0.394533
18405000,64,279.091,-21719.6,69.4414,0.393467
18420000,58,266.475,-21709.6,61.8896,0.396467
18435000,57,256.33,-21707.9,43.507,0.3952
18450000,56,241.496,-21691.7,60.9556,0.377733
18465000,45,200.133,-21751.7,47.3915,0.391676
18480000,68,296.143,-21708,76.5761,0.390933
18495000,61,267.019,-21692,61.7613,0.4004
18510000,64,274.935,-21673.9,57.6423,0.398333
18525000,61,266.868,-21677.5,67.9749,0.383933
18540000,57,249.07,-21709.2,58.1642,0.3894
18555000,63,276.754,-21691.2,70.7274,0.393333
18570000,58,250.502,-21667.6,76.0189,0.374533
18585000,40,165.938,-21731.8,38.735,0.386683
18600000,57,258.008,-21722.5,54.0271,0.394195
18615000,60,246.505,-21674.3,43.7994,0.396356
18630000,69,305.705,-21686.7,71.2534,0.385933
18645000,64,271.149,-21698.1,64.0695,0.396
18660000,64,278.052,-21692.2,58.1768,0.3986
18675000,61,271.051,-21702.1,56.3779,0.3961
18690000,63,276.029,-21717.7,50.6759,0.3818
18705000,74,298.478,-21751,72.819,0.390933
18720000,57,270.713,-21683.5,54.7817,0.3895
18735000,69,307.439,-21704.5,71.4681,0.385733
18750000,72,308.169,-21694.6,74.1322,0.4114
18765000,49,212.309,-21735.3,41.5313,0.394213
18780000,59,261.897,-21704.3,56.5296,0.380867
18795000,64,267.394,-21697.1,57.92,0.398756
18810000,57,232.323,-21678.3,52.1068,0.384133
18825000,60,259.551,-21687.6,59.4366,0.388833
18840000,64,295.206,-21697.5,49.6283,0.3896
18855000,57,258.856,-21719.4,57.0416,0.386933
18870000,54,229.399,-21686.6,50.5116,0.369911
18885000,60,261.304,-21692.1,59.5942,0.397267
18900000,70,307.048,-21677.1,102.08,0.395067
18915000,72,308.664,-21672.4,71.2853,0.404467
18930000,61,272.306,-21692.5,56.6069,0.376517
18945000,83,370.155,-21693.2,83.3539,0.4108
18960000,79,334.75,-21687.4,66.2363,0.423133
18975000,63,263.192,-21698.1,57.418,0.402089
18990000,80,346.662,-21700.1,84.984,0.414433
19005000,70,295.725,-21701.6,63.2828,0.407867
19020000,65,293.698,-21679.9,51.8752,0.392444
19035000,63,266.697,-21697,68.5826,0.393
19050000,55,245.375,-21677.7,48.2767,0.3874
19065000,52,232.234,-21686.7,57.6575,0.371333
19080000,47,204.362,-21715.9,46.4672,0.386973
19095000,67,303.763,-21678.8,58.7992,0.3685
19110000,67,294.399,-21685.3,64.039,0.403067
19125000,68,288.588,-21682.3,71.4329,0.395867
19140000,54,239.907,-21738.4,47.8022,0.385563
19155000,65,286.763,-21682.9,61.401,0.3805
19170000,53,232.973,-21741.5,40.069,0.394167
19185000,70,313.24,-21673,63.2994,0.400333
19200000,70,302.06,-21674.4,75.9293,0.400333
19215000,73,300.621,-21701.5,83.2647,0.3898
19230000,77,340.971,-21707.7,56.7705,0.4002
19245000,65,266.929,-21670.9,59.0059,0.402933
19260000,66,281.636,-21674.4,71.5682,0.396133
19275000,76,341.544,-21692.7,77.5461,0.3874
19290000,52,209.875,-21724.4,59.7511,0.387138
19305000,64,273.956,-21727.4,67.4456,0.402733
19320000,68,285.433,-21704.9,56.5062,0.3968
19335000,55,240.472,-21709.9,51.1306,0.40079
19350000,73,321.407,-21702.3,64.8767,0.409267
19365000,59,257.618,-21656.3,62.8693,0.380956
19380000,77,347.326,-21663.1,72.2987,0.393667
19395000,71,311.825,-21654.4,64.7718,0.406733
19410000,68,276.098,-21667.8,60.5431,0.391992
19425000,79,359.544,-21648.9,77.0826,0.390967
19440000,76,325.379,-21650,84.3099,0.398733
19455000,73,319.598,-21664.8,61.0668,0.389867
19470000,64,275.254,-21671.3,62.365,0.391967
19485000,60,249.786,-21675.7,65.5389,0.395067
19500000,64,283.31,-21690.1,59.8093,0.3842
19515000,60,257.025,-21686.9,69.2195,0.386133
19530000,71,290.318,-21676.7,90.8326,0.390711
19545000,72,317.202,-21668.1,62.83,0.388967
19560000,53,225.916,-21705.4,68.4961,0.396986
19575000,72,314.906,-21694,68.7814,0.383467
19590000,77,315.903,-21698.7,74.9972,0.393533
19605000,58,263.218,-21704.3,63.421,0.388653
19620000,66,299.117,-21698.3,55.3025,0.394889
19635000,72,315.505,-21689.9,63.7942,0.3973
19650000,65,279.063,-21675.7,71.4747,0.391467
19665000,72,330.411,-21692.1,67.6018,0.3948
19680000,59,250.954,-21697.8,62.5473,0.403422
19695000,74,327.372,-21690.5,79.1306,0.402233
19710000,66,286.411,-21689.8,54.3156,0.405333
19725000,67,277.29,-21706.8,69.0381,0.391711
19740000,69,286.357,-21684.8,89.1771,0.396867
19755000,62,261.102,-21676.9,66.351,0.3854
19770000,66,279.243,-21688.3,74.9439,0.389867
19785000,58,251.355,-21683.3,58.5121,0.391933
19800000,52,218.045,-21720,44.7514,0.3866
19815000,65,290.12,-21681.6,69.4668,0.386489
19830000,53,225.913,-21711.6,47.0634,0.3832
19845000,51,222.635,-21700.4,60.7989,0.376983
19860000,67,289.324,-21704.8,71.9235,0.391
19875000,59,271.681,-21702.6,57.8873,0.4016
19890000,79,353.268,-21682.8,67.4648,0.39204
19905000,86,381.192,-21688.7,85.8261,0.414533
19920000,80,357.041,-21684.7,103.193,0.4082
19935000,76,323.36,-21703.6,92.6901,0.4108
19950000,74,317.115,-21661.5,58.9695,0.400867
19965000,63,262.112,-21667.2,78.7681,0.397467
19980000,61,259.897,-21693.8,56.6405,0.3808
19995000,57,237.636,-21682.3,44.9279,0.377533
20010000,54,237.496,-21738.8,58.7081,0.385148
20025000,86,375.547,-21699.5,78.7219,0.405133
20040000,92,411.581,-21703.1,88.685,0.419933
20055000,68,270.955,-21717.1,59.7688,0.409667
20070000,49,212.791,-21736.1,55.3322,0.3899
20085000,55,242.343,-21720.6,54.0882,0.39716
20100000,52,226.321,-21726.1,48.5822,0.3803
20115000,68,289.87,-21694.8,73.7167,0.384533
20130000,70,323.49,-21693.8,52.4555,0.397307
20145000,58,257.367,-21721.5,55.1031,0.4084
20160000,76,338.398,-21689.5,68.9092,0.403833
20175000,66,299.746,-21675.7,66.3281,0.409533
20190000,63,271.304,-21677,60.6169,0.399867
20205000,60,259.107,-21675.6,64.9712,0.385933
20220000,68,298.922,-21704.6,62.1426,0.398733
20235000,50,223.519,-21717.7,55.3756,0.386267
20250000,59,252.007,-21699.3,51.6908,0.386467
20265000,54,246.1,-21728.3,54.5045,0.386648
20280000,60,270.175,-21744.6,64.0906,0.4018
20295000,49,217.715,-21722.6,50.7137,0.38848
20310000,67,289.115,-21733.3,59.3247,0.3996
20325000,74,337.469,-21680.4,77.6961,0.397467
20340000,69,301.794,-21669.4,64.0598,0.3956
20355000,76,333.66,-21676.9,63.4283,0.398533
20370000,66,285.774,-21666.1,73.6301,0.3974
20385000,62,260.838,-21742.5,62.1773,0.406238
20400000,64,280.11,-21726.4,63.9056,0.395878
20415000,64,279.058,-21699.3,70.2609,0.405667
20430000,66,284.079,-21680.5,58.6278,0.393667
20445000,50,219.701,-21734.3,39.9681,0.39985
20460000,67,285.265,-21695,74.0373,0.408133
20475000,61,270.939,-21682.8,55.9385,0.388
20490000,58,265.547,-21691.6,56.8632,0.3816
20505000,59,277.549,-21741.4,59.2675,0.396556
20520000,68,293.366,-21724.8,77.5551,0.403467
20535000,58,249.381,-21723.7,63.3588,0.399533
20550000,74,333.446,-21703.8,72.06,0.413267
20565000,59,252.376,-21715.6,59.4132,0.396492
20580000,59,270.494,-21717.4,63.6008,0.391467
20595000,55,258.084,-21709,61.3586,0.3926
20610000,61,270.127,-21729,59.9781,0.399383
20625000,55,234.293,-21731.1,43.3769,0.391156
20640000,73,325.619,-21702.4,86.9182,0.389067
20655000,66,290.439,-21723.9,67.2625,0.392267
20670000,66,283.464,-21682.9,50.6965,0.401967
20685000,57,255.197,-21730.6,57.3639,0.395967
20700000,60,236.286,-21690.6,63.2649,0.3988
20715000,61,258.926,-21722.5,54.4875,0.387867
20730000,57,257.103,-21727.2,51.9774,0.404092
20745000,58,257.813,-21725.6,56.7295,0.395333
20760000,51,230.329,-21704.3,52.965,0.395533
20775000,46,208.519,-21708.6,43.884,0.387722
20790000,51,229.601,-21716.8,48.2309,0.3838
20805000,64,270.104,-21702.1,46.4935,0.3816
20820000,50,230.482,-21712.6,55.8607,0.391167
20835000,53,222.28,-21732.6,53.5652,0.394267
20850000,53,235.553,-21730,63.8643,0.3982
20865000,66,279.05,-21707.4,80.1805,0.389133
20880000,48,209.999,-21729.7,57.279,0.391567
20895000,36,139.505,-21748.8,36.4726,0.391855
20910000,51,229.342,-21731.8,53.5021,0.390956
20925000,55,223.306,-21720.7,49.3994,0.381956
20940000,56,243.376,-21722.1,52.5779,0.3958
20955000,62,282.978,-21707.2,62.694,0.3908
20970000,47,204.844,-21733.3,48.3049,0.389467
20985000,62,280.217,-21725.1,65.6152,0.414967
21000000,67,316.54,-21693.8,56.7362,0.3976
21015000,67,303.044,-21705.1,60.7494,0.413733
21030000,60,252.884,-21714.8,63.6145,0.393167
21045000,55,244.54,-21714.2,54.2261,0.401067
21060000,55,236.103,-21707.5,54.7008,0.384467
21075000,54,245.933,-21739.8,44.4671,0.397267
21090000,54,246.769,-21732.4,55.8156,0.3968
21105000,58,250.076,-21697,65.2329,0.398867
21120000,42,189.684,-21756.8,38.6366,0.385053
21135000,56,237.663,-21727.2,58.1884,0.3984
21150000,52,224.553,-21691.8,59.5239,0.394256
21165000,64,276.532,-21679.4,49.0682,0.3784
21180000,77,332.79,-21680.8,70.5089,0.400533
21195000,74,331.069,-21690.3,78.4603,0.390333
21210000,61,262.08,-21690.9,59.9619,0.396
21225000,85,355.733,-21699.5,84.691,0.407067
21240000,81,362.141,-21685.3,87.66,0.4132
21255000,74,322.336,-21713.6,75.4344,0.406667
21270000,55,238.854,-21732.5,51.0664,0.388827
21285000,84,366.11,-21685.9,86.4245,0.417367
21300000,58,250.389,-21701.6,56.0228,0.392248
21315000,74,321.281,-21678.9,71.5149,0.413333
21330000,55,243.332,-21722.4,51.9956,0.386733
21345000,66,299.699,-21722.9,75.764,0.391933
21360000,71,295.592,-21698.3,86.3151,0.3996
21375000,66,284.551,-21725.9,64.1192,0.411483
21390000,73,327.753,-21687.6,71.0021,0.404733
21405000,42,173.807,-21733.4,41.5522,0.397756
21420000,64,266.825,-21693.2,83.3728,0.3921
21435000,72,313.942,-21696.2,56.4287,0.395733
21450000,66,275.229,-21696.9,61.4933,0.389
21465000,63,275.532,-21706.6,68.1036,0.388533
21480000,66,288.92,-21717.4,72.359,0.3986
21495000,63,268.902,-21699.7,60.307,0.3996
21510000,51,216.459,-21738.3,41.4401,0.38519
21525000,60,247.329,-21721.2,53.8869,0.395467
21540000,62,266.313,-21704.9,59.5891,0.392
21555000,53,225.692,-21713.2,49.4768,0.390333
21570000,59,263.747,-21721.2,62.9075,0.392533
21585000,49,211.866,-21704.1,42.7669,0.395933
21600000,56,237.361,-21714.9,46.3313,0.382667
21615000,65,287.051,-21694.2,65.6365,0.397533
21630000,69,293.112,-21683.3,69.9179,0.389133
21645000,65,262.263,-21675.3,62.1105,0.400533
21660000,63,277.449,-21718,54.5849,0.38646
21675000,58,250.532,-21687,67.0819,0.385467
21690000,55,230.43,-21707.9,66.5005,0.390733
21705000,52,212.898,-21685.4,40.8947,0.3775
21720000,62,263.372,-21693.3,75.1691,0.366533
21735000,57,254.457,-21719.1,61.0259,0.383631
21750000,68,303.641,-21702.7,66.6999,0.387633
21765000,55,254.632,-21689.6,56.113,0.383533
21780000,54,241.729,-21711.2,45.9778,0.3846
21795000,66,286.456,-21680.2,80.0307,0.387133
21810000,56,243.136,-21693.4,53.4634,0.382644
21825000,71,296.252,-21697.1,61.2059,0.4029
21840000,73,310.579,-21687.1,60.8746,0.407733
21855000,78,326.757,-21665.9,80.034,0.4132
21870000,72,317.235,-21676.5,61.2577,0.392533
21885000,62,272.918,-21710.6,54.3152,0.3872
21900000,79,348.277,-21669.9,78.6832,0.399333
21915000,94,407.713,-21668.9,84.7468,0.4064
21930000,91,404.611,-21663.4,78.0569,0.412733
21945000,80,341.762,-21672.6,68.998,0.415733
21960000,68,293.379,-21662.9,64.4838,0.3914
21975000,70,306.773,-21678.9,70.015,0.403267
21990000,72,317.739,-21665.5,70.5966,0.391
22005000,79,344.211,-21695,76.2746,0.395533
22020000,77,323.641,-21649.3,95.9403,0.388667
22035000,68,302.131,-21692.5,55.999,0.391115
22050000,99,419.026,-21664,103.907,0.393567
22065000,93,410.168,-21659.1,77.6302,0.399733
22080000,95,416.578,-21659.3,112.814,0.399933
22095000,112,489.073,-21652.6,115.267,0.413333
22110000,96,417.233,-21661.1,93.7234,0.407467
22125000,102,449.145,-21667.6,120.554,0.406733
22140000,63,284.407,-21683.5,69.8846,0.389962
22155000,94,404.843,-21646.7,84.3596,0.4021
22170000,85,366.744,-21643.4,96.8214,0.409867
22185000,79,329.618,-21650.9,76.2859,0.3958
22200000,80,353.27,-21645,64.4369,0.396067
22215000,84,373.675,-21657.1,89.5226,0.394067
22230000,75,321.561,-21639.1,62.7653,0.391067
22245000,75,317.729,-21653.9,77.8708,0.3944
22260000,74,321.35,-21673.8,96.9012,0.3932
22275000,73,293.146,-21674.6,60.4573,0.395467
22290000,50,227.946,-21733.4,48.7397,0.384348
22305000,88,384.599,-21668,84.1869,0.408333
22320000,73,312.693,-21660.5,70.9748,0.387213
22335000,76,326.912,-21677.8,71.7528,0.406667
22350000,69,298.365,-21671.7,81.9429,0.3703
22365000,69,291.105,-21670.6,76.1145,0.382
22380000,67,292.031,-21674.1,77.7734,0.371733
22395000,71,316.822,-21660.2,79.7139,0.382
22410000,71,307.404,-21666.3,66.6806,0.390333
22425000,69,291.804,-21651.8,66.1322,0.3826
22440000,72,318.502,-21691,98.5121,0.394524
22455000,72,315.119,-21667.2,70.8596,0.375167
22470000,59,251.937,-21693,61.4541,0.380733
22485000,60,267.631,-21704.9,57.2882,0.393378
22500000,61,263.6,-21661.2,69.0769,0.3775
22515000,68,297.438,-21697.8,68.3334,0.3914
22530000,60,247.262,-21669.4,63.6617,0.3854
22545000,69,305.785,-21677.4,71.3807,0.382333
22560000,60,243.446,-21670.9,60.1053,0.386467
22575000,66,287.713,-21681.6,54.3862,0.3696
22590000,69,318.846,-21712.7,65.3619,0.39424
22605000,75,319.058,-21708.9,68.5496,0.4012
22620000,54,231.689,-21696.1,61.6072,0.375844
22635000,83,359.063,-21684.8,88.0556,0.4002
22650000,92,418.248,-21674.9,86.9551,0.4092
22665000,72,333.018,-21673.6,80.2981,0.401667
22680000,73,319.542,-21655.4,80.2843,0.393333
22695000,67,293.071,-21693.7,63.0031,0.377707
22710000,82,360.4,-21668.2,72.5846,0.4092
22725000,79,354.246,-21680,79.2776,0.4142
22740000,70,316.297,-21680,56.5067,0.379289
22755000,70,303.681,-21698.3,68.9983,0.3977
22770000,59,243.772,-21687.6,62.4188,0.385567
22785000,56,248.441,-21693.7,46.2745,0.3848
22800000,59,264.611,-21694.3,81.1566,0.376533
22815000,55,245.115,-21684.8,57.5209,0.387067
22830000,58,255.375,-21677.7,64.5678,0.387533
22845000,70,294.65,-21709.7,98.8772,0.394
22860000,57,250.104,-21686.5,64.8592,0.373278
22875000,62,263.911,-21692.6,49.9606,0.374933
22890000,64,279.764,-21740.5,72.7978,0.388207
22905000,66,269.867,-21684.2,63.0081,0.392367
22920000,74,330.491,-21670.2,71.8901,0.388333
22935000,65,284.902,-21679.8,70.1786,0.407467
22950000,58,257.499,-21712.1,62.3148,0.405324
22965000,58,258.788,-21730.4,61.4007,0.397533
22980000,54,218.617,-21696.3,64.6526,0.386933
22995000,57,247.521,-21692.7,58.5979,0.3774
23010000,57,252.021,-21696.8,70.3321,0.379387
23025000,55,220.01,-21717,47.7509,0.382367
23040000,67,285.984,-21686.3,58.4713,0.4058
23055000,63,267.53,-21685.4,76.6777,0.381467
23070000,67,304.368,-21674.6,63.366,0.3834
23085000,80,339.545,-21674.3,67.0337,0.397667
23100000,65,292.174,-21741,53.8799,0.389748
23115000,70,308.373,-21676.2,81.3367,0.400433
23130000,67,311.192,-21688.3,61.4348,0.384533
23145000,80,355.165,-21690.5,91.6309,0.405133
23160000,92,409.2,-21663.7,79.2121,0.4124
23175000,96,399.14,-21657.3,101.936,0.422267
23190000,60,266.416,-21702.7,46.2941,0.378444
23205000,86,361.225,-21661.1,79.0839,0.4061
23220000,92,402.088,-21684.4,75.2815,0.4114
23235000,99,440.5,-21654.1,86.0139,0.418533
23250000,89,371.536,-21651.7,98.8871,0.413867
23265000,70,290.541,-21679.7,83.9788,0.380787
23280000,52,217.007,-21710.9,41.1355,0.394267
23295000,56,239.373,-21647,58.2262,0.3936
23310000,52,220.697,-21705.9,50.4443,0.3767
23325000,42,179.528,-21698.4,50.0653,0.369067
23340000,65,278.652,-21676.5,78.9066,0.389489
23355000,52,220.264,-21683.5,54.3788,0.385467
23370000,51,218.555,-21698.3,53.0199,0.359
23385000,48,212.431,-21703.6,45.2656,0.363783
23400000,54,232.659,-21687.7,61.3881,0.3667
23415000,50,209.338,-21703.6,60.7316,0.377533
23430000,60,255.617,-21697.7,53.8241,0.3791
23445000,64,291.213,-21694.7,73.7843,0.372767
23460000,54,239.717,-21689.5,75.7294,0.392867
23475000,51,211.095,-21700.2,45.3239,0.372133
23490000,60,263.677,-21706.9,48.4666,0.3782
23505000,57,252.357,-21689.3,51.6321,0.3804
23520000,56,248.349,-21686.1,57.5096,0.386267
23535000,59,254.685,-21703.7,63.1945,0.391867
23550000,48,214.64,-21705,49.0556,0.376667
23565000,52,228.836,-21712.4,43.6474,0.356467
23580000,53,212.602,-21673.8,43.1588,0.377783
23595000,51,227.795,-21687.3,66.7016,0.3608
23610000,64,276.056,-21682,62.3725,0.3701
23625000,70,292.108,-21661.9,70.7076,0.372867
23640000,80,335.579,-21685,86.0047,0.398733
23655000,75,318.779,-21671,68.959,0.3908
23670000,55,220.722,-21684.3,52.4503,0.390933
23685000,63,272.083,-21663.8,65.1172,0.369733
23700000,80,348.87,-21663.4,74.6974,0.389733
23715000,59,244.534,-21718,67.9403,0.381067
23730000,61,248.359,-21678.5,58.3902,0.3886
23745000,68,296.057,-21670.3,63.769,0.3852
23760000,67,287.599,-21662.1,70.5476,0.382267
23775000,65,287.817,-21692.4,71.2466,0.394867
23790000,71,304.655,-21678.6,62.2062,0.409733
23805000,73,312.833,-21706.3,71.9959,0.397733
23820000,77,341.712,-21675.6,82.8018,0.402533
23835000,47,194.877,-21699.7,49.2997,0.370525
23850000,52,222.567,-21725.7,53.2437,0.378267
23865000,69,305.458,-21697.9,64.8661,0.396067
23880000,72,323.881,-21704.5,79.7047,0.408
23895000,69,306.774,-21713.7,73.44,0.403333
23910000,75,327.225,-21717,74.1047,0.404
23925000,73,334.428,-21682.8,78.5559,0.4012
23940000,66,289.916,-21701.8,71.5312,0.394267
23955000,57,252.887,-21706.8,59.9136,0.387133
23970000,41,180.575,-21768.4,44.1935,0.390193
23985000,40,166.983,-21757.5,29.9321,0.375333
24000000,58,252.936,-21718.7,55.3942,0.3864
24015000,53,235.455,-21711.2,49.5251,0.386333
24030000,54,233.548,-21694.1,42.5907,0.379667
24045000,49,214.397,-21715,52.5227,0.375862
24060000,53,232.287,-21691,44.418,0.375533
24075000,63,262.684,-21698.3,75.8792,0.3844
24090000,44,191.411,-21716.2,43.6462,0.365333
24105000,43,172.078,-21779.3,49.1805,0.375983
24120000,69,304.344,-21705.6,64.4346,0.400733
24135000,54,226.841,-21693.3,60.382,0.359444
24150000,81,371.082,-21718.5,75.4819,0.406133
24165000,69,300.931,-21716.3,72.9772,0.423733
24180000,69,293.25,-21726.7,68.2291,0.411933
24195000,75,318.938,-21725.5,80.5899,0.4184
24210000,56,242.569,-21724.4,54.52,0.391857
24225000,58,248.232,-21750,72.4701,0.384667
24240000,41,179.2,-21708.3,47.6205,0.376695
24255000,54,223.768,-21720.8,56.367,0.383667
24270000,55,237.848,-21671.3,55.1897,0.391693
24285000,65,284.686,-21687.2,78.7984,0.3856
24300000,66,305.16,-21674.8,75.4812,0.388867
24315000,52,223.43,-21711.8,43.4582,0.392011
24330000,64,290.23,-21678.3,59.1651,0.391067
24345000,59,252.694,-21703.8,63.3841,0.370689
24360000,73,332.996,-21682.6,88.8717,0.413567
24375000,72,302.926,-21679.1,66.9002,0.3912
24390000,63,269.112,-21681.6,69.6621,0.3958
24405000,68,284.817,-21693.2,80.3934,0.382733
24420000,61,279.904,-21674,60.6937,0.392133
24435000,64,297.443,-21675.2,62.0142,0.378733
24450000,61,273.906,-21690.6,74.0501,0.385933
24465000,65,293.189,-21680.4,64.5291,0.3834
24480000,61,262.679,-21686.4,66.5149,0.395467
24495000,54,222.597,-21692.1,59.8132,0.375187
24510000,70,306.46,-21665.8,56.6752,0.384767
24525000,75,340.05,-21679.9,78.1699,0.3906
24540000,75,331.338,-21674.3,58.0529,0.395867
24555000,68,287.046,-21684.1,71.6664,0.3946
24570000,66,288.43,-21692.9,61.3025,0.391
24585000,75,310.651,-21680.1,87.0857,0.400333
24600000,73,312.02,-21679.9,90.8804,0.384752
24615000,66,289.073,-21681.1,74.3066,0.386733
24630000,67,287.669,-21681.1,77.5202,0.395067
24645000,69,283.242,-21686.8,71.8337,0.389333
24660000,44,178.582,-21730.1,46.8726,0.37971
24675000,71,304.973,-21688.4,64.0073,0.389333
24690000,58,240.234,-21719,56.5045,0.400133
24705000,56,241.415,-21693.1,58.8531,0.3859
24720000,67,296.453,-21711.2,70.9929,0.401767
24735000,64,267.763,-21705.1,57.9308,0.386567
24750000,49,213.57,-21736.7,52.4691,0.3865
24765000,50,224.695,-21712.8,53.3989,0.380667
24780000,57,251.184,-21691.4,47.9,0.37195
24795000,53,217.546,-21709.1,59.3276,0.388733
24810000,52,229.67,-21712.9,53.8638,0.3712
24825000,64,284.655,-21683.8,54.3838,0.377789
24840000,59,263.093,-21672.1,55.1151,0.384867
24855000,62,272.903,-21688.8,60.3291,0.388067
24870000,54,220.769,-21718.3,66.5537,0.392347
24885000,62,255.19,-21701.3,68.515,0.370733
24900000,60,272.207,-21682.6,47.7572,0.380989
24915000,50,208.969,-21698.1,40.4833,0.369933
24930000,42,174.351,-21715.2,26.0453,0.3892
24945000,65,287.093,-21690.6,53.7758,0.371117
24960000,78,341.398,-21698.6,70.667,0.402867
24975000,65,290.558,-21700.5,62.8308,0.4104
24990000,77,356.781,-21685.6,71.7959,0.400133
25005000,61,261.185,-21720.5,59.4996,0.399973
25020000,65,287.307,-21715.6,64.3558,0.402533
25035000,51,206.702,-21711.7,52.6838,0.4034
25050000,66,290.12,-21684.1,63.0213,0.383274
25065000,73,311.049,-21711.3,68.4841,0.394467
25080000,63,269.76,-21703.2,64.8123,0.398289
25095000,56,232.206,-21699.5,44.0644,0.384733
25110000,60,266.482,-21701,63.6038,0.403967
25125000,65,290.947,-21685.7,66.3853,0.393748
25140000,55,241.408,-21665.8,52.9367,0.377067
25155000,64,274.448,-21662.1,56.1001,0.377133
25170000,59,262.905,-21677.3,66.4983,0.381933
25185000,55,244.523,-21712.6,47.4962,0.373344
25200000,60,270.852,-21705.8,63.0575,0.3852
25215000,52,235.092,-21719.4,45.4739,0.383467
25230000,50,220.942,-21738.2,52.3085,0.399267
25245000,55,236.948,-21698.5,51.053,0.384573
25260000,71,321.166,-21689.7,78.5568,0.387267
25275000,57,262.803,-21674.5,58.1318,0.401067
25290000,54,243.681,-21704.2,56.8147,0.3742
25305000,42,170.769,-21736.1,50.1244,0.396547
25320000,57,261.799,-21678.3,60.3105,0.3739
25335000,44,194.828,-21714,47.394,0.36685
25350000,44,183.139,-21676.5,45.9209,0.3838
25365000,41,184.249,-21709.9,53.4412,0.3617
25380000,54,217.673,-21699.6,56.2899,0.383773
25395000,48,218.542,-21727.7,45.9549,0.377133
25410000,45,195.283,-21726,56.2285,0.358767
25425000,55,245.715,-21694.8,46.1685,0.383867
25440000,52,229.411,-21712.2,50.4245,0.369133
25455000,58,251.375,-21717.5,58.8501,0.3964
25470000,46,195.325,-21715.4,54.0899,0.3793
25485000,48,201.538,-21709.1,44.7019,0.374533
25500000,49,214.264,-21706,43.5767,0.378173
25515000,69,298.76,-21695.3,69.3226,0.40215
25530000,68,287.756,-21702.9,68.4347,0.4042
25545000,57,245.392,-21734.7,55.4193,0.375333
25560000,55,237.928,-21712.1,46.3119,0.386133
25575000,59,255.548,-21718,49.9828,0.403156
25590000,51,225.825,-21712.4,59.946,0.3803
25605000,56,237.437,-21710.3,49.0918,0.394867
25620000,54,257.785,-21693.6,66.1303,0.376548
25635000,49,219.419,-21696.4,54.573,0.380933
25650000,63,272.768,-21711.4,64.4664,0.398493
25665000,47,195.946,-21741.9,59.5388,0.4018
25680000,50,217.876,-21703.8,48.69,0.378556
25695000,49,230.254,-21722,39.8823,0.3993
25710000,54,239.668,-21709.4,50.1912,0.372633
25725000,45,203.963,-21732.6,48.648,0.386367
25740000,44,192.759,-21709.9,31.4643,0.37617
25755000,45,193.85,-21718.4,31.5349,0.364333
25770000,53,240.67,-21740.6,56.8289,0.391044
25785000,47,204.57,-21754.6,36.525,0.3934
25800000,53,230.542,-21727.7,52.1177,0.398867
25815000,35,159.265,-21740.2,33.488,0.355686
25830000,63,278.232,-21712.8,58.9587,0.383
25845000,75,327.733,-21706.6,66.8831,0.407133
25860000,68,293.681,-21684.7,72.6157,0.4036
25875000,42,193.689,-21735.7,47.8281,0.36285
25890000,40,172.772,-21737.1,48.166,0.367148
25905000,71,289.702,-21718.3,62.3746,0.406467
25920000,72,302.033,-21701.6,78.5754,0.3944
25935000,60,254.959,-21696.5,63.1667,0.394
25950000,59,261.244,-21723.6,58.6772,0.385733
25965000,72,310.533,-21703.7,74.1767,0.396133
25980000,46,214.775,-21730.6,35.069,0.370133
25995000,45,204.335,-21718.3,46.5871,0.368867
26010000,59,245.981,-21717.1,64.8124,0.377533
26025000,53,233.038,-21715.7,41.3855,0.387617
26040000,67,287.126,-21705.5,64.982,0.394067
26055000,57,249.062,-21715.5,65.3257,0.383667
26070000,74,340.333,-21704.8,84.7763,0.3882
26085000,69,304.73,-21709.1,66.5774,0.406733
26100000,62,271.781,-21715.3,62.6735,0.403867
26115000,60,255.353,-21726.5,55.1778,0.408
26130000,60,263.042,-21706,71.8018,0.397173
26145000,61,274.652,-21747.7,57.5388,0.396867
26160000,45,206.209,-21741.7,48.5139,0.385667
26175000,55,252.062,-21735.7,46.5017,0.375547
26190000,52,230.205,-21712.5,53.421,0.4012
26205000,48,212.089,-21718.1,46.9111,0.37688
26220000,58,254.936,-21751.8,63.1248,0.3866
26235000,47,211.244,-21722.5,63.1729,0.38108
26250000,44,181.559,-21723.3,48.0522,0.380822
26265000,50,230.404,-21743.5,50.012,0.372067
26280000,37,153.875,-21757,45.9951,0.367556
26295000,46,201.889,-21730.3,47.0196,0.366973
26310000,55,228.315,-21735.5,55.0331,0.368333
26325000,51,239.595,-21729.9,48.0043,0.37045
26340000,50,210.091,-21734.3,58.2217,0.368933
26355000,59,257.27,-21725,47.9354,0.381667
26370000,61,262.786,-21742.5,52.1271,0.3926
26385000,63,286.651,-21730.9,57.2413,0.394733
26400000,54,226.878,-21713.3,62.8985,0.406
26415000,56,234.389,-21726.7,54.9628,0.390867
26430000,51,225.085,-21694.6,49.4921,0.383633
26445000,48,221.953,-21747,50.2603,0.378352
26460000,59,259.794,-21719.5,50.7784,0.375267
26475000,53,238.267,-21739.3,46.4328,0.377533
26490000,52,219.621,-21746.9,59.1899,0.381433
26505000,27,115.512,-21769.7,24.4587,0.37765
26520000,47,206.664,-21725.1,45.9876,0.391
26535000,46,205.649,-21710.2,51.9139,0.365578
26550000,48,219.457,-21704.6,44.4435,0.361333
26565000,54,218.798,-21704.3,42.2806,0.380822
26580000,56,244.223,-21706,55.8464,0.385867
26595000,60,250.026,-21723.4,49.2827,0.387467
26610000,60,267.914,-21724.6,60.4995,0.3836
26625000,53,235.463,-21693.7,69.5809,0.394067
26640000,46,207.148,-21749.7,47.6056,0.379222
26655000,50,217.592,-21717,45.4505,0.3968
26670000,60,270.586,-21709.6,43.6627,0.390575
26685000,52,231.566,-21720.5,60.638,0.387667
26700000,48,214.178,-21706.9,54.1923,0.376933
26715000,52,223.115,-21705.3,62.0559,0.3852
26730000,56,239.421,-21699.8,67.8043,0.38001
26745000,54,239.66,-21705.5,55.7013,0.3747
26760000,46,186.126,-21732.9,49.2856,0.373633
26775000,57,242.082,-21694.1,55.1954,0.377867
26790000,60,250.188,-21691.3,53.824,0.3782
26805000,54,230.197,-21679.2,54.9993,0.3744
26820000,54,232.777,-21724.9,43.6322,0.3766
26835000,49,216.435,-21730.6,61.6178,0.378267
26850000,52,217.377,-21730.8,49.6648,0.381667
26865000,46,191.902,-21708.9,42.8925,0.367467
26880000,57,230.446,-21679.9,53.2717,0.377267
26895000,64,298.898,-21734.8,62.1558,0.391311
26910000,65,291.037,-21708.5,57.1999,0.388622
26925000,62,271.9,-21709,63.6483,0.389067
26940000,58,252.638,-21677.9,60.8201,0.38935
26955000,66,288.076,-21694.4,60.5319,0.3844
26970000,63,288.659,-21742.6,70.5495,0.397547
26985000,81,366.19,-21696.5,87.6667,0.406033
27000000,73,324.396,-21684.6,75.0348,0.405933
27015000,71,301.602,-21690.5,85.2739,0.407733
27030000,71,320.658,-21680.5,83.1213,0.3986
27045000,58,248.527,-21707.1,60.6689,0.387383
27060000,46,196.452,-21719.2,51.2895,0.383467
27075000,62,270.734,-21670.8,62.7139,0.384422
27090000,55,246.347,-21746.3,54.5091,0.394475
27105000,67,308.694,-21678.3,65.8626,0.375667
27120000,58,249.252,-21682.9,50.0847,0.3948
27135000,60,259.029,-21685.9,56.2364,0.3738
27150000,59,256.585,-21689.5,78.3406,0.391733
27165000,56,226.586,-21720.7,69.6226,0.381267
27180000,63,280.03,-21694,64.7162,0.384733
27195000,54,231.376,-21751.7,54.0145,0.3848
27210000,59,244.843,-21679.1,59.1203,0.385633
27225000,44,182.574,-21756.6,40.5474,0.3887
27240000,55,248.902,-21678.3,63.1616,0.386467
27255000,46,208.011,-21734.6,50.6055,0.393703
27270000,56,241.781,-21694.5,48.7505,0.3767
27285000,58,250.605,-21696.8,59.111,0.382867
27300000,62,260.3,-21693.4,53.2758,0.382733
27315000,52,228.469,-21730.5,55.5794,0.37805
27330000,49,197.362,-21743.1,41.0752,0.393133
27345000,61,262.79,-21684.9,51.6542,0.376756
27360000,71,293.351,-21665.6,77.4311,0.3836
27375000,86,387.806,-21665.9,84.2901,0.4
27390000,76,330.403,-21679.4,77.6828,0.405133
27405000,76,345.001,-21656,71.4785,0.398
27420000,80,357.174,-21650.2,76.7286,0.402333
27435000,87,395.325,-21688,83.5097,0.398867
27450000,54,240.073,-21722.9,62.9589,0.380502
27465000,70,321.537,-21686.8,77.0444,0.4041
27480000,68,304.906,-21685.1,62.2827,0.4008
27495000,75,320.181,-21695.9,90.6291,0.399333
27510000,77,337.077,-21660,82.6992,0.4046
27525000,78,338.86,-21672.8,85.9818,0.405
27540000,69,296.802,-21676.4,64.9859,0.392267
27555000,55,232.024,-21654.7,50.3178,0.3852
27570000,60,257.839,-21713.4,48.0013,0.386492
27585000,74,299.338,-21692.1,81.1631,0.3748
27600000,70,303.754,-21670.9,69.6192,0.392933
27615000,76,319.306,-21659.5,88.2449,0.3996
27630000,68,288.954,-21654.1,66.2827,0.405667
27645000,70,304.597,-21659.4,66.9075,0.3966
27660000,74,328.691,-21656.9,74.8067,0.397667
27675000,87,391.317,-21668.2,80.0061,0.399533
27690000,86,370.716,-21654.9,93.5718,0.4034
27705000,76,347.219,-21654.3,80.9842,0.4058
27720000,82,358.761,-21670,90.2448,0.396867
27735000,74,316.623,-21681.3,67.2591,0.406333
27750000,67,285.841,-21673.3,66.1233,0.384067
27765000,53,230.243,-21747.3,45.8886,0.382764
27780000,74,302.206,-21681.6,68.8217,0.392467
27795000,62,263.217,-21684.7,59.4111,0.386333
27810000,57,239.933,-21718.2,63.4837,0.38894
27825000,55,221.25,-21714,42.9987,0.383533
27840000,72,307.87,-21702.5,73.4354,0.379933
27855000,61,238.786,-21683.6,66.8589,0.397867
27870000,46,198.396,-21720.8,36.6306,0.379419
27885000,58,247.796,-21695.8,68.1389,0.3867
27900000,62,276.592,-21702.1,49.8618,0.3858
27915000,71,314.536,-21674.4,84.0728,0.385267
27930000,63,277.739,-21659,57.4557,0.383267
27945000,73,317.36,-21653.1,90.2563,0.372533
27960000,70,315.902,-21667.1,76.5961,0.392067
27975000,75,329.587,-21681.2,79.1609,0.389333
27990000,65,285.191,-21688,63.281,0.390667
28005000,49,209.584,-21739.3,47.6086,0.386074
28020000,62,274.616,-21698.7,61.0977,0.388033
28035000,47,202.832,-21724.4,51.5101,0.385929
28050000,58,250.232,-21686.6,51.815,0.375
28065000,57,233.303,-21692.4,56.8859,0.3782
28080000,54,230.631,-21710.9,54.6572,0.379733
28095000,56,241.883,-21670.5,63.2027,0.363267
28110000,58,252.585,-21671.8,52.6189,0.373
28125000,59,269.435,-21670.3,68.8526,0.365933
28140000,51,207.964,-21700.8,42.228,0.381829
28155000,64,259.868,-21691.5,62.2506,0.3789
28170000,51,217.62,-21699.7,57.217,0.391867
28185000,53,228.16,-21697.8,50.7897,0.364433
28200000,55,230.487,-21699.4,54.7308,0.371933
28215000,61,278.797,-21699.3,58.719,0.389267
28230000,56,233.597,-21689.6,46.2003,0.3844
28245000,64,267.47,-21683.3,76.1865,0.381733
28260000,68,294.167,-21687.6,70.0766,0.388667
28275000,55,233.1,-21708.7,49.2461,0.383
28290000,39,180.054,-21747.1,40.7534,0.380551
28305000,62,284.542,-21675.1,64.249,0.378933
28320000,55,244.492,-21688.5,54.6312,0.3876
28335000,45,200.509,-21710.9,48.1488,0.361089
28350000,61,261.95,-21722.7,51.8192,0.3936
28365000,68,293.679,-21693.2,81.9581,0.398867
28380000,57,241.824,-21707.1,58.3578,0.381567
28395000,63,276.474,-21706.4,66.7863,0.392533
28410000,51,219.408,-21704.9,42.8866,0.389956
28425000,53,247.218,-21725.1,60.1567,0.371533
28440000,59,247.106,-21701.5,67.985,0.376781
28455000,58,242.491,-21703.6,43.1399,0.3847
28470000,64,276.451,-21694.9,74.0837,0.395867
28485000,63,270.855,-21681.8,70.4983,0.395733
28500000,67,281.719,-21712.9,71.828,0.389619
28515000,51,211.021,-21704.8,45.1524,0.391617
28530000,54,226.629,-21709.2,52.8768,0.376533
28545000,72,307.267,-21707.2,73.424,0.4032
28560000,48,195.917,-21702.5,60.5735,0.3925
28575000,57,236.27,-21739.3,64.7364,0.394467
28590000,62,262.586,-21715.3,58.4951,0.380714
28605000,61,273.801,-21717.1,55.6029,0.396067
28620000,64,269.343,-21727,58.8967,0.4082
28635000,61,282.894,-21703.5,58.3064,0.399022
28650000,70,314.07,-21705.8,81.0926,0.3944
28665000,65,285.035,-21738.6,61.3181,0.410622
28680000,53,226.024,-21696.6,50.2359,0.401733
28695000,52,222.046,-21715.4,38.1391,0.405567
28710000,42,173.788,-21713.1,48.0658,0.370317
28725000,59,250.445,-21690.2,60.983,0.3876
28740000,59,261.345,-21704.8,70.9704,0.391667
28755000,51,211.093,-21720.6,63.743,0.3933
28770000,38,159.456,-21698.4,31.8062,0.354483
28785000,76,319.508,-21676.5,59.3661,0.393378
28800000,72,317.793,-21677,67.8963,0.402
28815000,50,214.603,-21722.5,54.3308,0.394383
28830000,76,336.187,-21700.1,66.9585,0.404067
28845000,70,312.553,-21688.7,81.3529,0.418467
28860000,65,287.774,-21713,57.3338,0.410667
28875000,51,222.54,-21734.5,31.2859,0.397567
28890000,78,348.828,-21674.3,67.4237,0.402767
28905000,79,338.899,-21646.1,70.762,0.404533
28920000,102,433.996,-21634.4,85.2926,0.410933
28935000,99,423.314,-21644.5,96.9533,0.424667
28950000,86,381.541,-21653.2,75.5824,0.412333
28965000,81,356.268,-21665.9,82.2059,0.409533
28980000,78,340.753,-21651.5,91.4821,0.403533
28995000,87,379.509,-21672.5,84.544,0.409667
29010000,99,449.196,-21659.1,95.1219,0.420867
29025000,95,413.477,-21647.3,92.404,0.423133
29040000,94,389.658,-21661.7,74.6875,0.424067
29055000,83,339.017,-21645,83.4639,0.416867
29070000,61,250.463,-21677.1,51.1614,0.39679
29085000,64,275.4,-21673.6,62.7781,0.3982
29100000,70,283.234,-21667.1,70.1705,0.3988
29115000,67,282.888,-21668.4,61.3503,0.386733
29130000,70,293.902,-21678.6,63.4978,0.402133
29145000,74,317.137,-21672.1,70.4316,0.3984
29160000,67,295.238,-21703.2,60.2125,0.408867
29175000,53,228.194,-21708.1,56.388,0.373756
29190000,79,349.452,-21689.8,74.1805,0.4022
29205000,48,193.563,-21702.2,46.5518,0.389433
29220000,61,258.231,-21689.4,55.1799,0.395133
29235000,69,289.296,-21688.3,60.951,0.404533
29250000,69,291.722,-21680.8,66.9448,0.392867
29265000,52,225.954,-21708.1,53.6692,0.382533
29280000,81,354.097,-21670.8,86.95,0.401833
29295000,84,358.697,-21678.1,88.4971,0.408067
29310000,78,341.606,-21675.5,65.8084,0.403733
29325000,68,292.763,-21712.3,65.5548,0.393443
29340000,71,309.44,-21669.9,71.3033,0.402567
29355000,73,306.556,-21673.8,61.0317,0.403733
29370000,62,281.715,-21697.2,61.0369,0.386971
29385000,68,284.239,-21680.2,66.3516,0.390967
29400000,56,244.286,-21710,53.4865,0.3901
29415000,67,293.031,-21668.7,61.572,0.384833
29430000,69,310.606,-21683.9,61.0695,0.399
29445000,51,214.573,-21700.4,59.6234,0.378556
29460000,77,339.041,-21669.3,72.4242,0.401
29475000,86,364.281,-21697.2,87.7528,0.410933
29490000,76,320.549,-21705.2,77.1482,0.3968
29505000,79,343.357,-21710.9,102.361,0.408667
29520000,70,298.658,-21678.6,86.7941,0.4054
29535000,54,233.666,-21714.3,48.751,0.385067
29550000,52,213.41,-21685.7,52.4766,0.390369
29565000,59,248.239,-21686,51.6,0.3674
29580000,54,241.437,-21711.5,37.7694,0.371267
29595000,48,211.58,-21709,46.7348,0.3804
29610000,59,251.625,-21703.3,47.5024,0.398044
29625000,64,269.93,-21714.2,57.33,0.394867
29640000,67,296.335,-21725.9,76.5662,0.399933
29655000,67,290.084,-21697.1,72.188,0.404733
29670000,61,259.532,-21697.3,42.6973,0.402333
29685000,55,240.77,-21747.7,72.7286,0.390387
29700000,54,235.166,-21721.8,63.5449,0.400933
29715000,59,258.686,-21700.3,72.4176,0.385044
29730000,54,248.782,-21710.1,62.0864,0.370141
29745000,65,270.596,-21690,72.7866,0.4
29760000,59,251.116,-21681.2,53.638,0.386067
29775000,54,239.517,-21730.4,45.2872,0.384347
29790000,82,348.504,-21671.1,77.5078,0.388067
29805000,79,345.797,-21680.4,83.258,0.416933
29820000,80,345.106,-21686.2,83.3204,0.401867
29835000,66,289.387,-21685.8,54.6515,0.402
29850000,65,298.765,-21669.2,55.7928,0.384533
29865000,66,282.115,-21669,63.2448,0.3862
29880000,61,265.122,-21679.1,59.7357,0.381
29895000,56,234.188,-21702.7,60.6785,0.371467
29910000,59,266.267,-21723,50.8672,0.386067
29925000,63,272.756,-21707.7,59.9106,0.398444
29940000,46,201.313,-21709.1,43.9845,0.380467
29955000,67,295.256,-21663.1,65.9559,0.391833
29970000,78,339.237,-21697.2,80.5373,0.387533
29985000,66,301.634,-21708.9,65.2598,0.3956
