generation,N_shifts,logPrior,logLik,eventRate,acceptRate
0,0,0.924773,-24227.4,71.668,1
15000,0,0.115558,-22063.4,3.05932,0.147257
30000,1,6.07541,-22061.6,2.1993,0.149567
45000,0,1.2009,-22066.3,0.601243,0.150286
60000,3,16.6519,-22024.1,1.8522,0.2027
75000,2,10.7174,-22023.8,2.85565,0.254133
90000,2,10.9657,-22021.5,1.2659,0.3012
105000,4,18.8221,-21993.4,3.73214,0.292667
120000,4,10.9181,-21995.6,5.14895,0.295533
135000,7,29.2271,-21955.3,13.9217,0.271008
150000,9,36.933,-21945.3,7.28306,0.299789
165000,6,27.7041,-21954,8.46233,0.317333
180000,7,29.5585,-21929.8,8.88367,0.3122
195000,14,64.9245,-21877.7,11.3827,0.32405
210000,7,29.9824,-21935.2,4.90969,0.323856
225000,8,25.9155,-21906.1,12.1988,0.290533
240000,9,35.908,-21875.8,11.2387,0.306
255000,11,40.2253,-21860.3,11.0174,0.319867
270000,17,67.2399,-21859.3,23.5139,0.317067
285000,27,114.282,-21814.2,44.5582,0.337533
300000,30,107.185,-21761.5,33.5931,0.373467
315000,33,142.689,-21776.4,27.022,0.3694
330000,33,130.577,-21759.7,28.5814,0.359533
345000,41,174.924,-21752.7,28.8476,0.3826
360000,39,172.79,-21742,37.1511,0.387333
375000,35,158.602,-21752.1,45.4184,0.375
390000,40,168.006,-21709.1,45.6816,0.3814
405000,42,187.548,-21735,35.726,0.3854
420000,41,179.47,-21721.6,40.7516,0.378533
435000,36,164.594,-21736,40.4281,0.400733
450000,32,141.997,-21779.9,43.5525,0.352324
465000,25,105.343,-21787.2,18.1484,0.325525
480000,37,154.685,-21702.4,29.2871,0.380889
495000,39,177.377,-21708.3,46.292,0.3744
510000,35,160.193,-21728.7,31.5133,0.388267
525000,28,115.396,-21753.7,26.4301,0.38304
540000,38,178.997,-21746.6,42.4923,0.390467
555000,26,110.447,-21729.3,30.9954,0.368111
570000,42,192.784,-21685.7,35.387,0.384683
585000,29,131.509,-21758.3,20.276,0.384178
600000,26,117.011,-21744.3,29.6919,0.363133
615000,48,216.774,-21743.9,45.3951,0.381867
630000,42,189.203,-21684.1,38.4647,0.388383
645000,47,208.123,-21706.9,39.1908,0.3832
660000,45,206.104,-21687.6,58.4643,0.395933
675000,44,188.349,-21700.9,53.4975,0.375333
690000,55,237.997,-21694.6,43.2886,0.38177
705000,44,188.744,-21698.3,36.6161,0.396
720000,42,183.958,-21712.8,46.1289,0.386067
735000,49,220.684,-21665.2,63.2813,0.385133
750000,54,229.438,-21682.3,39.7126,0.392267
765000,53,226.629,-21664,68.5869,0.391
780000,49,210.228,-21690.3,51.6734,0.391212
795000,60,242.139,-21648.9,52.8265,0.3994
810000,50,210.158,-21708.1,44.2959,0.385367
825000,46,191.885,-21704.5,46.3245,0.389067
840000,51,234.147,-21683.7,51.7518,0.380217
855000,52,226.16,-21696.4,46.7266,0.3946
870000,49,208.101,-21678.7,55.0799,0.382813
885000,56,246.416,-21656.3,52.0535,0.392178
900000,64,279.258,-21670,56.671,0.397733
915000,48,190.905,-21688.7,49.6631,0.4006
930000,58,259.272,-21681.1,71.2204,0.396933
945000,49,199.201,-21699.7,38.4065,0.39344
960000,49,208.332,-21692.7,46.1876,0.39499
975000,47,194.34,-21674.1,50.7441,0.3772
990000,50,211.484,-21694.7,48.5627,0.374467
1005000,66,286.16,-21677.1,62.4006,0.396213
1020000,45,192.314,-21702,42.917,0.3885
1035000,42,180.848,-21683.6,35.0774,0.402667
1050000,54,226.789,-21680.9,56.9592,0.386133
1065000,50,224.832,-21705.7,43.2289,0.403267
1080000,49,217.593,-21689.5,55.6256,0.396533
1095000,54,220.662,-21675.3,51.1852,0.385133
1110000,62,259.943,-21674.4,52.1621,0.3922
1125000,63,272.073,-21697.2,74.4176,0.383295
1140000,54,243.983,-21680.9,50.9139,0.383933
1155000,55,234.61,-21657,50.9057,0.394556
1170000,52,220.78,-21636.7,57.1474,0.381467
1185000,56,240.992,-21643.3,55.527,0.377267
1200000,74,325.362,-21673.5,93.1572,0.388933
1215000,71,310.351,-21656.3,74.4391,0.395867
1230000,51,235.186,-21659.3,46.6751,0.399867
1245000,59,254.126,-21659.9,71.4098,0.3966
1260000,47,201.228,-21674.9,44.569,0.379667
1275000,36,161.964,-21684,41.0549,0.375667
1290000,45,186.829,-21703.4,33.6805,0.385533
1305000,44,196.71,-21687.4,52.2126,0.382127
1320000,42,184.647,-21686.3,44.1633,0.383933
1335000,43,181.891,-21695.4,45.8402,0.389405
1350000,56,250.022,-21682.2,52.8532,0.392733
1365000,62,267.498,-21682.8,59.0762,0.3896
1380000,55,246.703,-21678,53.5651,0.39165
1395000,54,235.818,-21688,42.5063,0.398048
1410000,50,216.9,-21688.3,49.3748,0.3956
1425000,54,241.197,-21678.5,52.3928,0.394133
1440000,49,207.567,-21674.4,41.5362,0.3926
1455000,58,272.098,-21687.8,66.3275,0.3982
1470000,52,222.366,-21673.7,50.0213,0.400238
1485000,56,246.53,-21664.7,54.8028,0.3984
1500000,44,188.097,-21682.3,58.9038,0.391111
1515000,57,241.985,-21668.8,57.9145,0.388
1530000,48,205.861,-21677,46.0928,0.388367
1545000,55,243.76,-21674.1,57.6342,0.382333
1560000,63,276.518,-21670.4,74.181,0.390222
1575000,55,222.257,-21644.5,38.9161,0.3974
1590000,49,199.366,-21663.4,50.1923,0.386578
1605000,62,274.131,-21629.3,48.6504,0.383033
1620000,79,336.078,-21636.5,73.6493,0.424
1635000,84,349.864,-21629.9,80.4359,0.426467
1650000,76,329.254,-21616.7,75.1102,0.410533
1665000,63,275.356,-21639.8,52.1271,0.3926
1680000,69,293.032,-21654.2,76.4144,0.398022
1695000,67,282.183,-21664.6,70.2476,0.406267
1710000,63,264.398,-21656.4,52.6957,0.407267
1725000,56,241.551,-21652.1,70.4891,0.399333
1740000,61,261.16,-21650.9,46.0124,0.395933
1755000,50,218.574,-21683.2,50.8629,0.389233
1770000,62,252.049,-21649.2,62.9604,0.384244
1785000,58,250.084,-21659.8,61.8549,0.396356
1800000,50,220.838,-21651,55.378,0.397778
1815000,80,347.489,-21632.3,81.505,0.387156
1830000,75,333.964,-21622.3,69.466,0.4058
1845000,64,275.282,-21602.1,73.3898,0.387067
1860000,61,257.897,-21626.8,67.4824,0.381933
1875000,65,278.273,-21628.3,67.5236,0.380067
1890000,59,260.215,-21643.2,63.6825,0.38799
1905000,59,260.284,-21649.9,61.5071,0.381467
1920000,60,262.019,-21657.8,57.7096,0.395333
1935000,69,308.957,-21650.9,71.9098,0.3958
1950000,72,321.288,-21619.4,54.9576,0.39272
1965000,72,319.727,-21627.7,68.5185,0.404233
1980000,73,319.081,-21628.1,82.5759,0.395
1995000,60,257.36,-21625,52.4904,0.393489
2010000,61,266.895,-21624.4,81.6578,0.3811
2025000,59,263.468,-21633.2,64.3268,0.383133
2040000,64,260.252,-21656.4,85.593,0.39135
2055000,63,277.974,-21654.1,66.4692,0.3858
2070000,81,352.24,-21663.9,81.5993,0.403933
2085000,58,257.845,-21670.9,58.2407,0.4128
2100000,69,314.635,-21652.4,76.8179,0.394667
2115000,52,224.186,-21644.8,64.5155,0.389422
2130000,66,294.147,-21648.3,67.732,0.3979
2145000,65,291.498,-21652.7,68.6319,0.401381
2160000,71,307.631,-21650.6,62.8507,0.405867
2175000,70,291.764,-21644.9,74.7621,0.394133
2190000,69,290.568,-21639.9,60.0139,0.4106
2205000,68,309.558,-21652.5,57.4891,0.4038
2220000,58,255.523,-21656.3,70.5277,0.403333
2235000,56,240.048,-21649,55.6205,0.389
2250000,59,259.042,-21660.1,54.3042,0.378233
2265000,65,299.986,-21657.1,70.4824,0.4046
2280000,63,281.91,-21659.4,70.0322,0.413267
2295000,69,305.402,-21653.3,71.984,0.398517
2310000,62,261.97,-21641.5,59.8259,0.398333
2325000,76,325.881,-21626.3,75.7003,0.399267
2340000,85,382.279,-21639.2,88.4387,0.415733
2355000,72,321.316,-21644.4,81.9466,0.414267
2370000,68,301.583,-21653.9,70.9768,0.394111
2385000,51,224.927,-21654.9,49.7377,0.4042
2400000,49,218.887,-21666,42.9254,0.39167
2415000,59,260.056,-21633.1,51.1416,0.4065
2430000,67,299.79,-21661.6,71.4378,0.390244
2445000,47,190.9,-21666.8,56.5119,0.3918
2460000,46,204.567,-21663,45.341,0.372667
2475000,51,238.891,-21676.3,56.593,0.381067
2490000,69,285.159,-21626.5,82.4135,0.388678
2505000,57,245.886,-21671.7,46.8243,0.387778
2520000,71,311.298,-21645.6,50.3748,0.394733
2535000,62,280.354,-21633.4,60.9048,0.390933
2550000,64,276.48,-21647.2,47.8944,0.3962
2565000,69,304.098,-21654.6,75.7534,0.403367
2580000,51,224.287,-21670,54.475,0.4082
2595000,54,225.723,-21662.6,52.7408,0.384933
2610000,56,226.183,-21651,35.9531,0.386333
2625000,68,278.037,-21665.5,69.407,0.398773
2640000,56,241.675,-21659,62.6904,0.403178
2655000,48,205.543,-21640.9,52.4811,0.388
2670000,57,258.477,-21662.9,67.9707,0.389667
2685000,59,259.644,-21658.8,40.6046,0.387707
2700000,52,219.553,-21685.8,56.7451,0.403533
2715000,64,290.826,-21635.7,70.5225,0.397511
2730000,53,231.303,-21667.5,56.6847,0.3988
2745000,57,265.278,-21657.5,48.1495,0.375283
2760000,73,327.093,-21636.5,72.1106,0.4146
2775000,61,262.592,-21642.4,56.3818,0.4106
2790000,60,265.921,-21632.7,57.5071,0.395
2805000,64,281.584,-21664.5,58.0969,0.3907
2820000,65,276.288,-21691.7,74.7396,0.401642
2835000,53,234.114,-21665.4,34.1834,0.390633
2850000,47,211.194,-21683.8,39.7629,0.4068
2865000,57,240.891,-21679,62.5262,0.4026
2880000,66,289.764,-21636.8,70.0845,0.394578
2895000,70,294.741,-21646.9,68.4939,0.4042
2910000,65,268.653,-21654.5,74.9945,0.399111
2925000,75,336.73,-21646.6,79.2159,0.401767
2940000,66,280.634,-21680.3,65.8564,0.389029
2955000,58,248.586,-21646.7,68.9174,0.408
2970000,82,363.01,-21634.2,76.8614,0.405222
2985000,60,264.43,-21647.9,69.6494,0.399467
3000000,56,260.946,-21656.4,67.4303,0.384933
3015000,53,233.645,-21657.6,59.9047,0.3882
3030000,51,218.906,-21638.4,57.9672,0.385667
3045000,52,207.514,-21670.4,54.9447,0.402296
3060000,61,255.563,-21624.6,49.4096,0.385867
3075000,57,258.069,-21629.1,60.7864,0.378267
3090000,57,264.07,-21635.4,50.5244,0.393267
3105000,45,191.058,-21673.1,53.8041,0.368078
3120000,65,278.676,-21646.1,64.7946,0.38644
3135000,63,277.061,-21637.6,56.7477,0.3898
3150000,52,237.31,-21675.2,48.7272,0.372733
3165000,63,282.585,-21637,76.6448,0.399467
3180000,53,236.481,-21623,46.7093,0.371467
3195000,56,233.873,-21618.9,54.4669,0.373867
3210000,56,253.423,-21663.9,59.6546,0.388722
3225000,71,283.82,-21626.3,77.3006,0.399667
3240000,44,188.487,-21649.8,42.1632,0.379089
3255000,65,303.272,-21660,75.8083,0.391089
3270000,49,224.683,-21642.5,51.0955,0.393711
3285000,59,250.37,-21672.7,63.959,0.387533
3300000,70,299.226,-21650.8,54.7332,0.414267
3315000,60,255.134,-21663.9,63.3121,0.387311
3330000,45,216.022,-21693.5,45.7177,0.381944
3345000,61,264.233,-21660.5,56.2686,0.394333
3360000,58,266.615,-21668.1,51.7155,0.389489
3375000,56,234.054,-21665.7,75.2906,0.3716
3390000,64,281.608,-21667.9,74.3768,0.400367
3405000,38,173.296,-21688.8,36.3331,0.37596
3420000,67,298.948,-21644.4,72.6689,0.393233
3435000,80,335.791,-21637,77.8494,0.39855
3450000,67,272.899,-21644.1,85.1427,0.405
3465000,64,288.313,-21628.4,66.6513,0.4064
3480000,79,336.422,-21636.8,84.1984,0.405267
3495000,81,358.873,-21618,79.2423,0.401667
3510000,78,335.3,-21622.1,100.203,0.411533
3525000,75,326.142,-21646.8,68.0538,0.4088
3540000,54,237.795,-21679.2,48.216,0.386089
3555000,79,359.242,-21636.4,96.1852,0.413333
3570000,71,310.766,-21651.5,65.6968,0.4114
3585000,78,342.412,-21660.2,80.5041,0.4087
3600000,76,322.727,-21640.4,82.558,0.413667
3615000,58,274.337,-21661.1,43.2912,0.408
3630000,65,272.875,-21673.1,78.5946,0.4003
3645000,73,332.114,-21636.5,69.7738,0.411433
3660000,63,274.176,-21648.9,57.9911,0.3923
3675000,87,398.32,-21628,84.3145,0.4111
3690000,72,313.089,-21642.4,88.2214,0.404333
3705000,69,298.966,-21650.9,84.8822,0.409067
3720000,72,328.488,-21637.6,69.9378,0.3896
3735000,63,281.603,-21614.8,61.1414,0.399667
3750000,64,275.804,-21659.2,53.908,0.4034
3765000,66,298.514,-21632.7,63.6545,0.407933
3780000,65,277.183,-21627.1,52.8932,0.388067
3795000,72,301.936,-21645.2,63.1977,0.40128
3810000,74,316.091,-21669.4,69.3767,0.411567
3825000,80,354.882,-21654.9,96.513,0.4178
3840000,82,363.642,-21626,83.5392,0.422667
3855000,54,240.448,-21638.3,56.1898,0.407967
3870000,62,274.502,-21643.9,52.124,0.409867
3885000,57,248.555,-21643.2,57.2201,0.393193
3900000,65,294.056,-21654.7,62.1856,0.397633
3915000,56,237.579,-21665.4,65.6838,0.3984
3930000,61,262.872,-21649.2,65.5697,0.391973
3945000,57,243.561,-21649.2,48.9411,0.382467
3960000,58,260.921,-21687.8,62.9498,0.396133
3975000,52,221.547,-21692.1,60.6012,0.389867
3990000,75,341.238,-21635.4,67.3961,0.391933
4005000,64,281.963,-21631.8,59.1648,0.394467
4020000,60,260.653,-21698.7,70.4481,0.389585
4035000,52,212.094,-21688.9,47.1911,0.412733
4050000,58,243.267,-21665.3,59.0823,0.402733
4065000,68,314.109,-21644.6,70.3277,0.4079
4080000,59,261.525,-21652.7,59.4821,0.3964
4095000,62,274.413,-21637.5,66.0497,0.399467
4110000,47,206.325,-21689,44.9319,0.379293
4125000,59,250.784,-21681.1,64.3255,0.3874
4140000,69,297.229,-21649.1,75.1432,0.394211
4155000,52,243.328,-21622,52.5994,0.399067
4170000,40,175.391,-21687.7,49.0733,0.380167
4185000,47,223.595,-21687.8,42.0747,0.394
4200000,42,189.312,-21697.3,42.095,0.391867
4215000,59,245.942,-21650.9,50.6498,0.392483
4230000,43,189.06,-21680.1,45.5892,0.391633
4245000,57,244.424,-21645.9,44.6919,0.399571
4260000,43,194.329,-21646.3,43.2038,0.386178
4275000,61,259.345,-21648.6,60.5087,0.3788
4290000,66,299.139,-21639.9,72.2628,0.401733
4305000,64,285.085,-21650.6,69.4024,0.399267
4320000,50,227.142,-21648.7,39.8034,0.383667
4335000,59,271.443,-21660.3,65.7408,0.397267
4350000,43,194.249,-21674.4,42.4889,0.385
4365000,37,160.803,-21704.5,33.1696,0.391326
4380000,41,181.267,-21669.4,47.4867,0.393689
4395000,43,188.327,-21683.2,50.3401,0.3722
4410000,47,205.779,-21693.1,46.5597,0.3905
4425000,40,180.916,-21695.3,40.5623,0.375667
4440000,56,233.208,-21689.7,57.4463,0.379733
4455000,56,245.426,-21667.8,48.898,0.393967
4470000,69,310.857,-21674.9,77.9428,0.402333
4485000,61,257.799,-21691.4,55.9576,0.4164
4500000,57,240.344,-21659.7,69.2775,0.393611
4515000,59,273.202,-21664.2,42.7164,0.4016
4530000,66,297.07,-21673,58.6462,0.414133
4545000,63,275.092,-21665.2,78.5074,0.397438
4560000,57,244.535,-21684,61.7655,0.4153
4575000,57,230.995,-21664.4,54.6505,0.406033
4590000,66,279.203,-21659,66.4967,0.4188
4605000,60,258.831,-21664.4,61.2051,0.402533
4620000,54,239.691,-21654.9,66.5013,0.3943
4635000,46,196.968,-21675,46.5721,0.386033
4650000,56,240.18,-21676.1,57.2153,0.394788
4665000,53,241.283,-21676.9,55.4485,0.3986
4680000,72,323.342,-21668.8,65.2373,0.3981
4695000,58,251.933,-21651.8,59.8781,0.404317
4710000,66,270.647,-21641.9,64.6677,0.395467
4725000,64,282.232,-21647.9,57.1638,0.398933
4740000,77,342.87,-21646.3,71.53,0.402
4755000,61,265.365,-21678.2,63.3273,0.410733
4770000,71,294.094,-21637.1,83.282,0.404
4785000,69,297.692,-21638.8,56.5557,0.404533
4800000,45,198.211,-21683.8,46.7681,0.383207
4815000,67,286.941,-21651.5,71.717,0.401456
4830000,64,285.987,-21649.4,64.2867,0.402444
4845000,66,272.133,-21641.3,63.1751,0.3964
4860000,69,301.422,-21658.5,73.4742,0.4042
4875000,77,337.371,-21652.5,86.5347,0.414533
4890000,56,248.066,-21671.9,58.4418,0.390507
4905000,60,244.914,-21662.8,57.5796,0.397667
4920000,80,350.456,-21628.6,78.5701,0.409467
4935000,64,268.844,-21661.2,65.0048,0.404067
4950000,71,314.545,-21656.8,67.2057,0.415467
4965000,64,280.156,-21666.9,58.4333,0.410533
4980000,60,257.088,-21667.5,77.8092,0.403844
4995000,59,253.182,-21673.5,73.0033,0.395667
5010000,73,307.144,-21682.2,72.0128,0.4054
5025000,51,241.068,-21678.5,55.1838,0.389293
5040000,58,247.788,-21656.9,59.4575,0.409667
5055000,56,249.395,-21662.8,68.9409,0.400367
5070000,66,295.963,-21657.2,79.3668,0.379533
5085000,63,269.9,-21651.7,51.047,0.400022
5100000,58,245.228,-21633.8,57.9404,0.387533
5115000,73,311.16,-21641.5,61.731,0.395933
5130000,60,281.881,-21649.3,67.2529,0.406533
5145000,66,302.559,-21649.1,55.918,0.396467
5160000,68,297.528,-21649.3,71.4793,0.398067
5175000,48,201.384,-21655.6,57.4277,0.390422
5190000,52,226.892,-21663.2,48.712,0.382661
5205000,67,287.196,-21657.6,55.2597,0.396156
5220000,50,214.006,-21653.2,48.3911,0.383444
5235000,58,257.557,-21650.7,55.5772,0.3812
5250000,69,306.059,-21640.3,78.7241,0.409556
5265000,66,276.085,-21652.6,56.665,0.3982
5280000,65,267.752,-21618.5,62.0639,0.392733
5295000,66,294.943,-21642.5,58.1977,0.394444
5310000,66,311.014,-21642.8,57.1374,0.398533
5325000,63,258.696,-21657.5,63.8687,0.4008
5340000,54,235.212,-21650.2,61.6306,0.38832
5355000,63,258.569,-21658.7,68.1524,0.390467
5370000,70,281.463,-21625.8,76.7515,0.393067
5385000,78,341.38,-21612.1,74.273,0.4104
5400000,73,317.825,-21632.4,88.0187,0.412133
5415000,66,292.32,-21670.9,55.5821,0.394233
5430000,69,307.945,-21636.2,78.5435,0.398733
5445000,68,302.331,-21632.6,67.5868,0.392933
5460000,79,344.015,-21624.9,75.7625,0.406867
5475000,71,314.063,-21617.1,64.4643,0.3986
5490000,54,232.198,-21653.3,53.4419,0.38462
5505000,75,312.885,-21633.3,63.1711,0.411333
5520000,45,203.725,-21688,48.0969,0.391333
5535000,57,248.799,-21644.4,49.5931,0.389833
5550000,62,270.432,-21636.2,61.3684,0.3974
5565000,58,258.695,-21684.5,62.5514,0.395533
5580000,55,256.319,-21688.3,54.8811,0.4064
5595000,52,220.97,-21639.2,51.6534,0.385889
5610000,49,209.595,-21662.8,33.9355,0.406633
5625000,69,294.112,-21654.9,79.4264,0.388429
5640000,62,274.18,-21670.4,63.4133,0.404033
5655000,58,253.16,-21661.3,56.1202,0.400467
5670000,52,215.94,-21661.5,51.9357,0.399133
5685000,61,270.246,-21670.7,56.3027,0.3959
5700000,61,255.855,-21649.6,53.2767,0.395133
5715000,60,267.885,-21656.9,59.3796,0.394467
5730000,52,224.403,-21656.5,41.7851,0.385467
5745000,58,252.774,-21664.8,69.0937,0.378533
5760000,53,226.648,-21671.3,51.2339,0.396933
5775000,67,289.108,-21675.3,78.1099,0.408867
5790000,53,241.634,-21649.7,58.8641,0.399583
5805000,69,318.361,-21639.9,57.4378,0.412467
5820000,69,304.162,-21644.9,69.0477,0.4108
5835000,65,271.951,-21626.3,83.8939,0.402667
5850000,59,254.327,-21642.4,61.8579,0.38519
5865000,60,264.152,-21633.9,74.4143,0.377333
5880000,45,207.015,-21705.8,48.8436,0.397848
5895000,58,259.867,-21643.8,58.668,0.389433
5910000,60,259.153,-21642.2,65.9643,0.39604
5925000,57,260.133,-21647.9,54.3419,0.404133
5940000,53,227.528,-21644.6,61.7827,0.387267
5955000,77,330.173,-21650.4,78.5639,0.401067
5970000,64,283.795,-21680.4,58.009,0.3947
5985000,83,356.299,-21634.3,72.7916,0.4121
6000000,73,318.392,-21633.7,74.5561,0.412467
6015000,74,311.165,-21632.5,70.39,0.404733
6030000,61,281.079,-21633.5,69.1503,0.39386
6045000,60,272.265,-21637.6,59.0911,0.388067
6060000,73,312.024,-21627.9,64.7552,0.396156
6075000,82,358.461,-21604.2,77.3315,0.408067
6090000,90,404.661,-21599.4,87.7949,0.411733
6105000,72,314.395,-21672.4,74.5475,0.401067
6120000,87,390.842,-21601.4,84.0786,0.4142
6135000,78,340.694,-21616,73.0717,0.4094
6150000,65,283.711,-21628.8,52.5628,0.4058
6165000,63,279.772,-21645.6,61.315,0.390067
6180000,76,338.676,-21629.9,67.2714,0.396733
6195000,79,339.49,-21613.9,85.3111,0.4102
6210000,75,331.22,-21613.9,71.1249,0.408467
6225000,75,319.784,-21668.7,79.4688,0.404358
6240000,55,238.717,-21654.6,57.017,0.396696
6255000,92,396.772,-21663.5,85.8751,0.419233
6270000,61,270.235,-21644.8,52.5917,0.4116
6285000,62,255.813,-21627.6,67.9702,0.399853
6300000,65,275.637,-21641,62.4369,0.400567
6315000,48,222.814,-21663.4,41.035,0.3936
6330000,75,332.7,-21626.9,70.7635,0.389644
6345000,79,348.278,-21628.8,88.8382,0.421733
6360000,53,230.388,-21641.6,55.8913,0.400133
6375000,62,268.853,-21617.8,65.6952,0.3987
6390000,68,284.479,-21627.7,73.5385,0.394467
6405000,61,260.743,-21647.5,61.3706,0.389933
6420000,69,287.944,-21620.1,79.216,0.389367
6435000,54,219.04,-21633.5,55.0851,0.3781
6450000,62,265.91,-21621.8,65.0628,0.4008
6465000,70,299.409,-21627.9,59.4503,0.400933
6480000,72,293.859,-21624.8,70.8105,0.3888
6495000,73,325.034,-21639.4,83.782,0.40244
6510000,63,277.845,-21625.9,72.0253,0.396
6525000,66,288.334,-21633.7,58.9982,0.402644
6540000,63,257.89,-21622.4,60.3944,0.382633
6555000,64,273.625,-21615.4,66.8593,0.4
6570000,65,282.483,-21652.6,68.9079,0.399102
6585000,51,230.976,-21678.8,54.6689,0.405667
6600000,52,220.899,-21662.7,59.452,0.396756
6615000,55,249.477,-21646.6,52.0673,0.389767
6630000,58,254.606,-21623.5,73.3929,0.394676
6645000,64,285.4,-21626.2,60.7083,0.389267
6660000,61,254.728,-21612.7,51.3685,0.387822
6675000,69,291.468,-21639.6,63.5037,0.3957
6690000,75,324.258,-21658.2,80.409,0.395367
6705000,57,259.168,-21674.5,54.0441,0.382933
6720000,52,218.203,-21673.8,41.9167,0.392311
6735000,70,301.257,-21647.7,85.9637,0.401
6750000,78,346.962,-21648.8,81.1094,0.412
6765000,66,291.966,-21637.9,60.683,0.399429
6780000,70,303.017,-21639.3,75.8104,0.393427
6795000,60,264.126,-21646.6,57.5273,0.406356
6810000,60,261.232,-21648.4,59.6099,0.396867
6825000,68,309.942,-21632.2,76.5766,0.400911
6840000,76,316.048,-21638.3,90.3054,0.390133
6855000,53,235.425,-21655.3,47.2556,0.392289
6870000,76,346.657,-21639.1,82.6158,0.405633
6885000,80,349.031,-21648,77.2944,0.4178
6900000,63,251.958,-21630.9,58.8427,0.4064
6915000,53,243.04,-21662.7,56.9171,0.3986
6930000,73,328.89,-21641,62.1488,0.391433
6945000,61,265.77,-21618.3,57.5161,0.3892
6960000,63,264.354,-21635,46.0809,0.385533
6975000,64,286.851,-21630.4,63.0113,0.380533
6990000,54,218.241,-21632,59.7894,0.387
7005000,67,296.877,-21616.5,63.0395,0.390979
7020000,66,277.79,-21640.3,74.9341,0.3966
7035000,55,241.39,-21644.1,60.8537,0.38635
7050000,75,341.407,-21616.4,70.1595,0.408233
7065000,75,336.554,-21627.3,74.4932,0.403467
7080000,72,319.233,-21635.2,79.2218,0.4058
7095000,61,256.153,-21645.8,45.719,0.394317
7110000,67,302.487,-21646,73.1268,0.399767
7125000,66,299.903,-21663.1,74.2389,0.398533
7140000,71,312.981,-21653.3,64.4331,0.400883
7155000,63,273.802,-21644.9,45.2763,0.390617
7170000,67,290.477,-21633.3,76.3298,0.395867
7185000,65,275.527,-21631.6,74.2858,0.3966
7200000,48,195.183,-21629.1,42.6589,0.3991
7215000,51,215.48,-21636.8,50.3354,0.375533
7230000,57,267.437,-21661.2,60.1284,0.386533
7245000,57,255.403,-21642.7,57.3386,0.382633
7260000,67,287.102,-21633.5,64.6235,0.409
7275000,65,274.488,-21634.9,61.7561,0.405067
7290000,46,188.373,-21670.6,49.1474,0.385879
7305000,75,331.144,-21609.2,85.4882,0.404233
7320000,72,310.03,-21601.5,78.2102,0.408867
7335000,66,301.162,-21607.1,77.1026,0.396933
7350000,71,309.569,-21612.7,79.7845,0.388
7365000,70,319.924,-21641.3,78.5318,0.392341
7380000,65,294.616,-21628.1,64.567,0.394867
7395000,59,263.702,-21657,61.0978,0.399733
7410000,64,280.645,-21657.2,45.3896,0.399067
7425000,60,262.03,-21653.2,70.9144,0.387889
7440000,51,224.832,-21653.1,53.4413,0.398567
7455000,61,257.703,-21648,48.7051,0.394033
7470000,48,210.788,-21656.8,43.4991,0.375867
7485000,55,231.117,-21653.3,58.7473,0.3736
7500000,46,208.207,-21687.5,32.9592,0.377576
7515000,59,258.825,-21625.7,55.0628,0.380367
7530000,52,226.485,-21639.7,54.9425,0.3902
7545000,59,272.281,-21637.2,55.7507,0.386517
7560000,57,255.649,-21624.2,60.5652,0.3757
7575000,51,223.943,-21629.6,52.3789,0.382167
7590000,53,228.789,-21614.6,56.644,0.3743
7605000,66,299.427,-21634.8,79.1837,0.383233
7620000,67,285.635,-21623.2,86.4611,0.3814
7635000,55,241,-21657.9,51.1287,0.3832
7650000,56,250.295,-21666.1,50.3188,0.390733
7665000,64,283.606,-21653.1,60.7587,0.401467
7680000,58,261.835,-21644.1,59.1367,0.387267
7695000,60,262.325,-21668.3,69.7701,0.396533
7710000,59,258.891,-21648.1,71.03,0.392367
7725000,52,223.632,-21651.2,59.0602,0.395533
7740000,56,251.231,-21634.6,52.0258,0.394033
7755000,65,290.421,-21636.8,62.6476,0.394333
7770000,52,228.686,-21655.8,35.7123,0.394
7785000,51,216.601,-21629.5,59.036,0.389467
7800000,47,215.687,-21650,40.8072,0.372267
7815000,65,269.099,-21657,60.1297,0.381667
7830000,64,295.889,-21633.8,71.7845,0.387567
7845000,57,239.012,-21659.1,66.9191,0.395333
7860000,71,299.423,-21663,74.8752,0.400467
7875000,66,286.31,-21667.1,68.5712,0.407133
7890000,60,257.347,-21664.2,54.4311,0.391844
7905000,49,208.535,-21646.1,43.9791,0.381933
7920000,53,222.926,-21664.6,42.6812,0.388244
7935000,56,252.76,-21666.2,55.5729,0.386
7950000,58,253.644,-21663,43.5111,0.3968
7965000,63,290.656,-21657.8,81.0912,0.402933
7980000,64,277.237,-21630,69.4864,0.389667
7995000,55,244.836,-21648.3,63.5819,0.3812
8010000,63,278.624,-21641.8,57.7007,0.394733
8025000,70,301.978,-21654.6,75.0067,0.399733
8040000,72,309.585,-21647.4,60.1606,0.415733
8055000,58,248.848,-21636,61.9468,0.390111
8070000,69,304.357,-21640.4,71.8335,0.404133
8085000,67,298.346,-21648.8,67.2344,0.386033
8100000,75,331.265,-21651.6,85.3214,0.406067
8115000,70,310.202,-21653.3,59.4034,0.4042
8130000,64,285.768,-21655.1,70.1341,0.399233
8145000,62,281.532,-21678,66.3434,0.391344
8160000,63,257.099,-21661.5,50.1464,0.403444
8175000,68,298.098,-21654.9,78.2572,0.391667
8190000,48,191.246,-21648.5,53.1678,0.385033
8205000,58,256.651,-21673.4,51.3591,0.403167
8220000,47,197.872,-21672.6,42.5597,0.401173
8235000,56,246.713,-21676,53.6169,0.3758
8250000,49,218.54,-21667.8,44.5335,0.387317
8265000,56,253.064,-21669,61.9269,0.3946
8280000,60,261.915,-21654.7,68.4902,0.4044
8295000,57,236.313,-21664.6,47.5189,0.3896
8310000,49,217.25,-21670.3,39.0598,0.396833
8325000,51,229.934,-21647.9,44.3619,0.391033
8340000,61,275.29,-21667.5,50.1152,0.400667
8355000,55,244.134,-21684.5,55.3922,0.401133
8370000,63,256.483,-21673.6,69.2375,0.404333
8385000,55,247.816,-21666.1,77.4292,0.38112
8400000,57,250.477,-21662,61.3927,0.395533
8415000,58,260.491,-21656.5,59.0535,0.388333
8430000,61,259.889,-21663,66.1053,0.392733
8445000,57,255.587,-21638.7,61.0387,0.3886
8460000,56,223.728,-21698.4,49.9187,0.387604
8475000,56,249.529,-21646.1,66.3127,0.397333
8490000,62,266.906,-21647.8,76.3627,0.401
8505000,51,214.037,-21698.6,43.8628,0.396933
8520000,43,190.532,-21664.8,65.7222,0.378608
8535000,40,162.077,-21715.3,46.1016,0.3986
8550000,55,245.29,-21661.4,67.7849,0.372533
8565000,57,260.272,-21687.5,54.7057,0.389967
8580000,55,246.167,-21649.4,54.4992,0.3965
8595000,55,244.274,-21678.5,51.1141,0.386314
8610000,71,313.723,-21671.2,72.1782,0.400333
8625000,43,178.391,-21672.1,61.609,0.3899
8640000,60,275.218,-21651.8,65.7217,0.401733
8655000,50,219.949,-21678.7,43.9093,0.3798
8670000,53,242.565,-21676.1,52.5625,0.377533
8685000,60,259.477,-21637.1,61.484,0.39588
8700000,59,253.964,-21671.3,70.9069,0.393
8715000,67,296.005,-21652.8,61.1034,0.407267
8730000,47,198.612,-21661.2,36.1863,0.402867
8745000,54,240.293,-21651.3,41.1383,0.386876
8760000,54,241.581,-21673.6,52.3456,0.392067
8775000,64,285.237,-21650.4,58.4781,0.397244
8790000,52,220.15,-21658.4,49.4367,0.384683
8805000,62,270.758,-21667.2,63.2469,0.388956
8820000,78,343.298,-21616.1,79.4426,0.397578
8835000,82,361.759,-21613.5,61.6879,0.413867
8850000,59,248.504,-21654.9,66.7015,0.3904
8865000,57,246.187,-21634.7,52.5543,0.3876
8880000,76,356.698,-21639.4,75.0892,0.412289
8895000,74,322.15,-21633.3,53.136,0.396944
8910000,57,223.851,-21641,66.4352,0.4056
8925000,64,280.918,-21633.9,77.8782,0.414333
8940000,61,261.098,-21650.8,65.1822,0.401133
8955000,69,302.978,-21614.9,92.115,0.4064
8970000,73,334.785,-21611,63.2533,0.397733
8985000,65,274.142,-21644.4,67.137,0.403667
9000000,66,292.534,-21640.1,57.5508,0.402733
9015000,59,251.543,-21646.4,57.8319,0.396289
9030000,63,273.44,-21627.3,58.6487,0.3962
9045000,66,288.641,-21649.6,59.2558,0.402333
9060000,64,274.857,-21643.7,62.9979,0.4034
9075000,62,271.643,-21647,57.7121,0.4096
9090000,69,280.517,-21660.3,82.3216,0.4046
9105000,66,291.03,-21651.5,79.5841,0.397642
9120000,65,294.69,-21627.8,73.8963,0.393
9135000,61,248.157,-21649,51.975,0.379844
9150000,76,335.843,-21647.4,75.3741,0.402767
9165000,67,290.675,-21662.3,85.8474,0.3912
9180000,48,208.125,-21669,35.036,0.396573
9195000,62,276.42,-21648.7,59.8335,0.388533
9210000,52,236.499,-21667.7,55.1098,0.38624
9225000,44,194.616,-21658.7,61.7291,0.370133
9240000,55,216.192,-21643.9,47.1518,0.387289
9255000,59,252.645,-21656,49.6069,0.3812
9270000,59,251.599,-21637.5,52.6006,0.386533
9285000,64,282.141,-21634.3,77.9144,0.3878
9300000,68,307.484,-21644.2,71.9611,0.403
9315000,52,220.474,-21639.5,49.4063,0.385656
9330000,55,241.999,-21657.5,63.6683,0.400067
9345000,63,271.563,-21664.9,55.3208,0.409933
9360000,52,223.191,-21670.8,47.6999,0.3984
9375000,61,269.031,-21657.1,65.9183,0.395511
9390000,49,217.97,-21662.5,42.431,0.384205
9405000,62,290.951,-21648.5,60.8858,0.382467
9420000,47,204.656,-21654.3,42.8162,0.392533
9435000,54,235.893,-21664.5,51.3576,0.38516
9450000,48,202.878,-21650.7,54.0586,0.395556
9465000,54,239.96,-21647.8,41.0356,0.3856
9480000,53,225.644,-21647.9,44.3303,0.3926
9495000,57,242.199,-21661.3,70.1123,0.38532
9510000,47,213.436,-21679.6,43.955,0.392467
9525000,61,287.062,-21616.8,58.0179,0.380833
9540000,55,241.254,-21657.1,49.4076,0.399978
9555000,59,266.887,-21642.4,48.5733,0.391233
9570000,50,204.767,-21654.2,46.6344,0.397733
9585000,39,165.578,-21685.7,51.7978,0.38176
9600000,50,217.506,-21667.6,47.8623,0.385133
9615000,63,277.488,-21632.2,51.9722,0.3885
9630000,56,255.198,-21645.5,47.3322,0.3888
9645000,66,267.227,-21658.3,83.3493,0.394733
9660000,64,295.357,-21633.2,66.3788,0.388489
9675000,68,306.529,-21640.7,75.558,0.398333
9690000,80,350.077,-21623.2,78.6654,0.403
9705000,70,316.75,-21613.3,67.3637,0.398567
9720000,61,275.694,-21627.6,66.262,0.407333
9735000,75,342.181,-21629.1,64.4135,0.398067
9750000,70,316.295,-21610.7,63.6981,0.3966
9765000,61,269.137,-21609.2,64.8083,0.396867
9780000,60,265.399,-21615.3,63.4201,0.387267
9795000,55,240.686,-21651.9,58.9641,0.395744
9810000,63,272.841,-21652.5,68.291,0.395781
9825000,53,230.122,-21627.5,42.8475,0.397378
9840000,52,236.718,-21617.1,39.7291,0.3664
9855000,65,298.572,-21666.2,57.8673,0.392
9870000,62,258.967,-21619.3,59.5485,0.384813
9885000,60,268.099,-21640.3,44.849,0.3918
9900000,64,280.514,-21642.2,58.6456,0.384533
9915000,56,254.663,-21636.6,57.6066,0.390533
9930000,60,250.038,-21637.1,56.2365,0.389867
9945000,65,279.816,-21649.8,64.2648,0.393167
9960000,64,274.973,-21622,62.1884,0.395533
9975000,51,219.002,-21646.4,37.3877,0.384711
9990000,52,236.409,-21639,60.8156,0.391733
10005000,64,278.382,-21648.3,65.7688,0.396
10020000,62,283.747,-21637.3,60.8088,0.3828
10035000,55,230.773,-21674.1,54.1431,0.4058
10050000,67,295.317,-21642.1,66.5668,0.402556
10065000,55,236.44,-21673.7,62.4655,0.39132
10080000,46,190.279,-21665.4,48.6659,0.395133
10095000,60,280.129,-21663.2,46.6027,0.403533
10110000,64,278.977,-21643.5,65.5081,0.402067
10125000,75,334.459,-21669.7,76.425,0.401667
10140000,63,267.368,-21646,69.0723,0.4074
10155000,71,313.167,-21646.5,64.178,0.395267
10170000,77,336.114,-21636.6,71.7317,0.414733
10185000,77,328.862,-21645.7,82.9903,0.413
10200000,72,316.116,-21635,65.7677,0.414867
10215000,73,328.597,-21650.3,79.4101,0.408067
10230000,69,301.748,-21634.5,69.1852,0.408778
10245000,73,316.045,-21620.5,69.8606,0.4022
10260000,75,336.401,-21648.8,63.1587,0.413333
10275000,62,280.323,-21651.7,55.4646,0.392462
10290000,68,279.945,-21640.3,77.0594,0.394133
10305000,63,287.654,-21623.4,60.3249,0.399667
10320000,64,282.135,-21630.3,75.7835,0.393133
10335000,66,303.355,-21634,57.9425,0.399667
10350000,49,226.678,-21649.8,46.7542,0.391556
10365000,49,209.08,-21674.9,48.8035,0.380267
10380000,63,270.347,-21630.7,63.5538,0.400822
10395000,61,275.951,-21638.6,65.3713,0.400867
10410000,61,264.501,-21633.9,55.5256,0.399533
10425000,66,283.613,-21661.1,66.3297,0.395867
10440000,52,236.866,-21671,54.0161,0.396461
10455000,55,258.555,-21650.1,56.1834,0.396333
10470000,59,257.905,-21627.4,71.3187,0.385867
10485000,60,269.824,-21632.4,54.264,0.388067
10500000,52,223.322,-21634.9,55.0274,0.39768
10515000,49,213.56,-21652.4,41.0633,0.368267
10530000,44,193.094,-21655.5,44.5477,0.38532
10545000,56,249.002,-21643.5,52.7646,0.385933
10560000,57,241.841,-21634.3,52.2201,0.3896
10575000,55,244.275,-21643.5,73.5012,0.3814
10590000,59,257.224,-21637.6,58.4875,0.392667
10605000,53,232.507,-21634.7,57.9619,0.3896
10620000,62,268.51,-21645.4,63.9254,0.388533
10635000,53,237.031,-21641.6,55.237,0.3956
10650000,52,224.402,-21651.5,67.3426,0.377708
10665000,57,250.565,-21639.5,65.2872,0.389314
10680000,52,231.944,-21679.6,55.7552,0.388622
10695000,50,210.334,-21667,44.2035,0.400867
10710000,61,279.169,-21642.6,71.0149,0.3934
10725000,58,255.484,-21649,54.5333,0.38356
10740000,70,291.57,-21641.2,60.0804,0.3957
10755000,63,272.096,-21637.4,66.1844,0.406333
10770000,50,210.827,-21639.4,53.2368,0.391467
10785000,62,273.202,-21628,55.6622,0.386067
10800000,62,266.396,-21629.3,55.9896,0.385667
10815000,55,237.998,-21650.9,53.601,0.391867
10830000,60,259.676,-21617.7,66.1701,0.394533
10845000,46,194.444,-21650.4,35.7664,0.38995
10860000,55,242.93,-21628,65.7773,0.3834
10875000,60,235.151,-21623.7,45.3434,0.401667
10890000,71,305.92,-21635,83.1896,0.403933
10905000,58,262.6,-21646.6,56.041,0.38128
10920000,58,254.66,-21640.4,64.7538,0.4073
10935000,59,263.42,-21656.4,68.3176,0.39965
10950000,59,257.538,-21631,61.0836,0.384667
10965000,76,324.379,-21635.8,75.9394,0.406733
10980000,64,283.491,-21628.9,61.7726,0.397267
10995000,59,258.735,-21638.7,58.0145,0.400867
11010000,51,222.771,-21643.8,51.3617,0.391333
11025000,58,267.182,-21642.7,63.5623,0.393344
11040000,57,259.913,-21634.5,59.5196,0.384667
11055000,59,261.163,-21665.9,61.5606,0.397533
11070000,60,245.693,-21651.5,67.5087,0.400267
11085000,54,236.699,-21622,56.3171,0.37708
11100000,67,297.664,-21630.8,59.3672,0.404067
11115000,43,174.259,-21652.1,57.1451,0.379433
11130000,55,245.195,-21688,66.3606,0.396983
11145000,59,264.149,-21638.5,50.3286,0.392778
11160000,45,201.202,-21669.9,36.3934,0.385033
11175000,52,217.474,-21641.8,44.1447,0.383133
11190000,50,228.173,-21643.5,55.6126,0.370147
11205000,55,241.846,-21631.5,48.1757,0.382633
11220000,64,281.525,-21657.5,55.8084,0.4
11235000,56,253.933,-21647.7,60.6798,0.395733
11250000,60,269.197,-21646.5,68.9021,0.393333
11265000,58,250.268,-21677.8,63.2494,0.388657
11280000,74,343.92,-21645.2,75.1613,0.398233
11295000,55,259.855,-21635,48.5853,0.4112
11310000,40,160.204,-21677.2,36.0343,0.3708
11325000,49,210.474,-21651.5,52.1092,0.389667
11340000,43,194.572,-21668.8,48.1726,0.384
11355000,45,199.162,-21661.7,48.8537,0.367311
11370000,46,205.461,-21677.4,54.4578,0.378667
11385000,48,208.814,-21680.2,53.4477,0.384142
11400000,43,190.701,-21659.8,37.3108,0.3596
11415000,51,232.842,-21668.1,44.6659,0.38
11430000,42,178.584,-21695.2,44.2988,0.390178
11445000,43,198.416,-21681.6,39.2245,0.378219
11460000,51,227.969,-21653.3,49.8673,0.3842
11475000,38,172.745,-21717.3,44.6905,0.379933
11490000,56,242.346,-21652.2,52.4819,0.37576
11505000,52,228.345,-21660.3,52.2543,0.3976
11520000,55,235.412,-21641.1,59.9464,0.373767
11535000,50,231.223,-21635.8,43.4895,0.3618
11550000,63,271.366,-21626.3,65.5173,0.369133
11565000,61,264.638,-21620.2,80.8143,0.376933
11580000,47,182.696,-21675,43.5742,0.39441
11595000,58,245.729,-21662.5,54.1199,0.3848
11610000,67,298.39,-21651.9,62.4638,0.405133
11625000,67,292.749,-21669.5,64.8763,0.3978
11640000,55,234.703,-21661.1,65.724,0.392104
11655000,49,212.285,-21660.3,48.4338,0.396333
11670000,65,299.149,-21611.4,75.7368,0.383314
11685000,61,265.866,-21609.5,57.1288,0.387867
11700000,58,265.171,-21610.8,63.7709,0.3744
11715000,55,237.728,-21677.3,65.3722,0.38195
11730000,54,230.561,-21640.7,50.4843,0.385167
11745000,52,222.886,-21678.1,53.6747,0.379476
11760000,56,250.23,-21674.9,59.5424,0.385833
11775000,57,229.242,-21659.3,42.9297,0.395667
11790000,47,197.378,-21650.8,44.8837,0.396133
11805000,56,243.958,-21653.4,50.3221,0.3796
11820000,54,241.89,-21642.1,53.5087,0.396067
11835000,50,214.575,-21638.2,52.4661,0.394667
11850000,57,253.388,-21636.6,52.2694,0.390533
11865000,65,292.841,-21593.7,67.0569,0.384833
11880000,73,335.023,-21620.5,64.4932,0.3924
11895000,82,376.877,-21610.8,66.7536,0.389667
11910000,38,170.451,-21692.3,32.8062,0.386744
11925000,48,204.061,-21686,45.9217,0.376867
11940000,56,255.49,-21665.5,49.945,0.391667
11955000,58,253.513,-21622.7,60.6272,0.3883
11970000,69,313.893,-21662.8,76.2261,0.407
11985000,58,249.822,-21631.1,47.8167,0.407067
12000000,56,219.237,-21635.3,68.2435,0.385578
12015000,69,296.307,-21641.8,69.9522,0.386333
12030000,67,284.742,-21643.3,54.8209,0.386533
12045000,50,217.356,-21648.2,39.4277,0.390426
12060000,63,280.549,-21606.6,61.2189,0.398
12075000,59,234.533,-21622.9,67.1096,0.3768
12090000,51,213.497,-21645.9,61.4277,0.397524
12105000,54,234.539,-21647.7,50.1373,0.373767
12120000,41,177.264,-21649.5,39.0012,0.38136
12135000,57,262.205,-21644.8,55.7465,0.386422
12150000,54,237.883,-21654.3,50.1921,0.3808
12165000,58,253.146,-21649.8,71.3096,0.3953
12180000,55,240.351,-21652.3,55.1382,0.3806
12195000,41,176.457,-21671.9,42.3123,0.373867
12210000,64,280.307,-21652.8,63.6366,0.388711
12225000,77,333.412,-21636.9,87.0311,0.403933
12240000,58,248.303,-21623.4,62.9621,0.403867
12255000,52,240.792,-21674.3,49.0764,0.384387
12270000,76,339.21,-21625.8,79.0156,0.398567
12285000,70,297.643,-21662.1,67.9036,0.396067
12300000,48,196.838,-21662.3,50.0164,0.391867
12315000,58,259.47,-21643.6,50.5535,0.391067
12330000,57,252.781,-21651.3,49.6088,0.398933
12345000,57,243.309,-21634.1,73.0248,0.395467
12360000,65,289.821,-21625.3,54.5113,0.39876
12375000,62,271.143,-21628.6,56.2966,0.391533
12390000,64,285.304,-21630.8,71.389,0.394467
12405000,63,293.186,-21638.2,66.0071,0.3907
12420000,63,260.218,-21636,67.2783,0.380907
12435000,72,310.035,-21626.6,65.4106,0.388733
12450000,67,287.738,-21651,61.9012,0.398867
12465000,66,294.444,-21639.9,56.1772,0.388733
12480000,58,263.863,-21638,62.0512,0.391
12495000,65,284.73,-21648.6,63.936,0.392952
12510000,60,275.804,-21640.1,58.7464,0.3887
12525000,69,294.98,-21660.7,77.2732,0.400967
12540000,67,302.098,-21661.5,56.0626,0.397767
12555000,68,298.159,-21610.7,63.2178,0.388547
12570000,61,262.474,-21671.2,61.5717,0.405044
12585000,67,281.99,-21605.1,69.1105,0.3939
12600000,72,331.233,-21623.5,80.7279,0.406133
12615000,64,263.252,-21678.6,60.7899,0.385147
12630000,57,254.42,-21601.1,57.31,0.392833
12645000,67,295.507,-21612.6,60.3284,0.395133
12660000,68,317.217,-21633.5,80.6637,0.4078
12675000,55,235.835,-21655.6,54.3922,0.392267
12690000,71,307.122,-21653.1,74.1979,0.380933
12705000,69,325.3,-21624.2,77.7516,0.398289
12720000,70,313.806,-21651.7,65.1765,0.420733
12735000,58,263.649,-21648.6,49.1114,0.398867
12750000,67,288.039,-21651.4,62.0673,0.4008
12765000,73,311.584,-21659.3,83.369,0.404067
12780000,55,249.238,-21636.8,56.2148,0.3892
12795000,68,288.92,-21632.1,92.7231,0.404867
12810000,66,288.49,-21620.8,73.879,0.398067
12825000,58,244.843,-21665.3,54.965,0.397044
12840000,63,283.171,-21622.6,70.9804,0.4021
12855000,57,251.755,-21656.8,65.0125,0.397491
12870000,52,216.569,-21651.5,47.5054,0.402933
12885000,59,256.103,-21638.4,55.9991,0.401644
12900000,63,276.271,-21642.7,62.6027,0.389967
12915000,42,188.756,-21681.5,38.2471,0.386133
12930000,58,258.652,-21646.1,77.4609,0.389089
12945000,58,249.614,-21623.5,60.2939,0.389422
12960000,55,229.201,-21640.6,57.6588,0.3788
12975000,69,310.288,-21642.4,69.2906,0.392067
12990000,64,262.892,-21643.9,82.5041,0.399667
13005000,49,205.966,-21627,42.8074,0.3888
13020000,57,237.972,-21631.4,64.3547,0.383067
13035000,63,280.669,-21638.8,65.2515,0.394667
13050000,66,295.365,-21617.5,61.4279,0.393733
13065000,59,254.173,-21632.6,45.6729,0.395867
13080000,66,275.336,-21633.9,60.7523,0.392067
13095000,64,283.822,-21656.2,64.897,0.381242
13110000,61,274.884,-21657.7,57.8763,0.388267
13125000,62,270.667,-21663.2,61.5828,0.391467
13140000,64,285.741,-21642,59.0017,0.39215
13155000,65,283.424,-21641.1,50.5012,0.398533
13170000,57,256.1,-21620,65.6163,0.391933
13185000,58,249.601,-21639.1,52.1461,0.389583
13200000,68,297.36,-21640.8,63.3591,0.412067
13215000,70,302.229,-21639.4,70.5005,0.397267
13230000,64,274.886,-21612.6,68.6323,0.3904
13245000,63,282.925,-21625.1,60.3808,0.3838
13260000,69,314.455,-21591.3,65.375,0.386133
13275000,81,343.724,-21593.3,79.9467,0.4046
13290000,71,321.777,-21594.3,67.8295,0.396667
13305000,50,218.89,-21682.2,59.9163,0.3805
13320000,69,296.318,-21596.5,51.9022,0.386333
13335000,68,307.935,-21610.8,77.5465,0.409467
13350000,68,307.824,-21641.5,58.231,0.4048
13365000,62,266.592,-21638.3,56.6843,0.3964
13380000,70,307.286,-21640.2,73.1907,0.400533
13395000,67,281.325,-21631.6,74.2748,0.3912
13410000,85,372.311,-21628,97.0822,0.403933
13425000,90,391.366,-21631,95.7558,0.391855
13440000,87,388.568,-21636.3,76.7017,0.4204
13455000,69,287.51,-21606.8,61.8027,0.4068
13470000,68,303.925,-21617.9,62.4068,0.3992
13485000,63,271.021,-21644.2,68.3502,0.3952
13500000,35,135.067,-21693.8,40.6462,0.386215
13515000,53,236.807,-21640.2,43.641,0.400427
13530000,76,336.752,-21643,79.9156,0.389178
13545000,59,252.593,-21648.6,59.6104,0.387667
13560000,58,238.697,-21666,43.2695,0.392156
13575000,63,272.282,-21669.6,59.9868,0.401267
13590000,66,294.135,-21653.7,68.6652,0.4064
13605000,59,242.851,-21680.1,56.6826,0.412133
13620000,51,224.778,-21671.2,43.6813,0.386467
13635000,62,284.019,-21643.3,63.3151,0.389556
13650000,58,246.742,-21628.9,69.3114,0.38414
13665000,58,253.189,-21599.3,61.5519,0.389967
13680000,56,223.776,-21621.8,63.6565,0.386
13695000,65,294.962,-21633.3,69.3085,0.3875
13710000,63,263.48,-21617.6,57.6999,0.3957
13725000,59,240.568,-21604.5,60.8414,0.370467
13740000,76,333.754,-21626.3,67.0243,0.384578
13755000,81,364.883,-21642.6,92.6785,0.396533
13770000,75,317.857,-21607.6,63.9999,0.4104
13785000,63,258.103,-21610.3,65.5754,0.388683
13800000,55,240.28,-21627.7,64.314,0.388
13815000,54,235.12,-21637.2,60.9711,0.387578
13830000,61,259.815,-21655.6,63.5575,0.399952
13845000,55,242.351,-21630,55.814,0.385933
13860000,69,304.191,-21623.1,59.582,0.405933
13875000,59,254.82,-21646.2,80.6978,0.405267
13890000,59,243.567,-21634.9,48.4575,0.390444
13905000,62,256.051,-21651.8,59.3241,0.3926
13920000,49,210.845,-21676,31.495,0.392322
13935000,57,249.336,-21679.4,64.1349,0.400267
13950000,58,247.414,-21648.1,54.5551,0.403356
13965000,63,280.108,-21670.6,67.1097,0.400333
13980000,63,291.75,-21649.7,68.1473,0.397922
13995000,51,217.205,-21639.6,51.9157,0.400067
14010000,46,200.48,-21649.4,38.4275,0.390778
14025000,45,200.041,-21671.3,48.0723,0.388744
14040000,63,284.369,-21654.3,43.9165,0.385667
14055000,73,311.853,-21637.2,79.8891,0.398467
14070000,63,277.467,-21630,71.0757,0.401
14085000,75,343.138,-21627,76.3769,0.407356
14100000,74,307.607,-21645.8,82.9163,0.398433
14115000,70,315.254,-21645.6,61.7337,0.417467
14130000,62,264.46,-21655.3,70.601,0.400029
14145000,65,287.401,-21640.4,73.1934,0.406667
14160000,65,266.37,-21625.5,52.7468,0.40024
14175000,51,211.309,-21659.7,46.5926,0.394911
14190000,46,199.769,-21646.4,45.8931,0.391233
14205000,46,204.855,-21678.7,50.6372,0.389117
14220000,57,243.55,-21639.8,57.038,0.3864
14235000,55,254.858,-21653.1,45.1732,0.381667
14250000,58,262.438,-21673.9,56.2126,0.39292
14265000,62,285.636,-21637.9,64.5622,0.3977
14280000,76,338.746,-21658.8,64.216,0.411667
14295000,70,309.399,-21644.7,77.6103,0.420867
14310000,69,310.492,-21644.9,85.4959,0.411533
14325000,59,260.042,-21633,56.0862,0.3938
14340000,48,200.407,-21667.7,53.9276,0.38457
14355000,57,253.505,-21662.4,65.104,0.387867
14370000,44,189.899,-21653,41.0815,0.4008
14385000,56,251.129,-21655.2,58.1655,0.385267
14400000,56,259.329,-21666.9,49.0737,0.383627
14415000,58,271.273,-21653.6,60.5462,0.3866
14430000,46,191.42,-21689.3,49.0105,0.400322
14445000,64,290.501,-21671.3,58.651,0.391233
14460000,59,265.207,-21677.5,61.2831,0.4009
14475000,59,240.274,-21675,55.9895,0.409067
14490000,56,230.514,-21674.2,66.5261,0.390867
14505000,56,258.947,-21649.8,64.5368,0.3899
14520000,63,278.527,-21644,63.5118,0.3921
14535000,54,223.902,-21654.2,46.2656,0.389133
14550000,50,212.139,-21645.4,41.637,0.386933
14565000,50,216.704,-21658.8,48.7071,0.382667
14580000,49,210.551,-21662.1,48.8513,0.3792
14595000,59,247.838,-21650.7,55.5381,0.388576
14610000,71,331.851,-21637.2,85.6378,0.3956
14625000,66,272.259,-21638.5,76.9927,0.3915
14640000,62,264.767,-21622.5,57.9925,0.4014
14655000,44,186.205,-21647.4,39.6244,0.383695
14670000,58,257.947,-21634.6,50.4303,0.402033
14685000,57,257.697,-21634.6,39.5202,0.383973
14700000,68,304.479,-21644.5,72.4036,0.379956
14715000,76,329.026,-21643.3,75.9529,0.407267
14730000,57,250.488,-21631.8,64.9994,0.391067
14745000,67,293.771,-21625.4,61.8386,0.388733
14760000,68,317.592,-21623.5,63.112,0.3982
14775000,70,300.836,-21639.2,71.5997,0.385333
14790000,60,264.314,-21681.9,58.0661,0.386838
14805000,84,380.278,-21630,87.7602,0.4095
14820000,82,347.781,-21619.3,73.3316,0.420067
14835000,52,227.14,-21673.1,49.1012,0.399711
14850000,83,372.64,-21616.4,90.2758,0.405933
14865000,51,231.611,-21664.8,58.4433,0.396
14880000,74,318.606,-21618.3,68.4333,0.408767
14895000,42,183.295,-21661.9,47.2633,0.392413
14910000,57,251.337,-21640.5,66.2815,0.4001
14925000,51,218.481,-21645.6,52.8545,0.3774
14940000,65,281.252,-21653,59.6526,0.390167
14955000,82,349.503,-21621.6,69.9813,0.406067
14970000,70,276.671,-21648.3,70.3509,0.408933
14985000,58,257.779,-21665.6,48.5607,0.392075
15000000,72,313.334,-21640.2,68.6769,0.409733
15015000,68,281.796,-21643.9,92.7132,0.415067
15030000,78,337.201,-21637.2,69.229,0.4092
15045000,74,323.612,-21648.6,82.691,0.399133
15060000,71,308.265,-21615.5,61.4331,0.401667
15075000,62,267.663,-21618.8,61.2081,0.3958
15090000,75,330.467,-21599,75.3491,0.389467
15105000,74,316.385,-21590.8,73.5014,0.390067
15120000,81,351.413,-21634,65.5426,0.390867
15135000,67,291.112,-21621.2,61.4574,0.404927
15150000,77,360.498,-21636.5,66.0583,0.409133
15165000,81,350.132,-21636.8,86.8679,0.407067
15180000,69,312.314,-21667.3,71.8825,0.397
15195000,70,301.344,-21642.9,84.3341,0.391533
15210000,65,288.677,-21629.5,68.1057,0.403622
15225000,63,295.676,-21650.4,53.2522,0.400667
15240000,61,274.537,-21644.9,56.4112,0.399233
15255000,57,260.084,-21639,57.2037,0.3876
15270000,55,252.3,-21643.4,39.2311,0.387899
15285000,55,254.656,-21653.3,48.6959,0.3972
15300000,52,226.724,-21649.9,55.2669,0.38876
15315000,56,245.238,-21649.2,46.2572,0.381733
15330000,58,254.234,-21691.1,61.9766,0.394978
15345000,57,240.087,-21661.1,56.3072,0.392333
15360000,59,258.961,-21653.1,65.1192,0.391438
15375000,62,270.623,-21652.7,61.3419,0.408956
15390000,52,227.076,-21642.3,57.049,0.389111
15405000,61,271.004,-21671.2,53.4835,0.398767
15420000,64,289.99,-21667.1,57.3085,0.400317
15435000,72,331.904,-21620.3,81.9356,0.389111
15450000,55,254.212,-21664.3,56.0997,0.400567
15465000,72,329.291,-21640.3,83.6827,0.386167
15480000,66,307.046,-21638.3,60.7021,0.389933
15495000,46,217.75,-21655.5,47.4051,0.385778
15510000,54,242.024,-21630.3,53.5518,0.379767
15525000,59,265.541,-21663.8,54.7147,0.390292
15540000,55,240.179,-21652.5,64.4601,0.3941
15555000,54,244.549,-21659.8,52.1528,0.3924
15570000,48,218.534,-21650.5,48.1116,0.389422
15585000,49,224.035,-21672.2,82.0583,0.381922
15600000,59,254.237,-21644.5,57.418,0.389133
15615000,61,262.929,-21641.1,56.2201,0.4092
15630000,44,196.753,-21648.6,44.1909,0.406667
15645000,52,241.661,-21662,48.0623,0.386933
15660000,56,236.753,-21641.5,58.7401,0.371533
15675000,46,198.998,-21678.4,51.0575,0.3821
15690000,57,230.432,-21673.1,54.5632,0.396867
15705000,53,244.474,-21679.9,53.8096,0.395567
15720000,56,252.281,-21679.5,57.763,0.386467
15735000,41,177.359,-21685.6,37.8925,0.393027
15750000,63,282.415,-21657,54.4481,0.3919
15765000,59,269.927,-21670.3,57.5349,0.388933
15780000,69,321.572,-21688,74.0395,0.398
15795000,61,264.765,-21679.9,60.7206,0.4108
15810000,53,232.633,-21663.4,50.4559,0.403378
15825000,53,235.928,-21687.8,58.7107,0.406233
15840000,56,246.663,-21681.7,48.7516,0.398667
15855000,54,243.958,-21674.4,41,0.3862
15870000,64,268.253,-21674.9,71.7564,0.4088
15885000,43,188.58,-21686.6,45.7395,0.387979
15900000,38,169.894,-21664.2,39.6784,0.374733
15915000,53,243,-21644.8,46.3188,0.396867
15930000,51,231.345,-21656,60.9799,0.3858
15945000,60,265.677,-21641.8,73.2944,0.3795
15960000,59,248.531,-21644.9,53.6567,0.392467
15975000,57,251.087,-21660.2,59.4446,0.384307
15990000,61,274.384,-21656.5,62.2219,0.3932
16005000,47,221.917,-21667.1,37.6664,0.395233
16020000,57,257.116,-21637.7,80.9725,0.387667
16035000,57,242.797,-21641.3,50.9594,0.380556
16050000,70,314.235,-21648.9,77.992,0.404367
16065000,66,272.002,-21634.4,66.3761,0.38885
16080000,61,264.947,-21641,59.1376,0.408133
16095000,53,238.759,-21644.7,55.9111,0.388467
16110000,59,264.747,-21660.8,69.7808,0.38484
16125000,57,248.734,-21628.6,58.3501,0.383167
16140000,67,299.473,-21660.5,72.5926,0.385967
16155000,68,296.155,-21613.6,76.65,0.395367
16170000,76,348.499,-21611.8,78.7727,0.3874
16185000,72,307.007,-21629.2,76.0517,0.411667
16200000,60,259.455,-21624.8,80.6659,0.404
16215000,56,263.341,-21653.5,49.6004,0.39039
16230000,66,305.548,-21628.7,78.1837,0.3982
16245000,64,298.825,-21651.2,64.3832,0.3941
16260000,71,330.6,-21645.1,68.087,0.395133
16275000,52,232.635,-21671.2,50.5311,0.404822
16290000,60,266.844,-21657.5,65.7977,0.397933
16305000,56,245.62,-21640.5,55.4857,0.387103
16320000,61,271.469,-21656.4,73.5372,0.4048
16335000,59,271.632,-21656.4,62.3812,0.400933
16350000,64,281.969,-21652.4,66.6757,0.4042
16365000,69,315.488,-21657.1,71.933,0.398467
16380000,60,269.38,-21660.2,60.0857,0.394433
16395000,68,279.449,-21653.7,72.2882,0.404567
16410000,60,280.059,-21643.9,60.5238,0.4004
16425000,67,295.076,-21640.7,55.3964,0.397133
16440000,62,279.866,-21683.3,61.9878,0.394567
16455000,61,270.166,-21626.2,48.2822,0.397533
16470000,53,221.968,-21648.1,35.1937,0.400785
16485000,58,259.546,-21651.4,61.4186,0.398267
16500000,48,220.476,-21670.8,43.96,0.3886
16515000,54,229.177,-21656.4,64.9219,0.392083
16530000,45,210.185,-21672.3,34.6919,0.397922
16545000,55,232.949,-21670.8,62.3014,0.405133
16560000,70,308.064,-21654.1,69.0041,0.3952
16575000,53,235.016,-21660.7,62.1247,0.392233
16590000,82,360.803,-21624,76.4175,0.397573
16605000,69,320.273,-21657.1,80.4107,0.405178
16620000,61,271.713,-21655.7,52.5856,0.397667
16635000,86,371.562,-21644.4,75.5762,0.417689
16650000,51,223.668,-21663.5,41.7889,0.399967
16665000,62,248.303,-21649.9,57.5385,0.412
16680000,63,266.626,-21654.7,59.0035,0.3852
16695000,53,233.332,-21659.2,52.1642,0.389467
16710000,67,301.362,-21645.3,60.285,0.393367
16725000,52,212.204,-21666.1,51.3615,0.3854
16740000,43,192.824,-21666.1,42.8032,0.382489
16755000,52,224.037,-21652.1,52.4352,0.3912
16770000,55,241.981,-21656.9,44.1859,0.3952
16785000,69,305.832,-21662.5,68.731,0.388157
16800000,57,253.871,-21667.1,61.3017,0.38684
16815000,52,235.274,-21681.7,64.535,0.3908
16830000,65,283.036,-21631.6,52.179,0.389083
16845000,64,274.176,-21654,71.2701,0.396867
16860000,63,275.773,-21635.8,72.3257,0.4092
16875000,63,258.13,-21636.5,70.2032,0.397133
16890000,60,266.18,-21645.1,54.2871,0.399267
16905000,55,248.391,-21624.6,66.8475,0.402967
16920000,64,270.76,-21597.3,82.8611,0.3914
16935000,65,275.992,-21638.3,56.9976,0.398822
16950000,63,263.791,-21631.6,55.9997,0.3899
16965000,61,257.773,-21669.4,74.5228,0.395933
16980000,55,244.604,-21630.5,46.2955,0.393267
16995000,53,237.188,-21643.7,51.5012,0.391822
17010000,70,303.043,-21663.2,63.8388,0.3838
17025000,63,284.917,-21644.5,60.9969,0.398433
17040000,73,326.609,-21633.4,81.9897,0.407267
17055000,65,284.936,-21625.5,68.2135,0.413578
17070000,74,320.583,-21627.4,85.0195,0.401667
17085000,50,221.745,-21649.4,49.6065,0.38893
17100000,45,209.747,-21667.9,46.069,0.377533
17115000,71,320.574,-21635.6,79.7602,0.385956
17130000,78,336.809,-21619.9,78.8648,0.397133
17145000,47,200.943,-21653.8,38.0132,0.393248
17160000,67,300.072,-21649.4,73.5371,0.399033
17175000,63,276.378,-21633.7,60.4511,0.396933
17190000,69,297.264,-21635.1,67.1721,0.387667
17205000,75,317.668,-21633.9,69.3282,0.3926
17220000,63,292.017,-21668.1,72.2522,0.391267
17235000,64,282.117,-21660.7,75.9691,0.398348
17250000,77,348.007,-21626.7,82.2217,0.409933
17265000,81,360.005,-21637.3,71.6199,0.4026
17280000,55,250.147,-21681.7,56.7781,0.405067
17295000,63,280.708,-21629,67.348,0.3998
17310000,63,258.369,-21627.3,68.5418,0.382867
17325000,70,316.791,-21629.4,73.8367,0.397933
17340000,60,261.249,-21633.6,65.2708,0.3988
17355000,59,250.182,-21656,61.4366,0.397178
17370000,52,241.012,-21664.7,55.4968,0.390489
17385000,58,264.419,-21653.3,61.2853,0.3914
17400000,75,334.32,-21627.9,84.7301,0.389183
17415000,86,367.63,-21616.9,91.5354,0.400667
17430000,47,192.111,-21685.2,45.5507,0.37584
17445000,69,306.572,-21625.5,66.4403,0.4059
17460000,76,335.695,-21635.1,80.3148,0.3998
17475000,50,207.423,-21646.5,62.4866,0.370778
17490000,49,211.602,-21660.9,55.8069,0.400352
17505000,65,291.21,-21623.8,66.7375,0.4004
17520000,70,321.365,-21632.4,67.7897,0.387933
17535000,80,360.367,-21635.8,78.6631,0.401533
17550000,75,344.901,-21654.3,71.3118,0.4054
17565000,57,254.793,-21655.1,54.4589,0.380547
17580000,65,294.642,-21627.4,59.3155,0.398033
17595000,56,249.814,-21631.3,56.9935,0.3824
17610000,49,228.233,-21645.7,56.8596,0.384089
17625000,66,286.934,-21668,65.5184,0.3906
17640000,58,257.871,-21659.7,64.2413,0.386
17655000,63,292.155,-21651,72.7338,0.395267
17670000,64,303.466,-21650.9,50.7963,0.4122
17685000,55,226.621,-21650.1,51.9595,0.377089
17700000,62,277.95,-21652.4,73.6776,0.410833
17715000,59,262.307,-21619.7,49.9598,0.398933
17730000,52,240.18,-21682.8,48.0442,0.380143
17745000,67,294.719,-21648.9,66.0108,0.391467
17760000,71,312.894,-21631.4,67.7952,0.40385
17775000,61,264.904,-21657.2,59.884,0.398333
17790000,63,267.75,-21660.4,62.6043,0.402533
17805000,77,336.027,-21631.2,69.6411,0.401467
17820000,69,309.799,-21635.3,71.4307,0.3846
17835000,63,287.844,-21643.6,65.2921,0.403
17850000,66,297.188,-21637,53.4188,0.388
17865000,65,281.526,-21642.4,54.6821,0.396333
17880000,59,263.565,-21654.4,58.4596,0.397407
17895000,66,289.334,-21649.7,63.4724,0.400567
17910000,47,204.968,-21650.9,46.4719,0.3932
17925000,56,244.333,-21628.3,47.1582,0.392533
17940000,64,292.019,-21650,67.8447,0.389267
17955000,46,208.197,-21663.1,52.1306,0.388345
17970000,59,250.788,-21649.3,54.3968,0.388367
17985000,59,254.839,-21642,68.6862,0.381
18000000,59,251.583,-21673.4,53.666,0.395233
18015000,56,261.894,-21647.8,43.7416,0.3892
18030000,59,242.447,-21678.3,76.9279,0.385827
18045000,76,340.622,-21649.2,79.8558,0.3959
18060000,70,291.425,-21640.6,75.6326,0.401533
18075000,50,233.235,-21667.8,52.6958,0.390587
18090000,48,217.753,-21677.3,47.2347,0.3892
18105000,48,211.5,-21664.6,49.2574,0.384
18120000,49,209.783,-21663.7,41.5005,0.388067
18135000,66,288.306,-21631.2,62.1353,0.386683
18150000,72,317.514,-21653.4,68.5669,0.402
18165000,58,268.406,-21668,63.3741,0.381985
18180000,48,212.035,-21669.8,48.1516,0.3925
18195000,53,226.073,-21668.9,50.512,0.385107
18210000,49,215.743,-21646.3,39.539,0.382267
18225000,59,256.402,-21657.5,74.6202,0.396978
18240000,63,280.905,-21628.8,68.5992,0.390367
18255000,72,321.448,-21659.1,74.6935,0.399411
18270000,58,245.764,-21680.2,65.1606,0.401533
18285000,62,267.654,-21642.8,61.7752,0.39755
18300000,78,330.276,-21627.1,87.869,0.388033
18315000,72,299.46,-21631.6,66.9522,0.404533
18330000,66,283.791,-21654.6,63.8494,0.408133
18345000,60,263.089,-21665.8,61.4094,0.403467
18360000,46,197.638,-21666.9,42.4434,0.39144
18375000,49,216.554,-21654,42.9668,0.384633
18390000,47,198.62,-21664.3,37.1768,0.3816
18405000,49,216.196,-21678.7,49.4757,0.385526
18420000,45,196.729,-21670.7,54.5971,0.381167
18435000,47,196.965,-21648.4,42.3539,0.375233
18450000,57,253.069,-21654.1,58.7877,0.383156
18465000,56,245.752,-21674.5,52.2929,0.382756
18480000,57,257.077,-21683.9,65.6732,0.405467
18495000,52,206.095,-21652.1,61.5984,0.393222
18510000,57,248.682,-21678,56.13,0.395893
18525000,52,216.89,-21646.7,64.2437,0.402067
18540000,64,291.109,-21659.3,56.2053,0.4042
18555000,63,273.136,-21660.7,73.2599,0.413533
18570000,52,229.578,-21646.7,41.0317,0.396507
18585000,70,299.808,-21631.2,73.2276,0.4062
18600000,58,247.568,-21654.8,66.9534,0.388867
18615000,59,260.185,-21666.4,58.8864,0.388807
18630000,58,260.396,-21663.1,62.9678,0.400378
18645000,58,263.306,-21656.7,50.7692,0.394511
18660000,49,220.632,-21642.4,45.9422,0.385067
18675000,60,259.146,-21648.4,59.4816,0.401711
18690000,57,244.995,-21642.8,61.2553,0.382067
18705000,52,231.073,-21673.7,53.7744,0.3858
18720000,50,220.017,-21643.8,52.2848,0.383517
18735000,48,208.617,-21658.4,47.8254,0.383667
18750000,51,217.84,-21655.1,49.2683,0.383
18765000,51,211.745,-21633.5,59.0968,0.368733
18780000,61,270.625,-21652.5,66.7938,0.381533
18795000,68,306.713,-21645.2,75.9873,0.378417
18810000,68,316.492,-21634.1,69.8039,0.3988
18825000,73,323.662,-21637.8,54.4883,0.4112
18840000,68,291.232,-21646.2,66.6009,0.387317
18855000,72,317.389,-21613.4,65.9496,0.4093
18870000,68,303.585,-21644.4,60.8002,0.3991
18885000,55,245.644,-21678.4,61.7272,0.38495
18900000,52,235.01,-21674.1,48.4641,0.3874
18915000,62,272.584,-21624.9,63.5181,0.390022
18930000,73,325.473,-21648,60.1214,0.3992
18945000,62,275.305,-21641.4,64.883,0.3982
18960000,63,283.589,-21666.5,63.0021,0.402933
18975000,65,292.302,-21661.7,63.9565,0.409133
18990000,60,275.736,-21655.4,58.5457,0.410067
19005000,50,212.074,-21655.6,53.5577,0.392971
19020000,47,216.742,-21668.7,48.0242,0.387567
19035000,57,262.428,-21647.4,60.7088,0.392
19050000,56,254.449,-21637.4,62.737,0.399533
19065000,62,275.366,-21641.8,56.1049,0.402733
19080000,63,286.004,-21629.3,53.1624,0.388333
19095000,74,322.39,-21626.4,70.3817,0.398133
19110000,74,329.703,-21623.9,76.5688,0.406267
19125000,68,310.011,-21624.2,73.2279,0.396133
19140000,41,174.26,-21699.7,39.0903,0.388875
19155000,55,237.538,-21643.3,42.3426,0.3863
19170000,51,223.616,-21636.6,53.8459,0.382133
19185000,66,296.053,-21632.8,70.8602,0.392817
19200000,63,277.346,-21638.5,68.9575,0.3846
19215000,51,213.232,-21663.2,65.8421,0.382511
19230000,59,273.331,-21648.7,60.533,0.3912
19245000,72,317.742,-21667.6,76.3592,0.398467
19260000,70,301.226,-21643.5,82.011,0.393825
19275000,74,332.29,-21663.7,57.4841,0.3966
19290000,69,313.81,-21654.8,78.4898,0.413133
19305000,51,212.67,-21664.9,48.5538,0.3964
19320000,70,311.207,-21644,71.5233,0.398107
19335000,54,237.336,-21653.8,37.0728,0.4026
19350000,71,333.264,-21630,75.617,0.404067
19365000,73,313.245,-21621.8,80.5747,0.4134
19380000,62,273.241,-21678.2,64.2438,0.394978
19395000,63,269.238,-21643.3,72.0831,0.4
19410000,83,367.698,-21622.1,77.5888,0.394333
19425000,76,347.917,-21592.6,75.0033,0.393933
19440000,51,216.239,-21668.1,45.4836,0.392169
19455000,87,400.386,-21596.3,96.2242,0.3969
19470000,66,298.057,-21653.8,60.9682,0.38852
19485000,80,360.012,-21606.9,85.5903,0.405867
19500000,85,372.458,-21616.6,70.4418,0.390267
19515000,69,292.433,-21671.2,81.5268,0.3952
19530000,69,307.025,-21608.7,69.1785,0.412867
19545000,68,308.337,-21622.9,50.3292,0.4014
19560000,70,308.59,-21620.8,76.0861,0.391
19575000,66,282.23,-21625.2,64.8112,0.398067
19590000,64,298.532,-21595,69.8688,0.3928
19605000,77,340.732,-21615.4,86.285,0.3972
19620000,73,327.935,-21608.9,67.0772,0.403867
19635000,73,308.331,-21609.5,72.103,0.394333
19650000,79,346.195,-21585.9,79.9965,0.404267
19665000,72,321.104,-21616.4,72.9818,0.4012
19680000,78,337.854,-21613.7,81.4576,0.3944
19695000,63,258.669,-21640.4,60.2913,0.3928
19710000,70,305.63,-21633.7,66.6829,0.383067
19725000,74,328.585,-21609.7,77.1309,0.399933
19740000,66,278.047,-21611.8,73.7306,0.398533
19755000,60,267.999,-21613.9,78.7248,0.389733
19770000,51,226.846,-21634.8,46.641,0.390467
19785000,66,282.929,-21631,70.8008,0.3786
19800000,68,296.152,-21603.7,70.76,0.395533
19815000,81,368.639,-21608.5,74.435,0.400133
19830000,73,314.977,-21603.2,75.228,0.3962
19845000,81,368.627,-21608.5,76.2167,0.3842
19860000,75,318.523,-21611.8,74.2131,0.393
19875000,79,348.927,-21642.1,81.1359,0.388964
19890000,75,337.384,-21609.5,76.0586,0.404667
19905000,62,271.843,-21626,75.9106,0.416167
19920000,58,254.791,-21646.4,63.4951,0.3902
19935000,64,286.513,-21639.9,64.0905,0.402267
19950000,48,209.201,-21651.3,56.3891,0.399133
19965000,52,222.848,-21622.5,46.017,0.388833
19980000,63,251.655,-21637.7,58.8309,0.389002
19995000,66,286.513,-21637,63.7822,0.4034
20010000,75,330.351,-21601,77.9291,0.391156
20025000,63,269.662,-21625.9,69.1186,0.395133
20040000,75,339.015,-21610,76.3532,0.399733
20055000,57,241.176,-21624.9,60.6239,0.381283
20070000,64,284.209,-21625.4,80.4122,0.4067
20085000,64,287.69,-21623.7,64.7808,0.4056
20100000,63,280.921,-21626,62.541,0.385778
20115000,67,289.839,-21638.3,75.4295,0.401467
20130000,75,332.542,-21641.9,74.4848,0.401067
20145000,77,346.368,-21637.7,84.5508,0.4176
20160000,57,248.949,-21635.3,48.3659,0.393378
20175000,69,284.845,-21648.8,80.5223,0.395933
20190000,67,293.163,-21658.5,74.8675,0.4062
20205000,69,301.428,-21649.7,62.8553,0.4078
20220000,63,285.452,-21674.4,64.5375,0.420267
20235000,54,238.073,-21680.5,58.6186,0.4096
20250000,47,203.949,-21654.3,36.4033,0.38414
20265000,69,313.279,-21664.7,58.3577,0.390092
20280000,59,258.867,-21627.1,63.9489,0.389867
20295000,55,253.202,-21627.2,53.2373,0.3978
20310000,73,319.388,-21644.3,70.9592,0.394067
20325000,73,319.472,-21621.2,72.721,0.394533
20340000,71,315.951,-21629,65.1448,0.408267
20355000,49,221.292,-21674.5,42.3198,0.386857
20370000,68,297.398,-21630,66.5321,0.406967
20385000,72,329.453,-21629,69.3486,0.406533
20400000,82,347.671,-21626.5,95.1264,0.409133
20415000,63,283.532,-21646.5,60.6495,0.412867
20430000,40,181.08,-21684.3,37.6484,0.386528
20445000,49,210.913,-21657.2,60.5014,0.390967
20460000,62,261.233,-21659.3,61.9171,0.389133
20475000,56,249.742,-21674,44.7723,0.382008
20490000,48,219.056,-21683,43.4842,0.394267
20505000,49,214.699,-21678,72.5053,0.387373
20520000,60,265.805,-21645.8,62.3587,0.400133
20535000,41,174.655,-21663.3,34.4172,0.3907
20550000,43,168.24,-21662.2,45.7645,0.3616
20565000,60,260.695,-21649.6,72.1477,0.398311
20580000,76,334.509,-21639.1,72.1311,0.412533
20595000,61,268.698,-21634.2,77.5175,0.414867
20610000,70,304.894,-21642.6,66.9039,0.407267
20625000,76,345.33,-21636.5,73.5809,0.411867
20640000,69,309.392,-21620.8,78.4762,0.4162
20655000,65,287.548,-21627.9,76.6719,0.39
20670000,56,236.353,-21662,49.0279,0.392144
20685000,56,251.508,-21650.3,53.4203,0.383067
20700000,63,263.126,-21625.6,58.9301,0.380556
20715000,72,299.82,-21604.1,80.2942,0.400733
20730000,67,278.719,-21638.9,58.1809,0.404
20745000,62,266.996,-21650.3,62.1864,0.396367
20760000,70,304.9,-21671.2,68.4353,0.401
20775000,59,256.171,-21645,55.7402,0.404356
20790000,57,268.444,-21649.6,56.6704,0.379467
20805000,47,201.002,-21657.9,45.598,0.39597
20820000,54,248.317,-21649.2,70.3397,0.3853
20835000,62,294.993,-21632.3,59.6709,0.386133
20850000,64,278.681,-21641.7,64.7352,0.400644
20865000,58,256.616,-21643.3,66.6832,0.3927
20880000,69,308.262,-21641.9,66.7812,0.4021
20895000,53,233.255,-21648,55.9443,0.395533
20910000,70,307.452,-21645.7,79.0851,0.403367
20925000,71,327.666,-21666.8,83.7551,0.410133
20940000,54,239.288,-21643.8,51.0808,0.389378
20955000,51,215.37,-21672.1,39.5982,0.3822
20970000,47,213.053,-21672,51.0924,0.386557
20985000,50,230.169,-21663.1,43.5906,0.395933
21000000,66,285.996,-21650.8,77.8137,0.401253
21015000,60,262.648,-21660.4,61.915,0.395667
21030000,68,295.574,-21657.5,86.0229,0.4151
21045000,52,225.112,-21655.1,67.4156,0.395033
21060000,61,275.522,-21626.8,55.5947,0.4101
21075000,47,208.014,-21666.7,51.3788,0.395233
21090000,63,274.204,-21631.3,67.9611,0.4071
21105000,62,259.801,-21656.4,50.1745,0.3944
21120000,77,339.78,-21639.7,87.4756,0.4018
21135000,59,260.729,-21616,57.7706,0.410467
21150000,58,227.919,-21658.5,54.8826,0.396067
21165000,46,213.018,-21675.7,41.4454,0.382589
21180000,52,225.61,-21670.9,42.486,0.390793
21195000,63,279.621,-21663.8,69.6315,0.393156
21210000,54,254.212,-21661.5,55.3157,0.3988
21225000,55,245.054,-21649.4,64.8479,0.407467
21240000,53,228.584,-21672.7,46.335,0.403489
21255000,56,244.767,-21652.2,54.9732,0.401067
21270000,47,217.771,-21691.6,36.3901,0.387233
21285000,48,212.791,-21660.9,38.6263,0.391242
21300000,57,243.046,-21654.8,49.3987,0.392378
21315000,55,250.837,-21680.1,56.9044,0.387022
21330000,57,248.198,-21656.3,76.1817,0.3952
21345000,72,279.624,-21637.6,82.6105,0.398867
21360000,46,195.152,-21665.5,41.621,0.391178
21375000,50,237.305,-21649.8,52.7819,0.385267
21390000,53,242.763,-21656.4,44.6225,0.391933
21405000,54,244.7,-21643.6,62.2646,0.385533
21420000,52,241.27,-21656.1,55.992,0.387
21435000,64,276.799,-21630.4,71.1968,0.381889
21450000,57,248.164,-21674.4,57.5151,0.395827
21465000,57,252.068,-21651.4,58.0792,0.395367
21480000,60,281.148,-21646,64.2205,0.401267
21495000,67,283.313,-21602.6,77.0032,0.3904
21510000,70,306.581,-21608.3,75.3065,0.404
21525000,69,299.42,-21637.1,60.5047,0.396933
21540000,58,261.418,-21665.3,71.2308,0.403983
21555000,58,269.022,-21696.1,67.8973,0.410333
21570000,61,266.479,-21649.4,69.0747,0.39802
21585000,61,266.598,-21645.3,63.3831,0.400667
21600000,60,263.722,-21629.4,59.0011,0.3981
21615000,76,345.275,-21633.8,68.6199,0.402222
21630000,70,322.185,-21628.6,74.3171,0.405533
21645000,58,253.521,-21635.8,51.2712,0.390667
21660000,60,266.202,-21638.2,60.9098,0.392333
21675000,77,339.004,-21644.5,69.5659,0.397187
21690000,68,303.634,-21637.1,69.7036,0.397967
21705000,68,279.568,-21622.9,53.4991,0.39975
21720000,63,278.875,-21622.4,51.2703,0.3941
21735000,68,304.499,-21673.7,81.1521,0.400083
21750000,65,280.256,-21639.6,51.5254,0.396367
21765000,70,309.574,-21648.4,60.7644,0.391933
21780000,43,189.196,-21654,38.0504,0.397867
21795000,42,164.206,-21639.5,51.1112,0.381533
21810000,48,211.251,-21654.7,42.2939,0.3998
21825000,54,239.003,-21637,54.2549,0.389133
21840000,51,208.744,-21661.8,44.5329,0.387143
21855000,62,271,-21647.6,72.3257,0.384244
21870000,61,266.649,-21638.9,50.5623,0.389867
21885000,65,278.137,-21644.4,70.578,0.400667
21900000,73,321.211,-21652.4,76.535,0.395467
21915000,54,249.68,-21644.2,51.5448,0.397933
21930000,67,293.064,-21649.5,82.8712,0.379781
21945000,67,309.316,-21653.7,78.287,0.387933
21960000,58,233.554,-21662.6,61.4438,0.3873
21975000,62,288.38,-21665.2,63.5717,0.4022
21990000,52,230.561,-21662.8,48.9249,0.398422
22005000,63,246.678,-21654.7,60.3498,0.399489
22020000,52,221.693,-21643.9,56.8866,0.3748
22035000,63,290.564,-21652.2,57.528,0.3878
22050000,63,282.652,-21653.3,64.6229,0.39368
22065000,81,349.572,-21641.6,83.2507,0.3998
22080000,65,292.593,-21657.9,66.1422,0.39888
22095000,62,284.951,-21649.9,56.0132,0.4112
22110000,61,269.075,-21650.3,68.2125,0.392
22125000,61,265.332,-21637.2,72.3757,0.403344
22140000,61,255.98,-21624.6,52.479,0.4008
22155000,72,336.715,-21644,82.3403,0.4116
22170000,68,304.305,-21639.9,67.1732,0.39585
22185000,66,287.212,-21654.1,56.1567,0.392
22200000,73,304.361,-21619.9,81.5761,0.405667
22215000,59,253.497,-21645.4,53.0596,0.393567
22230000,72,310.872,-21622.5,64.3951,0.398567
22245000,76,330.74,-21607.8,71.5545,0.393067
22260000,69,268.884,-21599.8,69.1177,0.3908
22275000,77,343.32,-21592,84.3528,0.3892
22290000,55,246.511,-21636.5,54.2608,0.3897
22305000,49,211,-21670.2,47.1939,0.373533
22320000,47,198.945,-21654.3,52.3711,0.385533
22335000,84,359.561,-21596.7,77.8677,0.397
22350000,62,255.583,-21674.2,68.0183,0.389178
22365000,98,426.491,-21602,97.4705,0.416467
22380000,91,402.516,-21599.4,79.1956,0.419533
22395000,82,364.528,-21594.4,87.416,0.410933
22410000,75,334.676,-21599,67.6906,0.401667
22425000,75,314.707,-21592.4,87.9148,0.407267
22440000,70,298.579,-21598,77.8673,0.396333
22455000,79,354.535,-21610.7,79.4078,0.408267
22470000,55,246.629,-21637.1,63.9128,0.390507
22485000,74,320.603,-21611.8,68.5229,0.4074
22500000,45,184.18,-21654.1,47.9757,0.39324
22515000,69,304.453,-21627.5,67.6531,0.397267
22530000,59,232.139,-21592.4,70.1879,0.3858
22545000,48,216.671,-21683.8,50.5057,0.383267
22560000,78,316.571,-21645.6,76.4803,0.404867
22575000,49,222.439,-21646.5,57.7795,0.389371
22590000,63,263.332,-21629.7,69.8247,0.411033
22605000,64,273.438,-21638.4,74.1364,0.387567
22620000,63,271.875,-21640.1,59.6528,0.388833
22635000,65,284.34,-21644.3,54.6522,0.391667
22650000,67,286.811,-21625,60.7887,0.392567
22665000,57,244.595,-21637,54.7274,0.38735
22680000,69,320.489,-21654.1,74.8447,0.398133
22695000,56,241.635,-21648.5,50.782,0.399567
22710000,81,365.611,-21614.1,89.4329,0.398183
22725000,73,336.886,-21624.8,82.5702,0.414933
22740000,74,326.566,-21627.3,76.2155,0.401633
22755000,89,407.531,-21588.7,85.2229,0.402733
22770000,76,319.892,-21589.2,75.4687,0.408133
22785000,55,255.748,-21645.7,49.2997,0.392489
22800000,90,384.671,-21618,76.7518,0.413333
22815000,83,369.03,-21624.3,85.628,0.414467
22830000,90,392.414,-21643.5,103.758,0.4166
22845000,84,384.294,-21637.7,83.2955,0.4192
22860000,78,332.703,-21616.1,76.1159,0.416933
22875000,57,234.336,-21624.8,66.4793,0.395911
22890000,58,233.992,-21639.1,59.4471,0.4
22905000,76,337.331,-21615.9,92.2051,0.404133
22920000,70,315.42,-21619.7,73.3136,0.391133
22935000,68,286.242,-21614.3,64.0336,0.400756
22950000,71,309.786,-21631.7,72.9449,0.3915
22965000,73,311.141,-21631.5,74.3779,0.4113
22980000,71,310.752,-21619.3,57.8896,0.4057
22995000,79,343.342,-21602.4,91.6114,0.406867
23010000,74,322.577,-21610.5,70.1773,0.407044
23025000,73,330.764,-21625.2,89.8169,0.408833
23040000,67,296.704,-21613.7,78.1783,0.407033
23055000,64,285.914,-21651.2,48.455,0.400504
23070000,76,339.743,-21639.3,72.2784,0.400511
23085000,62,280.599,-21642.7,61.0474,0.4036
23100000,61,257.705,-21620.6,51.377,0.388567
23115000,72,290.585,-21639,69.1011,0.393213
23130000,76,319.72,-21626.8,89.5144,0.394267
23145000,58,236.551,-21630.3,61.8619,0.394667
23160000,74,313.126,-21634.1,75.2896,0.395833
23175000,60,253.052,-21621.9,54.6104,0.397433
23190000,64,281.079,-21639.6,61.9667,0.400067
23205000,68,300.247,-21633.4,53.6732,0.392667
23220000,46,191.629,-21655.9,33.8854,0.392096
23235000,67,293.699,-21617,70.9228,0.393767
23250000,67,292.658,-21650.5,66.8854,0.396
23265000,74,322.39,-21629.9,67.3694,0.397
23280000,73,292.993,-21634.4,53.5346,0.3886
23295000,58,260.442,-21643.6,48.8598,0.398233
23310000,66,281.46,-21643.8,63.2462,0.395733
23325000,60,266.954,-21641.9,64.2533,0.395433
23340000,73,338.046,-21637.8,64.4039,0.404967
23355000,65,267.609,-21621.4,53.7251,0.399333
23370000,63,278.417,-21617.2,64.9908,0.3926
23385000,61,275.07,-21651.6,67.1505,0.381283
23400000,74,318.975,-21624,60.9854,0.395633
23415000,73,317.592,-21618.9,80.8701,0.4012
23430000,64,272.734,-21608.3,72.5205,0.392667
23445000,82,360.646,-21613,75.5531,0.4036
23460000,82,354.501,-21650.5,73.5678,0.396333
23475000,82,369.915,-21602.1,79.5609,0.402767
23490000,73,331.613,-21625.5,91.9058,0.4104
23505000,65,276.698,-21625.6,62.2216,0.3946
23520000,71,312.881,-21651.5,81.6918,0.395867
23535000,65,287.123,-21628.9,74.1703,0.392467
23550000,75,344.57,-21633.8,72.1249,0.395467
23565000,60,254.025,-21610.7,42.1951,0.403981
23580000,71,298.988,-21628.8,88.3673,0.388667
23595000,64,272.477,-21625.6,53.8543,0.393844
23610000,53,219.987,-21625.5,54.5834,0.383867
23625000,80,347.789,-21626.2,87.3014,0.392567
23640000,71,312.392,-21621.8,68.245,0.394967
23655000,74,326.245,-21613.1,67.6202,0.4016
23670000,80,357.09,-21607.8,84.9002,0.396633
23685000,78,335.818,-21610.4,71.1062,0.402133
23700000,65,283.273,-21635.6,76.2382,0.3932
23715000,71,305.104,-21629.4,70.9528,0.404
23730000,81,347.97,-21633.6,108.878,0.397933
23745000,65,294.93,-21645.4,55.67,0.391567
23760000,70,311.836,-21626.3,77.4919,0.405
23775000,77,333.237,-21636.2,91.7091,0.402133
23790000,74,305.475,-21628.2,74.1195,0.404667
23805000,72,304.662,-21620,67.2971,0.413867
23820000,63,266.076,-21621.7,60.1984,0.4042
23835000,52,223.551,-21686.7,56.7196,0.387423
23850000,80,338.152,-21608.7,78.1602,0.395067
23865000,75,335.367,-21618.5,74.0041,0.421867
23880000,74,334.706,-21658.7,84.538,0.395607
23895000,82,351.655,-21626.9,85.8814,0.411133
23910000,80,366.638,-21596.4,84.3217,0.4172
23925000,71,309.861,-21635.5,69.2648,0.404533
23940000,68,315.904,-21611.5,69.8777,0.390967
23955000,65,293.175,-21628.9,75.096,0.396133
23970000,65,290.146,-21619.3,63.8737,0.390667
23985000,64,273.362,-21637.4,70.1114,0.397067
24000000,74,326.379,-21626.3,73.4983,0.39384
24015000,83,370.134,-21635.5,76.6919,0.4102
24030000,75,347.991,-21646.1,79.0053,0.403844
24045000,77,344.076,-21630.2,70.9184,0.403767
24060000,70,297.363,-21612.4,69.7604,0.397333
24075000,64,290.613,-21621.5,59.4567,0.404911
24090000,72,324.02,-21626.1,63.3039,0.395767
24105000,77,337.745,-21674.4,82.591,0.3971
24120000,60,281.772,-21633.8,41.4849,0.391537
24135000,62,261.463,-21634.7,56.5655,0.394289
24150000,46,190.695,-21645.9,40.7116,0.403467
24165000,64,281.005,-21644,91.3812,0.3887
24180000,55,244.71,-21654.7,62.6481,0.397083
24195000,56,233.218,-21648.8,59.3922,0.381378
24210000,54,241.902,-21650.3,67.8383,0.391911
24225000,56,221.411,-21668.1,58.2951,0.374533
24240000,65,265.483,-21650.2,67.8823,0.3985
24255000,48,204.051,-21645.3,51.7469,0.382933
24270000,67,279.148,-21628.1,59.9893,0.399167
24285000,72,325.789,-21618.9,66.0494,0.396867
24300000,79,352.01,-21630,79.6718,0.4104
24315000,72,308.649,-21610.4,75.6403,0.402933
24330000,70,308.546,-21626,64.867,0.406067
24345000,63,286.207,-21638.2,66.4651,0.404
24360000,66,285.412,-21645.4,62.272,0.398543
24375000,83,352.111,-21618,83.9818,0.405067
24390000,76,344.966,-21615.7,88.7463,0.408
24405000,83,372.826,-21628.5,85.3437,0.4162
24420000,77,333.939,-21594.4,95.1282,0.406933
24435000,76,320.85,-21611.1,73.2267,0.399733
24450000,72,319.381,-21610,66.9035,0.401
24465000,61,279.619,-21617.8,65.9058,0.370467
24480000,61,277.184,-21614.1,65.6511,0.389733
24495000,71,307.567,-21633,75.1601,0.389026
24510000,67,294.666,-21623.5,76.497,0.4031
24525000,67,300.328,-21631.3,65.505,0.389867
24540000,61,271.785,-21614.7,55.2161,0.384733
24555000,64,278.952,-21619.6,65.4529,0.3936
24570000,71,323.304,-21633.7,73.2661,0.392867
24585000,80,330.514,-21655,82.107,0.402167
24600000,80,347.689,-21619.8,83.1727,0.403767
24615000,61,267.904,-21625,52.7151,0.4078
24630000,71,308.663,-21608.3,72.2806,0.407833
24645000,74,319.177,-21625.1,77.9156,0.390867
24660000,77,329.29,-21594.7,96.6885,0.401333
24675000,77,329.713,-21597.8,79.3369,0.402533
24690000,69,297.412,-21604.3,68.4763,0.4038
24705000,62,280.332,-21655.4,64.2974,0.400056
24720000,79,351.499,-21616.7,75.0457,0.4
24735000,50,225.661,-21646.2,45.8962,0.386456
24750000,66,280.858,-21627.4,56.7524,0.398633
24765000,68,292.827,-21659.7,57.9702,0.397783
24780000,68,297.8,-21656.8,81.8708,0.404333
24795000,71,315.978,-21660.4,66.4041,0.410933
24810000,69,318.355,-21611,53.1488,0.4025
24825000,56,229.929,-21633.6,48.8297,0.396567
24840000,72,304.67,-21602,78.5262,0.3911
24855000,43,200.065,-21677.3,37.7435,0.384483
24870000,68,301.089,-21634,74.9244,0.400267
24885000,67,300.044,-21633.1,68.5892,0.400467
24900000,62,257.01,-21651.6,72.9706,0.401067
24915000,62,271.572,-21620.8,54.1293,0.3978
24930000,79,339.992,-21656.9,70.7442,0.397633
24945000,69,303.237,-21651.5,76.6622,0.400133
24960000,88,367.56,-21632.7,91.6972,0.4114
24975000,82,364.675,-21634.8,90.774,0.409733
24990000,77,342.768,-21625.4,95.2402,0.409333
25005000,74,329.224,-21631.1,77.2912,0.404733
25020000,65,289.137,-21644.3,70.9441,0.402027
25035000,81,365.378,-21650.6,81.2584,0.404933
25050000,73,313.291,-21628.6,78.8663,0.4126
25065000,70,303.603,-21630.7,68.2723,0.3976
25080000,70,317.845,-21640.1,77.2333,0.405533
25095000,80,353.474,-21646.2,76.5718,0.392067
25110000,89,397.207,-21651.8,87.9619,0.4274
25125000,68,304.524,-21646.2,73.9418,0.3999
25140000,65,287.494,-21648.3,53.9337,0.405933
25155000,72,323.667,-21644.8,80.7212,0.409511
25170000,66,295.214,-21628.7,60.2263,0.396
25185000,47,209.768,-21658.5,45.7135,0.396111
25200000,47,205.257,-21683.2,48.877,0.387133
25215000,66,283.189,-21641,67.3962,0.398378
25230000,59,253.744,-21632.3,60.7904,0.409133
25245000,52,234.93,-21645.2,42.9586,0.402067
25260000,58,255.757,-21652.9,69.9159,0.385299
25275000,64,277.451,-21643.6,68.3614,0.4055
25290000,55,237.496,-21652.8,54.4703,0.392111
25305000,50,223.164,-21631,44.6533,0.385978
25320000,64,270.518,-21655.9,66.7091,0.389356
25335000,48,209.986,-21665.6,58.5899,0.378333
25350000,60,275.997,-21630.3,62.5986,0.381444
25365000,65,291.594,-21652,57.3799,0.384213
25380000,69,324.641,-21652.3,66.8303,0.3882
25395000,52,235.817,-21646.9,47.6424,0.392844
25410000,55,246.56,-21659.5,51.0828,0.4004
25425000,61,274.62,-21665.4,53.0762,0.3908
25440000,56,236.528,-21631.5,50.487,0.3995
25455000,59,247.524,-21638.3,62.2562,0.392978
25470000,55,240.316,-21639.1,54.8683,0.403467
25485000,59,253.625,-21668.2,74.7333,0.382133
25500000,66,289.612,-21627.5,71.8747,0.3909
25515000,70,297.336,-21644.7,77.7364,0.4092
25530000,55,244.92,-21653.9,47.1795,0.391244
25545000,59,251.776,-21667.8,63.012,0.3955
25560000,57,236.256,-21642.5,59.8793,0.3914
25575000,53,246.133,-21658.1,43.1996,0.392444
25590000,54,239.472,-21679,63.7323,0.3794
25605000,58,235.835,-21654.1,71.9328,0.391267
25620000,51,222.364,-21667.1,55.946,0.373867
25635000,49,217.414,-21668.9,61.5147,0.383267
25650000,60,276.674,-21657.1,59.4797,0.393133
25665000,65,288.706,-21660.1,72.5636,0.399037
25680000,69,307.048,-21652.8,60.5315,0.388508
25695000,65,281.332,-21664.3,57.2069,0.405689
25710000,64,294.513,-21626.4,50.4429,0.407467
25725000,42,182.105,-21677.7,30.0833,0.3863
25740000,54,244.581,-21659.7,51.6399,0.3957
25755000,53,226.329,-21649.9,44.4838,0.406267
25770000,45,204.045,-21685,46.8327,0.388489
25785000,49,218.655,-21636.5,66.9785,0.383967
25800000,44,186.038,-21682.4,38.8586,0.398533
25815000,67,298.499,-21630,59.9022,0.3984
25830000,57,254.454,-21643.6,44.362,0.3998
25845000,48,212.306,-21618.1,54.062,0.376867
25860000,54,234.303,-21649.6,50.6234,0.3702
25875000,57,251.922,-21654.2,53.7867,0.389867
25890000,64,281.221,-21649.8,77.2943,0.397867
25905000,60,263.615,-21634.1,63.6216,0.408333
25920000,56,232.568,-21672.2,67.1273,0.400063
25935000,47,201.522,-21652.1,66.2015,0.3817
25950000,41,173.164,-21638.4,48.992,0.366133
25965000,53,219.858,-21626.4,51.4073,0.369867
25980000,60,256.275,-21640,54.8642,0.3902
25995000,57,243.588,-21628.8,58.05,0.3881
26010000,62,272.344,-21649.8,72.4037,0.387233
26025000,61,275.739,-21647.9,83.4864,0.404267
26040000,45,200.446,-21659.6,53.2083,0.3928
26055000,47,204.787,-21653.9,48.7216,0.389833
26070000,64,301.014,-21642.8,55.9593,0.3886
26085000,66,298.496,-21634.7,61.6353,0.390733
26100000,64,286.353,-21654.6,50.8868,0.399733
26115000,64,300.156,-21649.1,59.6591,0.393133
26130000,66,284.027,-21675.1,72.7654,0.387133
26145000,50,215.927,-21642.1,59.1228,0.376329
26160000,58,253.553,-21664.6,51.5427,0.396033
26175000,59,265.005,-21644.2,53.3444,0.3997
26190000,58,247.235,-21643.7,79.9667,0.4048
26205000,49,218.145,-21651.9,55.5904,0.3988
26220000,51,216.903,-21651,56.4146,0.3976
26235000,55,245.952,-21659.6,68.4903,0.394433
26250000,49,218.607,-21633.6,42.5109,0.385
26265000,64,288.943,-21624.1,68.5611,0.4054
26280000,69,300.861,-21640.4,65.8973,0.4204
26295000,58,262.814,-21629.1,53.2428,0.40408
26310000,67,301.198,-21648.3,67.7794,0.3976
26325000,50,215.653,-21651.5,59.7723,0.393933
26340000,66,278.627,-21658.9,60.4801,0.400072
26355000,56,243.561,-21653.4,66.4993,0.399733
26370000,71,317.624,-21636.4,86.0021,0.3961
26385000,64,284.81,-21620,58.5615,0.405933
26400000,68,291.972,-21663.9,63.2952,0.392556
26415000,64,286.919,-21660.8,71.5396,0.400289
26430000,67,277.352,-21639.8,62.6988,0.398889
26445000,72,298.003,-21620.9,66.261,0.409467
26460000,73,325.155,-21613.5,78.4667,0.399622
26475000,65,287.024,-21618.4,63.9251,0.388633
26490000,65,265.374,-21651.1,71.1955,0.3911
26505000,71,295.379,-21609.2,66.6266,0.4035
26520000,80,334.594,-21590.9,69.4473,0.405
26535000,63,284.093,-21628.1,64.6904,0.393667
26550000,49,222.935,-21664.5,45.888,0.399378
26565000,63,277.003,-21647.2,59.8696,0.3941
26580000,76,335.462,-21650.3,86.475,0.392956
26595000,60,274.83,-21620.2,56.9287,0.402267
26610000,65,290.327,-21636.5,58.9104,0.395467
26625000,59,257.294,-21652.5,57.4396,0.389227
26640000,60,267.538,-21633.4,59.8887,0.382633
26655000,47,197.929,-21674.6,46.0848,0.3894
26670000,53,240.388,-21661.1,42.3697,0.3784
26685000,49,225.67,-21675.8,44.9098,0.393883
26700000,60,276.112,-21673.4,48.5726,0.394267
26715000,42,179.661,-21683.5,39.8054,0.388433
26730000,40,173.345,-21675.3,41.0975,0.385467
26745000,42,191.931,-21672.1,48.4588,0.3834
26760000,55,231.618,-21672.5,47.4267,0.385767
26775000,70,289.783,-21693.9,60.0512,0.395733
26790000,52,225.496,-21670.2,46.7995,0.396378
26805000,63,280.377,-21669.2,69.1618,0.3942
26820000,54,235.222,-21672.9,73.6106,0.394133
26835000,51,222.662,-21656.3,47.6656,0.3895
26850000,50,215.274,-21667.3,55.9713,0.378456
26865000,53,229.214,-21642.8,48.9097,0.3844
26880000,54,220.259,-21638.1,64.1028,0.387733
26895000,41,173.556,-21668,48.7806,0.386978
26910000,48,198.684,-21680.5,42.1179,0.384067
26925000,52,232.085,-21674,51.3975,0.383667
26940000,48,211.637,-21685.3,38.0501,0.3757
26955000,66,296.177,-21679.6,62.1743,0.390733
26970000,55,229.482,-21655.4,63.4381,0.379067
26985000,63,274.495,-21662.3,60.1082,0.399289
27000000,56,250.011,-21635.6,64.5344,0.38905
27015000,57,244.5,-21656.3,59.4508,0.368067
27030000,47,209.345,-21687.4,38.136,0.39
27045000,55,235.171,-21635.8,66.6247,0.3816
27060000,53,225.699,-21655.1,56.1054,0.3914
27075000,66,301.124,-21625.3,61.391,0.3812
27090000,71,327.672,-21619.3,77.8898,0.396067
27105000,72,313.635,-21674.7,72.3211,0.393173
27120000,63,270.564,-21653.1,68.294,0.386956
27135000,70,329.025,-21657.7,75.0131,0.399467
27150000,65,287.419,-21615.3,59.092,0.403567
27165000,59,266.819,-21633,40.9853,0.386467
27180000,62,281.994,-21676,67.235,0.398787
27195000,67,291.455,-21616.8,73.2456,0.402667
27210000,66,286.151,-21628.2,59.3487,0.3956
27225000,62,274.214,-21650.4,60.6986,0.397133
27240000,58,255.274,-21638.6,56.5338,0.391333
27255000,50,214.556,-21672.2,52.4477,0.38905
27270000,42,186.687,-21659.8,29.3173,0.395056
27285000,50,215.647,-21656.5,50.8618,0.361333
27300000,49,226.208,-21665.7,45.5622,0.396667
27315000,59,267.995,-21633.4,52.8052,0.38332
27330000,53,231.19,-21637.8,58.2711,0.3882
27345000,70,313.746,-21652.3,58.3651,0.389989
27360000,50,224.546,-21655.7,46.6255,0.388867
27375000,45,177.752,-21665.1,50.9465,0.384511
27390000,56,243.406,-21663.4,55.7158,0.376
27405000,55,231.268,-21651,46.9375,0.390178
27420000,56,226.437,-21666.6,58.6083,0.4056
27435000,69,300.118,-21650.6,79.6904,0.397844
27450000,59,267.528,-21658.6,55.3676,0.3986
27465000,50,220.176,-21644.4,34.1094,0.404111
27480000,52,235.384,-21634.4,52.3671,0.386333
27495000,53,241.854,-21649.1,46.6984,0.389067
27510000,57,252.054,-21658.3,75.4441,0.382333
27525000,46,210.178,-21644.8,41.1866,0.394817
27540000,56,264.268,-21664.9,62.1386,0.39328
27555000,56,247.04,-21649.3,55.4832,0.394533
27570000,54,235.032,-21652.6,59.7204,0.386
27585000,58,262.887,-21625.5,58.2319,0.389333
27600000,57,244.052,-21634.8,57.367,0.375989
27615000,61,254.822,-21618.2,62.487,0.377667
27630000,72,312.561,-21604.2,78.685,0.389644
27645000,71,306.804,-21625.9,61.479,0.390933
27660000,62,277.106,-21656.5,58.9656,0.397056
27675000,68,290.223,-21602.2,71.2874,0.376083
27690000,58,268.855,-21633.2,55.5648,0.400222
27705000,61,284.858,-21633.8,61.6248,0.381
27720000,65,273.3,-21627,69.9641,0.377044
27735000,54,237.632,-21606.6,63.1395,0.38
27750000,53,220.54,-21613,62.7034,0.376267
27765000,70,310.51,-21603.8,65.2183,0.378933
27780000,56,247.226,-21642.2,51.5997,0.389342
27795000,50,230.347,-21653.9,47.6953,0.399067
27810000,71,308.996,-21614.9,68.6921,0.393333
27825000,65,290.64,-21597.9,53.514,0.382933
27840000,74,341.936,-21607.2,69.0821,0.397267
27855000,72,312.876,-21605,71.614,0.39184
27870000,56,237.817,-21606.7,59.9249,0.383667
27885000,59,246.268,-21641,61.5241,0.375667
27900000,58,245.561,-21617.8,68.5261,0.384578
27915000,68,307.415,-21611.8,60.0615,0.394667
27930000,58,270.55,-21669.4,54.0875,0.39037
27945000,72,318.997,-21627.4,72.1787,0.3917
27960000,80,357.274,-21615.7,81.0424,0.402333
27975000,66,295.11,-21638.9,62.7753,0.4048
27990000,62,263.505,-21639.8,62.0582,0.403
28005000,71,323.386,-21642.6,82.4797,0.396767
28020000,65,290.791,-21627.5,74.3031,0.3877
28035000,68,292.912,-21643.2,76.3613,0.406067
28050000,90,383.781,-21634.2,103.815,0.4032
28065000,69,303.392,-21625.5,66.2184,0.411633
28080000,61,270.151,-21655.6,67.97,0.411267
28095000,69,317.589,-21657.1,67.0573,0.4118
28110000,69,307.18,-21628.7,64.2127,0.3943
28125000,74,311.65,-21615,86.5794,0.409733
28140000,61,255.37,-21654.6,60.4645,0.399138
28155000,69,317.26,-21641.3,64.1062,0.402917
28170000,62,268.745,-21646.7,54.8512,0.387067
28185000,60,261.082,-21634.9,68.7811,0.402133
28200000,75,309.952,-21605.1,64.3006,0.403133
28215000,61,264.007,-21674.6,66.0589,0.397622
28230000,64,294.479,-21660.7,68.7063,0.410267
28245000,70,313.489,-21636.1,67.4378,0.401689
28260000,68,302.585,-21658.9,81.6842,0.391567
28275000,64,286.797,-21649.3,61.6169,0.40465
28290000,56,234.485,-21655.3,63.0983,0.404467
28305000,55,243.373,-21646.9,56.5658,0.400067
28320000,59,269.622,-21656.7,57.2173,0.412467
28335000,58,253.152,-21654.6,71.5904,0.394733
28350000,50,230.781,-21638.5,45.6196,0.401762
28365000,61,273.897,-21648.7,57.5893,0.403633
28380000,61,272.566,-21619.6,53.7661,0.3869
28395000,61,258.5,-21616.3,56.3054,0.377333
28410000,70,300.202,-21657.2,72.875,0.396422
28425000,64,279.405,-21596.5,73.4718,0.387433
28440000,65,284.674,-21606,66.3751,0.395267
28455000,67,282.77,-21614.1,64.8706,0.397267
28470000,88,391.62,-21621.1,97.7186,0.4168
28485000,71,313.511,-21618.8,65.3654,0.407333
28500000,61,269.554,-21658,51.0578,0.392596
28515000,55,243.058,-21625.5,57.6863,0.399267
28530000,56,234.296,-21628.7,54.9442,0.3912
28545000,65,299.124,-21651.8,57.9934,0.398941
28560000,59,255.002,-21656.2,52.3285,0.391583
28575000,57,267.811,-21667.2,59.2268,0.397733
28590000,54,237.683,-21629.2,51.9521,0.39455
28605000,68,296.473,-21636.9,70.4709,0.393933
28620000,66,279.903,-21634.4,69.093,0.391733
28635000,57,250.499,-21615.9,47.3887,0.393733
28650000,54,244.973,-21663.9,62.4028,0.39052
28665000,66,289.369,-21603.2,69.3702,0.394
28680000,71,309.08,-21650.1,71.9638,0.395163
28695000,58,261.137,-21655.5,56.3846,0.386133
28710000,60,257.046,-21657,60.8581,0.395667
28725000,55,240.296,-21648.3,54.8492,0.3911
28740000,57,258.632,-21658.9,70.3181,0.3904
28755000,61,262.542,-21630.9,63.949,0.409933
28770000,63,262.612,-21616.4,59.7179,0.398733
28785000,62,262.032,-21652.7,55.2623,0.385437
28800000,63,271.185,-21649.8,71.413,0.39695
28815000,63,276.682,-21643.9,80.5474,0.400533
28830000,57,251.026,-21660.6,65.124,0.388467
28845000,64,285.674,-21621.7,68.9029,0.400644
28860000,54,226.194,-21649.8,49.7544,0.3952
28875000,54,237.545,-21665.3,55.4589,0.397756
28890000,51,226.676,-21650.4,43.8102,0.371133
28905000,66,280.282,-21645.8,62.7204,0.391911
28920000,65,279.616,-21660.9,63.0329,0.4072
28935000,64,270.197,-21678.7,62.3768,0.405933
28950000,55,239.962,-21645.9,44.0983,0.390067
28965000,51,226.185,-21651.1,54.9631,0.390053
28980000,63,277.782,-21654.9,57.6068,0.395967
28995000,63,274.836,-21659.3,55.1302,0.4098
29010000,67,294.471,-21640,75.4679,0.4034
29025000,59,254.18,-21644.7,52.1048,0.399533
29040000,56,231.992,-21625.4,73.2477,0.389467
29055000,52,227.33,-21654.4,55.2039,0.392629
29070000,57,257.313,-21652.7,47.4077,0.387581
29085000,61,268.923,-21634.4,69.0092,0.385867
29100000,59,254.441,-21653.5,52.5592,0.391467
29115000,40,166.115,-21679.8,40.7222,0.382267
29130000,66,290.654,-21657.8,70.0601,0.37976
29145000,65,277.168,-21638.8,74.1096,0.391533
29160000,62,276.046,-21663.8,71.9661,0.3868
29175000,58,248.423,-21647.1,52.6066,0.3906
29190000,71,307.302,-21655.4,99.4303,0.404033
29205000,64,289.271,-21653.4,71.3425,0.403933
29220000,59,256.183,-21643.6,62.8192,0.394867
29235000,64,291.898,-21655.4,51.5527,0.393333
29250000,53,222.95,-21642,58.6558,0.393187
29265000,62,286.991,-21646.4,57.5912,0.3956
29280000,60,266.643,-21657.3,56.2747,0.387967
29295000,66,291.913,-21649.1,75.9665,0.4
29310000,69,281.99,-21642.4,71.2245,0.405933
29325000,65,270.7,-21643.6,60.5846,0.40605
29340000,46,196.656,-21654,46.8551,0.3925
29355000,60,257.406,-21662,58.5257,0.396867
29370000,68,291.982,-21664,55.3591,0.390255
29385000,73,307.515,-21641,56.0787,0.4024
29400000,71,310.12,-21638.8,68.57,0.4148
29415000,72,345.113,-21646.6,62.6524,0.4038
29430000,65,281.18,-21652.5,53.8255,0.405267
29445000,68,308.258,-21643.5,72.295,0.402933
29460000,55,234.941,-21661.7,64.9616,0.386908
29475000,60,263.045,-21636.8,60.3635,0.390178
29490000,61,261.252,-21676.5,71.8862,0.403467
29505000,42,166.58,-21680.8,32.1773,0.382267
29520000,44,183.041,-21639.7,38.2275,0.382689
29535000,39,162.932,-21675.2,33.135,0.367133
29550000,42,173.835,-21678.4,36.0662,0.3676
29565000,38,145.12,-21704.7,43.3966,0.367933
29580000,45,197.412,-21696.1,55.3781,0.37885
29595000,63,261.105,-21634.6,70.5784,0.388827
29610000,66,276.271,-21630.6,64.9363,0.401733
29625000,63,263.084,-21626.4,64.5635,0.401067
29640000,67,287.254,-21627.1,63.2308,0.411667
29655000,57,239.864,-21629.8,56.3056,0.390067
29670000,59,273.671,-21629.6,60.865,0.398933
29685000,68,312.803,-21618.1,76.1845,0.398933
29700000,68,301.888,-21600.6,57.7488,0.387667
29715000,74,338.35,-21623.9,69.5778,0.412267
29730000,69,302.016,-21625.1,69.778,0.380987
29745000,72,313.228,-21610,71.5859,0.4084
29760000,43,183.941,-21679.3,50.099,0.370831
29775000,77,337.827,-21630.2,67.7857,0.393222
29790000,65,285.869,-21619.2,57.3235,0.403889
29805000,63,271.973,-21640,69.0279,0.393833
29820000,64,271.243,-21646.4,63.2499,0.388267
29835000,39,172.656,-21689.2,48.7854,0.378667
29850000,68,308.711,-21624,71.1708,0.40185
29865000,56,230.564,-21627.9,57.1088,0.4014
29880000,71,291.931,-21645.5,69.874,0.409933
29895000,66,287.427,-21639.8,71.2789,0.3978
29910000,66,314.85,-21634.3,73.6653,0.400867
29925000,58,240.241,-21625.9,60.5872,0.3898
29940000,56,248.047,-21635.7,68.6749,0.393
29955000,64,265.873,-21638.1,57.1402,0.3936
29970000,73,323.925,-21632.4,84.1492,0.405933
29985000,55,231.332,-21657.1,52.3101,0.38266
