generation,N_shifts,logPrior,logLik,eventRate,acceptRate
0,0,0.641453,-24208.9,100,0
15000,2,9.30363,-22005.2,1.92656,0.161923
30000,2,9.63461,-21974.6,0.73248,0.249658
45000,1,3.90278,-22007.8,1.0923,0.193022
60000,1,4.5946,-22003,1.34969,0.324067
75000,2,9.32352,-21977.4,2.88488,0.317778
90000,5,23.9324,-21932.6,5.68382,0.304
105000,2,6.7753,-21979.6,1.32639,0.286533
120000,3,13.215,-21949.2,4.19176,0.264333
135000,4,19.6312,-21915,6.43155,0.272556
150000,6,31.4738,-21929.3,4.08151,0.302767
165000,7,35.2149,-21933.8,6.94364,0.266933
180000,10,44.5657,-21915.5,8.76087,0.317867
195000,12,49.5587,-21878.3,12.6178,0.317533
210000,16,71.5891,-21859.4,16.9353,0.348667
225000,14,61.5597,-21854.1,14.3399,0.329667
240000,16,71.2283,-21830.2,17.6163,0.332667
255000,15,71.4542,-21807.5,11.3742,0.355133
270000,12,55.7609,-21849.8,8.81021,0.304637
285000,11,49.1277,-21845.4,17.6965,0.338533
300000,12,48.0824,-21837,15.3486,0.321333
315000,40,179.331,-21765.5,40.005,0.382083
330000,45,198.923,-21726.7,50.6154,0.392667
345000,53,240.182,-21709.7,53.5314,0.406133
360000,27,109.789,-21774.7,38.4433,0.352483
375000,62,274.032,-21690.5,54.3871,0.406467
390000,62,271.658,-21671.6,56.7291,0.409267
405000,68,292.002,-21657.1,70.9743,0.405667
420000,66,290.263,-21664.4,60.6284,0.396333
435000,66,298.991,-21651.6,75.1904,0.396267
450000,63,281.244,-21674.2,72.392,0.4106
465000,70,320.034,-21659.4,80.8191,0.390133
480000,68,307.262,-21660,65.9988,0.4098
495000,83,349.168,-21651.8,86.309,0.411067
510000,74,317.414,-21648.1,69.7357,0.4132
525000,82,359.837,-21639.9,93.2252,0.400533
540000,66,284.124,-21649,60.0258,0.403933
555000,70,323.188,-21678.4,60.6025,0.412667
570000,75,341.574,-21645.6,90.0189,0.4184
585000,65,294.796,-21677.2,66.8461,0.406867
600000,67,292.603,-21677.6,63.6064,0.4098
615000,23,103.46,-21753.8,24.3233,0.323234
630000,39,166.587,-21691.5,37.965,0.3777
645000,68,291.534,-21676.7,70.5864,0.405444
660000,56,240.781,-21691,56.263,0.3951
675000,45,193.51,-21664.7,50.4452,0.386667
690000,55,244.361,-21638.3,50.3484,0.406489
705000,50,224.106,-21641.5,37.3712,0.373533
720000,52,226.122,-21673.2,58.086,0.384067
735000,48,215.043,-21689.8,46.4256,0.407067
750000,69,297.14,-21650.3,65.6586,0.407911
765000,62,278.442,-21658.3,74.7462,0.414667
780000,62,250.67,-21640.4,56.5221,0.397533
795000,56,229.067,-21645.6,66.246,0.391667
810000,59,254.674,-21640.3,63.2448,0.383533
825000,53,232.377,-21639.4,73.0897,0.3724
840000,69,292.52,-21665.9,70.2458,0.393467
855000,60,275.508,-21658.8,49.2046,0.392092
870000,60,266.228,-21631.2,58.9275,0.408467
885000,61,268.653,-21658.2,44.1374,0.396733
900000,53,217.071,-21640.2,54.6056,0.3909
915000,62,280.985,-21666,61.699,0.4019
930000,65,261.19,-21656.5,59.3239,0.406733
945000,57,241.587,-21625.9,54.5919,0.398756
960000,51,215.755,-21635.8,47.7867,0.386733
975000,53,242.889,-21637.8,61.5204,0.3878
990000,57,253.278,-21632.9,58.7329,0.388133
1005000,71,338.967,-21620.4,67.3062,0.405733
1020000,61,264.267,-21638.4,49.4109,0.4006
1035000,60,249.902,-21651.4,66.7903,0.391067
1050000,57,235.265,-21634.6,70.4145,0.3834
1065000,61,273.713,-21631.6,64.384,0.388
1080000,74,334.393,-21620.1,77.5431,0.4067
1095000,73,319.519,-21624.9,74.5186,0.406067
1110000,72,336.269,-21626.5,70.1116,0.4172
1125000,74,329.492,-21613.7,77.9949,0.403133
1140000,59,270.697,-21648.4,68.19,0.39904
1155000,64,281.178,-21607.3,67.1929,0.401733
1170000,76,322.702,-21640.3,63.3155,0.401033
1185000,72,326.618,-21621.1,70.2677,0.399833
1200000,59,254.643,-21644.1,64.6419,0.404267
1215000,60,266.794,-21619.9,63.5489,0.3964
1230000,76,349.211,-21583.4,86.1478,0.397
1245000,76,326.033,-21606.2,90.1181,0.385556
1260000,60,270.737,-21599,63.7953,0.378467
1275000,67,312.181,-21592.5,66.9177,0.395178
1290000,65,286.501,-21596.4,59.6544,0.377
1305000,68,304.302,-21602.5,71.4237,0.397733
1320000,61,273.905,-21586.7,62.5142,0.386533
1335000,45,195.677,-21658.1,41.6893,0.388533
1350000,60,262.52,-21610.8,78.7301,0.388367
1365000,55,253.934,-21628.6,62.9706,0.3934
1380000,48,209.034,-21635.1,55.9435,0.3718
1395000,57,250.331,-21617.6,46.6808,0.388867
1410000,64,269.263,-21619.1,66.9879,0.400667
1425000,55,233.999,-21654.5,54.5292,0.374378
1440000,61,248.739,-21631.2,51.6645,0.404867
1455000,70,308.251,-21645.7,74.8252,0.394533
1470000,60,258.945,-21643.6,65.4184,0.399933
1485000,58,252.348,-21648.6,45.2499,0.3876
1500000,56,234.865,-21636.7,66.2959,0.369133
1515000,40,179.478,-21692.7,31.8446,0.361336
1530000,63,273.11,-21633.3,63.4496,0.386133
1545000,67,292.669,-21628.2,72.9425,0.3932
1560000,47,205.623,-21638.8,49.2108,0.391222
1575000,52,220.955,-21621.3,49.4857,0.392733
1590000,36,151.101,-21644,35.6997,0.3687
1605000,51,235.117,-21657.8,37.5197,0.376333
1620000,59,253.32,-21627.8,52.4669,0.393333
1635000,48,204.952,-21639.6,40.4882,0.378167
1650000,65,297.564,-21623.4,61.6782,0.391933
1665000,55,237.351,-21620.9,51.6156,0.385667
1680000,56,249.125,-21642.7,55.6166,0.375333
1695000,49,205.645,-21640.3,55.2419,0.366833
1710000,59,253.837,-21652,58.018,0.385367
1725000,52,247.085,-21629.5,55.3082,0.395467
1740000,59,256.989,-21632.5,52.8062,0.375689
1755000,54,252.496,-21608,48.4088,0.3847
1770000,69,303.835,-21631.4,64.2576,0.3792
1785000,60,252.492,-21609.2,59.8973,0.3888
1800000,63,257.844,-21628.2,60.3101,0.3912
1815000,79,348.531,-21637.2,94.1131,0.4072
1830000,51,216.724,-21609.7,48.563,0.3785
1845000,59,257.574,-21635.8,73.5588,0.381467
1860000,38,163.31,-21627.2,33.0186,0.364533
1875000,49,215.61,-21641.2,59.1832,0.3906
1890000,48,210.427,-21637.5,42.1286,0.3592
1905000,53,227.106,-21630.5,63.8296,0.3823
1920000,56,257.101,-21645.2,62.6453,0.3864
1935000,55,240.544,-21642.3,54.9947,0.3798
1950000,50,218.761,-21657.7,54.5653,0.368067
1965000,46,196.793,-21686.5,45.6415,0.377133
1980000,49,237.654,-21676.7,55.3293,0.3732
1995000,49,207.537,-21669.8,52.469,0.386267
2010000,59,263.921,-21646.6,60.4498,0.386122
2025000,56,238.793,-21656.7,58.3321,0.388947
2040000,52,238.326,-21654.7,44.5118,0.376
2055000,49,217.849,-21633.3,39.8822,0.3806
2070000,59,262.484,-21622.4,51.2169,0.3796
2085000,46,215.588,-21635.8,49.0302,0.373267
2100000,49,210.336,-21630.4,56.7503,0.366013
2115000,62,265.342,-21589.9,70.497,0.388067
2130000,54,234.434,-21618.5,66.7728,0.379467
2145000,57,222.693,-21612.2,51.2258,0.373667
2160000,71,327.196,-21610.6,64.7424,0.378987
2175000,69,309.717,-21610.8,61.3051,0.396333
2190000,67,301.311,-21627.2,58.0147,0.4046
2205000,57,261.074,-21606.7,46.1144,0.3724
2220000,57,249.91,-21634.8,52.8599,0.3736
2235000,66,282.962,-21628.3,54.5995,0.397
2250000,68,309.834,-21625.1,77.6021,0.396133
2265000,58,252.431,-21606.6,63.1866,0.369311
2280000,71,312.001,-21635.8,55.9545,0.373667
2295000,61,264.602,-21622.8,66.5174,0.389822
2310000,50,199.129,-21623.4,55.7527,0.368367
2325000,66,291.306,-21638.4,54.962,0.3815
2340000,57,249.589,-21616.5,72.5785,0.3555
2355000,41,175.666,-21606.1,47.2259,0.3562
2370000,56,250.605,-21594.5,53.22,0.345933
2385000,66,283.978,-21629.3,63.4489,0.39485
2400000,64,273.067,-21634.9,56.7604,0.388667
2415000,66,273.445,-21614.6,62.7422,0.384867
2430000,64,285.895,-21581.3,67.9866,0.3832
2445000,65,291.14,-21606.2,70.0845,0.3958
2460000,58,254.097,-21645,78.3656,0.380441
2475000,61,261.306,-21615.9,62.3575,0.386367
2490000,64,272.842,-21611.6,66.6979,0.388233
2505000,57,266.528,-21626.8,42.5722,0.390111
2520000,51,229.182,-21602.8,52.6936,0.382311
2535000,50,216.218,-21604.9,50.9568,0.359133
2550000,59,260.697,-21626.1,63.5922,0.3901
2565000,62,280.062,-21612.8,54.8173,0.3805
2580000,56,247.813,-21620.4,60.3403,0.370733
2595000,46,197.15,-21625.4,34.0692,0.368333
2610000,57,232.978,-21626.1,54.1711,0.384183
2625000,66,302.4,-21646,65.0358,0.3869
2640000,51,221.951,-21628.9,43.6541,0.397067
2655000,45,202.29,-21620,50.7207,0.349433
2670000,53,237.555,-21606.6,47.7124,0.3572
2685000,53,224.989,-21633.4,58.3947,0.389356
2700000,46,207.105,-21634.9,52.1682,0.3567
2715000,46,204.749,-21670.9,31.4003,0.3791
2730000,47,204.199,-21610.4,52.1674,0.357833
2745000,48,226.018,-21669.3,38.5795,0.373267
2760000,57,253.862,-21615.1,54.7756,0.3713
2775000,64,258.032,-21629.8,61.5709,0.3921
2790000,65,276.752,-21609.6,57.8468,0.373067
2805000,53,237.301,-21614.5,55.5934,0.374144
2820000,52,226.657,-21645,53.3797,0.400422
2835000,61,273.054,-21617.5,74.4336,0.387267
2850000,56,228.076,-21658.4,48.0467,0.384
2865000,63,258.894,-21603.5,54.5281,0.382667
2880000,63,281.384,-21634,50.859,0.3887
2895000,47,209.311,-21632.5,38.2714,0.367989
2910000,49,217.334,-21626,52.4549,0.376911
2925000,49,215.408,-21606.4,52.6902,0.364667
2940000,47,209.137,-21646.5,35.8841,0.368533
2955000,46,203.456,-21625.5,55.3229,0.358633
2970000,41,185.832,-21619.9,34.8507,0.351733
2985000,44,196.606,-21634.4,68.1407,0.337133
3000000,52,223.425,-21677,49.9976,0.391783
3015000,54,235.081,-21613.9,60.1281,0.364333
3030000,60,278.333,-21590.2,48.4792,0.362533
3045000,42,182.983,-21697,53.4986,0.386333
3060000,47,197.884,-21604.2,41.3837,0.370133
3075000,42,182.013,-21663.5,41.8355,0.356541
3090000,61,259.057,-21622.4,49.9586,0.363667
3105000,74,322.515,-21590.6,79.6135,0.387467
3120000,74,327.044,-21586.3,75.8173,0.384133
3135000,70,299.383,-21605.4,62.7499,0.3998
3150000,54,236.739,-21614.9,49.5339,0.384067
3165000,40,162.103,-21642,40.4392,0.366311
3180000,49,188.742,-21613.7,46.0815,0.3735
3195000,41,180.156,-21641.2,41.0889,0.3513
3210000,64,284.776,-21603.9,57.6615,0.369633
3225000,56,250.878,-21603.5,54.1775,0.375133
3240000,57,244.193,-21599.7,64.3335,0.3768
3255000,58,260.702,-21608,60.4668,0.3784
3270000,59,273.976,-21613.2,50.3863,0.3794
3285000,54,235.027,-21615.1,51.4059,0.383467
3300000,52,235.392,-21643.8,44.3162,0.386733
3315000,45,196.437,-21648.5,51.9552,0.372867
3330000,45,199.269,-21634.9,37.9049,0.358467
3345000,37,166.93,-21680.8,47.4354,0.384603
3360000,48,209.905,-21623,53.3347,0.362967
3375000,42,180.247,-21660.2,31.7853,0.356883
3390000,44,197.432,-21671.5,39.9364,0.386933
3405000,42,191.431,-21646.5,42.2459,0.3642
3420000,44,191.556,-21633.3,42.036,0.369333
3435000,52,218.716,-21619,45.6688,0.36612
3450000,38,159.862,-21707.2,36.7148,0.396417
3465000,40,170.956,-21628.6,54.7998,0.356422
3480000,36,147.335,-21618.5,25.7875,0.337667
3495000,43,190.693,-21621.3,45.5985,0.3522
3510000,56,248.461,-21623.1,46.4935,0.35944
3525000,56,235.868,-21615.1,46.5262,0.376133
3540000,42,188.382,-21617.6,39.8836,0.368667
3555000,47,205.304,-21615.6,50.7916,0.342133
3570000,53,228.976,-21616.3,48.2639,0.360667
3585000,60,254.832,-21658.9,61.3555,0.385244
3600000,42,174.514,-21628.4,54.3247,0.3688
3615000,52,215.261,-21626.4,65.37,0.3658
3630000,47,209.519,-21668.4,49.6933,0.398667
3645000,44,198.499,-21632.1,46.016,0.360567
3660000,45,191.979,-21627.3,46.3483,0.3508
3675000,48,206.533,-21624.5,42.0547,0.3612
3690000,58,255.255,-21667.9,43.7879,0.390617
3705000,52,229.529,-21615,54.8737,0.361695
3720000,47,209.411,-21623.3,45.8062,0.360667
3735000,50,220.513,-21625.4,62.9188,0.34825
3750000,50,209.185,-21631.8,47.2608,0.359167
3765000,54,233.135,-21616.7,57.273,0.374933
3780000,46,196.247,-21601.1,43.3158,0.350067
3795000,58,258.054,-21605.8,53.5015,0.375933
3810000,53,223.629,-21627.2,51.5108,0.368556
3825000,48,224.67,-21633.8,40.6766,0.371267
3840000,46,206.328,-21635.6,45.6246,0.3598
3855000,38,161.032,-21640.8,34.1455,0.3682
3870000,46,199.942,-21596.2,40.8527,0.363267
3885000,58,259.377,-21652.3,53.4446,0.393236
3900000,68,311.742,-21634.3,47.9259,0.405733
3915000,64,282.179,-21591.1,66.3318,0.373267
3930000,59,257.865,-21590.6,50.423,0.389667
3945000,60,273.923,-21594.7,68.6151,0.384533
3960000,62,265.194,-21597,62.94,0.3894
3975000,60,274.308,-21598,54.8453,0.381933
3990000,56,242.505,-21599.4,49.39,0.384067
4005000,56,251.069,-21628.9,67.1555,0.406867
4020000,59,260.636,-21602.1,56.9234,0.367133
4035000,62,264.124,-21596,47.6772,0.3694
4050000,50,205.173,-21598.2,56.1433,0.364533
4065000,56,254.917,-21601.9,40.8305,0.368933
4080000,50,218.129,-21618.2,34.7612,0.375333
4095000,68,306.09,-21643.4,68.6125,0.397711
4110000,60,266.551,-21607.2,63.5506,0.366167
4125000,68,302.429,-21641.5,67.5037,0.408433
4140000,70,314.128,-21642.6,72.584,0.404
4155000,53,234.051,-21595.9,48.9278,0.380644
4170000,44,189.654,-21654.2,53.9489,0.356378
4185000,57,252.842,-21571.2,53.744,0.363867
4200000,63,280.731,-21582.5,74.2064,0.377267
4215000,60,261.949,-21589.6,64.9418,0.3766
4230000,72,335.863,-21579.3,56.5009,0.382067
4245000,50,226.65,-21650,48.5056,0.392038
4260000,70,309.689,-21606.2,57.2331,0.383933
4275000,65,288.714,-21611.9,59.3955,0.388733
4290000,62,266.894,-21594,53.007,0.372533
4305000,53,232.913,-21581.5,42.4236,0.3484
4320000,71,302.268,-21593.9,71.7743,0.379133
4335000,69,315.376,-21660.7,72.2247,0.391889
4350000,69,310.711,-21608.3,74.2068,0.398233
4365000,65,283.657,-21654,64.2371,0.4081
4380000,67,295.878,-21599.1,77.4734,0.378633
4395000,64,300.325,-21609.5,69.135,0.388267
4410000,58,255.658,-21603.9,58.6456,0.3852
4425000,65,288.902,-21598.3,81.3999,0.371133
4440000,61,266.094,-21620.9,53.4514,0.382933
4455000,51,211.108,-21631.5,59.0858,0.3949
4470000,59,251.77,-21638.1,50.2187,0.3776
4485000,62,279.005,-21611,56.6504,0.386489
4500000,45,195.917,-21659.4,34.9853,0.396567
4515000,58,234.16,-21621.9,56.8161,0.3825
4530000,53,227.128,-21666.5,52.3635,0.3944
4545000,60,260.827,-21592.4,53.7368,0.3752
4560000,46,205.088,-21663.4,53.5559,0.378751
4575000,56,233.834,-21598.8,64.9821,0.368267
4590000,52,239.414,-21657.7,66.4072,0.395933
4605000,62,249.75,-21587.4,54.8996,0.361633
4620000,65,283.835,-21606.8,61.1523,0.3818
4635000,57,251.863,-21612.9,59.6404,0.379533
4650000,60,261.665,-21638.1,50.4502,0.383311
4665000,55,230.69,-21596.6,54.207,0.357333
4680000,56,240.711,-21597.3,52.5099,0.358
4695000,61,258.658,-21592.6,58.8817,0.371133
4710000,49,209.33,-21655.5,50.9788,0.396533
4725000,52,219.398,-21659.2,56.4518,0.386267
4740000,61,266.302,-21626,53.1367,0.3991
4755000,55,241.129,-21607.9,48.858,0.364467
4770000,51,206.775,-21590.5,51.0193,0.363533
4785000,59,256.395,-21571.1,61.9902,0.367667
4800000,68,315.134,-21583.6,76.0441,0.381333
4815000,69,304.777,-21584.7,62.8004,0.388067
4830000,50,228.187,-21690.8,61.3691,0.387914
4845000,47,191.851,-21691.2,36.4445,0.411267
4860000,59,265.555,-21612,57.6058,0.386667
4875000,54,231.147,-21590.3,58.525,0.372083
4890000,53,243.214,-21623.3,44.3016,0.3881
4905000,52,224.864,-21595.4,67.0713,0.3664
4920000,54,251.305,-21598.2,54.1042,0.3542
4935000,53,233.905,-21614.9,50.6928,0.380933
4950000,61,267.573,-21630.3,57.8864,0.37955
4965000,66,294.859,-21647.1,60.3036,0.3948
4980000,58,260.871,-21597.6,54.5751,0.365067
4995000,67,304.236,-21623.6,55.8472,0.400933
5010000,53,232.633,-21598.2,47.6375,0.363667
5025000,51,204.633,-21670.3,49.485,0.3833
5040000,38,151.691,-21669.2,50.0494,0.392133
5055000,46,200.818,-21696.1,44.5937,0.37469
5070000,46,187.035,-21624.8,47.6487,0.362933
5085000,43,181.04,-21614.5,52.8316,0.3618
5100000,52,224.743,-21609.1,63.76,0.359867
5115000,60,254.488,-21623.2,61.2135,0.3828
5130000,50,219.599,-21606.7,53.3497,0.381
5145000,39,174.258,-21651,28.8236,0.384411
5160000,39,174.306,-21661.5,36.3786,0.384542
5175000,41,176.692,-21648,37.1988,0.371267
5190000,52,216.907,-21637.4,62.3821,0.373067
5205000,47,199.322,-21629.4,58.4795,0.36204
5220000,45,197.654,-21645,38.6964,0.365453
5235000,47,210.835,-21659.8,48.5395,0.391733
5250000,52,200.165,-21641,52.142,0.366244
5265000,64,292.512,-21673,72.8135,0.395093
5280000,50,218.453,-21654.9,51.1083,0.3942
5295000,45,193.209,-21633.2,44.8189,0.3546
5310000,47,200.33,-21654.4,57.3536,0.383433
5325000,60,263.928,-21628.7,50.2559,0.375378
5340000,54,240.944,-21622.5,60.2818,0.397
5355000,65,296.699,-21629.7,52.4469,0.393267
5370000,64,286.22,-21649.6,65.4734,0.386467
5385000,58,258.306,-21633.7,59.152,0.388933
5400000,52,222.409,-21642.4,50.9257,0.371467
5415000,58,259.026,-21666,59.9442,0.380362
5430000,57,207.3,-21653.5,58.2028,0.381167
5445000,45,197.506,-21649.2,41.158,0.388333
5460000,54,212.558,-21620,48.1074,0.3872
5475000,52,226.299,-21620.7,49.1431,0.36455
5490000,62,271.232,-21603.9,64.6532,0.399633
5505000,71,282.72,-21610.1,76.7414,0.374067
5520000,63,267.008,-21616.5,63.3298,0.3842
5535000,80,346.099,-21598.1,83.4076,0.3858
5550000,80,366.379,-21587.4,85.0581,0.401333
5565000,84,365.331,-21588,87.2344,0.4034
5580000,66,293.813,-21645.9,64.6244,0.372133
5595000,46,203.103,-21651.4,43.1996,0.372693
5610000,81,350.63,-21633,81.9838,0.393733
5625000,44,193.675,-21615.6,46.8205,0.380022
5640000,67,278.299,-21636.5,56.5332,0.398533
5655000,72,305.216,-21621.4,57.2784,0.394933
5670000,60,255.593,-21594.6,54.7448,0.364822
5685000,60,272.685,-21641.9,73.7529,0.3958
5700000,66,293.943,-21617.1,84.9089,0.3724
5715000,55,242.954,-21605.5,46.1642,0.383
5730000,65,259.945,-21644.8,59.0114,0.382563
5745000,82,388.107,-21626.8,68.6524,0.40305
5760000,52,224.051,-21611.2,62.3362,0.374511
5775000,66,284.413,-21605,91.0294,0.392067
5790000,62,263.139,-21623.3,60.979,0.399483
5805000,76,335.341,-21620.1,89.0814,0.403817
5820000,63,280.75,-21609.6,62.5849,0.383156
5835000,72,310.812,-21592.9,75.396,0.391822
5850000,72,309.255,-21619.7,68.9673,0.400578
5865000,61,263.563,-21607.5,66.0844,0.3967
5880000,79,360.844,-21632.1,75.5812,0.396267
5895000,63,270.125,-21620.5,71.2257,0.3867
5910000,77,334.562,-21592.1,88.6829,0.4058
5925000,72,305.895,-21589.1,72.7858,0.4064
5940000,54,247.332,-21592.7,54.2293,0.374942
5955000,57,252.207,-21609.6,59.1571,0.3678
5970000,49,213.266,-21607.8,65.4011,0.370133
5985000,47,204.635,-21613.7,47.9829,0.361667
6000000,53,228.715,-21616.3,60.3126,0.389381
6015000,52,231.695,-21620.7,51.5262,0.362167
6030000,61,256.084,-21632.8,66.5006,0.3818
6045000,65,278.355,-21621,52.0376,0.3862
6060000,51,223.998,-21619.9,47.086,0.360178
6075000,61,264.382,-21609.5,79.9407,0.389433
6090000,60,257.519,-21614.2,73.1898,0.378467
6105000,77,332.447,-21618.9,76.0188,0.387233
6120000,62,277.694,-21617.2,68.3886,0.3984
6135000,67,301.027,-21589.8,62.6796,0.392867
6150000,74,336.431,-21605.7,69.7731,0.4092
6165000,48,210.053,-21637.8,42.3917,0.352914
6180000,74,331.719,-21595.1,75.8232,0.403667
6195000,64,281.731,-21625.9,75.7986,0.396124
6210000,67,294.175,-21614.3,55.6608,0.4002
6225000,62,281.432,-21613.7,65.1348,0.398667
6240000,57,249.406,-21617.1,55.5409,0.371433
6255000,70,310.186,-21615.5,63.2454,0.394867
6270000,57,256.85,-21592.1,54.7144,0.383933
6285000,55,248.105,-21608.2,55.1293,0.369825
6300000,63,267.064,-21632.7,78.7291,0.368967
6315000,48,228.762,-21624.2,53.7364,0.388467
6330000,53,237.888,-21609.2,54.5243,0.369289
6345000,61,277.634,-21588.5,75.839,0.368
6360000,57,243.478,-21608.7,63.2737,0.371733
6375000,54,225.708,-21649.2,56.4094,0.381053
6390000,53,241.014,-21627.6,48.6381,0.3604
6405000,73,324.209,-21647.3,77.969,0.3835
6420000,58,252.403,-21646.7,68.7661,0.3942
6435000,70,310.162,-21630.3,60.7328,0.399533
6450000,66,307.387,-21664.6,52.5803,0.39796
6465000,60,256.677,-21624.3,54.5889,0.368427
6480000,54,244.821,-21597.4,57.0655,0.365
6495000,55,249.153,-21608.3,56.9603,0.370333
6510000,59,255.265,-21653.5,53.1431,0.398107
6525000,51,241.29,-21618.3,50.9431,0.371867
6540000,55,251.979,-21631,58.7324,0.364867
6555000,52,242.147,-21608.2,56.7885,0.388267
6570000,60,265.064,-21612.8,59.4179,0.3666
6585000,63,271.612,-21600.9,60.8256,0.388267
6600000,65,282.737,-21603.6,57.3004,0.387667
6615000,63,287.329,-21578.5,75.3678,0.392
6630000,63,279.762,-21591.8,71.8921,0.367467
6645000,59,265.93,-21636.2,66.9212,0.3958
6660000,68,309.382,-21593.2,64.5726,0.3839
6675000,55,239.857,-21620.3,46.6658,0.390667
6690000,60,260.546,-21595.9,59.6125,0.380333
6705000,63,279.096,-21634.2,70.7184,0.395302
6720000,56,238.546,-21616.9,56.7413,0.3588
6735000,63,270.85,-21644.7,56.4386,0.3923
6750000,62,267.021,-21631.1,65.2866,0.405267
6765000,63,301.362,-21603.9,52.7252,0.381222
6780000,59,281.759,-21598.9,44.9635,0.391533
6795000,62,273.128,-21649.4,55.8422,0.403844
6810000,66,286.348,-21662.9,77.0597,0.4148
6825000,65,278.192,-21590.7,79.0988,0.396778
6840000,52,230.166,-21664.3,52.348,0.3965
6855000,56,245.101,-21644,54.1925,0.393
6870000,93,401.882,-21588.1,92.8084,0.387978
6885000,84,362.017,-21605.5,97.0699,0.418267
6900000,73,300.658,-21603.4,64.9641,0.404133
6915000,63,276.85,-21611,66.3103,0.388133
6930000,69,302.973,-21606.9,77.4823,0.388133
6945000,66,290.053,-21630,65.0476,0.388
6960000,58,251.882,-21637.6,51.923,0.391895
6975000,71,315.819,-21617.5,54.6359,0.389433
6990000,62,274.297,-21606.4,70.059,0.401133
7005000,44,189.112,-21649,35.1459,0.393055
7020000,75,305.155,-21638.2,78.1114,0.4028
7035000,77,341.595,-21625.1,107.29,0.412467
7050000,63,282.569,-21650.4,69.6986,0.381867
7065000,64,269.361,-21632.6,65.3439,0.409633
7080000,60,250.108,-21639.8,62.0641,0.391267
7095000,68,297.226,-21629.4,79.0009,0.389944
7110000,78,345.351,-21631.6,78.2869,0.4028
7125000,78,359.52,-21601.3,72.0032,0.425333
7140000,79,346.778,-21614.2,77.1065,0.4046
7155000,75,351.636,-21607.7,64.5381,0.402867
7170000,57,250.554,-21619.8,58.2368,0.390158
7185000,56,247.3,-21637.2,53.3477,0.400067
7200000,65,269.134,-21622.6,62.9504,0.386433
7215000,53,232.548,-21648.9,48.4743,0.382467
7230000,49,216.601,-21659.9,49.0979,0.396333
7245000,46,187.482,-21654.6,45.3831,0.397
7260000,59,265.709,-21647.3,57.319,0.398422
7275000,60,251.713,-21652,57.5457,0.4006
7290000,69,283.944,-21639.1,64.1646,0.409533
7305000,53,229.912,-21694.5,56.4726,0.387633
7320000,62,259.29,-21640.2,61.0886,0.416267
7335000,59,249.294,-21636.9,63.2824,0.395533
7350000,60,259.784,-21662.5,62.6485,0.4
7365000,55,245.598,-21668.9,63.0054,0.414
7380000,52,225.443,-21653.6,52.4043,0.39135
7395000,52,235.599,-21653.7,55.5794,0.3852
7410000,36,146.721,-21651.1,42.8886,0.362636
7425000,37,150.808,-21651.2,41.9426,0.3432
7440000,40,172.136,-21674.2,36.0547,0.381778
7455000,48,205.149,-21663.6,33.5793,0.374922
7470000,57,244.028,-21661.7,62.4191,0.3752
7485000,54,224.567,-21644.9,48.5468,0.400667
7500000,44,188.889,-21639.2,47.611,0.357733
7515000,49,218.38,-21624.5,55.025,0.362933
7530000,49,217.633,-21614.2,65.1213,0.381533
7545000,49,203.714,-21633.4,56.2524,0.3748
7560000,43,192.629,-21631.9,34.8571,0.3748
7575000,50,223.091,-21642.2,52.204,0.386708
7590000,46,186.245,-21666.3,56.0052,0.380705
7605000,50,218.856,-21648.5,47.0363,0.3727
7620000,40,185.976,-21673.3,37.2298,0.379433
7635000,62,273.731,-21639.1,74.5182,0.380633
7650000,53,233.051,-21653.5,53.8325,0.390333
7665000,67,294.994,-21650.8,64.6131,0.403133
7680000,67,281.189,-21635.4,79.6452,0.403067
7695000,61,260.848,-21614.1,53.1578,0.368822
7710000,52,217.926,-21656,43.229,0.4032
7725000,45,209.43,-21623.8,37.0271,0.382433
7740000,52,241.993,-21610.7,50.0271,0.372867
7755000,43,187.02,-21679.1,39.0267,0.376705
7770000,51,219.876,-21616.8,57.9121,0.377033
7785000,59,267.032,-21597.4,57.0719,0.386667
7800000,59,261.714,-21633.8,46.9186,0.393867
7815000,60,256.019,-21612.2,70.4878,0.387733
7830000,58,262.315,-21620.9,58.4455,0.3796
7845000,58,257.43,-21648.3,68.2213,0.388874
7860000,56,242.877,-21626.7,50.4925,0.388633
7875000,43,188.606,-21691.8,45.2814,0.396025
7890000,56,243.236,-21607.7,46.4835,0.390133
7905000,61,256.865,-21609.4,54.1021,0.403333
7920000,64,284.769,-21617.1,66.9878,0.393067
7935000,61,257.823,-21613.8,64.5766,0.397333
7950000,59,262.123,-21625.1,56.0355,0.381467
7965000,64,274.474,-21626.6,56.2417,0.403392
7980000,68,303.125,-21616.8,61.3723,0.398867
7995000,66,286.904,-21605.8,51.2609,0.390333
8010000,79,352.139,-21628.8,82.2976,0.389867
8025000,68,296.657,-21608.1,63.6102,0.3826
8040000,70,320.196,-21589.7,68.3992,0.401867
8055000,73,337.23,-21599,75.0903,0.400571
8070000,72,308.143,-21614.4,95.8249,0.402667
8085000,75,333.942,-21593.9,60.8198,0.412267
8100000,67,300.762,-21642.1,54.5976,0.406467
8115000,63,274.029,-21599.9,50.9034,0.374622
8130000,48,224.303,-21613.2,45.9625,0.3678
8145000,53,229.786,-21611.4,43.636,0.391
8160000,57,243.907,-21632.8,69.5934,0.3824
8175000,45,202.778,-21688.9,50.113,0.399593
8190000,50,216.07,-21625.2,58.0102,0.381778
8205000,59,253.988,-21634.5,52.8144,0.3714
8220000,54,241.088,-21637.2,61.6446,0.382633
8235000,61,267.008,-21624,63.0461,0.409
8250000,61,268.734,-21625.1,69.8579,0.377333
8265000,54,242.288,-21638.5,55.561,0.381167
8280000,54,238.02,-21625.4,52.003,0.384467
8295000,57,262.957,-21695.5,54.7605,0.395708
8310000,65,282.523,-21598.1,65.891,0.3927
8325000,54,230.49,-21639.9,58.625,0.386889
8340000,51,228.812,-21603,58.7502,0.369633
8355000,56,231.557,-21630.3,65.5937,0.378333
8370000,66,290.172,-21626.1,72.5395,0.3687
8385000,59,273.61,-21644.7,53.1224,0.402567
8400000,75,325.511,-21587,79.7778,0.4042
8415000,81,368.213,-21580.3,62.386,0.401
8430000,57,258.825,-21652.6,65.0823,0.393963
8445000,61,257.138,-21639.7,61.2209,0.3993
8460000,64,284.761,-21632,59.8063,0.397267
8475000,73,319.43,-21602.8,79.2144,0.398583
8490000,54,235.802,-21667.7,54.3522,0.3986
8505000,72,311.059,-21615.2,63.5349,0.401778
8520000,65,268.676,-21628.4,62.8394,0.388267
8535000,86,381.537,-21599.6,67.4789,0.400283
8550000,75,308.182,-21603.3,74.1201,0.4076
8565000,84,382.395,-21601.6,75.8892,0.400889
8580000,75,336.733,-21612.6,78.1067,0.401433
8595000,74,319.52,-21605,67.7635,0.396867
8610000,71,314.769,-21590.2,70.6413,0.401333
8625000,82,369.034,-21592.4,67.9776,0.410933
8640000,79,328.096,-21621.5,80.257,0.401556
8655000,87,367.559,-21634,75.5622,0.401933
8670000,84,365.129,-21614.9,85.1289,0.417533
8685000,75,345.31,-21613.6,69.1402,0.4046
8700000,64,271.762,-21608.3,67.3893,0.407533
8715000,57,230.691,-21610.9,64.3213,0.392756
8730000,72,312.82,-21586.9,72.1891,0.380767
8745000,71,320.109,-21646,62.0699,0.393833
8760000,57,253.202,-21629.6,51.1349,0.387133
8775000,54,220.951,-21596.1,68.5266,0.3608
8790000,50,215.621,-21610.8,48.8137,0.3788
8805000,58,261.393,-21609.1,65.2137,0.372333
8820000,43,189.768,-21659.6,54.0314,0.385303
8835000,47,209.479,-21673.1,46.9421,0.374467
8850000,56,233.548,-21600.1,54.6282,0.37821
8865000,73,323.114,-21584.5,76.4381,0.376733
8880000,50,208.952,-21610.6,43.2762,0.373053
8895000,68,270.538,-21594.7,62.0465,0.396167
8910000,77,333.184,-21589.9,73.1371,0.398467
8925000,45,189.077,-21648.7,51.5521,0.389011
8940000,56,246.493,-21595.9,44.1828,0.382067
8955000,53,234.218,-21620.6,58.4431,0.367827
8970000,51,211.145,-21618,53.2108,0.363733
8985000,47,196.342,-21585.8,42.8146,0.357711
9000000,47,201.822,-21627,48.1794,0.377373
9015000,60,246.344,-21584.4,60.8807,0.3592
9030000,62,266.524,-21602.4,63.1698,0.380867
9045000,65,267.955,-21624.6,64.9781,0.391444
9060000,52,233.746,-21595.6,64.6885,0.364867
9075000,55,250.092,-21640.2,65.685,0.3859
9090000,62,277.552,-21605,63.5267,0.367833
9105000,59,255.141,-21603.8,47.1243,0.3722
9120000,60,259.678,-21608.5,73.6069,0.3818
9135000,64,277.73,-21602.2,67.5804,0.3848
9150000,63,285.218,-21627.9,65.2762,0.392187
9165000,62,268.794,-21626.2,60.1918,0.369528
9180000,54,233.165,-21614.9,57.1302,0.387333
9195000,73,331.722,-21613.5,63.0455,0.3926
9210000,66,286.704,-21629.1,57.1492,0.400667
9225000,44,199.869,-21634,57.3046,0.371
9240000,55,232.163,-21623.5,58.0023,0.378917
9255000,48,195.434,-21634,49.6585,0.369133
9270000,59,247.428,-21628.1,62.2927,0.369267
9285000,53,216.102,-21634.6,49.1164,0.386333
9300000,49,205.621,-21625.3,46.313,0.364733
9315000,68,303.078,-21661.8,81.4027,0.396314
9330000,69,310.108,-21651.9,68.253,0.399733
9345000,80,331.454,-21659.3,90.8081,0.408067
9360000,59,258,-21599.5,69.8918,0.38448
9375000,64,280.551,-21592,56.1397,0.3868
9390000,40,174.582,-21623.6,39.5703,0.371356
9405000,61,266.843,-21597.1,73.5587,0.380067
9420000,57,254.485,-21588.7,51.6508,0.367733
9435000,63,281.093,-21629.4,75.3368,0.401667
9450000,60,254.673,-21650.2,62.1237,0.389733
9465000,69,280.18,-21652.8,59.1301,0.403
9480000,69,296.288,-21648.3,68.1252,0.407467
9495000,51,207.519,-21645.5,50.5724,0.389067
9510000,57,248.867,-21623.2,57.9048,0.373667
9525000,59,250.411,-21584.3,51.8418,0.381867
9540000,63,273.881,-21631,68.3874,0.392156
9555000,56,231.69,-21639.8,48.3936,0.403
9570000,44,189.082,-21619.1,49.8918,0.370222
9585000,55,233.119,-21654.5,52.7335,0.383633
9600000,49,216.985,-21616.1,40.8349,0.3581
9615000,52,226.494,-21647.6,51.7546,0.3588
9630000,43,178.805,-21626.9,37.2538,0.366733
9645000,51,217.08,-21666,48.2975,0.404533
9660000,47,180.59,-21639.6,51.165,0.365467
9675000,52,234.006,-21617.6,35.7702,0.363347
9690000,52,204.463,-21627.4,50.7082,0.366267
9705000,57,239.479,-21595.4,56.2078,0.365733
9720000,66,285.545,-21608.8,66.3316,0.3688
9735000,61,260.733,-21625.6,68.3276,0.390733
9750000,67,290.617,-21626,58.091,0.377378
9765000,74,340.656,-21619.6,68.7061,0.4032
9780000,56,224.601,-21605.7,56.9496,0.393367
9795000,70,304.573,-21596.2,70.7202,0.385167
9810000,56,259.515,-21595,53.1499,0.383733
9825000,45,191.949,-21617.5,39.3482,0.371067
9840000,49,212.508,-21611,35.386,0.372067
9855000,55,227.54,-21675,59.2877,0.385814
9870000,58,269.938,-21617,70.2832,0.3649
9885000,49,212.423,-21634.5,47.8172,0.371717
9900000,63,282.292,-21628.7,48.3488,0.398333
9915000,39,175.438,-21641.9,29.7983,0.364367
9930000,64,282.185,-21616.8,59.1123,0.3843
9945000,62,292.333,-21606.5,59.461,0.379133
9960000,67,290.5,-21609.9,66.5111,0.384267
9975000,68,292.834,-21628.4,69.5604,0.4036
9990000,42,179.198,-21690.5,40.4967,0.401719
10005000,60,267.115,-21588,48.4756,0.395133
10020000,50,216.603,-21629.9,52.7528,0.3748
10035000,62,280.58,-21636.1,59.6079,0.386833
10050000,62,273.835,-21610.5,74.8247,0.389
10065000,53,230.967,-21608.9,57.9372,0.378133
10080000,63,272.32,-21611.3,63.9802,0.386
10095000,70,305.789,-21613.3,71.3395,0.391467
10110000,53,231.152,-21625.7,40.0444,0.384644
10125000,55,239.238,-21609.7,55.1339,0.385233
10140000,59,257.955,-21609.8,61.7851,0.382333
10155000,48,206.286,-21621.1,34.1368,0.360133
10170000,63,276.843,-21624.6,70.6918,0.376567
10185000,51,211.211,-21627.3,55.395,0.371667
10200000,50,222.284,-21606.6,48.1746,0.389667
10215000,61,258.518,-21645.3,56.0967,0.39788
10230000,62,258.81,-21620.5,55.974,0.383622
10245000,58,243.864,-21626.4,67.4574,0.399833
10260000,56,253.258,-21629.6,48.4459,0.376817
10275000,79,334.371,-21638.7,56.6871,0.407567
10290000,54,241.404,-21616.3,46.6572,0.392067
10305000,65,288.696,-21611.4,66.3464,0.38268
10320000,55,239.13,-21629.7,60.0574,0.383133
10335000,63,258.538,-21628.3,62.077,0.41155
10350000,61,237.996,-21643.7,69.687,0.397467
10365000,60,267.182,-21656.4,75.0389,0.399667
10380000,53,230.021,-21678.4,58.6672,0.408267
10395000,51,200.933,-21615.9,44.4292,0.380952
10410000,50,198.573,-21603.4,42.0708,0.372933
10425000,56,236.698,-21614.2,77.488,0.375229
10440000,56,232.189,-21621.2,61.0324,0.379267
10455000,55,232.806,-21617.7,55.9498,0.376822
10470000,54,235.4,-21636.8,58.4878,0.376333
10485000,48,217.049,-21624,50.1166,0.369933
10500000,52,223.047,-21624.8,49.2462,0.3666
10515000,45,188.39,-21632.1,39.9602,0.373987
10530000,44,187.988,-21624.9,41.1833,0.373067
10545000,44,169.419,-21598.9,44.6466,0.367067
10560000,52,210.127,-21656.2,55.2863,0.392144
10575000,54,225.197,-21636.1,55.1849,0.38
10590000,61,266.032,-21627.4,56.0783,0.372844
10605000,54,229.182,-21600,53.6255,0.395733
10620000,50,217.162,-21633.4,50.9619,0.3622
10635000,49,213.42,-21605.8,39.7067,0.364767
10650000,61,260.781,-21644.5,63.8365,0.389013
10665000,48,212.415,-21629.3,47.0457,0.364767
10680000,48,208.323,-21618.7,52.361,0.355333
10695000,54,240.173,-21616.2,46.0112,0.363867
10710000,53,227.227,-21625.9,56.2286,0.3728
10725000,52,239.944,-21659,47.6158,0.348562
10740000,68,295.043,-21625.2,86.5412,0.389444
10755000,73,327.496,-21641.4,66.0124,0.408467
10770000,76,334.757,-21632.1,74.965,0.414733
10785000,62,266.659,-21640.4,59.2147,0.400133
10800000,59,244.668,-21605.9,65.0117,0.370233
10815000,46,201.506,-21647.4,48.1864,0.371778
10830000,60,262.218,-21607.5,59.0835,0.3888
10845000,46,210.122,-21630.6,67.9438,0.372433
10860000,48,207.136,-21630.7,45.7888,0.373883
10875000,47,204.047,-21616.3,46.3958,0.3688
10890000,42,182.808,-21638.4,40.1165,0.356778
10905000,40,173.645,-21633.1,38.5127,0.362967
10920000,50,219.952,-21633.6,44.5665,0.356067
10935000,59,251.405,-21630.3,58.0028,0.388705
10950000,67,298.458,-21641.1,73.5576,0.391133
10965000,62,280.799,-21643.2,63.6905,0.35732
10980000,63,279.6,-21602.4,50.9856,0.365283
10995000,66,288.976,-21609.7,71.3243,0.406022
11010000,68,312.657,-21621.2,63.1351,0.408333
11025000,72,319.27,-21605.6,75.0426,0.399933
11040000,59,278.1,-21639.5,65.5985,0.382267
11055000,87,396.56,-21592.3,82.1784,0.4006
11070000,74,325.741,-21595.7,67.1252,0.4168
11085000,48,209.763,-21632.8,49.1065,0.385156
11100000,79,355.138,-21612.5,66.7453,0.407967
11115000,87,379.503,-21613.3,92.0997,0.402467
11130000,63,272.829,-21619.6,57.5891,0.392533
11145000,59,270.764,-21621.8,54.235,0.362933
11160000,59,271.344,-21618.8,57.6701,0.385333
11175000,59,274.62,-21629.9,47.2004,0.385
11190000,51,218.608,-21631.1,61.5734,0.358467
11205000,58,264.075,-21618.5,63.3111,0.3886
11220000,54,252.796,-21617.8,56.9359,0.380267
11235000,70,314.266,-21627.3,70.6359,0.3956
11250000,58,261.281,-21616.7,55.8539,0.3724
11265000,54,232.112,-21629.1,55.4717,0.380867
11280000,49,226.451,-21682.4,47.4877,0.365819
11295000,59,272.314,-21628.5,58.1923,0.389833
11310000,54,250.814,-21636,50.2711,0.3664
11325000,51,225.404,-21633.5,49.2299,0.370533
11340000,58,260.892,-21622.9,49.3084,0.374733
11355000,45,206.052,-21658.3,48.3027,0.369293
11370000,45,199.019,-21666,40.2504,0.352133
11385000,62,277.369,-21611.2,57.4716,0.379089
11400000,43,179.832,-21662.1,58.2193,0.356133
11415000,59,255.839,-21620.2,58.1904,0.3756
11430000,40,183.93,-21651.1,44.5544,0.367867
11445000,62,273.952,-21616.9,56.8804,0.375633
11460000,52,227.293,-21650,49.0135,0.366833
11475000,50,208.048,-21632.5,44.4723,0.389867
11490000,58,252.304,-21657.5,49.7568,0.379533
11505000,50,218.095,-21631.8,48.6594,0.3728
11520000,52,218.061,-21636.8,64.04,0.375533
11535000,45,193.149,-21646,50.8709,0.360059
11550000,55,249.331,-21610.2,58.9218,0.388133
11565000,62,262.633,-21641.5,44.6379,0.371867
11580000,57,251.868,-21636,54.8279,0.3862
11595000,61,276.011,-21626.4,59.196,0.375467
11610000,65,284.647,-21603.1,53.4042,0.391317
11625000,59,253.2,-21627.5,65.1975,0.380533
11640000,67,299.204,-21614.5,79.8956,0.3928
11655000,66,271.668,-21609.7,66.6393,0.391867
11670000,48,212.655,-21642.6,39.1641,0.378
11685000,52,235.887,-21623.5,57.8678,0.374667
11700000,58,252.701,-21621.2,49.744,0.380644
11715000,64,273.203,-21624.1,74.8352,0.374567
11730000,62,280.796,-21624.3,54.0837,0.3865
11745000,62,273.69,-21623.6,64.6187,0.386533
11760000,50,221.207,-21632.1,40.7289,0.3742
11775000,60,260.985,-21643.6,61.2461,0.391633
11790000,61,268.196,-21638.8,50.4559,0.389267
11805000,57,255.698,-21635.4,53.71,0.4064
11820000,62,258.204,-21643.3,62.4753,0.379067
11835000,81,360.243,-21628.7,64.8197,0.403133
11850000,68,315.683,-21617,70.1023,0.400533
11865000,68,298.048,-21632.4,66.3282,0.403667
11880000,64,276.635,-21636.2,57.7181,0.397467
11895000,42,187.618,-21655.4,51.8291,0.374437
11910000,42,176.457,-21649.5,46.9953,0.359691
11925000,37,163.527,-21656.9,38.837,0.353267
11940000,42,184.859,-21653.9,46.7191,0.3584
11955000,50,209.563,-21661.4,46.2993,0.376733
11970000,44,198.204,-21643.4,44.705,0.369333
11985000,49,210.86,-21655.6,58.3648,0.365733
12000000,48,221.589,-21654.6,49.5301,0.378942
12015000,50,213.017,-21622.1,57.6446,0.370514
12030000,54,238.052,-21651.2,53.0989,0.373067
12045000,57,256.063,-21653,66.4185,0.376533
12060000,48,212.937,-21626.9,60.4226,0.378067
12075000,53,238.487,-21635.7,53.8063,0.366533
12090000,58,259.325,-21626.6,56.1662,0.3804
12105000,52,224.237,-21638.3,51.3965,0.369133
12120000,47,211.446,-21630.9,32.9982,0.358267
12135000,57,241.812,-21626.7,58.7481,0.3602
12150000,53,231.275,-21619.6,60.7478,0.384067
12165000,49,225.157,-21629.7,53.6414,0.366067
12180000,53,230.475,-21664.4,55.1057,0.367911
12195000,40,175.375,-21633.3,36.3229,0.3584
12210000,47,192.371,-21629.6,58.4816,0.363933
12225000,52,236.221,-21619.5,49.286,0.362467
12240000,63,268.16,-21606.3,47.9617,0.371511
12255000,51,213.173,-21652.3,55.2836,0.39672
12270000,64,284.626,-21628.5,49.4519,0.389867
12285000,56,259.025,-21620.4,54.1727,0.374483
12300000,63,268.838,-21640,59.3387,0.402733
12315000,50,207.726,-21627.5,60.0981,0.387844
12330000,47,193.501,-21618.7,44.8914,0.3744
12345000,68,293.393,-21645.1,68.8704,0.394267
12360000,56,240.382,-21631.7,51.5256,0.365433
12375000,64,257.39,-21636.4,60.0609,0.416833
12390000,64,285.169,-21630.5,64.1131,0.368152
12405000,63,253.511,-21637.3,85.6834,0.4028
12420000,49,219.524,-21626.5,48.7286,0.364533
12435000,58,257.613,-21627.2,51.0675,0.394833
12450000,69,313.358,-21624,57.6761,0.411
12465000,54,247.577,-21618.5,35.9359,0.377733
12480000,53,215.078,-21645.9,51.5224,0.372
12495000,64,273.908,-21634.1,66.6065,0.395511
12510000,53,220.563,-21621.1,52.9723,0.375567
12525000,49,218.734,-21643,68.8565,0.357867
12540000,53,227.909,-21654.9,51.3069,0.384778
12555000,55,246.039,-21644.6,54.7768,0.381333
12570000,68,298.422,-21630.3,74.6776,0.397533
12585000,52,215.687,-21631.3,50.1053,0.350676
12600000,54,247.083,-21623.7,45.8666,0.3768
12615000,48,212.044,-21646.7,44.4834,0.363067
12630000,68,315.208,-21632.5,57.0177,0.383367
12645000,66,290.763,-21619.3,64.7789,0.402533
12660000,55,249.236,-21641.3,75.9764,0.390689
12675000,60,258.839,-21642.5,55.5269,0.401333
12690000,52,222.231,-21622,46.2891,0.390333
12705000,48,195.86,-21628.4,43.0957,0.377078
12720000,64,258.795,-21623.8,57.2784,0.386333
12735000,52,210.498,-21615.4,55.5831,0.385933
12750000,60,264.141,-21602,61.6211,0.378511
12765000,45,194.821,-21642.3,37.1378,0.370567
12780000,47,210.426,-21626.7,45.4905,0.371896
12795000,53,236.77,-21595.4,57.2368,0.376467
12810000,59,265.69,-21605.9,57.8496,0.368833
12825000,51,218.119,-21598.9,46.9379,0.375533
12840000,57,234.573,-21615,51.8382,0.368567
12855000,61,258.787,-21624.5,64.0212,0.391933
12870000,55,221.477,-21601.3,50.4453,0.381767
12885000,53,218.403,-21606.3,47.8686,0.3756
12900000,60,264.097,-21626.1,59.5808,0.376267
12915000,60,269.897,-21607,57.1775,0.377296
12930000,55,236.961,-21612.1,54.9971,0.395733
12945000,50,193.682,-21606.7,41.8047,0.369733
12960000,56,237.631,-21620.9,61.235,0.389267
12975000,68,280.323,-21616.7,61.9304,0.381733
12990000,63,275.439,-21604.5,49.1138,0.381267
13005000,71,306.439,-21618.7,71.5072,0.389
13020000,66,289.533,-21615.3,59.9835,0.391133
13035000,74,316.397,-21630.3,76.0133,0.392133
13050000,57,248.484,-21641.1,55.6645,0.386525
13065000,67,308.954,-21627.9,56.8838,0.4062
13080000,62,257.405,-21595.5,73.9223,0.383289
13095000,50,227.216,-21628.2,37.9678,0.379667
13110000,53,231.674,-21625.3,49.4248,0.387644
13125000,53,237.09,-21613.2,43.2315,0.378095
13140000,60,246.551,-21617.4,52.3113,0.374933
13155000,52,229.077,-21618.9,50.4382,0.367067
13170000,53,219.174,-21632.1,71.1418,0.374
13185000,53,211.468,-21622.9,45.3138,0.376667
13200000,44,177.067,-21600.2,53.1324,0.369467
13215000,45,188.893,-21622.2,43.523,0.375952
13230000,50,210.887,-21624,59.247,0.373933
13245000,48,213.72,-21634.9,52.1746,0.370133
13260000,59,257.631,-21619.5,67.3997,0.364233
13275000,64,293.24,-21623.6,54.811,0.377878
13290000,65,272.604,-21592.2,58.7165,0.385667
13305000,67,283.827,-21603.9,77.0598,0.391667
13320000,58,245.898,-21605.2,53.4914,0.392133
13335000,62,260.217,-21605.5,52.1381,0.3928
13350000,72,303.212,-21606.6,84.1562,0.390667
13365000,73,327.622,-21606.4,58.5045,0.4012
13380000,81,362.702,-21613.4,83.3767,0.414867
13395000,88,385.572,-21607.2,91.0417,0.4064
13410000,82,371.83,-21602.5,76.3057,0.413333
13425000,71,316.8,-21591.5,58.4896,0.407133
13440000,70,297.99,-21617,73.2104,0.3932
13455000,43,191.68,-21612.8,44.2073,0.376031
13470000,38,175.345,-21642.3,36.9733,0.350667
13485000,79,368.578,-21623,87.3489,0.395556
13500000,48,201.352,-21654.5,60.4625,0.373855
13515000,73,307.981,-21626,71.6912,0.399433
13530000,68,279.994,-21606.2,76.3355,0.392133
13545000,58,270.033,-21614.2,67.9304,0.371693
13560000,74,300.334,-21597.2,82.7536,0.3917
13575000,67,302.281,-21591.7,77.0029,0.379267
13590000,66,279.52,-21588.6,74.284,0.392733
13605000,67,292.223,-21590.2,75.807,0.382133
13620000,68,303.023,-21582.3,69.7283,0.384667
13635000,59,258.726,-21587.3,54.8067,0.376933
13650000,52,250.009,-21621.3,54.5442,0.377333
13665000,51,227.808,-21647.8,49.7574,0.400076
13680000,45,185.482,-21635.6,39.9329,0.37625
13695000,51,241.825,-21623.9,70.3617,0.365667
13710000,69,303.666,-21650.4,83.7167,0.4004
13725000,84,381.789,-21607.4,79.6397,0.4142
13740000,72,319.826,-21621.6,71.3285,0.417467
13755000,56,249.479,-21617.2,50.477,0.36572
13770000,69,312.809,-21623.7,70.0093,0.404033
13785000,67,265.353,-21632,61.3027,0.395667
13800000,56,236.944,-21599.7,53.7679,0.3886
13815000,46,211.115,-21627.6,47.8873,0.380925
13830000,59,262.631,-21623,55.2323,0.3919
13845000,63,280.765,-21608.2,64.4555,0.3648
13860000,55,244.959,-21632.2,45.4823,0.378533
13875000,56,240.097,-21656.5,57.3489,0.389156
13890000,50,219.489,-21626.5,41.0074,0.390067
13905000,58,245.547,-21619.8,57.2664,0.379967
13920000,52,216.934,-21597.8,45.398,0.369733
13935000,55,225.413,-21609.1,56.0031,0.371467
13950000,68,312.431,-21637.4,64.4125,0.392427
13965000,62,285.829,-21638.7,65.9939,0.376973
13980000,57,234.77,-21632.1,54.307,0.388367
13995000,68,300.176,-21636.2,60.3351,0.403067
14010000,51,224.91,-21617.3,59.5026,0.379107
14025000,54,235.83,-21619.4,45.8862,0.387967
14040000,64,294.708,-21629.7,66.281,0.390867
14055000,47,211.151,-21657.6,45.0629,0.372622
14070000,47,199.235,-21633.2,57.7264,0.35615
14085000,58,250.021,-21619.6,46.9151,0.366867
14100000,55,236.707,-21645.2,48.6703,0.3774
14115000,65,295.506,-21659.4,61.5991,0.39744
14130000,50,220.912,-21624.4,43.0506,0.377267
14145000,54,248.001,-21628.8,52.2857,0.366
14160000,58,244.963,-21626.6,55.6549,0.3828
14175000,62,257.203,-21614,69.8844,0.3714
14190000,68,290.756,-21628.8,76.6104,0.394067
14205000,62,281.149,-21617.4,58.02,0.389467
14220000,49,223.773,-21623.3,35.7073,0.3746
14235000,52,224.251,-21607.4,52.8067,0.364867
14250000,61,269.555,-21660.1,62.3674,0.390637
14265000,45,194.641,-21605.7,33.6434,0.359567
14280000,51,225.143,-21612.8,58.877,0.361267
14295000,56,255.742,-21591.1,60.004,0.385946
14310000,50,213.926,-21615.5,55.3546,0.3655
14325000,48,205.749,-21666.1,46.5219,0.38324
14340000,45,198.277,-21634.2,41.8736,0.366244
14355000,59,251.148,-21624.6,73.6111,0.353911
14370000,53,232.021,-21619.5,34.1836,0.363167
14385000,64,274.7,-21614.2,52.4684,0.3784
14400000,55,229.82,-21655.3,42.2158,0.38988
14415000,58,243.954,-21620.7,73.5346,0.379467
14430000,67,297.985,-21603.6,51.7184,0.380733
14445000,70,326.318,-21603.2,59.8916,0.386267
14460000,60,276.334,-21618.8,62.2319,0.388933
14475000,49,215.003,-21650.5,48.6921,0.394853
14490000,57,258.85,-21619.9,58.8245,0.374248
14505000,45,183.049,-21666.7,47.4982,0.386033
14520000,61,273.45,-21646.6,50.4138,0.387267
14535000,55,250.87,-21610.3,55.6739,0.373667
14550000,70,303.028,-21611.2,85.0805,0.373744
14565000,55,239.261,-21630,56.1995,0.389089
14580000,59,255.725,-21627.8,59.2985,0.389867
14595000,57,242.954,-21624.8,75.8258,0.380017
14610000,67,296.459,-21629.2,68.1932,0.397567
14625000,45,191.903,-21619.3,45.5734,0.38896
14640000,70,314.739,-21638,91.7476,0.402767
14655000,69,301.936,-21623.5,76.723,0.4112
14670000,49,210.089,-21656.3,36.3606,0.36136
14685000,64,267.348,-21629.3,53.2304,0.4073
14700000,64,271.759,-21619.2,68.1904,0.405067
14715000,61,273.877,-21639.6,51.3316,0.381167
14730000,62,273.554,-21615.1,53.0517,0.384133
14745000,75,328.587,-21617,69.6512,0.3926
14760000,67,298.328,-21601.8,75.6741,0.4002
14775000,66,297.368,-21607.4,80.1148,0.377
14790000,70,315.077,-21611,75.1601,0.373067
14805000,78,344.574,-21600.1,58.888,0.402833
14820000,66,295.065,-21607.8,69.4118,0.376133
14835000,73,327.778,-21650.3,73.9575,0.39957
14850000,72,298.563,-21591.4,64.6195,0.397044
14865000,65,281.235,-21635.8,57.5773,0.409
14880000,56,248.304,-21620.6,77.0248,0.376567
14895000,81,346.485,-21599.7,93.0054,0.389044
14910000,56,246.401,-21607,72.3031,0.3902
14925000,57,253.283,-21615.6,72.0146,0.383967
14940000,53,234.495,-21626.3,47.994,0.391693
14955000,66,295.54,-21591.1,77.1459,0.370033
14970000,71,311.622,-21602.2,77.4712,0.3846
14985000,86,378.539,-21575.8,94.9713,0.3879
15000000,87,381.628,-21606.1,78.1194,0.394733
15015000,78,340.722,-21593.6,80.2741,0.399111
15030000,67,283.747,-21585.8,71.4329,0.395
15045000,85,378.784,-21570.2,94.6907,0.3914
15060000,90,393.991,-21579.4,75.7805,0.4088
15075000,69,303.875,-21588.5,88.8979,0.3998
15090000,77,343.178,-21612.8,72.866,0.407
15105000,75,323.527,-21601.7,76.0218,0.387933
15120000,80,363.932,-21593.2,79.8396,0.3976
15135000,63,272.6,-21634.3,53.3911,0.397578
15150000,79,345.109,-21624.5,72.7792,0.406833
15165000,60,273.274,-21618.7,55.462,0.3709
15180000,70,294.052,-21596.3,67.5818,0.400533
15195000,63,274.138,-21610.4,48.0916,0.392
15210000,52,230.96,-21620.3,56.0969,0.387667
15225000,50,229.664,-21635,62.9992,0.368867
15240000,62,252.88,-21572.4,81.4734,0.372044
15255000,62,265.64,-21595.4,63.2119,0.370067
15270000,65,284.709,-21590.5,75.319,0.3764
15285000,69,289.524,-21582.8,71.361,0.375
15300000,76,332.173,-21578,82.7747,0.380333
15315000,52,226.433,-21633.6,46.1268,0.377106
15330000,72,315.739,-21631.2,69.2712,0.387457
15345000,77,342.186,-21597.5,76.8329,0.398733
15360000,71,314.799,-21597.6,65.7508,0.3896
15375000,57,243.596,-21631.3,66.1615,0.393867
15390000,55,229.543,-21619.7,57.184,0.383733
15405000,56,248.252,-21612.5,45.5937,0.391644
15420000,51,230.81,-21607,53.4396,0.361533
15435000,57,246.867,-21621.9,69.0794,0.394267
15450000,51,229.738,-21612.6,64.8454,0.3718
15465000,61,262.492,-21622.5,61.4379,0.375733
15480000,44,185.539,-21653.9,40.1932,0.383244
15495000,57,251.968,-21611.2,68.2826,0.391733
15510000,47,192.885,-21627.1,44.4493,0.382467
15525000,51,226.848,-21627.1,58.5611,0.395733
15540000,66,305.179,-21600.8,58.2857,0.392933
15555000,46,187.814,-21639.5,52.5281,0.379733
15570000,49,212.603,-21644.7,40.9364,0.391067
15585000,58,254.325,-21626,64.9082,0.3878
15600000,42,182.705,-21650.4,42.3995,0.358744
15615000,66,289.882,-21600,68.0473,0.383333
15630000,43,179.675,-21635.2,36.1405,0.3608
15645000,54,250.695,-21614.8,48.3037,0.3806
15660000,63,275.178,-21596.8,50.2988,0.383267
15675000,59,276.763,-21592.9,66.3947,0.389133
15690000,51,215.764,-21602.7,53.1548,0.372667
15705000,54,250.3,-21609.4,52.335,0.374467
15720000,59,259.044,-21594.8,60.5575,0.3804
15735000,70,306.883,-21609.1,62.3322,0.368211
15750000,70,302.613,-21598,70.8123,0.3898
15765000,68,299.881,-21589.9,64.9651,0.384733
15780000,63,280.379,-21607.3,55.0136,0.376767
15795000,60,257.776,-21622.6,61.9621,0.375733
15810000,70,315.9,-21606.2,78.084,0.399489
15825000,62,277.788,-21591.2,57.3755,0.3842
15840000,49,213.129,-21601.1,48.3941,0.3776
15855000,61,273.094,-21606,67.2792,0.37835
15870000,49,197.775,-21655.3,52.3174,0.388107
15885000,71,314.707,-21615.5,69.2356,0.3868
15900000,47,211.076,-21631.8,42.6636,0.375117
15915000,51,223.347,-21649.1,59.7239,0.373333
15930000,67,300.781,-21636.1,73.8918,0.378467
15945000,69,307.905,-21617.5,65.5126,0.394667
15960000,64,285.735,-21602.1,64.098,0.3948
15975000,82,353.544,-21613.5,57.132,0.383467
15990000,75,318.812,-21601.2,77.4207,0.4146
16005000,66,280.907,-21605.5,49.8668,0.3932
16020000,79,354.66,-21615.2,87.196,0.389133
16035000,55,230.313,-21639.4,56.6362,0.372879
16050000,51,205.093,-21633.6,44.3606,0.373733
16065000,60,265.993,-21622.8,71.5764,0.382067
16080000,65,286.403,-21596.3,76.3264,0.377933
16095000,63,291.491,-21597.3,54.8618,0.3784
16110000,56,229.995,-21623.8,65.8339,0.389711
16125000,65,294.541,-21587,55.0201,0.382657
16140000,58,253.152,-21619.7,58.0586,0.379511
16155000,70,305.426,-21603.8,63.0396,0.3925
16170000,68,298.512,-21602,54.0744,0.387933
16185000,59,262.539,-21632.6,63.4744,0.382627
16200000,67,283.907,-21591,76.3796,0.390933
16215000,56,240.258,-21625.3,58.6325,0.374267
16230000,56,255.971,-21607.8,58.6529,0.366733
16245000,60,273.021,-21626.7,66.7177,0.392867
16260000,64,258.789,-21614.7,81.5097,0.380967
16275000,57,236.55,-21616.7,66.363,0.371111
16290000,67,272.847,-21611.1,79.2683,0.381267
16305000,69,305.794,-21642.9,73.9939,0.394111
16320000,79,333.551,-21604.1,92.8103,0.392067
16335000,74,349.475,-21611.1,67.7682,0.405533
16350000,66,296.674,-21606.8,74.2504,0.397048
16365000,59,256.803,-21630.7,52.1516,0.389633
16380000,68,322.1,-21620.8,74.06,0.402333
16395000,66,291.042,-21599.4,69.0932,0.384838
16410000,66,295.428,-21606,74.6283,0.401133
16425000,54,221.82,-21610.1,48.2254,0.376567
16440000,56,228.851,-21652,58.9179,0.3988
16455000,53,235.558,-21623.1,56.0096,0.382933
16470000,53,238.659,-21638.9,61.0077,0.393811
16485000,55,252.005,-21638.9,55.7625,0.369467
16500000,57,264.49,-21653.5,54.8382,0.393333
16515000,58,260.595,-21607.5,60.2415,0.377133
16530000,56,243.145,-21616.8,61.5689,0.3842
16545000,56,228.35,-21640.6,67.5744,0.384467
16560000,61,288.43,-21635.5,71.0999,0.39185
16575000,58,246.269,-21639.7,61.1083,0.395933
16590000,56,243.915,-21603,57.603,0.393289
16605000,67,282.767,-21631.6,69.7228,0.3929
16620000,55,240.953,-21651.7,59.2204,0.391467
16635000,55,233.092,-21607.5,63.6211,0.383622
16650000,55,238.462,-21617.6,53.9921,0.378333
16665000,48,196.638,-21612.3,43.5895,0.386467
16680000,62,265.879,-21603.7,73.3691,0.386783
16695000,71,305.547,-21623.1,77.5775,0.407867
16710000,80,370.248,-21600.1,79.9707,0.4022
16725000,82,368.686,-21589.7,83.5349,0.407
16740000,93,421.441,-21594.7,83.1026,0.413333
16755000,88,394.854,-21588.7,73.4211,0.425467
16770000,74,327.726,-21617.8,66.4164,0.411733
16785000,66,284.205,-21640.6,55.1266,0.397267
16800000,69,274.497,-21611.6,59.8608,0.381536
16815000,61,274.511,-21592.2,52.9792,0.3896
16830000,42,176.306,-21642.7,41.0339,0.387911
16845000,60,259.585,-21606.8,50.4954,0.380767
16860000,53,225.518,-21602.9,63.0966,0.378549
16875000,55,235.525,-21602.7,61.9369,0.364667
16890000,54,245.466,-21605.5,59.964,0.3812
16905000,49,216.231,-21622.5,45.0426,0.380667
16920000,58,255.404,-21633.8,40.9465,0.3823
16935000,55,239.526,-21619.6,40.7616,0.378356
16950000,49,212.599,-21635.3,47.6501,0.379333
16965000,45,199.871,-21623,46.347,0.378833
16980000,59,269.266,-21632.8,48.908,0.370933
16995000,49,221.245,-21634.5,49.4942,0.378967
17010000,47,211.303,-21665.3,57.4221,0.382067
17025000,49,216.418,-21635.8,50.3561,0.383244
17040000,58,248.251,-21656.6,62.1122,0.3934
17055000,51,218.977,-21639.4,49.7735,0.385433
17070000,51,229.376,-21638.9,52.9305,0.39144
17085000,47,185.766,-21633.5,66.646,0.3756
17100000,52,206.4,-21626.2,75.8942,0.356867
17115000,57,244.9,-21659,63.9756,0.396053
17130000,45,191.135,-21640.8,51.5309,0.388917
17145000,52,198.969,-21667.2,46.9851,0.401933
17160000,56,229.993,-21668.3,51.6935,0.3854
17175000,50,218.23,-21645.1,44.4752,0.37332
17190000,56,242.764,-21608.9,49.7349,0.380467
17205000,46,196.673,-21653.9,54.9063,0.374
17220000,61,267.679,-21651.9,63.5374,0.3949
17235000,51,234.321,-21644.8,50.6621,0.388889
17250000,41,186.52,-21677.1,32.0733,0.375733
17265000,66,265.16,-21651.1,68.3444,0.407889
17280000,71,310.771,-21641.9,75.2269,0.394356
17295000,57,257.34,-21691.8,52.1033,0.3816
17310000,69,292.299,-21637.3,75.5853,0.412956
17325000,59,264.846,-21635.7,59.5672,0.397867
17340000,65,288.577,-21657.9,52.0992,0.413133
17355000,68,314.832,-21637.1,84.5133,0.416
17370000,42,180.526,-21634.4,34.721,0.394922
17385000,61,264.958,-21623.9,49.2962,0.390433
17400000,54,233.54,-21637.1,48.1715,0.404533
17415000,55,245.978,-21630.1,47.0486,0.401667
17430000,46,208.559,-21672.7,36.6165,0.381459
17445000,48,208.47,-21676.5,57.2793,0.389533
17460000,60,246.521,-21646.5,49.1575,0.378167
17475000,45,208.421,-21650.1,45.3467,0.4022
17490000,44,184.038,-21629,59.3182,0.361933
17505000,52,236.164,-21637,49.5548,0.397111
17520000,78,336.225,-21623.7,81.3208,0.399667
17535000,63,278.196,-21633.5,62.2848,0.377711
17550000,74,291.395,-21603.7,62.5066,0.4155
17565000,45,185.906,-21622,42.2521,0.382033
17580000,64,290.328,-21676.6,52.2486,0.391867
17595000,71,316.809,-21617.4,57.5505,0.404422
17610000,70,309.305,-21622.3,62.0851,0.389311
17625000,74,325.072,-21624.1,75.9789,0.4114
17640000,65,289.31,-21630,57.2074,0.403244
17655000,53,220.287,-21653.2,79.445,0.415227
17670000,76,335.516,-21594.5,82.961,0.406111
17685000,68,296.236,-21608.1,61.8949,0.398644
17700000,70,303.55,-21592.8,61.9622,0.390733
17715000,66,293.055,-21672.8,64.8167,0.401133
17730000,62,273.549,-21629.7,59.526,0.397267
17745000,60,256.038,-21580.4,49.3532,0.381667
17760000,63,280.834,-21632.1,56.5579,0.393067
17775000,73,332.576,-21584.5,73.7913,0.389333
17790000,54,239.221,-21618.2,57.4731,0.385667
17805000,63,281.114,-21611.4,78.7994,0.374267
17820000,61,265.963,-21588.3,71.8156,0.3792
17835000,61,258.219,-21596,52.8497,0.378867
17850000,69,292.265,-21562.8,63.7843,0.3914
17865000,56,240.845,-21630.4,57.6146,0.386886
17880000,60,251.212,-21596.9,67.9227,0.387867
17895000,51,210.736,-21618.4,53.643,0.3797
17910000,41,178.795,-21674.7,36.5863,0.378451
17925000,47,195.903,-21593.7,39.3102,0.363889
17940000,69,317.679,-21616.9,112.637,0.384667
17955000,56,254.417,-21622.2,43.3191,0.395067
17970000,51,237.805,-21631.9,51.9651,0.391867
17985000,50,229.817,-21647.3,57.2518,0.39212
18000000,64,274.188,-21637.2,71.3947,0.3958
18015000,59,255.567,-21645.8,73.562,0.412933
18030000,63,272.479,-21645.4,62.1804,0.406133
18045000,55,246.786,-21654.1,48.7649,0.390333
18060000,62,279.949,-21617.1,49.6011,0.378444
18075000,51,230.381,-21644.7,41.9274,0.3906
18090000,59,271.53,-21633.7,51.8379,0.397867
18105000,60,256.669,-21619.2,63.7421,0.410667
18120000,66,287.922,-21619.8,61.3676,0.391267
18135000,63,285.566,-21600.8,63.8979,0.388667
18150000,59,263.012,-21603.4,72.2145,0.376222
18165000,63,280.847,-21640.5,67.0167,0.387089
18180000,57,243.669,-21609.6,48.5365,0.378467
18195000,56,250.54,-21582.4,52.5718,0.377533
18210000,55,243.853,-21594.5,60.0027,0.375267
18225000,50,213.254,-21608.2,58.2177,0.364733
18240000,59,260.379,-21616.1,68.6179,0.391095
18255000,59,258.593,-21634.8,64.6459,0.382589
18270000,69,293.956,-21614.5,59.5855,0.403467
18285000,51,220.898,-21617.6,39.6956,0.368833
18300000,60,255.109,-21608,52.6101,0.384267
18315000,72,325.433,-21612.9,78.8154,0.390644
18330000,55,237.385,-21610.1,63.7353,0.374422
18345000,75,333.789,-21598.1,90.9774,0.405067
18360000,57,249.305,-21604.2,54.7335,0.387867
18375000,69,283.779,-21619.4,72.2282,0.400133
18390000,60,261.616,-21613.1,61.1619,0.383644
18405000,54,227.232,-21634.2,63.9386,0.398033
18420000,53,217.209,-21642.8,58.8818,0.3798
18435000,51,207.748,-21664.1,52.8284,0.383978
18450000,56,243.508,-21663.3,51.6124,0.3936
18465000,64,277.024,-21652.4,70.5713,0.393222
18480000,57,265.262,-21671.7,71.1126,0.3974
18495000,44,196.64,-21621.7,35.2893,0.371442
18510000,65,289.174,-21615.6,66.8592,0.3894
18525000,72,328.012,-21607,77.1405,0.409867
18540000,72,308.703,-21617,77.8587,0.398733
18555000,75,307.159,-21638.7,85.3405,0.402787
18570000,66,307.996,-21622.3,66.6592,0.400767
18585000,65,281.041,-21629.9,63.6772,0.403167
18600000,56,240.153,-21611.3,63.0314,0.374429
18615000,69,284.537,-21640.4,54.6505,0.401633
18630000,66,281.294,-21636.4,73.1075,0.3886
18645000,56,257.387,-21606.3,62.5601,0.368956
18660000,55,242.22,-21626.1,53.8095,0.391133
18675000,62,255.556,-21625.3,82.807,0.401817
18690000,56,241.396,-21641,64.7173,0.401067
18705000,57,255.354,-21613.3,63.3891,0.369
18720000,60,265.406,-21629.2,57.547,0.392744
18735000,57,249.986,-21642.9,62.5377,0.386244
18750000,51,230.391,-21597.7,58.7061,0.3722
18765000,51,214.18,-21631,58.8068,0.375956
18780000,65,282.93,-21628.4,70.5588,0.379267
18795000,65,292.149,-21614,73.2498,0.4038
18810000,61,265.054,-21638.8,56.2999,0.396427
18825000,57,256.988,-21622.2,58.6759,0.386767
18840000,55,243.119,-21602.1,58.1988,0.3776
18855000,61,272.427,-21624.3,56.327,0.389656
18870000,64,265.926,-21618.2,69.1667,0.389183
18885000,65,287.601,-21631.5,68.6114,0.3946
18900000,70,324.003,-21610.1,75.0544,0.3822
18915000,63,251.541,-21606,60.7591,0.383833
18930000,71,305.086,-21620.6,65.5922,0.385333
18945000,71,306.416,-21622.4,61.2554,0.393267
18960000,71,303.163,-21611.1,71.4418,0.408467
18975000,58,252.923,-21616.4,65.2678,0.394933
18990000,73,327.409,-21616.1,68.5882,0.3914
19005000,43,194.799,-21607,35.3554,0.377194
19020000,55,232.802,-21597,62.2473,0.382683
19035000,60,258.787,-21615.6,49.6841,0.386467
19050000,47,207.391,-21645.1,48.0626,0.365511
19065000,63,286.042,-21608.4,50.2142,0.371693
19080000,50,222.885,-21605.6,44.5691,0.373533
19095000,44,197.761,-21650.3,39.1085,0.365333
19110000,46,193.115,-21655.6,48.6015,0.368467
19125000,52,236.075,-21643.9,39.8689,0.367733
19140000,43,184.154,-21626.9,51.5016,0.359489
19155000,56,241.083,-21607.6,66.2767,0.366427
19170000,60,263.217,-21605.1,68.0201,0.377867
19185000,56,234.878,-21644.2,51.5289,0.381133
19200000,62,286.082,-21630.4,57.7283,0.406133
19215000,62,264.535,-21617.8,49.0668,0.3912
19230000,68,306.073,-21631.6,67.9689,0.391133
19245000,63,256.732,-21650.2,54.8434,0.386267
19260000,54,232.135,-21607.2,46.4318,0.392533
19275000,59,270.265,-21615.1,54.0538,0.371867
19290000,64,281.251,-21642.1,55.8508,0.391867
19305000,57,246.873,-21605.5,72.2944,0.370967
19320000,63,285.973,-21609.9,55.4267,0.400633
19335000,54,244.63,-21630.1,59.4821,0.377233
19350000,45,190.954,-21605.5,54.6418,0.3934
19365000,53,225.543,-21628.7,43.1158,0.380267
19380000,49,220.601,-21636.7,40.965,0.359822
19395000,49,212.745,-21635.2,37.6148,0.362667
19410000,69,318.744,-21645.3,68.4767,0.375333
19425000,61,254.663,-21609.1,59.3488,0.3962
19440000,62,272.002,-21625.9,51.5752,0.375867
19455000,54,242.61,-21600.7,60.1794,0.372067
19470000,52,237.233,-21617.8,48.3428,0.376167
19485000,56,242.914,-21632.5,52.8867,0.370467
19500000,62,274.417,-21618.7,57.81,0.396
19515000,50,210.959,-21649.2,53.0363,0.361583
19530000,68,299.963,-21616.1,53.7592,0.389567
19545000,77,338.614,-21604.9,78.5003,0.402267
19560000,52,227.413,-21617.4,41.1683,0.3692
19575000,55,243.828,-21633.1,55.9803,0.3702
19590000,53,239.062,-21647.1,56.5228,0.3792
19605000,60,273.481,-21619.2,67.9267,0.375333
19620000,63,274.265,-21633.5,63.932,0.396067
19635000,60,271.603,-21630.6,64.1607,0.383267
19650000,55,243.436,-21610,56.9908,0.389733
19665000,48,207.461,-21637.1,55.1147,0.369711
19680000,58,250.777,-21611.1,43.7316,0.381133
19695000,54,209.889,-21596,59.4201,0.371067
19710000,62,291.883,-21602.7,54.6086,0.386133
19725000,49,217.853,-21611.6,44.1553,0.376267
19740000,58,254.776,-21643.7,51.19,0.361387
19755000,59,257.551,-21593,62.1141,0.381567
19770000,55,237.913,-21591.7,44.7253,0.374533
19785000,59,272.871,-21601,70.5811,0.384133
19800000,66,294.124,-21629.1,67.8378,0.372621
19815000,55,246.754,-21595.4,48.5784,0.381567
19830000,57,248.534,-21588.1,52.6769,0.374667
19845000,70,303.435,-21621.8,67.3817,0.387133
19860000,70,293.68,-21626.2,75.4697,0.386233
19875000,58,254.988,-21622.4,67.3697,0.371015
19890000,59,251.569,-21605,57.0141,0.373289
19905000,53,225.953,-21596.2,54.1679,0.374533
19920000,59,257.206,-21601.4,63.7303,0.381733
19935000,58,262.387,-21599.3,57.5841,0.364867
19950000,67,289.798,-21617.5,57.1452,0.369133
19965000,52,246.267,-21607.2,60.4218,0.370767
19980000,69,296.915,-21597.7,68.1686,0.3857
19995000,58,244.223,-21606.5,45.2843,0.390533
20010000,61,260.702,-21624.9,58.9753,0.384207
20025000,56,226.535,-21605.6,54.0858,0.3618
20040000,59,241.107,-21632.6,55.1719,0.387833
20055000,82,347.435,-21613.9,92.6577,0.365933
20070000,68,288.496,-21601.3,71.8361,0.395867
20085000,79,344.465,-21604.9,89.405,0.392267
20100000,75,303.761,-21573.8,71.8971,0.388467
20115000,83,357.031,-21583.3,82.2023,0.390833
20130000,84,344.865,-21590.7,83.1412,0.393267
20145000,83,352.242,-21589.2,102.779,0.401956
20160000,87,384.085,-21546.9,93.703,0.394267
20175000,61,267.538,-21564.8,66.4663,0.3819
20190000,68,293.389,-21593.4,50.3803,0.384733
20205000,86,396.949,-21598.5,87.6085,0.397489
20220000,58,255.98,-21602.4,62.7601,0.392767
20235000,68,303.393,-21595,53.8531,0.3812
20250000,66,285.718,-21618.7,72.218,0.3898
20265000,63,275.576,-21590.6,58.3985,0.390817
20280000,69,291.414,-21607.7,74.0863,0.3841
20295000,57,236.839,-21612.5,61.9269,0.382333
20310000,56,244.184,-21631.6,48.3382,0.3706
20325000,67,285.99,-21606,70.1682,0.380911
20340000,65,285.668,-21597.1,63.5061,0.391933
20355000,74,323.076,-21594.6,83.8448,0.3948
20370000,73,310.214,-21600.6,73.4749,0.38085
20385000,50,222.855,-21638,56.7161,0.379084
20400000,69,284.809,-21606.4,68.7236,0.3899
20415000,59,255.343,-21608.1,65.8092,0.38525
20430000,65,281.369,-21597.1,60.6244,0.3848
20445000,62,287.908,-21587.2,76.1712,0.370933
20460000,67,278.814,-21584.7,76.0064,0.3856
20475000,77,328.689,-21604.6,73.506,0.394333
20490000,50,228.633,-21672.4,48.6307,0.38579
20505000,47,206.299,-21637.1,42.7896,0.3776
20520000,47,215.428,-21653.9,50.5583,0.3662
20535000,52,235.373,-21626.1,45.7897,0.389567
20550000,61,265.003,-21632.4,63.6487,0.363933
20565000,51,222.847,-21630.4,53.7519,0.369673
20580000,56,236.27,-21626,59.9687,0.3839
20595000,62,278.494,-21612.4,67.2549,0.371733
20610000,65,301.28,-21616.9,59.2146,0.3752
20625000,45,203.609,-21631.6,45.9079,0.373314
20640000,63,267.483,-21604.5,58.9119,0.36744
20655000,64,289.743,-21603.2,45.7105,0.375956
20670000,62,271.528,-21591.6,65.123,0.391933
20685000,72,329.883,-21604.5,85.182,0.3872
20700000,62,259.352,-21605.3,50.8632,0.38355
20715000,77,334.493,-21602.8,86.7724,0.3891
20730000,63,282.16,-21592.9,71.1676,0.3796
20745000,60,263.854,-21588.2,48.3038,0.379467
20760000,81,358.97,-21619.7,73.6451,0.389911
20775000,69,299.165,-21612,71.7794,0.3926
20790000,69,292.424,-21615.2,78.0311,0.3786
20805000,62,274.772,-21594.1,75.438,0.39205
20820000,75,343.863,-21604.7,73.5101,0.388467
20835000,73,310.785,-21612.8,66.2628,0.410667
20850000,64,286.19,-21608.8,76.2787,0.397733
20865000,63,284.68,-21601.8,47.3595,0.3962
20880000,51,215.663,-21584.5,53.4142,0.3792
20895000,69,272.897,-21607.3,69.9746,0.384067
20910000,58,248.76,-21610.1,48.5852,0.375533
20925000,52,230.962,-21633.1,44.9231,0.381067
20940000,50,205.879,-21619.7,49.8765,0.383289
20955000,49,208.844,-21618.8,59.7165,0.3734
20970000,59,256.651,-21598.1,66.6189,0.3678
20985000,38,167.624,-21658.2,31.5225,0.36965
21000000,54,224.38,-21612.1,56.7966,0.375733
21015000,59,248.244,-21597.7,66.1248,0.373089
21030000,73,312.402,-21598.4,76.8789,0.380133
21045000,65,277.348,-21605.7,74.5239,0.382533
21060000,62,269.287,-21615.8,80.3013,0.3833
21075000,80,351.185,-21603,87.1405,0.402533
21090000,75,320.369,-21616,74.8781,0.402533
21105000,52,218.279,-21624.5,40.6023,0.3862
21120000,36,159.191,-21661.6,30.994,0.374363
21135000,56,220.567,-21603,41.5038,0.379311
21150000,51,225.911,-21637.1,50.9951,0.371044
21165000,49,218.564,-21632.8,53.6142,0.375933
21180000,49,206.814,-21621,51.9125,0.369489
21195000,53,238.233,-21631.8,51.5944,0.367467
21210000,63,289.051,-21639,62.3791,0.379867
21225000,59,265.288,-21654.7,58.1855,0.374486
21240000,51,215.899,-21633,58.2984,0.3724
21255000,69,312.979,-21627.8,61.6174,0.394
21270000,66,278.909,-21621.6,68.6753,0.3928
21285000,61,272.155,-21621.1,71.4746,0.390667
21300000,48,203.82,-21651.3,57.0575,0.387773
21315000,47,210.058,-21622.6,47.6074,0.380987
21330000,65,285.783,-21623.4,63.9833,0.393
21345000,65,268.307,-21621.9,89.2355,0.388933
21360000,60,269.576,-21613.4,46.175,0.3832
21375000,50,230.26,-21634.5,49.8542,0.377653
21390000,72,313.474,-21623.2,67.5453,0.398633
21405000,74,336.413,-21611,75.3583,0.397467
21420000,78,334.245,-21610.9,76.4343,0.402133
21435000,52,219.397,-21656.7,52.0448,0.36135
21450000,46,203.549,-21625.9,56.7063,0.395547
21465000,55,243.819,-21643.9,63.1937,0.3824
21480000,56,244.165,-21640.6,37.9842,0.374044
21495000,50,224.75,-21653.1,62.9572,0.383967
21510000,50,198.675,-21640.3,48.6722,0.384467
21525000,56,243.958,-21622.6,64.8975,0.396457
21540000,53,247.868,-21634.1,57.7335,0.380533
21555000,60,257.235,-21637.1,69.4377,0.404467
21570000,40,180.003,-21649.1,37.0213,0.367611
21585000,63,284.356,-21626.5,67.5004,0.387233
21600000,58,236.259,-21630,68.0475,0.3759
21615000,60,246.374,-21618.1,57.2895,0.3991
21630000,54,242.45,-21641.4,51.5278,0.381333
21645000,45,187.727,-21647.8,52.5459,0.3972
21660000,44,187.612,-21649.3,42.6305,0.368483
21675000,43,176.766,-21652.2,47.8568,0.37703
21690000,47,191.065,-21638.9,48.2847,0.3583
21705000,56,236.02,-21642.1,60.1503,0.383133
21720000,53,245.998,-21666,55.1016,0.377756
21735000,57,249.022,-21639.9,44.9765,0.402933
21750000,48,218.408,-21657.4,52.0516,0.366433
21765000,60,249.496,-21630.5,50.8404,0.397833
21780000,54,227.67,-21636.3,53.1852,0.3908
21795000,51,201.354,-21631.6,65.1903,0.367933
21810000,45,204.349,-21671.9,51.7908,0.3874
21825000,60,267.887,-21617.7,72.3975,0.37764
21840000,59,248.757,-21623.4,59.626,0.3914
21855000,65,271.44,-21648.5,54.9591,0.3884
21870000,63,268.37,-21629.3,56.948,0.407933
21885000,52,235.234,-21624.2,51.5725,0.378
21900000,52,237.916,-21619.7,45.8373,0.367667
21915000,57,257.46,-21637.1,61.7585,0.390889
21930000,55,234.594,-21621.9,56.3399,0.366133
21945000,52,230.998,-21598.6,72.819,0.3738
21960000,55,238.396,-21633.8,62.3168,0.389067
21975000,51,214.078,-21623.7,55.0103,0.3852
21990000,55,253.27,-21621.2,35.9923,0.385333
22005000,49,213.371,-21672.4,46.4011,0.381313
22020000,49,223.862,-21663.1,46.2217,0.398
22035000,52,236.728,-21619.6,51.684,0.385933
22050000,58,249.542,-21638.6,47.6057,0.3895
22065000,52,231.317,-21639.5,50.5684,0.382067
22080000,53,221.643,-21643.1,55.9083,0.391752
22095000,49,204.812,-21617,47.3286,0.3778
22110000,65,300.909,-21620.8,69.5963,0.384333
22125000,46,201.208,-21629.8,53.6692,0.384867
22140000,58,260.55,-21639,60.5865,0.382311
22155000,42,173.302,-21638.5,42.2759,0.368767
22170000,52,213.977,-21651.2,50.5512,0.387811
22185000,53,232.668,-21634.9,55.3393,0.3702
22200000,54,240.607,-21620.4,54.1364,0.367333
22215000,68,286.861,-21654.5,63.366,0.406844
22230000,58,234.471,-21674.5,70.8843,0.4164
22245000,46,188.371,-21636.6,48.5019,0.386156
22260000,57,246.636,-21647.9,54.741,0.4032
22275000,45,177.965,-21647.6,41.4593,0.390867
22290000,63,283.423,-21625.9,69.8039,0.396567
22305000,64,280.812,-21633.5,59.1679,0.390933
22320000,61,267.096,-21612.1,52.0048,0.380615
22335000,42,177.94,-21670.8,42.0183,0.386033
22350000,56,236.582,-21629.5,62.2859,0.3944
22365000,59,257.94,-21607.3,73.5273,0.386911
22380000,66,278.421,-21603.8,64.1584,0.3842
22395000,57,241.95,-21623.4,65.9568,0.392067
22410000,63,287.721,-21649.3,69.7821,0.399517
22425000,55,247.86,-21614.1,52.3179,0.376333
22440000,57,252.594,-21656.9,59.625,0.393048
22455000,73,315.423,-21596.2,68.6461,0.3743
22470000,54,242.846,-21647.9,43.578,0.4018
22485000,64,276.335,-21675.1,63.3724,0.400867
22500000,50,201.755,-21630.5,58.6254,0.389489
22515000,59,259.531,-21619.8,59.3087,0.374283
22530000,69,303.455,-21616.9,70.349,0.405267
22545000,58,254.907,-21662.5,57.1892,0.388233
22560000,53,235.007,-21646.3,54.9562,0.393133
22575000,59,260.414,-21598.3,56.016,0.3638
22590000,59,253.627,-21625.6,57.2705,0.366067
22605000,59,259.739,-21660,60.3453,0.405533
22620000,50,213.053,-21618.8,62.5416,0.3597
22635000,65,260.08,-21647.5,72.2746,0.396167
22650000,51,215.85,-21637.6,48.7731,0.368333
22665000,60,247.218,-21623.8,73.5956,0.4012
22680000,61,265.818,-21627.5,51.9966,0.391058
22695000,73,311.22,-21617.8,69.4981,0.4065
22710000,84,371.915,-21606.1,77.5234,0.415333
22725000,61,261.249,-21610.4,53.0015,0.401156
22740000,69,300.698,-21611.7,70.9847,0.383456
22755000,66,304.395,-21620.1,64.9206,0.400822
22770000,62,259.419,-21623.8,61.308,0.394167
22785000,60,273.674,-21608.5,60.6146,0.379067
22800000,43,173.997,-21635.3,44.221,0.375133
22815000,55,259.402,-21644.8,73.14,0.386183
22830000,46,204.126,-21625.3,54.5568,0.360667
22845000,50,224.896,-21637.9,47.6964,0.390567
22860000,60,265.812,-21643.9,62.4085,0.397133
22875000,43,194.866,-21623.4,27.5347,0.357889
22890000,51,226.812,-21601.5,51.0672,0.359733
22905000,46,214.987,-21627.4,57.7926,0.3614
22920000,49,228.429,-21630,47.057,0.361667
22935000,42,188.503,-21623,53.5142,0.3564
22950000,42,189.073,-21633.4,45.4558,0.3658
22965000,52,220.784,-21617.8,49.1924,0.370467
22980000,52,232.67,-21614.9,39.7679,0.366533
22995000,68,306.371,-21590.5,73.3465,0.3842
23010000,59,252.336,-21620.4,62.4927,0.367548
23025000,55,227.893,-21616,49.5459,0.3849
23040000,48,210.398,-21612.5,51.3199,0.3849
23055000,47,202.84,-21606.5,47.2833,0.360533
23070000,56,232.267,-21608.4,66.6521,0.391248
23085000,50,225.812,-21606.5,48.8574,0.352867
23100000,78,338.821,-21639.6,80.9887,0.383467
23115000,67,285.737,-21602.7,68.2093,0.380167
23130000,57,245.583,-21621.1,61.9211,0.401833
23145000,60,264.672,-21613.6,60.0781,0.3961
23160000,64,286.461,-21590.2,58.1277,0.383733
23175000,70,305.33,-21613.1,66.0216,0.389467
23190000,51,224.182,-21624.7,40.6427,0.381
23205000,63,281.217,-21567.8,68.99,0.388733
23220000,59,247.908,-21560.9,57.2953,0.390133
23235000,53,238.422,-21596.9,64.9105,0.37888
23250000,66,295.166,-21610.5,60.1148,0.376667
23265000,66,291.763,-21585.8,76.2034,0.392289
23280000,57,245.856,-21599.3,57.901,0.379867
23295000,69,304.091,-21589,58.2717,0.403333
23310000,68,298.087,-21607.2,70.3053,0.3876
23325000,66,309.17,-21607.6,62.0999,0.397633
23340000,71,301.508,-21644.2,65.3102,0.386587
23355000,68,310.216,-21598.1,60.6063,0.3983
23370000,68,305.627,-21628.4,62.6144,0.392667
23385000,69,302.746,-21605.1,69.6035,0.389222
23400000,56,239.63,-21628.3,54.2223,0.3862
23415000,60,257.379,-21622.5,74.2218,0.396778
23430000,66,299.344,-21616.7,84.6786,0.389467
23445000,62,281.22,-21601.8,58.9318,0.390533
23460000,60,263.723,-21609.1,62.2168,0.381933
23475000,61,252.991,-21604,60.5326,0.393178
23490000,58,251.729,-21598.9,54.2373,0.3792
23505000,38,161.926,-21625.8,35.9325,0.367276
23520000,70,289.562,-21604.8,55.4977,0.384111
23535000,63,269.99,-21598.4,64.2008,0.381689
23550000,63,284.498,-21608.7,69.1713,0.391233
23565000,63,269.959,-21606.9,54.1392,0.372933
23580000,60,274.165,-21615.1,59.0197,0.395067
23595000,68,287.792,-21610.2,58.0063,0.394933
23610000,63,289.686,-21629.9,65.9729,0.404933
23625000,58,238.805,-21630.9,54.1849,0.366575
23640000,62,272.442,-21615.3,61.7543,0.389533
23655000,54,237.142,-21630.3,55.1756,0.383867
23670000,57,252.99,-21626.1,65.1873,0.389333
23685000,58,251.721,-21631.2,49.6645,0.3884
23700000,54,248.628,-21601.9,59.982,0.364356
23715000,58,244.504,-21621.1,63.8541,0.382356
23730000,60,249.818,-21603.2,64.0009,0.386333
23745000,60,264.291,-21606.2,62.1099,0.37585
23760000,68,298.86,-21596.8,66.5919,0.3892
23775000,68,282.839,-21577.6,65.4264,0.382378
23790000,76,316.055,-21594.5,76.7086,0.401133
23805000,69,303.419,-21575.2,64.6697,0.376933
23820000,67,300.82,-21610.4,63.3504,0.3828
23835000,64,274.194,-21586,55.0177,0.376867
23850000,47,194.894,-21648.3,37.6007,0.370933
23865000,61,280.663,-21611.3,43.6527,0.361267
23880000,70,319.487,-21601,61.3515,0.385333
23895000,73,322.81,-21578.4,69.4476,0.3904
23910000,69,310.079,-21568.5,57.3306,0.3836
23925000,52,225.584,-21653.2,58.8383,0.371733
23940000,68,308.854,-21607.6,67.2229,0.371967
23955000,91,398.12,-21612.8,93.2813,0.387855
23970000,78,349.565,-21591.7,79.8016,0.4152
23985000,62,271.569,-21614.6,49.9295,0.398533
24000000,53,230.371,-21618.4,50.9668,0.388347
24015000,64,288.712,-21595.2,65.0017,0.394367
24030000,55,246.627,-21616.5,65.6589,0.3882
24045000,51,216.926,-21596.8,55.5856,0.383733
24060000,58,259.923,-21602.3,60.5092,0.377233
24075000,64,282.523,-21592,64.7612,0.385
24090000,63,279.845,-21611.4,65.2174,0.387267
24105000,59,258.604,-21622.4,51.9544,0.378581
24120000,64,282.244,-21636.3,46.978,0.381267
24135000,63,263.1,-21605.3,64.7778,0.376267
24150000,67,298.45,-21621.4,79.71,0.402133
24165000,64,271.128,-21623,62.7561,0.384619
24180000,65,293.534,-21610.8,60.7256,0.392367
24195000,66,269.753,-21574.6,68.1536,0.387333
24210000,55,254.382,-21602.5,52.7543,0.3817
24225000,53,225.061,-21617.6,60.6062,0.37284
24240000,62,278.891,-21612.1,70.3301,0.375933
24255000,58,252.199,-21618,55.0743,0.373644
24270000,49,202.969,-21574.1,49.5822,0.353933
24285000,48,211.865,-21595.9,44.4188,0.362
24300000,58,254.435,-21610.9,58.5296,0.365067
24315000,52,224.529,-21637,65.4988,0.371093
24330000,49,204.47,-21612.4,49.6568,0.369881
24345000,62,273.947,-21607.1,68.2191,0.382489
24360000,56,248.036,-21605.5,40.9238,0.3722
24375000,58,244.512,-21617.8,55.0334,0.3672
24390000,57,238.559,-21627.8,52.2364,0.388133
24405000,59,247.625,-21601.9,52.081,0.3768
24420000,58,260.1,-21614.9,54.988,0.393867
24435000,56,243.214,-21607.2,51.8788,0.379022
24450000,54,242.428,-21623.3,45.8923,0.385
24465000,61,263.851,-21605.6,59.0095,0.380133
24480000,52,216.586,-21602.2,53.8891,0.3762
24495000,47,209.219,-21662.8,49.4402,0.367006
24510000,56,257.252,-21620.6,52.7371,0.369383
24525000,62,256.885,-21606.1,66.7367,0.379111
24540000,55,233.573,-21596.6,53.9889,0.381933
24555000,53,247.793,-21637.9,52.9247,0.380289
24570000,47,204.557,-21625.9,46.0155,0.361293
24585000,50,217.529,-21626,51.6718,0.369067
24600000,50,208.296,-21606.8,42.2274,0.3602
24615000,50,224.375,-21656.8,49.0069,0.385067
24630000,58,254.18,-21619.9,65.6775,0.3775
24645000,62,266.578,-21627.4,65.5531,0.3922
24660000,59,261.057,-21614.7,47.4551,0.379067
24675000,57,251.223,-21645.6,59.3301,0.383817
24690000,53,238.745,-21610.6,52.3783,0.369633
24705000,55,215.712,-21619.4,63.7497,0.366867
24720000,50,212.144,-21658.2,48.1675,0.366393
24735000,53,242.907,-21630.8,52.2491,0.382067
24750000,51,232.239,-21655,57.4518,0.366467
24765000,56,247.737,-21617.9,58.822,0.3836
24780000,58,251.165,-21645.4,64.4136,0.375552
24795000,58,264.097,-21631.9,54.9566,0.414067
24810000,49,213.742,-21604.7,56.5177,0.368556
24825000,58,264.959,-21621.6,63.5201,0.366
24840000,61,247.015,-21620.1,61.6872,0.3914
24855000,55,249.832,-21621,63.4782,0.3842
24870000,57,239.67,-21609.8,45.4854,0.386667
24885000,48,209.315,-21614.3,50.9549,0.378611
24900000,57,243.622,-21613.9,56.0132,0.389933
24915000,53,221.186,-21605.8,48.0309,0.382667
24930000,59,247.89,-21621.9,63.7762,0.384644
24945000,50,216.178,-21655.1,53.9247,0.382262
24960000,41,180.924,-21629.6,36.8538,0.382167
24975000,48,206.411,-21637,51.2274,0.362933
24990000,40,173.344,-21645.6,42.2263,0.370289
25005000,57,234.118,-21629.7,54.4474,0.373989
25020000,49,214.069,-21620.2,42.3684,0.384867
25035000,46,195.251,-21628.8,45.0624,0.3834
25050000,47,209.107,-21621.5,53.6647,0.3578
25065000,50,228.301,-21625.7,54.8585,0.355013
25080000,66,269.891,-21620.2,63.3108,0.366
25095000,59,272.66,-21616.3,52.6244,0.374633
25110000,57,244.454,-21606.9,52.3696,0.375933
25125000,51,232.126,-21624.4,47.5752,0.3786
25140000,60,254.474,-21633.1,63.4045,0.384133
25155000,57,229.373,-21642.1,61.2357,0.380422
25170000,40,170.267,-21669.1,35.2715,0.364733
25185000,49,217.621,-21614.5,49.2785,0.3664
25200000,50,232.046,-21622.1,57.5601,0.375564
25215000,57,259.698,-21615.3,57.0374,0.381133
25230000,56,233.757,-21614.3,57.2531,0.385
25245000,67,280.177,-21604.2,69.2229,0.395933
25260000,50,228.395,-21645.5,57.3351,0.367013
25275000,48,212.405,-21631.9,49.2247,0.386333
25290000,57,251.316,-21617.3,62.7899,0.380533
25305000,64,290.9,-21609.7,68.1188,0.3852
25320000,55,243.195,-21628.4,49.6352,0.3782
25335000,46,184.032,-21637.9,49.8584,0.354673
25350000,51,226.715,-21622.9,56.6512,0.3652
25365000,59,264.829,-21635.4,73.7419,0.376022
25380000,57,249.974,-21649.4,58.7339,0.360889
25395000,59,264.489,-21608.1,56.49,0.369244
25410000,61,271.453,-21618.8,64.3901,0.381156
25425000,59,259.132,-21619.7,59.2905,0.383133
25440000,56,247.967,-21603.5,60.653,0.383
25455000,51,234.458,-21627.2,40.9855,0.37235
25470000,56,241.976,-21627.4,50.8291,0.381433
25485000,54,244.511,-21613.6,71.1599,0.358367
25500000,43,185.31,-21649.7,41.7347,0.368333
25515000,48,207.495,-21640.3,54.9372,0.368422
25530000,52,215.628,-21645.9,49.4283,0.367767
25545000,61,259.41,-21640.8,72.5708,0.380767
25560000,45,176.235,-21634.6,53.3537,0.3828
25575000,52,202.2,-21626.6,53.2763,0.366533
25590000,55,213.453,-21620.1,39.0013,0.377613
25605000,48,201.681,-21631.8,51.5971,0.3775
25620000,47,191.853,-21630.9,50.7616,0.370367
25635000,48,180.847,-21606.9,60.2948,0.352067
25650000,49,217.383,-21610.5,43.6404,0.361067
25665000,43,187.19,-21624.1,60.5434,0.3602
25680000,49,204.63,-21642.2,47.2015,0.372667
25695000,52,238.673,-21643.8,52.5932,0.375533
25710000,46,209.526,-21638.9,42.2695,0.373333
25725000,38,162.409,-21631.8,37.4259,0.36372
25740000,40,180.721,-21642.2,41.5931,0.361267
25755000,50,230.364,-21657.6,43.4203,0.362153
25770000,50,208.373,-21632.1,44.3132,0.369978
25785000,56,251.862,-21632.8,57.0275,0.377
25800000,59,254.031,-21637.2,57.7513,0.383667
25815000,45,214.109,-21633.1,45.2195,0.370767
25830000,45,207.726,-21648.4,51.0417,0.367067
25845000,52,236.356,-21620.1,60.0169,0.365314
25860000,50,225.506,-21621.3,61.8184,0.3748
25875000,58,252.271,-21627.5,55.8387,0.389244
25890000,61,258.379,-21605,55.6334,0.378533
25905000,73,299.059,-21598.7,77.1106,0.3906
25920000,65,291.972,-21611.9,61.6093,0.395667
25935000,51,215.725,-21633.8,59.5547,0.3796
25950000,56,247.08,-21608.3,50.3977,0.375833
25965000,60,270.797,-21625.7,56.2298,0.380533
25980000,58,248.029,-21621.9,59.8635,0.3814
25995000,42,180.506,-21642.4,55.2363,0.366439
26010000,46,195.912,-21610.9,44.4251,0.364667
26025000,49,208.601,-21602.8,45.5344,0.368
26040000,53,216.534,-21628,53.5249,0.364543
26055000,56,246.147,-21634.9,53.0327,0.382267
26070000,62,278.247,-21615.9,78.6372,0.376733
26085000,61,255.983,-21592,61.5335,0.383233
26100000,42,187.832,-21653,51.4329,0.3672
26115000,38,167.559,-21650.5,46.4361,0.356467
26130000,59,258.849,-21616.5,59.1359,0.378067
26145000,54,225.973,-21615.5,50.8895,0.381187
26160000,68,305.317,-21615.1,73.1296,0.390067
26175000,42,182.758,-21630.8,43.2431,0.3723
26190000,63,282.607,-21635.3,66.2521,0.385067
26205000,59,259.202,-21664.2,74.2207,0.394333
26220000,52,222.153,-21622.4,49.679,0.369293
26235000,66,289.095,-21618.9,75.5573,0.396333
26250000,49,206.494,-21639,56.5084,0.371253
26265000,50,212.023,-21593.3,54.3955,0.3706
26280000,44,191.079,-21654.8,38.7294,0.382844
26295000,41,186.18,-21639.8,31.1964,0.348733
26310000,47,192.113,-21626,45.6713,0.362444
26325000,50,207.167,-21642.5,47.3918,0.395022
26340000,55,229.878,-21671.3,48.5118,0.410333
26355000,39,173.603,-21635.1,39.3895,0.35985
26370000,51,205.773,-21621,45.9413,0.365783
26385000,51,219.71,-21614.3,43.6293,0.3784
26400000,56,236.229,-21625.3,63.1867,0.381867
26415000,52,224.108,-21621.9,59.4431,0.36705
26430000,56,238.036,-21625.8,47.9007,0.372133
26445000,64,290.974,-21638,62.9876,0.394867
26460000,61,286.045,-21619.9,60.6763,0.386733
26475000,64,280.281,-21634.8,57.5266,0.392593
26490000,72,315.597,-21607.3,71.4748,0.376667
26505000,56,245.732,-21575.9,54.4896,0.398933
26520000,57,246.428,-21593.2,63.2577,0.380333
26535000,90,393.412,-21622.5,93.0961,0.4052
26550000,74,307.282,-21630.6,87.0556,0.417467
26565000,57,258.852,-21624.6,53.3362,0.381667
26580000,54,246.478,-21618.6,53.5585,0.375417
26595000,58,246.048,-21584.8,55.5908,0.3656
26610000,53,232.194,-21611.2,46.7343,0.365067
26625000,51,214.985,-21597.1,56.5891,0.357733
26640000,60,269.764,-21634.5,70.298,0.392511
26655000,54,234.453,-21600.5,53.7189,0.368767
26670000,72,314.194,-21587.7,61.1033,0.3746
26685000,62,268.57,-21574.4,66.9002,0.3876
26700000,65,299.123,-21634.6,57.7558,0.383517
26715000,65,289.434,-21636.6,56.5374,0.391733
26730000,55,232.693,-21621.1,55.6439,0.367689
26745000,53,222.966,-21654.7,44.0556,0.392133
26760000,53,220.177,-21621.2,47.5494,0.368033
26775000,58,254.552,-21638.6,63.8845,0.391867
26790000,60,266.325,-21628.4,59.2602,0.389267
26805000,54,244.479,-21633.4,51.2439,0.383533
26820000,56,253.664,-21645.1,56.0149,0.406533
26835000,45,201.346,-21661.7,44.4941,0.367563
26850000,65,277.079,-21630.9,69.9002,0.397033
26865000,53,236.429,-21603.6,42.9299,0.371962
26880000,66,285.449,-21622.5,57.8878,0.378733
26895000,55,244.711,-21599.5,61.0549,0.372
26910000,64,296.376,-21597.4,57.643,0.381067
26925000,38,166.13,-21678.9,41.7508,0.358556
26940000,70,300.809,-21625,73.6181,0.398589
26955000,72,325.821,-21639.6,83.0552,0.411733
26970000,52,211.677,-21614.2,49.7435,0.36875
26985000,64,279.035,-21627.1,67.6235,0.404967
27000000,47,205.788,-21627.6,50.119,0.368067
27015000,51,226.953,-21621.4,50.9595,0.349956
27030000,74,327.165,-21641.5,75.862,0.391444
27045000,59,266.125,-21603.6,50.7542,0.3777
27060000,63,278.096,-21592.7,69.5038,0.3758
27075000,53,238.087,-21601.6,60.6041,0.3738
27090000,48,212.158,-21619.2,60.7238,0.373267
27105000,56,235.383,-21639.7,64.1263,0.39416
27120000,56,238.069,-21613.9,58.4345,0.3751
27135000,56,246.216,-21657.9,53.5557,0.398967
27150000,59,255.913,-21589,75.3562,0.366667
27165000,56,235.706,-21622.1,61.4521,0.360667
27180000,55,251.66,-21636.6,48.1594,0.365161
27195000,59,256.513,-21626.2,60.6134,0.376533
27210000,52,232.616,-21632.9,53.3732,0.371578
27225000,53,233.365,-21609.7,51.0331,0.385567
27240000,59,268.826,-21618.5,49.9034,0.3684
27255000,50,220.52,-21616.3,69.3893,0.373933
27270000,49,223.489,-21614.8,56.8391,0.374333
27285000,54,244.965,-21637.7,51.4719,0.395927
27300000,56,249.014,-21638.7,57.6941,0.383733
27315000,43,180.85,-21617.7,54.4071,0.362857
27330000,54,218.086,-21623,54.9641,0.3836
27345000,64,281.006,-21644.8,66.5997,0.396467
27360000,63,287.106,-21629,60.258,0.3944
27375000,62,271.672,-21616.1,61.8947,0.388667
27390000,74,319.311,-21619,74.3239,0.411467
27405000,69,309.417,-21613.8,50.7383,0.400467
27420000,64,278.423,-21643.9,59.3035,0.392667
27435000,76,339.767,-21614.6,83.981,0.3912
27450000,59,257.569,-21593.3,73.8155,0.359711
27465000,58,253.987,-21607.6,59.6437,0.369733
27480000,56,247.241,-21630.7,55.3106,0.368343
27495000,55,232.748,-21601.4,54.2382,0.362
27510000,66,266.759,-21619.2,49.7415,0.385213
27525000,48,213.002,-21603.3,40.7271,0.377067
27540000,60,255.502,-21580.1,65.2689,0.370022
27555000,47,212.142,-21644.3,59.8447,0.3864
27570000,63,258.762,-21567.7,65.5076,0.362967
27585000,67,290.879,-21555.2,61.7597,0.366267
27600000,67,278.484,-21572.8,69.4983,0.371333
27615000,75,315.529,-21618.3,64.722,0.389217
27630000,53,235.772,-21615.9,54.3992,0.381133
27645000,56,251.09,-21612.9,67.7441,0.382733
27660000,57,250.26,-21612.5,54.3271,0.378667
27675000,64,286.743,-21590.4,55.4849,0.382267
27690000,61,265.498,-21589.9,71.9376,0.377533
27705000,53,236.903,-21601.4,46.294,0.373467
27720000,45,199.446,-21606.9,39.5329,0.362533
27735000,46,190.954,-21621.7,51.5784,0.353133
27750000,46,204.796,-21624.8,43.6738,0.358267
27765000,60,269.929,-21621,58.9116,0.381387
27780000,72,313.555,-21615.8,79.7388,0.3924
27795000,59,276.877,-21630.6,70.4403,0.391267
27810000,49,205.481,-21626.5,58.8945,0.359067
27825000,41,179.246,-21648.9,38.0748,0.362583
27840000,49,203.682,-21612.6,47.9683,0.370033
27855000,49,206.56,-21616.4,41.8786,0.359867
27870000,50,219.635,-21613.9,42.469,0.367467
27885000,60,279.296,-21632.1,48.9898,0.377789
27900000,49,212.901,-21627.1,48.0241,0.384867
27915000,47,203.182,-21605.7,35.4624,0.364822
27930000,47,208.649,-21645.7,44.0318,0.3836
27945000,44,187.633,-21630.8,30.8768,0.362533
27960000,58,247.358,-21633.1,46.6199,0.3716
27975000,45,209.53,-21659.8,47.8301,0.3586
27990000,56,248.067,-21630.8,57.4293,0.3813
28005000,59,248.623,-21618.6,67.8238,0.374211
28020000,49,222.218,-21623,48.9596,0.361067
28035000,59,264.678,-21623.4,45.3768,0.374733
28050000,60,261.318,-21625.4,61.8289,0.3768
28065000,49,205.847,-21635.6,60.5414,0.370644
28080000,53,244.873,-21634.8,58.5727,0.367833
28095000,55,231.465,-21597.7,57.5408,0.3772
28110000,66,294.945,-21626.2,56.0066,0.399133
28125000,62,265.1,-21611.2,64.8932,0.3994
28140000,53,237.488,-21621.1,48.9573,0.37545
28155000,45,188.33,-21604.2,47.5421,0.366133
28170000,51,230.61,-21618.2,56.582,0.351833
28185000,45,181.307,-21603.8,54.2394,0.367667
28200000,50,203.779,-21594.8,42.1281,0.366933
28215000,51,220.998,-21609.8,48.503,0.36714
28230000,45,193.232,-21621.4,34.5159,0.364
28245000,62,273.509,-21607.7,59.1464,0.36912
28260000,60,269.504,-21619.7,70.2359,0.381733
28275000,55,242.731,-21599.5,57.3684,0.370489
28290000,53,227.444,-21614.1,59.2339,0.381667
28305000,59,262.511,-21616,59.0084,0.370456
28320000,52,239.408,-21627.4,51.4736,0.368333
28335000,53,245.741,-21614.6,43.597,0.357889
28350000,57,256.704,-21617.7,46.2741,0.379167
28365000,59,259.378,-21601,54.17,0.385867
28380000,74,325.54,-21611.6,58.1994,0.384133
28395000,63,284.785,-21615.3,53.0977,0.385533
28410000,57,241.846,-21630.1,45.9284,0.394933
28425000,50,233.426,-21601.3,52.3962,0.3777
28440000,55,250.678,-21612.9,56.0567,0.3674
28455000,59,260.478,-21617.8,65.054,0.383
28470000,55,252.728,-21618.4,55.6352,0.373133
28485000,59,263.736,-21597.4,64.8975,0.377587
28500000,56,235.322,-21603.4,50,0.3924
28515000,62,260.869,-21582.5,53.6287,0.382511
28530000,63,284.28,-21579.9,57.8976,0.3786
28545000,62,287.254,-21608.4,68.7621,0.377633
28560000,63,281.776,-21595.1,71.7755,0.375367
28575000,58,261.035,-21602.2,56.3755,0.371367
28590000,55,251.918,-21617.5,48.784,0.384133
28605000,53,226.496,-21623.4,44.7317,0.387651
28620000,56,245.461,-21600.1,62.5091,0.3734
28635000,49,219.179,-21606.8,44.5627,0.368467
28650000,51,230.334,-21617,62.2485,0.377467
28665000,48,216.965,-21623.5,49.7109,0.3732
28680000,50,219.762,-21637.6,45.6282,0.369808
28695000,55,254.863,-21629.1,65.8973,0.380933
28710000,58,251.665,-21619.2,56.7284,0.377724
28725000,46,203.45,-21620.2,54.6953,0.362633
28740000,50,228.993,-21625,46.4656,0.381517
28755000,72,298.698,-21611.5,82.8743,0.380533
28770000,57,266.267,-21660,62.6447,0.377111
28785000,59,262.847,-21617.5,61.422,0.367711
28800000,53,241.82,-21634.8,54.387,0.380867
28815000,49,219.118,-21617.8,44.0822,0.373533
28830000,75,320.744,-21607.7,75.466,0.396333
28845000,71,291.405,-21582.2,64.4976,0.386733
28860000,69,303.207,-21602.6,62.4936,0.397
28875000,52,233.002,-21650.1,54.2348,0.376171
28890000,58,252.018,-21615.7,45.3298,0.392067
28905000,59,260.787,-21612.5,47.3605,0.384867
28920000,52,221.258,-21605.2,46.4311,0.377867
28935000,56,235.894,-21590.1,72.8717,0.367867
28950000,57,250.355,-21624.3,54.0491,0.385867
28965000,54,231.526,-21624.6,64.1825,0.3762
28980000,49,207.285,-21616,60.4796,0.368818
28995000,59,253.73,-21629.2,54.3708,0.381467
29010000,54,238.201,-21622.2,55.2796,0.3882
29025000,52,228.377,-21648.1,44.1338,0.370313
29040000,54,240.822,-21632.9,41.7212,0.380567
29055000,52,249.108,-21622.6,49.4398,0.372227
29070000,57,243.505,-21627.8,43.8262,0.382356
29085000,45,199.806,-21624.8,43.1643,0.381367
29100000,50,217.247,-21629.9,53.0937,0.374267
29115000,47,197.812,-21620.3,53.1457,0.3754
29130000,42,178.032,-21621.3,41.4465,0.359
29145000,50,218.057,-21627.3,42.2524,0.377067
29160000,50,219.59,-21636.4,51.2014,0.379083
29175000,56,257.026,-21620.4,48.6096,0.3845
29190000,57,246.039,-21614.1,62.9634,0.3766
29205000,51,234.307,-21646.3,49.3731,0.374059
29220000,45,199.751,-21644.3,38.5049,0.382956
29235000,44,198.053,-21646.4,40.6637,0.3631
29250000,51,198.608,-21640.4,37.1638,0.3577
29265000,51,203.694,-21621,45.3186,0.370613
29280000,38,164.07,-21642.7,35.8543,0.357822
29295000,57,249.91,-21618.3,67.4626,0.3814
29310000,68,303.15,-21597.4,63.207,0.389333
29325000,63,268.163,-21618.9,72.497,0.3968
29340000,59,253.417,-21627.3,67.3262,0.389067
29355000,52,206.252,-21618.6,57.842,0.373
29370000,58,251.997,-21638,62.3054,0.383667
29385000,60,272.891,-21607.5,64.9079,0.3916
29400000,51,229.803,-21640.6,61.1822,0.375592
29415000,68,290.867,-21611.3,81.3124,0.393433
29430000,47,215.05,-21641.8,38.8476,0.373833
29445000,60,260.976,-21596.4,44.5435,0.390233
29460000,57,235.406,-21611,47.5025,0.3768
29475000,42,184.231,-21642.6,47.7762,0.372333
29490000,74,328.926,-21618.9,65.7812,0.396533
29505000,66,289.521,-21622.4,67.362,0.403267
29520000,50,211.142,-21631,52.8578,0.376193
29535000,44,199.221,-21666.3,34.6396,0.37215
29550000,65,293.781,-21638.1,74.7833,0.3984
29565000,69,301.954,-21646.1,68.0407,0.399689
29580000,49,193.234,-21641.5,56.0761,0.401433
29595000,59,253.023,-21625,60.7881,0.386933
29610000,62,289.778,-21616.5,71.2632,0.398778
29625000,55,244.14,-21613.7,50.0626,0.388333
29640000,67,275.958,-21646.4,75.8362,0.394733
29655000,66,292.014,-21644.6,64.1425,0.3934
29670000,65,269.329,-21620.9,66.9057,0.394711
29685000,42,182.011,-21659.3,49.0934,0.38504
29700000,53,243.956,-21668.1,56.0858,0.391444
29715000,55,229.369,-21657,59.172,0.376733
29730000,53,243.241,-21647.9,43.5282,0.386183
29745000,47,190.212,-21647.4,49.3641,0.370933
29760000,54,230.42,-21635.3,47.4333,0.378533
29775000,60,261.069,-21677.5,68.7912,0.39105
29790000,64,284.775,-21626.2,60.2422,0.37675
29805000,62,278.814,-21665,56.7593,0.4053
29820000,56,245.843,-21680.6,51.0383,0.401933
29835000,59,252.218,-21624,51.7527,0.384644
29850000,51,225.067,-21677.9,44.9725,0.388833
29865000,59,262.009,-21627.5,57.2311,0.392067
29880000,50,215.02,-21663.8,40.2343,0.377633
29895000,70,295.874,-21599.6,64.1241,0.401433
29910000,49,201.64,-21620,54.6889,0.3792
29925000,59,254.547,-21601.3,52.2627,0.374267
29940000,51,235.68,-21630,48.2887,0.377467
29955000,50,218.024,-21617.1,39.3661,0.3606
29970000,57,237.144,-21620.7,46.9664,0.381667
29985000,52,223.742,-21669.6,46.0738,0.380431
