generation,N_shifts,logPrior,logLik,eventRate,acceptRate
0,0,0.641453,-24238.5,100,0
15000,3,9.78072,-22068.9,6.06447,0.313979
30000,2,1.92141,-22050,2.23938,0.280891
45000,5,18.9952,-22008.4,7.36902,0.310533
60000,9,31.3655,-21996.3,5.72716,0.321667
75000,4,13.964,-22037.2,3.19973,0.2322
90000,6,17.8962,-22001,7.02045,0.304
105000,9,37.8969,-21921.5,9.429,0.313533
120000,14,61.1311,-21917.5,14.5083,0.3286
135000,15,55.069,-21906,20.5641,0.330933
150000,13,49.3763,-21890.6,14.0703,0.335733
165000,22,87.5636,-21857.8,26.4933,0.322867
180000,36,154.692,-21816.3,38.9892,0.386
195000,43,182.562,-21797.9,35.2936,0.3924
210000,33,144.187,-21821.8,31.4092,0.390333
225000,27,112.459,-21804.7,26.7148,0.372133
240000,23,105.639,-21811.5,22.695,0.3864
255000,30,129.976,-21812.4,21.2345,0.400867
270000,38,166.958,-21798.7,44.8925,0.4012
285000,18,81.4339,-21876.2,29.3193,0.332626
300000,39,172.714,-21803.4,39.0612,0.401167
315000,40,181.599,-21795.6,29.2783,0.4038
330000,36,150.321,-21778.8,37.1377,0.383
345000,44,188.378,-21766.1,48.7011,0.390867
360000,37,159.098,-21844.4,29.4033,0.3764
375000,43,185.061,-21763.5,47.606,0.389533
390000,34,151.219,-21823.4,31.8323,0.303321
405000,36,159.574,-21744.6,30.5852,0.387267
420000,40,174.994,-21739.4,37.8704,0.382467
435000,44,190.852,-21778.6,52.7865,0.385044
450000,50,220.288,-21775,45.1172,0.3906
465000,38,166.225,-21760.9,44.3854,0.3766
480000,49,198.375,-21776.6,49.8933,0.3964
495000,43,181.597,-21765.3,54.4336,0.378333
510000,42,187.026,-21764.5,38.9992,0.3985
525000,38,156.411,-21759,44.1861,0.385533
540000,42,181.807,-21724.9,47.9867,0.384583
555000,48,215.575,-21765.8,43.3641,0.384156
570000,47,191.002,-21742.5,43.1219,0.397667
585000,37,163.359,-21765.3,31.1496,0.38315
600000,56,254.365,-21736.4,54.1111,0.395467
615000,42,182.599,-21760.9,51.1823,0.405156
630000,51,208.225,-21719.4,56.7392,0.403567
645000,46,194.998,-21739.6,55.7741,0.386467
660000,52,228.516,-21727.6,42.7177,0.3962
675000,48,201.614,-21713.8,50.707,0.379
690000,38,163.117,-21744.1,34.3674,0.384133
705000,51,227.082,-21731.1,41.1306,0.384817
720000,49,202.282,-21723.4,42.0821,0.369022
735000,56,228.942,-21719.9,50.0301,0.3915
750000,61,269.612,-21726.9,51.0929,0.420933
765000,47,192.642,-21710.7,43.6196,0.390378
780000,40,175.219,-21735.8,31.9972,0.383
795000,42,188.139,-21723.6,47.5158,0.3684
810000,69,304.158,-21695.6,72.6167,0.386533
825000,47,205.543,-21710.3,42.5642,0.3896
840000,46,193.439,-21733.1,47.6678,0.379933
855000,58,239.228,-21690,42.5724,0.389844
870000,48,208.315,-21692.7,51.6935,0.382267
885000,54,236.997,-21711.9,53.9567,0.407733
900000,53,223.432,-21724.7,49.1821,0.383267
915000,57,261.682,-21722.4,51.8211,0.394667
930000,71,306.385,-21719.6,70.2449,0.392483
945000,55,245.714,-21665.9,61.7091,0.398
960000,47,209.505,-21698.4,40.8512,0.389511
975000,57,247.83,-21678.9,52.5679,0.380733
990000,63,287.497,-21682.1,71.1414,0.387067
1005000,71,317.521,-21654.3,73.3307,0.391533
1020000,68,309.162,-21659.2,69.8111,0.3968
1035000,55,253.22,-21654.5,54.0347,0.390933
1050000,65,285.23,-21677.7,76.3663,0.386322
1065000,50,230.716,-21710.4,53.6188,0.395727
1080000,69,286.94,-21655.4,72.497,0.393933
1095000,67,280.118,-21652.2,62.6498,0.390667
1110000,49,221.399,-21720.2,52.4709,0.382483
1125000,47,208.854,-21683.3,45.1151,0.366133
1140000,57,249.033,-21701,53.7737,0.37492
1155000,59,274.057,-21697.7,45.4495,0.373267
1170000,66,296.023,-21660.2,60.7386,0.38912
1185000,73,307.187,-21676.6,73.7777,0.388267
1200000,53,223.785,-21702,60.7687,0.393422
1215000,43,186.269,-21714.2,40.0347,0.383907
1230000,67,301.849,-21651.5,74.8165,0.395867
1245000,52,230.043,-21699.1,53.896,0.3816
1260000,87,390.971,-21658.7,85.7253,0.403667
1275000,86,383.227,-21646.4,100.128,0.403
1290000,57,263.709,-21683.8,54.985,0.382987
1305000,67,310.008,-21656.3,80.0007,0.3909
1320000,54,240.146,-21673,56.1445,0.392933
1335000,59,261.497,-21684.6,52.172,0.378067
1350000,57,231.685,-21657.3,55.8865,0.385
1365000,62,278.439,-21683.5,65.4719,0.39008
1380000,53,236.053,-21691.4,54.5559,0.378163
1395000,78,358.319,-21689.6,78.2193,0.392233
1410000,68,308.476,-21689.2,71.8094,0.4118
1425000,70,310.553,-21687.3,71.5751,0.405333
1440000,56,239.195,-21683.8,65.1844,0.383133
1455000,63,280.409,-21672.1,60.3129,0.381905
1470000,57,249.453,-21719.6,60.641,0.391689
1485000,73,310.025,-21674.6,67.6924,0.388533
1500000,69,295.751,-21678.6,75.2842,0.401133
1515000,67,307.075,-21659.8,60.3928,0.396433
1530000,57,245.684,-21670.8,61.8361,0.3924
1545000,57,245.049,-21690.7,44.376,0.39
1560000,70,298.496,-21660.9,75.2326,0.397383
1575000,58,249.232,-21664.9,69.4504,0.380967
1590000,67,293.056,-21702.4,85.868,0.400367
1605000,72,311.746,-21637.3,79.4259,0.3889
1620000,76,329.819,-21635.5,63.5682,0.396867
1635000,72,308.304,-21675.6,67.8918,0.409333
1650000,78,321.496,-21684.6,83.6273,0.409733
1665000,63,283.802,-21682.5,60.8406,0.404813
1680000,77,327.845,-21673.4,68.2235,0.403267
1695000,73,327.005,-21646.9,94.4237,0.4018
1710000,70,291.991,-21654.6,66.743,0.3914
1725000,74,327.264,-21650.7,77.0439,0.400467
1740000,73,314.762,-21651.4,63.137,0.386
1755000,60,271.202,-21645.9,70.999,0.375333
1770000,68,306.731,-21671.4,68.2671,0.3904
1785000,72,317.344,-21645.6,67.1033,0.4002
1800000,60,251.019,-21680.2,54.9206,0.399225
1815000,58,257.715,-21711.7,52.4404,0.395991
1830000,68,311.864,-21651.6,56.3322,0.404622
1845000,72,308.945,-21655.8,67.1687,0.385267
1860000,52,225.811,-21685.3,66.6789,0.38525
1875000,75,339.279,-21670.6,69.7685,0.394633
1890000,70,319.136,-21666.7,69.1934,0.387033
1905000,62,285.765,-21660.3,55.205,0.415533
1920000,57,262.219,-21658.5,58.4721,0.390733
1935000,57,263.761,-21699.4,53.1893,0.391783
1950000,64,286.652,-21667.1,68.9013,0.391067
1965000,66,299.169,-21674.8,65.7528,0.394489
1980000,73,322.478,-21669.1,82.3767,0.4046
1995000,58,248.462,-21665.8,64.8141,0.388022
2010000,62,278.542,-21669.8,53.2564,0.401367
2025000,48,197.762,-21676.7,46.3824,0.384533
2040000,59,249.927,-21682.5,59.018,0.390733
2055000,65,282.637,-21685.6,83.2094,0.3996
2070000,66,305.416,-21666.5,56.3586,0.385
2085000,78,339.339,-21652.6,73.8093,0.388883
2100000,56,245.637,-21693.9,57.4548,0.389161
2115000,70,306.04,-21657.2,74.8052,0.403567
2130000,57,259.753,-21690.9,56.8478,0.385367
2145000,55,236.09,-21690,55.7933,0.3865
2160000,54,238.298,-21679.4,70.8272,0.388033
2175000,63,284.606,-21660.4,65.9905,0.385333
2190000,46,212.158,-21710.2,41.5504,0.389011
2205000,53,228.044,-21707.9,56.2858,0.390933
2220000,53,228.687,-21708,49.1804,0.383067
2235000,49,205.93,-21703.1,40.5978,0.389433
2250000,60,269.656,-21708.6,53.5703,0.383133
2265000,59,252.537,-21717.4,67.2442,0.382133
2280000,53,226.246,-21699.7,56.2439,0.392933
2295000,41,190.462,-21718.9,37.9449,0.381867
2310000,60,264.993,-21711.1,62.3679,0.377667
2325000,57,239.48,-21672.9,51.6921,0.384867
2340000,76,342.968,-21694.4,79.9443,0.393533
2355000,64,286.461,-21692.5,79.63,0.399133
2370000,71,306.636,-21678.8,77.9832,0.405133
2385000,54,232.076,-21695.4,51.412,0.39176
2400000,67,286.014,-21663.7,54.0932,0.408633
2415000,65,284.766,-21668,63.9091,0.403333
2430000,77,359.322,-21675.4,77.0183,0.3864
2445000,62,275.539,-21682.8,74.2943,0.39215
2460000,79,349.682,-21631.3,74.3406,0.397167
2475000,55,247.393,-21671.1,64.603,0.3854
2490000,76,332.51,-21672,78.6356,0.409967
2505000,65,296.54,-21698.1,51.6128,0.392304
2520000,81,329.217,-21642.5,77.1019,0.402067
2535000,83,372.053,-21643.5,88.6905,0.406067
2550000,51,210.508,-21687.4,50.0715,0.3866
2565000,82,356.375,-21653.5,90.9628,0.399233
2580000,75,331.349,-21655.9,77.6714,0.406533
2595000,73,285.576,-21667.3,76.1327,0.3998
2610000,72,322.198,-21659.2,86.6275,0.386467
2625000,79,352.421,-21670.7,66.2991,0.406667
2640000,66,299.644,-21676,68.9913,0.387807
2655000,72,311.195,-21650.5,72.6174,0.397567
2670000,68,286.984,-21646.9,68.0638,0.395867
2685000,68,284.737,-21672.4,72.6731,0.396867
2700000,67,285.406,-21660.3,59.1027,0.402267
2715000,60,249.902,-21672.2,63.1071,0.393733
2730000,79,340.792,-21676.4,74.823,0.4008
2745000,72,328.394,-21659.8,98.7774,0.406333
2760000,69,297.254,-21677,86.4569,0.383095
2775000,82,360.844,-21667.1,113.834,0.409733
2790000,70,317.921,-21686.7,76.2114,0.404367
2805000,72,309.65,-21698,59.9145,0.391145
2820000,75,336.794,-21648.7,76.306,0.400311
2835000,56,264.051,-21689.9,53.8964,0.383267
2850000,79,345.281,-21671.9,66.1997,0.395633
2865000,73,331.739,-21661.7,75.4432,0.4008
2880000,63,283.521,-21667.8,70.5649,0.3924
2895000,64,268.516,-21688.1,64.9654,0.3955
2910000,72,319,-21698.5,68.2522,0.397267
2925000,80,362.719,-21686.7,85.3537,0.4012
2940000,67,276.439,-21647.1,89.4071,0.402933
2955000,56,245.793,-21663.5,52.9097,0.386907
2970000,63,282.124,-21695.9,52.1944,0.393733
2985000,64,272.958,-21670.2,56.449,0.3958
3000000,63,260.252,-21661,61.2324,0.386533
3015000,68,302.648,-21672.9,70.4934,0.400533
3030000,52,210.879,-21669.3,46.5284,0.371093
3045000,53,224.955,-21681.3,62.4297,0.374
3060000,72,318.461,-21657.4,80.0748,0.386422
3075000,76,325.036,-21701.2,70.978,0.392127
3090000,80,347.972,-21672.5,88.0378,0.420067
3105000,69,289.605,-21667.5,62.0022,0.405
3120000,72,311.022,-21659,63.6339,0.3998
3135000,71,314.034,-21641.9,77.1292,0.408533
3150000,61,274.124,-21665.6,77.4138,0.374733
3165000,69,290.118,-21657,71.2308,0.3997
3180000,68,306.297,-21660.7,81.075,0.3944
3195000,66,280.517,-21675.8,64.937,0.394933
3210000,71,297.499,-21676.3,67.8644,0.401467
3225000,65,283.964,-21650.1,73.7729,0.3858
3240000,63,256.722,-21659.6,63.758,0.392745
3255000,67,294.44,-21684.9,68.1723,0.395867
3270000,70,308.451,-21672.9,59.298,0.3997
3285000,73,313.03,-21662.2,84.5404,0.3996
3300000,75,332.732,-21660.5,76.0837,0.403067
3315000,55,230.473,-21665.1,55.2565,0.392533
3330000,61,271.855,-21667.3,76.6214,0.377057
3345000,77,344.937,-21673.9,71.9335,0.387511
3360000,64,284.943,-21657.4,65.0596,0.402667
3375000,69,327.43,-21681.5,62.0363,0.393356
3390000,79,326.199,-21661.4,74.9658,0.39448
3405000,56,259.348,-21698.9,57.1465,0.3935
3420000,63,275.941,-21668.3,68.4315,0.3914
3435000,53,229.612,-21665.8,42.9757,0.3762
3450000,51,213.759,-21693.4,42.7799,0.376933
3465000,54,236.091,-21681,84.3479,0.386533
3480000,56,242.944,-21703.9,49.8369,0.389667
3495000,58,245.048,-21698.2,60.2249,0.386385
3510000,58,237.723,-21700,63.2665,0.3839
3525000,62,263.233,-21691,69.5939,0.385667
3540000,42,188.547,-21713.9,41.4703,0.367844
3555000,54,225.193,-21686.3,57.9195,0.3667
3570000,46,182.331,-21721.9,45.3226,0.37825
3585000,47,190.475,-21683.9,51.5185,0.3846
3600000,57,235.719,-21676.8,49.3639,0.371667
3615000,72,305.684,-21682.2,67.6195,0.393
3630000,48,200.235,-21695.3,42.8544,0.372783
3645000,58,251.214,-21675.4,54.2226,0.3871
3660000,62,282.604,-21677.6,61.5084,0.372667
3675000,67,278.658,-21682.8,59.0485,0.389867
3690000,69,294.417,-21692,78.268,0.381817
3705000,75,339.222,-21699.8,80.5239,0.401733
3720000,58,259.16,-21699.4,71.0697,0.400156
3735000,43,184.201,-21706.6,34.6883,0.369144
3750000,47,209.029,-21691.1,55.9713,0.350467
3765000,46,205.947,-21704.2,53.3279,0.344
3780000,63,272.602,-21684.8,59.8179,0.382717
3795000,60,268.538,-21677.2,61.7676,0.3882
3810000,84,361.408,-21671.8,90.5357,0.378022
3825000,87,366.876,-21678.1,80.4863,0.3994
3840000,76,317.107,-21657,61.7952,0.407533
3855000,84,369.255,-21654.3,92.2619,0.405733
3870000,76,334.408,-21635.2,50.1761,0.404267
3885000,78,344.416,-21649.8,84.9562,0.404933
3900000,61,267.7,-21648.5,57.5272,0.388533
3915000,71,326.839,-21657,73.0338,0.382733
3930000,69,291.996,-21663.6,79.6032,0.399111
3945000,67,301.075,-21669.8,65.349,0.394
3960000,53,237.627,-21654.7,48.5751,0.389378
3975000,63,273.614,-21658.1,60.6763,0.3975
3990000,52,234.483,-21673.6,51.7574,0.371233
4005000,70,306.198,-21689.1,70.8258,0.3961
4020000,54,240.478,-21674.5,47.9347,0.358333
4035000,57,245.088,-21680.1,62.466,0.399933
4050000,54,237.753,-21658.1,48.6357,0.364767
4065000,54,229.758,-21662.1,64.0568,0.3668
4080000,58,252.674,-21664.6,59.4511,0.3748
4095000,60,272.828,-21670.3,60.5789,0.3882
4110000,69,293.609,-21632,68.0895,0.374467
4125000,65,265.859,-21695.1,67.8891,0.388611
4140000,63,277.405,-21696.3,52.6534,0.384467
4155000,66,277.889,-21669.3,69.4026,0.384209
4170000,48,207.647,-21677.9,41.0628,0.376733
4185000,60,263.346,-21664.1,54.4516,0.361667
4200000,59,269.669,-21680.1,57.9265,0.381778
4215000,63,277.928,-21657.1,73.4124,0.387
4230000,57,252.211,-21681.1,54.6837,0.390833
4245000,74,321.279,-21683,80.4785,0.3948
4260000,64,291.806,-21672.8,62.3552,0.391556
4275000,67,307.057,-21681.9,73.0131,0.404
4290000,60,256.627,-21682.9,62.1748,0.391982
4305000,76,348.301,-21700.3,87.1322,0.404267
4320000,61,261.835,-21712.3,64.3358,0.407867
4335000,69,300.115,-21697,58.9714,0.414467
4350000,57,234.413,-21690.8,55.5377,0.387589
4365000,57,259.11,-21682.1,58.0818,0.3828
4380000,55,238.999,-21708.5,68.3239,0.39855
4395000,51,219.322,-21696.7,62.8808,0.3607
4410000,59,250.637,-21678.9,60.9568,0.389067
4425000,50,226.955,-21673.4,53.252,0.379333
4440000,47,204.938,-21693.6,51.6907,0.376733
4455000,55,242.37,-21683.7,65.8965,0.3895
4470000,65,280.484,-21681.5,71.1199,0.379533
4485000,64,288.855,-21676,54.0031,0.395933
4500000,61,274.052,-21683.7,71.2757,0.381533
4515000,45,188.373,-21716.4,43.525,0.394044
4530000,59,243.645,-21734.7,45.6577,0.370722
4545000,67,313.449,-21700.6,77.2127,0.391467
4560000,52,231.466,-21718.2,45.8986,0.3902
4575000,46,202.943,-21710.5,41.6907,0.3954
4590000,57,255.861,-21681.9,49.504,0.382733
4605000,50,222.364,-21703.2,48.3082,0.380333
4620000,63,272.887,-21693.1,54.0355,0.381867
4635000,78,325.803,-21676.5,86.0664,0.3912
4650000,70,312.002,-21683.6,59.5438,0.405933
4665000,67,282.295,-21671.5,62.1307,0.384333
4680000,47,199.947,-21711.2,45.2631,0.37085
4695000,70,305.113,-21679.7,64.9391,0.384758
4710000,69,292.872,-21642.4,79.1523,0.374933
4725000,73,317.963,-21629.6,54.91,0.3918
4740000,80,339.646,-21635.6,88.4026,0.403
4755000,83,353.077,-21647.4,73.6026,0.405133
4770000,74,331.459,-21654.3,90.301,0.392533
4785000,80,335.517,-21631.7,78.1019,0.408667
4800000,47,223.361,-21698.3,54.6036,0.38085
4815000,57,251.414,-21690.9,59.6063,0.396644
4830000,64,269.086,-21659.6,69.179,0.384622
4845000,69,312.171,-21662.9,73.3649,0.377733
4860000,70,311.335,-21665.9,84.9256,0.3858
4875000,67,311.905,-21692.9,61.267,0.386356
4890000,63,272.947,-21695.5,68.4887,0.382933
4905000,69,313.352,-21673.5,58.841,0.396622
4920000,64,276.869,-21660,58.0722,0.387933
4935000,61,268.686,-21663.8,74.9914,0.374
4950000,54,226.954,-21682.9,46.8723,0.372383
4965000,62,274.363,-21686.1,61.4059,0.390133
4980000,48,204.573,-21679.5,39.414,0.378067
4995000,58,261.393,-21689.9,52.9231,0.376867
5010000,57,250.279,-21690.8,59.8876,0.387133
5025000,45,190.705,-21695.7,49.3226,0.3766
5040000,54,240.203,-21662.5,51.2069,0.363133
5055000,56,243.176,-21700.6,52.7266,0.381889
5070000,76,326.202,-21642.3,64.7668,0.3958
5085000,76,341.279,-21645.9,80.1528,0.399133
5100000,65,294.524,-21636.6,60.6394,0.3936
5115000,60,262.227,-21652.4,68.2189,0.378467
5130000,74,326.387,-21653.1,60.7355,0.392467
5145000,56,258.983,-21677.3,44.2422,0.377794
5160000,58,257.5,-21687.6,56.0811,0.383867
5175000,91,389.995,-21646.8,87.4082,0.391644
5190000,59,267.333,-21678.9,55.4552,0.398767
5205000,72,311.203,-21662.2,57.395,0.388533
5220000,65,295.483,-21671.4,62.5856,0.392733
5235000,58,249.555,-21696,45.4208,0.3916
5250000,51,244.7,-21700,37.267,0.376867
5265000,51,235.898,-21723.8,44.1836,0.389933
5280000,77,344.897,-21662.9,78.5507,0.389567
5295000,81,358.963,-21665.6,75.4996,0.411333
5310000,51,223.67,-21696,47.5005,0.377511
5325000,39,170.052,-21729.7,30.8805,0.381556
5340000,54,232.069,-21676.4,40.4896,0.366267
5355000,62,281.969,-21680.2,71.3725,0.3942
5370000,54,238.728,-21671,43.9028,0.3864
5385000,63,282.102,-21661,64.7004,0.394733
5400000,52,235.713,-21664.9,58.1407,0.3824
5415000,39,175.497,-21729.1,38.7855,0.363933
5430000,66,283.686,-21676.3,72.3622,0.3958
5445000,74,334.076,-21650.6,70.2329,0.383217
5460000,76,335.646,-21642.9,73.5633,0.392133
5475000,69,307.833,-21655.6,65.2022,0.395267
5490000,72,323.665,-21642.8,84.255,0.392533
5505000,69,306.048,-21654.5,76.2681,0.3986
5520000,59,265.957,-21642.5,62.194,0.3914
5535000,53,220.921,-21698.8,45.5326,0.379508
5550000,74,332.268,-21647.9,68.3918,0.380033
5565000,62,281.402,-21689.8,84.6058,0.382933
5580000,68,298.714,-21690.2,66.1889,0.387733
5595000,72,334.136,-21643.8,62.9066,0.396867
5610000,79,356.159,-21636.7,87.0538,0.397333
5625000,69,302.624,-21641,73.7714,0.387133
5640000,72,330.897,-21646.7,50.2166,0.381533
5655000,73,327.315,-21640,67.7276,0.4106
5670000,55,241.612,-21676.9,55.5754,0.383733
5685000,65,292.978,-21658.1,60.2164,0.388767
5700000,71,316.292,-21652.9,68.9228,0.382133
5715000,60,257.974,-21683.2,50.9819,0.386956
5730000,74,353.031,-21648.4,70.4937,0.3881
5745000,62,262.144,-21658.2,57.94,0.370067
5760000,59,273.315,-21636.5,57.8374,0.3823
5775000,62,275.701,-21643.9,60.264,0.378067
5790000,47,211.528,-21651.1,43.3958,0.3778
5805000,82,354.262,-21642.9,82.6939,0.386533
5820000,81,333.402,-21631.6,68.4623,0.4066
5835000,56,255.7,-21712.6,57.6056,0.384733
5850000,59,257.228,-21686.5,71.8216,0.3824
5865000,63,275.018,-21649.9,69.7834,0.383733
5880000,69,294.251,-21675.4,71.6525,0.386533
5895000,85,373.396,-21683.4,79.6451,0.408467
5910000,77,321.448,-21673.4,70.954,0.409067
5925000,52,221.004,-21701.5,49.4404,0.379
5940000,65,277.186,-21660.5,69.7046,0.393411
5955000,61,261.328,-21678.7,57.7233,0.391467
5970000,68,312.194,-21672.1,65.9216,0.3908
5985000,73,317.059,-21670,77.529,0.398093
6000000,71,313.181,-21661.6,73.2471,0.4034
6015000,80,336.239,-21668.7,75.9264,0.3916
6030000,69,319.318,-21708.1,70.4613,0.389238
6045000,75,324.525,-21656.5,57.0945,0.414567
6060000,68,289.678,-21666.5,72.0915,0.3904
6075000,50,223.529,-21676.3,59.0048,0.390238
6090000,67,288.268,-21711.6,55.8348,0.400367
6105000,76,325.505,-21669,84.5543,0.401
6120000,63,271.145,-21675.9,55.1001,0.3944
6135000,59,274.251,-21672.2,59.3991,0.392733
6150000,47,207.158,-21713.5,33.7138,0.3932
6165000,73,347.403,-21689.1,80.3685,0.409933
6180000,70,334.945,-21694.1,70.414,0.4038
6195000,53,235.07,-21709.1,51.5682,0.399789
6210000,47,191.53,-21704.3,47.4012,0.381117
6225000,49,230.984,-21702.5,53.1657,0.393967
6240000,54,256.864,-21683.8,69.1899,0.383733
6255000,51,219.288,-21716,58.8193,0.387787
6270000,65,290.549,-21693.3,75.5355,0.3963
6285000,50,220.395,-21674.4,58.3325,0.371267
6300000,49,221.723,-21689.5,55.181,0.372978
6315000,52,231.115,-21673.9,46.6059,0.3688
6330000,58,251.367,-21699.2,55.2823,0.3994
6345000,57,255.519,-21676,54.7729,0.368733
6360000,66,286.91,-21674.5,73.874,0.387933
6375000,58,256.395,-21679.7,69.1385,0.3848
6390000,64,283.314,-21675.7,66.2228,0.384019
6405000,62,282.904,-21692.1,56.7379,0.400973
6420000,54,236.136,-21700.9,41.9733,0.379244
6435000,54,224.406,-21711.7,66.8397,0.394633
6450000,49,202.696,-21714.2,51.3172,0.3688
6465000,48,203.231,-21721.4,45.588,0.374867
6480000,55,224.887,-21693.2,62.7881,0.362289
6495000,51,227.751,-21727.2,44.9447,0.386267
6510000,45,185.573,-21714.3,38.8399,0.377667
6525000,49,218.053,-21714.4,47.9473,0.3778
6540000,53,236.424,-21694.9,44.4229,0.366917
6555000,60,251.12,-21697.5,55.6455,0.372333
6570000,55,243.887,-21726.1,55.4855,0.384622
6585000,49,213.058,-21695.9,59.4743,0.404467
6600000,47,209.629,-21695.5,48.4321,0.38972
6615000,74,330.562,-21699.2,71.074,0.386467
6630000,53,222.905,-21705.3,65.5237,0.387289
6645000,64,276.015,-21675.7,63.9155,0.406167
6660000,62,275.681,-21689.3,63.0092,0.396133
6675000,65,264.325,-21670.5,71.445,0.386733
6690000,63,286.725,-21702.4,68.4889,0.392617
6705000,55,243.456,-21699.2,52.1839,0.387971
6720000,52,214.107,-21694.7,44.2424,0.384867
6735000,61,254.663,-21669.5,70.9361,0.3814
6750000,59,238.622,-21675.9,69.5085,0.395267
6765000,64,284.381,-21685.6,66.9876,0.3868
6780000,67,303.412,-21683,88.5102,0.383848
6795000,57,264.726,-21689.7,58.7563,0.3952
6810000,63,280.212,-21682.8,53.8877,0.398111
6825000,58,247.659,-21687.8,57.7563,0.4004
6840000,53,219.139,-21703,65.087,0.38757
6855000,63,291.351,-21678.4,57.4912,0.392867
6870000,63,287.173,-21669.5,59.6303,0.387093
6885000,71,306.508,-21684,70.6523,0.4014
6900000,57,248.393,-21705.2,60.8354,0.399347
6915000,65,282.521,-21686.1,69.7989,0.3987
6930000,63,261.639,-21688.1,67.6119,0.393093
6945000,61,278.08,-21660.6,59.8212,0.383733
6960000,60,278.566,-21715.4,59.8459,0.389622
6975000,58,250.701,-21683.6,63.8633,0.401667
6990000,50,219.445,-21704.6,37.166,0.394678
7005000,59,258.416,-21676.5,72.9314,0.388083
7020000,54,227.759,-21690.3,68.0998,0.381311
7035000,59,260.5,-21694.6,53.5094,0.392533
7050000,64,266.319,-21695.8,62.2822,0.4016
7065000,65,278.939,-21665.3,75.5513,0.398333
7080000,77,349.881,-21672.6,73.4468,0.417067
7095000,70,299.099,-21677.5,65.552,0.4004
7110000,66,298.026,-21686.6,62.6221,0.3942
7125000,59,263.105,-21681.2,60.1776,0.38995
7140000,69,299.851,-21667.9,73.9827,0.398233
7155000,69,298.604,-21668.7,71.5246,0.3974
7170000,64,276.857,-21652.1,63.5392,0.387933
7185000,51,216.79,-21705.6,49.525,0.387636
7200000,53,234.548,-21653.9,67.2515,0.375967
7215000,50,233.162,-21681.9,49.5901,0.37535
7230000,51,218.53,-21669.8,52.945,0.3708
7245000,45,193.851,-21686,50.6931,0.359267
7260000,54,230.637,-21682.9,50.332,0.363933
7275000,60,256.923,-21695.5,65.0007,0.376617
7290000,60,266.433,-21678,66.4023,0.3996
7305000,64,287.344,-21705.2,57.6031,0.387792
7320000,62,277.884,-21678.4,67.0146,0.377317
7335000,52,228.035,-21697.6,48.5694,0.390689
7350000,58,253.055,-21726.1,59.1549,0.398911
7365000,46,194.133,-21695.6,45.7916,0.382467
7380000,50,232.478,-21714.2,59.2633,0.3736
7395000,47,213.907,-21725.3,46.2641,0.383867
7410000,45,196.368,-21713.8,36.8795,0.383067
7425000,60,273.097,-21694.9,67.1073,0.374711
7440000,59,250.323,-21693.6,56.6799,0.384267
7455000,52,234.31,-21701.8,49.6205,0.401444
7470000,59,258.516,-21696.4,64.0724,0.390133
7485000,51,215.465,-21690.9,45.0285,0.385667
7500000,49,216.814,-21685.3,46.139,0.379722
7515000,62,263.389,-21671.9,62.855,0.380967
7530000,56,248.277,-21693.7,57.7244,0.394147
7545000,62,259.223,-21698.1,69.0612,0.385467
7560000,67,282.758,-21690,72.6699,0.3922
7575000,62,273.692,-21690.8,65.8366,0.39196
7590000,65,299.656,-21685.4,57.9663,0.398267
7605000,58,250.508,-21667.5,57.9634,0.384467
7620000,68,285.858,-21667.8,57.9934,0.395383
7635000,65,284.621,-21664.7,76.1879,0.3933
7650000,71,294.436,-21642.9,88.2896,0.402933
7665000,68,294.524,-21673.3,71.3143,0.398948
7680000,52,227.901,-21682.2,67.9035,0.3908
7695000,65,295.745,-21661.5,63.89,0.398533
7710000,65,279.258,-21653.2,50.2368,0.394333
7725000,76,329.783,-21642.8,90.513,0.398
7740000,52,219.169,-21672.9,46.8107,0.382633
7755000,65,276.54,-21677.9,61.4271,0.39355
7770000,64,281.946,-21639.2,47.8743,0.3891
7785000,52,237.305,-21645.9,46.6405,0.376867
7800000,61,274.564,-21657.5,48.1097,0.389733
7815000,64,285.534,-21713.6,54.8726,0.389544
7830000,54,219.953,-21680,47.5126,0.39
7845000,57,236.662,-21689.7,51.592,0.387667
7860000,53,243.21,-21673.5,34.2972,0.396283
7875000,51,236.679,-21659.4,56.1235,0.369467
7890000,44,178.621,-21685,42.2726,0.358867
7905000,63,261.654,-21668.1,64.0982,0.384067
7920000,52,238.31,-21659.2,49.567,0.385089
7935000,58,248.305,-21667.7,51.7939,0.375733
7950000,65,288.719,-21661,58.3473,0.388733
7965000,71,311.872,-21659.5,59.5995,0.397733
7980000,60,256.385,-21677.8,59.3318,0.3854
7995000,85,352.382,-21663.4,90.8071,0.389667
8010000,76,326.564,-21668.9,73.3532,0.406133
8025000,55,240.765,-21664.2,68.8469,0.383517
8040000,66,305.733,-21698.6,69.3472,0.396917
8055000,50,216.804,-21671.5,49.1914,0.382489
8070000,62,272.565,-21658.6,61.4237,0.379733
8085000,69,311.295,-21682.8,74.5271,0.392133
8100000,62,269.162,-21663,51.4012,0.385933
8115000,64,290.18,-21646.3,62.7675,0.395044
8130000,58,264.329,-21672,50.1205,0.378267
8145000,60,258.681,-21653.6,66.9247,0.3896
8160000,55,227.664,-21695.9,74.8736,0.369496
8175000,53,241.137,-21686.1,58.6604,0.380533
8190000,61,268.059,-21682.8,62.884,0.371733
8205000,50,227.295,-21674.1,58.4919,0.3804
8220000,56,231.225,-21679,49.4437,0.367717
8235000,57,243.723,-21671.3,45.1908,0.375633
8250000,79,334.946,-21653.7,92.1127,0.386167
8265000,78,323.621,-21652.2,64.4783,0.407133
8280000,93,386.007,-21643.9,102.17,0.395333
8295000,55,240.331,-21687.6,48.7256,0.378433
8310000,78,315.495,-21631.3,80.1462,0.395167
8325000,48,207.752,-21702.7,55.4823,0.383614
8340000,45,177.674,-21693,39.3594,0.3698
8355000,64,275.951,-21649.4,60.6559,0.389067
8370000,59,236.747,-21647.4,63.8976,0.391067
8385000,57,236.507,-21633.8,60.2129,0.360467
8400000,59,250.973,-21653.4,67.7679,0.3524
8415000,80,336.223,-21654.5,76.7497,0.381133
8430000,69,287.569,-21660,70.6823,0.398
8445000,76,319.166,-21664.1,87.5358,0.403867
8460000,68,304.082,-21658.9,55.5167,0.384879
8475000,72,323.893,-21673,65.4012,0.3974
8490000,60,255.383,-21675,57.9057,0.394
8505000,64,287.613,-21654.5,62.5318,0.396467
8520000,64,278.911,-21652,54.7403,0.398733
8535000,67,285.968,-21680.5,74.9454,0.386908
8550000,59,261.436,-21661.7,47.8767,0.381724
8565000,55,229.983,-21654.3,62.449,0.369533
8580000,56,240.879,-21671.5,65.1214,0.385378
8595000,61,253.929,-21669.2,67.875,0.379233
8610000,58,258.315,-21669.3,60.5373,0.3864
8625000,60,250.912,-21670,74.9369,0.379933
8640000,64,287.176,-21666.2,64.6917,0.4001
8655000,76,340.965,-21671,85.8018,0.4018
8670000,61,280.499,-21675.9,64.203,0.411667
8685000,56,252.252,-21678.5,62.9808,0.381933
8700000,59,266.043,-21683.8,66.6227,0.39
8715000,54,244.958,-21703.7,69.3102,0.382149
8730000,52,222.79,-21697.4,46.2711,0.386644
8745000,57,248.421,-21715.1,53.3459,0.3787
8760000,64,268.286,-21681.1,51.4726,0.389567
8775000,64,268.959,-21666.9,66.0783,0.390956
8790000,70,314.467,-21665.2,65.8868,0.387556
8805000,54,226.146,-21689.7,53.523,0.397767
8820000,59,258.196,-21698.1,71.241,0.379467
8835000,57,240.365,-21673.8,58.8363,0.3858
8850000,49,204.19,-21674.4,49.6874,0.383733
8865000,68,304.009,-21673.4,72.8191,0.382533
8880000,79,341.72,-21658.1,86.2071,0.401333
8895000,69,300.839,-21690.7,68.0402,0.4022
8910000,67,292.47,-21636.8,53.9704,0.373827
8925000,66,289.99,-21620.1,65.4922,0.373267
8940000,58,254.378,-21657.7,63.5479,0.372933
8955000,78,345.154,-21673.9,71.1687,0.39945
8970000,56,256.724,-21665.6,56.567,0.3792
8985000,64,290.674,-21671.9,76.4373,0.404267
9000000,53,235.309,-21678.3,52.5465,0.369533
9015000,61,268.684,-21658.1,58.6724,0.391067
9030000,56,232.004,-21690.2,55.8606,0.384919
9045000,64,290.207,-21654.7,60.4074,0.388767
9060000,54,243.726,-21686.3,48.6724,0.38185
9075000,50,212.61,-21709.5,42.3814,0.381644
9090000,57,252.503,-21681.3,58.3664,0.375067
9105000,68,303.349,-21639.3,69.6035,0.373289
9120000,70,290.379,-21639.3,68.1682,0.3866
9135000,64,273.904,-21665.9,60.4662,0.380089
9150000,66,284.26,-21670.5,49.636,0.3992
9165000,68,311.632,-21644.1,63.4687,0.386511
9180000,67,298.353,-21663.4,72.9872,0.3894
9195000,69,300.301,-21647.4,78.9877,0.389933
9210000,66,268.474,-21649.6,56.9242,0.383617
9225000,64,274.963,-21634.8,59.3847,0.3846
9240000,71,308.016,-21638.6,85.9053,0.379067
9255000,75,336.154,-21671.4,86.2222,0.394267
9270000,84,359.561,-21675.5,87.5625,0.396017
9285000,69,277.582,-21689.9,79.3938,0.4114
9300000,66,269.921,-21677.8,70.9308,0.395
9315000,62,265.962,-21663.7,50.6272,0.3942
9330000,74,332.902,-21668.3,70.0997,0.385396
9345000,73,326.841,-21682.2,64.3361,0.398644
9360000,74,325.16,-21656.7,63.8097,0.3972
9375000,68,301.463,-21660.5,55.2581,0.3994
9390000,57,246.823,-21668.8,55.6778,0.40048
9405000,59,254.482,-21674.6,65.7612,0.379333
9420000,62,274.374,-21681.6,80.9302,0.397278
9435000,56,229.804,-21705.9,57.9144,0.381733
9450000,71,300.445,-21675.7,68.4142,0.378013
9465000,59,268.243,-21691.8,75.6311,0.394089
9480000,78,352.889,-21645.3,74.2496,0.387033
9495000,51,194.303,-21685.3,50.4026,0.376117
9510000,70,297.77,-21687.8,68.7598,0.395756
9525000,74,319.746,-21694.8,77.2301,0.4086
9540000,65,287.478,-21667.8,83.4015,0.407267
9555000,69,292.07,-21674.1,56.5963,0.412067
9570000,75,319.791,-21646.8,73.052,0.380733
9585000,77,355.658,-21679.3,73.521,0.400733
9600000,83,361.456,-21672.4,85.4179,0.407133
9615000,80,354.189,-21639.3,76.0858,0.4026
9630000,76,340.022,-21655.2,93.1009,0.408467
9645000,82,369.375,-21651.4,61.7232,0.406622
9660000,63,267.629,-21666.1,49.0817,0.392885
9675000,68,308.682,-21647.2,68.7181,0.395711
9690000,72,323.655,-21637,70.3013,0.386133
9705000,84,372.934,-21654.5,90.3065,0.402
9720000,63,270.21,-21671,57.7115,0.401933
9735000,80,358.272,-21655,70.4184,0.413767
9750000,79,343.799,-21644.3,83.6635,0.414933
9765000,73,315.619,-21660,86.7664,0.3952
9780000,77,347.862,-21664.8,79.2594,0.410933
9795000,79,359.245,-21672.7,80.1493,0.382504
9810000,83,372.79,-21654.2,81.6185,0.4062
9825000,78,347.758,-21649.2,73.1304,0.404667
9840000,70,319.679,-21652.8,62.5554,0.392867
9855000,71,324.605,-21658.3,88.1675,0.396933
9870000,77,355.372,-21640.5,72.5234,0.3836
9885000,64,293.845,-21705.2,79.3634,0.397176
9900000,66,286.034,-21638.5,60.8285,0.397867
9915000,52,222.433,-21672.9,69.4663,0.3947
9930000,57,252.565,-21636.8,69.5402,0.377667
9945000,72,305.603,-21631.1,74.4446,0.374133
9960000,57,236.638,-21677,58.2729,0.390911
9975000,51,213.199,-21690.7,48.4635,0.391517
9990000,73,326.086,-21639.6,76.1683,0.378933
10005000,51,216.268,-21692.9,47.2449,0.384767
10020000,82,372.414,-21610.1,95.644,0.392667
10035000,78,339.954,-21617.5,74.5208,0.3836
10050000,53,239.618,-21688.7,55.6677,0.384578
10065000,68,306.643,-21674.5,77.2928,0.391886
10080000,72,315.271,-21640.5,93.1682,0.394822
10095000,77,331.7,-21643.9,58.321,0.399533
10110000,59,252.487,-21677.3,74.8608,0.382956
10125000,74,315.178,-21615.5,67.6311,0.394
10140000,71,302.651,-21676.3,73.9924,0.387167
10155000,56,256.184,-21679.7,79.163,0.391267
10170000,59,266.225,-21650.8,60.9744,0.392111
10185000,69,309.058,-21651.8,67.7308,0.385533
10200000,59,257.222,-21650.5,45.4044,0.386267
10215000,68,302.632,-21637.1,67.4928,0.3882
10230000,67,298.154,-21627.8,55.5782,0.377
10245000,60,259.956,-21652.9,61.1101,0.3908
10260000,74,325.808,-21640.7,77.3257,0.397467
10275000,70,312.634,-21629.7,81.5611,0.400533
10290000,69,292.581,-21646.9,82.5322,0.399533
10305000,52,223.568,-21686.4,49.7308,0.385993
10320000,62,276.241,-21656.3,61.7455,0.390633
10335000,56,239.066,-21690.2,57.214,0.3808
10350000,58,247.498,-21692.4,56.4935,0.385523
10365000,53,242.693,-21688,42.6346,0.3827
10380000,53,226.223,-21690.2,47.1535,0.375467
10395000,64,270.987,-21673.5,58.5084,0.377467
10410000,71,309.582,-21678,73.646,0.387333
10425000,61,252.581,-21653.2,36.3459,0.386952
10440000,65,263.51,-21658.3,69.818,0.3766
10455000,59,243.435,-21686.9,63.0833,0.392362
10470000,70,313.358,-21666.2,67.044,0.380283
10485000,64,285.873,-21634.2,64.378,0.375511
10500000,67,273.428,-21658.5,68.8369,0.382567
10515000,44,189.754,-21679.5,49.708,0.383533
10530000,67,309.712,-21665.5,59.8206,0.386867
10545000,73,312.208,-21636.8,80.8628,0.381367
10560000,68,295.204,-21653.4,70.2893,0.3892
10575000,60,248.061,-21662.2,47.2419,0.392867
10590000,59,261.41,-21662.7,57.7009,0.3932
10605000,51,218.17,-21709.4,53.2056,0.388378
10620000,70,307.598,-21644.1,69.3524,0.3952
10635000,71,325.519,-21637.3,65.5776,0.392867
10650000,68,310.587,-21661.8,76.6579,0.401067
10665000,71,316.031,-21648.5,65.1662,0.382822
10680000,59,245.199,-21681.5,51.9864,0.3938
10695000,67,283.449,-21655.9,71.2327,0.381467
10710000,67,288.128,-21669.2,71.5883,0.392033
10725000,63,285.68,-21654.6,55.1327,0.3824
10740000,51,229.588,-21669.1,58.3527,0.3822
10755000,61,268.301,-21673,62.9892,0.379167
10770000,54,212.936,-21676.3,53.049,0.363
10785000,53,230.902,-21667.1,50.2943,0.359133
10800000,74,323.579,-21671,80.2806,0.394877
10815000,65,292.853,-21669.5,66.5222,0.377133
10830000,84,356.698,-21666.5,68.8439,0.403133
10845000,82,360.655,-21645.1,82.8432,0.409733
10860000,91,400.874,-21680.1,96.0246,0.4168
10875000,86,386.746,-21668.9,80.1439,0.418933
10890000,69,307.552,-21684.5,82.5431,0.387933
10905000,72,312.3,-21650.1,77.8011,0.378583
10920000,67,281.759,-21677.4,55.5236,0.381067
10935000,59,267.099,-21668.6,54.5056,0.378933
10950000,64,276.811,-21667.9,55.9307,0.3748
10965000,53,231.171,-21664.6,54.1439,0.383533
10980000,54,234.671,-21687.5,65.7921,0.388505
10995000,50,225.709,-21679,42.6446,0.374022
11010000,46,213.042,-21681.6,50.0322,0.38
11025000,74,337.45,-21671.7,80.0835,0.379267
11040000,81,364.794,-21643.5,71.4761,0.405867
11055000,83,369.252,-21651.9,67.0498,0.405133
11070000,68,290.263,-21657.2,81.8711,0.387667
11085000,63,275.668,-21633,67.6657,0.3758
11100000,74,329.506,-21684.6,80.0488,0.38465
11115000,79,340.039,-21644.8,71.3572,0.3922
11130000,65,278.986,-21681.7,54.0009,0.400233
11145000,67,273.948,-21661.2,71.6722,0.39
11160000,64,266.567,-21661.2,60.076,0.398
11175000,65,276.745,-21686.9,62.6153,0.378509
11190000,78,307.036,-21664.9,74.073,0.398467
11205000,51,228.75,-21694.8,46.7166,0.395267
11220000,46,206.121,-21676.8,51.7083,0.388667
11235000,57,261.712,-21667,60.2131,0.370933
11250000,56,255.883,-21686.5,68.8694,0.3818
11265000,76,328.602,-21653,68.5041,0.386373
11280000,56,253.651,-21707.3,60.8288,0.380433
11295000,57,233.894,-21695.4,60.0175,0.382456
11310000,81,340.293,-21632.9,75.3449,0.396333
11325000,81,364.768,-21651.7,76.5635,0.4056
11340000,75,313.999,-21656.9,87.6339,0.402533
11355000,73,326.959,-21641.5,70.248,0.394533
11370000,77,317.591,-21666.5,77.496,0.389133
11385000,61,262.689,-21653,63.337,0.390467
11400000,71,310.15,-21640.3,67.662,0.382
11415000,55,235.062,-21697.5,52.5347,0.38345
11430000,72,320.113,-21643.8,64.2154,0.383867
11445000,57,249.748,-21715,46.1698,0.386406
11460000,60,262.872,-21657.1,57.5404,0.3846
11475000,64,276.207,-21660.2,68.4609,0.385733
11490000,70,295.292,-21649.6,75.08,0.387133
11505000,68,303.665,-21659.3,76.4303,0.388933
11520000,56,251.84,-21636.4,54.5497,0.376667
11535000,56,248.42,-21658.5,69.4235,0.366
11550000,68,297.031,-21652.1,70.1189,0.370333
11565000,57,246.858,-21743.3,64.0118,0.383767
11580000,61,271.787,-21689.4,58.2931,0.387006
11595000,68,302.68,-21680,69.0655,0.395467
11610000,75,316.366,-21652.7,59.1401,0.38565
11625000,89,412.557,-21629.7,81.401,0.399267
11640000,74,327.461,-21663.7,75.298,0.401178
11655000,72,320.226,-21658.2,68.7887,0.3944
11670000,76,324.039,-21637.2,75.3411,0.386178
11685000,90,394.416,-21644.9,81.6704,0.397333
11700000,89,385.117,-21667.4,81.5667,0.404933
11715000,81,355.554,-21664.6,83.158,0.420267
11730000,52,225.514,-21693,45.2939,0.391055
11745000,60,277.912,-21674.5,67.0081,0.396233
11760000,62,281.823,-21671,50.6998,0.3882
11775000,77,353.21,-21682.5,71.426,0.400117
11790000,68,307.333,-21673.8,65.4915,0.386733
11805000,73,311.065,-21657.2,65.7082,0.388
11820000,82,370.309,-21649.7,86.2462,0.3974
11835000,80,339.517,-21669.4,89.0241,0.393133
11850000,73,316.551,-21682.7,69.3673,0.389333
11865000,72,317.24,-21661.7,87.1681,0.395744
11880000,60,247.393,-21722.4,66.9288,0.386273
11895000,80,366.033,-21671.6,74.4763,0.401822
11910000,62,268.483,-21684.9,61.634,0.395267
11925000,61,253.312,-21726.1,61.27,0.399933
11940000,53,245.866,-21710.6,41.4957,0.3994
11955000,58,241.301,-21706,63.8194,0.384778
11970000,57,246.173,-21676.3,54.4353,0.389733
11985000,60,258.282,-21671.8,64.6688,0.392867
12000000,54,237.583,-21668,47.9245,0.377933
12015000,68,288.792,-21638.4,69.2769,0.38465
12030000,58,250.371,-21669,67.172,0.382867
12045000,75,318.477,-21656.4,84.8367,0.388533
12060000,75,307.175,-21640.9,86.0668,0.398533
12075000,64,278.636,-21671.7,59.5014,0.400133
12090000,72,303.839,-21654.8,86.9144,0.385
12105000,67,300.411,-21680.5,70.2241,0.395133
12120000,50,224.557,-21728,52.0615,0.387794
12135000,66,274.325,-21668.6,72.7242,0.3961
12150000,73,310.349,-21647.5,68.7057,0.397448
12165000,64,271.359,-21682.9,53.1417,0.4011
12180000,67,277.913,-21676.9,56.0441,0.398333
12195000,66,276.748,-21670.8,67.5217,0.408267
12210000,54,223.385,-21671.2,49.0676,0.3826
12225000,76,321.639,-21626.2,68.1791,0.39716
12240000,65,285.097,-21662.6,75.9629,0.380133
12255000,60,262.378,-21677.3,58.6088,0.4042
12270000,51,208.164,-21668.8,60.3347,0.369
12285000,58,247.726,-21634.9,57.4701,0.383167
12300000,62,273.602,-21641.4,62.5088,0.376933
12315000,62,261.096,-21629.8,65.9698,0.3726
12330000,62,262.109,-21654.3,55.233,0.3756
12345000,61,270.575,-21639.9,69.7726,0.382
12360000,66,299.184,-21643.6,73.7334,0.385467
12375000,73,321.389,-21656,69.6332,0.390333
12390000,74,342.637,-21635.4,69.2678,0.395333
12405000,65,273.065,-21713.2,72.6828,0.386979
12420000,68,295.435,-21635.1,71.1559,0.391833
12435000,59,252.923,-21634.3,71.2675,0.394
12450000,68,298.805,-21686.3,66.3525,0.384156
12465000,62,271.893,-21633.3,74.0361,0.374733
12480000,63,283.438,-21686.1,47.5493,0.403833
12495000,71,306.162,-21647.8,69.011,0.372033
12510000,81,351.483,-21673.1,82.6819,0.4004
12525000,68,286.917,-21667.3,66.1469,0.399867
12540000,72,325.704,-21666.4,76.8071,0.401933
12555000,79,352.753,-21644.7,78.5049,0.386833
12570000,82,366.757,-21664.9,75.231,0.397424
12585000,76,332.086,-21676.8,86.5338,0.4182
12600000,75,328.805,-21627,78.8919,0.384356
12615000,79,354.146,-21645.7,72.5208,0.402133
12630000,70,300.298,-21677.6,79.8988,0.408644
12645000,66,280.016,-21661.8,70.7364,0.3946
12660000,72,321.689,-21642,61.7422,0.3938
12675000,74,325.951,-21679.9,77.3837,0.386367
12690000,59,252.87,-21636.2,57.6288,0.377067
12705000,51,216.086,-21665.3,49.4626,0.385267
12720000,61,265.73,-21685,48.802,0.384933
12735000,71,308.83,-21661.3,82.1256,0.393667
12750000,73,321.165,-21643.1,57.4729,0.386183
12765000,61,269.104,-21643.2,65.4663,0.3792
12780000,61,269.082,-21683.7,50.9158,0.392622
12795000,63,274.404,-21668.1,55.6916,0.3846
12810000,87,378.397,-21673.1,74.5749,0.388533
12825000,79,350.468,-21698.4,67.9084,0.3998
12840000,69,309.107,-21644.1,56.0477,0.401033
12855000,60,265.035,-21686,58.1538,0.392089
12870000,74,323.566,-21664.2,80.4529,0.381
12885000,71,277.435,-21699.8,67.4558,0.4078
12900000,84,358.43,-21677.4,96.9952,0.3915
12915000,76,333.647,-21669.5,74.1693,0.3992
12930000,74,310.524,-21651.9,74.419,0.384133
12945000,53,236.003,-21676.2,59.4782,0.3969
12960000,62,248.202,-21704.5,58.2842,0.40588
12975000,65,278.041,-21701.4,57.6008,0.3943
12990000,64,290.591,-21663,54.5644,0.380717
13005000,68,315.333,-21674.9,74.4715,0.394067
13020000,73,338.835,-21693.8,74.4647,0.416467
13035000,51,218.74,-21678.9,33.7287,0.3942
13050000,57,241.982,-21681.2,54.6432,0.380333
13065000,53,241.918,-21680.3,47.7294,0.389133
13080000,57,248.559,-21699,55.6948,0.387733
13095000,66,285.754,-21674,57.4152,0.382152
13110000,60,256.502,-21671.5,58.0369,0.392867
13125000,49,221.161,-21680.2,51.0595,0.375507
13140000,64,274.318,-21689.2,64.1221,0.384033
13155000,70,333.191,-21694.1,73.4598,0.3942
13170000,66,291.646,-21678.1,57.4174,0.381356
13185000,55,239.438,-21671.4,52.2621,0.388267
13200000,59,252.842,-21691.6,53.0367,0.383092
13215000,62,269.135,-21683.9,60.4857,0.373233
13230000,56,234.703,-21697.2,54.9464,0.3957
13245000,68,311.51,-21675,68.4026,0.388089
13260000,56,255.326,-21681.5,54.456,0.387378
13275000,50,223.721,-21677.1,48.4288,0.385467
13290000,54,239.379,-21678.2,53.5575,0.376933
13305000,71,319.887,-21653.1,64.465,0.3904
13320000,63,270.32,-21680.5,69.0176,0.388683
13335000,80,366.816,-21652.4,95.5659,0.4047
13350000,76,325.606,-21678.9,62.4037,0.399883
13365000,80,353.429,-21670.6,87.7923,0.415267
13380000,85,379.23,-21666.1,86.2716,0.407667
13395000,83,381.276,-21658.9,71.1835,0.409267
13410000,80,359.726,-21665.5,99.2323,0.413067
13425000,61,271.525,-21661.8,60.3399,0.388744
13440000,79,353.357,-21671.9,86.632,0.418667
13455000,59,261.59,-21680.9,63.1941,0.3906
13470000,90,418.221,-21658.3,100.78,0.4149
13485000,79,345.034,-21673.5,78.7157,0.413467
13500000,72,316.092,-21659,79.8863,0.398867
13515000,65,281.129,-21664.3,67.2618,0.393867
13530000,65,289.699,-21678,64.4396,0.38408
13545000,65,273.155,-21700.7,64.8493,0.391933
13560000,59,270.72,-21700.7,47.4061,0.395888
13575000,57,243.178,-21682.3,71.7342,0.402933
13590000,64,278.251,-21698.9,60.4186,0.388667
13605000,63,273.252,-21694.8,56.7236,0.394867
13620000,76,330.529,-21676.8,75.5019,0.402124
13635000,51,213.719,-21663.6,55.2993,0.379056
13650000,62,265.31,-21667.5,70.7596,0.4081
13665000,67,285.077,-21707.1,59.2734,0.387833
13680000,49,217.322,-21696.7,46.7551,0.389227
13695000,66,283.486,-21679.1,65.0536,0.399767
13710000,71,310.884,-21689.4,66.9188,0.4044
13725000,62,274.969,-21678.5,61.7674,0.395978
13740000,64,260.012,-21672,82.1281,0.395811
13755000,72,307.556,-21714.9,71.274,0.407533
13770000,62,269.284,-21649.8,78.4857,0.400267
13785000,57,244.347,-21684.1,48.8844,0.393253
13800000,53,226.641,-21685,78.2265,0.387667
13815000,68,292.911,-21676.1,78.1615,0.399311
13830000,72,318.493,-21666.4,65.5853,0.3885
13845000,74,336.679,-21675.5,76.7352,0.400967
13860000,76,327.511,-21625.9,69.7047,0.3855
13875000,74,314.124,-21661.5,78.5158,0.4008
13890000,69,313.599,-21639.2,63.8208,0.381667
13905000,67,297.503,-21672.7,84.433,0.384267
13920000,76,335.581,-21636.6,95.8195,0.397587
13935000,69,311.879,-21655,62.7564,0.3858
13950000,70,296.949,-21665.5,63.3688,0.4068
13965000,66,301.013,-21653.4,63.6769,0.3936
13980000,68,297.372,-21657.2,61.4876,0.3924
13995000,58,277.796,-21670.7,64.3878,0.3936
14010000,68,307.008,-21631.2,73.0287,0.386767
14025000,73,314.891,-21652.1,72.2976,0.394667
14040000,53,227.13,-21647.1,57.8391,0.388356
14055000,53,231.612,-21685.4,46.1569,0.38998
14070000,71,284.789,-21656.1,68.9492,0.3844
14085000,70,291.723,-21655.1,69.7774,0.3914
14100000,55,234.98,-21674.9,56.6079,0.3878
14115000,75,313.137,-21647.7,65.5217,0.3936
14130000,79,335.91,-21642.9,82.1615,0.386667
14145000,74,323.868,-21661.1,88.8847,0.390889
14160000,75,312.16,-21640.3,78.0955,0.401933
14175000,57,254.935,-21693.7,58.8548,0.389358
14190000,72,303.129,-21674,73.1394,0.395867
14205000,74,320.339,-21664.9,65.1949,0.4044
14220000,57,259.416,-21662.4,61.1568,0.396
14235000,72,289.914,-21677.1,69.6249,0.398417
14250000,61,263.313,-21696.2,50.51,0.399267
14265000,67,294.439,-21664.5,79.5712,0.39355
14280000,68,310.85,-21681.5,78.7699,0.3964
14295000,55,227.36,-21678.7,62.3342,0.3894
14310000,59,261.134,-21701.1,64.6767,0.386833
14325000,59,260.22,-21692.5,50.1175,0.39244
14340000,69,283.525,-21686,79.906,0.395333
14355000,64,276.438,-21679.3,65.2149,0.409067
14370000,68,300.508,-21703.5,73.7046,0.400583
14385000,65,278.494,-21697.2,64.3183,0.400433
14400000,56,262.232,-21702.8,64.7095,0.39424
14415000,50,209.256,-21694.3,58.7165,0.386567
14430000,64,274.493,-21686.7,60.1088,0.388483
14445000,68,292.659,-21679.1,75.5784,0.392422
14460000,52,226.355,-21681.5,48.3339,0.39
14475000,59,255.658,-21691.6,45.2512,0.401567
14490000,61,276.201,-21679,79.7687,0.393667
14505000,66,285.283,-21671.2,57.0029,0.395
14520000,68,282.419,-21682.6,61.5137,0.399067
14535000,69,312.716,-21696.4,77.5882,0.410733
14550000,57,232.081,-21672.5,62.0655,0.384533
14565000,73,334.431,-21664.5,85.8027,0.383747
14580000,85,357.16,-21671.6,83.1481,0.4028
14595000,77,338.83,-21647.7,72.9993,0.390333
14610000,75,331.58,-21634.7,76.6406,0.401533
14625000,74,348.105,-21615.9,84.6372,0.393533
14640000,72,315.648,-21642.8,65.3317,0.380733
14655000,73,337.376,-21648.9,71.4893,0.3954
14670000,68,287.395,-21678.5,72.6668,0.400067
14685000,77,332.093,-21667.3,69.8856,0.392467
14700000,58,241.626,-21705.7,56.2593,0.385333
14715000,61,283.102,-21682.5,60.3111,0.401133
14730000,54,243.165,-21683.6,64.7364,0.3922
14745000,62,273.658,-21706.3,56.8619,0.391633
14760000,59,263.77,-21694.4,61.6381,0.38385
14775000,57,246.89,-21703.6,52.4149,0.391533
14790000,66,284.571,-21662,66.5621,0.403667
14805000,59,250.081,-21696.7,62.8634,0.397333
14820000,62,272.478,-21720.5,58.9776,0.398267
14835000,58,257.512,-21711.6,57.7081,0.385476
14850000,60,268.039,-21716.8,56.4663,0.3974
14865000,56,241.294,-21704.6,55.4724,0.391933
14880000,62,267.101,-21686.9,66.7638,0.393322
14895000,47,206.144,-21723.7,45.7311,0.3724
14910000,56,245.153,-21729.4,60.6154,0.378733
14925000,46,190.379,-21696.2,45.5062,0.388467
14940000,51,205.757,-21702.5,54.7214,0.3962
14955000,45,207.895,-21671.9,54.1457,0.37908
14970000,57,256.963,-21699.1,48.5319,0.382083
14985000,57,272.26,-21703.4,51.1443,0.387133
15000000,67,279.512,-21677.9,50.3179,0.38455
15015000,65,282.259,-21675.1,68.8199,0.3874
15030000,71,288.381,-21645.7,81.1265,0.375667
15045000,72,310.165,-21667.5,77.6232,0.3814
15060000,80,336.216,-21664.7,61.7285,0.397733
15075000,55,249.45,-21687.4,57.8017,0.377433
15090000,86,358.774,-21669.3,75.8566,0.4001
15105000,61,258.552,-21690,63.1725,0.3812
15120000,64,279.108,-21695.1,45.8403,0.380558
15135000,54,236.307,-21689.3,55.4918,0.370067
15150000,50,227.173,-21691,66.4536,0.383378
15165000,82,346.208,-21670.1,74.3348,0.395227
15180000,71,310.706,-21673.8,75.6009,0.3908
15195000,63,265.326,-21668.2,59.8686,0.393
15210000,64,265.282,-21672.1,61.9149,0.406133
15225000,62,271.159,-21676.8,72.4762,0.382022
15240000,68,300.871,-21650.9,65.9983,0.405467
15255000,66,287.233,-21641.6,48.9614,0.3856
15270000,66,304.907,-21638.5,59.6737,0.384733
15285000,59,249.136,-21685.8,69.8739,0.374437
15300000,73,313.338,-21660.5,68.5429,0.386833
15315000,65,299.145,-21686.3,74.532,0.395533
15330000,68,290.57,-21653.1,83.4225,0.393133
15345000,76,330.778,-21646.4,70.0614,0.4022
15360000,71,308.935,-21678.3,60.9146,0.403033
15375000,71,314.559,-21627.6,58.3599,0.3873
15390000,63,280.543,-21645.6,65.0557,0.3884
15405000,69,303.486,-21651.8,56.4293,0.392733
15420000,60,256.311,-21667.8,60.827,0.378667
15435000,62,269.863,-21631.9,58.6949,0.374667
15450000,59,272.365,-21689.4,43.8693,0.3766
15465000,74,329.867,-21653.6,69.6806,0.383633
15480000,80,354.697,-21647.9,76.1569,0.400333
15495000,80,331.612,-21669.1,81.9597,0.3858
15510000,63,272.714,-21658.8,61.7745,0.3941
15525000,62,268.107,-21663,92.0712,0.379433
15540000,59,259.676,-21648.8,68.9901,0.3734
15555000,73,321.078,-21664.3,83.6772,0.391433
15570000,69,312.036,-21667.6,59.7406,0.397786
15585000,69,303.181,-21659.6,62.4773,0.396367
15600000,74,318.342,-21648.6,63.0163,0.399467
15615000,64,280.247,-21669.1,71.0635,0.3752
15630000,60,265.266,-21644,58.8727,0.377867
15645000,70,304.762,-21646.4,71.2797,0.373967
15660000,62,277.076,-21659.4,54.6291,0.382358
15675000,74,340.867,-21674.3,65.4437,0.384533
15690000,63,278.118,-21648.4,68.507,0.383222
15705000,63,282.247,-21642,57.552,0.378267
15720000,72,314.229,-21652.8,81.8582,0.383733
15735000,60,266.68,-21638.7,53.2331,0.374253
15750000,74,327.163,-21658.6,63.1308,0.388633
15765000,77,356.685,-21664.6,71.4987,0.394367
15780000,58,264.571,-21655.1,42.7685,0.392333
15795000,65,289.578,-21661.5,65.9207,0.37665
15810000,62,280.554,-21669.3,70.9906,0.393833
15825000,61,260.623,-21664,57.5957,0.393533
15840000,64,279.456,-21647.7,75.5632,0.39168
15855000,57,247.816,-21653.9,62.7179,0.388033
15870000,54,242.906,-21670.8,57.4692,0.368567
15885000,54,234.661,-21680.5,73.6332,0.371867
15900000,61,252.218,-21677.8,65.1136,0.3713
15915000,60,260.697,-21675.2,69.4874,0.384233
15930000,59,264.42,-21686.2,57.7853,0.3888
15945000,63,277.883,-21674.5,66.9335,0.387733
15960000,74,319.583,-21694.2,85.077,0.4068
15975000,76,332.682,-21689.4,106.6,0.400733
15990000,58,257.346,-21661.8,78.1206,0.405
16005000,55,250.318,-21677.8,43.8472,0.377267
16020000,60,252.732,-21666,53.4183,0.3872
16035000,62,266.952,-21674.6,77.426,0.381781
16050000,63,268.448,-21658.5,46.6569,0.386833
16065000,55,252.018,-21677.9,69.6476,0.3742
16080000,53,232.057,-21668.2,60.4844,0.391067
16095000,61,267.988,-21687.7,50.1181,0.3876
16110000,55,247.263,-21679.3,62.5541,0.3858
16125000,58,260.398,-21681.9,63.246,0.381867
16140000,52,218.477,-21699.9,48.529,0.392244
16155000,53,242.965,-21693.9,50.8498,0.390333
16170000,59,267.369,-21675.7,59.7752,0.382178
16185000,68,295.87,-21659.3,59.3555,0.3844
16200000,76,311.42,-21636,79.4791,0.3876
16215000,81,353.658,-21630,74.7905,0.3948
16230000,78,352.203,-21652.2,80.5797,0.385267
16245000,73,316.284,-21654.9,75.0795,0.4002
16260000,67,293.799,-21651.4,68.4015,0.377
16275000,62,261.912,-21662.1,67.4555,0.3762
16290000,75,334.705,-21661.7,62.0335,0.3918
16305000,69,306.336,-21666.6,69.0819,0.391133
16320000,75,313.062,-21646.6,77.9849,0.388133
16335000,71,316.394,-21642.9,69.7443,0.392533
16350000,57,257.496,-21658.7,68.21,0.386783
16365000,62,266.655,-21673,56.4299,0.383067
16380000,74,310.672,-21645.9,88.3122,0.3952
16395000,66,276.287,-21666.2,78.8473,0.389867
16410000,65,261.899,-21671.5,65.4698,0.392133
16425000,55,250.484,-21712.1,56.993,0.380544
16440000,77,328.077,-21691,96.5345,0.397233
16455000,52,240.253,-21642.2,49.1221,0.372827
16470000,62,268.63,-21633.1,66.4294,0.365533
16485000,70,300.6,-21639.4,73.533,0.387667
16500000,66,297.436,-21654.7,72.6434,0.3992
16515000,60,258.466,-21630.9,66.1456,0.380033
16530000,64,277.263,-21674,62.6905,0.390567
16545000,66,284.945,-21676.7,75.7879,0.3814
16560000,81,370.215,-21653.1,68.7739,0.401867
16575000,71,314.595,-21676,52.6206,0.415067
16590000,71,330.372,-21676.4,70.4158,0.381133
16605000,66,296.86,-21669.5,61.9861,0.394
16620000,61,269.857,-21666.3,67.5687,0.392822
16635000,70,313.833,-21715.8,70.8888,0.394833
16650000,53,233.927,-21667.4,51.6595,0.380449
16665000,82,344.846,-21699.5,90.5041,0.413333
16680000,62,266.945,-21675.3,51.407,0.396933
16695000,91,383.17,-21643.7,83.1335,0.394773
16710000,86,388.69,-21635.2,83.406,0.424467
16725000,73,306.802,-21649.2,85.6811,0.378027
16740000,64,279.421,-21655.5,76.7737,0.400383
16755000,59,249.831,-21632.1,68.083,0.3789
16770000,65,285.721,-21682.3,62.2557,0.404133
16785000,73,325.198,-21633,87.8947,0.379733
16800000,68,294.706,-21669.9,77.3759,0.396767
16815000,75,330.065,-21664.3,80.5218,0.395533
16830000,74,330.126,-21632.7,83.5689,0.377467
16845000,48,210.646,-21677.6,41.5225,0.374714
16860000,76,335.608,-21690.6,66.6907,0.402667
16875000,79,347.893,-21690.4,69.2368,0.406067
16890000,64,268.061,-21633.2,54.4018,0.386033
16905000,56,247.291,-21677.3,71.1539,0.38595
16920000,72,318.228,-21625.1,96.014,0.3793
16935000,57,243.469,-21691.8,55.4837,0.397833
16950000,72,316.545,-21678.9,62.3265,0.387489
16965000,57,256.058,-21693.4,57.1114,0.3947
16980000,78,341.856,-21693,87.3657,0.4045
16995000,58,260.762,-21692.3,57.1297,0.391233
17010000,69,287.749,-21638.5,71.7544,0.395078
17025000,65,282.049,-21691.4,59.503,0.409578
17040000,68,298.192,-21660.1,69.0607,0.396267
17055000,79,349.478,-21638.9,80.0769,0.3852
17070000,67,297.94,-21659.1,82.3544,0.3926
17085000,71,306.503,-21663,69.7752,0.390067
17100000,65,280.304,-21661.5,54.6815,0.386467
17115000,57,227.199,-21687.3,53.1079,0.383667
17130000,63,255.147,-21657,76.1003,0.388222
17145000,73,337.854,-21684.9,64.0003,0.385347
17160000,71,289.298,-21661,59.8463,0.3894
17175000,49,227.433,-21665.4,44.4594,0.389767
17190000,69,301.868,-21684.7,60.1862,0.392778
17205000,70,310.184,-21657.1,67.76,0.383933
17220000,72,327.028,-21692.2,68.9449,0.3959
17235000,56,242.254,-21683.6,57.2682,0.402
17250000,69,300.359,-21670.9,69.7515,0.397133
17265000,84,374.058,-21696.5,87.8181,0.4142
17280000,63,264.77,-21689.3,57.3168,0.391533
17295000,62,291.053,-21677,59.5225,0.409733
17310000,59,264.505,-21704.8,50.3515,0.399867
17325000,56,235.48,-21677.9,62.4669,0.386667
17340000,75,316.487,-21686.7,68.8522,0.401941
17355000,59,249.251,-21693.4,57.9108,0.38336
17370000,62,257.572,-21680.4,58.1031,0.401633
17385000,59,266.924,-21644,57.53,0.379133
17400000,56,249.774,-21665.7,62.1021,0.365267
17415000,46,193.407,-21727.6,38.9863,0.380867
17430000,49,205.75,-21705.5,54.2022,0.3918
17445000,59,256.278,-21688.8,78.4422,0.379689
17460000,69,304.623,-21680.5,75.5665,0.3874
17475000,76,332.805,-21710.8,75.3827,0.392567
17490000,50,221.101,-21716.7,46.3151,0.395733
17505000,51,212.864,-21666.8,53.5375,0.375867
17520000,74,337.256,-21677.8,49.3015,0.399533
17535000,68,284.491,-21682.9,71.066,0.404
17550000,52,216.449,-21700.9,46.0633,0.390413
17565000,54,236.68,-21665.9,45.1792,0.3864
17580000,73,314.463,-21691.1,62.2103,0.402222
17595000,57,247.831,-21680.7,52.8018,0.3826
17610000,64,290.382,-21662.3,72.4447,0.4045
17625000,60,266.634,-21663.7,82.3767,0.384467
17640000,63,291.281,-21664.9,57.5477,0.377956
17655000,60,265.275,-21664,47.0075,0.3858
17670000,80,364.182,-21660.8,72.7628,0.404267
17685000,61,276.028,-21668.9,55.141,0.3966
17700000,64,277.966,-21668.3,65.8025,0.39555
17715000,72,328.427,-21677.1,77.2021,0.388733
17730000,67,289.177,-21659.6,70.7309,0.3968
17745000,62,275.159,-21664.9,55.3127,0.383667
17760000,66,297.41,-21664.8,65.3089,0.375
17775000,59,269.531,-21683.7,64.3315,0.39008
17790000,67,296.929,-21663.2,57.2969,0.389033
17805000,68,288.366,-21672.5,49.7833,0.3864
17820000,82,363.03,-21655.9,84.652,0.391659
17835000,88,380.54,-21669.1,90.089,0.412067
17850000,76,336.597,-21650.9,80.5735,0.399333
17865000,84,367.289,-21636.9,71.6909,0.3946
17880000,72,310.806,-21627.1,74.954,0.396267
17895000,74,330.414,-21633.4,91.749,0.393867
17910000,80,365.342,-21616.3,66.5669,0.402533
17925000,84,369.589,-21629.7,90.3218,0.411467
17940000,54,235.969,-21680,56.7865,0.394881
17955000,70,319.163,-21672.5,67.0058,0.39075
17970000,74,349.375,-21670.7,76.3789,0.398822
17985000,73,311.857,-21652.2,71.7772,0.4
18000000,62,274.114,-21702.5,47.0145,0.400044
18015000,66,271.321,-21691,58.7683,0.39316
18030000,72,325.286,-21650.2,82.2797,0.396156
18045000,73,332.734,-21654.6,72.0763,0.398267
18060000,62,259.135,-21664.7,75.1599,0.401756
18075000,80,354.97,-21670,78.3076,0.385027
18090000,66,292.715,-21656.3,73.1955,0.398067
18105000,65,292.933,-21650.9,55.8299,0.3967
18120000,56,246.132,-21649,55.8494,0.384817
18135000,69,310.068,-21667.1,50.8946,0.386233
18150000,72,325.242,-21651.3,78.9753,0.399267
18165000,81,339.996,-21645.9,79.245,0.398333
18180000,69,302.71,-21653.9,69.8576,0.3962
18195000,74,314.849,-21643.9,63.9319,0.385867
18210000,69,318.018,-21656.7,66.239,0.395933
18225000,63,288.57,-21668.3,58.2919,0.384476
18240000,55,239.736,-21660.8,58.5288,0.3896
18255000,54,242.482,-21696.7,61.9096,0.3832
18270000,70,315.713,-21672.9,63.1628,0.391367
18285000,66,299.014,-21672,62.1087,0.412867
18300000,75,332.242,-21667.2,82.8094,0.393
18315000,73,322.389,-21646.7,76.0176,0.4118
18330000,65,291.087,-21663.2,71.5221,0.398867
18345000,85,384.151,-21670.3,95.6886,0.409267
18360000,59,255.202,-21680.1,44.1612,0.393048
18375000,48,197.052,-21703.9,45.5803,0.379035
18390000,68,304.07,-21660.3,69.2197,0.398622
18405000,55,213.516,-21668.4,53.8388,0.383067
18420000,58,250.735,-21674.8,62.5351,0.375233
18435000,69,278.768,-21667.7,69.1492,0.379133
18450000,81,360.208,-21646,88.2361,0.390683
18465000,69,333.728,-21683.3,74.1137,0.367489
18480000,62,288,-21672,61.471,0.3948
18495000,68,312.381,-21645.2,77.321,0.3888
18510000,72,319.196,-21642.7,68.4857,0.389133
18525000,64,299.832,-21647.3,66.2212,0.383267
18540000,65,293.944,-21661,56.2929,0.379333
18555000,62,282.012,-21683.2,52.8117,0.375
18570000,62,271.193,-21658.7,60.8631,0.384
18585000,64,282.546,-21679.1,57.8655,0.386827
18600000,54,236.597,-21670.9,47.4862,0.379067
18615000,54,244.414,-21684.2,60.0628,0.380044
18630000,62,277.416,-21660.3,60.3266,0.394667
18645000,77,338.89,-21662.4,79.1825,0.402267
18660000,68,288.709,-21677.4,66.8745,0.399733
18675000,63,271.717,-21707.5,71.6493,0.393005
18690000,74,341.643,-21657.9,70.8804,0.386456
18705000,55,241.014,-21696.8,60.4456,0.383067
18720000,64,274.162,-21657.8,61.3271,0.384
18735000,58,252.096,-21654.4,57.0842,0.369867
18750000,74,342.321,-21665.6,66.5705,0.3854
18765000,73,323.764,-21659.1,74.7521,0.392933
18780000,77,338.925,-21628.9,81.7908,0.403
18795000,79,372.959,-21659.3,78.041,0.3944
18810000,66,285.857,-21664,67.4682,0.399933
18825000,71,307.388,-21642.2,68.2743,0.3986
18840000,68,302.192,-21689.2,57.5037,0.392111
18855000,67,299.502,-21645.5,67.5348,0.380567
18870000,61,262.104,-21679.8,65.9984,0.400833
18885000,64,257.228,-21664.5,62.1792,0.395538
18900000,70,302.85,-21638.5,82.142,0.386089
18915000,70,308.301,-21653.5,94.588,0.3942
18930000,61,266.867,-21643.3,68.4222,0.3858
18945000,58,263.099,-21683.8,68.3054,0.387053
18960000,57,239.738,-21654.8,45.5778,0.394267
18975000,64,285.495,-21694.2,57.5551,0.393167
18990000,57,242.57,-21683.3,64.6906,0.390133
19005000,50,220.652,-21682.1,41.4951,0.368893
19020000,56,243.117,-21685.6,51.891,0.376933
19035000,47,204.602,-21686.1,39.3425,0.3668
19050000,53,239.99,-21726.1,46.813,0.387867
19065000,53,236.65,-21686,61.2744,0.363767
19080000,57,249.839,-21677.8,67.4586,0.38381
19095000,56,234.157,-21662.7,57.5235,0.3621
19110000,70,305.758,-21675.6,71.4386,0.396267
19125000,69,297.344,-21666.9,66.356,0.387822
19140000,55,230.274,-21659.4,55.3043,0.3856
19155000,74,330.273,-21650.3,63.1507,0.394444
19170000,56,238.62,-21692.8,67.4312,0.383767
19185000,63,276.839,-21655.7,67.3638,0.390767
19200000,61,268.598,-21701,62.2619,0.387333
19215000,68,291.967,-21665.4,60.6622,0.38
19230000,65,281.022,-21662.7,81.1576,0.384067
19245000,67,284.044,-21658.4,72.4868,0.3788
19260000,70,312.7,-21637.7,76.5424,0.3788
19275000,68,296.291,-21655.3,78.8921,0.389267
19290000,62,279.954,-21647.7,73.2737,0.371133
19305000,78,322.605,-21665,72.4045,0.391333
19320000,80,362.138,-21646.2,69.1807,0.402667
19335000,58,260.031,-21667.4,59.1894,0.386015
19350000,65,273.635,-21651.4,50.1283,0.392967
19365000,68,277.569,-21659.1,59.4887,0.373267
19380000,70,314.01,-21652.9,67.687,0.386333
19395000,63,281.976,-21670.8,60.6005,0.3904
19410000,54,228.63,-21682.1,55.5554,0.382533
19425000,55,230.957,-21661.4,69.559,0.374067
19440000,56,254.098,-21645,58.5171,0.370733
19455000,52,224.638,-21700.2,53.1425,0.385936
19470000,59,260.332,-21664.3,64.5387,0.366267
19485000,41,179.742,-21714,39.3492,0.377433
19500000,88,383.984,-21690.3,90.3265,0.374522
19515000,58,245.915,-21675.9,55.1933,0.3966
19530000,65,276.997,-21684.3,68.3473,0.374133
19545000,55,231.855,-21674.5,54.7783,0.37748
19560000,66,279.538,-21671,77.2726,0.3826
19575000,53,212.075,-21685,61.9379,0.372033
19590000,53,236.689,-21693.8,65.5984,0.386433
19605000,56,246.916,-21706.6,61.2487,0.385017
19620000,56,236.814,-21676.6,60.6122,0.384178
19635000,66,292.616,-21667.9,54.8353,0.382867
19650000,66,286.002,-21682.7,62.5228,0.394667
19665000,66,304.256,-21655.4,53.2676,0.3884
19680000,65,280.457,-21672.8,80.8934,0.39568
19695000,69,315.477,-21691.6,67.632,0.385033
19710000,64,274.139,-21667,65.1774,0.393667
19725000,59,261.727,-21657.5,53.7767,0.381133
19740000,69,307.813,-21679.5,65.2067,0.402133
19755000,67,296.049,-21659.2,73.1376,0.401067
19770000,65,263.432,-21664.2,80.1859,0.385144
19785000,65,284.489,-21677.3,62.6372,0.3993
19800000,68,296.752,-21678.1,73.4344,0.389733
19815000,58,264.795,-21667.1,72.2085,0.377262
19830000,66,293.057,-21664,64.4528,0.374067
19845000,59,230.046,-21693.1,64.8575,0.374533
19860000,79,359.617,-21664.1,99.8911,0.399767
19875000,97,433.783,-21653,78.9745,0.413467
19890000,98,421.238,-21640.3,101.906,0.405867
19905000,79,334.973,-21627.8,104.653,0.404667
19920000,75,340.148,-21642.4,79.3357,0.3938
19935000,57,245.089,-21680.5,65.7117,0.3814
19950000,63,270.472,-21637.6,55.0192,0.384833
19965000,79,356.155,-21668.6,79.0227,0.398261
19980000,81,354.631,-21640,79.4697,0.414133
19995000,78,338.566,-21647.7,81.4701,0.399267
20010000,82,347.958,-21640.1,70.737,0.411933
20025000,63,275.909,-21665.2,60.9683,0.37976
20040000,75,335.14,-21692,65.3292,0.411667
20055000,78,347.866,-21662.3,81.1246,0.387667
20070000,80,340.044,-21659.8,91.6952,0.411067
20085000,67,304.856,-21666.3,79.468,0.402133
20100000,70,307.193,-21671.2,66.8944,0.39455
20115000,57,251.219,-21678.9,56.5314,0.383733
20130000,56,229.183,-21661.5,67.3404,0.377467
20145000,67,295.732,-21672.9,53.2047,0.380033
20160000,60,268.394,-21672,83.7893,0.374533
20175000,60,251.974,-21678.4,57.5278,0.3933
20190000,46,210.55,-21693.8,51.8619,0.3808
20205000,60,264.652,-21713.9,58.5291,0.386448
20220000,53,221.326,-21702.2,59.1336,0.384333
20235000,61,242.525,-21690.4,63.7433,0.375813
20250000,47,220.395,-21703.3,49.07,0.373583
20265000,63,282.701,-21673,65.4764,0.3864
20280000,55,232.306,-21692,68.5053,0.383378
20295000,70,304.904,-21689.7,59.4112,0.399067
20310000,78,349.786,-21669.2,80.2983,0.410333
20325000,51,228.063,-21687.2,49.7879,0.379022
20340000,64,284.215,-21676.6,60.136,0.4108
20355000,76,328.261,-21661,65.4768,0.387533
20370000,60,267.44,-21701.5,65.9971,0.385767
20385000,78,347.892,-21649.7,85.8042,0.396467
20400000,75,328.393,-21671.3,69.2322,0.391233
20415000,57,263.709,-21676.3,64.0859,0.3912
20430000,50,198.88,-21693.1,60.6169,0.383544
20445000,68,295.411,-21657.6,73.7103,0.380633
20460000,76,344.558,-21632.8,84.0668,0.3918
20475000,91,394.35,-21665.5,81.7042,0.3968
20490000,63,272.979,-21627.9,48.9109,0.385133
20505000,79,353.511,-21668,88.152,0.400033
20520000,76,315.655,-21642.5,85.7453,0.386567
20535000,87,380.102,-21655.1,77.1865,0.399
20550000,73,314.024,-21683.9,79.2413,0.385967
20565000,69,311.178,-21656.3,76.4695,0.388533
20580000,67,294.088,-21681.3,72.7038,0.395413
20595000,75,296.769,-21685,75.8153,0.407733
20610000,95,422.873,-21650.6,106.073,0.400822
20625000,83,374.462,-21647.2,93.7874,0.403467
20640000,84,367.609,-21642.3,96.4045,0.401622
20655000,77,309.052,-21634.9,72.2757,0.396933
20670000,78,334.784,-21625.9,85.5375,0.4028
20685000,80,339.891,-21665.4,74.8236,0.405778
20700000,81,349.82,-21652.2,103.752,0.409667
20715000,70,316.792,-21648.4,70.9689,0.395822
20730000,68,303.602,-21631.8,64.9559,0.39595
20745000,55,243.241,-21642.3,53.4627,0.3824
20760000,66,283.444,-21636.4,54.7486,0.3708
20775000,75,329.752,-21674.6,66.658,0.395507
20790000,73,306.706,-21658.6,73.3197,0.411067
20805000,50,209.362,-21655.2,55.987,0.376267
20820000,62,270.513,-21673.2,57.5396,0.371867
20835000,52,236.906,-21696.6,41.0799,0.377733
20850000,54,225.841,-21658.8,56.2097,0.3856
20865000,62,263.142,-21684.9,54.1368,0.3762
20880000,62,273.184,-21688.1,65.716,0.399933
20895000,59,267.779,-21667.6,69.6657,0.387027
20910000,62,279.775,-21698.9,69.9034,0.396633
20925000,47,203.824,-21695.3,41.4144,0.394467
20940000,64,276.151,-21670.5,56.7634,0.37601
20955000,73,330.913,-21667,81.7961,0.3834
20970000,53,229.768,-21681,57.6851,0.383644
20985000,71,309.436,-21644.9,71.6516,0.388867
21000000,65,288.863,-21625.5,62.6156,0.3916
21015000,72,303.737,-21628.9,79.2601,0.391467
21030000,71,318.858,-21650.1,62.2069,0.3902
21045000,72,300.13,-21684.6,65.3974,0.388689
21060000,78,352.543,-21635.7,98.2432,0.407
21075000,86,371.739,-21650.3,91.1379,0.410533
21090000,80,335.677,-21629.7,79.196,0.4116
21105000,55,226.16,-21702,55.3057,0.384133
21120000,83,346.935,-21625.1,76.2643,0.4066
21135000,79,353.034,-21650.7,66.8714,0.399133
21150000,77,339.337,-21669.7,80.7709,0.3868
21165000,65,275.929,-21637.5,68.7642,0.395867
21180000,66,277.685,-21684.9,67.8416,0.384196
21195000,64,281.911,-21648.5,53.3073,0.379633
21210000,61,270.803,-21665.9,64.2289,0.3888
21225000,65,269.945,-21640,62.5545,0.386067
21240000,54,244.35,-21658.5,61.2146,0.379304
21255000,70,304.75,-21654.8,70.296,0.387567
21270000,71,322.203,-21667.9,61.9329,0.383489
21285000,89,379.209,-21637.4,94.4409,0.3891
21300000,70,314.481,-21654,63.5356,0.381133
21315000,59,257.788,-21680.5,62.7069,0.386911
21330000,71,315.643,-21651.6,62.1717,0.3919
21345000,71,313.507,-21655.8,68.935,0.402533
21360000,55,245.282,-21680.9,54.7655,0.3858
21375000,56,246.837,-21676,59.8128,0.381933
21390000,53,234.293,-21677.1,49.7102,0.380667
21405000,54,239.307,-21691.6,53.9635,0.3749
21420000,52,228.187,-21707.8,45.2969,0.378133
21435000,49,234.73,-21696.5,44.1077,0.3832
21450000,66,278.085,-21673.1,68.7967,0.388281
21465000,71,299.609,-21662.8,71.3347,0.388933
21480000,55,233.78,-21695.8,46.1507,0.371311
21495000,69,300.224,-21656.8,56.0709,0.386438
21510000,79,345.778,-21672.5,92.4612,0.404133
21525000,67,290.512,-21642.3,73.9285,0.389067
21540000,71,311.101,-21659.5,66.8437,0.3914
21555000,57,259.29,-21666.8,56.7597,0.383467
21570000,71,311.059,-21679.6,74.3823,0.400267
21585000,66,283.44,-21665.4,62.3181,0.389667
21600000,52,227.327,-21674.7,54.9,0.383615
21615000,56,226.975,-21692.6,48.4896,0.380933
21630000,58,254.227,-21666.7,59.2667,0.380711
21645000,60,264.103,-21695.4,44.635,0.383733
21660000,62,259.625,-21665.7,69.2371,0.392533
21675000,57,232.258,-21675.4,52.6797,0.382967
21690000,67,282.439,-21690.3,71.3319,0.386267
21705000,55,236.395,-21695.6,67.5136,0.378027
21720000,65,287.743,-21653.7,71.9112,0.3897
21735000,81,344.313,-21645,86.1256,0.387933
21750000,73,302.762,-21643.9,88.5109,0.392867
21765000,68,280.035,-21667.6,58.9458,0.3786
21780000,74,297.106,-21641.3,66.8456,0.405867
21795000,66,285.49,-21652.7,69.1236,0.3866
21810000,67,274.568,-21648.3,59.6163,0.387467
21825000,75,313.076,-21653.9,65.5739,0.379422
21840000,63,288.961,-21682.4,50.4901,0.38277
21855000,62,259.372,-21636.7,50.1311,0.3972
21870000,72,328.16,-21654.3,68.4015,0.390967
21885000,76,332.427,-21642.7,67.963,0.393667
21900000,79,342.732,-21649.4,94.9121,0.3964
21915000,70,300.207,-21674.3,86.4111,0.397683
21930000,68,299.816,-21663.9,61.8746,0.395333
21945000,54,222.591,-21676.4,59.7899,0.382933
21960000,70,320.522,-21644.7,59.3685,0.385192
21975000,56,242.785,-21665.1,49.5255,0.389867
21990000,67,299.704,-21670.5,71.7734,0.377733
22005000,75,315.794,-21640.3,60.8676,0.39285
22020000,73,333.451,-21642.4,67.7039,0.4005
22035000,75,321.563,-21661.4,72.8008,0.391363
22050000,74,317.734,-21654.8,88.6399,0.3974
22065000,70,304.973,-21654.8,81.9464,0.397
22080000,60,257.64,-21644.6,57.9712,0.392933
22095000,59,249.892,-21647.4,59.0519,0.3774
22110000,60,236.623,-21661,56.4549,0.380543
22125000,55,246.729,-21663.1,61.5319,0.385933
22140000,56,250.139,-21667.4,47.6282,0.380853
22155000,68,296.1,-21679.4,53.7091,0.3869
22170000,63,274.055,-21632.6,63.7596,0.380767
22185000,80,343.945,-21633.2,84.2472,0.387627
22200000,77,342.873,-21660.6,72.6496,0.382533
22215000,70,306.554,-21655,60.2925,0.400467
22230000,63,266.854,-21635.3,67.1381,0.387378
22245000,65,288.899,-21672.8,70.7348,0.375667
22260000,78,332.457,-21641.3,69.4433,0.389267
22275000,75,319.911,-21666.7,89.4003,0.38725
22290000,72,314.043,-21653.1,83.0565,0.399867
22305000,71,307.829,-21656.7,71.7218,0.3912
22320000,91,405.746,-21652,91.5412,0.399889
22335000,65,282.026,-21627.7,66.4239,0.3983
22350000,77,328.69,-21643.8,70.1877,0.4078
22365000,67,295.593,-21643.1,72.7018,0.376867
22380000,58,249.663,-21653.1,57.9542,0.374
22395000,63,273.21,-21643.8,71.8899,0.3704
22410000,61,263.984,-21675.9,58.0097,0.3979
22425000,77,319.052,-21686.3,68.8259,0.386952
22440000,70,312.496,-21667.1,67.9078,0.388067
22455000,71,293.449,-21666.1,55.6998,0.37945
22470000,78,331.891,-21681.6,70.4186,0.4027
22485000,78,342.985,-21652.8,89.8945,0.39955
22500000,63,280.824,-21665.1,70.2627,0.394667
22515000,71,311.065,-21661.7,74.769,0.392683
22530000,66,286.209,-21657.1,60.4638,0.399067
22545000,67,305.036,-21666.8,57.555,0.394333
22560000,72,304.185,-21656.8,68.5455,0.393867
22575000,78,345.467,-21636.4,73.7801,0.3996
22590000,76,314.75,-21623.6,69.2446,0.3894
22605000,65,290.523,-21651.6,62.538,0.395362
22620000,62,267.556,-21654.3,64.1812,0.386133
22635000,67,321.401,-21655.4,48.6753,0.382622
22650000,73,325.623,-21606,58.8496,0.382333
22665000,62,265.65,-21681.5,55.1784,0.378822
22680000,64,278.451,-21639.9,79.5102,0.379833
22695000,59,273.66,-21649.3,68.686,0.382233
22710000,75,326.169,-21643,74.7342,0.395067
22725000,83,363.336,-21620.7,72.5605,0.4036
22740000,79,350.456,-21646.1,71.5179,0.409933
22755000,67,293.065,-21651.9,61.8815,0.386453
22770000,86,372.267,-21641.6,79.5988,0.401267
22785000,74,326.89,-21659,78.1728,0.4004
22800000,61,272.084,-21680.9,66.1402,0.389415
22815000,61,256.861,-21667.3,66.8063,0.399573
22830000,52,217.329,-21682.5,57.2981,0.381033
22845000,71,307.681,-21695.2,59.0445,0.400033
22860000,74,342.013,-21700.8,64.0197,0.398333
22875000,74,342.704,-21664.1,64.7718,0.403067
22890000,78,345.367,-21651.7,94.3576,0.403533
22905000,56,248.152,-21664,60.1436,0.367556
22920000,67,277.263,-21668.9,62.8343,0.401633
22935000,57,248.795,-21687.7,57.5427,0.3647
22950000,55,243.225,-21654.7,62.5768,0.370733
22965000,60,264.787,-21672.2,73.1378,0.356333
22980000,67,301.612,-21667.4,63.3785,0.392733
22995000,80,344.359,-21666.7,79.2018,0.395907
23010000,65,311.011,-21675.2,66.1373,0.390533
23025000,50,221.921,-21664.4,38.381,0.3768
23040000,49,215.36,-21687.2,37.5667,0.366067
23055000,68,300.676,-21662.8,71.0229,0.391827
23070000,59,246.89,-21656.5,43.3849,0.392827
23085000,79,339.888,-21689.7,79.8588,0.403933
23100000,84,369.411,-21680.7,63.0951,0.412
23115000,52,229.735,-21683.8,54.2696,0.360027
23130000,56,224.076,-21680.3,57.2235,0.389867
23145000,57,235.381,-21674.7,57.7936,0.373733
23160000,58,243.866,-21674.1,56.3585,0.384
23175000,75,342.453,-21664.6,79.1907,0.40428
23190000,71,321.63,-21664.6,83.7004,0.392467
23205000,71,305.721,-21658,76.3272,0.3938
23220000,55,236.511,-21696.2,65.7584,0.373638
23235000,58,264.557,-21681,54.2067,0.399067
23250000,82,358.353,-21662,93.3127,0.396378
23265000,61,287.479,-21695.7,59.5072,0.386105
23280000,83,379.435,-21665.5,81.8003,0.384667
23295000,60,249.066,-21684.5,76.1078,0.3866
23310000,91,394.468,-21680,98.9566,0.409767
23325000,61,249.681,-21675.2,49.1983,0.383933
23340000,84,376.079,-21642.3,77.3365,0.4115
23355000,84,360.902,-21642.8,88.891,0.412533
23370000,89,365.083,-21665,95.5562,0.4144
23385000,80,362.601,-21654.3,69.9162,0.4138
23400000,86,376.817,-21660.6,85.2844,0.4086
23415000,76,332.114,-21669.8,87.8522,0.4046
23430000,64,261.753,-21663,79.4375,0.384676
23445000,74,310.856,-21666.3,73.6473,0.406433
23460000,69,299.926,-21663.2,71.8255,0.3992
23475000,83,371.091,-21653.4,77.9823,0.392164
23490000,82,355.107,-21652.4,103.539,0.400867
23505000,71,316.149,-21651.2,83.2584,0.38412
23520000,61,271.128,-21634.8,56.4614,0.40485
23535000,78,333.829,-21648.7,69.178,0.3982
23550000,80,339.73,-21644.1,84.7832,0.402533
23565000,66,276.447,-21644.8,57.9631,0.388083
23580000,78,345.45,-21648.5,78.8192,0.401033
23595000,66,281.546,-21651.6,70.4409,0.398733
23610000,66,278.556,-21659.9,63.6015,0.381244
23625000,76,340.327,-21654,79.5325,0.384638
23640000,63,267.638,-21638.5,63.1376,0.394267
23655000,66,285.968,-21661.1,66.4168,0.382533
23670000,71,295.027,-21671.3,62.3673,0.387867
23685000,65,279.697,-21662.4,53.272,0.387433
23700000,70,305.966,-21667,70.1335,0.388567
23715000,60,262.214,-21645.9,66.3782,0.377089
23730000,59,261.594,-21648.5,73.3809,0.370356
23745000,63,266.033,-21648.4,65.9142,0.373867
23760000,76,330.05,-21658.8,90.9404,0.3874
23775000,92,412.849,-21648.7,80.6585,0.38925
23790000,87,379.119,-21636,68.3705,0.4053
23805000,81,363.328,-21669.2,75.676,0.405333
23820000,80,344.022,-21637.9,90.0009,0.405833
23835000,78,325.495,-21663.4,71.4347,0.398133
23850000,83,372.699,-21659.8,85.0859,0.395
23865000,95,411.239,-21655.4,80.3856,0.408067
23880000,83,361.172,-21655.1,76.8077,0.4022
23895000,59,251.527,-21655.4,54.782,0.396513
23910000,83,350.803,-21662.9,81.0124,0.396013
23925000,76,320.627,-21662.9,72.1545,0.391267
23940000,69,302.421,-21668.5,62.6485,0.389067
23955000,73,323.901,-21666.3,89.7537,0.393244
23970000,71,300.88,-21659.6,86.5215,0.399667
23985000,61,265.069,-21669.1,64.0443,0.393033
24000000,83,371.462,-21633.8,73.0985,0.405578
24015000,81,364.728,-21652.8,96.0127,0.403244
24030000,71,300.862,-21644.8,93.217,0.389667
24045000,65,295.5,-21642.6,61.2847,0.382667
24060000,61,265.713,-21648,61.9965,0.3775
24075000,88,384.198,-21661.7,84.6433,0.400333
24090000,55,238.427,-21666.2,53.6294,0.374567
24105000,65,285.484,-21685.2,80.2837,0.403067
24120000,56,240.567,-21680.2,53.6365,0.383815
24135000,53,229.808,-21690.8,57.1477,0.390867
24150000,72,311.695,-21670.3,61.7136,0.396422
24165000,63,259.541,-21675.6,66.1088,0.383833
24180000,71,308.077,-21663,66.3502,0.408433
24195000,66,288.576,-21647,61.97,0.379752
24210000,82,373.667,-21654.7,69.6849,0.3882
24225000,63,274.269,-21663.6,59.7878,0.388667
24240000,68,284.215,-21651.1,67.9651,0.3992
24255000,73,311.793,-21649.9,57.9793,0.395733
24270000,79,353.186,-21638.5,88.4885,0.390133
24285000,60,273.225,-21662.6,70.7709,0.403086
24300000,71,304.616,-21648,80.1302,0.396033
24315000,54,238.687,-21693.9,55.7069,0.391173
24330000,56,246.712,-21694.9,64.4643,0.3822
24345000,77,343.753,-21666.9,76.8719,0.393356
24360000,72,315.576,-21635.9,71.1809,0.397933
24375000,62,274.275,-21657.1,53.3416,0.384267
24390000,68,305.374,-21645.7,69.0638,0.382267
24405000,80,329.547,-21650.8,81.8592,0.386667
24420000,75,320.447,-21633.3,74.9898,0.387867
24435000,77,317.898,-21651.2,74.2943,0.385
24450000,67,305.773,-21710.2,60.258,0.389388
24465000,67,285.852,-21674.8,59.6641,0.384963
24480000,62,260.613,-21677.9,39.2628,0.373067
24495000,59,251.252,-21641.9,48.1777,0.371567
24510000,43,197.829,-21707.3,50.0136,0.382783
24525000,65,271.868,-21638.8,75.6997,0.372667
24540000,69,259.423,-21639.6,80.5171,0.3538
24555000,90,384.826,-21652.1,89.8749,0.390067
24570000,72,308.775,-21641.5,91.6158,0.389333
24585000,68,298.488,-21681.5,81.915,0.391324
24600000,67,289.349,-21645.3,66.363,0.385833
24615000,76,332.57,-21640.4,76.9529,0.385533
24630000,61,267.312,-21671.1,61.6891,0.391022
24645000,60,264.366,-21684.5,62.6147,0.3784
24660000,75,330.629,-21664,63.282,0.386978
24675000,59,257.061,-21668.1,63.8199,0.386133
24690000,88,379.634,-21651,92.3337,0.393733
24705000,75,326.19,-21641.9,64.4676,0.403333
24720000,70,300.925,-21656.7,61.1515,0.399933
24735000,53,213.515,-21662.9,56.9049,0.382417
24750000,77,352.917,-21664.3,79.6891,0.395533
24765000,71,326.536,-21679.6,77.9742,0.39298
24780000,62,265.174,-21655.8,48.5039,0.3882
24795000,67,291.646,-21657.4,78.9657,0.379333
24810000,67,291.77,-21669.9,66.1725,0.380133
24825000,63,280.53,-21674.3,61.5264,0.382267
24840000,70,327.77,-21664.8,78.4615,0.3806
24855000,70,306.692,-21666.1,75.9276,0.4074
24870000,70,304.659,-21646.1,69.18,0.395867
24885000,66,298.387,-21656.8,64.0994,0.391667
24900000,48,193.87,-21670.4,52.1629,0.380145
24915000,75,353.756,-21658.9,78.1941,0.399633
24930000,74,336.377,-21658.9,66.7447,0.389133
24945000,62,268.363,-21664.4,51.2515,0.371889
24960000,43,178.087,-21672,43.5672,0.362333
24975000,71,306.946,-21641.3,67.145,0.389244
24990000,52,217.552,-21691.6,60.1722,0.381733
25005000,65,298.587,-21693,71.5193,0.383267
25020000,56,253.968,-21665.1,61.3286,0.372
25035000,66,282.507,-21659.9,60.6268,0.389483
25050000,67,278.014,-21658.7,74.982,0.377667
25065000,73,327.183,-21653.6,56.2361,0.387067
25080000,62,280.039,-21659.4,71.8388,0.393578
25095000,67,292.881,-21650.6,79.6905,0.3914
25110000,69,304.577,-21657.9,65.1999,0.384444
25125000,66,283.194,-21680,58.3053,0.386103
25140000,71,310.723,-21686,67.7643,0.404733
25155000,54,247.202,-21676.3,63.1256,0.38
25170000,72,315.061,-21678.1,91.7888,0.411467
25185000,46,199.955,-21697.1,42.9596,0.3845
25200000,71,309.009,-21659.4,77.1668,0.406433
25215000,70,306.913,-21663.3,65.9482,0.387117
25230000,65,288.546,-21646,52.1041,0.398033
25245000,72,327.727,-21660.2,76.1968,0.400933
25260000,73,321.725,-21650.1,78.3676,0.4053
25275000,73,336.309,-21668.1,82.0005,0.408533
25290000,66,277.318,-21640.1,49.9238,0.4074
25305000,74,341.151,-21659.4,72.8639,0.403433
25320000,71,302.919,-21664.6,64.6173,0.401933
25335000,64,269.532,-21662.6,76.0344,0.39
25350000,53,219.139,-21683.8,52.7767,0.3731
25365000,62,263.471,-21650.9,69.287,0.3883
25380000,68,285.56,-21651.8,57.3288,0.3916
25395000,59,256.756,-21674.2,53.8629,0.389267
25410000,64,285.846,-21661.3,67.0412,0.3876
25425000,49,208.292,-21677.4,49.3757,0.384947
25440000,54,230.36,-21680.9,49.1414,0.3634
25455000,49,221.616,-21681.5,45.9191,0.3718
25470000,60,260.697,-21680.7,58.7593,0.379017
25485000,63,272.805,-21649.6,88.222,0.3704
25500000,69,288.863,-21651.2,87.5002,0.388533
25515000,63,277.933,-21666.8,65.6358,0.371667
25530000,59,257.141,-21668.2,51.8615,0.384467
25545000,72,313.278,-21650,64.1938,0.390467
25560000,64,270.514,-21661.5,52.88,0.377267
25575000,76,336.015,-21658.8,65.2327,0.3954
25590000,65,279.553,-21670.9,83.6414,0.37945
25605000,56,239.415,-21685.4,63.9416,0.384
25620000,50,223.918,-21687,49.2696,0.3776
25635000,58,247.509,-21690.5,44.4464,0.383883
25650000,56,233.174,-21682.9,74.6619,0.394267
25665000,59,257.408,-21684.8,61.5959,0.377267
25680000,74,325.028,-21643.9,80.1905,0.377867
25695000,61,258.722,-21654.8,57.415,0.389933
25710000,44,184.339,-21694.7,53.2904,0.384833
25725000,64,289.336,-21650.6,55.2894,0.377667
25740000,56,227.898,-21697,57.0911,0.37675
25755000,56,233.244,-21701.5,50.0223,0.377778
25770000,66,284.484,-21653.5,68.25,0.385111
25785000,75,318.264,-21639.3,84.9787,0.388
25800000,80,340.545,-21629.6,93.9319,0.4014
25815000,71,310.962,-21642.7,59.1241,0.388333
25830000,69,285.16,-21658.8,58.3608,0.395467
25845000,79,346.52,-21676,69.9489,0.4002
25860000,56,262.208,-21713.1,51.6255,0.3862
25875000,49,209.545,-21678.7,55.3942,0.398533
25890000,63,273.093,-21661.1,62.8696,0.372333
25905000,52,232.225,-21686.5,55.7489,0.375667
25920000,50,211.503,-21655.7,42.3455,0.359333
25935000,60,275.374,-21694.2,55.3379,0.378894
25950000,46,196.584,-21668.1,54.3955,0.3672
25965000,44,180.414,-21679.8,54.7943,0.378867
25980000,49,215.335,-21687,48.7163,0.372867
25995000,63,274.239,-21660.4,66.6241,0.376167
26010000,51,234.38,-21686.4,55.7121,0.3978
26025000,58,267.158,-21675.2,52.4945,0.3907
26040000,47,204.834,-21689.5,54.2934,0.375183
26055000,60,271.973,-21676.7,50.0765,0.391489
26070000,64,284.989,-21664.1,67.172,0.382222
26085000,64,279.389,-21712.8,73.3019,0.394067
26100000,62,283.447,-21672.3,57.5545,0.402867
26115000,45,169.44,-21694.6,36.1434,0.376907
26130000,72,332.891,-21650.1,68.8706,0.38975
26145000,66,277.973,-21669.1,51.511,0.393711
26160000,70,293.615,-21680,70.4864,0.402733
26175000,56,251.475,-21654.3,62.5457,0.381467
26190000,58,260.362,-21701.8,64.8483,0.382933
26205000,62,271.399,-21697.6,58.1231,0.401667
26220000,51,223.404,-21696.2,43.5947,0.3898
26235000,58,256.163,-21680.7,67.2836,0.391747
26250000,63,281.326,-21654.7,76.6091,0.386733
26265000,62,275.295,-21651.4,58.6167,0.389333
26280000,54,229.468,-21675.1,50.5982,0.38575
26295000,68,309.865,-21664.4,63.9161,0.383367
26310000,61,261.423,-21694.6,58.9897,0.384233
26325000,67,304.591,-21694.3,62.8837,0.390622
26340000,67,310.795,-21685.1,63.1705,0.402156
26355000,63,277.881,-21693.8,61.425,0.395733
26370000,54,236.787,-21688,63.613,0.379356
26385000,66,285.904,-21676.6,78.6691,0.389767
26400000,61,267.435,-21679.5,57.0455,0.3896
26415000,59,250.274,-21684.1,75.7681,0.3966
26430000,60,283.965,-21699.3,79.3233,0.389067
26445000,59,271.097,-21699.7,56.9592,0.392452
26460000,53,222.898,-21671.6,58.1707,0.391133
26475000,60,252.257,-21672.6,60.0704,0.394667
26490000,58,249.408,-21697.9,48.1821,0.3752
26505000,57,233.412,-21686.5,70.0004,0.385667
26520000,57,253.935,-21700.3,62.49,0.393493
26535000,49,197.329,-21700.3,63.3308,0.377467
26550000,57,227.129,-21705.9,72.796,0.389339
26565000,68,295.317,-21696.1,73.2207,0.3952
26580000,49,207.007,-21670.6,42.2621,0.387307
26595000,49,219.352,-21716.1,49.234,0.387167
26610000,52,231.842,-21666.1,49.3243,0.381767
26625000,53,222.4,-21696.8,54.8015,0.375467
26640000,62,276.404,-21679.6,67.6805,0.397787
26655000,65,277.042,-21701,56.0978,0.395467
26670000,63,261.46,-21671.4,60.0269,0.386533
26685000,66,278.123,-21674.9,52.2216,0.397267
26700000,57,234.435,-21668.4,61.4177,0.367567
26715000,67,283.505,-21688.1,72.6235,0.396
26730000,69,301.224,-21708.7,80.1053,0.393311
26745000,67,284.318,-21659.2,65.6348,0.392778
26760000,52,218.507,-21660.2,42.9164,0.389667
26775000,54,237.715,-21696.8,57.3506,0.394622
26790000,63,261.145,-21674.9,47.5651,0.3916
26805000,76,344.648,-21667.9,81.3107,0.4066
26820000,74,322.913,-21651.1,62.3079,0.413933
26835000,80,345.285,-21684,56.3275,0.413133
26850000,66,288.891,-21641.8,80.3108,0.3976
26865000,74,309.201,-21651,91.2123,0.3914
26880000,84,372.571,-21649.5,86.9282,0.410733
26895000,55,251.993,-21668.2,55.5118,0.375696
26910000,68,291.894,-21665.5,73.2418,0.408167
26925000,53,240.619,-21659.7,65.8786,0.400933
26940000,69,300.356,-21668.7,60.4556,0.404
26955000,70,311.903,-21674.3,65.7012,0.378117
26970000,74,342.516,-21655.3,80.9471,0.402767
26985000,73,317.623,-21667.3,71.3903,0.419067
27000000,57,234.048,-21655.1,52.752,0.383622
27015000,56,250.583,-21704.6,63.5677,0.398237
27030000,63,262.103,-21680.3,68.7811,0.404889
27045000,63,282.14,-21634.4,60.0043,0.380356
27060000,67,302.006,-21649.1,69.5537,0.374733
27075000,65,283.465,-21646.1,65.047,0.3822
27090000,54,239.167,-21667.5,46.6909,0.389783
27105000,75,332.096,-21660.3,62.6134,0.396133
27120000,66,286.759,-21671.7,73.3653,0.389
27135000,73,307.589,-21649.3,65.8316,0.395333
27150000,60,252.645,-21656.6,63.4582,0.369333
27165000,57,234.92,-21708.3,52.1047,0.38902
27180000,55,228.178,-21708.5,75.9797,0.3938
27195000,75,321.605,-21631.1,74.4242,0.390417
27210000,79,337.048,-21631,71.5726,0.408667
27225000,69,310.937,-21660.8,76.6239,0.374053
27240000,100,432.968,-21642.9,113.351,0.4065
27255000,79,339.196,-21631.3,71.3837,0.390033
27270000,92,393.497,-21649,98.0262,0.411833
27285000,86,358.634,-21641.8,101.165,0.420267
27300000,94,386.862,-21662,91.335,0.4144
27315000,53,230.945,-21673.5,45.4908,0.391533
27330000,73,302.53,-21649,76.2189,0.39072
27345000,78,323.3,-21657.9,74.0049,0.399267
27360000,67,288.007,-21668.4,74.7624,0.381867
27375000,58,241.828,-21645.4,55.2918,0.373733
27390000,67,284.244,-21638.7,83.4218,0.380733
27405000,56,239.464,-21688.4,64.6487,0.3853
27420000,65,286.061,-21679.2,63.8412,0.397933
27435000,71,303.703,-21653,69.0698,0.393341
27450000,73,309.557,-21665.7,62.9984,0.386817
27465000,73,325.433,-21645.1,91.6477,0.400267
27480000,75,313.584,-21661,73.3842,0.392933
27495000,82,369.132,-21660.7,88.672,0.411067
27510000,77,338.484,-21641.9,86.232,0.406467
27525000,62,270.128,-21633.8,68.4458,0.397017
27540000,55,250.07,-21648.5,57.7271,0.3746
27555000,60,242.45,-21698,54.1811,0.392133
27570000,65,293.531,-21684.2,60.0428,0.400333
27585000,54,223.902,-21677.9,50.1571,0.391667
27600000,71,300.271,-21626.6,81.568,0.399022
27615000,69,312.456,-21652.3,71.1011,0.383933
27630000,61,263.892,-21682.9,55.1019,0.392067
27645000,69,298.573,-21683.9,61.6183,0.378
27660000,61,256.904,-21665.7,72.1026,0.388333
27675000,61,279.733,-21661.3,66.1917,0.388967
27690000,72,310.023,-21651.5,81.9563,0.392433
27705000,69,309.123,-21674.9,78.4036,0.386733
27720000,56,242.451,-21670.7,71.7668,0.380812
27735000,78,355.452,-21670.4,67.5378,0.4019
27750000,72,312.371,-21650.4,66.2076,0.408933
27765000,72,318.763,-21673.4,63.9008,0.400378
27780000,83,366.622,-21662.8,78.0142,0.400933
27795000,68,303.118,-21686.8,51.4916,0.4028
27810000,64,290.78,-21643.5,64.8638,0.3984
27825000,66,290.784,-21641.3,71.8754,0.3882
27840000,70,311.719,-21647.1,70.9446,0.385333
27855000,68,309.676,-21653.4,66.7149,0.394133
27870000,60,276.081,-21695.1,63.3176,0.3983
27885000,57,246.849,-21711.9,53.9037,0.397067
27900000,72,324.704,-21652.9,65.9178,0.393578
27915000,49,215.707,-21691.7,61.3907,0.377075
27930000,74,312.263,-21639.9,76.6041,0.397333
27945000,50,207.279,-21703.2,45.0703,0.392333
27960000,66,276.947,-21687.7,63.8987,0.383778
27975000,88,385.809,-21628.5,94.2274,0.396467
27990000,63,278.091,-21682.9,64.9968,0.400444
28005000,64,273.025,-21652.7,66.8271,0.399433
28020000,74,320.93,-21647.5,47.4298,0.395867
28035000,70,307.691,-21688.8,72.04,0.393093
28050000,50,201.632,-21683.3,54.9431,0.3848
28065000,78,340.61,-21656.1,78.7114,0.402733
28080000,62,283.034,-21648.8,59.8262,0.388333
28095000,70,300.185,-21655,66.4735,0.383133
28110000,81,353.93,-21651.7,97.2707,0.391667
28125000,68,297.167,-21713.5,72.2669,0.387504
28140000,76,321.86,-21643,87.4375,0.4056
28155000,78,330.443,-21647.3,82.0617,0.401133
28170000,79,345.654,-21667.8,72.748,0.4008
28185000,62,282.257,-21648.3,59.7351,0.4092
28200000,68,292.187,-21665.2,73.2649,0.373
28215000,66,290.477,-21648.6,64.9642,0.3856
28230000,76,328.991,-21656.7,81.8394,0.395867
28245000,61,279.844,-21688.2,49.2108,0.379379
28260000,82,362.443,-21636.3,87.8164,0.3968
28275000,97,417.742,-21648.4,113.15,0.410133
28290000,78,318.697,-21642.5,93.3525,0.409467
28305000,58,253.752,-21689.4,44.2257,0.385872
28320000,77,328.381,-21645.7,75.1101,0.4051
28335000,77,331.688,-21653.5,80.5549,0.396733
28350000,66,283.817,-21656.7,58.4693,0.385533
28365000,65,292.324,-21648.8,64.5731,0.375467
28380000,66,269.371,-21652.7,82.1262,0.38323
28395000,71,318.035,-21661,66.3809,0.3894
28410000,52,227.2,-21684.9,49.0411,0.386044
28425000,62,261.387,-21658.2,53.9867,0.376067
28440000,60,243.937,-21683.7,54.8492,0.392911
28455000,64,287.335,-21693.7,60.8547,0.3924
28470000,61,270.21,-21687.1,59.7121,0.392267
28485000,61,255.606,-21692.6,68.0321,0.394933
28500000,67,292.309,-21675.5,66.4428,0.386983
28515000,76,315.414,-21655.1,61.5643,0.3938
28530000,60,245.997,-21662.3,54.0198,0.3908
28545000,59,249.898,-21667.6,58.5261,0.384333
28560000,71,278.989,-21640.2,63.6294,0.388467
28575000,89,386.975,-21647.7,103.167,0.391833
28590000,82,331.101,-21637.3,69.4816,0.4054
28605000,84,346.903,-21633.9,70.1611,0.403933
28620000,84,348.436,-21645.8,93.2765,0.4032
28635000,83,369.891,-21663.7,88.4704,0.421733
28650000,64,276.667,-21665.4,70.6525,0.393356
28665000,77,322.37,-21678.6,75.6898,0.406367
28680000,48,205.767,-21691,51.5264,0.370429
28695000,45,191.379,-21710.3,43.4267,0.361133
28710000,57,242.797,-21674.1,56.3165,0.380467
28725000,58,259.234,-21680.2,69.91,0.375867
28740000,59,261.713,-21655,46.0952,0.387507
28755000,54,239.781,-21708.4,64.5207,0.374867
28770000,70,275.576,-21673.5,80.2116,0.381667
28785000,59,235.651,-21658.3,76.402,0.38028
28800000,71,294.54,-21668.1,92.6572,0.382267
28815000,57,235.981,-21677,54.2139,0.3788
28830000,68,296.105,-21671.8,74.7014,0.391333
28845000,64,282.439,-21671.2,55.6544,0.388667
28860000,63,286.151,-21694.7,68.513,0.388756
28875000,56,242.763,-21698.5,56.4449,0.383158
28890000,66,302.054,-21666.3,54.0018,0.3994
28905000,78,329.363,-21678.2,65.6062,0.404333
28920000,64,295.042,-21668.5,66.1819,0.3804
28935000,72,315.86,-21663.7,85.1019,0.388267
28950000,69,305.189,-21671.8,79.0094,0.4052
28965000,57,242.968,-21670.5,65.8083,0.387733
28980000,54,246.498,-21694.3,42.5732,0.378833
28995000,57,269.805,-21671.1,68.1322,0.3827
29010000,66,296.717,-21671.9,75.8522,0.383833
29025000,69,299.986,-21662.8,79.2571,0.38845
29040000,67,301.149,-21653.1,65.9752,0.389689
29055000,62,283.437,-21663.3,66.8515,0.3896
29070000,49,207.712,-21668.2,46.3103,0.376333
29085000,60,270.067,-21661.6,61.533,0.393867
29100000,68,305.47,-21674.3,51.2227,0.3829
29115000,62,287.883,-21659.9,59.055,0.393333
29130000,53,224.802,-21658,54.0287,0.3754
29145000,47,217.837,-21714.7,52.0895,0.385383
29160000,47,208.485,-21678.2,54.7313,0.3822
29175000,53,211.784,-21709,50.7226,0.385176
29190000,56,252.906,-21687.6,54.7594,0.387767
29205000,55,250.87,-21644.6,50.9782,0.387707
29220000,56,232.157,-21667.4,66.0231,0.386667
29235000,62,276.928,-21665.3,64.7567,0.388822
29250000,81,344.902,-21679.8,94.4262,0.409667
29265000,74,329.443,-21658.1,78.7416,0.412267
29280000,74,322.41,-21677.6,87.0683,0.394733
29295000,72,321.06,-21659.1,74.6043,0.38884
29310000,73,307.28,-21652.8,51.7914,0.4004
29325000,60,265.079,-21651.3,54.8402,0.400867
29340000,59,269.938,-21689.6,46.4833,0.398891
29355000,63,268.436,-21674.7,64.4974,0.373867
29370000,66,281.498,-21693.4,54.097,0.395567
29385000,67,297.156,-21662.6,62.4001,0.389667
29400000,65,288.87,-21697.1,75.6053,0.406433
29415000,64,271.075,-21683.1,60.2054,0.394733
29430000,60,265.929,-21683.2,51.1537,0.38812
29445000,63,279.356,-21668.3,57.7913,0.391733
29460000,61,252.914,-21700.9,63.1245,0.402889
29475000,76,349.695,-21659.7,67.1188,0.3887
29490000,66,306.36,-21647.6,61.6432,0.3942
29505000,66,296.951,-21659.1,71.694,0.379267
29520000,61,277.491,-21658.7,57.3294,0.373867
29535000,63,268.947,-21705.5,60.139,0.399573
29550000,62,264.727,-21670.4,50.6539,0.389167
29565000,64,285.562,-21680.7,56.2565,0.385467
29580000,59,272.36,-21689.2,45.9358,0.387607
29595000,61,268.406,-21675.9,57.6362,0.393867
29610000,72,305.358,-21680.3,64.2032,0.386178
29625000,86,397.775,-21675.3,81.5274,0.4186
29640000,75,329.249,-21683.4,73.9254,0.406533
29655000,51,232.564,-21703.3,52.5578,0.403867
29670000,65,294.995,-21670,59.4053,0.3933
29685000,49,226.798,-21696.7,53.4843,0.382133
29700000,44,196.346,-21732.9,40.0411,0.384092
29715000,57,267.617,-21696.9,45.9647,0.401233
29730000,54,253.317,-21699.8,56.4108,0.4124
29745000,49,214.09,-21685.6,46.2838,0.383573
29760000,59,266.622,-21683.9,54.8149,0.3987
29775000,78,346.52,-21657.9,75.1572,0.403133
29790000,67,296.77,-21667.6,63.4521,0.409067
29805000,56,237.577,-21689.4,54.9143,0.374048
29820000,55,228.68,-21691.2,47.3734,0.371267
29835000,61,275.085,-21681,63.064,0.379733
29850000,78,327.464,-21690.2,87.3225,0.411817
29865000,70,298.752,-21692.1,64.3388,0.413867
29880000,71,292.922,-21695.9,59.1639,0.413
29895000,57,258.3,-21669.5,48.3228,0.386767
29910000,56,252.584,-21677,46.8453,0.379767
29925000,50,209.634,-21691.5,61.217,0.397089
29940000,62,261.531,-21664.8,51.7136,0.3766
29955000,65,284.614,-21665.8,79.7369,0.3798
29970000,64,292.141,-21668.9,64.139,0.382987
29985000,81,364.376,-21678.9,66.2027,0.404967
