generation,N_shifts,logPrior,logLik,eventRate,acceptRate
0,0,0.641453,-24216.1,100,0
15000,1,4.816,-22030,1.39183,0.213519
30000,1,5.90736,-22044.6,1.52831,0.249558
45000,1,3.83432,-22009.4,0.668746,0.2779
60000,1,5.42354,-22019.1,1.2461,0.289733
75000,9,38.0573,-21937.9,6.64878,0.314867
90000,2,9.59615,-21962.8,1.66497,0.289889
105000,8,33.6765,-21915.9,12.647,0.3367
120000,2,9.76768,-21962,1.5548,0.303733
135000,12,50.6305,-21910.5,13.5853,0.3188
150000,12,56.0543,-21892.7,8.84207,0.303
165000,8,32.3365,-21896.3,8.36321,0.342467
180000,6,30.3428,-21931.2,5.99991,0.323775
195000,8,29.0897,-21877.5,8.3823,0.318467
210000,9,42.7193,-21876.1,8.88094,0.313133
225000,8,40.9425,-21900.3,7.40444,0.335956
240000,15,65.8949,-21835.8,15.0249,0.315067
255000,4,16.4219,-21928.1,1.56035,0.293474
270000,17,58.726,-21814.5,27.1705,0.3395
285000,9,39.7025,-21908,10.1011,0.317567
300000,32,144.431,-21775.5,31.3018,0.3828
315000,41,181.531,-21770.2,42.4078,0.3826
330000,51,223.612,-21699.8,41.5597,0.4064
345000,46,207.295,-21705.9,41.8282,0.392267
360000,45,207.145,-21703.2,44.6551,0.389067
375000,51,215.853,-21689.6,53.825,0.406267
390000,44,186.746,-21699.8,47.477,0.3842
405000,60,264.847,-21689.1,51.7313,0.393733
420000,48,201.846,-21688.7,46.3704,0.405533
435000,57,241.231,-21688.4,61.4586,0.404933
450000,59,261.218,-21672.1,67.9305,0.4156
465000,59,244.976,-21662.2,63.9598,0.4072
480000,67,291.918,-21648,69.0612,0.408267
495000,69,303.679,-21637.3,55.4488,0.403667
510000,77,350.549,-21667.4,69.8834,0.411733
525000,63,272.923,-21662.3,43.2989,0.410333
540000,59,239.728,-21651.2,52.1765,0.392133
555000,53,219.611,-21664.5,55.26,0.394333
570000,57,241.476,-21649.5,58.3816,0.3972
585000,56,240.164,-21666.1,58.5582,0.4092
600000,68,317.599,-21673.7,69.7063,0.4016
615000,53,229.378,-21670.9,58.4313,0.399267
630000,66,280.366,-21661.4,59.6963,0.389667
645000,59,252.85,-21646.7,55.8756,0.405667
660000,58,255.037,-21655.7,56.5956,0.398067
675000,62,258.122,-21661.8,55.1143,0.41
690000,53,231.415,-21657.1,45.4009,0.384333
705000,64,270.249,-21668.2,57.5265,0.4036
720000,31,127.985,-21703.9,23.3912,0.367851
735000,63,277.244,-21667,62.3328,0.399033
750000,66,278.604,-21663.1,58.7131,0.406867
765000,62,264.868,-21652.3,61.184,0.406133
780000,60,268.919,-21662.7,58.8473,0.398533
795000,63,268.31,-21652.9,63.5659,0.4012
810000,45,199.206,-21701,44.5154,0.378533
825000,32,135.863,-21735.2,34.1914,0.346675
840000,32,141.386,-21739.3,40.0788,0.382467
855000,51,212.872,-21684.8,49.1339,0.376356
870000,52,214.257,-21646.5,55.8551,0.38856
885000,69,297.249,-21629.4,58.8928,0.393267
900000,53,231.727,-21663.8,71.1561,0.388333
915000,53,223.766,-21635.3,44.0774,0.3841
930000,54,228.574,-21631.4,54.933,0.380933
945000,53,237.883,-21649.7,44.1612,0.3858
960000,45,200.934,-21693.8,69.7759,0.3856
975000,53,244.694,-21678.4,70.6788,0.379904
990000,57,238.065,-21663.3,57.1494,0.387867
1005000,53,220.602,-21664.9,53.0841,0.396844
1020000,57,255.684,-21691.7,48.9095,0.395342
1035000,57,255.732,-21673.8,62.4494,0.400467
1050000,51,231.624,-21686.7,62.9807,0.392111
1065000,54,246.116,-21662.7,66.9105,0.4016
1080000,56,245.162,-21659.1,63.4656,0.394089
1095000,46,197.526,-21665.8,45.3508,0.401933
1110000,44,183.348,-21669.9,40.8429,0.397667
1125000,54,209.795,-21661,48.6317,0.386941
1140000,67,304.243,-21657,66.9521,0.399167
1155000,68,307.138,-21662.5,84.7851,0.408667
1170000,78,345.458,-21636.2,72.267,0.409467
1185000,46,198.975,-21670.9,53.3346,0.395171
1200000,48,210.689,-21646.5,40.8005,0.39232
1215000,59,243.602,-21675,37.6265,0.382267
1230000,57,245.145,-21660.7,53.5979,0.401883
1245000,75,314.343,-21656.3,74.6858,0.398867
1260000,83,367.584,-21638.2,91.7917,0.409267
1275000,74,326.216,-21616.8,70.0892,0.404933
1290000,60,249.518,-21630.6,56.6801,0.399467
1305000,71,305.204,-21635.8,64.6269,0.398533
1320000,66,265.861,-21631.7,57.235,0.399
1335000,54,230.743,-21631.3,47.5284,0.395511
1350000,72,309.973,-21634.2,88.6775,0.397233
1365000,57,242.995,-21656,67.5063,0.4039
1380000,73,335.089,-21638.9,78.0389,0.396967
1395000,58,262.516,-21645.7,66.0948,0.3914
1410000,54,243.094,-21657.6,52.5702,0.390533
1425000,56,247.82,-21648.7,56.4761,0.390333
1440000,50,201.673,-21654,62.0835,0.382933
1455000,53,234.411,-21661.4,52.9901,0.395013
1470000,52,232.725,-21672.7,51.8374,0.386333
1485000,57,251.982,-21666.2,49.0635,0.389578
1500000,61,260.775,-21645.3,68.1524,0.388067
1515000,67,290.382,-21622.7,68.2783,0.3938
1530000,77,338.654,-21631,76.4064,0.4048
1545000,55,226.641,-21659.7,60.034,0.402467
1560000,78,334.65,-21621.1,82.8405,0.4089
1575000,66,288.924,-21641.8,70.4619,0.4064
1590000,68,299.551,-21640.6,76.0526,0.3932
1605000,65,281.953,-21629.2,57.3057,0.41165
1620000,55,233.053,-21653.4,46.9346,0.3976
1635000,51,219.321,-21644.8,53.1106,0.4026
1650000,60,258.671,-21662.4,52.1742,0.392333
1665000,55,248.362,-21682.2,62.4927,0.39285
1680000,71,296.551,-21658.4,84.2608,0.395967
1695000,67,306.718,-21640.4,62.4451,0.399733
1710000,63,274.969,-21659.7,56.8478,0.4072
1725000,63,279.783,-21657.3,66.9205,0.4052
1740000,52,218.642,-21641.1,47.8474,0.397422
1755000,60,245.143,-21642.2,53.1767,0.395467
1770000,62,269.299,-21658.5,60.9693,0.406067
1785000,50,216.61,-21684.8,61.8445,0.389608
1800000,54,234.968,-21644.3,62.4173,0.399967
1815000,57,249.551,-21640.4,41.8843,0.397267
1830000,57,244.42,-21680.3,57.7818,0.388
1845000,45,197.127,-21635.9,42.5489,0.386333
1860000,46,192.359,-21655.2,41.2285,0.369067
1875000,64,284.298,-21662.6,66.2237,0.389978
1890000,72,327.711,-21633.7,84.3642,0.396433
1905000,67,306.553,-21644.1,78.2172,0.406267
1920000,56,237.783,-21681.1,54.9973,0.390311
1935000,70,321.936,-21664.6,63.6322,0.401033
1950000,47,209.182,-21649,38.6311,0.383812
1965000,55,237.317,-21640.7,45.3751,0.378667
1980000,52,236.033,-21655.1,60.7946,0.397378
1995000,54,232.371,-21646.6,64.2808,0.383033
2010000,56,236.079,-21651,54.691,0.3964
2025000,42,187.154,-21683.1,35.769,0.389311
2040000,47,206.562,-21652.6,50.8463,0.387733
2055000,59,257.335,-21649.2,67.9559,0.386133
2070000,42,187.625,-21691.3,38.6712,0.386622
2085000,52,228.147,-21682.1,55.4822,0.395167
2100000,52,221.099,-21654.5,41.3876,0.396767
2115000,51,217.238,-21659.9,58.0051,0.387333
2130000,68,294.683,-21670,69.9893,0.409289
2145000,54,235.446,-21649.5,59.8026,0.407733
2160000,52,211.8,-21643.6,62.769,0.390444
2175000,51,220.046,-21656.9,46.0551,0.40004
2190000,66,278.89,-21626.4,64.041,0.396133
2205000,68,289.779,-21646.3,70.8533,0.4011
2220000,76,347.991,-21646.6,89.5575,0.396511
2235000,72,301.033,-21625.8,71.3448,0.411133
2250000,74,318.123,-21602.2,71.1523,0.389867
2265000,75,333.899,-21609.9,83.4744,0.396267
2280000,75,334.985,-21635,54.4482,0.398333
2295000,64,281.399,-21635.6,59.7278,0.399133
2310000,49,217.966,-21671.2,46.2024,0.40419
2325000,67,279.837,-21633.6,68.3671,0.394067
2340000,70,303.438,-21628.4,88.953,0.389675
2355000,79,331.601,-21622.8,81.0514,0.4019
2370000,81,351.739,-21640.1,74.2387,0.403933
2385000,87,373.009,-21591.4,67.708,0.4146
2400000,86,361.841,-21591.1,92.8865,0.4104
2415000,96,423.003,-21589.5,80.3426,0.399867
2430000,84,378.987,-21577.3,82.3143,0.400133
2445000,86,383.659,-21587,83.468,0.399067
2460000,88,381.87,-21603.4,93.1006,0.427267
2475000,68,288.036,-21621.2,57.6604,0.390126
2490000,74,329.276,-21604.9,69.8295,0.405267
2505000,67,283.581,-21603.5,62.4578,0.400667
2520000,66,284.628,-21620.1,70.5401,0.399533
2535000,56,263.221,-21674.1,77.3275,0.395413
2550000,65,302.413,-21673.4,52.4921,0.3956
2565000,51,210.02,-21648,39.724,0.397467
2580000,63,266.175,-21649.3,64.9195,0.3957
2595000,66,277.394,-21656.1,67.2803,0.389233
2610000,63,280.778,-21658.6,69.6653,0.406867
2625000,70,299.156,-21615.4,54.7393,0.407467
2640000,75,302.814,-21598.4,73.8691,0.398683
2655000,79,351.602,-21627.3,90.0088,0.401333
2670000,69,310.945,-21613.1,57.5355,0.418067
2685000,83,376.101,-21613.9,95.751,0.409622
2700000,75,325.464,-21616.6,56.5276,0.412533
2715000,83,364.116,-21591,64.3295,0.407867
2730000,77,329.696,-21636.1,64.5322,0.419883
2745000,46,203.38,-21670.2,53.2727,0.395524
2760000,65,283.498,-21645.5,63.5468,0.3808
2775000,62,269.509,-21646.4,56.5567,0.394867
2790000,58,259.963,-21656,51.5525,0.397
2805000,73,305.96,-21598.8,76.8422,0.397311
2820000,93,436.762,-21605.3,94.7113,0.406
2835000,87,393.254,-21649.7,73.7607,0.401644
2850000,69,310.398,-21639.6,70.5146,0.404667
2865000,68,315.675,-21651.4,62.464,0.409867
2880000,56,254.133,-21652.1,48.8682,0.392247
2895000,52,211.393,-21661.7,54.3875,0.402667
2910000,55,234.261,-21652.2,69.5038,0.3814
2925000,59,240.288,-21608.8,52.6948,0.383886
2940000,63,294.362,-21626.4,69.0446,0.380067
2955000,55,250.748,-21622.7,43.512,0.388333
2970000,49,220.882,-21681.4,45.4347,0.381533
2985000,61,275.637,-21626.3,66.1944,0.3794
3000000,50,224.345,-21623.8,56.9917,0.383067
3015000,53,229.686,-21626.2,59.2628,0.386867
3030000,63,286.377,-21609.7,60.3749,0.3988
3045000,64,294.848,-21614.1,69.0352,0.393933
3060000,58,265.837,-21650.2,56.0085,0.393533
3075000,55,252.477,-21628.9,55.348,0.388
3090000,53,242.044,-21624.5,52.3674,0.3808
3105000,41,177.162,-21678.4,41.7106,0.38929
3120000,51,217.817,-21667.1,62.6767,0.383933
3135000,52,222.183,-21625.5,64.9234,0.388356
3150000,62,282.138,-21628.4,64.4049,0.388733
3165000,64,287.399,-21626.9,59.079,0.396333
3180000,55,247.133,-21669.2,60.9182,0.380576
3195000,69,309.847,-21628.4,72.7736,0.4026
3210000,57,243.746,-21652.4,48.1287,0.390067
3225000,58,267.354,-21648.4,48.6645,0.3938
3240000,61,278.02,-21672.5,59.366,0.3984
3255000,51,237.291,-21639.9,51.7473,0.390578
3270000,65,283.373,-21668.9,54.5757,0.400533
3285000,62,265.818,-21667.8,67.0024,0.414
3300000,58,260.353,-21624.3,56.1144,0.3818
3315000,58,263.442,-21652.8,54.0842,0.386305
3330000,59,255.403,-21641.5,51.5174,0.391
3345000,65,287.999,-21644.6,62.9356,0.3863
3360000,55,236.842,-21644.7,56.5812,0.396933
3375000,43,186.165,-21668.3,57.2879,0.37735
3390000,60,246.74,-21632.4,60.7858,0.398067
3405000,75,316.393,-21638,61.7993,0.396683
3420000,90,388.22,-21652.9,81.2044,0.408933
3435000,89,377.754,-21637,93.9208,0.427
3450000,84,359.908,-21629.2,83.3418,0.4244
3465000,56,237.103,-21636.3,54.8022,0.401453
3480000,68,291.298,-21620.3,74.4077,0.396867
3495000,53,226.365,-21632.5,47.3042,0.388708
3510000,71,303.059,-21626.5,84.2994,0.399533
3525000,56,249.667,-21641.8,62.9817,0.3812
3540000,52,221.99,-21634,54.303,0.396467
3555000,69,294.954,-21603.1,79.371,0.406222
3570000,65,291.988,-21617.2,65.6211,0.394633
3585000,82,351.04,-21614.5,68.4035,0.414933
3600000,73,309.279,-21628.1,82.67,0.405822
3615000,79,361.961,-21631.4,78.9268,0.418667
3630000,86,397.759,-21610.4,75.9126,0.4149
3645000,79,334.939,-21609,76.9225,0.408933
3660000,82,364.725,-21633.2,92.2282,0.4062
3675000,81,357.11,-21622,91.8268,0.421733
3690000,70,313.752,-21619.1,66.6655,0.4102
3705000,73,331.911,-21610.4,83.7904,0.413667
3720000,53,228.926,-21662,68.9051,0.397831
3735000,72,313.446,-21628.5,84.8261,0.411675
3750000,59,247.677,-21617.5,53.8014,0.398867
3765000,61,276.36,-21621.2,63.7482,0.407967
3780000,70,300.726,-21613.4,70.6166,0.396
3795000,67,283.96,-21619,76.3966,0.3988
3810000,56,233.953,-21667.5,56.2384,0.397522
3825000,62,255.716,-21607.6,49.6203,0.3949
3840000,53,214.096,-21650.9,56.8214,0.381933
3855000,56,240.739,-21642.2,51.5919,0.39
3870000,52,222.847,-21651.9,47.4515,0.385067
3885000,52,238.203,-21662,69.4167,0.3894
3900000,50,223.739,-21666.4,44.458,0.382344
3915000,67,287.319,-21644.2,51.3973,0.391044
3930000,65,277.766,-21646.5,62.883,0.396111
3945000,58,257.88,-21637.9,50.1391,0.398
3960000,65,277.078,-21652,61.5613,0.3922
3975000,66,268.483,-21640.1,58.2437,0.408733
3990000,66,290.092,-21625.2,60.4601,0.4024
4005000,70,283.124,-21649.3,63.6449,0.397267
4020000,70,300.469,-21621.9,70.0374,0.386667
4035000,53,239.975,-21666.4,49.3695,0.38903
4050000,79,367.975,-21629.8,70.3097,0.410167
4065000,70,305.233,-21613.9,49.4428,0.4042
4080000,87,368.178,-21635.6,77.7256,0.414
4095000,68,311.103,-21667,75.4763,0.39955
4110000,90,392.084,-21623.7,94.4696,0.423333
4125000,60,269.034,-21610.6,52.6694,0.399367
4140000,50,230.859,-21656.9,36.9177,0.392089
4155000,59,237.828,-21625.4,53.2103,0.3904
4170000,64,288.582,-21601.2,60.572,0.393183
4185000,60,255.867,-21632.4,54.3307,0.379867
4200000,72,301.953,-21626.2,76.6721,0.39485
4215000,61,271.768,-21647.3,55.6965,0.394644
4230000,55,229.94,-21638.5,61.5909,0.389867
4245000,62,267.575,-21639.6,56.6761,0.391983
4260000,52,230.41,-21659.4,35.808,0.398567
4275000,62,280.817,-21648.3,56.0898,0.390133
4290000,52,229.397,-21653.2,69.2612,0.386933
4305000,58,273.021,-21660.5,57.8368,0.3846
4320000,63,277.265,-21641.8,64.91,0.380333
4335000,63,273.501,-21640.7,69.9392,0.400133
4350000,65,282.91,-21641.7,67.0348,0.398067
4365000,64,275.008,-21643.1,61.8604,0.390442
4380000,67,314.908,-21624,62.5478,0.405467
4395000,61,267.841,-21630.4,44.3095,0.402067
4410000,62,264.912,-21622,69.5575,0.3844
4425000,64,272.74,-21675,71.4805,0.39015
4440000,64,263.353,-21640.6,71.5759,0.380767
4455000,52,226.621,-21649.1,53.7852,0.3824
4470000,67,293.905,-21644.7,65.4949,0.396467
4485000,66,294.817,-21646.5,62.4367,0.376267
4500000,57,243.908,-21648.1,40.1317,0.380267
4515000,49,213.026,-21652.2,37.9785,0.380133
4530000,38,161.52,-21694.3,32.4238,0.386933
4545000,48,213.629,-21668.5,43.2379,0.382053
4560000,46,210.135,-21684.4,45.8507,0.378567
4575000,63,272.488,-21670.1,63.3013,0.3807
4590000,57,248.506,-21651.7,66.2336,0.398467
4605000,60,267.473,-21653.3,70.6557,0.3764
4620000,45,209.807,-21666.4,39.2032,0.37859
4635000,51,228.169,-21679.6,50.7621,0.380183
4650000,70,309.206,-21659,53.6586,0.409933
4665000,74,341.604,-21624.7,65.9809,0.40115
4680000,57,257.205,-21672,67.1062,0.405833
4695000,56,236.755,-21672.3,55.4514,0.391973
4710000,51,226.68,-21683.1,59.489,0.385433
4725000,57,261.04,-21648.2,47.5862,0.403367
4740000,70,300.065,-21658.6,54.6742,0.413467
4755000,48,206.198,-21672.6,41.319,0.39245
4770000,53,233.543,-21651.6,58.5473,0.400033
4785000,58,245.77,-21645.6,58.3396,0.3962
4800000,62,270.711,-21655.1,83.3547,0.395311
4815000,65,291.038,-21627.1,73.6613,0.401533
4830000,69,305.635,-21624.4,89.8823,0.412667
4845000,73,329.79,-21604.1,59.0001,0.403267
4860000,65,287.651,-21626.9,60.2822,0.4036
4875000,61,259.913,-21601.2,54.5024,0.3952
4890000,66,278.898,-21631.8,61.9341,0.3888
4905000,56,238.355,-21633.5,52.4778,0.398533
4920000,74,312.537,-21621,91.0708,0.39685
4935000,70,323.436,-21631,60.7813,0.3917
4950000,63,270.034,-21634.5,56.231,0.397533
4965000,55,228.673,-21653.1,62.3933,0.3842
4980000,65,274.275,-21645.8,61.6938,0.4087
4995000,71,315.813,-21643,68.2435,0.413
5010000,50,219.85,-21621.7,47.5537,0.393444
5025000,58,233.447,-21650.3,62.1767,0.408733
5040000,62,282.864,-21617,66.1143,0.376367
5055000,60,245.94,-21657.4,57.3434,0.407
5070000,41,187.531,-21704.8,41.5527,0.394084
5085000,65,290.42,-21629,59.451,0.406133
5100000,60,263.02,-21652.8,64.8394,0.4058
5115000,62,272.384,-21656.4,78.7362,0.406067
5130000,59,261.449,-21639.6,44.3143,0.405
5145000,57,231.82,-21655.7,50.1208,0.392693
5160000,60,258.974,-21630.5,53.3542,0.395752
5175000,62,268.893,-21642,56.2365,0.401067
5190000,54,233.466,-21652.1,50.5356,0.397556
5205000,57,244.888,-21662.5,65.2257,0.400613
5220000,69,297.291,-21661,57.7958,0.4096
5235000,60,265.47,-21676.4,64.5198,0.4076
5250000,66,292.407,-21635.6,56.2281,0.405133
5265000,69,302.819,-21658.3,76.9884,0.396667
5280000,69,307.692,-21627.2,73.2582,0.4014
5295000,66,284.946,-21632.7,55.2728,0.397333
5310000,59,254.733,-21637.5,59.2156,0.401785
5325000,68,293.932,-21607.4,53.5536,0.378467
5340000,78,345.73,-21635.3,75.5394,0.403156
5355000,84,377.064,-21631.4,83.0119,0.422
5370000,67,272.385,-21600.3,67.482,0.388311
5385000,60,254.516,-21611.3,74.9053,0.368933
5400000,65,291.698,-21645.9,65.3514,0.401178
5415000,60,259.262,-21655.6,52.7284,0.4068
5430000,58,254.017,-21634.8,60.1259,0.399325
5445000,55,235.187,-21674.3,54.0922,0.412733
5460000,73,319.627,-21653.2,82.8363,0.394833
5475000,62,267.444,-21621.6,77.3974,0.391311
5490000,59,250.694,-21625.5,73.8716,0.3916
5505000,75,326.666,-21634.1,67.333,0.408217
5520000,64,272.203,-21635.1,74.0297,0.392167
5535000,75,338.399,-21628,81.9974,0.402867
5550000,78,347.879,-21636.3,83.0096,0.406133
5565000,57,249.052,-21633.5,61.3925,0.415733
5580000,58,244.088,-21626.6,50.0273,0.3844
5595000,84,353.436,-21623.9,80.8686,0.41365
5610000,85,356.432,-21618.5,81.879,0.4116
5625000,80,344.241,-21613.1,91.5435,0.4078
5640000,60,255.278,-21664.1,66.2105,0.397544
5655000,64,279.998,-21630.9,65.3918,0.410747
5670000,81,349.361,-21625.8,89.2338,0.405867
5685000,60,277.14,-21648.9,58.0604,0.3886
5700000,73,309.304,-21639.1,73.4725,0.4062
5715000,63,275.103,-21652.1,63.3454,0.4013
5730000,73,304.737,-21632.3,63.1526,0.406967
5745000,74,321.339,-21637.2,78.2412,0.406633
5760000,71,319.079,-21612.4,79.2901,0.4122
5775000,92,392.93,-21628.1,93.2233,0.425644
5790000,80,333.545,-21612.8,76.9449,0.4184
5805000,69,282.361,-21626.8,73.3894,0.412667
5820000,57,248.558,-21651.2,53.8323,0.405733
5835000,70,278.913,-21660,65.1938,0.404733
5850000,85,363.522,-21606.3,86.0001,0.408411
5865000,71,289.155,-21647.4,54.8365,0.407533
5880000,54,220.731,-21634,48.4698,0.395133
5895000,64,279.772,-21627.3,69.3098,0.398156
5910000,54,232.649,-21653.5,57.7111,0.402541
5925000,61,278.062,-21663.6,70.6002,0.395667
5940000,59,242.584,-21635.1,53.3695,0.392633
5955000,60,252.969,-21643.8,69.7546,0.381467
5970000,52,212.008,-21639.9,61.9409,0.387567
5985000,62,261.622,-21630.7,65.1091,0.4038
6000000,67,301.143,-21639.2,59.6494,0.4058
6015000,67,290.662,-21630.2,64.7093,0.424467
6030000,81,356.634,-21607.6,86.7596,0.422
6045000,80,352.671,-21611.2,65.5869,0.4246
6060000,62,259.722,-21649.3,66.1578,0.400324
6075000,72,327.054,-21629.9,72.0424,0.416567
6090000,65,277.976,-21675.4,57.5632,0.409
6105000,52,246.331,-21687.3,60.6926,0.386856
6120000,55,234.172,-21631.2,79.1672,0.4096
6135000,58,251.582,-21668.4,60.46,0.4016
6150000,52,233.792,-21653.5,53.9606,0.397867
6165000,57,234.409,-21648.2,53.9223,0.3998
6180000,58,243.179,-21657,60.3809,0.4017
6195000,50,226.846,-21657.8,34.8338,0.391978
6210000,62,270.251,-21645.4,57.7174,0.398367
6225000,72,319.234,-21629.1,79.7008,0.395167
6240000,88,361.394,-21619.6,90.353,0.421667
6255000,81,349.698,-21599.2,102.706,0.420067
6270000,66,277.747,-21610.1,76.0483,0.402467
6285000,68,304.849,-21639.7,82.1257,0.40304
6300000,65,274.992,-21633.8,61.3834,0.393633
6315000,59,247.184,-21644.6,48.723,0.402133
6330000,67,283.268,-21630.4,45.8854,0.389067
6345000,49,209.511,-21646.1,50.2785,0.402983
6360000,61,276.61,-21649.4,59.6382,0.3934
6375000,59,252.307,-21630.2,54.7813,0.398067
6390000,58,249.549,-21641.5,57.1963,0.3963
6405000,63,245.453,-21636.1,63.5235,0.3937
6420000,74,318.706,-21655,70.9507,0.406067
6435000,67,325.426,-21626.3,73.4277,0.405911
6450000,59,254.599,-21639.1,69.6542,0.394467
6465000,63,276.876,-21619.3,61.1198,0.4022
6480000,55,245.088,-21621,58.4808,0.392633
6495000,53,236.272,-21634.7,49.859,0.389667
6510000,56,242.948,-21631,55.6006,0.392289
6525000,59,256.198,-21630,61.9537,0.3907
6540000,73,313.28,-21631.5,73.4925,0.400133
6555000,61,241.042,-21626.1,71.6325,0.3996
6570000,81,343.984,-21636.9,63.2958,0.406489
6585000,74,326.118,-21604.6,69.8533,0.4151
6600000,82,365.03,-21626.2,98.0273,0.412667
6615000,74,327.302,-21627.2,77.3034,0.414933
6630000,71,289.591,-21616.1,78.2418,0.397133
6645000,76,330.295,-21617.2,78.4408,0.385333
6660000,95,413.394,-21580.5,87.6641,0.400133
6675000,81,360.206,-21602.5,87.7861,0.414867
6690000,82,350.179,-21621.1,78.3341,0.407133
6705000,78,330.127,-21626.7,76.3313,0.413067
6720000,79,339.173,-21610.7,98.5417,0.401133
6735000,71,306.99,-21645.4,79.6224,0.411418
6750000,86,394.699,-21632.1,97.537,0.4082
6765000,83,370.19,-21621.8,82.3132,0.416933
6780000,72,314.974,-21630.2,82.913,0.410667
6795000,87,361.075,-21647.9,86.038,0.407333
6810000,75,313.145,-21614.7,83.1828,0.413613
6825000,86,382.841,-21610.7,80.1706,0.413867
6840000,77,341.782,-21635.3,69.8822,0.416889
6855000,62,284.341,-21604.6,60.1159,0.4209
6870000,48,215.456,-21656.8,59.6717,0.3881
6885000,49,220.652,-21628.6,56.1611,0.3902
6900000,59,253.418,-21645.4,69.7937,0.381667
6915000,68,294.726,-21647.7,89.9816,0.399733
6930000,62,271.983,-21654.8,53.09,0.392033
6945000,55,238.172,-21624.1,54.8766,0.405733
6960000,49,220.048,-21637.7,34.1746,0.389733
6975000,68,313.395,-21644.5,58.4513,0.402165
6990000,64,284.167,-21630.5,55.2055,0.393533
7005000,59,252.932,-21613.7,80.3052,0.40196
7020000,72,322.218,-21632,90.7474,0.404233
7035000,68,296.539,-21631.3,65.4299,0.4084
7050000,73,313.957,-21610.2,71.762,0.407733
7065000,60,247.309,-21616.2,51.8072,0.400267
7080000,52,226.418,-21631.9,44.0803,0.398889
7095000,71,302.821,-21623.8,62.8978,0.397267
7110000,51,233.044,-21636.7,46.8857,0.396333
7125000,71,310.181,-21630.6,90.0678,0.406267
7140000,52,223.893,-21620,60.7959,0.3956
7155000,39,172.695,-21670.7,39.2245,0.387689
7170000,63,279.053,-21643,60.5141,0.3987
7185000,60,259.61,-21640.2,64.8814,0.3848
7200000,50,229.415,-21656.1,49.3446,0.375578
7215000,56,233.179,-21656.5,49.7526,0.388133
7230000,56,256.167,-21648.8,71.531,0.410933
7245000,54,236.924,-21654.9,64.1361,0.4012
7260000,29,113.769,-21716.3,24.6374,0.386211
7275000,47,196.054,-21654.4,47.4494,0.38724
7290000,66,272.252,-21635.5,68.2,0.386133
7305000,62,274.362,-21644.3,66.3398,0.395867
7320000,59,274.515,-21653.2,60.3665,0.385089
7335000,54,234.541,-21635.4,43.7069,0.393133
7350000,64,262.725,-21629.6,54.0565,0.396267
7365000,49,221.496,-21659.4,51.1188,0.390633
7380000,59,244.676,-21631.3,51.8211,0.405633
7395000,66,299.416,-21647.3,67.6309,0.396333
7410000,55,228.144,-21643.2,52.2815,0.390267
7425000,69,286.081,-21624.3,83.8675,0.398533
7440000,52,222.524,-21618.6,59.333,0.387333
7455000,56,230.528,-21627.6,56.5157,0.375733
7470000,40,174.565,-21698,43.3646,0.370981
7485000,46,210.703,-21687,52.3702,0.383867
7500000,76,312.846,-21647.1,71.9458,0.388956
7515000,71,300.496,-21643.3,68.189,0.411667
7530000,58,255.268,-21640.3,51.8562,0.401067
7545000,63,273.208,-21641,78.6631,0.394333
7560000,74,326.364,-21638,80.5134,0.405267
7575000,77,322.417,-21622.1,74.8092,0.3964
7590000,62,276.928,-21641,73.3247,0.398467
7605000,65,299.402,-21640.5,60.8634,0.3926
7620000,62,269.943,-21626.3,45.5897,0.382067
7635000,63,291.43,-21648,61.2123,0.382067
7650000,62,272.419,-21654.1,62.2415,0.397933
7665000,43,191.625,-21698.8,39.6803,0.3825
7680000,75,327.633,-21641.9,67.8796,0.394667
7695000,60,244.22,-21630.6,53.1434,0.392909
7710000,56,246.718,-21640.4,54.6213,0.402867
7725000,59,248.836,-21657.9,44.6778,0.407311
7740000,48,212.738,-21647.8,36.8104,0.3888
7755000,56,238.284,-21654.5,57.5654,0.3903
7770000,69,316.225,-21649.2,78.4545,0.400367
7785000,67,291.638,-21646.2,80.5418,0.403667
7800000,68,289.622,-21648.1,79.7357,0.4062
7815000,76,324.685,-21616.1,78.3433,0.4168
7830000,78,334.231,-21635.6,83.39,0.409933
7845000,72,309.792,-21622.5,68.766,0.416067
7860000,72,294.615,-21613.2,63.3655,0.389933
7875000,69,305.883,-21629.9,66.8111,0.391867
7890000,81,353.757,-21612.3,65.4149,0.407933
7905000,64,278.09,-21664.7,68.5624,0.40157
7920000,74,314.26,-21616.6,69.7357,0.405733
7935000,85,379.454,-21610.6,83.2349,0.406267
7950000,85,370.283,-21617.2,89.2122,0.405933
7965000,70,286.531,-21621.8,75.9122,0.40265
7980000,83,379.918,-21609.1,76.5871,0.395167
7995000,76,328.093,-21642.1,87.0266,0.4096
8010000,79,358.592,-21623.2,78.6925,0.406067
8025000,69,290.306,-21632.5,69.6441,0.405367
8040000,64,283.823,-21618.9,73.5645,0.402933
8055000,69,279.32,-21626.1,63.2154,0.397267
8070000,71,316.104,-21628.9,72.5129,0.4006
8085000,83,347.536,-21613.1,86.2921,0.407933
8100000,89,385.993,-21604.3,97.0688,0.4106
8115000,61,264.276,-21649.4,57.2646,0.407789
8130000,81,353.586,-21628.6,90.5187,0.399733
8145000,84,379.026,-21609.4,87.2932,0.4028
8160000,41,181.622,-21683.8,47.0882,0.388719
8175000,90,407.563,-21594.4,83.3331,0.4005
8190000,55,250.849,-21633,58.7373,0.391173
8205000,80,366.764,-21607.1,80.8091,0.405167
8220000,74,341.492,-21606.8,64.8343,0.398933
8235000,88,407.93,-21612.5,73.2356,0.404733
8250000,80,342.286,-21615.3,79.5525,0.413733
8265000,83,390.848,-21622.3,97.7499,0.425533
8280000,77,333.657,-21612.2,72.5881,0.401244
8295000,68,295.642,-21639.7,61.9109,0.405533
8310000,50,217.211,-21664.3,58.6722,0.394673
8325000,59,258.847,-21658.4,54.7608,0.391467
8340000,76,325.037,-21635.1,80.6933,0.403133
8355000,58,261.278,-21607.6,51.357,0.395322
8370000,70,311.326,-21599.7,76.6367,0.366467
8385000,68,283.589,-21604,77.37,0.406822
8400000,72,300.492,-21615.7,64.5018,0.4044
8415000,73,300.521,-21613.5,80.0534,0.408667
8430000,85,376.651,-21585.7,83.927,0.393617
8445000,84,364.173,-21597.3,72.5748,0.401067
8460000,75,329.288,-21609.7,90.2873,0.401333
8475000,75,342.378,-21637.2,71.9106,0.409717
8490000,68,296.021,-21656.9,76.8977,0.398539
8505000,72,316.923,-21617.5,74.0375,0.393933
8520000,65,287.836,-21620,66.4883,0.397422
8535000,63,273.409,-21627.5,65.8114,0.396467
8550000,84,359.172,-21582.6,90.7972,0.400222
8565000,87,397.255,-21573.6,99.7904,0.414933
8580000,77,344.588,-21608.8,71.3138,0.4134
8595000,71,323.55,-21579.1,57.8488,0.390267
8610000,61,263.616,-21606.3,55.1169,0.3944
8625000,79,346.01,-21599.8,63.2119,0.4056
8640000,69,287.655,-21610.7,85.1405,0.4044
8655000,72,314.098,-21633.2,77.1729,0.4072
8670000,65,288.465,-21640,60.8666,0.39545
8685000,62,261.52,-21614.7,66.3832,0.393067
8700000,44,199.022,-21663.9,50.0393,0.401267
8715000,53,230.045,-21648.9,56.3141,0.380027
8730000,68,299.104,-21605.1,67.7837,0.385178
8745000,59,250.491,-21643,59.062,0.390733
8760000,63,273.881,-21611.7,47.7919,0.382467
8775000,69,315.635,-21614.3,60.332,0.386633
8790000,102,452.037,-21589.6,90.7591,0.411
8805000,92,410.19,-21598.8,72.8795,0.4208
8820000,70,322.315,-21588.4,53.0172,0.405667
8835000,73,333.969,-21630.2,77.7586,0.396133
8850000,64,293.355,-21597.4,68.7684,0.3954
8865000,76,336.554,-21584,65.6181,0.386267
8880000,79,334.03,-21586.3,100.219,0.401067
8895000,59,264.197,-21622.9,61.2478,0.3879
8910000,81,357.468,-21593,101.245,0.397467
8925000,78,357.194,-21611.5,79.9434,0.405333
8940000,60,262.805,-21632.5,67.5932,0.388689
8955000,72,320.29,-21603.3,68.7739,0.4111
8970000,53,230.096,-21640.3,65.5823,0.381467
8985000,72,321.453,-21606.1,76.3853,0.3989
9000000,68,293.254,-21603.7,59.3972,0.401133
9015000,69,307.257,-21608.5,67.6547,0.387533
9030000,69,286.76,-21614.5,79.782,0.400867
9045000,68,307.72,-21610.1,71.2043,0.398467
9060000,75,324.345,-21614.6,82.7716,0.414067
9075000,83,352.558,-21642.7,92.6395,0.408
9090000,48,209.124,-21676.5,53.4949,0.398869
9105000,59,253.189,-21629.7,62.3038,0.4027
9120000,63,264.558,-21638.1,66.6121,0.393867
9135000,61,275.412,-21649.1,50.5456,0.395667
9150000,45,207.385,-21655.3,44.1069,0.375683
9165000,45,198.629,-21667.7,49.9606,0.361
9180000,59,267.809,-21652.2,52.5216,0.3924
9195000,42,192.073,-21678.4,36.0849,0.380619
9210000,43,193.335,-21672.2,41.2359,0.378978
9225000,52,230.628,-21668.3,53.9676,0.387733
9240000,59,242.396,-21643.5,71.0461,0.392433
9255000,57,252.5,-21647.3,60.3453,0.391533
9270000,56,252.744,-21647.6,49.7502,0.398467
9285000,45,204.62,-21674.7,50.328,0.3811
9300000,53,219.449,-21645.2,56.6088,0.388133
9315000,61,274.709,-21638.6,64.7492,0.395
9330000,60,244.572,-21638.4,75.8286,0.4012
9345000,42,187.541,-21677,35.0446,0.3825
9360000,68,296.839,-21635.7,66.4445,0.399967
9375000,53,209.253,-21640.8,46.8679,0.390844
9390000,65,292.983,-21625,64.8198,0.406133
9405000,52,235.667,-21631.9,52.8935,0.393667
9420000,50,220.481,-21664.9,67.2128,0.386422
9435000,51,224.197,-21654.8,48.1604,0.381467
9450000,55,221.533,-21672.9,60.0684,0.386367
9465000,54,238.952,-21668.9,50.5891,0.3853
9480000,52,229.287,-21649.2,41.7576,0.3872
9495000,55,247.247,-21657.3,53.2262,0.382867
9510000,54,231.915,-21655.5,59.5651,0.394133
9525000,58,257.656,-21638.9,51.6018,0.3874
9540000,54,244.563,-21657.7,58.9059,0.385041
9555000,60,264.345,-21653,68.6317,0.3986
9570000,51,207.071,-21645.2,47.8671,0.387567
9585000,54,234.221,-21654.2,60.3457,0.382
9600000,68,298.271,-21632.5,60.3672,0.401667
9615000,61,259.932,-21649,68.2147,0.393707
9630000,48,208.854,-21630.8,46.6813,0.394533
9645000,62,267.748,-21642.8,75.7622,0.384133
9660000,55,227.53,-21634.1,55.6799,0.389133
9675000,53,215.89,-21640.8,60.7906,0.385733
9690000,62,267.364,-21662.7,60.9766,0.398022
9705000,76,328.748,-21639.4,67.2043,0.402133
9720000,55,229.761,-21656.1,57.6025,0.402844
9735000,45,197.98,-21651.8,37.5626,0.38084
9750000,56,252.237,-21675.6,73.8011,0.396833
9765000,59,263.914,-21664.7,57.3147,0.387333
9780000,68,322.633,-21652.7,71.725,0.403907
9795000,46,197.397,-21653.7,64.5598,0.3914
9810000,78,342.677,-21627.1,78.6078,0.4012
9825000,72,323.494,-21634.2,74.9092,0.398533
9840000,75,333.473,-21634.6,67.3419,0.403333
9855000,72,311.89,-21631,53.7032,0.407267
9870000,64,276.508,-21651.7,48.3654,0.3976
9885000,80,349.931,-21639.1,85.215,0.4149
9900000,60,272.804,-21660.1,52.5315,0.416033
9915000,85,386.008,-21647.5,78.2386,0.4234
9930000,77,312.949,-21610.7,78.2065,0.4106
9945000,69,297.52,-21631.8,79.5713,0.404533
9960000,77,332.166,-21625,78.7416,0.421733
9975000,72,313.208,-21611.9,87.6346,0.419467
9990000,63,276.152,-21621.8,61.2695,0.395313
10005000,63,284.245,-21615.3,76.8857,0.388267
10020000,39,164.338,-21664.9,26.407,0.396958
10035000,62,273.575,-21629.8,56.2922,0.402467
10050000,69,310.236,-21616.7,70.5692,0.398333
10065000,73,322.11,-21628.6,87.2489,0.408867
10080000,76,330.828,-21596.8,76.1866,0.402467
10095000,69,305.269,-21609.2,76.1607,0.4042
10110000,71,322.043,-21620.2,76.1512,0.3996
10125000,76,331.087,-21619.6,68.9841,0.404533
10140000,76,322.287,-21601.9,69.0924,0.410933
10155000,64,291.767,-21645.3,66.599,0.395373
10170000,37,153.789,-21693.2,40.0742,0.386707
10185000,67,295.086,-21617.1,66.9457,0.4072
10200000,47,207.899,-21641.1,53.0272,0.398156
10215000,61,272.669,-21619.1,57.1323,0.395733
10230000,62,264.73,-21596.3,61.7766,0.3906
10245000,71,302.804,-21614.5,85.1705,0.390667
10260000,71,299.075,-21651.2,75.3217,0.389567
10275000,87,386.456,-21592.5,87.8722,0.4118
10290000,75,320.155,-21599.6,91.6882,0.402733
10305000,77,330.954,-21637.6,78.7078,0.403778
10320000,87,391.037,-21624.8,95.0109,0.4194
10335000,76,333.547,-21614.6,66.4159,0.410911
10350000,77,343.965,-21625.1,94.7085,0.406
10365000,88,369.932,-21635.5,81.4491,0.416067
10380000,52,220.469,-21632.2,68.8402,0.412233
10395000,67,284.957,-21633.2,57.5496,0.4124
10410000,72,306.936,-21629.9,73.5535,0.394667
10425000,76,330.251,-21650.6,86.278,0.403833
10440000,72,334.423,-21628.6,86.5762,0.4051
10455000,70,287.263,-21625.6,76.0881,0.394516
10470000,76,322.869,-21614.4,79.8757,0.407156
10485000,67,295.271,-21622.1,63.5038,0.399489
10500000,60,259.227,-21610.5,54.7783,0.399767
10515000,66,276.031,-21600.1,60.79,0.39355
10530000,77,325.159,-21595.1,90.2739,0.401133
10545000,76,344.372,-21602.9,71.9441,0.405267
10560000,77,334.596,-21600.3,80.7241,0.407
10575000,79,359.578,-21599.7,72.0428,0.398387
10590000,70,310.849,-21610.6,80.1006,0.401133
10605000,64,279.459,-21623,58.4188,0.402133
10620000,63,262.498,-21619.2,61.1442,0.394133
10635000,57,245.817,-21658.9,54.4652,0.395487
10650000,61,257.715,-21670.8,68.8464,0.399367
10665000,69,302.691,-21647.5,77.8412,0.4058
10680000,50,229.819,-21649.7,51.5051,0.401267
10695000,60,250.922,-21647,62.4938,0.3965
10710000,58,235.682,-21667.1,48.7806,0.391933
10725000,68,291.935,-21633.8,69.072,0.396222
10740000,68,308.03,-21627.8,69.259,0.390367
10755000,85,355.773,-21627.3,99.2924,0.414933
10770000,55,251.943,-21647.2,62.5924,0.391348
10785000,61,268.616,-21610.7,67.2166,0.393617
10800000,63,277.663,-21638.2,67.8448,0.391033
10815000,82,356.767,-21595.5,77.1785,0.3943
10830000,72,302.479,-21626.3,67.1637,0.401067
10845000,65,287.079,-21623.1,58.4216,0.397067
10860000,52,239.036,-21656.2,55.6082,0.396783
10875000,63,268.873,-21628.9,55.3384,0.406917
10890000,69,306.193,-21620.7,70.1006,0.399733
10905000,65,271.99,-21637.7,77.0657,0.405283
10920000,72,311.299,-21633.6,67.6107,0.398267
10935000,67,275.885,-21643.2,64.8391,0.4025
10950000,70,299.09,-21603.2,73.5566,0.402
10965000,69,304.555,-21643.5,89.7328,0.3984
10980000,55,243.137,-21648.1,58.4018,0.409
10995000,54,231.112,-21631.5,67.1075,0.395867
11010000,59,264.416,-21624.6,60.7156,0.392567
11025000,68,307.076,-21639.8,60.5643,0.383
11040000,63,273.88,-21651.1,82.4299,0.406267
11055000,63,282.451,-21615.4,56.8269,0.3984
11070000,69,306.933,-21638.2,79.561,0.391667
11085000,70,305.178,-21627.9,52.8439,0.39684
11100000,56,253.116,-21640.7,47.6956,0.402967
11115000,60,255.434,-21617.6,52.1826,0.399767
11130000,63,270.013,-21613.3,80.5288,0.388267
11145000,62,254.331,-21644.2,54.8203,0.38804
11160000,84,379.406,-21619.1,75.7646,0.4155
11175000,77,343.255,-21635.9,71.8874,0.412533
11190000,68,300.187,-21638.7,76.8761,0.4176
11205000,59,268.348,-21650.8,61.5193,0.400283
11220000,76,325.468,-21641.5,66.0694,0.414133
11235000,63,278.638,-21654.4,51.9742,0.415933
11250000,60,261.12,-21641.4,56.012,0.397289
11265000,63,289.877,-21641.5,73.0936,0.40057
11280000,65,275.061,-21641.6,56.4882,0.389933
11295000,63,290.816,-21679.7,64.7129,0.398267
11310000,78,340.558,-21625.8,87.9769,0.412867
11325000,72,314.094,-21598.5,49.6862,0.403733
11340000,65,276.437,-21598.9,71.0916,0.403467
11355000,46,185.149,-21649,37.0367,0.396867
11370000,73,315.067,-21590.8,70.4387,0.3967
11385000,67,291.133,-21597.4,60.2469,0.4014
11400000,68,298.103,-21595.4,61.6416,0.381333
11415000,64,271.484,-21595,63.2967,0.383933
11430000,57,242.879,-21595.7,53.4869,0.3766
11445000,51,230.4,-21644.3,52.3307,0.389033
11460000,71,302.818,-21603.3,90.068,0.398333
11475000,66,286.222,-21612.1,69.516,0.403067
11490000,65,281.695,-21605.7,72.286,0.3796
11505000,75,319.753,-21632.8,76.0494,0.392567
11520000,83,352.862,-21611.2,86.2435,0.398833
11535000,64,277.572,-21608.8,65.8073,0.410133
11550000,64,285.437,-21615.4,69.5334,0.406733
11565000,58,243.678,-21635.9,67.3885,0.402467
11580000,62,276.107,-21622.4,61.9493,0.3996
11595000,70,312.075,-21611.8,60.0066,0.405967
11610000,66,299.319,-21614.2,62.6374,0.3954
11625000,61,272.641,-21651.4,49.2012,0.39304
11640000,81,352.207,-21620,85.5035,0.413067
11655000,85,370.817,-21604.2,83.5274,0.410667
11670000,85,369.433,-21596.4,95.5412,0.426
11685000,80,352.207,-21612.1,106.904,0.408267
11700000,64,271.25,-21622.8,74.8879,0.4094
11715000,57,250.409,-21624.1,50.355,0.398567
11730000,57,249.101,-21612.2,59.6901,0.389333
11745000,55,234.954,-21642.6,47.5561,0.387044
11760000,59,260.62,-21629.9,58.958,0.397867
11775000,58,252.015,-21630.2,60.6464,0.381667
11790000,62,266.693,-21639,76.1796,0.383067
11805000,83,375.582,-21640.1,77.9315,0.409893
11820000,80,342.755,-21649.8,74.4568,0.428733
11835000,61,256.368,-21650.6,56.3055,0.4068
11850000,67,280.707,-21634.8,67.2576,0.39295
11865000,57,258.175,-21676.5,62.5999,0.399517
11880000,57,262.428,-21652.1,51.4635,0.403333
11895000,63,259.92,-21646.9,65.8171,0.407733
11910000,68,297.047,-21624.8,55.3097,0.40224
11925000,59,249.679,-21664.4,59.9631,0.4134
11940000,56,261.647,-21631.5,65.5799,0.4012
11955000,58,254.655,-21636.3,57.5098,0.3852
11970000,56,250.455,-21677.1,52.5292,0.391333
11985000,52,212.639,-21697,57.8815,0.399383
12000000,52,228.61,-21644.6,60.5013,0.389733
12015000,48,207.063,-21657.4,47.3487,0.383733
12030000,63,274.704,-21653.3,56.909,0.395422
12045000,50,224.447,-21646.6,46.144,0.3976
12060000,50,209.393,-21657.6,64.2632,0.394433
12075000,64,282.002,-21624.3,90.3303,0.392967
12090000,39,166.006,-21675.9,37.1416,0.379083
12105000,51,216.461,-21645.7,39.6034,0.3924
12120000,57,254.119,-21636.9,55.336,0.3794
12135000,59,244.054,-21637.8,53.2037,0.3884
12150000,67,285.828,-21659.6,68.5867,0.389067
12165000,63,273.927,-21629.8,59.2995,0.390356
12180000,59,249.725,-21643.8,53.6714,0.405533
12195000,58,256.98,-21642.6,53.1687,0.375381
12210000,46,200.447,-21644.7,42.9235,0.3929
12225000,54,243.838,-21635.3,51.8209,0.3979
12240000,65,290.066,-21637.9,58.1821,0.404656
12255000,76,337.59,-21627.8,75.7905,0.399167
12270000,62,279.598,-21625.9,60.7641,0.400933
12285000,52,224.742,-21680.5,50.9051,0.389787
12300000,53,224.144,-21639.1,61.5992,0.394617
12315000,51,218.417,-21623,52.9439,0.3752
12330000,63,269.965,-21630.7,66.1187,0.382933
12345000,65,270.276,-21641.2,60.9551,0.407867
12360000,65,288.44,-21629.6,62.2603,0.395133
12375000,75,336.771,-21606,70.2608,0.393581
12390000,73,330.861,-21640.4,80.3358,0.397833
12405000,61,263.055,-21630.8,68.5857,0.398925
12420000,57,239.23,-21597.2,64.8316,0.388244
12435000,58,262.502,-21628,56.9215,0.390367
12450000,64,286.713,-21616.6,67.1109,0.403733
12465000,52,233.251,-21626.6,58.0635,0.391622
12480000,60,270.989,-21609.2,57.8959,0.381333
12495000,67,301.828,-21639,62.7152,0.3978
12510000,61,277.77,-21626.8,64.4345,0.387367
12525000,69,302.496,-21592.2,67.0022,0.39048
12540000,64,271.922,-21625.8,54.5867,0.389267
12555000,63,279.33,-21657.1,63.2508,0.395711
12570000,54,244.876,-21648.6,54.7219,0.392933
12585000,61,249.313,-21633.4,70.8723,0.382622
12600000,71,281.234,-21614.6,78.4434,0.4002
12615000,74,337.431,-21626.5,86.1266,0.406133
12630000,75,316.618,-21645,73.1687,0.397267
12645000,67,293.5,-21644,65.8484,0.4072
12660000,66,288.094,-21630.6,78.9425,0.410983
12675000,62,279.82,-21635.8,56.8603,0.407217
12690000,58,241.415,-21643.3,61.9897,0.395433
12705000,60,264.908,-21672.2,70.678,0.39835
12720000,46,202.253,-21642.8,61.1398,0.3976
12735000,55,224.309,-21637.3,62.4635,0.3971
12750000,55,244.116,-21650.9,47.3478,0.3915
12765000,72,329.281,-21645.6,62.0692,0.394267
12780000,65,278.49,-21633.1,60.3135,0.4048
12795000,74,336.485,-21637.7,73.0718,0.396133
12810000,64,294.982,-21639.3,72.1066,0.403867
12825000,60,279.45,-21649.2,56.315,0.3946
12840000,62,272.789,-21673.6,64.295,0.395743
12855000,54,238.369,-21661.1,70.8036,0.3857
12870000,54,239.622,-21673.5,49.8724,0.3972
12885000,64,284.614,-21659.7,66.0474,0.398244
12900000,68,304.752,-21649.5,66.526,0.408167
12915000,78,333.93,-21651.9,75.4017,0.408433
12930000,57,234.869,-21649.4,56.7329,0.3929
12945000,58,245.877,-21665.8,57.8375,0.392133
12960000,68,299.205,-21655.1,93.2962,0.396244
12975000,59,237.692,-21662.6,64.8511,0.399333
12990000,61,281.652,-21656.3,67.0018,0.388633
13005000,54,237.633,-21638.8,52.4026,0.3861
13020000,61,280.552,-21656.7,60.4975,0.3995
13035000,49,224.087,-21639.7,49.3037,0.402333
13050000,58,261.91,-21655.7,61.917,0.3816
13065000,58,259.196,-21645.7,59.009,0.387733
13080000,63,268.853,-21626.7,61.6654,0.390222
13095000,82,360.014,-21629.7,88.3399,0.4064
13110000,75,335.219,-21602.8,87.3378,0.4122
13125000,76,325.875,-21619.8,67.4725,0.398933
13140000,62,272.161,-21668.7,66.6258,0.39224
13155000,81,368.565,-21648.1,63.8616,0.4201
13170000,57,254.162,-21655.7,46.1375,0.3872
13185000,58,264.283,-21646.3,54.3519,0.399367
13200000,66,297.062,-21679.9,63.0565,0.391067
13215000,75,319.111,-21626.7,79.6182,0.402733
13230000,61,258.99,-21668.8,57.071,0.403
13245000,63,270.202,-21643.7,58.346,0.395
13260000,55,251.837,-21642,53.8598,0.394333
13275000,57,251.495,-21642.8,48.7428,0.3966
13290000,53,249.518,-21650.3,50.7297,0.399814
13305000,50,235.568,-21684.5,35.1841,0.381467
13320000,42,191.553,-21694.4,43.636,0.3877
13335000,71,317.289,-21650.8,54.967,0.398
13350000,62,278.544,-21665.6,75.0906,0.425533
13365000,50,218.782,-21654.7,47.3797,0.399733
13380000,34,147.21,-21676.5,31.7569,0.38092
13395000,35,158.104,-21694.2,45.8315,0.367
13410000,49,209.332,-21670.3,52.3721,0.394467
13425000,52,221.107,-21664.6,59.8149,0.410267
13440000,35,146.054,-21700,38.8704,0.385058
13455000,55,244.232,-21666.1,45.1668,0.401667
13470000,37,159.702,-21691.7,33.6707,0.374
13485000,46,202.136,-21692.8,43.0411,0.4051
13500000,40,188.809,-21689,32.4939,0.376467
13515000,50,220.401,-21690,38.5871,0.404133
13530000,58,256.279,-21680.1,50.4458,0.389563
13545000,56,229.586,-21663.1,44.309,0.398267
13560000,65,286.723,-21647.9,62.2158,0.403267
13575000,62,254.321,-21650.4,58.7807,0.401067
13590000,62,268.459,-21675.1,59.5048,0.389422
13605000,58,262.245,-21672.3,61.3267,0.396856
13620000,61,264.571,-21653.7,69.6861,0.400067
13635000,62,274.141,-21650.3,50.0787,0.397267
13650000,51,231.178,-21667.1,48.5481,0.406933
13665000,49,214.334,-21656.9,50.097,0.3974
13680000,55,221.129,-21660.7,61.1235,0.4022
13695000,63,275.495,-21647.4,52.2721,0.402967
13710000,53,236.61,-21680.6,49.4355,0.4064
13725000,70,310.561,-21657.2,60.5406,0.4045
13740000,68,310.995,-21649.2,80.4996,0.400333
13755000,76,345.219,-21644.8,69.8437,0.411067
13770000,76,335.741,-21649.3,77.9018,0.4004
13785000,63,268.684,-21634.1,66.2249,0.397437
13800000,60,269.121,-21631.8,52.1137,0.390667
13815000,77,325.518,-21617.9,73.7213,0.408267
13830000,68,320.605,-21635.6,77.5761,0.4054
13845000,68,290.6,-21627.9,61.2599,0.411267
13860000,77,326.663,-21623.4,81.9448,0.412733
13875000,58,254.84,-21638.1,51.9155,0.399206
13890000,70,301.273,-21636,72.6874,0.409133
13905000,60,253.926,-21647.7,57.845,0.406156
13920000,78,352.519,-21654,82.2646,0.402333
13935000,70,317.385,-21631.9,54.4108,0.409067
13950000,67,299.012,-21642.1,67.9422,0.397683
13965000,68,287.158,-21639.6,65.4625,0.3946
13980000,61,276.912,-21637.5,50.4362,0.390283
13995000,61,265.53,-21631.4,63.3441,0.39475
14010000,62,284.297,-21656.9,55.5244,0.386667
14025000,55,247.151,-21633.4,75.7193,0.382667
14040000,65,289.896,-21655.5,53.0757,0.384633
14055000,55,237.27,-21645.5,51.8821,0.394
14070000,51,213.403,-21656.1,59.1302,0.3949
14085000,56,238.6,-21648.6,56.6107,0.400067
14100000,69,301.315,-21631.4,67.8515,0.384267
14115000,70,300.478,-21627.9,68.8171,0.396178
14130000,78,349.88,-21642,80.7441,0.4066
14145000,60,256.11,-21646.4,75.5735,0.3908
14160000,51,217.097,-21651.9,41.4601,0.3828
14175000,56,232.57,-21637.3,52.0934,0.391289
14190000,72,312.29,-21672,80.8283,0.391562
14205000,71,301.626,-21653.5,72.8051,0.397378
14220000,62,281.765,-21653.7,69.0574,0.402867
14235000,54,233.568,-21639.1,54.3882,0.393867
14250000,70,298.403,-21636.2,89.6612,0.381267
14265000,53,241.564,-21687.1,51.7238,0.405627
14280000,66,287.088,-21650.9,52.0382,0.407705
14295000,72,321.313,-21641.5,72.9829,0.395733
14310000,62,257.487,-21634.5,60.2056,0.388317
14325000,47,209.6,-21662.3,42.1467,0.394033
14340000,71,312.429,-21612.5,69.4457,0.397967
14355000,88,381.538,-21625.7,88.0817,0.410067
14370000,85,377.148,-21641.5,102.181,0.411387
14385000,72,322.795,-21653.8,67.8684,0.421
14400000,53,226.858,-21643.2,42.3851,0.390244
14415000,57,259.223,-21642.2,61.8499,0.401144
14430000,52,235.26,-21627.2,49.6123,0.395867
14445000,54,224.284,-21663.2,52.5535,0.405933
14460000,70,310.99,-21627.7,61.9419,0.385
14475000,67,291.554,-21621.2,51.5603,0.396267
14490000,58,256.91,-21612.8,57.0413,0.405333
14505000,57,240.536,-21630,58.471,0.40515
14520000,62,264.919,-21621.9,67.1582,0.3924
14535000,70,314.782,-21612.1,60.9177,0.3848
14550000,83,360.99,-21620.9,69.5953,0.401067
14565000,65,292.497,-21609.3,65.385,0.401533
14580000,86,391.183,-21597.5,81.7656,0.404267
14595000,72,325.651,-21603.4,74.0568,0.404244
14610000,79,340.678,-21594.7,71.006,0.396867
14625000,76,337.142,-21615.3,78.1321,0.403067
14640000,86,372.49,-21624.7,85.3284,0.420467
14655000,85,389.052,-21617,104.642,0.422933
14670000,64,279.419,-21632.7,64.6442,0.407121
14685000,56,265.809,-21641,57.1898,0.414
14700000,65,282.278,-21627.5,57.4879,0.403838
14715000,75,329.776,-21616.7,74.6691,0.417417
14730000,67,282.146,-21598.9,83.458,0.402267
14745000,71,301.522,-21600.2,59.6067,0.401667
14760000,64,273.984,-21645.8,70.2959,0.38895
14775000,67,289.632,-21622.6,70.6612,0.402133
14790000,69,301.821,-21652.5,81.9536,0.401876
14805000,62,265.793,-21624.7,72.7021,0.4111
14820000,66,294.429,-21640.1,58.5547,0.390733
14835000,63,280.446,-21631.4,47.2337,0.404911
14850000,64,269.021,-21598.7,65.7255,0.391967
14865000,59,249.81,-21602.5,65.816,0.379733
14880000,71,315.665,-21606.5,85.6118,0.3894
14895000,54,227.856,-21667.1,45.4648,0.397844
14910000,66,302.627,-21659.7,58.945,0.403333
14925000,75,340.037,-21643.4,71.2402,0.419333
14940000,66,291.152,-21656.3,55.3309,0.419933
14955000,56,234.258,-21639.7,57.2238,0.401773
14970000,67,305.974,-21643.5,55.4765,0.3976
14985000,62,253.638,-21645.3,56.1398,0.398333
15000000,61,275.523,-21661.8,60.8496,0.3854
15015000,69,278.825,-21660.1,68.0874,0.398267
15030000,79,359.487,-21630.8,82.4091,0.401467
15045000,64,286.225,-21669,54.7209,0.405676
15060000,78,324.905,-21616,84.2416,0.413967
15075000,52,236.138,-21689.3,61.5358,0.412967
15090000,59,266.665,-21706,61.4619,0.414333
15105000,76,310.183,-21652.1,83.4007,0.418467
15120000,77,353.667,-21647.5,70.5562,0.401884
15135000,55,221.713,-21680.3,54.8624,0.420022
15150000,55,238.545,-21649.1,54.9661,0.413467
15165000,45,193.269,-21677.2,34.5902,0.3994
15180000,58,244.643,-21702.3,77.1493,0.4085
15195000,69,294.288,-21663.2,68.7556,0.410267
15210000,40,183.276,-21675.2,33.8655,0.381178
15225000,68,293.159,-21649.5,62.7894,0.3975
15240000,80,354.771,-21629.8,96.7775,0.4148
15255000,77,357.693,-21631.3,75.5715,0.407533
15270000,75,327.445,-21636.8,95.5454,0.409189
15285000,79,345.605,-21640.1,75.8011,0.419
15300000,67,293.49,-21646.1,68.3395,0.416867
15315000,63,293.265,-21653.1,68.428,0.40275
15330000,55,235.55,-21655,47.9328,0.388667
15345000,62,271.227,-21669.1,61.4931,0.384333
15360000,59,250.039,-21670.1,50.4376,0.395667
15375000,48,214.254,-21676.4,48.2605,0.39472
15390000,42,182.864,-21656,53.517,0.378067
15405000,47,206.46,-21669.1,46.7588,0.383067
15420000,50,224.599,-21652.4,60.2142,0.389938
15435000,55,231.545,-21665.2,49.869,0.388467
15450000,48,200.918,-21654.2,34.1429,0.382078
15465000,61,264.737,-21646.6,77.3311,0.385333
15480000,59,245.091,-21652.8,57.5061,0.3918
15495000,64,276.228,-21632.7,52.7612,0.401817
15510000,53,242.644,-21644.9,68.4422,0.3894
15525000,48,201.88,-21651.7,42.3048,0.398844
15540000,55,236.429,-21647.9,40.2064,0.387167
15555000,57,241.248,-21662.5,46.6061,0.395333
15570000,49,216.511,-21663.3,48.3221,0.395867
15585000,52,235.3,-21650.3,62.1755,0.386
15600000,51,226.333,-21654.6,57.9589,0.3784
15615000,62,275.72,-21648.1,60.2922,0.396093
15630000,67,299.471,-21651.2,49.882,0.4054
15645000,68,272.513,-21627.7,74.584,0.407733
15660000,56,231.282,-21630.6,67.3726,0.402267
15675000,57,264.979,-21675.9,58.206,0.400653
15690000,62,276.886,-21635.9,49.3457,0.4054
15705000,59,242.468,-21665.9,58.9883,0.408033
15720000,54,242.087,-21645.1,57.5167,0.404833
15735000,68,288.94,-21669.8,71.8311,0.4084
15750000,57,251.311,-21622.8,49.6547,0.405533
15765000,69,302.35,-21642.1,68.9777,0.398467
15780000,68,298.428,-21662.3,78.6436,0.406733
15795000,70,308.843,-21642,68.171,0.4168
15810000,61,263.7,-21663.2,57.3362,0.394807
15825000,64,283.285,-21651.7,51.5369,0.403833
15840000,68,289.958,-21635.3,72.3673,0.407867
15855000,72,309.61,-21643.4,58.1545,0.409133
15870000,59,242.264,-21663.5,51.8019,0.395873
15885000,68,297.374,-21655.8,73.4659,0.402733
15900000,62,275.025,-21639.9,63.2638,0.401767
15915000,52,246.682,-21656.1,63.205,0.386733
15930000,50,220.075,-21646.1,49.3041,0.3947
15945000,62,287.586,-21659.7,56.2836,0.406141
15960000,53,244.157,-21665.6,54.4013,0.394978
15975000,62,258.747,-21676.2,67.6804,0.398567
15990000,61,274.087,-21660.5,69.6692,0.403933
16005000,53,239.248,-21646.7,52.8394,0.396911
16020000,56,239.07,-21665,67.5413,0.406
16035000,67,277.69,-21645.4,72.1292,0.4031
16050000,59,251.188,-21651.5,63.2775,0.400767
16065000,62,246.923,-21645.5,74.171,0.4003
16080000,65,286.682,-21641,63.7825,0.398947
16095000,56,240.946,-21655.7,64.3085,0.399578
16110000,63,279.543,-21647.1,66.4659,0.4151
16125000,57,255.257,-21635.6,56.754,0.3934
16140000,66,302.505,-21623.8,89.7332,0.403467
16155000,66,293.576,-21622.6,70.1006,0.402
16170000,68,310.448,-21606,65.7055,0.412333
16185000,66,295.65,-21595.6,61.6701,0.392067
16200000,73,319.689,-21584.1,69.7372,0.3996
16215000,69,284.563,-21645.5,78.8198,0.401993
16230000,82,365.344,-21635.2,85.5681,0.4116
16245000,69,303.784,-21600.8,69.4082,0.408533
16260000,70,287.752,-21628.6,63.2911,0.409
16275000,67,286.742,-21617.1,76.0051,0.393333
16290000,65,292.073,-21645.9,58.8892,0.396985
16305000,65,303.009,-21652.6,67.9573,0.420267
16320000,76,328.356,-21606.6,76.9939,0.398978
16335000,81,347.553,-21610.9,71.8868,0.400333
16350000,88,374.852,-21606.9,71.7173,0.406933
16365000,91,377.316,-21603.1,85.0364,0.416
16380000,61,276.641,-21652.6,70.3132,0.399939
16395000,58,240.096,-21640.7,61.2113,0.4066
16410000,69,307.774,-21647.3,70.6451,0.393567
16425000,58,256.492,-21634.9,68.2917,0.389867
16440000,50,221.99,-21647.8,42.1354,0.391
16455000,53,218.681,-21632.5,45.1522,0.388033
16470000,64,273.01,-21641.9,73.1492,0.4
16485000,59,262.639,-21650.4,60.3379,0.399067
16500000,77,329.68,-21630.6,97.3501,0.407133
16515000,53,234.976,-21666.2,40.9309,0.390948
16530000,87,388.053,-21639.6,77.3967,0.394878
16545000,89,413.829,-21626.5,66.7789,0.421067
16560000,62,281.405,-21644.1,57.8685,0.402044
16575000,59,251.994,-21651.1,85.4899,0.393
16590000,72,294.518,-21653.7,65.6949,0.402556
16605000,70,300.463,-21635.4,50.9352,0.404533
16620000,61,255.405,-21616.9,60.7633,0.3896
16635000,61,263.769,-21636.6,62.3987,0.382667
16650000,68,308.203,-21641.2,72.1221,0.4086
16665000,68,297.978,-21631.8,81.6732,0.386267
16680000,63,265.04,-21615.2,70.3343,0.390933
16695000,71,304.198,-21654.3,68.3008,0.403422
16710000,49,214.295,-21646.5,40.2431,0.388433
16725000,57,265.316,-21639.3,51.6365,0.368533
16740000,63,273.217,-21628,74.1072,0.400156
16755000,76,338.479,-21604.9,95.0066,0.388467
16770000,70,311.945,-21599.2,62.1957,0.3936
16785000,85,360.504,-21630.5,88.1789,0.4204
16800000,73,317.904,-21613.2,73.0741,0.398967
16815000,70,310.256,-21653.4,69.568,0.406433
16830000,58,259.852,-21673.8,58.1124,0.402458
16845000,81,365.559,-21625.9,87.4661,0.411844
16860000,85,382.585,-21623.9,96.4525,0.412333
16875000,72,318.453,-21642.5,66.0207,0.426667
16890000,73,290.028,-21614.2,56.6501,0.402133
16905000,59,264.87,-21670.8,78.0173,0.414053
16920000,61,269.491,-21654.4,63.0896,0.4075
16935000,53,235.668,-21686.5,48.1894,0.4102
16950000,73,326.046,-21664.1,75.2721,0.4044
16965000,75,340.027,-21660.8,82.3882,0.4116
16980000,72,324.048,-21653.7,62.5356,0.4078
16995000,62,273.726,-21652.6,74.8607,0.398133
17010000,53,243.445,-21652.3,51.9549,0.393267
17025000,62,282.579,-21652.6,61.7428,0.385467
17040000,59,256.074,-21643.8,54.0569,0.391733
17055000,47,199.1,-21703.2,33.9741,0.392592
17070000,71,314.319,-21651.7,50.6036,0.3857
17085000,61,257.999,-21663.5,49.6033,0.402493
17100000,76,318.879,-21643.8,87.2717,0.395633
17115000,71,305.177,-21637.9,77.0694,0.413533
17130000,74,325.396,-21657.1,94.2594,0.408233
17145000,65,289.813,-21653.7,61.6181,0.4104
17160000,59,280.038,-21688.3,78.5013,0.392867
17175000,55,248.771,-21662.8,47.6343,0.404333
17190000,63,277.736,-21662.1,69.7742,0.407547
17205000,56,251.81,-21655.4,45.9215,0.391933
17220000,55,230.407,-21649.9,48.7083,0.399267
17235000,54,225.06,-21665.7,38.907,0.401267
17250000,66,294.795,-21658.8,75.4873,0.413
17265000,67,283.332,-21662.2,83.4266,0.412267
17280000,62,258.11,-21657.6,54.3849,0.408867
17295000,65,285.712,-21663.9,70.6083,0.406667
17310000,74,317.461,-21646.6,74.1245,0.413
17325000,53,238.363,-21685.7,56.796,0.386193
17340000,66,295.215,-21660.8,67.2826,0.4104
17355000,57,254.29,-21643.5,55.1499,0.3892
17370000,68,289.935,-21639.4,65.0584,0.400233
17385000,64,276.48,-21630.6,74.7974,0.404867
17400000,71,322.416,-21626.8,70.3052,0.4052
17415000,65,270.831,-21644.9,69.71,0.407067
17430000,59,259.221,-21650.7,46.2387,0.4114
17445000,67,297.033,-21629.1,68.9942,0.3996
17460000,65,275.283,-21629.5,70.1414,0.4114
17475000,62,260.871,-21636.3,66.8166,0.395467
17490000,62,290.057,-21638.5,69.1731,0.4038
17505000,71,313.673,-21633.6,85.3368,0.398172
17520000,72,312.952,-21630.7,70.7046,0.396067
17535000,84,375.029,-21622.2,86.334,0.410267
17550000,75,307.509,-21627.1,82.5211,0.399767
17565000,87,371.314,-21614.2,76.4493,0.417867
17580000,74,321.267,-21636.5,65.4174,0.406067
17595000,71,320.548,-21644.2,61.1639,0.406333
17610000,59,260.84,-21652.2,62.2656,0.399792
17625000,67,291.02,-21648.4,55.2426,0.410533
17640000,57,254.505,-21666.1,55.8224,0.406567
17655000,56,255.084,-21660.8,59.047,0.395333
17670000,60,253.783,-21655.9,66.5133,0.404244
17685000,65,294.811,-21648.6,61.7408,0.3866
17700000,64,297.331,-21635,70.233,0.399633
17715000,53,233.374,-21654,54.3666,0.4004
17730000,59,253.988,-21646,73.5471,0.3946
17745000,56,258.918,-21652.9,52.9659,0.397933
17760000,49,207.385,-21651.4,47.5201,0.399333
17775000,57,223.287,-21638.3,72.2151,0.390567
17790000,70,299.577,-21628.8,72.7829,0.403267
17805000,72,302.006,-21642.8,71.0479,0.413333
17820000,61,250.358,-21658.4,68.1216,0.404
17835000,70,307.266,-21658.8,54.6786,0.4072
17850000,46,184.067,-21651.1,48.7001,0.392
17865000,50,215.757,-21638.8,37.4871,0.3814
17880000,70,296.538,-21661.2,71.0118,0.388333
17895000,61,285.971,-21637.6,53.8075,0.401533
17910000,60,275.106,-21654.4,74.5017,0.390422
17925000,50,225.828,-21661.1,53.8411,0.399108
17940000,56,228.4,-21648.4,49.5181,0.399022
17955000,68,306.703,-21654.4,73.5179,0.399467
17970000,58,254.541,-21671.6,64.0162,0.386683
17985000,59,268.806,-21659,60.0078,0.404333
18000000,48,204.05,-21655.9,49.4385,0.3958
18015000,55,244.382,-21675.8,69.6073,0.397013
18030000,52,232.278,-21656,50.9216,0.3922
18045000,45,191.846,-21687.4,52.8918,0.392156
18060000,38,179.796,-21698.2,54.936,0.3894
18075000,40,165.691,-21692.6,36.9737,0.380067
18090000,60,264.893,-21685,62.5147,0.3854
18105000,44,192.201,-21672.1,56.9185,0.399067
18120000,52,226.012,-21657.4,49.7301,0.391156
18135000,45,192.218,-21655.6,44.5433,0.3784
18150000,77,337.515,-21648.2,73.2218,0.407567
18165000,62,269.964,-21668.7,70.7264,0.424467
18180000,43,182.054,-21654.8,41.2337,0.394911
18195000,62,258.049,-21683,64.1004,0.405433
18210000,63,272.786,-21665.1,78.5824,0.4194
18225000,54,236.554,-21676.7,50.8968,0.396222
18240000,59,265.708,-21682.6,49.1578,0.391096
18255000,64,263.625,-21667.6,62.7336,0.4085
18270000,52,222.821,-21676.2,60.3047,0.400333
18285000,59,255.139,-21668,62.4074,0.407733
18300000,64,283.06,-21652.1,62.1304,0.402333
18315000,49,209.747,-21654.8,50.3739,0.3952
18330000,52,231.403,-21641.6,51.1585,0.393467
18345000,54,240.162,-21657.1,58.824,0.3862
18360000,55,250.99,-21644.3,55.2289,0.390533
18375000,52,206.763,-21668.4,48.6255,0.3946
18390000,58,248.244,-21654.1,52.9262,0.388325
18405000,67,291.598,-21649.4,73.197,0.40081
18420000,70,322.913,-21649.3,77.9202,0.4088
18435000,60,254.792,-21664.9,51.2664,0.400378
18450000,47,206.686,-21651.2,44.5542,0.398133
18465000,69,304.979,-21644.2,58.8394,0.410244
18480000,72,304.377,-21614.5,71.7798,0.412733
18495000,68,277.913,-21663.8,63.6513,0.415533
18510000,54,242.747,-21662.9,51.6076,0.389533
18525000,54,229.083,-21653.2,61.8982,0.399387
18540000,54,226.585,-21670.4,38.1815,0.392378
18555000,66,292.274,-21660.9,77.8113,0.411167
18570000,63,275.273,-21625.4,47.3693,0.412067
18585000,59,253.125,-21653.7,55.6844,0.408667
18600000,47,204.697,-21695.5,43.8469,0.400483
18615000,65,273.427,-21655.5,84.049,0.394676
18630000,54,237.648,-21625.8,52.407,0.383467
18645000,49,218.831,-21650.9,58.7636,0.400333
18660000,68,310.012,-21648.9,78.0799,0.393667
18675000,77,354.986,-21644.4,78.2474,0.407533
18690000,71,308.484,-21608.3,70.2082,0.407667
18705000,66,293.159,-21635.6,95.2888,0.393067
18720000,52,219.615,-21654.1,60.4748,0.396917
18735000,59,271.038,-21622.1,70.6607,0.399889
18750000,49,217.613,-21649.4,61.935,0.384833
18765000,62,271.124,-21657.1,56.7655,0.38575
18780000,63,262.744,-21641,68.6155,0.396933
18795000,60,252.014,-21665.4,56.2578,0.39375
18810000,58,251.146,-21661.2,53.2587,0.3844
18825000,70,314.356,-21652.1,66.2267,0.3974
18840000,62,286.873,-21640.6,59.1765,0.394256
18855000,63,293.269,-21642.9,57.3225,0.415667
18870000,54,243.586,-21652.2,55.6906,0.400389
18885000,55,239.32,-21648.4,52.3991,0.3938
18900000,62,268.913,-21653.5,74.347,0.400767
18915000,42,180.636,-21676.1,34.6133,0.396267
18930000,49,190.349,-21679.9,40.9055,0.396667
18945000,66,279.195,-21650.3,74.5858,0.4042
18960000,46,191.131,-21664.3,44.8295,0.396133
18975000,73,313.841,-21643.7,69.4018,0.411167
18990000,81,338.134,-21623.5,84.5119,0.408133
19005000,76,347.487,-21623.6,64.817,0.4178
19020000,72,330.76,-21614.8,71.8897,0.402667
19035000,43,176.685,-21656.2,41.955,0.398185
19050000,59,267.647,-21639.1,55.758,0.407456
19065000,41,184.587,-21692.2,40.9756,0.387033
19080000,57,244.864,-21636.1,64.2973,0.39935
19095000,51,213.193,-21648.5,49.6455,0.3982
19110000,56,228.555,-21662.4,51.4824,0.392933
19125000,72,314.86,-21647.1,72.4582,0.391
19140000,63,274.704,-21631.3,56.8723,0.407933
19155000,61,274.381,-21658.4,66.0791,0.4064
19170000,66,291.975,-21650.2,61.469,0.404387
19185000,86,361.167,-21625.5,91.8556,0.407956
19200000,56,226.001,-21630.9,62.6036,0.415
19215000,80,349.332,-21620.6,73.3871,0.416233
19230000,67,301.229,-21627.2,66.5316,0.401467
19245000,51,223.427,-21662.7,51.5596,0.3932
19260000,63,291.743,-21635.1,62.937,0.3971
19275000,58,232.357,-21670.5,53.4157,0.400033
19290000,67,295.539,-21627.4,78.4149,0.399963
19305000,50,214.33,-21637.4,50.5437,0.400333
19320000,55,240.707,-21627.1,69.9327,0.3835
19335000,56,245.678,-21631.2,58.3851,0.3864
19350000,68,294.655,-21632.1,71.3182,0.3944
19365000,70,316.709,-21626.3,74.1808,0.397689
19380000,52,233.073,-21641.3,48.5793,0.384267
19395000,67,297.01,-21630.5,65.4226,0.400289
19410000,59,252.15,-21656.9,55.4293,0.396733
19425000,66,290.271,-21619.8,72.3454,0.394567
19440000,67,299.718,-21662.1,57.9489,0.389133
19455000,73,321.204,-21628.2,71.6801,0.415067
19470000,75,341.089,-21637.1,74.1788,0.401111
19485000,77,333.763,-21643.1,84.7666,0.4122
19500000,70,308.164,-21641.1,83.3272,0.404511
19515000,71,305.546,-21648.7,74.517,0.4146
19530000,74,321.389,-21640.6,72.5191,0.4082
19545000,54,237.75,-21652,63.7243,0.39876
19560000,60,250.95,-21635.2,75.752,0.3852
19575000,65,286.743,-21625.9,64.652,0.403133
19590000,75,323.787,-21615,97.8853,0.41025
19605000,77,328.702,-21626.9,86.3869,0.403533
19620000,72,312.136,-21595.9,71.0107,0.407333
19635000,72,302.085,-21610.8,70.5215,0.405267
19650000,78,340.761,-21625.7,58.5556,0.402667
19665000,55,233.711,-21652.9,55.9225,0.405189
19680000,70,323.101,-21640,66.8513,0.392367
19695000,83,367.204,-21644.2,91.3043,0.414
19710000,70,306.637,-21632.5,77.621,0.4042
19725000,64,291.07,-21649.6,59.1404,0.415167
19740000,71,309.5,-21645.5,87.4622,0.3922
19755000,77,335.628,-21637.1,72.2924,0.409533
19770000,70,314.451,-21634.5,60.7673,0.4072
19785000,78,340.166,-21641,68.1977,0.408933
19800000,79,340.91,-21633.7,91.412,0.405333
19815000,69,298.596,-21639.7,65.145,0.397855
19830000,67,288.615,-21611.4,66.9763,0.403967
19845000,64,285.645,-21637.5,67.1717,0.404367
19860000,74,329.321,-21639.9,83.746,0.392933
19875000,85,381.527,-21627.2,86.0792,0.408067
19890000,85,374.047,-21599.6,76.5395,0.4216
19905000,89,395.827,-21616.5,91.3727,0.419133
19920000,84,357.03,-21607.6,82.1087,0.4224
19935000,79,335.74,-21627.9,66.9325,0.419667
19950000,73,305.71,-21630,81.4422,0.409733
19965000,60,263.682,-21625.8,57.1815,0.403433
19980000,52,226.297,-21657.7,60.2085,0.398478
19995000,71,320.848,-21652.7,71.7936,0.415822
20010000,47,199.303,-21684.8,57.4845,0.390233
20025000,58,253.936,-21651,59.1978,0.416467
20040000,61,255.994,-21642.4,55.7104,0.400733
20055000,76,331.966,-21647.7,86.5622,0.399467
20070000,79,347.486,-21643.8,82.4935,0.4286
20085000,66,276.813,-21625.8,55.39,0.408067
20100000,70,298.638,-21618.2,80.4151,0.4016
20115000,84,370.664,-21623.8,85.8023,0.426133
20130000,76,331.82,-21639.4,80.0448,0.406903
20145000,63,286.653,-21607.6,52.3413,0.414067
20160000,61,262.281,-21651.2,60.2856,0.4053
20175000,64,265.28,-21656.4,58.7136,0.4034
20190000,65,284.245,-21630.3,57.2308,0.393667
20205000,63,265.493,-21649,59.4283,0.394933
20220000,59,248.77,-21659.2,55.997,0.410222
20235000,76,314.848,-21648.4,79.3787,0.395033
20250000,84,364.617,-21648,90.8801,0.418467
20265000,64,282.255,-21631,67.2118,0.4182
20280000,51,222.718,-21675.3,47.3594,0.400083
20295000,52,219.432,-21660.7,53.826,0.4044
20310000,45,197.793,-21685.7,42.6808,0.394617
20325000,58,247.973,-21647,50.7036,0.398933
20340000,58,265.685,-21635.5,50.4016,0.398778
20355000,71,315.851,-21639.1,68.426,0.416533
20370000,74,313.313,-21639.4,91.6322,0.419533
20385000,61,261.662,-21628.4,67.3607,0.4102
20400000,75,330.048,-21626.4,81.0636,0.404267
20415000,41,174.875,-21678.4,30.0818,0.39243
20430000,77,333.795,-21618.3,93.8955,0.405167
20445000,67,310.914,-21644.7,60.0431,0.406267
20460000,61,263.383,-21642.8,60.0254,0.401422
20475000,68,317.039,-21638.6,53.2782,0.414833
20490000,65,288.02,-21633.9,66.3311,0.4096
20505000,54,228.718,-21642.1,50.9233,0.397867
20520000,56,248.229,-21652.9,66.2068,0.395133
20535000,46,198.851,-21660.6,36.444,0.3856
20550000,62,258.749,-21639.5,55.8866,0.398544
20565000,48,225.964,-21695.9,46.0401,0.388813
20580000,63,270.42,-21689.2,54.7163,0.415067
20595000,54,235.505,-21638.6,58.9013,0.408356
20610000,57,248.035,-21625.7,46.5985,0.397533
20625000,67,288.089,-21622.5,68.2181,0.3978
20640000,58,249.848,-21657.3,79.0352,0.380267
20655000,58,246.348,-21615.2,71.391,0.3892
20670000,54,219.373,-21626.7,57.8249,0.387867
20685000,65,286.468,-21679,75.2235,0.390371
20700000,62,279.717,-21668.5,58.2273,0.392083
20715000,59,264.313,-21633,60.4291,0.383933
20730000,55,234.377,-21673.3,56.4631,0.3974
20745000,56,249.38,-21649.1,51.0255,0.388767
20760000,42,185.049,-21684.4,46.5156,0.398767
20775000,65,295.43,-21638.5,63.4596,0.3908
20790000,60,276.977,-21629.8,65.0974,0.395
20805000,74,315.44,-21614.4,90.7633,0.399067
20820000,70,315.474,-21619.4,61.1405,0.404867
20835000,55,251.284,-21632.3,47.1125,0.399933
20850000,47,190.273,-21685.7,52.9861,0.387
20865000,60,259.121,-21589.5,64.9309,0.3936
20880000,59,257.256,-21613.2,66.9483,0.3758
20895000,43,185.983,-21679.1,51.5205,0.381644
20910000,68,298.484,-21597.3,72.6119,0.3913
20925000,58,241.004,-21673.7,46.1948,0.3801
20940000,79,362.396,-21621.6,80.5377,0.408233
20955000,80,343.878,-21605.5,87.595,0.425267
20970000,60,270.961,-21653.5,56.2048,0.410533
20985000,79,361.049,-21605.8,74.249,0.421333
21000000,75,348.258,-21609.8,83.2529,0.4026
21015000,67,299.175,-21638.1,75.2876,0.400933
21030000,57,235.545,-21643.4,56.9236,0.3977
21045000,68,301.603,-21660.9,48.7053,0.408233
21060000,55,243.409,-21639.2,58.7655,0.39085
21075000,45,184.014,-21657.2,47.9963,0.384978
21090000,57,255.246,-21636,54.6396,0.3789
21105000,64,273.923,-21665.2,54.6824,0.406083
21120000,55,235.247,-21654.5,67.3641,0.3758
21135000,55,245.902,-21658,55.6073,0.390867
21150000,62,272.493,-21647.6,45.2253,0.393067
21165000,55,244.835,-21676.8,60.2763,0.408467
21180000,67,295.549,-21656.9,67.5036,0.411867
21195000,73,309.624,-21635.9,72.9743,0.387933
21210000,56,259.62,-21631.7,61.089,0.395067
21225000,60,262.361,-21636.1,54.2833,0.394244
21240000,68,289.503,-21612,69.3947,0.404867
21255000,54,249.008,-21669.1,57.8499,0.402233
21270000,61,272.992,-21633.2,64.0204,0.408511
21285000,66,289.78,-21655.4,66.6508,0.405533
21300000,65,291.578,-21647.1,71.395,0.4146
21315000,62,286.125,-21604.4,60.1262,0.388973
21330000,72,313.421,-21599.6,83.807,0.402867
21345000,49,206.387,-21661.8,56.3424,0.399489
21360000,80,363.974,-21619.1,80.1857,0.390367
21375000,79,345.222,-21611,83.1002,0.396467
21390000,72,316.928,-21609.2,57.9271,0.3976
21405000,63,291.256,-21605.6,67.6422,0.3962
21420000,51,239.791,-21621.6,41.6214,0.382333
21435000,56,254.463,-21666.8,66.6958,0.389067
21450000,64,279.606,-21625.5,54.9332,0.390933
21465000,66,287.247,-21636.2,66.8525,0.395133
21480000,69,306.534,-21647.1,82.8868,0.3956
21495000,58,268.296,-21636.5,46.8205,0.400917
21510000,60,255.958,-21636.4,61.4365,0.3908
21525000,53,233.753,-21628,58.9899,0.385933
21540000,54,251.513,-21642.4,52.5846,0.386067
21555000,45,185.298,-21639.2,61.1595,0.391044
21570000,44,189.79,-21653.1,33.636,0.3639
21585000,42,182.381,-21659.7,39.8861,0.379333
21600000,49,224.281,-21640.9,51.0606,0.371533
21615000,56,252.23,-21632.3,45.9667,0.399667
21630000,62,278.102,-21646.2,75.3801,0.384413
21645000,57,259.804,-21639.7,68.4171,0.394567
21660000,60,279.995,-21647.4,66.9304,0.371733
21675000,53,229.921,-21650.1,58.7419,0.386
21690000,52,223.316,-21645.8,64.4848,0.378067
21705000,53,234.249,-21649.1,55.8477,0.377733
21720000,61,264.41,-21656.6,57.7297,0.383767
21735000,71,309.675,-21651.5,69.2376,0.4018
21750000,57,246.887,-21660.8,57.0098,0.404133
21765000,51,217.233,-21675.2,52.0205,0.390909
21780000,56,223.355,-21660.1,60.5019,0.398533
21795000,52,220.987,-21680.5,67.3224,0.3812
21810000,57,243.814,-21660.6,61.8303,0.392867
21825000,68,289.992,-21652.3,78.7095,0.397667
21840000,54,234.96,-21662,51.5115,0.396474
21855000,65,273.173,-21616.9,67.755,0.4017
21870000,67,303.36,-21618,59.3636,0.3948
21885000,59,251.763,-21619,65.7353,0.397533
21900000,76,325.748,-21631.6,95.5858,0.4096
21915000,62,264.218,-21659.5,59.0068,0.3924
21930000,72,307.551,-21643.6,75.6593,0.408333
21945000,60,267.555,-21662.2,70.423,0.397639
21960000,57,258.616,-21651.5,59.7395,0.400933
21975000,67,286.736,-21649.7,66.856,0.405844
21990000,42,167.754,-21683.4,30.8828,0.382222
22005000,73,308.225,-21645.1,57.7463,0.404133
22020000,64,272.264,-21620.5,63.528,0.412667
22035000,65,289.945,-21631.5,65.2358,0.397867
22050000,71,307.07,-21643.3,64.9835,0.394467
22065000,53,232.851,-21662.4,52.2819,0.384827
22080000,76,338.164,-21627.4,71.8111,0.39895
22095000,75,334.032,-21629.4,57.0377,0.411733
22110000,54,238.063,-21657.9,56.6972,0.396156
22125000,61,250.403,-21652.8,53.9352,0.404427
22140000,61,275.788,-21653.8,49.4869,0.3922
22155000,54,228.781,-21670,51.0916,0.395667
22170000,71,309.454,-21637.4,83.7068,0.4005
22185000,64,280.693,-21638,71.4428,0.4082
22200000,52,209.571,-21653.7,61.7327,0.395478
22215000,63,278.553,-21645.8,70.0791,0.390933
22230000,49,223.396,-21671.2,56.6569,0.386533
22245000,57,247.148,-21662.8,52.3669,0.396067
22260000,63,276.116,-21676.3,60.8588,0.395583
22275000,55,210.533,-21651.7,67.9035,0.393633
22290000,53,218.495,-21660.6,51.706,0.394267
22305000,67,280.758,-21633.2,55.1821,0.412489
22320000,70,303.354,-21648.5,74.587,0.4138
22335000,58,256.443,-21652.3,52.1966,0.402178
22350000,44,185.759,-21681.7,48.8898,0.3886
22365000,72,316.803,-21623.3,76.1321,0.4138
22380000,64,273.213,-21655.6,61.8477,0.416533
22395000,41,177.976,-21670.8,49.9202,0.391556
22410000,61,279.358,-21652.4,79.4342,0.400253
22425000,72,316.082,-21632.5,76.3916,0.397
22440000,46,203.466,-21663.5,30.8053,0.3988
22455000,70,305.872,-21632.4,60.3816,0.413
22470000,71,316.747,-21639.4,76.8674,0.4086
22485000,65,265.316,-21678.5,55.6657,0.398133
22500000,66,298.461,-21621.3,54.1941,0.3974
22515000,48,211.298,-21665.7,42.0369,0.398325
22530000,51,224.518,-21669.9,55.8824,0.4002
22545000,54,237.714,-21657,46.9599,0.39925
22560000,63,281.405,-21634.8,60.0611,0.397067
22575000,51,220.517,-21654.2,49.5412,0.397222
22590000,53,227.014,-21651.8,53.1884,0.402444
22605000,66,304.899,-21642.7,53.4961,0.400244
22620000,67,300.858,-21631.2,70.303,0.419733
22635000,70,319.062,-21606.4,54.2366,0.402533
22650000,63,273.269,-21618.2,79.2417,0.406833
22665000,65,273.698,-21617.4,55.5173,0.397767
22680000,67,301.813,-21629.7,66.7364,0.400933
22695000,69,294.975,-21605.8,78.633,0.390633
22710000,78,349.551,-21637.1,78.9955,0.406367
22725000,69,301.408,-21620.1,70.332,0.415133
22740000,58,246.292,-21629.9,65.6464,0.397133
22755000,60,265.381,-21621.7,59.0565,0.399117
22770000,67,281.378,-21618,74.8752,0.3962
22785000,61,242.762,-21678.4,49.0273,0.399586
22800000,52,232.676,-21666.4,51.5785,0.4028
22815000,51,223.11,-21633.6,48.6618,0.39744
22830000,66,291.728,-21610.3,70.1432,0.397583
22845000,65,280.364,-21620.5,71.5833,0.382067
22860000,83,352.212,-21605.8,83.4836,0.399467
22875000,82,372.831,-21580,76.3828,0.406867
22890000,84,376.7,-21610.4,74.5697,0.4212
22905000,79,333.207,-21622.9,80.0287,0.415867
22920000,76,331.026,-21632.5,84.3954,0.415425
22935000,81,356.871,-21613.2,82.5374,0.406767
22950000,71,298.585,-21621.6,73.8185,0.412133
22965000,85,377.035,-21613.3,89.0717,0.4129
22980000,75,331.728,-21617.4,81.4666,0.409867
22995000,76,335.255,-21605.7,80.7113,0.415867
23010000,83,374.108,-21615.5,95.0516,0.409133
23025000,84,347.247,-21631.9,115.88,0.421267
23040000,75,303.152,-21637.4,73.5424,0.417211
23055000,76,330.302,-21632,72.7063,0.414633
23070000,55,231.337,-21672.1,49.6447,0.406306
23085000,61,271.764,-21657.3,66.3794,0.403733
23100000,92,405.507,-21621.6,97.3077,0.405333
23115000,87,383.128,-21611.4,95.8676,0.416333
23130000,83,346.035,-21627.5,85.2763,0.4156
23145000,60,253.531,-21654.2,58.0883,0.40505
23160000,57,243.827,-21634.5,70.3407,0.404758
23175000,61,249.389,-21659.4,67.5294,0.398767
23190000,63,278.494,-21666.1,54.0159,0.404
23205000,51,225.224,-21659.4,53.9887,0.404467
23220000,55,221.895,-21661.6,60.5463,0.411467
23235000,58,261.286,-21647.2,64.1561,0.403857
23250000,68,310.17,-21620.9,60.6252,0.3874
23265000,73,305.312,-21622.7,72.8933,0.4144
23280000,63,288.916,-21660.6,58.0004,0.395367
23295000,80,330.906,-21645.3,65.7291,0.410267
23310000,72,296.908,-21655.3,72.6039,0.405267
23325000,69,285.341,-21647,74.9312,0.410533
23340000,70,304.698,-21650.8,65.4047,0.398733
23355000,78,342.826,-21649.2,70.3045,0.416367
23370000,68,287.896,-21668.1,77.9831,0.4198
23385000,48,201.118,-21660,38.5939,0.397552
23400000,52,223.782,-21664,62.0796,0.3918
23415000,67,299.825,-21657.9,64.6925,0.402444
23430000,45,200.171,-21656.2,48.5575,0.390422
23445000,44,195.639,-21658.5,56.6387,0.3844
23460000,67,301.33,-21641.7,77.0561,0.396883
23475000,64,272.496,-21647.9,75.7426,0.4028
23490000,57,245.713,-21645,73.7467,0.40068
23505000,59,256.186,-21644,66.2013,0.3995
23520000,55,218.792,-21656.8,62.1177,0.397733
23535000,48,206.005,-21695.7,48.7091,0.390333
23550000,63,295.997,-21644,58.878,0.392233
23565000,59,263.384,-21673.4,56.2869,0.4066
23580000,65,282.527,-21647.3,61.871,0.3968
23595000,63,269.686,-21637.9,67.5461,0.404105
23610000,65,284.147,-21659.5,79.4179,0.403567
23625000,72,322.049,-21655.6,74.9571,0.404467
23640000,72,301.078,-21644.4,74.6975,0.413267
23655000,57,267.345,-21682.9,54.9191,0.398811
23670000,65,279.735,-21635.9,51.9066,0.3974
23685000,71,326.607,-21631.7,65.0439,0.3972
23700000,55,241.399,-21652.6,49.9345,0.404644
23715000,64,288.584,-21632.1,56.8639,0.407867
23730000,61,276.379,-21649.6,65.1536,0.401267
23745000,76,365.779,-21613.9,85.1932,0.409033
23760000,65,280.104,-21625.7,71.269,0.4168
23775000,56,254.108,-21696.6,55.4716,0.398657
23790000,55,238.981,-21655.9,66.3416,0.4093
23805000,60,258.029,-21654.6,55.9093,0.392533
23820000,56,264.831,-21662.4,67.0683,0.389567
23835000,43,194.145,-21663.9,41.8314,0.3814
23850000,41,175.644,-21655.9,44.0018,0.3712
23865000,56,261.63,-21654.7,58.5104,0.374933
23880000,62,267.24,-21631.2,53.6282,0.391133
23895000,58,261.404,-21653.2,49.653,0.388067
23910000,59,264.36,-21645.1,60.5475,0.393133
23925000,57,259.667,-21685.7,50.254,0.388304
23940000,65,278.323,-21634.1,69.2498,0.3851
23955000,52,217.824,-21626.7,54.4267,0.377
23970000,45,200.997,-21680.3,43.3785,0.3827
23985000,53,244.888,-21661.6,68.5691,0.390833
24000000,65,282.608,-21649.8,47.72,0.396
24015000,88,396.958,-21598.1,93.1771,0.400011
24030000,75,331.724,-21632.8,70.8529,0.415
24045000,76,334.178,-21613,71.3079,0.4078
24060000,72,328.964,-21616.7,65.5087,0.398867
24075000,67,295.447,-21615.8,60.184,0.395667
24090000,69,294.284,-21658.2,53.3333,0.403633
24105000,82,364.865,-21637,83.5909,0.4205
24120000,74,310.358,-21622.2,68.6263,0.414933
24135000,65,283.704,-21645.1,69.5587,0.394044
24150000,68,290.328,-21652.5,66.3526,0.402772
24165000,50,215.778,-21644.2,48.7796,0.4106
24180000,47,220.315,-21656.1,46.2692,0.3746
24195000,72,317.854,-21635.5,71.7411,0.408983
24210000,57,244.904,-21647.1,53.4822,0.406667
24225000,67,283.668,-21653.9,56.4496,0.403733
24240000,67,294.795,-21634,63.2768,0.400533
24255000,64,290.623,-21641.5,57.9886,0.3966
24270000,66,283.409,-21633.8,66.0325,0.4148
24285000,62,258.039,-21642,54.1072,0.400689
24300000,77,336.252,-21616.1,77.8757,0.410833
24315000,61,282.602,-21610.9,59.6769,0.388233
24330000,84,357.427,-21606,91.2608,0.4051
24345000,52,220.611,-21647.3,54.8793,0.393433
24360000,62,271.626,-21625.3,78.1688,0.4087
24375000,55,235.669,-21655,57.3707,0.3982
24390000,65,283.49,-21652.6,66.9966,0.392311
24405000,63,280.08,-21645.7,62.9603,0.414333
24420000,61,264.136,-21625.4,64.5783,0.4066
24435000,66,279.916,-21619.3,62.3429,0.402533
24450000,69,304.439,-21629,76.5634,0.408244
24465000,65,286.528,-21616.1,58.7226,0.407367
24480000,67,287.094,-21602.5,66.261,0.4062
24495000,73,309.034,-21614.1,90.284,0.396267
24510000,73,305.296,-21612.7,81.1885,0.399667
24525000,73,327.577,-21634.3,85.1804,0.4101
24540000,64,280.791,-21637.2,71.5992,0.409133
24555000,74,315.979,-21614.2,66.7036,0.4126
24570000,74,339.465,-21606.2,74.8801,0.408667
24585000,70,294.777,-21606.3,90.5694,0.398133
24600000,84,344.295,-21617.5,73.9288,0.405933
24615000,72,302.702,-21614.9,71.6742,0.412667
24630000,71,301.945,-21638.3,67.569,0.399156
24645000,43,192.09,-21679.8,40.2237,0.386329
24660000,70,299.409,-21612.3,71.2614,0.401867
24675000,68,301.548,-21593,63.8888,0.396767
24690000,85,369.102,-21615.6,92.9085,0.4202
24705000,78,358.066,-21602.9,71.7278,0.408533
24720000,82,349.499,-21616.8,86.1098,0.415733
24735000,78,336.031,-21597.9,71.7249,0.412133
24750000,92,398.627,-21597.4,79.1352,0.408056
24765000,76,324.094,-21599.7,69.5687,0.410267
24780000,70,304.715,-21608.3,79.0922,0.403933
24795000,74,311.582,-21626.7,84.4555,0.399367
24810000,80,348.655,-21619.4,92.5419,0.407533
24825000,82,345.057,-21627,77.1909,0.4094
24840000,65,274.455,-21632.5,63.9549,0.4024
24855000,64,288.41,-21616.8,58.7266,0.405667
24870000,69,305.138,-21624.8,70.9572,0.400067
24885000,67,288.25,-21655.9,73.0891,0.40925
24900000,56,257.596,-21621.9,52.3566,0.400567
24915000,57,258.397,-21645.8,66.3313,0.3862
24930000,62,261.225,-21648.8,79.6422,0.387267
24945000,70,302.332,-21598,76.1186,0.407533
24960000,51,221.633,-21652.9,56.8962,0.399253
24975000,67,290.578,-21621.5,58.1121,0.414867
24990000,53,220.838,-21636.9,57.0998,0.400267
25005000,49,206.694,-21680.1,45.0937,0.386703
25020000,51,217.186,-21650.1,49.9006,0.38965
25035000,54,226.034,-21706.2,49.0015,0.392
25050000,66,281.26,-21643,62.7446,0.400033
25065000,63,280.757,-21657.7,60.492,0.394267
25080000,53,231.295,-21637.6,52.2762,0.395867
25095000,67,294.56,-21642.7,79.5492,0.399667
25110000,70,304.334,-21617.6,74.497,0.392133
25125000,57,248.821,-21639,47.2355,0.399333
25140000,59,264.379,-21653.6,72.334,0.39185
25155000,65,298.176,-21638.2,62.9562,0.3851
25170000,63,273.716,-21654.3,56.5327,0.400933
25185000,67,306.505,-21637.8,75.9546,0.401173
25200000,66,298.406,-21643.8,66.7089,0.417933
25215000,70,322.893,-21616,76.7737,0.402017
25230000,55,229.944,-21630.5,75.5194,0.398883
25245000,58,264.199,-21614.1,51.3613,0.3797
25260000,78,332.332,-21629.5,78.0566,0.3918
25275000,58,267.213,-21655.7,63.2071,0.393978
25290000,73,310.74,-21601.3,76.1913,0.406367
25305000,94,418.681,-21607.8,96.1801,0.4184
25320000,64,294.847,-21665.1,57.46,0.404444
25335000,66,278.094,-21662,56.9258,0.405296
25350000,81,347.206,-21591.5,71.1874,0.4094
25365000,80,358.833,-21601.2,85.3658,0.414933
25380000,74,317.637,-21594.8,70.0236,0.4128
25395000,55,230.857,-21670.1,76.3547,0.403173
25410000,77,334.459,-21620.5,80.7261,0.4007
25425000,66,296.414,-21640.9,54.2781,0.4002
25440000,59,269.249,-21633.5,61.4395,0.387267
25455000,36,155.086,-21715.5,33.7286,0.382017
25470000,60,259.263,-21652.6,65.3949,0.396967
25485000,67,290.026,-21647.3,74.9011,0.398533
25500000,45,188.423,-21697.4,49.394,0.377844
25515000,55,229.291,-21670.9,51.3474,0.3987
25530000,53,228.388,-21661,49.3677,0.3962
25545000,43,179.249,-21685.1,29.5086,0.395395
25560000,56,254.569,-21637.5,64.4077,0.4074
25575000,59,248.122,-21628.4,49.1973,0.387333
25590000,48,195.715,-21689.6,52.871,0.388089
25605000,70,287.917,-21633.5,72.1956,0.392
25620000,61,282.739,-21646.9,43.7977,0.398533
25635000,60,271.847,-21662.9,56.1845,0.397644
25650000,59,266.725,-21662.7,48.3459,0.3977
25665000,61,266.627,-21650.9,45.375,0.4004
25680000,44,192.376,-21661.4,43.7393,0.401956
25695000,56,236.591,-21656,57.5995,0.386333
25710000,63,270.333,-21665.2,54.4769,0.400467
25725000,59,245.969,-21649,68.3419,0.390533
25740000,68,299.365,-21637,60.6794,0.385917
25755000,55,236.866,-21650.4,66.1558,0.405367
25770000,62,271.87,-21640.1,63.2932,0.397933
25785000,55,227.502,-21648.7,54.4608,0.401156
25800000,55,241.924,-21651.5,60.0638,0.379067
25815000,54,240.151,-21650.3,62.9113,0.387756
25830000,65,282.309,-21662.1,55.2138,0.395133
25845000,60,263.838,-21637.5,67.9194,0.4072
25860000,53,240.43,-21661.3,57.4233,0.389117
25875000,54,232.977,-21648.2,52.0887,0.4015
25890000,51,214.528,-21655.3,45.7646,0.3798
25905000,63,291.653,-21646.2,73.2427,0.398867
25920000,63,268.851,-21627.1,67.2247,0.396933
25935000,72,301.125,-21622.9,59.434,0.402667
25950000,50,213.159,-21666.6,61.009,0.404883
25965000,54,247.816,-21650.4,58.9657,0.416933
25980000,65,282.582,-21626.9,59.0849,0.408667
25995000,75,326.446,-21625.1,71.1955,0.408533
26010000,69,295.033,-21625.6,74.5164,0.404067
26025000,58,242.191,-21660.1,59.6577,0.395584
26040000,65,275.385,-21656.1,84.6851,0.415067
26055000,52,226.374,-21663.8,52.0891,0.393544
26070000,65,274.591,-21653.6,63.7493,0.393733
26085000,76,329.997,-21661.8,76.549,0.4154
26100000,61,250.06,-21663,67.644,0.4134
26115000,59,250.907,-21663.5,53.0084,0.392362
26130000,68,300.633,-21642.5,59.897,0.408644
26145000,69,291.662,-21608,78.7252,0.401
26160000,77,338.993,-21612,76.2933,0.4076
26175000,78,318.005,-21608.6,76.1339,0.407267
26190000,90,378.399,-21624.9,85.4343,0.412133
26205000,78,341.951,-21607.3,69.4692,0.418867
26220000,85,367.662,-21618.4,99.8075,0.403667
26235000,79,336.651,-21597.8,72.9612,0.411133
26250000,64,295.085,-21679,78.5924,0.402953
26265000,56,236.672,-21623.2,51.6651,0.400827
26280000,63,274.715,-21638.8,58.6177,0.406
26295000,74,339.267,-21646.5,69.5759,0.3945
26310000,54,234.299,-21665.6,59.6432,0.400267
26325000,90,385.438,-21599.5,96.0095,0.404033
26340000,91,386.84,-21615.5,104.011,0.426467
26355000,93,410.621,-21599.7,116.725,0.4168
26370000,76,329.332,-21619.4,81.0077,0.404267
26385000,54,226.481,-21643.6,57.0693,0.402093
26400000,82,370.334,-21619.5,71.2634,0.409567
26415000,61,254.933,-21644.7,55.9152,0.406333
26430000,68,310.864,-21664.8,82.3037,0.411167
26445000,73,295.039,-21660.3,74.6405,0.410267
26460000,65,274.188,-21636,64.5686,0.4054
26475000,58,250.094,-21673.3,62.8626,0.403933
26490000,60,258.863,-21679.2,48.0048,0.395089
26505000,52,224.626,-21661.9,57.6585,0.3928
26520000,54,248.921,-21675.7,35.2381,0.389667
26535000,55,238.078,-21661.4,40.862,0.394717
26550000,70,311.435,-21637,59.7806,0.4122
26565000,52,238.564,-21668.6,54.2089,0.399022
26580000,66,285.448,-21634.1,56.8606,0.4038
26595000,59,254.89,-21647.9,53.3697,0.400194
26610000,57,231.579,-21636.6,58.1579,0.399067
26625000,60,254.343,-21640.6,52.76,0.406289
26640000,70,296.727,-21633.9,70.9752,0.4018
26655000,66,288.085,-21655.8,65.1677,0.409467
26670000,87,386.96,-21639,100.442,0.407533
26685000,61,273.932,-21644.8,50.2253,0.4196
26700000,69,313.51,-21644.7,76.619,0.406911
26715000,55,233.203,-21656,62.8786,0.402033
26730000,55,238.777,-21646.4,58.2049,0.392733
26745000,46,188.943,-21665.3,43.8453,0.411578
26760000,62,284.477,-21648.7,48.8895,0.392633
26775000,49,190.561,-21673.8,41.1306,0.3914
26790000,61,266.18,-21651.1,60.1136,0.398871
26805000,73,314.065,-21641.3,72.9276,0.404111
26820000,59,254.575,-21639.8,50.8713,0.387089
26835000,48,219.077,-21645.4,56.8038,0.396933
26850000,63,286.1,-21649.3,47.4382,0.412356
26865000,64,273.854,-21662.2,66.0124,0.417467
26880000,60,253.91,-21638.9,56.3679,0.391356
26895000,59,251.217,-21637.8,53.5154,0.409467
26910000,65,266.415,-21632.4,67.3699,0.399533
26925000,66,261.014,-21642.6,77.2391,0.3948
26940000,76,339.058,-21650.5,78.0663,0.408467
26955000,81,366.385,-21635.9,88.1965,0.419533
26970000,75,335.558,-21647.4,76.9392,0.416933
26985000,61,263.591,-21651.6,65.1044,0.401697
27000000,69,306.02,-21641.2,80.3702,0.4068
27015000,66,286.326,-21606.8,64.9502,0.402943
27030000,97,414.225,-21640.4,105.174,0.422767
27045000,93,384.628,-21628.2,100.017,0.424867
27060000,69,292.4,-21619.7,76.2101,0.413133
27075000,75,325.501,-21626.5,65.4338,0.413167
27090000,70,301.133,-21609.6,75.0382,0.397
27105000,67,304.601,-21631.4,61.8309,0.407467
27120000,60,259.824,-21622.4,48.3437,0.398933
27135000,76,312.154,-21607.3,66.6057,0.399267
27150000,89,400.675,-21629.6,79.2743,0.4226
27165000,83,370.458,-21631.1,78.5345,0.439067
27180000,76,335.407,-21633.1,71.8228,0.4206
27195000,79,351.603,-21625.2,73.9285,0.416733
27210000,82,358.127,-21639.8,84.0292,0.4152
27225000,64,282.27,-21624.2,54.7811,0.414533
27240000,63,277.901,-21639.9,77.9975,0.403333
27255000,59,259.635,-21646,58.8365,0.409067
27270000,60,252.987,-21653.2,61.0016,0.399154
27285000,67,297.558,-21657.1,56.5264,0.410167
27300000,51,223.23,-21659.8,52.0091,0.397667
27315000,51,221.088,-21645.9,61.6712,0.399129
27330000,65,284.644,-21652.3,54.9143,0.397833
27345000,63,284.707,-21658.5,48.1849,0.399427
27360000,68,292.188,-21679.1,68.3806,0.410933
27375000,68,299.087,-21615.4,59.7504,0.415044
27390000,50,237.828,-21679.6,65.1748,0.399507
27405000,53,244.943,-21663.4,55.4663,0.397267
27420000,50,209.82,-21664.7,71.8274,0.393167
27435000,43,193.604,-21705.2,59.7801,0.391187
27450000,48,217.251,-21693.4,51.9023,0.4006
27465000,71,300.683,-21691.6,64.4876,0.403311
27480000,77,352.941,-21637.3,77.5435,0.40712
27495000,59,252.52,-21643.2,61.0071,0.4112
27510000,62,272.263,-21641.8,58.8787,0.407133
27525000,58,237.714,-21632.4,56.8296,0.397867
27540000,67,298.831,-21629.9,62.1328,0.405444
27555000,63,277.9,-21647.5,59.3185,0.386533
27570000,65,287.72,-21614.3,64.7231,0.402867
27585000,62,265.14,-21662.5,60.5978,0.402467
27600000,62,290.524,-21622.8,56.7082,0.408283
27615000,64,278.709,-21647.8,63.1177,0.4014
27630000,70,305.67,-21636.5,77.8944,0.401
27645000,77,336.289,-21633.2,80.1085,0.415333
27660000,61,274.691,-21642.6,65.0235,0.401867
27675000,60,253.717,-21654.1,64.3197,0.401333
27690000,72,328.339,-21609.7,72.2044,0.3987
27705000,71,313.692,-21623.2,78.257,0.395467
27720000,79,353.216,-21657.2,83.3268,0.396667
27735000,75,321.887,-21615,64.9293,0.410133
27750000,49,213.462,-21652.4,43.5697,0.408644
27765000,62,260.248,-21637.4,65.1852,0.40326
27780000,61,261.731,-21642.6,52.3831,0.396
27795000,53,225.015,-21652.8,52.814,0.382644
27810000,64,269.316,-21644.1,67.2458,0.394067
27825000,73,326.401,-21615.3,72.7373,0.391889
27840000,72,307.207,-21647.5,71.3399,0.408867
27855000,73,318.14,-21619.5,78.4177,0.409
27870000,69,296.76,-21635.5,50.5841,0.415567
27885000,80,340.781,-21605.4,85.5161,0.408167
27900000,60,264.948,-21628.9,54.8341,0.3976
27915000,56,233.79,-21626.5,43.8346,0.3938
27930000,84,354.056,-21635.7,88.4271,0.408889
27945000,56,249.091,-21649.5,50.1942,0.389862
27960000,51,219.015,-21664.8,44.366,0.385733
27975000,63,282.363,-21630.7,71.0464,0.402444
27990000,65,290.629,-21646.2,73.7139,0.388433
28005000,52,222.071,-21642.5,49.0813,0.3758
28020000,71,300.472,-21622.5,63.0593,0.394978
28035000,73,312.518,-21627.1,70.0275,0.4012
28050000,64,275.122,-21635.3,68.7663,0.391978
28065000,82,355.903,-21641.8,79.7648,0.4044
28080000,81,341.429,-21620.4,82.3516,0.395776
28095000,84,374.613,-21621.2,92.9006,0.410422
28110000,83,356.291,-21640.6,68.4735,0.412267
28125000,76,327.056,-21655.9,61.8702,0.409267
28140000,71,299.259,-21621.1,62.1278,0.413156
28155000,72,312.355,-21636.5,93.8146,0.408533
28170000,63,273.471,-21636.9,53.815,0.3956
28185000,55,236.365,-21621.9,54.6846,0.385467
28200000,69,297.452,-21658.2,60.4418,0.389667
28215000,80,334.737,-21638.3,74.9784,0.403567
28230000,76,334.166,-21649,72.1158,0.4252
28245000,78,343.38,-21636.5,92.8906,0.413933
28260000,77,347.428,-21631.3,77.929,0.403847
28275000,81,361.98,-21610.9,79.0896,0.404413
28290000,78,332.303,-21617.6,72.4705,0.404067
28305000,85,373.681,-21604.2,80.3348,0.402933
28320000,78,354.603,-21636.7,78.5118,0.4126
28335000,87,377.56,-21633.1,94.7118,0.4172
28350000,71,303.193,-21639.6,63.9383,0.4076
28365000,70,290.726,-21645.9,61.7799,0.402133
28380000,84,356.17,-21601.2,93.2709,0.389867
28395000,96,429.085,-21580.2,97.6681,0.421533
28410000,97,439.747,-21612.8,96.3564,0.414133
28425000,85,361.217,-21599.3,81.5336,0.411267
28440000,71,313.612,-21599.4,69.2544,0.407
28455000,76,348.504,-21613.8,76.4987,0.407933
28470000,80,348.233,-21612.1,79.2898,0.4102
28485000,60,268.438,-21671.8,72.7228,0.40428
28500000,73,306.77,-21610.9,90.986,0.403833
28515000,63,277.533,-21650.1,61.2393,0.394267
28530000,80,351.87,-21630.7,81.9981,0.404567
28545000,68,293.331,-21629.9,77.0036,0.405067
28560000,84,370.084,-21625.5,84.2111,0.405356
28575000,70,307.196,-21618.2,64.2949,0.41
28590000,74,332.962,-21631.7,80.2469,0.399956
28605000,72,310.941,-21642.9,72.8513,0.418667
28620000,71,308.716,-21634.4,63.8354,0.417467
28635000,61,270.289,-21630.5,63.3639,0.385733
28650000,65,282.49,-21660.5,56.1384,0.401945
28665000,53,233.194,-21669.2,42.5988,0.406956
28680000,68,297.5,-21670.2,52.9853,0.399567
28695000,70,316.982,-21677.3,80.2187,0.4182
28710000,60,262.378,-21698.7,61.194,0.408111
28725000,42,180.362,-21689.8,49.1192,0.412267
28740000,57,250.901,-21662.3,58.5671,0.3934
28755000,52,229.355,-21669.3,53.0317,0.409
28770000,55,250.178,-21645.3,57.1212,0.390778
28785000,61,258.128,-21652.5,59.5563,0.4086
28800000,53,221.768,-21668.5,46.8455,0.406267
28815000,56,227.008,-21649.8,62.6281,0.38785
28830000,41,181.1,-21697.9,35.2364,0.393767
28845000,72,307.475,-21647.8,70.254,0.402511
28860000,75,312.964,-21649.6,76.4216,0.411733
28875000,57,234.379,-21661.5,64.3397,0.39735
28890000,71,303.254,-21632,73.1088,0.414033
28905000,59,254.471,-21647.4,64.7765,0.398933
28920000,59,259.921,-21632.5,47.9854,0.400733
28935000,75,320.665,-21625.3,71.9857,0.4067
28950000,60,260.853,-21658.1,61.4579,0.402033
28965000,66,280.368,-21654.5,79.4313,0.3974
28980000,60,255.57,-21676.2,69.1982,0.400733
28995000,61,254.265,-21663.3,56.4275,0.402733
29010000,54,224.951,-21672.6,49.697,0.401333
29025000,55,257.263,-21699.6,57.1762,0.401533
29040000,57,254.537,-21664.5,51.3543,0.407967
29055000,51,219.552,-21707.1,52.3335,0.4189
29070000,60,253.707,-21679.5,55.0933,0.405467
29085000,68,284.559,-21672.3,69.2954,0.403089
29100000,70,311.816,-21670.2,93.7557,0.413
29115000,68,305.977,-21660.3,73.0007,0.411267
29130000,58,256.676,-21665.9,63.04,0.40716
29145000,82,360.526,-21656,78.5812,0.415911
29160000,77,340.624,-21672.6,64.6399,0.419267
29175000,71,315.992,-21652.1,71.7041,0.4112
29190000,77,334.464,-21620.1,64.3913,0.404813
29205000,61,263.87,-21630.8,54.4235,0.406433
29220000,62,273.544,-21625.3,56.6368,0.392467
29235000,67,279.19,-21622.9,63.2734,0.4062
29250000,62,267.115,-21648.5,61.4878,0.393533
29265000,67,275.034,-21624.1,65.7073,0.412367
29280000,77,327.647,-21643.4,63.908,0.389733
29295000,55,233.239,-21661,50.1337,0.387067
29310000,63,265.244,-21661.7,74.4617,0.403933
29325000,63,286.979,-21631.9,66.6229,0.401022
29340000,63,285.123,-21649,58.2382,0.40001
29355000,75,323.32,-21609.8,72.654,0.405933
29370000,70,304.961,-21651,72.3351,0.406378
29385000,49,204.797,-21647.4,47.2159,0.393333
29400000,58,237.915,-21600.9,72.2138,0.404644
29415000,64,254.986,-21637.4,54.714,0.396267
29430000,59,254.866,-21627.7,62.884,0.401133
29445000,57,248.292,-21681.4,48.1139,0.386583
29460000,60,263.907,-21671.1,68.616,0.392522
29475000,74,319.73,-21639.7,58.3963,0.407289
29490000,79,329.912,-21629.3,78.596,0.413467
29505000,90,387.291,-21608.7,100.078,0.4142
29520000,96,411.039,-21596.9,88.5938,0.429533
29535000,84,371.227,-21623.2,87.2625,0.425333
29550000,54,231.046,-21662.5,56.1734,0.39841
29565000,62,290.257,-21638,70.2949,0.403981
29580000,72,305.164,-21609.6,67.6265,0.408822
29595000,82,342.073,-21640.5,93.5509,0.414
29610000,65,283.678,-21650.6,62.2949,0.41015
29625000,73,322.721,-21619,75.0741,0.411467
29640000,72,312.019,-21668.9,62.6242,0.3968
29655000,59,245.4,-21651.6,58.1651,0.401633
29670000,63,279.382,-21651.3,76.2354,0.3961
29685000,66,285.137,-21661.6,66.2618,0.407086
29700000,62,277.64,-21646.8,62.7691,0.395533
29715000,63,255.994,-21656,63.3455,0.402533
29730000,57,245.091,-21646.6,44.3231,0.399667
29745000,55,240.545,-21655.6,37.2573,0.3892
29760000,53,240.824,-21660.5,54.3816,0.383117
29775000,57,243.44,-21652,58.7031,0.3992
29790000,75,331.728,-21618.4,61.1712,0.4036
29805000,64,276.15,-21624.6,62.8732,0.396383
29820000,64,289.037,-21637.4,72.3549,0.409033
29835000,65,279.092,-21617.4,70.4836,0.401967
29850000,59,263.343,-21629.9,62.1227,0.3772
29865000,61,250.456,-21618.6,64.3878,0.390067
29880000,65,294.998,-21637.4,70.8537,0.401967
29895000,54,228.144,-21639.4,44.278,0.390733
29910000,64,273.014,-21645.5,71.0404,0.3906
29925000,66,297.925,-21634.6,65.3492,0.383733
29940000,63,269.331,-21669.7,58.36,0.4104
29955000,55,241.341,-21666.2,56.5475,0.4038
29970000,50,214.575,-21655.8,51.03,0.398183
29985000,66,301.068,-21655.6,63.4228,0.397267
