generation,N_shifts,logPrior,logLik,eventRate,acceptRate
0,0,0.641453,-24229.6,100,0
15000,1,5.71951,-22048.5,0.602166,0.237051
30000,2,10.9304,-22036.9,5.77643,0.287433
45000,2,10.4223,-22041.3,1.01741,0.3042
60000,2,10.9437,-22030,6.58559,0.301178
75000,5,24.3301,-22016.3,6.04229,0.323433
90000,2,10.764,-22025.9,4.25471,0.312133
105000,4,18.996,-21986.6,6.42229,0.3022
120000,6,29.0279,-21953.7,8.96177,0.317267
135000,4,18.0666,-22015.5,2.24054,0.302044
150000,10,48.0228,-21940.9,13.098,0.340833
165000,3,16.6402,-22023.8,1.6696,0.321
180000,4,20.8054,-22004.6,4.6443,0.332133
195000,1,7.15405,-22048.7,3.40956,0.332389
210000,7,29.1754,-21955.8,9.33536,0.335767
225000,9,45.9896,-21938.8,6.43402,0.329493
240000,14,57.5468,-21957.1,15.8932,0.3418
255000,18,79.5524,-21894,14.8186,0.3478
270000,14,59.3511,-21837.5,11.1632,0.355133
285000,23,91.9121,-21818.2,21.235,0.351933
300000,19,76.6395,-21771.8,22.037,0.359733
315000,31,133.937,-21760.2,19.8674,0.3596
330000,33,145.884,-21745,34.4111,0.373
345000,41,181.442,-21738.5,46.6862,0.380267
360000,42,175.539,-21728.4,42.0314,0.401933
375000,52,224.312,-21709,62.5848,0.3812
390000,41,183.935,-21704.9,36.0549,0.397867
405000,50,219.786,-21728,68.9732,0.3836
420000,50,236.099,-21728.2,39.4577,0.387133
435000,41,178.635,-21763.4,38.3301,0.357533
450000,52,229.97,-21687.5,40.1507,0.400133
465000,47,212.221,-21721.8,45.0924,0.4062
480000,48,205.094,-21697.6,52.0719,0.392333
495000,55,226.261,-21680.5,64.9714,0.400333
510000,53,217.485,-21688.6,51.8054,0.3984
525000,65,268.651,-21679.5,69.211,0.396367
540000,72,316.837,-21669.8,66.3942,0.411733
555000,64,276.009,-21679.8,54.5291,0.405244
570000,72,316.204,-21659.4,76.1227,0.4088
585000,62,260.327,-21661.3,70.8283,0.414533
600000,67,285.891,-21654.9,70.4113,0.407467
615000,63,275.778,-21674.6,64.3793,0.401
630000,47,218.063,-21727,37.5405,0.330264
645000,45,196.018,-21672.3,50.9785,0.397933
660000,43,200.108,-21700.2,49.4739,0.3888
675000,36,151.409,-21708.1,35.8988,0.386167
690000,49,214.887,-21691.5,59.4385,0.379956
705000,50,230.783,-21694.6,62.5516,0.384756
720000,61,262.726,-21693.3,58.2101,0.395133
735000,47,181.045,-21724,37.5125,0.399467
750000,45,202.568,-21698.3,45.6985,0.3856
765000,49,222.151,-21703.2,54.6355,0.408833
780000,46,202.986,-21695,42.1842,0.394067
795000,47,201.658,-21715.8,53.6411,0.383778
810000,41,180.204,-21691.2,38.0988,0.3855
825000,51,236.444,-21705.2,46.2253,0.3881
840000,49,218.666,-21687.9,52.4873,0.389411
855000,55,239.432,-21665.3,49.6501,0.384467
870000,57,249.975,-21673,49.578,0.394
885000,60,276.869,-21653.2,57.9344,0.402067
900000,56,257.481,-21671.1,62.2115,0.394933
915000,64,294.385,-21681.2,67.4028,0.3906
930000,80,358.698,-21682.9,82.6645,0.416867
945000,53,229.837,-21668,49.6486,0.389676
960000,57,257.049,-21670.7,51.1184,0.3979
975000,58,260.109,-21674.6,60.1269,0.3994
990000,65,276.684,-21660.4,71.0873,0.395
1005000,54,234.428,-21664.5,54.0146,0.397483
1020000,57,246.357,-21676.5,37.6428,0.405867
1035000,64,268.89,-21653.9,62.6551,0.391333
1050000,54,230.485,-21672.1,66.8157,0.3952
1065000,71,306.489,-21653.6,71.8554,0.3898
1080000,71,299.545,-21689.4,70.2804,0.4122
1095000,75,348.507,-21661.2,80.8117,0.414533
1110000,74,327.727,-21677,73.2156,0.414067
1125000,67,296.961,-21646.2,55.9751,0.396483
1140000,62,276.245,-21679.6,73.4491,0.412133
1155000,74,333.951,-21656.4,86.3804,0.3977
1170000,66,290.582,-21653.7,79.5132,0.400467
1185000,60,255.79,-21667.2,53.5663,0.387533
1200000,58,270.215,-21666.5,56.5606,0.376133
1215000,69,308.613,-21652.8,76.0297,0.3876
1230000,53,234.844,-21696,55.2519,0.387727
1245000,51,223.403,-21648.4,49.8529,0.393967
1260000,59,266.197,-21689.3,67.1072,0.384633
1275000,48,224.049,-21691.4,44.5704,0.3988
1290000,64,292.162,-21659.1,66.5427,0.384956
1305000,54,235.362,-21666.6,55.9455,0.394333
1320000,54,243.5,-21656.4,52.1931,0.3918
1335000,54,232.632,-21669.1,51.4901,0.389533
1350000,57,272.066,-21677,62.176,0.39732
1365000,54,231.743,-21665.2,55.5288,0.392633
1380000,52,231.96,-21664.3,48.3485,0.3842
1395000,57,253.716,-21677.4,60.6357,0.394689
1410000,42,169.759,-21677.2,46.8441,0.394067
1425000,56,256.039,-21657,62.3919,0.378733
1440000,56,236.505,-21667.1,53.242,0.391467
1455000,60,265.129,-21697,74.314,0.383711
1470000,64,286.245,-21666.1,65.873,0.405133
1485000,50,228.351,-21664.4,43.8411,0.389433
1500000,63,276.639,-21665.3,77.734,0.395467
1515000,69,297.136,-21655.4,80.8347,0.402867
1530000,73,312.202,-21648.6,71.6592,0.405167
1545000,88,424.086,-21659.8,93.2169,0.414133
1560000,80,348.969,-21674.1,78.1438,0.4082
1575000,61,267.707,-21691.6,58.6353,0.4093
1590000,69,304.399,-21666.3,67.3581,0.409167
1605000,57,258.248,-21662.9,57.4613,0.396933
1620000,53,225.115,-21665.4,55.8437,0.405867
1635000,59,264.767,-21663.2,51.7546,0.3796
1650000,51,233.683,-21677.2,53.8908,0.390267
1665000,50,219.105,-21674.5,49.9803,0.394207
1680000,53,246.471,-21661.9,54.7871,0.384767
1695000,44,199.097,-21675.6,44.8111,0.379833
1710000,59,266.531,-21670.9,69.3822,0.3734
1725000,65,281.877,-21678.8,44.0953,0.392333
1740000,55,238.899,-21668.1,52.3513,0.3926
1755000,50,232.793,-21690.5,52.6075,0.391489
1770000,54,246.27,-21685.6,50.9545,0.383533
1785000,52,231.123,-21693.2,47.3852,0.395667
1800000,59,256.278,-21661.9,53.8338,0.390333
1815000,46,191.523,-21656,40.5773,0.391889
1830000,48,209.722,-21687.8,56.8644,0.382311
1845000,47,207.592,-21693.4,47.5309,0.3988
1860000,50,222.541,-21660.7,48.7167,0.388911
1875000,54,227.342,-21652.5,60.1479,0.388
1890000,48,206.431,-21679.7,43.931,0.377244
1905000,61,268.966,-21677.1,59.5739,0.398562
1920000,60,264.451,-21667.2,75.1278,0.395533
1935000,65,266.371,-21642.7,66.7623,0.383167
1950000,58,260.436,-21673.7,48.9726,0.3928
1965000,58,249.239,-21662.8,54.9656,0.390233
1980000,64,267.301,-21692,62.1511,0.409133
1995000,71,290.142,-21631.3,78.5917,0.398033
2010000,70,298.207,-21636.8,67.9343,0.402067
2025000,69,275.854,-21639.4,67.1257,0.402
2040000,78,340.404,-21641.1,82.2074,0.395067
2055000,60,264.736,-21681.3,59.1936,0.391067
2070000,72,298.201,-21648.1,61.6816,0.420167
2085000,54,227.229,-21684.3,55.5684,0.401233
2100000,66,273.723,-21633.1,71.6879,0.4029
2115000,71,290.216,-21648.1,76.7753,0.410733
2130000,101,421.311,-21616.5,100.048,0.407933
2145000,90,395.798,-21605.5,99.7501,0.419267
2160000,85,366.944,-21613.9,84.4893,0.422333
2175000,87,343.369,-21607.5,76.0723,0.4164
2190000,63,275.756,-21675.6,64.9787,0.406276
2205000,86,389.749,-21626.5,77.2597,0.4102
2220000,76,325.53,-21603.5,64.5593,0.4104
2235000,86,376.824,-21619.1,99.3086,0.410667
2250000,62,265.061,-21662.5,69.8763,0.386233
2265000,87,357.335,-21655,74.8644,0.416067
2280000,67,285.167,-21622.4,62.7249,0.4066
2295000,80,341.327,-21652,82.258,0.400867
2310000,62,268.051,-21658.2,51.9619,0.40025
2325000,74,308.278,-21628.7,81.8674,0.419067
2340000,79,332.871,-21643.5,81.9429,0.412867
2355000,65,279.262,-21643.3,64.5595,0.391756
2370000,62,256.832,-21664,58.2651,0.381917
2385000,69,291.554,-21644.7,67.3432,0.405267
2400000,83,360.789,-21631.1,85.4105,0.399667
2415000,70,291.836,-21650.8,72.3238,0.405667
2430000,63,268.702,-21648.2,65.7215,0.394933
2445000,56,235.459,-21628.5,46.8779,0.403267
2460000,67,283.337,-21620.8,72.3009,0.3834
2475000,67,286.113,-21615.7,84.1036,0.4046
2490000,65,275.718,-21607.8,57.8619,0.398667
2505000,70,306.938,-21657,64.0837,0.402714
2520000,61,283.483,-21642.8,65.794,0.404067
2535000,77,339.97,-21623.4,91.5301,0.3966
2550000,71,298.493,-21610.8,72.6825,0.395233
2565000,67,286.473,-21614.9,66.5125,0.4028
2580000,80,339.694,-21651.6,74.124,0.404778
2595000,88,370.905,-21606.9,93.9225,0.4042
2610000,91,381.122,-21595.7,97.4931,0.4166
2625000,86,373.157,-21603.5,100.622,0.406533
2640000,81,354.81,-21643.6,101.224,0.400505
2655000,68,291.263,-21636.2,59.4156,0.4053
2670000,65,283.372,-21605.8,66.1708,0.400267
2685000,69,302.785,-21636.9,81.0515,0.4002
2700000,58,247.06,-21640.5,72.9255,0.406733
2715000,61,262.684,-21631.2,74.4274,0.384133
2730000,62,251.171,-21618.7,54.8336,0.393667
2745000,57,253.891,-21623.2,50.1538,0.375267
2760000,48,226.077,-21651.7,44.8982,0.3877
2775000,62,270.17,-21615.7,61.7926,0.391167
2790000,67,298.3,-21623.7,77.6897,0.397667
2805000,68,300.658,-21623.6,75.0507,0.404933
2820000,70,281.439,-21636.9,82.2104,0.393733
2835000,57,246.984,-21654,67.8896,0.385627
2850000,73,300.977,-21615.6,74.4317,0.393
2865000,70,308.972,-21603.6,74.3596,0.3992
2880000,63,274.106,-21614.3,52.9734,0.393267
2895000,61,279.278,-21623.5,75.8897,0.3992
2910000,55,233.508,-21663,44.9223,0.398813
2925000,57,256.869,-21656.1,60.4024,0.388495
2940000,73,320.028,-21632.8,64.6732,0.406533
2955000,57,247.353,-21633.5,63.6757,0.407133
2970000,57,261.053,-21627,68.3179,0.374133
2985000,48,203.842,-21652.3,43.1569,0.389367
3000000,64,292.215,-21625.6,64.1181,0.383633
3015000,46,209.094,-21680.4,47.1459,0.383457
3030000,69,293.669,-21613.2,60.0152,0.395
3045000,58,242.074,-21634.4,62.5296,0.377267
3060000,56,236.562,-21677.8,59.5309,0.378213
3075000,48,206.529,-21697.5,45.8181,0.394867
3090000,72,318.399,-21641.3,81.275,0.395267
3105000,79,327.349,-21623.8,77.6298,0.4018
3120000,73,318.655,-21621.2,76.279,0.4078
3135000,74,301.666,-21630,73.7884,0.414867
3150000,52,225.875,-21650.5,46.0447,0.395244
3165000,48,194.201,-21671,38.5942,0.391956
3180000,62,267.394,-21643.5,47.0015,0.388578
3195000,62,263.313,-21667.4,74.6477,0.392533
3210000,57,245.455,-21636.1,61.8409,0.383133
3225000,65,268.146,-21672,59.741,0.37456
3240000,65,265.838,-21652.2,65.1707,0.395467
3255000,64,274.169,-21652.6,73.2554,0.391244
3270000,64,278.853,-21650.2,72.458,0.396667
3285000,56,246.911,-21658.5,47.949,0.391444
3300000,69,298.79,-21652.1,78.7766,0.4001
3315000,74,326.64,-21672.5,77.1839,0.403733
3330000,69,295.529,-21671.2,71.1817,0.419667
3345000,56,257.003,-21689.1,61.3632,0.398867
3360000,67,285.799,-21658.4,68.8691,0.406833
3375000,69,310.198,-21653.5,75.9289,0.410067
3390000,64,276.026,-21640.3,60.2248,0.395506
3405000,75,320.098,-21656.9,84.3801,0.400667
3420000,60,255.977,-21670.9,56.1339,0.396347
3435000,58,251.52,-21671.5,56.9558,0.402333
3450000,73,313.248,-21651.3,69.9539,0.401022
3465000,66,287.915,-21644.3,61.5874,0.4064
3480000,72,317.139,-21650.1,75.6713,0.408
3495000,63,272.09,-21676.2,63.0854,0.412467
3510000,48,212.791,-21685.9,52.7963,0.393844
3525000,60,265.531,-21666.2,53.5352,0.398467
3540000,67,297.552,-21674.4,59.4746,0.416933
3555000,52,232.742,-21678.8,55.9498,0.408
3570000,65,309.677,-21688.1,73.9893,0.400267
3585000,74,326.224,-21632.6,70.4142,0.403743
3600000,63,278.977,-21674.9,53.4944,0.4065
3615000,69,300.536,-21670.1,70.109,0.4001
3630000,48,203.368,-21681.1,60.1116,0.390973
3645000,64,278.465,-21654.6,71.6829,0.403967
3660000,47,197.463,-21681.9,48.403,0.3871
3675000,60,268.006,-21661.3,51.358,0.390267
3690000,65,284.914,-21657.8,59.1605,0.399533
3705000,64,268.964,-21659.9,45.7601,0.4032
3720000,64,283.671,-21660.5,59.9227,0.395
3735000,62,270.011,-21675.8,56.2262,0.397133
3750000,50,209.016,-21664.4,55.1234,0.381933
3765000,58,249.662,-21674.9,57.7188,0.385822
3780000,72,311.813,-21655.7,75.4768,0.3998
3795000,67,295.757,-21635.8,76.3277,0.401867
3810000,63,288.545,-21651.9,66.7751,0.400067
3825000,68,284.357,-21658.9,80.2435,0.415356
3840000,67,287.622,-21639.7,73.3239,0.4116
3855000,49,226.635,-21671.6,52.8473,0.396244
3870000,44,205.937,-21654.7,51.9919,0.370067
3885000,60,269.035,-21660.7,54.774,0.387578
3900000,66,286.492,-21651.2,71.0892,0.385667
3915000,60,274.161,-21679,74.6894,0.3936
3930000,59,256.65,-21646.1,60.0843,0.389467
3945000,57,263.144,-21643.8,54.7924,0.398867
3960000,57,249.645,-21646.6,57.5543,0.3862
3975000,52,234.377,-21650.8,54.7107,0.389133
3990000,46,198.291,-21693.8,67.7052,0.387033
4005000,41,183.073,-21661.8,44.5746,0.37564
4020000,59,263.016,-21690.9,46.8732,0.384467
4035000,61,281.325,-21653,48.0427,0.388367
4050000,52,227.658,-21660.9,43.2314,0.396067
4065000,54,239.76,-21677.3,56.8968,0.394111
4080000,58,248.254,-21640.3,59.334,0.3886
4095000,62,276.337,-21649.8,60.7431,0.397667
4110000,56,242.815,-21647.5,60.3234,0.397489
4125000,57,240.734,-21655.4,49.8247,0.395867
4140000,68,290.857,-21635.1,77.0094,0.402711
4155000,53,221.965,-21662.3,53.6606,0.395012
4170000,58,241.729,-21670.8,63.191,0.3914
4185000,60,266.479,-21635.4,55.056,0.392
4200000,62,257.538,-21636,51.5598,0.392533
4215000,61,272.656,-21665.1,65.8375,0.389689
4230000,61,257.454,-21654.9,62.1156,0.3937
4245000,44,201.592,-21677.6,51.186,0.380533
4260000,51,242.229,-21664.8,55.5903,0.376733
4275000,52,221.594,-21660.4,48.2814,0.3898
4290000,51,209.11,-21658.3,46.0409,0.383289
4305000,52,232.563,-21672.6,58.1527,0.37604
4320000,59,250.545,-21670.2,58.7947,0.385667
4335000,73,304.454,-21655.8,66.3015,0.388978
4350000,68,283.214,-21669.8,80.9434,0.415933
4365000,66,276.369,-21651.6,87.9334,0.4076
4380000,71,316.924,-21635.4,74.4788,0.410067
4395000,68,302.507,-21648.1,68.4441,0.395333
4410000,67,304.551,-21626.4,76.1741,0.403867
4425000,66,291.858,-21632.9,73.8667,0.404133
4440000,50,222.954,-21657.5,41.5735,0.390107
4455000,71,324.709,-21636.7,75.8319,0.409
4470000,70,315.341,-21608.6,63.4376,0.407733
4485000,66,294.882,-21625.1,59.8451,0.409467
4500000,67,287.878,-21641.4,84.403,0.403
4515000,69,313.245,-21652.7,85.461,0.4002
4530000,55,239.114,-21668.1,66.054,0.386484
4545000,60,245.916,-21618.3,47.7534,0.4043
4560000,56,228.337,-21668.8,53.89,0.399792
4575000,70,306.704,-21664,68.8154,0.3928
4590000,63,279.093,-21630.5,58.9878,0.397244
4605000,68,267.72,-21636.2,68.2602,0.396067
4620000,77,325.662,-21645.3,86.9788,0.401467
4635000,75,300.322,-21630.4,77.6897,0.400667
4650000,72,289.13,-21640,84.3478,0.395267
4665000,68,300.61,-21638.1,67.5454,0.406867
4680000,66,270.037,-21654.5,61.1624,0.4044
4695000,66,281.339,-21634.8,62.5641,0.4163
4710000,76,329.096,-21630.8,68.1007,0.408733
4725000,75,316.447,-21649,81.6193,0.4116
4740000,74,318.129,-21637.7,65.4232,0.397933
4755000,70,300.959,-21642.6,61.1606,0.405067
4770000,72,302.444,-21654.7,73.6273,0.405467
4785000,56,230.182,-21653.2,54.1959,0.402219
4800000,72,306.99,-21627.8,74.394,0.397833
4815000,67,283.596,-21603.2,83.9168,0.4092
4830000,89,380.273,-21616.5,94.8869,0.4022
4845000,95,405.125,-21619.3,86.3236,0.413267
4860000,68,288.959,-21626.5,71.2729,0.410733
4875000,77,322.661,-21632.6,68.9096,0.4002
4890000,71,322.077,-21622.3,81.2397,0.408867
4905000,75,312.977,-21640.8,72.0992,0.398067
4920000,55,230.498,-21672.7,59.1645,0.400392
4935000,63,273.08,-21666.9,50.219,0.392533
4950000,58,252.812,-21656.6,62.4629,0.3918
4965000,55,237.731,-21676.8,69.886,0.396528
4980000,59,256.72,-21641.8,46.9238,0.38905
4995000,45,206.717,-21659.4,67.0377,0.375267
5010000,51,228.865,-21658.2,61.1492,0.376067
5025000,45,187.192,-21665,52.1334,0.384467
5040000,69,286.961,-21646.4,60.8735,0.385817
5055000,70,292.034,-21645.2,70.9606,0.3952
5070000,52,216.148,-21718.1,54.0389,0.393867
5085000,57,241.704,-21642.4,49.8531,0.398933
5100000,53,208.368,-21646.6,60.7489,0.370567
5115000,69,303.755,-21635.5,60.1678,0.402433
5130000,74,324.088,-21614.1,71.1126,0.395867
5145000,47,211.553,-21718.1,41.69,0.383453
5160000,60,258.867,-21642.5,60.8143,0.3992
5175000,62,273.586,-21640.5,71.3022,0.3954
5190000,62,281.412,-21645.7,55.9882,0.389867
5205000,71,326.264,-21645.6,88.6572,0.411533
5220000,61,268.912,-21633.5,51.9874,0.381533
5235000,52,230.15,-21660.7,45.4982,0.396067
5250000,59,262.269,-21683.8,63.5676,0.390343
5265000,50,219.513,-21684.6,51.469,0.395533
5280000,65,279.824,-21659.7,62.0609,0.380289
5295000,55,225.995,-21646.3,60.2437,0.38468
5310000,51,234.619,-21652.3,39.7415,0.390833
5325000,60,263.582,-21644.8,60.0493,0.391933
5340000,55,238.696,-21633.9,40.9684,0.391133
5355000,54,232.373,-21632.6,47.1121,0.382133
5370000,61,263.193,-21660.3,69.5451,0.385017
5385000,67,292.711,-21640.9,66.6535,0.3816
5400000,66,292.394,-21634.6,71.2157,0.388733
5415000,71,310.313,-21617.9,70.5479,0.4038
5430000,71,312.352,-21624.1,87.8004,0.401533
5445000,46,196.116,-21679,34.1636,0.375744
5460000,77,333.624,-21629.1,81.9993,0.3909
5475000,63,265.031,-21647.2,63.2568,0.3894
5490000,62,247.644,-21615.6,62.4402,0.372667
5505000,56,238.866,-21649.8,46.3255,0.402067
5520000,64,282.086,-21615.9,73.1114,0.382833
5535000,67,292.753,-21618.1,73.1543,0.3876
5550000,77,348.317,-21603.9,72.8712,0.3898
5565000,55,239.727,-21667.8,47.8988,0.397983
5580000,47,208.048,-21654.4,49.5108,0.3796
5595000,65,293.018,-21636.8,61.8129,0.386644
5610000,49,213.974,-21641.6,47.5876,0.367533
5625000,64,282.556,-21667.3,76.6568,0.393156
5640000,46,211.615,-21663.7,49.9704,0.373667
5655000,59,263.392,-21646.3,53.1336,0.395367
5670000,65,280.387,-21648.3,76.2829,0.382867
5685000,69,300.435,-21639.6,65.3387,0.406933
5700000,68,296.149,-21645.5,75.4721,0.396533
5715000,68,290.653,-21633.3,73.2886,0.373896
5730000,48,215.135,-21670.6,41.9763,0.369144
5745000,66,284.537,-21649.4,62.9886,0.4056
5760000,73,327.886,-21674.2,76.9873,0.406467
5775000,57,240.147,-21635.6,45.4334,0.38505
5790000,76,322.573,-21638.7,75.5445,0.400933
5805000,64,294.511,-21624,64.6652,0.407
5820000,69,307.213,-21639.8,63.4415,0.386622
5835000,55,231.726,-21648.9,58.5563,0.390819
5850000,52,229.024,-21631.9,48.998,0.3698
5865000,59,249.722,-21636.4,58.6744,0.380867
5880000,63,284.208,-21644.5,65.5328,0.404533
5895000,64,265.163,-21625,70.9448,0.399144
5910000,79,333.594,-21636.1,76.2841,0.398367
5925000,86,386.85,-21616.3,72.6583,0.422333
5940000,88,372.564,-21609,103.772,0.413267
5955000,79,349.89,-21614.2,72.8711,0.4198
5970000,78,344.743,-21628,91.8954,0.415067
5985000,79,339.606,-21619.8,85.456,0.413867
6000000,81,349.133,-21606.8,73.6122,0.402067
6015000,82,360.146,-21610.9,82.1841,0.4138
6030000,91,413.169,-21612.4,95.2872,0.415667
6045000,80,354.973,-21609.7,76.1885,0.4182
6060000,78,349.206,-21620.5,84.0621,0.4028
6075000,84,353.856,-21637.3,80.6964,0.405267
6090000,81,338.305,-21633.8,80.9315,0.399933
6105000,81,347.593,-21618.2,71.8655,0.394733
6120000,66,270.102,-21643,61.8253,0.394511
6135000,91,399.778,-21624.3,91.8076,0.411
6150000,76,323.011,-21639.9,73.1726,0.410467
6165000,64,280.91,-21628.1,66.2718,0.393133
6180000,71,303.999,-21670.6,63.9618,0.4091
6195000,56,232.86,-21650.6,60.4352,0.378513
6210000,61,272.454,-21643.3,61.607,0.371867
6225000,66,293.015,-21638.2,74.6451,0.400733
6240000,62,264.679,-21625.5,52.7673,0.393453
6255000,62,264.122,-21655.9,59.7032,0.392867
6270000,64,265.446,-21681.3,68.2379,0.397856
6285000,61,265.925,-21638.7,66.1425,0.390033
6300000,63,276.811,-21624.8,64.6852,0.3902
6315000,72,311.905,-21641.8,67.3621,0.391867
6330000,56,239.279,-21663.9,60.3717,0.398
6345000,51,228.404,-21670.3,65.2128,0.371
6360000,44,190.573,-21696.9,34.3594,0.384311
6375000,47,202.793,-21674.5,41.1221,0.381367
6390000,64,275.953,-21629.8,70.8497,0.374806
6405000,56,244.927,-21641.9,56.4357,0.3702
6420000,74,313.428,-21690.5,68.0311,0.3871
6435000,58,247.313,-21650.1,57.5966,0.397489
6450000,67,288.338,-21652.3,69.4347,0.410133
6465000,63,282.676,-21655.4,63.9204,0.407667
6480000,63,272.948,-21640.3,61.3709,0.392267
6495000,65,282.265,-21643.2,76.4767,0.395267
6510000,70,305.173,-21643,73.6811,0.4016
6525000,64,263.747,-21640.8,53.8088,0.403133
6540000,62,269.62,-21652,64.5209,0.388815
6555000,38,168.043,-21661.3,39.86,0.375433
6570000,71,307.652,-21633.5,84.6307,0.389867
6585000,69,285.75,-21628.3,69.8299,0.406467
6600000,78,338.281,-21635.4,77.5882,0.412333
6615000,75,314.356,-21636.8,64.9507,0.4022
6630000,69,313.762,-21631.7,71.4786,0.403267
6645000,64,276.09,-21630.2,69.0182,0.396
6660000,74,321.512,-21609.6,78.3093,0.396583
6675000,70,292.887,-21650.4,63.2926,0.3947
6690000,73,324.398,-21633.8,67.8399,0.404733
6705000,74,313.643,-21640.4,72.8065,0.404133
6720000,74,317.022,-21615.8,79.3202,0.399433
6735000,81,362.182,-21629.8,69.747,0.4107
6750000,79,336.586,-21637,88.7467,0.414333
6765000,70,286.226,-21636.8,74.1026,0.4012
6780000,53,229.123,-21652.4,57.8383,0.402367
6795000,55,233.01,-21663,66.5707,0.395433
6810000,70,317.173,-21668,75.7452,0.403267
6825000,52,234.84,-21657.9,52.7538,0.414467
6840000,60,265.102,-21652.7,68.2683,0.37806
6855000,59,255.16,-21651,54.4314,0.405633
6870000,65,285.462,-21651,84.9167,0.388311
6885000,85,359.732,-21660.5,97.1451,0.4043
6900000,79,332.748,-21630.5,83.5053,0.4262
6915000,66,263.805,-21674,69.4721,0.397067
6930000,74,307.232,-21658.6,69.0354,0.409933
6945000,57,236.314,-21653.3,57.9291,0.375133
6960000,60,251.222,-21640.8,91.7893,0.401067
6975000,65,268.307,-21659.6,50.0216,0.400533
6990000,61,257.067,-21671.4,68.7018,0.375267
7005000,49,214.811,-21659.3,46.8177,0.3774
7020000,61,273.383,-21658.2,80.3451,0.391067
7035000,55,249.695,-21667.5,59.4957,0.395883
7050000,68,300.379,-21669.8,81.1004,0.404867
7065000,52,227.74,-21668.5,58.5423,0.3972
7080000,52,231.036,-21666.4,46.0682,0.38415
7095000,48,211.262,-21679.2,44.0008,0.3831
7110000,59,271.871,-21685.8,59.6086,0.396067
7125000,51,218.948,-21653.8,48.8561,0.381667
7140000,62,276.309,-21664.2,50.6808,0.413967
7155000,42,178.865,-21667.7,40.8713,0.408733
7170000,62,271.433,-21659,56.1317,0.371811
7185000,61,264.605,-21642.6,58.8222,0.389833
7200000,66,294.986,-21665,65.4221,0.401533
7215000,48,208.802,-21669.9,58.2531,0.381244
7230000,65,288.371,-21658.9,89.1467,0.399467
7245000,60,272.503,-21640.3,69.6275,0.380567
7260000,65,289.123,-21669,84.2424,0.387244
7275000,54,245.801,-21656.5,45.381,0.3974
7290000,73,310.391,-21644.1,74.4876,0.40405
7305000,64,254.933,-21646.6,59.1345,0.396133
7320000,58,262.112,-21633.5,54.4765,0.3934
7335000,60,255.162,-21645.2,53.0581,0.376956
7350000,51,222.071,-21650.5,36.0679,0.383133
7365000,70,306.221,-21621.8,60.1826,0.391556
7380000,68,289.022,-21630,60.7859,0.398933
7395000,66,280.871,-21625.5,72.321,0.39
7410000,70,320.143,-21639.6,69.9386,0.384
7425000,71,304.005,-21620.3,68.5635,0.40303
7440000,60,274.931,-21657.8,78.6968,0.397067
7455000,61,258.361,-21650.6,55.5243,0.3989
7470000,71,322.167,-21642.2,76.3183,0.389867
7485000,76,337.457,-21637.9,62.1273,0.387044
7500000,64,293.532,-21640.7,71.0102,0.402
7515000,76,331.346,-21625.8,72.0323,0.391533
7530000,77,313.004,-21652.2,60.9112,0.406187
7545000,65,283.1,-21622.5,75.1995,0.396213
7560000,73,326.325,-21618,86.1073,0.388867
7575000,61,271.23,-21650.7,71.7626,0.408433
7590000,65,291.822,-21609.1,76.1117,0.392067
7605000,51,222.47,-21645.4,52.8614,0.39652
7620000,54,228.573,-21620.1,51.7337,0.384933
7635000,67,301.233,-21615.7,70.0328,0.388622
7650000,73,309.541,-21600.4,76.0048,0.396533
7665000,62,276.705,-21641.7,55.1243,0.375978
7680000,54,235.693,-21652.9,58.1869,0.392067
7695000,54,241.814,-21690.7,49.152,0.387983
7710000,68,286.528,-21642.4,64.0374,0.3893
7725000,67,288.356,-21625.3,56.2712,0.395347
7740000,63,278.04,-21632.6,52.9001,0.387667
7755000,54,220.172,-21644.9,50.0772,0.389867
7770000,65,285.398,-21643.6,59.3578,0.3864
7785000,46,190.956,-21681.6,51.331,0.391811
7800000,56,251.981,-21643.5,49.8613,0.383367
7815000,51,214.733,-21681.3,55.5875,0.372167
7830000,63,278.019,-21663.8,68.6663,0.3974
7845000,73,307.16,-21614.8,78.544,0.393319
7860000,59,250.065,-21624.3,50.8209,0.394333
7875000,62,269.319,-21662.6,60.498,0.387556
7890000,74,318.776,-21638,72.2699,0.3878
7905000,65,281.548,-21637.6,59.3726,0.397019
7920000,73,315.391,-21636.5,84.2999,0.404133
7935000,65,276.74,-21623.3,57.0035,0.402467
7950000,58,247.557,-21621.6,52.3518,0.385417
7965000,60,255.101,-21645,65.4342,0.394033
7980000,68,286.307,-21621.8,55.2867,0.389267
7995000,58,231.346,-21632.2,57.8619,0.3862
8010000,63,284.196,-21646.6,63.6241,0.391467
8025000,64,284.811,-21642,66.02,0.397267
8040000,75,338.703,-21645.6,70.8488,0.417933
8055000,63,281.893,-21649,62.5761,0.39475
8070000,49,207.015,-21683.9,50.3151,0.384892
8085000,54,242.934,-21645.7,67.5294,0.386111
8100000,53,218.848,-21685.5,50.2591,0.3797
8115000,54,228.845,-21652.8,48.5446,0.383233
8130000,47,205.712,-21662.1,46.5885,0.382933
8145000,55,231.6,-21676.7,51.5385,0.372267
8160000,61,263.637,-21691.6,61.4302,0.384914
8175000,59,261.473,-21694.3,59.6494,0.4036
8190000,49,201.063,-21646.6,57.2748,0.384617
8205000,48,199.398,-21663.7,40.612,0.374067
8220000,47,221.924,-21678.9,39.9263,0.374933
8235000,45,190.597,-21664.8,45.9703,0.3804
8250000,46,195.126,-21677.5,43.7499,0.382181
8265000,59,277.528,-21677.7,60.3804,0.3836
8280000,53,238.911,-21672.6,55.2473,0.386967
8295000,47,206.551,-21685.1,55.2484,0.393358
8310000,47,215.558,-21670.5,39.1078,0.388178
8325000,55,254.31,-21663.1,63.5959,0.386
8340000,52,235.859,-21684.1,53.092,0.378967
8355000,50,216.228,-21668.2,44.6582,0.3844
8370000,54,232.546,-21683.4,47.3878,0.378613
8385000,64,280.047,-21671,62.9644,0.3918
8400000,40,167.597,-21664.8,41.8567,0.389233
8415000,52,229.565,-21659.8,59.5614,0.3863
8430000,63,285.478,-21659.4,58.9196,0.393533
8445000,59,250.392,-21665.1,71.8775,0.370111
8460000,58,252.408,-21662.4,40.1832,0.394267
8475000,56,249.504,-21661.6,41.3766,0.3842
8490000,67,295.705,-21662.3,69.6965,0.392133
8505000,60,262.269,-21632,73.826,0.398
8520000,59,260.99,-21673.5,56.8686,0.4073
8535000,50,218.111,-21652.3,46.3262,0.394117
8550000,54,241.453,-21681,73.1475,0.385
8565000,57,253.166,-21643.4,52.8197,0.385
8580000,68,267.255,-21630,66.9623,0.393813
8595000,65,291.849,-21633.2,79.4814,0.396467
8610000,52,203.671,-21647.1,48.2074,0.3892
8625000,54,236.743,-21648.7,56.1247,0.3962
8640000,59,246.687,-21665,55.4236,0.3878
8655000,70,295.333,-21639.5,76.9737,0.404567
8670000,39,160.975,-21706.4,44.5466,0.383558
8685000,69,300.506,-21663.9,66.6261,0.391444
8700000,66,281.664,-21680.9,60.4053,0.405067
8715000,74,315.65,-21639.6,65.6122,0.401217
8730000,66,302.173,-21641.9,91.5081,0.403733
8745000,72,310.447,-21630.2,77.5025,0.398733
8760000,58,254.27,-21649.7,54.1853,0.39815
8775000,58,244.21,-21642.5,57.5394,0.3892
8790000,76,331.346,-21639,74.1667,0.414
8805000,81,359.279,-21637.1,80.0644,0.410933
8820000,59,267.214,-21639.3,54.4484,0.403844
8835000,74,322.655,-21656.3,78.9969,0.407033
8850000,65,282.949,-21636.3,65.0147,0.383467
8865000,61,261.613,-21642.9,53.8874,0.374467
8880000,76,318.456,-21660.9,68.1322,0.415111
8895000,77,331.533,-21654.9,88.3715,0.419133
8910000,84,381.518,-21650.6,95.266,0.398029
8925000,78,345.84,-21642.3,75.1862,0.407333
8940000,61,252.734,-21652.2,73.4158,0.38108
8955000,59,250.597,-21654.5,66.7741,0.410467
8970000,53,221.169,-21690.8,52.3687,0.389667
8985000,69,299.578,-21613.3,68.5299,0.389778
9000000,52,225.564,-21712.6,41.3615,0.411167
9015000,63,265.848,-21608.2,60.1162,0.392
9030000,55,245.594,-21683.1,51.6213,0.399941
9045000,66,279.935,-21618.2,69.8929,0.401933
9060000,75,323.765,-21634.1,80.863,0.402333
9075000,74,327.398,-21643.2,95.2964,0.404333
9090000,72,319.091,-21613.9,80.2426,0.4019
9105000,75,337.682,-21631.6,85.3728,0.388333
9120000,69,308.624,-21624.6,76.2465,0.406333
9135000,60,267.424,-21667.4,66.494,0.412017
9150000,54,234.283,-21666.9,74.4183,0.398673
9165000,65,275.548,-21612.8,61.8767,0.386711
9180000,78,347.665,-21629.6,70.1612,0.401467
9195000,57,258.607,-21668.6,54.6159,0.396383
9210000,65,288.016,-21632,69.283,0.393467
9225000,47,212.014,-21677.2,47.1798,0.377733
9240000,55,247.357,-21668.2,54.3097,0.400578
9255000,47,203.678,-21666.6,37.7315,0.378844
9270000,63,271.372,-21664.2,69.9771,0.4
9285000,75,324.517,-21638,68.2712,0.408467
9300000,64,284.175,-21619,67.9984,0.385213
9315000,86,368.201,-21613.1,65.8356,0.409967
9330000,77,336.897,-21630.2,75.4096,0.4058
9345000,78,338.672,-21623,80.2132,0.416267
9360000,81,349.266,-21634.2,78.4569,0.413333
9375000,70,302.187,-21616.8,75.197,0.392133
9390000,74,317.603,-21651.7,74.0363,0.409333
9405000,66,287.184,-21644.5,61.2974,0.3996
9420000,63,278.286,-21675.6,72.5134,0.393158
9435000,70,283.881,-21652.6,85.1309,0.408022
9450000,70,295.462,-21650.5,63.3556,0.4052
9465000,72,328.872,-21661.5,67.2384,0.408
9480000,58,249.066,-21667,56.5156,0.3952
9495000,48,208.688,-21680.5,59.0127,0.394213
9510000,60,267.716,-21647.4,58.9099,0.387667
9525000,67,296.863,-21663,68.4064,0.4036
9540000,77,329.569,-21660.2,89.7612,0.39988
9555000,54,222.656,-21676.8,58.113,0.397533
9570000,71,306.542,-21640.3,89.504,0.398167
9585000,67,297.872,-21636.8,67.9971,0.407867
9600000,60,277.728,-21641.9,55.1073,0.390156
9615000,82,357.561,-21671.1,113.941,0.415933
9630000,88,393.029,-21647.5,98.7138,0.432333
9645000,72,331.332,-21619.8,64.3194,0.416867
9660000,81,358.658,-21628.4,88.417,0.409533
9675000,58,254.432,-21664.2,47.5516,0.39772
9690000,82,362.417,-21625.9,80.3272,0.4032
9705000,70,311.19,-21623.2,69.3575,0.4046
9720000,78,337.78,-21640.9,88.9388,0.398467
9735000,80,363.939,-21623.3,82.1737,0.394067
9750000,83,378.045,-21635.3,86.7529,0.420533
9765000,65,277.205,-21640.7,67.2067,0.410733
9780000,61,260.44,-21672.1,74.2118,0.400249
9795000,58,246.334,-21658.2,62.2566,0.395442
9810000,52,224.769,-21660.7,57.0717,0.398467
9825000,60,261.131,-21662.6,59.7056,0.40475
9840000,51,226.461,-21664.6,61.038,0.386933
9855000,72,328.769,-21669.6,67.5181,0.4008
9870000,63,283.573,-21637.9,60.7968,0.395967
9885000,51,228.148,-21647,43.2983,0.3956
9900000,59,269.458,-21666.7,62.9018,0.379733
9915000,58,248.066,-21655.5,56.9868,0.4033
9930000,54,220.697,-21659.6,64.5963,0.399267
9945000,52,230.091,-21675.7,51.473,0.398
9960000,62,272.825,-21639.8,62.2433,0.392911
9975000,56,231.349,-21633.2,52.7066,0.387933
9990000,62,272.102,-21615.8,60.0103,0.380467
10005000,75,334.589,-21620.6,65.6916,0.387267
10020000,77,337.017,-21643.4,77.2395,0.393267
10035000,56,227.221,-21676.4,53.978,0.385978
10050000,69,306.955,-21640.7,69.5568,0.3979
10065000,74,317.845,-21642.8,73.9554,0.407533
10080000,69,320.456,-21652.8,66.0985,0.412333
10095000,63,281.588,-21676.2,66.9403,0.402067
10110000,61,260.502,-21656.2,57.1137,0.398533
10125000,66,307.357,-21675.4,60.9439,0.4176
10140000,74,322.437,-21663.9,66.9226,0.404
10155000,74,317.525,-21637.6,77.7292,0.4156
10170000,65,270.363,-21642.5,71.1309,0.418733
10185000,71,316.773,-21650.7,77.5032,0.395224
10200000,65,283.118,-21650.2,71.4358,0.408433
10215000,51,232.525,-21661.4,54.2122,0.402461
10230000,75,318.22,-21622.5,82.7777,0.397467
10245000,60,276.778,-21644.2,73.293,0.380067
10260000,82,331.5,-21649.2,80.0727,0.403667
10275000,74,321.724,-21627.7,71.3599,0.398533
10290000,68,297.967,-21648.4,73.571,0.399733
10305000,79,355.615,-21629.7,73.5323,0.414733
10320000,72,313.973,-21643.8,75.4602,0.414
10335000,57,254.21,-21635,60.5182,0.389867
10350000,61,271.795,-21659.6,56.5207,0.397833
10365000,54,242.663,-21673.6,72.5251,0.387794
10380000,61,275.553,-21667,63.0596,0.392933
10395000,56,247.669,-21632,56.5396,0.387167
10410000,72,332.887,-21652.3,66.012,0.3882
10425000,59,257.386,-21629,76.5621,0.391867
10440000,62,284.898,-21679.7,57.5076,0.399567
10455000,70,297.083,-21625.6,75.181,0.394067
10470000,50,213.243,-21662.4,52.7799,0.396933
10485000,83,380.749,-21670,80.6603,0.407333
10500000,64,289.026,-21667,69.5655,0.410867
10515000,60,270.36,-21659.2,58.593,0.397333
10530000,65,289.554,-21658.9,55.9091,0.385783
10545000,66,284.952,-21654.5,54.3494,0.400267
10560000,65,284.423,-21662.6,67.585,0.404067
10575000,75,340.821,-21640.1,77.3229,0.401252
10590000,70,302.727,-21658.7,69.6877,0.408467
10605000,57,252.655,-21664.7,71.4676,0.393867
10620000,66,290.102,-21640,68.684,0.395733
10635000,65,284.84,-21640,58.0903,0.400067
10650000,70,296.405,-21626.6,59.7255,0.3974
10665000,63,272.24,-21642,71.579,0.401533
10680000,65,281.856,-21637.3,51.7354,0.4001
10695000,73,316.986,-21641.6,70.815,0.397133
10710000,67,284.889,-21666.6,62.637,0.395533
10725000,57,256.794,-21680.3,51.6565,0.400667
10740000,67,276.403,-21652.4,68.3818,0.396147
10755000,78,332.881,-21655.6,66.1536,0.420733
10770000,72,292.52,-21640,77.8292,0.4184
10785000,71,278.793,-21629.8,72.1305,0.4012
10800000,55,255.884,-21669.1,47.77,0.394517
10815000,72,320.748,-21645.9,73.0575,0.4046
10830000,50,221.507,-21659.7,54.7277,0.377333
10845000,62,275.269,-21654.7,59.3275,0.387033
10860000,55,235.472,-21661.2,63.6096,0.385956
10875000,67,267.137,-21636.2,73.7747,0.395733
10890000,52,231.279,-21684.4,42.7734,0.400833
10905000,54,228.174,-21629,62.8352,0.390033
10920000,59,241.189,-21657.3,55.3073,0.3738
10935000,57,226.898,-21660.7,64.4051,0.3822
10950000,60,244.617,-21619.1,54.8573,0.373867
10965000,66,276.856,-21634.4,69.2724,0.3776
10980000,68,301.621,-21638.1,64.9698,0.391333
10995000,64,281.974,-21635.7,68.843,0.400933
11010000,63,258.891,-21660.6,63.2195,0.387233
11025000,63,288.361,-21654.1,71.5019,0.402533
11040000,75,306.025,-21645.6,70.5633,0.392467
11055000,64,287.172,-21625.9,66.0258,0.387467
11070000,46,204.512,-21686.4,41.8016,0.384467
11085000,66,300.256,-21615.5,66.2068,0.3766
11100000,69,309.203,-21637.9,76.4465,0.391
11115000,72,310.121,-21623.2,56.5359,0.388867
11130000,77,343.182,-21629.4,66.6112,0.392571
11145000,71,322.749,-21634.3,74.976,0.3995
11160000,84,370.906,-21597.5,94.8069,0.407733
11175000,86,388.059,-21616.1,79.9444,0.407533
11190000,95,434.331,-21608.7,104.319,0.417133
11205000,87,372.271,-21592.8,83.4646,0.413867
11220000,87,377.995,-21598.9,84.2667,0.407933
11235000,95,410.078,-21586.3,90.2782,0.402644
11250000,78,337.145,-21634.2,91.5136,0.419433
11265000,68,291.204,-21622.3,67.9815,0.399667
11280000,71,305.003,-21625,80.9799,0.3866
11295000,76,338.747,-21605,84.7318,0.405667
11310000,83,363.015,-21588,80.3142,0.40688
11325000,73,329.082,-21618.1,66.9019,0.396933
11340000,65,296.733,-21607.9,61.6679,0.381733
11355000,67,296.463,-21652,79.0303,0.395267
11370000,61,261.276,-21626.6,67.0023,0.396947
11385000,68,276.085,-21616.5,72.4989,0.395133
11400000,84,365.451,-21613.1,86.8537,0.396933
11415000,70,299.077,-21629.1,82.2224,0.400733
11430000,66,268.651,-21632.7,59.1777,0.387133
11445000,72,303.753,-21633.4,65.1193,0.3892
11460000,67,298.432,-21643.8,69.3715,0.395133
11475000,58,262.248,-21709.9,50.3172,0.391173
11490000,54,232.277,-21659.6,40.8604,0.39097
11505000,60,268.162,-21690.8,64.8057,0.400233
11520000,82,362.97,-21639.3,92.7818,0.391017
11535000,78,335.845,-21645.9,80.5545,0.413733
11550000,52,239.889,-21644.8,52.3439,0.38565
11565000,78,330.198,-21659.4,72.5267,0.4162
11580000,60,268.045,-21631.2,61.7394,0.394633
11595000,72,308.685,-21649.7,71.0873,0.4099
11610000,49,226.469,-21699.6,44.826,0.38701
11625000,56,240.489,-21635.7,36.7235,0.404
11640000,47,210.838,-21685.7,56.3217,0.388
11655000,68,314.853,-21642.7,62.4995,0.393533
11670000,73,335.637,-21646.1,52.9944,0.406133
11685000,68,303.624,-21643.6,64.6527,0.399
11700000,53,211.183,-21658.4,64.5792,0.39024
11715000,69,310.167,-21632.5,84.3242,0.4075
11730000,61,281.326,-21671.8,52.4014,0.390156
11745000,52,218.025,-21660.7,56.0586,0.3894
11760000,65,276.102,-21638.3,75.8024,0.403022
11775000,62,273.429,-21617.3,47.6781,0.393667
11790000,68,300.839,-21634.6,59.9829,0.391
11805000,76,318.163,-21607.3,70.8517,0.395848
11820000,66,296.496,-21628.3,58.4903,0.383667
11835000,69,302.431,-21655.2,60.0462,0.393622
11850000,72,326.99,-21632,65.9852,0.3932
11865000,79,336.212,-21621.1,91.797,0.4148
11880000,82,358.06,-21623.2,81.6779,0.410133
11895000,85,370.002,-21605.9,82.9138,0.404333
11910000,60,265.344,-21613,59.8086,0.391978
11925000,49,205.571,-21666.3,54.0258,0.390922
11940000,78,330.87,-21631.5,70.3726,0.4024
11955000,60,258.826,-21632.7,51.1177,0.391578
11970000,60,256.047,-21665.5,70.5629,0.395178
11985000,55,222.408,-21643.6,56.4051,0.395622
12000000,63,267.315,-21645.8,61.1767,0.381178
12015000,53,207.541,-21697.2,49.2115,0.382622
12030000,56,238.322,-21648.6,55.2777,0.382711
12045000,84,387.387,-21600.2,92.494,0.398911
12060000,90,396.651,-21622,78.2398,0.407533
12075000,76,322.651,-21623.2,94.3519,0.412267
12090000,73,329.224,-21614.9,78.2865,0.403067
12105000,38,153.455,-21679.2,34.0137,0.389533
12120000,42,188.998,-21690.8,33.1232,0.3796
12135000,63,260.076,-21620.3,75.1215,0.397511
12150000,57,254.033,-21614.3,59.1946,0.381267
12165000,65,303.234,-21639,70.6874,0.392467
12180000,81,358.151,-21632.2,73.1341,0.3848
12195000,61,279.761,-21640.4,73.8142,0.381867
12210000,79,357.326,-21639,67.9798,0.408833
12225000,71,313.048,-21650.6,94.132,0.4078
12240000,64,272.542,-21650.3,65.075,0.393
12255000,65,280.175,-21621.8,63.6369,0.3886
12270000,62,269.727,-21642.9,61.8787,0.391373
12285000,73,333.41,-21605.1,67.2715,0.407233
12300000,69,313.042,-21636.8,87.0539,0.4005
12315000,57,249.828,-21683.6,61.9553,0.388528
12330000,70,312.426,-21615.8,62.8158,0.392489
12345000,53,223.112,-21642.6,47.9818,0.393067
12360000,57,252.515,-21666.6,54.7399,0.388333
12375000,62,281.338,-21660.4,58.9991,0.387667
12390000,72,307.972,-21598.9,76.7797,0.3959
12405000,66,278.888,-21620.3,61.6017,0.3978
12420000,66,275.839,-21602.7,58.2025,0.386733
12435000,77,327.737,-21615.1,72.5068,0.396667
12450000,83,362.867,-21638.6,93.6814,0.4054
12465000,56,232.223,-21650.4,61.4425,0.385756
12480000,78,338.269,-21609.8,76.1401,0.394367
12495000,68,298.28,-21589,72.3034,0.385
12510000,71,308.683,-21631.3,62.6127,0.394667
12525000,63,256.881,-21633.2,73.6686,0.389967
12540000,63,264.841,-21644.5,67.1408,0.397467
12555000,80,361.503,-21619.1,81.9217,0.401533
12570000,91,398.236,-21615.8,94.3865,0.411
12585000,74,319.792,-21621,66.5297,0.403333
12600000,71,282.291,-21635.8,75.945,0.401333
12615000,76,335.132,-21631.2,62.1166,0.392667
12630000,64,283.661,-21627.2,55.1495,0.3978
12645000,48,211.588,-21690.3,46.6448,0.376611
12660000,56,251.984,-21627.9,58.2489,0.399633
12675000,56,255.669,-21635.2,49.8755,0.3958
12690000,56,242.668,-21635.9,62.7487,0.378667
12705000,63,269.823,-21618.1,57.2339,0.388089
12720000,71,315.126,-21646.6,69.3718,0.3942
12735000,72,313.905,-21613.3,74.5627,0.3982
12750000,75,337.547,-21600.4,75.0842,0.404467
12765000,84,359.984,-21597.8,91.1,0.416067
12780000,86,391.819,-21607.4,83.0196,0.404133
12795000,90,411.079,-21602.6,90.0474,0.421733
12810000,91,408.749,-21584.4,89.8428,0.410533
12825000,82,358.625,-21587.9,95.3864,0.405667
12840000,53,213.91,-21662.7,49.7041,0.389
12855000,87,364.343,-21590,88.9584,0.3988
12870000,54,219.569,-21666.1,59.5576,0.387382
12885000,64,277.353,-21660.2,47.8816,0.387133
12900000,78,326.532,-21614,68.5834,0.407622
12915000,63,268.68,-21638.6,73.0504,0.396433
12930000,60,276.523,-21635.2,64.9403,0.396133
12945000,48,210.066,-21628.7,44.3142,0.378133
12960000,62,270.398,-21665.5,61.7952,0.3908
12975000,65,274.654,-21642.8,65.4214,0.406773
12990000,58,240.475,-21642.7,60.2557,0.400933
13005000,57,254.067,-21643.2,45.1523,0.390667
13020000,49,215.103,-21667.8,48.959,0.395067
13035000,50,191.884,-21644.9,55.2152,0.389622
13050000,56,247.721,-21650,59.9767,0.388743
13065000,63,284.265,-21641.4,75.386,0.385933
13080000,73,309.772,-21666,73.4666,0.390822
13095000,65,284.019,-21656.3,73.1053,0.3997
13110000,70,294.906,-21653.6,72.1846,0.413033
13125000,68,295.151,-21660,63.8101,0.400067
13140000,67,284.879,-21646.6,69.1066,0.406733
13155000,73,316.835,-21622.7,74.7813,0.4068
13170000,63,279.667,-21639.2,62.0425,0.4042
13185000,55,227.902,-21671.8,54.5409,0.387811
13200000,53,227.381,-21657.3,49.245,0.3829
13215000,62,265.008,-21657.7,75.3228,0.3944
13230000,55,238.095,-21631.6,50.8917,0.3886
13245000,63,274.646,-21636.7,74.7051,0.3879
13260000,67,285.235,-21641.7,72.0082,0.401011
13275000,48,212.657,-21653.6,42.763,0.3916
13290000,52,209.64,-21656.2,60.3398,0.396333
13305000,52,225.015,-21658.1,59.4088,0.391933
13320000,65,267.755,-21636.9,66.2837,0.3786
13335000,44,192.654,-21675.3,47.3614,0.378089
13350000,54,233.235,-21646.4,54.2279,0.388111
13365000,74,326.325,-21633.8,64.1634,0.402467
13380000,78,338.168,-21611.4,73.8373,0.392817
13395000,74,317.688,-21618.9,81.3298,0.4104
13410000,57,252.457,-21634.5,62.6424,0.395867
13425000,51,221.49,-21653.1,48.1312,0.375022
13440000,55,245.019,-21648,48.7554,0.374933
13455000,58,257.73,-21646.4,50.7407,0.373889
13470000,67,308.528,-21669.1,79.7197,0.389648
13485000,68,296.662,-21631.8,67.701,0.3945
13500000,58,250.155,-21672.7,50.9739,0.407333
13515000,76,319.876,-21614.6,78.6888,0.389433
13530000,86,370.904,-21633.5,94.442,0.405733
13545000,66,292.675,-21655.8,69.4655,0.396022
13560000,59,261.905,-21652.8,60.6108,0.395267
13575000,74,337.495,-21616.5,68.8582,0.403733
13590000,66,287.2,-21624,62.1676,0.4098
13605000,69,301.079,-21622,79.4099,0.395533
13620000,73,304.701,-21648.6,60.5336,0.392494
13635000,65,291.267,-21612,77.7272,0.3928
13650000,57,261.912,-21643.1,56.0758,0.389933
13665000,56,251.073,-21633.6,61.8695,0.3807
13680000,64,281.173,-21643.4,61.4111,0.3784
13695000,55,234.282,-21632.7,51.2259,0.3843
13710000,71,310.182,-21642.1,84.2057,0.4004
13725000,70,305.301,-21645.6,74.4074,0.401178
13740000,59,251.749,-21676,64.9482,0.401089
13755000,65,274.627,-21666.1,79.5737,0.4056
13770000,63,268.111,-21646.4,52.0978,0.398483
13785000,73,309.623,-21612.6,70.7015,0.383583
13800000,71,297.319,-21628.3,76.7664,0.389467
13815000,77,331.157,-21621.9,79.8095,0.4002
13830000,73,329.991,-21627.9,70.8035,0.3998
13845000,84,354.935,-21611.3,73.8926,0.394067
13860000,52,207.243,-21677.7,60.6788,0.394057
13875000,75,326.449,-21628.4,79.2821,0.397967
13890000,78,343.187,-21636.9,78.3185,0.393333
13905000,67,293.916,-21653.6,61.3064,0.385467
13920000,61,264.466,-21640.5,57.4987,0.388867
13935000,81,351.158,-21634.8,77.2451,0.414067
13950000,73,310.225,-21620.1,73.812,0.398733
13965000,66,284.756,-21609.4,65.278,0.3942
13980000,64,267.106,-21628.6,60.3146,0.3876
13995000,53,211.357,-21634.1,61.1385,0.366533
14010000,41,194.99,-21683.9,34.1707,0.384947
14025000,49,219.47,-21655.2,49.0867,0.380133
14040000,47,200.545,-21673.5,36.2537,0.3842
14055000,59,265.508,-21661.5,55.3146,0.3885
14070000,55,236.445,-21651.6,69.3263,0.38963
14085000,56,240.73,-21661,57.7124,0.406
14100000,60,247.423,-21655.5,59.0343,0.390222
14115000,51,236.557,-21662.7,54.3599,0.406433
14130000,58,243.697,-21697.1,57.1191,0.394133
14145000,59,259.834,-21695.1,52.9631,0.401629
14160000,67,293.042,-21659.2,63.7626,0.396867
14175000,66,288.13,-21654.6,63.7654,0.409333
14190000,57,248.505,-21661.4,56.5126,0.398333
14205000,61,269.704,-21651,70.7083,0.3976
14220000,44,190.246,-21668.6,30.8338,0.385
14235000,56,250.553,-21676.9,52.9619,0.3878
14250000,50,207.502,-21685.5,39.0129,0.3968
14265000,57,255.714,-21661.3,57.0742,0.400193
14280000,55,242.617,-21662,56.5416,0.402467
14295000,54,229.089,-21659.9,46.5917,0.387082
14310000,48,199.142,-21659.3,45.8707,0.363933
14325000,52,241.176,-21670.4,51.7434,0.40012
14340000,52,223.474,-21670.5,69.7798,0.3872
14355000,48,204.551,-21660.1,54.3524,0.386867
14370000,57,243.673,-21641.9,44.7112,0.396044
14385000,47,203.402,-21651,58.1711,0.377507
14400000,57,241.863,-21635.7,41.6594,0.389367
14415000,80,357.58,-21635,63.6589,0.411733
14430000,63,279.803,-21642.4,74.3247,0.4092
14445000,69,315.643,-21644.4,64.3323,0.3908
14460000,50,223.262,-21670.8,49.0918,0.396419
14475000,59,254.437,-21645.1,68.2034,0.392967
14490000,61,268.753,-21633.9,58.7118,0.387133
14505000,61,272.923,-21617.9,54.3585,0.399933
14520000,67,288.844,-21620.1,75.1316,0.403867
14535000,54,236.515,-21662.9,60.2741,0.383253
14550000,85,365.658,-21620.3,85.4866,0.403
14565000,68,284.731,-21652.2,73.4895,0.386667
14580000,68,294.001,-21634.2,65.9039,0.412267
14595000,57,261.486,-21682.6,59.4169,0.39523
14610000,56,250.826,-21689.3,66.4588,0.4018
14625000,55,246.95,-21641.6,59.8586,0.397044
14640000,64,265.559,-21622.2,66.4547,0.3968
14655000,67,281.644,-21617.2,77.5101,0.402133
14670000,71,309.873,-21646.6,56.9549,0.40115
14685000,56,245.618,-21651.8,60.3818,0.387075
14700000,64,265.649,-21661.7,78.799,0.395467
14715000,64,271.268,-21649.2,61.2162,0.399933
14730000,59,248.219,-21653.7,54.9762,0.3969
14745000,56,228.07,-21651.3,53.042,0.389333
14760000,56,229.037,-21628.6,60.4137,0.384733
14775000,59,262.217,-21652,71.5266,0.391
14790000,57,253.07,-21653.4,49.2942,0.3938
14805000,68,306.586,-21669.6,76.9786,0.392533
14820000,56,260.625,-21661.5,64.2408,0.386933
14835000,59,271.327,-21672,54.8358,0.395267
14850000,54,238.594,-21646.4,54.7596,0.3884
14865000,75,329.872,-21653.1,77.2463,0.404033
14880000,65,292.319,-21642.5,65.2114,0.414067
14895000,60,270.324,-21651.6,62.9683,0.387333
14910000,63,276.608,-21649.7,57.7474,0.385467
14925000,65,265.549,-21645.4,68.2051,0.387422
14940000,59,253.538,-21647.8,64.4298,0.385
14955000,56,244.858,-21676.7,44.4868,0.380356
14970000,66,283.405,-21656.7,63.6951,0.383567
14985000,76,338.748,-21660.4,57.8547,0.3982
15000000,59,255.741,-21655.5,68.8951,0.397467
15015000,57,250.986,-21658.8,62.5909,0.38845
15030000,59,257.496,-21662,64.279,0.401733
15045000,64,284.623,-21665.9,70.2459,0.3977
15060000,57,247.204,-21677,48.8465,0.387557
15075000,59,256.827,-21641.6,61.4404,0.395711
15090000,65,271.202,-21657.3,73.4925,0.386844
15105000,61,249.169,-21669.4,57.6298,0.398733
15120000,64,283.527,-21680.2,56.3119,0.408667
15135000,56,244.343,-21672.8,56.0223,0.3966
15150000,58,254.765,-21684.2,75.1797,0.382933
15165000,51,212.223,-21669.8,63.7248,0.3948
15180000,67,292.162,-21673.6,80.9334,0.403133
15195000,59,252.761,-21660,48.496,0.39935
15210000,57,236.812,-21666.4,63.5997,0.399067
15225000,66,302.307,-21661.7,70.745,0.4032
15240000,52,226.855,-21700.6,46.0699,0.397967
15255000,48,201.154,-21706.7,64.3595,0.378933
15270000,67,287.666,-21633,55.75,0.399156
15285000,51,209.235,-21659.4,38.1635,0.3916
15300000,64,289.303,-21620.2,51.6832,0.3956
15315000,67,298.975,-21642.5,52.6526,0.394667
15330000,66,294.339,-21675.2,49.0585,0.408667
15345000,60,279.521,-21652.7,59.7256,0.396067
15360000,56,241.213,-21656.7,55.9078,0.383067
15375000,51,228.395,-21693.7,41.8153,0.393473
15390000,58,263.145,-21664.9,53.8916,0.392333
15405000,64,282.081,-21662,56.0965,0.403533
15420000,79,331.819,-21689.8,72.064,0.397117
15435000,83,339.309,-21682.2,81.0928,0.423067
15450000,73,317.755,-21660.6,65.8553,0.409453
15465000,75,328.231,-21630.8,78.779,0.405
15480000,60,260.784,-21665,67.5766,0.4034
15495000,58,249.158,-21663.3,74.6037,0.399533
15510000,60,267.182,-21661,60.4,0.384333
15525000,71,303.724,-21642.3,85.9181,0.392533
15540000,67,270.563,-21632.1,63.7309,0.405333
15555000,54,232.749,-21675.2,68.0872,0.391242
15570000,55,245.056,-21664.2,57.9678,0.392533
15585000,55,244.821,-21702.2,57.5256,0.395467
15600000,47,198.904,-21678.3,48.8178,0.382667
15615000,51,215.61,-21680.4,40.3193,0.392067
15630000,51,205.473,-21702.2,53.1643,0.392084
15645000,46,186.758,-21690.5,38.8635,0.3994
15660000,49,217.562,-21687.7,50.8999,0.383917
15675000,51,221.653,-21677,58.0991,0.401067
15690000,58,260.119,-21678.1,55.7736,0.399183
15705000,63,276.802,-21656.4,72.6774,0.409533
15720000,56,220.279,-21662.7,56.308,0.397667
15735000,57,263.266,-21691.3,58.2905,0.38628
15750000,67,287.601,-21652.4,82.6839,0.391756
15765000,46,197.811,-21680.8,58.1427,0.388911
15780000,53,232.635,-21675.2,51.3269,0.401467
15795000,59,260.806,-21660.3,61.9708,0.396133
15810000,47,203.305,-21699.4,54.6336,0.391133
15825000,53,225.755,-21698.5,63.2875,0.401617
15840000,68,292.979,-21661.9,84.4255,0.402822
15855000,89,359.569,-21646.1,102.348,0.4186
15870000,80,337.628,-21642.7,90.7177,0.426
15885000,63,255.951,-21640.8,62.3326,0.412133
15900000,72,331.316,-21650.5,67.592,0.407067
15915000,71,323.359,-21665.9,68.5553,0.411278
15930000,51,220.147,-21665.9,48.8944,0.3977
15945000,40,176.696,-21699,45.1837,0.396052
15960000,48,201.573,-21696.3,57.161,0.3854
15975000,64,274.843,-21648.5,65.119,0.402633
15990000,48,207.141,-21692.2,55.5176,0.382867
16005000,67,298.198,-21671.9,72.3342,0.390067
16020000,50,206.012,-21671.9,56.4991,0.3958
16035000,44,184.565,-21701.5,35.2384,0.410117
16050000,46,193.202,-21682.3,45.9169,0.388833
16065000,45,194.355,-21717.7,46.7864,0.383967
16080000,58,249.296,-21673.6,59.5035,0.389013
16095000,57,248.932,-21659.6,51.1949,0.394
16110000,66,292.523,-21682.1,67.5781,0.401133
16125000,41,173.323,-21698,41.3889,0.380583
16140000,52,233.564,-21676.7,46.9339,0.393667
16155000,64,285.147,-21678.8,61.9725,0.407533
16170000,57,252.909,-21665.6,51.0704,0.404933
16185000,54,237.242,-21672.5,55.4194,0.401933
16200000,51,227.077,-21694,51.7837,0.381393
16215000,76,325.081,-21665.4,79.8292,0.393033
16230000,79,344.62,-21649.6,76.3635,0.4114
16245000,66,296.405,-21647.2,55.2661,0.4146
16260000,46,210.862,-21682.5,53.8317,0.398911
16275000,46,203.013,-21665.9,54.6509,0.383867
16290000,68,293.372,-21649,66.6089,0.409267
16305000,69,307.575,-21657.8,73.7098,0.4086
16320000,52,234.423,-21665.6,55.6685,0.379067
16335000,55,254.844,-21661.5,47.1203,0.3866
16350000,51,227.243,-21676.3,39.3126,0.386156
16365000,43,180.356,-21711.6,54.9195,0.395
16380000,54,232.093,-21669.9,47.8919,0.391967
16395000,64,287.466,-21651.5,57.3945,0.3968
16410000,50,215.462,-21663,44.35,0.38328
16425000,58,244.039,-21657,57.8185,0.3726
16440000,63,268.422,-21655.5,78.6174,0.380467
16455000,71,319.65,-21643.5,92.8272,0.386267
16470000,68,308.43,-21667.8,74.2249,0.394467
16485000,74,323.097,-21680.3,81.3291,0.408067
16500000,70,320.356,-21641.9,64.1489,0.399267
16515000,70,324.259,-21661.7,61.7323,0.408967
16530000,70,314.167,-21625.8,66.7596,0.406533
16545000,68,301.635,-21616.8,61.9429,0.398533
16560000,62,276.365,-21687.4,63.0309,0.398067
16575000,61,255.049,-21642,71.766,0.398414
16590000,63,285.303,-21639.4,61.8637,0.390244
16605000,65,290.56,-21636.7,68.4171,0.396467
16620000,59,228.236,-21645.1,56.1574,0.388111
16635000,51,224.851,-21652.7,50.0096,0.3778
16650000,46,207.699,-21652.4,46.8828,0.385844
16665000,59,249.45,-21655.9,60.1795,0.391156
16680000,48,216.316,-21663.7,44.8454,0.374767
16695000,66,278.255,-21632.7,60.0314,0.400467
16710000,61,254.371,-21675.9,56.6879,0.393787
16725000,56,255.149,-21647.3,53.3355,0.3844
16740000,57,247.627,-21635.6,52.0186,0.382911
16755000,56,241.114,-21638.2,54.0408,0.389467
16770000,59,257.255,-21651.8,68.5695,0.3962
16785000,47,192.274,-21658,39.4409,0.382467
16800000,62,270.224,-21658.4,71.0078,0.393467
16815000,58,260.224,-21643.9,53.3168,0.3984
16830000,49,202.862,-21697.2,51.8372,0.381925
16845000,72,320.644,-21652.1,65.7854,0.404933
16860000,71,320.003,-21632.9,63.4591,0.402733
16875000,78,347.103,-21650.6,73.6825,0.412533
16890000,72,320.578,-21649.1,66.5134,0.409933
16905000,48,213.995,-21661.9,46.9317,0.3843
16920000,47,207.934,-21678.1,56.7567,0.384667
16935000,69,292.513,-21635.5,67.2477,0.401733
16950000,68,279.472,-21640.6,68.1401,0.383067
16965000,69,320.157,-21636.4,67.1186,0.396933
16980000,75,334.85,-21624.7,64.5523,0.392
16995000,71,300.739,-21647.3,69.7301,0.4014
17010000,56,240.489,-21664.8,53.4286,0.384978
17025000,68,304.54,-21671.7,70.2509,0.403067
17040000,68,293.024,-21648.8,61.0734,0.4024
17055000,70,313.214,-21655.3,69.2797,0.401733
17070000,70,294.284,-21664.8,68.8883,0.407133
17085000,65,293.22,-21619.2,83.4378,0.399633
17100000,76,329.685,-21616.9,70.2292,0.410967
17115000,76,337.874,-21615.3,66.0122,0.3974
17130000,70,297.731,-21660.8,73.5123,0.398067
17145000,70,281.528,-21632.5,54.0407,0.385308
17160000,71,308.374,-21644.2,60.0741,0.3966
17175000,58,254.702,-21652.2,47.1398,0.3834
17190000,56,226.219,-21660.8,63.4611,0.393967
17205000,52,221.619,-21664.6,42.1616,0.3933
17220000,48,195.743,-21659.4,52.8728,0.384067
17235000,53,220.434,-21631.9,43.817,0.38
17250000,62,277.111,-21634.4,62.9639,0.375467
17265000,58,268.493,-21670,50.3887,0.396983
17280000,54,241.494,-21640.8,43.0551,0.389
17295000,54,241.494,-21631.9,54.6547,0.370511
17310000,63,283.737,-21679.4,58.9082,0.398967
17325000,65,287.463,-21626.9,77.8083,0.395433
17340000,63,273.199,-21606.2,53.0732,0.3718
17355000,42,177.124,-21677.7,38.954,0.392156
17370000,64,280.987,-21610.5,66.202,0.370433
17385000,78,338.856,-21608.9,83.6841,0.3912
17400000,52,232.332,-21677.7,36.889,0.384189
17415000,67,288.464,-21613.4,68.379,0.382033
17430000,59,261.334,-21616.1,58.3459,0.3716
17445000,61,265.104,-21626,45.3338,0.3702
17460000,63,282.094,-21630.9,60.6205,0.380467
17475000,68,288.5,-21623.1,63.9093,0.394013
17490000,75,318.417,-21627.6,71.7911,0.4034
17505000,74,343.62,-21594.3,61.0347,0.392044
17520000,79,356.375,-21599.5,78.6973,0.391267
17535000,73,298.492,-21595.4,75.1384,0.3934
17550000,61,272.114,-21607.4,63.2308,0.380733
17565000,56,226.201,-21607.8,53.0553,0.369067
17580000,54,229.997,-21617.8,64.843,0.3798
17595000,73,322.015,-21630,77.447,0.3912
17610000,50,223.509,-21678.6,40.2386,0.388071
17625000,63,275.97,-21606.1,52.0962,0.397167
17640000,68,293.802,-21608.4,60.3983,0.384667
17655000,64,272.113,-21615.5,70.0425,0.385867
17670000,72,307.188,-21619.8,72.5919,0.396667
17685000,66,293.256,-21615.2,76.565,0.3952
17700000,67,298.277,-21633,58.716,0.394667
17715000,72,325.82,-21623.8,82.1805,0.4004
17730000,74,319.43,-21620,79.1887,0.389533
17745000,67,281.804,-21645.2,70.6122,0.39689
17760000,60,258.887,-21673.9,67.6312,0.390073
17775000,57,229.815,-21618,54.2827,0.386111
17790000,64,268.746,-21652.1,74.6698,0.394111
17805000,66,306.577,-21660,52.6423,0.389467
17820000,76,333.282,-21631.8,88.7156,0.398422
17835000,87,380.199,-21629.1,92.0961,0.413267
17850000,90,416.912,-21644.2,84.9983,0.402933
17865000,82,345.448,-21639.5,72.5011,0.413633
17880000,91,380.371,-21624.4,87.4757,0.409667
17895000,85,377.638,-21626.1,96.6988,0.4034
17910000,67,267.934,-21644,60.8453,0.406733
17925000,68,299.436,-21651.5,66.7691,0.395933
17940000,58,264.566,-21669.7,61.8289,0.399707
17955000,48,207.272,-21652.1,47.5643,0.380511
17970000,79,367.005,-21639.8,73.7926,0.393511
17985000,57,255.947,-21667.9,42.5348,0.402844
18000000,64,282.212,-21670.6,60.5228,0.3864
18015000,50,227.702,-21665,54.8319,0.386067
18030000,53,232.851,-21652,56.1122,0.372453
18045000,64,289.45,-21649,64.9097,0.39004
18060000,57,240.928,-21649.5,61.8156,0.376
18075000,62,260.364,-21641,59.5237,0.387133
18090000,64,281.631,-21662.2,57.7197,0.392644
18105000,59,254.834,-21665.7,69.3824,0.391267
18120000,59,250.098,-21671.5,75.5277,0.3818
18135000,46,203.077,-21698,44.4734,0.3911
18150000,72,332.175,-21617.8,79.7313,0.380293
18165000,57,249.249,-21675.6,57.8634,0.389178
18180000,61,272.654,-21664.8,53.6909,0.387867
18195000,56,238.656,-21640.6,44.6245,0.372978
18210000,64,274.397,-21635.6,83.1563,0.3724
18225000,46,201.53,-21679.5,41.9733,0.385178
18240000,61,255.76,-21637.5,60.2991,0.385883
18255000,48,196.563,-21627.5,47.4889,0.372889
18270000,54,226.424,-21650.5,50.9395,0.369833
18285000,56,239.402,-21626.9,65.5259,0.369533
18300000,66,287.524,-21642.9,75.8086,0.374578
18315000,56,249.361,-21636.3,68.4802,0.367878
18330000,71,300.932,-21668.6,78.3135,0.3816
18345000,55,251.117,-21674.1,57.9931,0.3944
18360000,49,208.573,-21666.5,59.6351,0.385756
18375000,65,287.182,-21601.7,63.6555,0.37956
18390000,71,305.586,-21625,77.9705,0.379867
18405000,47,196.757,-21662.8,39.9612,0.380883
18420000,55,236.827,-21611.1,49.1794,0.3782
18435000,70,302.85,-21620.9,80.5771,0.385733
18450000,68,289.548,-21614.5,61.2549,0.3888
18465000,51,213.689,-21697.7,44.3229,0.374517
18480000,63,251.851,-21632.5,61.3348,0.381233
18495000,52,228.566,-21683.8,47.2826,0.377896
18510000,57,223.159,-21622.6,58.0683,0.391933
18525000,50,223.898,-21690.4,49.4868,0.394167
18540000,59,264.779,-21701.5,67.9054,0.38628
18555000,72,294.142,-21612.9,73.4323,0.385889
18570000,56,246.072,-21679.1,60.0007,0.3963
18585000,73,299.662,-21622.2,72.8102,0.4112
18600000,61,273.662,-21607.8,61.9866,0.4044
18615000,70,278.693,-21614.4,73.0548,0.387467
18630000,64,262.763,-21630.5,65.5704,0.4042
18645000,52,220.441,-21619.7,59.3075,0.388667
18660000,56,236.382,-21627.5,67.8377,0.382133
18675000,63,267.15,-21601.8,57.3244,0.380867
18690000,66,275.869,-21682.9,74.6455,0.39455
18705000,68,292.793,-21610.4,58.6084,0.387033
18720000,68,298.413,-21601.5,67.9267,0.388733
18735000,77,324.205,-21598.5,82.0204,0.3778
18750000,82,339.315,-21621.2,77.8803,0.388
18765000,82,335.552,-21617.9,90.1579,0.397533
18780000,78,336.118,-21583.6,69.2198,0.407267
18795000,82,362.398,-21595.5,80.9604,0.4038
18810000,71,312.453,-21597.7,75.6994,0.399067
18825000,72,322.047,-21616.5,66.2748,0.389533
18840000,82,363.881,-21609.6,90.9418,0.399133
18855000,85,372.57,-21605.5,80.6672,0.403267
18870000,65,286.621,-21610,72.1059,0.406733
18885000,61,282.486,-21649.1,62.9692,0.401385
18900000,63,270.275,-21659.2,79.7907,0.3974
18915000,65,294.913,-21638.3,68.0565,0.374911
18930000,71,301.709,-21627.1,57.0208,0.412133
18945000,49,205.372,-21647.7,65.5456,0.392557
18960000,61,251.515,-21620.3,52.147,0.3944
18975000,66,277.311,-21642.4,58.3553,0.3952
18990000,61,246.673,-21647.3,47.0976,0.398933
19005000,64,272.08,-21657,60.5244,0.398
19020000,66,286.891,-21638.8,63.3323,0.385419
19035000,65,287.521,-21652.7,61.5724,0.4078
19050000,59,249.499,-21664.6,72.1238,0.3988
19065000,72,312.039,-21676,59.4839,0.395667
19080000,65,283.013,-21645.9,69.2643,0.387859
19095000,55,228.167,-21630.2,53.2871,0.374413
19110000,70,296.711,-21633.4,65.7805,0.399333
19125000,64,275.522,-21629.5,66.4391,0.3968
19140000,73,327.71,-21665.2,87.1284,0.385967
19155000,64,283.867,-21674.8,69.3854,0.400533
19170000,64,277.567,-21657.6,70.5987,0.408067
19185000,81,357.019,-21617.8,100.209,0.3975
19200000,64,287.037,-21662.2,63.8318,0.406967
19215000,57,239.801,-21645.2,53.817,0.400867
19230000,80,344.994,-21629.5,86.2986,0.407978
19245000,80,350.51,-21618.6,100.17,0.397533
19260000,83,364.234,-21631.6,82.426,0.416133
19275000,73,315.73,-21614.4,83.8213,0.401533
19290000,71,310.402,-21609.8,68.8158,0.388533
19305000,75,341.816,-21628.6,88.4064,0.399333
19320000,53,241.611,-21638.8,46.7941,0.383819
19335000,89,382.084,-21634.9,78.7118,0.402967
19350000,54,239.668,-21659.3,39.2919,0.3921
19365000,51,227.767,-21643.4,43.1774,0.390267
19380000,78,331.979,-21601.6,73.2403,0.406511
19395000,75,313.871,-21607.9,68.6622,0.384867
19410000,67,275.805,-21625,72.2837,0.405067
19425000,64,279.374,-21661.4,56.4504,0.374309
19440000,83,364.652,-21598.7,78.5523,0.394033
19455000,80,343.372,-21630.7,84.772,0.4104
19470000,52,227.582,-21647.9,48.7753,0.388143
19485000,62,269.752,-21621.9,66.5354,0.386067
19500000,72,298.635,-21605.2,74.794,0.384556
19515000,70,316.256,-21623.9,97.8067,0.393867
19530000,96,414.669,-21610.9,79.005,0.406433
19545000,73,291.099,-21612.9,83.6849,0.404933
19560000,46,196.081,-21678.1,46.4928,0.386637
19575000,64,277.678,-21625,70.4265,0.40085
19590000,63,274.69,-21635.8,62.5153,0.401067
19605000,89,396.291,-21614.2,79.727,0.401083
19620000,68,285.69,-21647.8,70.7647,0.384033
19635000,70,302.773,-21643.1,76.14,0.401333
19650000,70,299.609,-21617.7,63.8894,0.3948
19665000,83,372.183,-21618.2,97.5731,0.391233
19680000,65,295.815,-21624.6,64.4769,0.390333
19695000,63,273.006,-21642.8,66.806,0.378067
19710000,66,290.472,-21637.6,77.0422,0.391467
19725000,57,242.915,-21627.9,72.5974,0.388707
19740000,64,290.281,-21656.5,63.6862,0.398333
19755000,72,324.611,-21632.6,71.6913,0.393911
19770000,67,300.276,-21658.3,80.3132,0.3958
19785000,63,283.79,-21650.7,61.4884,0.406489
19800000,57,245.448,-21636.1,74.1645,0.387733
19815000,61,269.136,-21644.2,53.6296,0.383267
19830000,56,249.812,-21664.9,63.3831,0.394067
19845000,61,273.982,-21643.1,58.1895,0.407467
19860000,66,280.468,-21641.8,62.0963,0.382478
19875000,68,306.471,-21641.4,82.3994,0.396733
19890000,74,336.412,-21631.4,64.4649,0.405689
19905000,57,263.571,-21649.1,55.1908,0.372767
19920000,77,353.774,-21627.9,66.2117,0.3948
19935000,70,294.555,-21610.4,62.9946,0.4108
19950000,74,331.131,-21637.3,62.6869,0.405067
19965000,64,289.755,-21658.7,60.004,0.39485
19980000,63,290.587,-21681,71.3579,0.391267
19995000,54,247.453,-21665.4,56.3994,0.401333
20010000,62,277.729,-21689.9,65.5675,0.3966
20025000,62,268.987,-21665.5,55.6499,0.401333
20040000,45,212.678,-21641.9,44.0828,0.390156
20055000,52,229.24,-21649.2,53.4583,0.3664
20070000,48,213.669,-21690,58.1519,0.3792
20085000,58,238.173,-21657.1,51.466,0.376067
20100000,55,247.496,-21687.4,64.7742,0.393833
20115000,51,231.93,-21662.1,44.988,0.376933
20130000,55,251.78,-21705.1,56.73,0.387137
20145000,64,278.739,-21659.7,78.544,0.392956
20160000,57,242.158,-21672.5,64.3625,0.401333
20175000,47,200.09,-21658.1,44.2692,0.371817
20190000,50,219.32,-21701.7,56.4102,0.396633
20205000,66,302.62,-21669.3,62.6715,0.376333
20220000,67,291.892,-21657.4,81.4093,0.388933
20235000,53,233.969,-21688,45.5458,0.391038
20250000,64,296.741,-21653.6,82.303,0.399933
20265000,56,263.76,-21662.6,49.7062,0.3891
20280000,60,260.442,-21678.2,66.7436,0.392822
20295000,52,235.701,-21644,50.6654,0.383622
20310000,57,239.987,-21676.6,51.9729,0.3812
20325000,58,241.384,-21690.8,64.3842,0.381333
20340000,57,256.125,-21670,55.992,0.3868
20355000,60,262.625,-21665.9,62.7766,0.385733
20370000,60,255.192,-21655.1,66.3302,0.392267
20385000,62,262.922,-21656.3,70.7022,0.401
20400000,66,273.675,-21643,80.4605,0.400667
20415000,67,294.698,-21659.8,62.2167,0.417067
20430000,65,289.247,-21671.5,56.0865,0.420467
20445000,56,247.029,-21672.4,60.0955,0.395267
20460000,61,259.352,-21654.6,65.9178,0.397667
20475000,55,232.173,-21648.8,60.1806,0.403467
20490000,69,297.13,-21637.7,67.6035,0.395643
20505000,51,229.572,-21670.1,47.1839,0.377633
20520000,43,186.628,-21676.7,39.3839,0.356467
20535000,78,348.817,-21662.3,66.135,0.397844
20550000,55,238.427,-21651.6,52.6332,0.404267
20565000,58,252.571,-21642.3,66.207,0.397133
20580000,63,268.783,-21663.2,54.8957,0.390619
20595000,48,206.222,-21649.7,45.6459,0.388667
20610000,58,248.737,-21627.6,55.7105,0.391867
20625000,68,296.72,-21634.9,54.64,0.405133
20640000,54,223.582,-21652.2,39.447,0.369775
20655000,75,336.64,-21637.5,61.0708,0.4075
20670000,78,344.475,-21639.8,80.8135,0.423733
20685000,78,346.893,-21669,83.437,0.4242
20700000,56,236.855,-21653.1,53.1733,0.379117
20715000,69,294.508,-21653.4,76.8068,0.408233
20730000,58,253.037,-21673.4,65.3143,0.388778
20745000,56,247.712,-21645.4,72.5282,0.381711
20760000,60,268.214,-21654.5,55.1968,0.378533
20775000,59,265.59,-21671.1,54.1352,0.3922
20790000,63,280.287,-21649,61.1388,0.407333
20805000,64,261.63,-21641.7,53.1259,0.398733
20820000,52,224.895,-21692.6,65.6853,0.38452
20835000,60,259.619,-21641.6,56.0825,0.389
20850000,70,315.777,-21632.2,75.2031,0.4018
20865000,71,315.955,-21628.5,76.384,0.410267
20880000,68,316.038,-21626.1,71.1718,0.398133
20895000,62,266.309,-21620,58.8028,0.394
20910000,75,326.453,-21616,74.3447,0.399133
20925000,58,252.014,-21695.6,52.6345,0.378067
20940000,89,389.544,-21606.6,87.6311,0.400333
20955000,78,341.408,-21616,77.3361,0.415
20970000,72,291.934,-21659.5,59.8016,0.397433
20985000,72,289.094,-21623.1,68.2966,0.405133
21000000,76,320.012,-21628.3,66.4549,0.409633
21015000,62,287.153,-21638.8,55.1902,0.3899
21030000,53,220.048,-21642.4,79.3622,0.3862
21045000,69,308.157,-21655.7,70.1591,0.404422
21060000,68,285.627,-21657.9,65.3314,0.409933
21075000,73,324.015,-21639.8,75.7611,0.414267
21090000,49,225.134,-21681.7,56.6489,0.388679
21105000,56,240.048,-21676.5,53.5689,0.393867
21120000,61,278.791,-21659.4,73.4871,0.376833
21135000,54,233.759,-21640.9,55.8092,0.391933
21150000,62,280.923,-21650.6,60.5429,0.400933
21165000,79,363.364,-21642.2,84.3352,0.405667
21180000,67,285.016,-21632,76.3891,0.397244
21195000,59,260.044,-21648.3,72.064,0.4048
21210000,72,306.854,-21620.4,96.4586,0.396733
21225000,77,318.956,-21630,70.6456,0.403667
21240000,63,288.219,-21657.4,58.719,0.391933
21255000,43,204.864,-21694.2,48.1191,0.3926
21270000,67,298.459,-21634.9,85.6274,0.397933
21285000,81,366.167,-21626.1,83.2035,0.3934
21300000,75,325.391,-21614.4,77.1923,0.405333
21315000,71,313.172,-21620.3,62.3989,0.398533
21330000,58,273.985,-21660.8,66.8099,0.38764
21345000,64,275.477,-21602.7,59.0211,0.394333
21360000,66,277.2,-21633.3,58.8629,0.383667
21375000,68,298.481,-21610.7,64.7215,0.389333
21390000,77,335.803,-21580.3,82.2128,0.399067
21405000,70,300.717,-21614.8,77.606,0.390467
21420000,71,311.613,-21607.9,60.9075,0.394533
21435000,53,220.667,-21642.6,51.9285,0.391985
21450000,73,316.239,-21621.3,74.1251,0.3858
21465000,73,320.479,-21616.6,74.1267,0.396933
21480000,83,362.355,-21621.4,90.3219,0.398133
21495000,77,323.678,-21622.2,79.2142,0.4126
21510000,83,333.993,-21601.7,81.6572,0.405
21525000,46,204.955,-21680.3,43,0.383503
21540000,71,293.783,-21613.3,57.5866,0.3955
21555000,86,385.198,-21606.6,74.8608,0.394667
21570000,69,274.25,-21609.6,68.9961,0.3966
21585000,77,336.206,-21631.8,83.8989,0.3918
21600000,74,311.445,-21624.5,71.2721,0.393933
21615000,68,277.545,-21625.7,79.7035,0.3952
21630000,68,312.985,-21617.4,65.0768,0.392133
21645000,55,239.382,-21692.2,49.3246,0.396267
21660000,67,289.298,-21633.2,75.3354,0.386449
21675000,75,330.069,-21629.8,75.5703,0.398911
21690000,72,316.052,-21626.7,86.0427,0.396133
21705000,73,327.281,-21622.4,72.275,0.3978
21720000,75,321.102,-21621.4,68.3748,0.406733
21735000,59,264.526,-21634.9,73.9131,0.386089
21750000,60,252.935,-21629,53.3044,0.3863
21765000,79,332.538,-21614.9,87.4115,0.390533
21780000,78,337.37,-21605.6,86.277,0.406533
21795000,68,294.029,-21653.7,73.4556,0.395133
21810000,63,253.522,-21617.2,64.2253,0.3974
21825000,55,236.153,-21618.5,68.1237,0.3774
21840000,58,254.001,-21636.3,57.7039,0.387533
21855000,56,249.087,-21653.8,53.4373,0.389517
21870000,59,253.257,-21635.3,49.3497,0.3854
21885000,75,337.206,-21654.8,76.9934,0.397281
21900000,78,333.65,-21621.4,73.2563,0.396567
21915000,89,394.258,-21642.8,83.149,0.416733
21930000,73,317.211,-21624.2,63.7791,0.411933
21945000,77,342.113,-21617.9,65.5686,0.401633
21960000,70,310.228,-21617.4,72.2932,0.414067
21975000,63,274.521,-21632.7,67.1599,0.4012
21990000,72,301.309,-21632.1,69.7392,0.41105
22005000,59,244.764,-21648.9,56.9596,0.403867
22020000,53,230.621,-21641.6,64.1362,0.387933
22035000,66,277.894,-21640,73.7781,0.376733
22050000,67,284.242,-21643.8,56.725,0.399067
22065000,79,354.003,-21653.1,80.2541,0.409667
22080000,70,304.21,-21637.4,62.3666,0.405867
22095000,57,256.494,-21628.8,72.0379,0.386233
22110000,68,293.9,-21616.4,66.4242,0.4006
22125000,74,329.768,-21625.5,75.147,0.381767
22140000,77,311.02,-21609.3,71.0388,0.3959
22155000,76,317.842,-21616.2,87.0363,0.414133
22170000,69,301.889,-21615.7,71.6935,0.411933
22185000,60,284.536,-21631.7,53.4549,0.384609
22200000,70,304.408,-21611.3,83.4635,0.392067
22215000,52,245.571,-21629.4,59.2588,0.389433
22230000,58,255.957,-21658.8,56.7016,0.377467
22245000,66,299.948,-21629.1,62.6531,0.4046
22260000,64,282.57,-21620.9,62.1108,0.396867
22275000,62,269.818,-21638.1,69.587,0.400333
22290000,68,306.659,-21655.5,64.8116,0.396933
22305000,73,332.025,-21639.1,77.7676,0.407022
22320000,59,266.945,-21637,55.5985,0.397867
22335000,54,240.203,-21643.7,59.7894,0.390867
22350000,72,330.903,-21643.9,61.3486,0.395767
22365000,68,277.22,-21665.4,73.0395,0.411867
22380000,82,357.195,-21632.2,87.6382,0.382856
22395000,80,351.943,-21635.1,80.5918,0.408633
22410000,80,351.517,-21610.1,87.6598,0.4094
22425000,83,365.377,-21624.3,69.5755,0.417333
22440000,72,314.416,-21630.7,65.2404,0.410933
22455000,64,274.938,-21624.2,57.1722,0.403067
22470000,72,315.523,-21606.9,66.5012,0.399467
22485000,64,256.797,-21655.7,81.501,0.39342
22500000,76,345.674,-21614.8,80.4056,0.397533
22515000,61,269.666,-21636.4,66.1755,0.39325
22530000,63,267.037,-21605.9,56.5261,0.390333
22545000,73,311.883,-21628.9,73.2008,0.3934
22560000,64,273.938,-21644.9,65.789,0.381067
22575000,54,243.884,-21659.8,52.1698,0.3831
22590000,52,224.214,-21645.6,47.4801,0.379667
22605000,50,229.982,-21632.9,58.4849,0.383267
22620000,67,286.058,-21629,69.3899,0.385933
22635000,45,195.993,-21676.5,50.6554,0.38488
22650000,69,299.137,-21621.8,66.5076,0.401567
22665000,52,237.929,-21691.9,43.4494,0.3702
22680000,61,265.264,-21657,61.472,0.382715
22695000,62,275.575,-21660.3,54.7235,0.401
22710000,57,245.95,-21652.7,61.6883,0.39845
22725000,51,239.981,-21659.5,51.0227,0.386067
22740000,55,245.702,-21665,53.8889,0.391433
22755000,57,254.068,-21672.9,61.2988,0.391667
22770000,74,313.718,-21643.2,66.2397,0.410467
22785000,64,274.239,-21648.4,50.859,0.37315
22800000,66,280.152,-21611.8,65.8214,0.385667
22815000,74,316.937,-21625.9,76.2889,0.4022
22830000,58,246.314,-21617.6,53.2222,0.3886
22845000,64,279.29,-21635.5,57.6167,0.395787
22860000,74,310.349,-21620.5,75.4722,0.387067
22875000,71,313.771,-21630.7,58.3016,0.413733
22890000,66,299.414,-21632.3,53.1544,0.392667
22905000,82,386.432,-21623.7,79.7013,0.406933
22920000,70,312.585,-21637.5,97.0444,0.421533
22935000,78,348.516,-21635.8,68.7725,0.394333
22950000,65,282.705,-21628.7,67.8037,0.3908
22965000,67,291.382,-21656.2,62.7959,0.3962
22980000,61,270.565,-21633.4,59.5325,0.403533
22995000,57,257.545,-21663.3,64.4888,0.384345
23010000,64,283.827,-21638.8,51.6014,0.388989
23025000,66,282.645,-21662.1,58.3108,0.3984
23040000,55,244.113,-21635.6,46.0759,0.3858
23055000,84,363.002,-21656.5,72.4809,0.408533
23070000,92,418.064,-21648.3,86.1248,0.4188
23085000,68,299.713,-21664,54.1285,0.424333
23100000,59,253.812,-21663.6,55.5729,0.393158
23115000,61,272.014,-21658.1,68.9805,0.396667
23130000,80,325.963,-21668.7,73.1955,0.406133
23145000,55,239.973,-21665.7,60.8699,0.391156
23160000,54,234.337,-21667.9,56.7727,0.392867
23175000,61,268.255,-21650.3,60.9204,0.394833
23190000,67,299.225,-21645.4,67.1206,0.404767
23205000,69,306.428,-21638.9,80.7888,0.396667
23220000,47,216.981,-21690.5,37.7249,0.393567
23235000,77,345.69,-21666,67.6083,0.3983
23250000,71,323.385,-21648.5,78.9209,0.427867
23265000,71,324.802,-21664.2,77.5281,0.421667
23280000,54,242.165,-21643,42.1565,0.40204
23295000,51,236.741,-21665,46.2746,0.394367
23310000,65,279.994,-21670.9,57.2381,0.3923
23325000,61,276.849,-21673.1,66.7448,0.404933
23340000,50,222.781,-21658.7,45.1004,0.392533
23355000,58,254.978,-21659.3,50.6657,0.385333
23370000,50,211.075,-21655.1,42.0546,0.38756
23385000,55,243.647,-21680.9,71.5788,0.380467
23400000,66,293.254,-21693.2,75.1817,0.404333
23415000,63,274.027,-21649.3,58.4315,0.396044
23430000,59,256.532,-21664.8,63.3442,0.398453
23445000,65,278.483,-21668.4,68.8257,0.397867
23460000,54,227.534,-21678.1,43.1232,0.394317
23475000,58,244.199,-21681.7,54.865,0.405267
23490000,60,289.784,-21668,56.2707,0.407067
23505000,54,216.611,-21675,54.8481,0.386
23520000,47,212.329,-21678.5,52.8112,0.3822
23535000,59,247.836,-21676.1,62.8953,0.395
23550000,57,245.521,-21685.5,58.1352,0.388333
23565000,70,315.011,-21662.4,64.3442,0.3806
23580000,49,202.988,-21663.2,65.3112,0.394767
23595000,58,250.642,-21668.2,59.2313,0.387733
23610000,64,272.041,-21673.6,55.488,0.392633
23625000,73,318.206,-21655.3,71.8002,0.418867
23640000,64,276.49,-21645.8,62.3628,0.413067
23655000,56,243.621,-21667.2,50.0379,0.387083
23670000,48,206.387,-21662.7,42.3838,0.397167
23685000,56,236.153,-21660.9,50.7248,0.399179
23700000,56,225.438,-21670.1,57.7207,0.387133
23715000,58,263.81,-21686.9,51.423,0.3955
23730000,64,277.593,-21692.3,70.2377,0.3964
23745000,43,193.143,-21703.9,60.7886,0.399222
23760000,61,286.079,-21658,49.6091,0.403233
23775000,72,335.988,-21648.4,70.7477,0.400867
23790000,67,296.801,-21653.7,66.663,0.4168
23805000,64,270.02,-21628.6,59.6957,0.390171
23820000,68,314.286,-21664.7,68.5404,0.403433
23835000,75,329.934,-21653.7,71.1996,0.412067
23850000,36,149.053,-21704.7,49.6027,0.371305
23865000,63,289.474,-21648.2,58.5245,0.404783
23880000,44,162.477,-21653.1,35.581,0.386467
23895000,68,298.085,-21683.1,82.8773,0.407083
23910000,56,242.494,-21663.7,44.2,0.403067
23925000,58,266.41,-21633.1,68.321,0.3816
23940000,75,346.974,-21622.7,76.3965,0.411267
23955000,71,314.196,-21685.4,78.7262,0.4198
23970000,74,328.21,-21643.4,66.7859,0.4105
23985000,72,317.615,-21636.2,87.6594,0.405467
24000000,71,315.826,-21648.4,59.3295,0.4188
24015000,55,238.301,-21655.5,45.7484,0.411933
24030000,49,219.957,-21648.8,53.0699,0.378733
24045000,58,254.171,-21650.4,55.4947,0.384
24060000,68,303.903,-21655,59.3736,0.387333
24075000,54,243.011,-21676.9,51.0209,0.399042
24090000,76,317.655,-21635.9,78.2975,0.390967
24105000,75,327.793,-21619,85.3891,0.407067
24120000,57,245.334,-21660.2,45.1245,0.383715
24135000,72,309.771,-21614.5,66.9091,0.404433
24150000,73,326.155,-21673.1,86.0549,0.409567
24165000,66,296.989,-21637.5,63.2187,0.4149
24180000,56,231.647,-21659.3,51.8147,0.4063
24195000,60,256.152,-21650.9,60.0193,0.3966
24210000,61,252.711,-21663.5,52.9266,0.3974
24225000,66,292.519,-21652.8,65.1519,0.39148
24240000,73,298.693,-21647.9,56.4505,0.408933
24255000,73,305.17,-21640.2,68.128,0.414867
24270000,78,330.928,-21666.6,89.4067,0.418733
24285000,72,307.332,-21645.6,65.1791,0.403067
24300000,62,280.019,-21644.3,61.5331,0.412267
24315000,65,266.723,-21667.8,79.9475,0.396422
24330000,70,304.963,-21643.4,60.5087,0.393733
24345000,58,250.611,-21658.5,53.7803,0.398356
24360000,58,262.386,-21662.5,74.3281,0.387533
24375000,47,209.172,-21671.4,46.5802,0.390524
24390000,60,248.94,-21646.9,61.1717,0.401633
24405000,51,224.841,-21668.4,56.629,0.365833
24420000,70,310.744,-21661.3,71.3246,0.398367
24435000,56,251.571,-21642.3,55.5772,0.390933
24450000,56,242.004,-21700.4,57.5237,0.384475
24465000,73,307.708,-21644.2,62.2583,0.3989
24480000,65,291.257,-21654.4,64.189,0.382827
24495000,80,343.096,-21629.6,84.3827,0.404833
24510000,50,222.572,-21663.7,49.5088,0.3736
24525000,57,248.129,-21679.2,72.5106,0.3858
24540000,79,325.075,-21627.4,60.5678,0.400933
24555000,83,374.393,-21602.2,69.7658,0.409467
24570000,82,351.964,-21608,72.1253,0.409533
24585000,62,283.871,-21650.3,53.7364,0.38785
24600000,76,309.136,-21643,81.75,0.402733
24615000,64,278.464,-21661.7,67.3235,0.387333
24630000,70,314.086,-21633.3,65.2317,0.39568
24645000,60,233.336,-21629.7,59.9726,0.399933
24660000,61,277.433,-21647.6,63.1254,0.399867
24675000,54,238.182,-21676.6,56.6771,0.386867
24690000,58,253.751,-21647.9,52.8156,0.390067
24705000,69,304.09,-21647.3,78.2062,0.398983
24720000,51,225.952,-21643.8,44.5233,0.388867
24735000,52,230.287,-21640.2,48.6662,0.3824
24750000,71,307.943,-21660.3,60.9033,0.403133
24765000,53,235.284,-21639.5,58.6493,0.3728
24780000,71,299.89,-21658.9,71.7456,0.402833
24795000,56,251.266,-21646,54.2091,0.389476
24810000,62,269.74,-21646.5,64.3614,0.404
24825000,59,246.201,-21647.4,58.8248,0.3869
24840000,50,234.158,-21686.4,51.9435,0.381707
24855000,65,291.228,-21634,58.9108,0.400367
24870000,63,280.31,-21646.1,71.9055,0.382533
24885000,83,343.153,-21632,100.99,0.4049
24900000,68,295.291,-21635.2,57.62,0.414533
24915000,70,287.941,-21623.1,69.2559,0.406267
24930000,74,332.181,-21645.4,67.4504,0.407867
24945000,64,286.614,-21615.9,50.8354,0.4038
24960000,64,272.721,-21651.8,69.621,0.387
24975000,51,208.404,-21664.9,40.6706,0.385685
24990000,67,286.152,-21646.6,71.4052,0.396233
25005000,71,309.35,-21647.7,77.4935,0.408467
25020000,71,310.112,-21646.1,57.4615,0.410333
25035000,46,197.498,-21663.9,44.99,0.3884
25050000,52,217.647,-21663,35.9899,0.392033
25065000,74,305.982,-21621.9,76.0433,0.401933
25080000,80,339.274,-21615.7,75.8656,0.4122
25095000,50,209.15,-21695.5,51.5045,0.376233
25110000,74,319.547,-21635.7,76.0755,0.415867
25125000,82,358.693,-21603.4,78.5312,0.404933
25140000,70,313.084,-21602.4,75.4655,0.401867
25155000,44,191.884,-21668.1,46.5339,0.383383
25170000,58,266.246,-21659.7,53.2154,0.3751
25185000,66,277.107,-21626.5,62.3412,0.386022
25200000,58,241.83,-21648,43.598,0.3862
25215000,62,270.037,-21629.8,61.9672,0.373
25230000,60,262.789,-21648.6,53.5221,0.385667
25245000,59,253.23,-21646.1,57.9218,0.3854
25260000,75,324.36,-21661.5,87.4846,0.395233
25275000,79,333.261,-21666.7,85.9276,0.392817
25290000,67,291.406,-21665.1,65.5863,0.402533
25305000,71,306.125,-21627.7,71.0272,0.4044
25320000,58,252.586,-21675.9,51.1456,0.387347
25335000,51,211.298,-21645.8,44.3781,0.390633
25350000,52,224.622,-21671.2,58.1259,0.396822
25365000,73,331.187,-21663.5,65.7099,0.390756
25380000,69,284.481,-21676.1,75.2032,0.394378
25395000,42,183.288,-21664.7,42.6467,0.388711
25410000,70,317.508,-21659.6,60.6672,0.399867
25425000,67,291.737,-21652.9,68.064,0.395533
25440000,76,335.707,-21665.7,66.3442,0.3962
25455000,67,282.927,-21663.9,65.0749,0.395547
25470000,63,254.528,-21662.8,61.7296,0.397033
25485000,61,270.116,-21641.1,47.918,0.398933
25500000,70,308.813,-21632,74.9147,0.381448
25515000,77,312.32,-21633,73.9363,0.3934
25530000,52,223.503,-21656.9,39.99,0.385956
25545000,62,267.352,-21639.5,57.9226,0.3889
25560000,64,274.967,-21615.1,64.2472,0.383267
25575000,59,254.655,-21635.2,56.1866,0.384467
25590000,66,307.754,-21613,80.4912,0.394867
25605000,61,263.109,-21636.6,69.7326,0.387733
25620000,65,285.002,-21668,67.2226,0.398122
25635000,73,323.264,-21649.7,70.8175,0.398333
25650000,72,320.645,-21621.3,73.9813,0.395333
25665000,55,250.356,-21612.5,58.4177,0.386267
25680000,66,288.612,-21600.8,72.0781,0.378133
25695000,68,308.103,-21646.3,66.3748,0.398413
25710000,71,311.937,-21644.1,64.0652,0.402933
25725000,85,364.617,-21632.1,76.4771,0.400933
25740000,74,322.326,-21614.1,88.4318,0.4076
25755000,78,323.538,-21663.3,62.9085,0.407778
25770000,61,254.384,-21621,53.8648,0.410267
25785000,58,253.354,-21620.7,81.6997,0.398667
25800000,56,260.474,-21663.8,51.3236,0.404667
25815000,62,281.193,-21660.6,53.0143,0.387226
25830000,64,276.996,-21650.1,73.3033,0.413067
25845000,78,319.047,-21639.6,93.6629,0.3962
25860000,77,337.295,-21623.5,81.4371,0.402533
25875000,72,303.407,-21671.2,67.1868,0.404558
25890000,81,364.533,-21598.2,84.933,0.3945
25905000,83,371.359,-21632,66.0799,0.402733
25920000,76,335.556,-21622,84.5941,0.402933
25935000,82,367.339,-21640.3,74.4726,0.406667
25950000,68,299.274,-21649.7,55.9146,0.4078
25965000,74,334.764,-21627.9,78.2331,0.3982
25980000,55,226.121,-21641.8,63.3516,0.398952
25995000,76,327.767,-21618.3,61.4336,0.4061
26010000,80,361.686,-21638.4,96.0598,0.413333
26025000,49,211.711,-21675.6,46.5955,0.395013
26040000,80,337.868,-21634.9,75.6772,0.410667
26055000,70,321.545,-21643.8,84.9795,0.416
26070000,73,326.562,-21635.2,72.8013,0.4024
26085000,60,263.902,-21656.3,63.8841,0.396743
26100000,81,349.387,-21622.3,78.2666,0.408967
26115000,67,284.763,-21640.9,72.4984,0.394533
26130000,76,335.463,-21628.3,72.7909,0.403767
26145000,62,270.351,-21612.7,60.5132,0.3986
26160000,60,270.984,-21654.7,60.4559,0.388289
26175000,72,308.701,-21605.5,76.2287,0.395067
26190000,66,286.896,-21661.6,68.4355,0.4094
26205000,76,320.276,-21637,76.3905,0.393667
26220000,68,295.676,-21622.6,71.7311,0.402133
26235000,52,224.021,-21656.5,48.7442,0.394222
26250000,79,333.218,-21637.2,94.4137,0.397967
26265000,71,301.228,-21630.1,76.3564,0.409667
26280000,61,258.908,-21640.9,61.1854,0.390867
26295000,66,295.139,-21622.9,67.5307,0.3892
26310000,73,329.329,-21611.5,71.475,0.396667
26325000,81,350.29,-21632.7,81.4868,0.417133
26340000,74,322.277,-21608.3,73.1693,0.4008
26355000,76,325.397,-21636.4,71.967,0.403467
26370000,78,343.735,-21627,75.7827,0.409267
26385000,63,288.2,-21629.4,79.2097,0.393522
26400000,61,270.456,-21644.6,63.7855,0.407133
26415000,74,316.417,-21609.7,71.8571,0.3979
26430000,74,313.448,-21611.5,81.8101,0.408067
26445000,71,308.532,-21634,65.5992,0.398733
26460000,83,356.444,-21614.7,78.8354,0.399567
26475000,90,392.702,-21630.4,95.0113,0.408067
26490000,61,273.724,-21639.1,51.8438,0.393289
26505000,55,243.695,-21637.6,58.072,0.4039
26520000,60,262.279,-21633.2,77.9983,0.392333
26535000,63,283.331,-21639.6,69.7416,0.398967
26550000,61,268.298,-21641,57.6154,0.4067
26565000,68,300.756,-21645.8,65.5207,0.398533
26580000,58,253.896,-21671.7,52.7076,0.390409
26595000,68,294.887,-21680.8,59.7525,0.409533
26610000,46,187.321,-21698.4,53.3124,0.3844
26625000,63,272.862,-21647.4,48.8401,0.414133
26640000,66,294.963,-21659.2,72.5677,0.400733
26655000,62,262.958,-21642.4,61.705,0.4022
26670000,66,298.853,-21632.6,64.212,0.398356
26685000,76,354.581,-21639.2,72.16,0.4097
26700000,74,313.355,-21611.8,75.0403,0.4092
26715000,84,360.711,-21636.2,63.4602,0.4
26730000,76,341.296,-21614.8,59.6747,0.407133
26745000,61,268.036,-21663.7,53.3853,0.419083
26760000,66,286.79,-21636.1,66.7388,0.411067
26775000,67,294.49,-21629.6,57.3109,0.412356
26790000,61,256.768,-21643.3,59.047,0.404933
26805000,63,270.494,-21652.8,68.2797,0.392667
26820000,79,337.381,-21665.7,96.6583,0.404967
26835000,67,285.643,-21667.2,51.413,0.399633
26850000,58,247.73,-21648.3,52.8567,0.397667
26865000,56,254.343,-21655.4,54.2258,0.402
26880000,53,241.874,-21630,47.533,0.395767
26895000,56,232.008,-21631.4,51.6125,0.386333
26910000,57,245.252,-21616.5,60.7714,0.381867
26925000,70,301.909,-21625.2,69.9822,0.396333
26940000,66,281.667,-21620.2,61.1195,0.3898
26955000,62,274.554,-21637.3,66.5957,0.397933
26970000,50,227.684,-21666.8,46.2295,0.381743
26985000,62,275.445,-21669.2,67.4245,0.390267
27000000,49,214.692,-21642.5,47.8466,0.396733
27015000,57,240.698,-21672.4,65.1162,0.382533
27030000,64,289.477,-21625.8,56.7751,0.3868
27045000,55,244.971,-21656.3,54.712,0.396856
27060000,64,293.113,-21644.3,69.3963,0.3908
27075000,56,224.212,-21659.3,60.8885,0.4106
27090000,72,323.406,-21655.9,61.6637,0.4003
27105000,70,299.176,-21639.5,68.3778,0.4013
27120000,63,263.731,-21636.1,58.5529,0.405733
27135000,53,224.287,-21687,64.205,0.384718
27150000,61,265.718,-21642.9,58.0096,0.3944
27165000,68,296.923,-21649.7,63.1633,0.396356
27180000,67,293.692,-21644.4,70.9631,0.395033
27195000,56,260.1,-21670.8,50.9545,0.397967
27210000,61,250.049,-21676.2,52.4228,0.399222
27225000,64,290.175,-21672,65.2613,0.399933
27240000,57,235.68,-21625,54.0274,0.389017
27255000,64,272.305,-21629,57.4127,0.381533
27270000,74,327.883,-21628.7,62.968,0.393533
27285000,58,257.917,-21694.7,54.7179,0.3893
27300000,79,343.176,-21627.5,97.5772,0.4073
27315000,66,290.73,-21660.8,70.3649,0.405733
27330000,76,322.846,-21615.6,61.7569,0.415533
27345000,46,199.744,-21653.3,44.6295,0.381993
27360000,56,259.978,-21670.6,61.6788,0.394133
27375000,78,339.425,-21645.8,85.1856,0.4038
27390000,58,244.378,-21666.9,64.2497,0.3967
27405000,85,377.487,-21622.5,75.8805,0.409
27420000,84,346.81,-21624.9,87.3504,0.405933
27435000,64,287.145,-21681.8,67.07,0.403867
27450000,63,278.965,-21662.6,68.2971,0.4096
27465000,60,272.491,-21666.6,45.9695,0.400067
27480000,60,241.188,-21667.7,60.4664,0.393667
27495000,70,311.801,-21651.5,77.6176,0.406307
27510000,54,247.622,-21673.8,55.7252,0.403333
27525000,59,264.184,-21674.5,43.4384,0.417533
27540000,58,263.724,-21690.3,60.4395,0.407333
27555000,57,255.854,-21682.9,39.7537,0.4138
27570000,52,238.471,-21677.7,48.3943,0.388507
27585000,64,291.505,-21665.4,61.4751,0.408767
27600000,52,233.241,-21664.3,55.6099,0.408556
27615000,50,207.683,-21679.2,51.437,0.3872
27630000,72,313.747,-21645.2,74.1902,0.4
27645000,71,302.901,-21640.8,62.7318,0.413933
27660000,75,321.57,-21648.1,75.1456,0.4056
27675000,72,316.687,-21650,72.2504,0.4184
27690000,45,200.486,-21697.3,36.2448,0.391987
27705000,77,347.746,-21652.7,66.7488,0.415833
27720000,68,299.109,-21622.4,63.7256,0.404867
27735000,73,313.775,-21645.5,76.492,0.401293
27750000,79,348.604,-21648.8,84.666,0.400067
27765000,67,286.913,-21650.3,57.7559,0.415067
27780000,74,327.764,-21630.8,76.565,0.409683
27795000,70,308.3,-21628.9,65.0584,0.4158
27810000,76,322.852,-21641.3,71.1393,0.412667
27825000,82,348.683,-21633.6,74.5316,0.4072
27840000,54,236.911,-21652.4,59.5463,0.400587
27855000,64,283.852,-21631.2,64.5967,0.398867
27870000,41,184.543,-21696.5,45.4499,0.382728
27885000,70,286.619,-21654.1,82.2203,0.394267
27900000,68,278.994,-21644,69.6131,0.413533
27915000,72,326.13,-21628.3,68.3711,0.3982
27930000,65,301.292,-21633.1,55.5448,0.4062
27945000,73,321.326,-21645.8,67.8333,0.4048
27960000,84,381.23,-21635.1,89.9628,0.412467
27975000,94,419.039,-21647.7,113.729,0.428133
27990000,78,359.869,-21627.3,74.5583,0.418
28005000,55,244.684,-21647.6,55.2179,0.381818
28020000,61,263.178,-21647.5,60.6227,0.395933
28035000,60,255.979,-21639.4,81.3469,0.396778
28050000,60,256.868,-21665.1,62.4008,0.3742
28065000,50,229.593,-21656.5,47.3906,0.3868
28080000,67,277.441,-21639.9,76.5635,0.389217
28095000,58,262.538,-21672.1,58.3879,0.399467
28110000,57,242.928,-21644.6,57.8534,0.385333
28125000,66,288.58,-21675.9,53.6774,0.39535
28140000,71,308.681,-21646.7,72.8061,0.4166
28155000,78,349.525,-21629.6,70.8022,0.4136
28170000,68,290.59,-21633,74.306,0.405633
28185000,74,335.138,-21622.6,68.4409,0.401333
28200000,71,324.849,-21624.4,65.3474,0.413667
28215000,71,322.483,-21631.7,65.5688,0.408867
28230000,73,317.979,-21627.4,79.7527,0.403347
28245000,60,266.562,-21651.8,60.3122,0.415467
28260000,59,266.441,-21671.3,63.5511,0.388018
28275000,76,338.604,-21610.6,61.1208,0.405417
28290000,62,277.247,-21649,70.3175,0.4056
28305000,68,295.919,-21658.9,68.6645,0.406467
28320000,77,345.327,-21664.1,59.436,0.410867
28335000,72,316.581,-21664,66.951,0.4164
28350000,69,316.707,-21632.8,66.7184,0.40464
28365000,69,300.848,-21614.8,77.4524,0.402
28380000,69,296.651,-21629.8,65.8911,0.4006
28395000,61,278.604,-21666.9,63.6961,0.397167
28410000,73,301.517,-21614.4,55.1193,0.4095
28425000,73,322.801,-21627.4,72.2085,0.400067
28440000,67,287.678,-21628.5,70.2678,0.395667
28455000,63,264.024,-21676.4,55.1338,0.37955
28470000,50,218.506,-21672,49.3283,0.396867
28485000,77,345.616,-21627.7,70.7335,0.412244
28500000,67,294.634,-21622.1,67.5884,0.410067
28515000,46,195.147,-21680.5,57.0379,0.391141
28530000,75,322.089,-21599.2,91.934,0.405367
28545000,67,289.006,-21632.5,75.6968,0.403667
28560000,64,280.815,-21636,69.7929,0.3972
28575000,68,303.911,-21632.6,55.6796,0.389524
28590000,73,314.684,-21628,68.4079,0.4085
28605000,56,241.104,-21662.9,57.8151,0.388433
28620000,56,241.294,-21634.9,52.4848,0.3942
28635000,56,248.229,-21668.4,49.3974,0.385067
28650000,52,234.285,-21673.9,51.9065,0.3958
28665000,62,279.223,-21676.1,53.9932,0.3875
28680000,45,206.021,-21670.5,45.2089,0.387567
28695000,48,206.927,-21701.4,47.0052,0.384933
28710000,54,236.57,-21674.7,49.7103,0.392067
28725000,59,267.397,-21657.6,60.2222,0.375778
28740000,51,222.909,-21696.8,48.3033,0.388822
28755000,46,208.729,-21695.9,43.4196,0.394156
28770000,56,225.964,-21658.2,58.9479,0.3864
28785000,62,250.578,-21673.8,55.7264,0.398333
28800000,81,367.452,-21689.8,75.8923,0.406467
28815000,65,279.408,-21633,66.5912,0.4116
28830000,46,208.34,-21652.3,57.2592,0.386833
28845000,62,256.203,-21647.3,60.1171,0.382293
28860000,55,237.409,-21639.6,55.8387,0.3822
28875000,56,227.352,-21660.3,45.3322,0.383
28890000,60,279.056,-21655.2,75.0468,0.385033
28905000,69,302.587,-21640.2,63.7073,0.408733
28920000,62,262.369,-21656.9,52.1555,0.3833
28935000,74,314.483,-21638.7,61.1251,0.403517
28950000,89,378.179,-21609.5,83.9129,0.4144
28965000,80,338.144,-21608.1,74.9038,0.419067
28980000,74,320.074,-21592.7,78.8053,0.400533
28995000,72,302.342,-21621.7,77.2157,0.408867
29010000,77,338.651,-21617,71.8815,0.4092
29025000,75,336.749,-21611,79.0888,0.4036
29040000,83,375.376,-21637.4,99.2125,0.405
29055000,72,315.151,-21593.1,68.575,0.4082
29070000,67,302.626,-21635.7,61.9661,0.406133
29085000,53,236.955,-21647.1,44.1104,0.386721
29100000,68,296.959,-21637.6,59.719,0.393167
29115000,74,309.808,-21616.5,67.217,0.3902
29130000,78,350.244,-21675.1,78.0428,0.396089
29145000,72,318.129,-21634.5,66.495,0.4079
29160000,61,264.355,-21630.3,66.0555,0.3996
29175000,73,294.07,-21611.8,78.6395,0.3968
29190000,60,270.463,-21625.5,61.8255,0.391333
29205000,65,274.1,-21623.7,68.1418,0.3822
29220000,61,274.399,-21617,49.6965,0.4
29235000,74,336.036,-21622.1,72.7772,0.401
29250000,62,280.454,-21671.8,55.0283,0.392192
29265000,77,334.192,-21623.7,86.2195,0.404833
29280000,73,318.912,-21642.8,62.7465,0.407067
29295000,64,278.653,-21626,73.8087,0.406867
29310000,50,212.82,-21676,54.3826,0.386378
29325000,48,219.723,-21683.1,35.7841,0.386973
29340000,60,258.297,-21649.2,64.552,0.384933
29355000,57,253.588,-21663.4,50.5404,0.397267
29370000,59,262.546,-21644,59.1792,0.395707
29385000,53,232.497,-21634,49.0711,0.385167
29400000,55,235.454,-21652.4,51.1761,0.393067
29415000,58,254.814,-21640.2,60.2516,0.379633
29430000,47,204.442,-21663,48.329,0.384467
29445000,58,251.784,-21672.7,52.6863,0.375333
29460000,59,243.033,-21647,59.6495,0.38695
29475000,58,249.723,-21651.6,57.3889,0.399667
29490000,63,285.102,-21633.8,51.4644,0.402867
29505000,55,232.495,-21654.7,48.4505,0.395567
29520000,53,236.103,-21669.2,45.2009,0.399333
29535000,52,233.872,-21635.5,52.1068,0.390733
29550000,61,267.139,-21660.1,62.9196,0.3884
29565000,61,261.652,-21628.6,67.5046,0.391267
29580000,68,302.038,-21643.5,69.8607,0.396933
29595000,68,305.7,-21650.2,66.7513,0.403067
29610000,78,344.357,-21633.1,73.5169,0.4174
29625000,90,402.184,-21633.2,103.677,0.416467
29640000,69,298.01,-21628.6,78.51,0.408267
29655000,58,256.545,-21621.7,66.3694,0.389067
29670000,70,303.906,-21629.4,69.0117,0.405667
29685000,70,298.169,-21621.3,75.7453,0.3936
29700000,74,330.908,-21605.6,64.9174,0.3878
29715000,77,343.837,-21608.8,78.9634,0.407067
29730000,70,298.844,-21610.8,72.6653,0.399
29745000,74,320.164,-21597.7,68.7135,0.3946
29760000,79,350.453,-21619,88.8034,0.406
29775000,85,361.886,-21627,102.533,0.415267
29790000,81,367.708,-21618.5,65.8343,0.4076
29805000,67,283.876,-21663.1,71.935,0.391154
29820000,65,281.234,-21669.5,61.2033,0.38548
29835000,67,273.649,-21635.5,70.607,0.393533
29850000,58,251.385,-21656.3,60.5365,0.394733
29865000,59,252.463,-21660.3,63.0829,0.401289
29880000,62,274.493,-21654.5,60.9063,0.380633
29895000,64,278.894,-21616.8,79.1446,0.397695
29910000,71,319.554,-21637.2,66.9755,0.399067
29925000,60,253.565,-21635.3,68.4442,0.404133
29940000,65,281.143,-21642.6,63.7586,0.392933
29955000,80,350.755,-21633.5,74.6391,0.409867
29970000,57,247.544,-21649.7,62.7281,0.393886
29985000,64,271.083,-21644.4,74.8545,0.397133
