generation,N_shifts,logPrior,logLik,eventRate,acceptRate
0,0,1.20261,-24211.2,43.8838,1
15000,1,3.08602,-22020.7,2.16348,0.244584
30000,1,6.06082,-22023.2,1.88435,0.291924
45000,1,3.68011,-22022.7,2.19851,0.3168
60000,3,12.7229,-22001,2.87624,0.280422
75000,4,15.2579,-21991.6,8.04932,0.289
90000,2,10.1878,-22012.8,0.495878,0.292033
105000,2,10.9469,-22006.8,1.30597,0.348267
120000,2,11.4836,-22009,2.11729,0.3234
135000,2,10.1105,-22005.9,3.77299,0.322867
150000,2,9.79395,-22005,4.81507,0.335267
165000,7,23.1046,-21917.4,6.07944,0.311456
180000,8,30.3895,-21884.5,6.51076,0.284667
195000,9,35.3922,-21857.9,6.34945,0.2852
210000,2,11.4039,-22000.8,1.58382,0.324917
225000,11,49.4688,-21864.3,14.8717,0.2895
240000,3,15.2205,-21984.1,3.13704,0.3189
255000,7,30.9619,-21955.7,11.237,0.335067
270000,11,43.3981,-21851.7,13.8875,0.305644
285000,13,55.604,-21855.2,10.8544,0.304067
300000,11,47.4878,-21857.6,9.60993,0.3136
315000,13,44.8445,-21901.4,8.6596,0.317637
330000,14,59.6329,-21888.8,8.6694,0.3416
345000,16,63.7083,-21907.8,16.2416,0.330967
360000,15,68.9158,-21869.2,12.8354,0.361
375000,15,57.4901,-21846.6,12.9264,0.348044
390000,15,62.226,-21827.2,13.4843,0.341167
405000,26,102.172,-21814.5,27.6249,0.349367
420000,33,131.494,-21785.9,36.663,0.3826
435000,32,136.627,-21765.6,25.234,0.3502
450000,39,172.958,-21731.5,25.197,0.354867
465000,20,84.0391,-21786.6,12.2051,0.327507
480000,55,247.947,-21694.8,51.899,0.3851
495000,38,165.5,-21695.1,29.593,0.389733
510000,48,213.422,-21713,50.4171,0.392867
525000,52,229.724,-21687.2,56.2002,0.387467
540000,53,236.713,-21700.3,50.2156,0.410267
555000,62,285.185,-21696.1,64.2325,0.4166
570000,62,281.379,-21685.2,65.5416,0.407133
585000,50,210.62,-21677.1,43.2777,0.395
600000,52,228.425,-21660,47.1644,0.376533
615000,51,222.276,-21665.4,38.1446,0.384867
630000,47,209.056,-21731.2,49.1645,0.355273
645000,56,254.354,-21646.4,61.6155,0.393033
660000,56,241.01,-21645.5,44.5521,0.385933
675000,52,228.949,-21660.3,58.7493,0.3984
690000,39,169.14,-21702.8,37.2841,0.396717
705000,59,265.155,-21655.4,62.5429,0.400367
720000,59,259.285,-21665.3,74.765,0.4088
735000,49,201.083,-21682.9,54.7827,0.390733
750000,63,281.349,-21663.9,49.5236,0.407733
765000,61,268.514,-21691.3,59.9345,0.401533
780000,71,314.599,-21691.9,70.4998,0.417067
795000,60,260.327,-21672.1,69.6587,0.408222
810000,58,256.158,-21661.2,58.9841,0.409667
825000,58,256.012,-21699.2,53.1335,0.415489
840000,62,266.25,-21660.8,57.6354,0.3962
855000,61,264.497,-21672.3,58.5303,0.4091
870000,56,261.37,-21651.8,54.2212,0.399233
885000,48,209.005,-21680.5,50.2916,0.411033
900000,43,195.022,-21682.3,48.2171,0.381467
915000,52,230.484,-21692.7,51.4387,0.3868
930000,62,282.161,-21682.8,59.1388,0.406333
945000,67,297.065,-21669.1,71.9046,0.402733
960000,57,260.522,-21683.1,46.5503,0.410633
975000,44,201.073,-21691.8,47.2733,0.351603
990000,70,309.242,-21659.9,52.3527,0.408267
1005000,58,263.134,-21676.5,62.3211,0.3964
1020000,55,250.613,-21643,56.8437,0.387667
1035000,42,180.681,-21694.8,45.4689,0.383683
1050000,66,302.098,-21660.9,65.1582,0.3983
1065000,48,218.576,-21710.2,53.1974,0.387167
1080000,57,269.609,-21671.4,63.6974,0.4132
1095000,70,320.553,-21645.7,67.4557,0.400467
1110000,74,317.665,-21640.8,75.065,0.4056
1125000,52,232.71,-21678.2,60.9336,0.3856
1140000,56,249.655,-21664.9,48.4398,0.393667
1155000,67,314.187,-21680.5,65.0052,0.413644
1170000,53,234.805,-21665.4,57.5854,0.414267
1185000,53,242.98,-21682.2,55.1799,0.403662
1200000,59,257.925,-21676.3,57.5897,0.403
1215000,62,262.734,-21681.8,69.0431,0.404067
1230000,50,216.989,-21681.5,53.7767,0.390017
1245000,52,224.58,-21647.8,45.3728,0.3852
1260000,46,210.652,-21711.6,37.5699,0.38445
1275000,54,246.268,-21680.6,44.7069,0.3794
1290000,69,299.397,-21651,71.2746,0.395578
1305000,87,386.286,-21652,103.44,0.411733
1320000,95,415.544,-21671.3,110.352,0.437467
1335000,58,261.041,-21660,56.8199,0.413233
1350000,59,276.446,-21669.1,48.1155,0.4096
1365000,68,292.356,-21675.6,70.4186,0.419556
1380000,44,206.863,-21692.9,41.4214,0.39585
1395000,61,285.333,-21672.4,50.7942,0.393622
1410000,48,205.212,-21675.1,58.1315,0.397733
1425000,42,196.925,-21688,52.5817,0.403933
1440000,40,171.201,-21683.4,29.951,0.382267
1455000,43,186.29,-21684.8,43.1065,0.379844
1470000,50,220.71,-21686.5,48.4558,0.39156
1485000,47,202.95,-21679.6,52.1155,0.3964
1500000,55,245.566,-21677.3,52.0614,0.389933
1515000,51,232.745,-21688.5,44.3859,0.396733
1530000,77,337.006,-21672.5,65.8567,0.400633
1545000,57,237.279,-21691.9,56.5324,0.3957
1560000,49,225.369,-21686.6,40.2706,0.38612
1575000,69,302.67,-21646,58.6765,0.399178
1590000,59,273.239,-21641.1,65.3005,0.395867
1605000,44,197.492,-21678.5,60.7748,0.393467
1620000,44,198.53,-21666.2,40.4057,0.380733
1635000,69,304.715,-21664.8,72.4948,0.395733
1650000,94,423.365,-21625.1,98.5768,0.393333
1665000,64,283.245,-21651.7,68.0631,0.412967
1680000,60,275.805,-21652,73.704,0.3996
1695000,71,299.192,-21636.5,76.6541,0.401933
1710000,61,266.837,-21655.5,55.1671,0.397582
1725000,70,315.75,-21652.8,70.689,0.4082
1740000,72,301.176,-21635.3,66.6516,0.4
1755000,81,350.868,-21626.6,89.8367,0.411771
1770000,73,331.643,-21644.1,64.1829,0.403867
1785000,63,293,-21643.7,69.7296,0.402867
1800000,58,260.637,-21658.3,49.1362,0.39992
1815000,68,275.309,-21642.4,57.5004,0.399333
1830000,70,301.219,-21645.4,81.6421,0.411653
1845000,51,209.782,-21643.6,49.7735,0.399867
1860000,58,275.33,-21668.6,74.029,0.39955
1875000,49,226.527,-21676.1,54.2713,0.393533
1890000,57,258.495,-21678,75.085,0.396978
1905000,63,279.131,-21640.8,71.4556,0.387827
1920000,62,275.797,-21622.8,47.9939,0.393533
1935000,55,248.264,-21660.2,54.1004,0.38235
1950000,55,244.213,-21641.7,59.3861,0.391633
1965000,44,203.359,-21664.5,54.0781,0.374133
1980000,52,230.877,-21673.8,48.1805,0.3734
1995000,56,268.635,-21668.7,54.828,0.393667
2010000,51,231.273,-21641.8,55.0006,0.380275
2025000,59,251.905,-21637.6,55.8643,0.3838
2040000,53,237.197,-21649.5,52.4024,0.385178
2055000,57,252.487,-21657.2,64.4551,0.391217
2070000,60,268.163,-21647.6,44.0702,0.399822
2085000,53,235.871,-21651.8,50.526,0.397422
2100000,53,217.785,-21645.1,55.2846,0.393067
2115000,48,211.678,-21690.9,49.9502,0.392317
2130000,44,202.488,-21675.3,38.8529,0.376733
2145000,65,289.824,-21633,53.5177,0.386756
2160000,62,281.613,-21665.6,53.6146,0.402911
2175000,57,252.619,-21643.6,58.3684,0.406733
2190000,59,266.261,-21653.8,53.4475,0.389333
2205000,70,296.553,-21636,53.8636,0.399333
2220000,55,226.125,-21684,66.1007,0.393678
2235000,67,303.575,-21648.7,58.585,0.405667
2250000,69,301.514,-21661.4,48.7557,0.409333
2265000,46,200.842,-21676.4,47.1474,0.385644
2280000,49,219.01,-21658.9,52.9541,0.3969
2295000,42,178.513,-21682.4,50.6628,0.3849
2310000,43,187.819,-21703.9,36.1025,0.359267
2325000,49,204.546,-21680.1,56.079,0.38806
2340000,51,220.241,-21653.4,55.2193,0.3802
2355000,51,204.446,-21664.2,54.164,0.39144
2370000,52,225.88,-21662.7,47.1529,0.385267
2385000,57,262.246,-21659.5,60.1531,0.387947
2400000,63,272.713,-21686.3,57.1895,0.411333
2415000,56,240.526,-21665.4,62.0827,0.402067
2430000,64,262.885,-21657.5,56.5248,0.394733
2445000,43,191.118,-21707.7,42.4223,0.397867
2460000,64,278.587,-21644.1,64.2325,0.394033
2475000,61,261.538,-21649.2,59.1423,0.381533
2490000,38,160.773,-21715.3,47.0976,0.373711
2505000,73,331.23,-21654.4,69.2961,0.403833
2520000,52,226.516,-21711.4,54.2723,0.386467
2535000,64,266.735,-21663.3,56.2493,0.404933
2550000,63,274.625,-21650.5,65.428,0.401067
2565000,63,274.912,-21671.3,78.9964,0.398716
2580000,58,258.616,-21679.2,56.9508,0.3955
2595000,51,222.257,-21691.3,48.763,0.401733
2610000,69,307.791,-21657.9,60.6614,0.4041
2625000,69,311.051,-21666.1,64.5022,0.409817
2640000,45,182.666,-21713.6,55.6474,0.393578
2655000,64,262.168,-21641.8,63.2459,0.405933
2670000,50,231.491,-21686.4,47.9676,0.39905
2685000,64,290.654,-21635.5,81.9666,0.4045
2700000,59,258.475,-21648,63.0635,0.3952
2715000,37,162.662,-21700,46.3934,0.380533
2730000,59,264.568,-21652.3,49.1791,0.396133
2745000,47,202.838,-21694.6,46.8087,0.3903
2760000,55,252.308,-21658.8,50.9778,0.400467
2775000,54,229.93,-21667.7,59.7217,0.399
2790000,51,207.76,-21667.1,51.0336,0.4026
2805000,62,278.45,-21692.7,55.4183,0.3952
2820000,53,238.533,-21702.5,51.4493,0.3972
2835000,44,199.104,-21697.7,43.9968,0.3872
2850000,55,254.488,-21704.1,46.7227,0.390333
2865000,51,225.467,-21693,47.7311,0.397067
2880000,46,204.665,-21695.8,39.5077,0.392078
2895000,49,216.014,-21678.9,46.4307,0.382073
2910000,65,258.018,-21675.8,64.4109,0.3863
2925000,60,278.527,-21641.7,65.7066,0.396467
2940000,67,296.128,-21666.4,75.2181,0.412933
2955000,65,298.824,-21663.3,52.2247,0.406667
2970000,46,198.687,-21696.5,46.3309,0.391505
2985000,93,422.724,-21645.5,102.893,0.4076
3000000,68,303.857,-21679.4,79.3387,0.394633
3015000,46,208.414,-21667.2,50.3701,0.406467
3030000,58,258.091,-21660.6,73.4187,0.405644
3045000,56,258.727,-21645.4,58.9298,0.391667
3060000,53,234.595,-21687.5,44.6823,0.385889
3075000,65,319.303,-21678.1,57.4968,0.396767
3090000,51,228.389,-21692.3,49.6733,0.3952
3105000,59,276.639,-21674.3,68.4686,0.404533
3120000,59,261.678,-21661.8,52.5878,0.399533
3135000,47,210.473,-21695.5,47.7074,0.391556
3150000,64,275.264,-21665.3,63.8189,0.402
3165000,60,262.786,-21647,50.9975,0.394533
3180000,80,351.598,-21647.4,83.1285,0.4076
3195000,89,399.934,-21622.8,79.8672,0.412067
3210000,69,313.226,-21640.4,74.839,0.422467
3225000,54,236.17,-21654.7,53.2846,0.396522
3240000,55,231.404,-21664.9,61.9269,0.397
3255000,50,224.365,-21659.2,46.3668,0.384133
3270000,69,304.267,-21660.4,55.6115,0.389067
3285000,42,187.227,-21729.2,47.6246,0.391115
3300000,60,269.823,-21665,54.633,0.405033
3315000,46,211.07,-21683.5,49.1048,0.404733
3330000,40,161.222,-21705.5,41.8113,0.383467
3345000,52,238.645,-21702,46.4277,0.381467
3360000,35,147.936,-21710.2,26.4941,0.385
3375000,41,167.955,-21736.1,36.7217,0.362467
3390000,48,210.071,-21690.7,49.0372,0.389493
3405000,46,204.59,-21676.3,37.5502,0.402867
3420000,42,182.306,-21687.2,36.1741,0.386
3435000,37,156.957,-21702.7,36.3818,0.369583
3450000,43,185.798,-21691.3,48.1752,0.381442
3465000,56,233.078,-21708.8,56.41,0.3856
3480000,53,241.995,-21676.3,64.7317,0.3921
3495000,57,234.338,-21679.4,61.4207,0.400467
3510000,57,249.592,-21666.3,47.9697,0.393167
3525000,65,272.102,-21673.8,63.7728,0.409467
3540000,58,259.736,-21643.2,57.4616,0.395267
3555000,67,289.999,-21651.3,79.5899,0.4174
3570000,71,301.872,-21660.2,74.8388,0.415133
3585000,50,222.128,-21664.8,54.9068,0.396307
3600000,61,278.808,-21660.3,63.8831,0.4051
3615000,45,198.545,-21672.7,34.8736,0.389533
3630000,49,207.607,-21675.6,46.7913,0.3882
3645000,58,237.58,-21669,55.5917,0.400533
3660000,67,278.564,-21647.9,86.244,0.393233
3675000,74,347.091,-21634,71.7482,0.4008
3690000,61,262.032,-21668.5,56.086,0.404378
3705000,66,310.691,-21626,61.9299,0.409833
3720000,61,268.057,-21642.6,57.7883,0.4034
3735000,51,223.69,-21668.4,48.7388,0.38957
3750000,64,288.758,-21640.8,77.6441,0.4
3765000,51,222.372,-21669.7,57.7162,0.384167
3780000,56,249.198,-21674,61.6804,0.406
3795000,62,280.184,-21642.1,58.0367,0.402467
3810000,57,257.551,-21652.8,48.7569,0.4082
3825000,47,223.118,-21654.5,54.4978,0.380267
3840000,54,237.236,-21656.8,54.6955,0.38404
3855000,47,203.155,-21664.1,42.3561,0.396
3870000,70,297.494,-21698.2,54.3788,0.387533
3885000,62,267.667,-21655.4,57.3347,0.386717
3900000,49,210.222,-21650,55.1769,0.392267
3915000,51,232.007,-21664,55.8786,0.369067
3930000,48,212.547,-21670,52.9755,0.3874
3945000,49,223.607,-21692.3,46.7347,0.394533
3960000,56,242.502,-21671.6,55.3846,0.393478
3975000,56,243.478,-21620.9,52.8748,0.391833
3990000,69,312.326,-21621,75.4168,0.397133
4005000,57,241.322,-21662.3,62.3913,0.385556
4020000,68,300.038,-21647.3,73.785,0.390133
4035000,52,238.14,-21684.7,58.2148,0.395322
4050000,61,262.411,-21680.5,63.1493,0.4048
4065000,79,359.976,-21630.3,74.8853,0.395293
4080000,68,299.941,-21659.6,58.2773,0.4064
4095000,52,240.879,-21671.1,44.7176,0.395283
4110000,68,300.26,-21685.6,62.2692,0.408067
4125000,67,285.142,-21693.5,57.5081,0.38868
4140000,50,216.619,-21633.5,45.4489,0.3827
4155000,39,170.987,-21686.6,52.8321,0.3958
4170000,48,212.04,-21679.5,48.7088,0.3958
4185000,45,193.791,-21680.1,40.1611,0.384617
4200000,62,290.179,-21633.8,65.833,0.381333
4215000,49,225.531,-21689.3,52.7013,0.393633
4230000,63,273.717,-21661.2,66.2868,0.402867
4245000,58,243.297,-21636.3,65.2738,0.377067
4260000,64,269.323,-21637,54.5532,0.3926
4275000,50,218.008,-21633.1,55.7053,0.377733
4290000,61,266.901,-21661.4,61.4752,0.387333
4305000,55,249.138,-21642.2,51.302,0.379067
4320000,63,291.336,-21642.2,49.8492,0.391133
4335000,58,261.153,-21625,62.8705,0.386133
4350000,60,274.951,-21648.5,59.5318,0.386867
4365000,66,285.229,-21640.6,64.1443,0.386867
4380000,59,250.898,-21634.1,65.0307,0.399467
4395000,66,300.894,-21638,59.0748,0.386467
4410000,61,264.798,-21626.1,56.9558,0.383733
4425000,66,277.609,-21643.5,78.2529,0.390733
4440000,51,233.419,-21643.6,58.2504,0.389467
4455000,59,256.501,-21637.9,49.652,0.374067
4470000,58,246.031,-21627.6,52.5916,0.3816
4485000,63,261.242,-21629.9,61.3429,0.3834
4500000,59,251.524,-21637.5,58.1928,0.385267
4515000,66,277.949,-21626.3,65.2438,0.396333
4530000,68,310.711,-21640,79.2997,0.396533
4545000,60,264.856,-21633,49.7738,0.398133
4560000,55,232.633,-21689.4,61.0195,0.375067
4575000,62,277.363,-21706.9,51.7154,0.390383
4590000,68,312.429,-21622.4,80.1683,0.396356
4605000,45,208.477,-21709.8,39.4046,0.398033
4620000,60,257.491,-21631,49.428,0.397767
4635000,49,231.749,-21702.9,49.7809,0.38988
4650000,58,250.769,-21619.8,37.8765,0.387
4665000,53,230.591,-21676.7,47.5715,0.3931
4680000,65,286.217,-21644.6,71.9278,0.3908
4695000,71,324.505,-21667,74.9429,0.398467
4710000,76,337.512,-21605.4,70.595,0.404233
4725000,80,367.776,-21614,78.3448,0.414933
4740000,73,327.088,-21619.8,65.8618,0.408667
4755000,69,304.641,-21657.8,98.7934,0.392333
4770000,73,319.386,-21631.5,78.9598,0.412067
4785000,62,255.552,-21630.8,65.638,0.3966
4800000,54,241.75,-21622.9,49.2973,0.390533
4815000,61,272.608,-21678.3,57.3901,0.399275
4830000,52,236.869,-21649.4,47.3956,0.376
4845000,47,200.772,-21658.3,42.1638,0.3978
4860000,51,212.484,-21643.5,55.9772,0.3831
4875000,64,277.516,-21637.1,60.3791,0.390467
4890000,71,297.955,-21629.7,74.2699,0.384067
4905000,73,304.543,-21609.7,74.2455,0.399
4920000,65,277.186,-21636.5,68.1801,0.3994
4935000,66,297.259,-21632.3,83.3893,0.3944
4950000,55,237.333,-21631,55.4469,0.390067
4965000,54,231.731,-21650.7,50.3323,0.394189
4980000,63,278.411,-21649.3,61.5228,0.3897
4995000,65,277.804,-21639.8,75.7176,0.403
5010000,59,256.163,-21639.2,67.3362,0.400267
5025000,63,277.191,-21633.2,66.2812,0.387933
5040000,71,314.709,-21645.1,54.7165,0.403267
5055000,64,276.889,-21633.2,63.7829,0.396867
5070000,65,280.38,-21658.4,69.7991,0.39749
5085000,62,266.881,-21646.4,67.233,0.394633
5100000,72,320.647,-21636.1,74.1687,0.399822
5115000,57,261.207,-21660.6,59.7526,0.404689
5130000,63,276.762,-21632.2,68.1408,0.395733
5145000,65,298.64,-21672.2,64.2974,0.400967
5160000,58,258.083,-21649.7,60.9481,0.405133
5175000,71,320.73,-21649.7,75.515,0.403933
5190000,66,279.066,-21631.6,65.6198,0.395867
5205000,48,219.577,-21666.7,50.0557,0.3912
5220000,46,206.013,-21670.5,53.9665,0.374467
5235000,63,277.057,-21638.7,64.6668,0.392257
5250000,53,216.258,-21674.5,51.7142,0.385917
5265000,62,275.005,-21671.7,70.4214,0.409467
5280000,63,276.748,-21663.2,55.8449,0.398767
5295000,77,354.181,-21609,106.051,0.403217
5310000,70,285.789,-21622.7,74.3748,0.401067
5325000,76,324.729,-21642.7,79.3648,0.399667
5340000,57,252.083,-21663.4,44.8005,0.4136
5355000,48,214.356,-21649.7,42.2001,0.374867
5370000,66,290.239,-21638.4,52.1145,0.408933
5385000,50,218.207,-21668,46.9235,0.387333
5400000,49,224.484,-21672.6,49.0856,0.379563
5415000,57,255.221,-21634.3,63.7178,0.381378
5430000,59,255.145,-21627.7,46.0306,0.3814
5445000,59,262.795,-21666.1,66.1518,0.39435
5460000,57,251.269,-21631.8,60.6857,0.3837
5475000,58,262.641,-21626.9,66.9599,0.387067
5490000,63,288.763,-21644.3,66.8991,0.389933
5505000,61,274.87,-21659.2,50.7882,0.393333
5520000,69,301.265,-21648.9,65.3296,0.41324
5535000,61,257.343,-21645.5,74.1808,0.391567
5550000,63,286.493,-21649.3,62.6233,0.399867
5565000,70,310.146,-21664.5,75.2163,0.410644
5580000,58,244.86,-21671.4,51.7038,0.3946
5595000,57,258.258,-21649.6,68.8568,0.385867
5610000,53,238.959,-21687.6,62.3848,0.401556
5625000,62,288.065,-21681.6,54.4835,0.3949
5640000,62,271.247,-21629.2,55.9551,0.401733
5655000,52,244.53,-21657.5,39.8866,0.393667
5670000,50,221.242,-21656.6,53.6519,0.3784
5685000,57,252.22,-21654,55.1922,0.389
5700000,50,215.426,-21652.2,40.292,0.398267
5715000,58,239.45,-21656.7,62.5057,0.389406
5730000,61,264.727,-21652.1,64.1004,0.400667
5745000,53,226.554,-21655.3,55.2607,0.394822
5760000,49,214.685,-21672.6,40.2048,0.3956
5775000,48,203.484,-21662,49.2968,0.388582
5790000,53,228.267,-21677.3,50.6732,0.390933
5805000,56,250.155,-21671.7,62.6435,0.392767
5820000,58,253.864,-21676.8,50.7729,0.383967
5835000,62,277.918,-21633.5,69.5985,0.4074
5850000,52,237.73,-21674.1,54.3155,0.403867
5865000,60,263.376,-21635.4,62.7947,0.401433
5880000,60,268.88,-21637.9,73.4939,0.392667
5895000,54,249.56,-21640.7,45.5534,0.389867
5910000,57,254.169,-21653,62.0574,0.398333
5925000,59,256.448,-21642.7,61.0949,0.389
5940000,50,223.905,-21675.2,65.1546,0.387067
5955000,50,219.049,-21686,53.7217,0.393467
5970000,44,207.451,-21696.7,46.1804,0.378475
5985000,57,246.705,-21675.3,51.5894,0.400367
6000000,60,272.692,-21667.3,53.6131,0.409133
6015000,57,250.987,-21663.5,45.6062,0.4006
6030000,56,234.814,-21654.5,67.0585,0.387521
6045000,56,251.601,-21682.7,66.4829,0.396333
6060000,54,253.685,-21670.5,47.4766,0.4048
6075000,54,232.522,-21657.3,42.7783,0.405556
6090000,69,316.79,-21674.8,67.3577,0.409667
6105000,57,258.029,-21656.1,57.9051,0.408933
6120000,50,223.404,-21672.6,61.731,0.395889
6135000,56,240.453,-21677.2,49.6292,0.4071
6150000,56,250.655,-21645.9,52.3315,0.3997
6165000,53,225.386,-21691.3,49.2982,0.397833
6180000,56,252.691,-21649,65.5619,0.386333
6195000,54,246.376,-21666,51.7264,0.397333
6210000,62,288.511,-21663.5,54.6794,0.411867
6225000,60,263.076,-21647.2,63.3186,0.3986
6240000,51,240.199,-21683.5,63.0376,0.378478
6255000,63,271.218,-21668.5,67.7909,0.386078
6270000,52,227.099,-21654.7,67.1826,0.395644
6285000,48,207.542,-21672.1,58.5614,0.392433
6300000,65,297.654,-21645.4,62.3158,0.391033
6315000,64,286.988,-21675,72.6985,0.410333
6330000,59,263.042,-21684.5,41.9796,0.386533
6345000,60,270.268,-21630.9,54.5578,0.408967
6360000,42,168.854,-21698.7,38.6444,0.383558
6375000,56,254.634,-21643.8,54.2502,0.390233
6390000,73,324.799,-21667.4,76.159,0.3996
6405000,47,205.088,-21695,44.6125,0.386827
6420000,39,172.535,-21713.5,35.8145,0.390133
6435000,61,267.858,-21667.6,61.8141,0.411644
6450000,51,216.844,-21660.7,54.6319,0.398533
6465000,55,235.17,-21668.1,51.7669,0.401267
6480000,50,223.162,-21694.9,51.3669,0.386217
6495000,34,142.684,-21737.4,37.8796,0.384304
6510000,40,173.547,-21723.2,36.8951,0.382067
6525000,54,248.375,-21664.1,65.8772,0.393667
6540000,53,238.928,-21675.3,46.0166,0.402383
6555000,51,225.159,-21698.1,40.1214,0.394267
6570000,52,237.692,-21688.9,58.4723,0.392467
6585000,53,243.29,-21654.3,44.6898,0.39995
6600000,65,287.584,-21674.3,61.3804,0.396867
6615000,62,285.97,-21660.2,67.9637,0.411333
6630000,54,248.162,-21662.4,57.3996,0.399733
6645000,58,265.957,-21680,60.4261,0.397147
6660000,65,284.455,-21701,76.6974,0.414267
6675000,59,259.846,-21675,53.9594,0.400533
6690000,53,242.158,-21691.7,52.5457,0.404167
6705000,48,211.306,-21650.8,39.3188,0.3929
6720000,49,215.208,-21650.7,54.673,0.3916
6735000,50,219.183,-21674.5,37.5705,0.398067
6750000,35,162.778,-21712.5,25.4236,0.398796
6765000,37,160.79,-21710.1,31.6858,0.3764
6780000,51,230.183,-21664.6,38.529,0.3934
6795000,58,259.061,-21658.3,63.8767,0.381324
6810000,69,294.347,-21667,62.6228,0.408
6825000,66,277.956,-21664.5,61.2862,0.409733
6840000,57,243.348,-21648.7,64.5031,0.394917
6855000,70,303.609,-21636.3,77.0694,0.401867
6870000,71,316.978,-21630.9,81.8984,0.408533
6885000,59,251.844,-21660.7,61.6229,0.391583
6900000,62,280.544,-21659.2,64.5283,0.4052
6915000,50,236.403,-21658.8,50.757,0.386
6930000,51,225.907,-21677.1,49.5605,0.3886
6945000,44,180.241,-21674.4,55.2502,0.387872
6960000,46,188.643,-21667.5,38.4432,0.374733
6975000,58,255.446,-21647.7,56.2677,0.399267
6990000,44,196.871,-21689.8,41.5638,0.378133
7005000,48,210.12,-21644.6,48.8107,0.385933
7020000,46,208.552,-21685.8,51.8074,0.385367
7035000,64,281.531,-21670.3,57.8743,0.392067
7050000,56,256.594,-21663.6,64.6787,0.386675
7065000,49,208.686,-21650.4,46.3429,0.396889
7080000,62,261.761,-21657.8,58.652,0.413233
7095000,72,320.291,-21603.3,89.2221,0.417867
7110000,81,346.189,-21619.2,70.9722,0.409133
7125000,86,379.547,-21628.8,74.5427,0.422933
7140000,50,218.734,-21673.8,70.6763,0.39476
7155000,59,248.82,-21637.3,61.5958,0.398017
7170000,75,310.41,-21622.9,83.117,0.411933
7185000,72,307.522,-21653.8,67.1886,0.407067
7200000,50,214.736,-21650.7,45.3415,0.394378
7215000,54,229.691,-21662.8,44.9639,0.38688
7230000,53,214.368,-21634.1,60.2831,0.369867
7245000,57,222.042,-21634.1,48.9914,0.397283
7260000,60,257.395,-21635.7,78.8895,0.387267
7275000,61,273.224,-21656.1,70.0472,0.386467
7290000,72,285.513,-21633.6,82.2448,0.4046
7305000,57,251.97,-21630.8,42.7713,0.4013
7320000,65,275.649,-21644.2,58.9191,0.392722
7335000,58,256.365,-21652.1,66.505,0.390367
7350000,60,269.302,-21627.5,61.7871,0.4036
7365000,73,305.512,-21633.6,70.5488,0.407347
7380000,50,221.815,-21639.1,49.8575,0.3953
7395000,68,296.133,-21634.7,74.1167,0.395567
7410000,57,250.322,-21641,57.3015,0.393133
7425000,59,263.523,-21642.6,49.0304,0.399367
7440000,68,296.057,-21650.9,66.232,0.398667
7455000,71,283.018,-21633.3,72.1962,0.413733
7470000,63,276.477,-21655.4,64.7465,0.4064
7485000,47,205.159,-21662.3,48.3596,0.405917
7500000,55,248.406,-21650.9,58.1445,0.3967
7515000,50,229.358,-21645.1,45.7597,0.384867
7530000,43,182.909,-21687.7,40.2361,0.381111
7545000,58,255.118,-21685,56.6143,0.3996
7560000,50,216.35,-21682.7,46.6484,0.36984
7575000,53,225.764,-21650.5,43.7364,0.394383
7590000,46,194.112,-21676.9,47.0609,0.389267
7605000,61,269.588,-21659.1,65.6615,0.39045
7620000,41,184.838,-21674.2,45.1864,0.386533
7635000,65,286.749,-21676.1,61.8383,0.403067
7650000,42,183.995,-21669.8,40.1489,0.371233
7665000,46,203.061,-21681.8,58.2577,0.3748
7680000,58,256.193,-21663.3,43.4007,0.391057
7695000,51,232.805,-21670.2,40.0053,0.386017
7710000,47,209.323,-21666.3,50.911,0.378
7725000,52,232.194,-21680.5,51.581,0.391867
7740000,44,204.94,-21667.1,36.8787,0.369533
7755000,69,292.422,-21628.4,71.0681,0.3948
7770000,65,264.222,-21627.5,84.8864,0.409867
7785000,54,221.961,-21676.3,51.5028,0.393289
7800000,39,167.554,-21669.9,35.5411,0.373178
7815000,68,295.75,-21675.4,60.3517,0.3965
7830000,53,232.633,-21690.6,49.0904,0.394733
7845000,69,291.048,-21633.5,73.8806,0.397107
7860000,75,321.047,-21638.9,69.3843,0.405067
7875000,65,275.783,-21644.2,49.0047,0.397533
7890000,66,289.814,-21645.8,71.999,0.391267
7905000,44,188.663,-21678.1,56.544,0.397173
7920000,58,245.859,-21670.5,58.847,0.378808
7935000,55,245.476,-21659.3,42.5916,0.397111
7950000,57,233.477,-21695.3,63.8856,0.390889
7965000,43,187.919,-21664.6,51.4805,0.384833
7980000,51,228.591,-21687.3,54.7416,0.397633
7995000,58,247.237,-21660.3,56.1886,0.3838
8010000,50,213.086,-21661.2,53.3122,0.390733
8025000,62,268.649,-21654.5,68.0606,0.395667
8040000,64,283.621,-21675.3,55.8466,0.408733
8055000,60,261.969,-21675,57.9468,0.434
8070000,50,212.312,-21681.7,49.175,0.4038
8085000,59,253.379,-21668.9,67.5853,0.400267
8100000,55,240.4,-21674.7,48.0075,0.3916
8115000,58,248.951,-21679.2,61.2616,0.383667
8130000,53,234.157,-21680.8,49.6257,0.407567
8145000,49,209.279,-21688.9,55.3374,0.389267
8160000,55,242.835,-21664.3,51.4149,0.3738
8175000,39,170.114,-21675.7,49.1536,0.385
8190000,47,218.356,-21687.1,49.5668,0.362867
8205000,48,204.271,-21690.8,52.7698,0.372467
8220000,46,201.009,-21668.6,46.5196,0.3904
8235000,56,229.719,-21654.7,62.4547,0.393333
8250000,54,235.588,-21667.1,51.1942,0.394267
8265000,56,243.03,-21649,64.5706,0.400667
8280000,46,202.669,-21693.8,48.083,0.384813
8295000,46,207.295,-21692.8,54.7416,0.391533
8310000,54,245.207,-21698.8,54.42,0.408533
8325000,56,244.225,-21686.7,62.3635,0.394683
8340000,49,214.137,-21667.6,66.3046,0.387733
8355000,48,217.168,-21670.8,48.9579,0.402724
8370000,52,224.895,-21660.2,53.117,0.3908
8385000,45,205.789,-21677.4,44.8588,0.397533
8400000,35,162.569,-21690,38.7026,0.392656
8415000,47,197.919,-21681.7,53.7042,0.386867
8430000,42,191.032,-21684.6,42.3997,0.3914
8445000,45,196.945,-21666.1,64.6675,0.394333
8460000,57,239.705,-21674.7,65.9615,0.390667
8475000,60,258.643,-21686.2,46.1484,0.393152
8490000,50,218.285,-21687.6,64.4618,0.407
8505000,53,230.804,-21697.7,41.3283,0.394356
8520000,47,212.195,-21685.9,57.8039,0.410067
8535000,46,206.083,-21665.1,41.7068,0.399356
8550000,48,226.923,-21673,50.5785,0.401333
8565000,41,189.746,-21701.5,49.6583,0.3968
8580000,46,202.368,-21696.8,46.1487,0.387267
8595000,51,204.501,-21667.1,46.9079,0.393983
8610000,52,240.962,-21675.5,56.5556,0.39975
8625000,50,226.395,-21695.2,47.1067,0.400911
8640000,62,261.525,-21674.5,61.1097,0.399489
8655000,64,274.558,-21675.7,63.7102,0.398667
8670000,52,216.837,-21670.3,46.6251,0.384667
8685000,47,192.166,-21661.8,42.3076,0.381
8700000,56,246.191,-21652.4,52.4535,0.404417
8715000,46,201.708,-21698.4,37.1238,0.386056
8730000,58,255.433,-21675,59.1618,0.3978
8745000,74,317.07,-21649.8,71.8642,0.410444
8760000,58,230.637,-21673,47.9565,0.412767
8775000,42,181.83,-21676.3,47.4419,0.3867
8790000,48,212.335,-21677,55.4052,0.376267
8805000,51,222.131,-21684.3,53.7535,0.386267
8820000,49,209.543,-21668.6,48.9164,0.396333
8835000,50,210.958,-21671.6,45.5369,0.3858
8850000,52,233.617,-21655.3,51.3849,0.405857
8865000,60,236.823,-21664.4,65.2912,0.411667
8880000,59,277.948,-21672.1,48.3777,0.408578
8895000,66,284.096,-21651.8,67.4817,0.398948
8910000,58,266.102,-21659.7,63.5122,0.406833
8925000,59,244.38,-21657.8,57.6938,0.398267
8940000,71,292.119,-21620.9,79.5155,0.408911
8955000,70,303.652,-21630.3,70.734,0.4044
8970000,71,311.717,-21644.8,68.9579,0.406333
8985000,48,208.429,-21687.6,40.5254,0.39895
9000000,60,267.486,-21632.8,69.6773,0.399333
9015000,70,303.224,-21633.5,68.0995,0.403067
9030000,69,306.43,-21640.1,72.1648,0.406
9045000,58,257.215,-21687.8,59.8415,0.388825
9060000,53,229.891,-21676.2,62.4131,0.398533
9075000,63,263.793,-21641.3,70.8049,0.404756
9090000,50,219.352,-21656.6,49.9796,0.386767
9105000,47,207.108,-21665.1,46.2338,0.378267
9120000,58,238.744,-21639.6,51.3918,0.389067
9135000,58,243.782,-21637.2,59.9351,0.378867
9150000,59,274.516,-21654.3,54.9958,0.399133
9165000,64,262.077,-21664.5,60.2145,0.387667
9180000,57,245.817,-21664.5,52.8419,0.390533
9195000,62,287.851,-21646,66.9464,0.395889
9210000,63,279.926,-21659.3,53.7936,0.408333
9225000,43,187.733,-21673.3,36.8459,0.388511
9240000,61,267.762,-21638.2,76.2031,0.404933
9255000,64,273.425,-21658.4,65.5858,0.396467
9270000,67,293.083,-21658.6,74.4935,0.401267
9285000,46,204.812,-21674.9,51.1148,0.39675
9300000,63,266.181,-21646.8,62.4393,0.396667
9315000,56,251.89,-21661.6,50.63,0.401267
9330000,77,324.121,-21636.9,83.9173,0.4086
9345000,76,328.496,-21641.1,76.6417,0.422333
9360000,80,344.021,-21641.9,82.3721,0.413
9375000,100,435.783,-21635.3,107.802,0.421867
9390000,103,464.281,-21639.8,104.743,0.431933
9405000,97,446.713,-21644.5,83.6411,0.427
9420000,82,348.471,-21620.8,76.0143,0.4288
9435000,59,257.919,-21675.2,52.6318,0.410575
9450000,89,378.478,-21618.7,80.4193,0.4182
9465000,96,408.076,-21627.7,106.894,0.418
9480000,98,424.829,-21613.4,107.374,0.427
9495000,110,485.467,-21632.3,118.153,0.419867
9510000,80,347.988,-21652.9,80.1197,0.424733
9525000,69,300.778,-21643.5,77.6018,0.403067
9540000,63,281.54,-21631.3,67.5398,0.396267
9555000,47,195.37,-21715.2,50.1695,0.397105
9570000,76,345.433,-21652.6,67.0217,0.4096
9585000,80,364.859,-21642,65.2077,0.429933
9600000,75,331.272,-21681.8,81.6442,0.430867
9615000,59,253.209,-21701.7,47.547,0.414133
9630000,55,248.509,-21677.7,59.8154,0.4126
9645000,59,256.747,-21687.8,61.1432,0.39431
9660000,55,240.865,-21681.4,41.0407,0.390267
9675000,53,203.235,-21656.5,56.2279,0.4046
9690000,55,243.006,-21659.8,56.5235,0.398133
9705000,59,264.102,-21660.2,56.6671,0.401467
9720000,63,276.362,-21655.5,60.2044,0.4028
9735000,64,275.122,-21666.4,78.6841,0.400867
9750000,58,245.593,-21653,52.4529,0.404133
9765000,57,259.052,-21700.5,53.091,0.398933
9780000,52,224.865,-21667.1,40.8356,0.385867
9795000,58,248.492,-21670.9,55.8024,0.396529
9810000,39,181.356,-21691.8,35.8957,0.3926
9825000,37,167.428,-21682.3,40.9985,0.394267
9840000,44,205.044,-21694.1,42.3261,0.3812
9855000,49,215.538,-21679.6,50.0855,0.380489
9870000,62,281.078,-21685.4,54.3255,0.402
9885000,47,200.801,-21679.2,54.717,0.392836
9900000,55,249.055,-21671.8,44.638,0.400533
9915000,59,249.967,-21667.6,65.8618,0.39268
9930000,62,278.69,-21660,65.3647,0.4112
9945000,49,214.662,-21650.4,46.405,0.390933
9960000,43,198.904,-21665.4,53.6276,0.379533
9975000,50,216.668,-21681.5,50.8178,0.401044
9990000,56,232.415,-21678,52.2389,0.401067
10005000,64,276.106,-21670.2,69.5553,0.401933
10020000,63,277.534,-21665.8,63.3262,0.3954
10035000,44,195.838,-21700.7,35.7621,0.39737
10050000,56,239.782,-21664,52.6459,0.404967
10065000,61,271.435,-21675.5,58.7394,0.3984
10080000,46,205.606,-21656.7,54.4319,0.395267
10095000,49,211.946,-21673.9,54.7999,0.393467
10110000,67,308.181,-21703.2,63.87,0.409233
10125000,61,258.832,-21713.4,56.6421,0.4164
10140000,56,235.785,-21686.4,57.823,0.398778
10155000,47,202.925,-21693.8,57.3594,0.397133
10170000,52,235.524,-21711.8,55.2779,0.394667
10185000,52,228.982,-21677.8,56.6254,0.4076
10200000,60,259.449,-21662.7,62.8618,0.397552
10215000,67,293.934,-21672.1,79.4533,0.392333
10230000,72,319.074,-21660.7,79.1043,0.405756
10245000,63,288.671,-21689.4,50.5599,0.4218
10260000,54,248.237,-21679.9,60.167,0.398067
10275000,58,259.588,-21646.9,55.6585,0.404217
10290000,63,273.393,-21649.8,58.7205,0.403867
10305000,54,248.923,-21685.7,61.6855,0.378356
10320000,57,253.63,-21659.5,58.5291,0.403867
10335000,58,262.669,-21674.8,61.7321,0.4104
10350000,52,223.567,-21668,50.4012,0.402533
10365000,56,237.632,-21680.5,58.8434,0.3988
10380000,65,290.22,-21695.7,57.6577,0.401933
10395000,63,274.01,-21690.9,84.2036,0.419533
10410000,51,211.966,-21674.6,65.8611,0.411267
10425000,44,176.527,-21670.4,45.2223,0.378333
10440000,47,201.275,-21702.5,58.2962,0.398442
10455000,61,264.126,-21649.8,49.2138,0.397433
10470000,68,298.071,-21635.9,73.2088,0.401467
10485000,84,361.382,-21638.8,71.3791,0.416333
10500000,66,293.018,-21638.6,72.5475,0.411267
10515000,64,266.476,-21642.7,47.6264,0.397533
10530000,52,229.133,-21686.5,51.3361,0.384189
10545000,47,201.694,-21672.3,53.0559,0.392342
10560000,46,203.719,-21674.3,47.366,0.391556
10575000,50,220.94,-21649.2,65.3741,0.384733
10590000,68,300.435,-21670.7,70.5722,0.399317
10605000,57,249.48,-21660.8,52.8083,0.417467
10620000,42,181.189,-21672.7,39.3463,0.3832
10635000,51,207.49,-21669.7,54.5021,0.3706
10650000,65,275.53,-21673.9,67.2089,0.391311
10665000,38,173.749,-21671.5,37.8557,0.387067
10680000,55,241.743,-21675.5,46.1054,0.397833
10695000,49,212.908,-21667,48.1392,0.384717
10710000,60,254.403,-21676.2,54.1966,0.389433
10725000,48,204.271,-21679.6,47.1222,0.3983
10740000,63,284.704,-21670,67.9536,0.3953
10755000,62,265.735,-21651.8,58.3121,0.393944
10770000,56,229.147,-21678.9,54.8331,0.389733
10785000,51,226.434,-21696.1,48.9448,0.397133
10800000,62,277.636,-21683.6,57.4747,0.404667
10815000,54,242.767,-21645.4,52.9104,0.398467
10830000,52,222.459,-21673.6,46.908,0.398333
10845000,58,249.014,-21633.2,53.2874,0.389352
10860000,72,314.942,-21678.4,70.1143,0.412289
10875000,78,353.492,-21637.3,83.3436,0.419867
10890000,88,371.259,-21648.6,82.0152,0.418267
10905000,68,290.299,-21663.1,66.2746,0.410356
10920000,87,374.696,-21629.7,112.686,0.420233
10935000,75,330.544,-21626.8,71.1482,0.4136
10950000,77,351.124,-21622,77.0187,0.414067
10965000,59,242.009,-21669.9,55.2085,0.405983
10980000,55,239.845,-21661.8,59.1198,0.402267
10995000,58,245.915,-21647.4,66.155,0.389889
11010000,55,227.416,-21668.2,61.4516,0.385867
11025000,51,225.371,-21678.2,51.1326,0.382444
11040000,62,257.744,-21655.2,60.0271,0.399667
11055000,48,209.421,-21670.6,40.0923,0.399933
11070000,56,248.998,-21676.9,55.4459,0.390267
11085000,56,246.212,-21650,48.4199,0.4018
11100000,55,248.811,-21667.8,51.8054,0.403867
11115000,47,214.165,-21670.8,40.3108,0.3916
11130000,56,252.582,-21669.3,52.3291,0.389457
11145000,59,279.949,-21650.1,68.5214,0.386067
11160000,38,165.392,-21686.6,43.1936,0.3811
11175000,49,220.019,-21681,44.088,0.388533
11190000,68,288.164,-21650.3,56.0752,0.386067
11205000,56,258.852,-21664.5,48.3339,0.379
11220000,47,197.696,-21672.5,53.841,0.395556
11235000,59,268.219,-21670.3,52.5753,0.383158
11250000,54,236.994,-21666.3,59.1266,0.386967
11265000,62,265.034,-21664,63.813,0.413733
11280000,58,278.902,-21652.8,58.581,0.389533
11295000,43,196.568,-21686.2,47.3596,0.38775
11310000,57,254.051,-21633.8,50.9252,0.391924
11325000,58,249.06,-21637,55.1148,0.378667
11340000,62,263.707,-21647.9,61.4195,0.388133
11355000,64,272.534,-21632.6,56.234,0.395947
11370000,64,274.302,-21678,66.2653,0.394267
11385000,69,314.704,-21677.4,65.4523,0.394333
11400000,79,357.775,-21640.7,67.2532,0.409133
11415000,67,291.663,-21639.1,71.2295,0.397267
11430000,54,228.321,-21643.9,51.7385,0.388889
11445000,43,190.211,-21690.7,43.0483,0.391127
11460000,71,327.515,-21626.1,68.4213,0.3966
11475000,83,369.183,-21615,77.1944,0.4049
11490000,99,434.072,-21596.8,104.062,0.4158
11505000,73,329.622,-21612.6,69.9239,0.399111
11520000,110,475.751,-21622.1,101.014,0.419367
11535000,63,285.552,-21670.3,64.1348,0.405111
11550000,87,395.184,-21617.3,73.777,0.420233
11565000,65,281.762,-21637.5,46.7764,0.406533
11580000,76,346.536,-21612.2,75.4491,0.407367
11595000,78,343.119,-21625.8,79.0706,0.407267
11610000,79,333.833,-21614.6,76.795,0.414133
11625000,64,286.42,-21674.7,60.1698,0.401911
11640000,78,345.139,-21597.1,73.5822,0.401
11655000,65,283.659,-21630.7,68.7025,0.393256
11670000,59,256.937,-21630.8,64.1834,0.388333
11685000,88,403.374,-21612,96.6424,0.405689
11700000,72,320.586,-21610.1,80.1489,0.401333
11715000,76,321.337,-21613.6,67.4721,0.408
11730000,82,347.982,-21612.3,91.4877,0.402933
11745000,68,291.818,-21632.3,71.5202,0.38724
11760000,62,257.487,-21644.1,46.2513,0.395
11775000,72,322.25,-21637.5,85.6424,0.400133
11790000,76,334.169,-21652.2,71.968,0.392756
11805000,56,226.661,-21669.9,56.7075,0.399983
11820000,69,290.272,-21617.8,64.4705,0.408567
11835000,64,289.988,-21617.4,67.5299,0.3966
11850000,61,266.758,-21629.8,71.1036,0.383533
11865000,71,316.103,-21616.6,88.3905,0.395333
11880000,72,306.759,-21630,86.1551,0.403667
11895000,69,302.748,-21674.1,66.8615,0.397967
11910000,81,348.387,-21638.2,76.2861,0.413167
11925000,59,267.791,-21667.5,51.1184,0.401
11940000,57,244.88,-21661.2,53.8984,0.398467
11955000,43,187.306,-21672.6,47.1024,0.391413
11970000,50,212.378,-21648.9,37.816,0.394967
11985000,62,283.948,-21661.1,74.6811,0.403733
12000000,61,262.763,-21633,88.562,0.407933
12015000,58,248.966,-21641.5,63.7553,0.388733
12030000,60,253.218,-21640,57.3039,0.401133
12045000,52,225.786,-21630.5,58.7898,0.3902
12060000,59,254.735,-21649.9,51.2718,0.3902
12075000,62,274.923,-21661.5,56.4192,0.388867
12090000,70,322.169,-21638.8,71.4552,0.3998
12105000,68,297.963,-21622.7,72.08,0.413733
12120000,72,319.706,-21635.3,69.9434,0.404333
12135000,49,217.141,-21657,54.5165,0.386833
12150000,46,197.656,-21676.1,41.47,0.386467
12165000,69,310.604,-21655.6,79.5046,0.4016
12180000,63,279.378,-21641.3,58.8246,0.4054
12195000,63,276.692,-21681,68.2103,0.385667
12210000,60,275.473,-21661,57.4784,0.391967
12225000,41,176.245,-21718.1,40.9481,0.387937
12240000,70,306.374,-21679.7,63.5312,0.419133
12255000,64,289.925,-21657.7,68.9373,0.401644
12270000,72,312.847,-21649.8,60.4366,0.4186
12285000,73,329.941,-21651.5,85.1241,0.420067
12300000,45,187.949,-21665.8,45.9391,0.402833
12315000,56,240.545,-21682.6,41.5816,0.3906
12330000,47,184.602,-21654,37.2495,0.398133
12345000,53,242.817,-21641.9,60.1496,0.394817
12360000,54,233.021,-21627.4,44.0793,0.370933
12375000,63,285.216,-21620.6,66.555,0.3934
12390000,57,250.987,-21653.1,63.4891,0.390833
12405000,50,204.125,-21666.6,54.3917,0.389972
12420000,61,267.876,-21625.8,57.9288,0.388333
12435000,73,301.467,-21625.8,72.7422,0.398467
12450000,62,266.794,-21632.9,64.3001,0.398333
12465000,53,242.997,-21658.9,46.0142,0.398227
12480000,62,271.381,-21624.8,53.645,0.3847
12495000,55,233.391,-21672.5,56.5438,0.399467
12510000,83,349.839,-21615.7,77.6436,0.394267
12525000,69,300.594,-21648.8,65.5528,0.409933
12540000,67,294.012,-21647.5,79.7174,0.409
12555000,46,214.488,-21650.4,50.9753,0.398533
12570000,69,280.146,-21643.1,68.7786,0.392567
12585000,63,263.077,-21658.4,55.3704,0.4094
12600000,62,287.075,-21652,48.3337,0.406467
12615000,75,334.612,-21665.7,70.3172,0.406267
12630000,55,255.2,-21660.2,60.5676,0.395449
12645000,88,402.082,-21632.5,92.3801,0.4182
12660000,73,328.053,-21645.9,74.9217,0.416933
12675000,58,246.985,-21654,69.7745,0.404683
12690000,64,268.012,-21671.3,78.9979,0.414667
12705000,78,357.955,-21631.1,71.9967,0.400956
12720000,60,259.915,-21665.7,57.4793,0.394533
12735000,63,266.176,-21654.3,53.8368,0.404067
12750000,69,300.978,-21633.9,68.1849,0.395089
12765000,68,296.189,-21644.1,59.2077,0.393267
12780000,64,273.521,-21654.6,66.2173,0.3968
12795000,59,265.879,-21656.7,50.9643,0.399533
12810000,43,182.136,-21666.4,55.9557,0.396187
12825000,40,170.354,-21656,44.9428,0.379667
12840000,59,259.083,-21660.9,43.3732,0.389773
12855000,41,174.622,-21663.7,37.7969,0.388
12870000,48,216.909,-21667.2,49.4709,0.395333
12885000,54,237.528,-21637.6,61.1487,0.3827
12900000,75,331.625,-21634.9,81.9148,0.403567
12915000,68,303.038,-21645.5,66.5824,0.4072
12930000,61,261.91,-21635.8,53.8104,0.387144
12945000,61,282.752,-21644.4,47.4431,0.3986
12960000,65,287.42,-21653.6,62.7917,0.391167
12975000,67,302.402,-21652.1,78.0812,0.414133
12990000,62,273.826,-21654.7,63.1409,0.4048
13005000,57,276.267,-21651.6,59.4403,0.4063
13020000,57,256.481,-21675.9,53.432,0.407156
13035000,67,308.89,-21670.5,70.3364,0.408767
13050000,57,252.499,-21650,51.8226,0.408133
13065000,70,308.229,-21679.2,61.1049,0.403333
13080000,86,385.815,-21667,86.5438,0.409067
13095000,82,364.842,-21634.4,106.196,0.422
13110000,78,347.493,-21651.1,86.4332,0.422067
13125000,73,321.74,-21669.8,84.5931,0.410667
13140000,71,311.731,-21655.4,72.9583,0.404733
13155000,72,325.073,-21634.7,86.3814,0.4228
13170000,91,407.07,-21649,84.8769,0.422133
13185000,72,320.673,-21672.3,65.9884,0.400974
13200000,74,328.308,-21684.3,77.6686,0.428033
13215000,52,242.77,-21645.8,63.1327,0.400333
13230000,57,249.976,-21656.5,53.2065,0.405767
13245000,67,298.28,-21666.1,66.2098,0.410567
13260000,57,255.648,-21663.5,56.1393,0.3982
13275000,75,326.306,-21643.9,85.3964,0.416133
13290000,63,270.648,-21665.9,56.7211,0.403081
13305000,47,198.573,-21675.7,53.9482,0.4098
13320000,54,238.687,-21662.8,55.2529,0.406933
13335000,53,233.202,-21668.9,48.3932,0.399629
13350000,60,271.034,-21636.1,55.8571,0.4086
13365000,54,228.045,-21651.2,58.3032,0.405
13380000,61,250.188,-21656.9,67.0987,0.3872
13395000,65,239.605,-21687.9,59.4631,0.404467
13410000,65,276.242,-21645.2,69.4532,0.407
13425000,78,342.076,-21622.2,81.983,0.4094
13440000,66,292.6,-21651.3,62.0535,0.389
13455000,74,325.141,-21652.2,66.0192,0.4217
13470000,55,247.122,-21644.8,67.6917,0.396667
13485000,55,251.644,-21655.1,51.0483,0.397733
13500000,59,255.575,-21679.3,53.6361,0.405178
13515000,65,284.149,-21664.4,57.5635,0.404933
13530000,59,262.233,-21650.2,54.1218,0.407867
13545000,40,178.521,-21673.3,40.0911,0.397167
13560000,59,255.29,-21678.4,46.2912,0.3968
13575000,60,263.729,-21670.2,62.958,0.4174
13590000,63,261.339,-21660.6,73.7756,0.395933
13605000,56,245.903,-21681.9,60.9642,0.404133
13620000,60,268.371,-21666.3,67.2723,0.3882
13635000,53,236.321,-21626.4,52.3601,0.388444
13650000,57,263.333,-21633.8,56.8507,0.387067
13665000,59,245.924,-21683.6,68.1329,0.388908
13680000,64,285.638,-21653.2,61.2994,0.391783
13695000,61,264.377,-21672.4,60.2966,0.4076
13710000,57,246.783,-21683.3,49.2223,0.411067
13725000,66,278.006,-21658.2,57.8461,0.4024
13740000,72,307.544,-21652.6,63.8517,0.4076
13755000,65,266.128,-21625.8,56.0362,0.409267
13770000,74,322.786,-21639.4,69.8542,0.404133
13785000,58,259.699,-21657.1,53.2245,0.40736
13800000,60,255.373,-21679.6,51.6717,0.403967
13815000,72,310.247,-21623.9,72.9684,0.401978
13830000,84,367.247,-21641.8,90.2991,0.4162
13845000,59,260.387,-21658.3,62.4346,0.404117
13860000,65,289.025,-21655.6,79.9315,0.4259
13875000,41,178.441,-21665.1,39.3939,0.392533
13890000,62,284.295,-21666,51.0586,0.401667
13905000,56,258.888,-21652.1,40.6052,0.4008
13920000,71,318.196,-21655.4,69.0714,0.413733
13935000,77,322.434,-21643.7,80.9371,0.423267
13950000,66,299.827,-21642.7,59.4062,0.413933
13965000,73,307.624,-21638.5,85.3432,0.410667
13980000,65,265.503,-21653.8,57.9522,0.406267
13995000,78,326.395,-21658.4,79.1161,0.410067
14010000,54,220.323,-21675.1,49.3422,0.400444
14025000,59,253.672,-21644.3,55.9591,0.407533
14040000,69,291.545,-21664.5,70.7465,0.407333
14055000,71,313.264,-21643,70.0582,0.402667
14070000,59,241.064,-21655.7,56.6311,0.39125
14085000,68,312.478,-21651.8,64.5918,0.408333
14100000,79,326.876,-21631.2,87.742,0.399067
14115000,59,250.355,-21671.4,57.0221,0.402067
14130000,63,273.167,-21637.4,60.5528,0.4087
14145000,74,327.304,-21655.6,69.9033,0.408467
14160000,53,233.291,-21654.8,53.9315,0.391878
14175000,43,190.651,-21641.9,28.7021,0.406833
14190000,56,221.3,-21662.6,64.3807,0.379667
14205000,65,274.639,-21651.4,69.5625,0.398867
14220000,75,319.971,-21655.1,75.941,0.4069
14235000,62,266.559,-21664.8,66.6204,0.403567
14250000,54,221.912,-21644.4,56.0776,0.395233
14265000,75,328.341,-21651.8,72.6037,0.389467
14280000,73,323.652,-21642.7,67.6159,0.399444
14295000,75,337.742,-21652,77.542,0.4035
14310000,66,288.609,-21640.6,64.7243,0.414333
14325000,53,239.788,-21635,57.4306,0.408289
14340000,59,253.96,-21670.4,61.9681,0.4006
14355000,58,240.009,-21665.4,59.9096,0.4117
14370000,67,301.613,-21658.5,68.4045,0.406356
14385000,67,275.056,-21652.3,66.7238,0.401067
14400000,56,256.13,-21668.3,60.6627,0.410067
14415000,64,297.032,-21665,76.4582,0.4036
14430000,58,266.518,-21676.2,60.1952,0.407067
14445000,49,207.987,-21650.6,65.0213,0.392289
14460000,56,231.924,-21648.1,57.0989,0.391467
14475000,58,239.42,-21654.2,69.2697,0.397933
14490000,47,214.016,-21681.2,40.6508,0.4048
14505000,48,206.377,-21683.8,49.9324,0.392493
14520000,51,219.798,-21675.6,43.7486,0.3908
14535000,51,225.886,-21681,51.867,0.395889
14550000,46,194.907,-21639.8,53.6872,0.385973
14565000,45,188.288,-21656.4,57.6071,0.387733
14580000,54,235.696,-21656.3,67.2429,0.382267
14595000,51,220.86,-21661.8,48.7488,0.392133
14610000,63,270.01,-21665.3,63.3675,0.405167
14625000,66,295.114,-21647.8,75.5633,0.398122
14640000,73,329.309,-21651.6,84.1573,0.404533
14655000,63,282.783,-21683.1,73.4149,0.393217
14670000,51,209.292,-21660.4,47.5526,0.3999
14685000,60,266.025,-21667.7,60.8872,0.386267
14700000,47,211.09,-21676.4,53.7914,0.397322
14715000,63,275.386,-21660.8,59.7905,0.4069
14730000,63,263.687,-21676.6,66.1924,0.393933
14745000,41,168.909,-21694.8,44.93,0.396333
14760000,58,250.574,-21654.1,62.8847,0.396867
14775000,41,186.82,-21703.5,42.8124,0.383133
14790000,59,249.373,-21676.6,60.4785,0.397733
14805000,52,222.706,-21666.6,48.1936,0.394067
14820000,40,182.158,-21688.8,35.6637,0.392907
14835000,43,200.636,-21669.4,46.4912,0.373867
14850000,46,203.505,-21688.1,42.9567,0.385067
14865000,54,251.24,-21662.8,55.068,0.39624
14880000,56,248.045,-21665.5,72.439,0.400867
14895000,62,274.965,-21672.5,58.5639,0.386333
14910000,50,217.059,-21667.9,54.0964,0.388244
14925000,57,251.233,-21658.7,58.2096,0.397833
14940000,53,231.154,-21691,58.0152,0.378811
14955000,59,241.03,-21648.3,65.3988,0.385511
14970000,65,285.069,-21664.6,72.5716,0.3932
14985000,64,286.566,-21667.6,67.8706,0.392467
15000000,52,228.992,-21659.5,45.61,0.386333
15015000,55,224.472,-21662,57.8715,0.385813
15030000,67,306.217,-21646.5,71.1848,0.396033
15045000,52,219.159,-21648,48.762,0.398333
15060000,76,333.275,-21655.8,71.8309,0.420367
15075000,72,304.367,-21669.5,62.7223,0.425933
15090000,54,227.831,-21656.9,63.8143,0.4038
15105000,47,207.023,-21671.5,49.1206,0.392711
15120000,43,188.117,-21668.6,45.4743,0.374067
15135000,49,208.111,-21653.5,39.8681,0.397833
15150000,48,220.241,-21661.3,47.9934,0.404917
15165000,48,220.06,-21667.9,41.2504,0.3902
15180000,56,241.095,-21640.3,71.5614,0.389378
15195000,55,236.46,-21658,50.6619,0.388987
15210000,59,265.791,-21652,48.2727,0.395967
15225000,52,219.71,-21650.3,48.3399,0.4062
15240000,48,216.795,-21644.3,62.7871,0.395067
15255000,60,283.284,-21645.6,48.8042,0.387667
15270000,58,247.08,-21673.1,64.6806,0.39152
15285000,61,268.721,-21673.8,48.5476,0.393067
15300000,47,209.291,-21662.6,37.888,0.397393
15315000,58,260.094,-21657.6,55.3206,0.396267
15330000,71,297.587,-21676,78.0354,0.4162
15345000,67,300.084,-21658.9,68.0015,0.408733
15360000,57,248.605,-21658,55.0863,0.4008
15375000,54,243.074,-21681.1,68.7402,0.40164
15390000,70,302.6,-21661.3,86.2812,0.4304
15405000,63,277.764,-21656.8,58.6882,0.3999
15420000,62,282.795,-21687.8,70.4082,0.416
15435000,47,201.46,-21672.4,51.1294,0.404067
15450000,65,270.304,-21630.6,60.1676,0.395311
15465000,69,308.616,-21640.6,65.412,0.390467
15480000,73,308.03,-21635.6,60.2643,0.399667
15495000,65,277.895,-21666.9,76.4085,0.407733
15510000,54,241.07,-21643,44.3689,0.388762
15525000,63,268.895,-21680.2,59.4359,0.392767
15540000,46,191.787,-21664.2,53.2829,0.388133
15555000,61,279.948,-21672.1,80.5731,0.3985
15570000,50,230.946,-21675.3,53.7144,0.383367
15585000,46,198.696,-21673.3,36.5304,0.389767
15600000,54,237.615,-21678.8,56.0969,0.393578
15615000,64,292.714,-21673,66.3856,0.385956
15630000,73,308.574,-21665.6,67.3451,0.4086
15645000,49,221.517,-21688.6,50.186,0.392622
15660000,45,196.776,-21699.6,48.4126,0.385533
15675000,52,236.079,-21691,49.6164,0.405089
15690000,52,208.918,-21668.2,48.8979,0.39241
15705000,48,221.356,-21677,59.1219,0.3862
15720000,54,245.629,-21683.2,50.2186,0.3854
15735000,53,227.866,-21661.8,53.4309,0.3942
15750000,43,180.508,-21667.6,32.3637,0.39
15765000,47,211.849,-21690.2,45.9956,0.396571
15780000,42,183.2,-21708,43.4922,0.381267
15795000,53,232.588,-21675.9,55.1354,0.386444
15810000,53,217.575,-21664.6,39.5823,0.399667
15825000,50,217.754,-21703.7,52.7679,0.402817
15840000,56,234.157,-21682.3,49.3661,0.3976
15855000,66,272.569,-21639.2,75.2105,0.404222
15870000,48,205.367,-21681.6,49.6933,0.3996
15885000,47,204.369,-21688.4,50.2055,0.399889
15900000,46,186.373,-21680.8,52.0325,0.392233
15915000,42,194.412,-21693.7,37.7658,0.38
15930000,42,195.604,-21693.3,36.141,0.396133
15945000,72,314.71,-21688.7,71.6141,0.405489
15960000,60,265.961,-21681,57.8216,0.415
15975000,59,267.873,-21695.4,62.2512,0.407467
15990000,58,238.681,-21666.8,51.7186,0.4068
16005000,51,223.521,-21671.7,46.6771,0.385596
16020000,68,289.542,-21641.9,76.2069,0.405733
16035000,64,274.362,-21632.1,71.1854,0.4042
16050000,68,299.234,-21639.5,73.04,0.399667
16065000,50,208.329,-21678.7,47.2664,0.397733
16080000,46,207.306,-21675.3,46.844,0.390733
16095000,66,282.271,-21659.1,61.8361,0.409067
16110000,59,273.618,-21652.1,53.7872,0.3854
16125000,55,243.319,-21660.4,53.2799,0.388733
16140000,65,288.226,-21676.2,64.1592,0.402667
16155000,49,221.674,-21655,51.5156,0.3973
16170000,51,221.902,-21690.7,39.9549,0.393478
16185000,40,183.73,-21661.5,37.7023,0.3817
16200000,53,226.205,-21669.6,68.765,0.392083
16215000,56,255.461,-21663.7,55.7294,0.3743
16230000,48,219.002,-21679.2,57.4352,0.386533
16245000,64,292.559,-21666.5,74.5898,0.407422
16260000,59,257.391,-21669.2,55.1281,0.394233
16275000,62,273.8,-21663.9,70.0358,0.403
16290000,58,251.365,-21661.7,42.8555,0.398033
16305000,54,245.084,-21657,71.6086,0.396233
16320000,50,233.818,-21677.7,47.2591,0.386067
16335000,76,326.675,-21659.1,74.9107,0.405333
16350000,71,328.235,-21671.2,64.1674,0.400533
16365000,50,220.391,-21671.5,36.4361,0.395089
16380000,56,241.929,-21674.5,55.565,0.394867
16395000,54,240.804,-21674.9,43.3573,0.393333
16410000,42,185.642,-21669.1,43.2227,0.38884
16425000,57,242.462,-21672.6,48.3052,0.3895
16440000,65,266.993,-21642.4,62.6263,0.403467
16455000,61,260.755,-21636.3,60.9596,0.4026
16470000,57,242.118,-21664.1,53.4222,0.386733
16485000,58,253.856,-21663.5,54.1151,0.4002
16500000,41,172.364,-21667.9,33.2904,0.38564
16515000,37,158.712,-21696,33.8902,0.388238
16530000,50,210.703,-21655.2,50.641,0.375367
16545000,64,285.728,-21658.5,66.066,0.399267
16560000,54,241.26,-21656.3,48.6715,0.406267
16575000,58,264.146,-21655,56.9941,0.396533
16590000,42,170.636,-21678.6,54.1463,0.380667
16605000,47,197.681,-21685,44.0191,0.390133
16620000,43,187.873,-21669.5,47.8848,0.395378
16635000,54,246.372,-21674.1,45.9106,0.39186
16650000,64,272.375,-21653.5,66.0233,0.386667
16665000,48,200.809,-21690.4,58.7946,0.381644
16680000,62,259.712,-21666,52.5966,0.398453
16695000,57,236.011,-21650.1,63.2711,0.397733
16710000,53,228.626,-21681.4,50.174,0.393567
16725000,60,236.215,-21643,52.8183,0.4009
16740000,56,261.027,-21664,68.4364,0.394567
16755000,47,205.535,-21674.6,43.0079,0.391656
16770000,49,216.59,-21664.3,46.7724,0.387067
16785000,67,289.662,-21648.5,59.597,0.387867
16800000,63,284.16,-21648.5,57.7645,0.396867
16815000,66,293.776,-21631.7,84.2739,0.399533
16830000,72,333.82,-21638,81.894,0.385467
16845000,51,231.403,-21671.6,59.0271,0.392122
16860000,66,292.969,-21639.4,61.8329,0.3886
16875000,60,274.435,-21653.7,54.5736,0.391333
16890000,55,239.746,-21659.8,51.0275,0.398417
16905000,51,218.395,-21657.4,56.6435,0.3976
16920000,47,203.001,-21652.5,46.6826,0.381533
16935000,72,307.425,-21619.7,69.3308,0.397283
16950000,65,273.603,-21649,64.7418,0.4
16965000,52,217.166,-21690.1,55.7066,0.397967
16980000,60,257.527,-21661.9,69.5986,0.410317
16995000,50,222.05,-21642.1,56.8097,0.380067
17010000,61,273.73,-21632.5,56.7984,0.387667
17025000,56,255.649,-21667.9,64.7659,0.393
17040000,61,283.963,-21675,69.1326,0.393133
17055000,64,285.655,-21694.6,81.2804,0.409467
17070000,52,217.986,-21664.9,40.7828,0.387181
17085000,55,245.885,-21640.9,60.9116,0.388311
17100000,49,218.525,-21680.2,47.8009,0.396689
17115000,54,249.799,-21680.2,50.0418,0.390044
17130000,67,313.1,-21677.1,59.6811,0.389778
17145000,57,255.067,-21654,65.8038,0.4088
17160000,58,265.074,-21673.8,50.3795,0.3798
17175000,60,280.076,-21641.4,55.9947,0.407067
17190000,55,253.143,-21675.6,51.606,0.397267
17205000,33,134.795,-21709.9,38.1034,0.384467
17220000,49,221.664,-21662.3,52.6796,0.391025
17235000,47,216.505,-21663.5,45.1992,0.387067
17250000,46,210.794,-21682.9,39.685,0.3923
17265000,55,239.297,-21657.4,60.1253,0.395433
17280000,46,201.483,-21682.4,46.3997,0.386827
17295000,42,177.402,-21693.2,37.5826,0.394822
17310000,37,161.13,-21677.5,37.0468,0.397044
17325000,61,248.919,-21675.7,63.2607,0.392367
17340000,43,198.51,-21672.7,33.5179,0.398833
17355000,52,225.643,-21661.8,40.8908,0.4181
17370000,53,224.149,-21663.2,56.8729,0.39625
17385000,43,206.24,-21696.2,39.4966,0.384967
17400000,53,227.185,-21668.6,40.9447,0.396233
17415000,44,185.954,-21666.6,35.5479,0.373133
17430000,58,251.435,-21678.7,51.8104,0.392511
17445000,59,271.167,-21638.7,56.5138,0.394686
17460000,53,233.779,-21678.6,44.984,0.3826
17475000,60,261.257,-21651.2,52.7957,0.396767
17490000,58,272.738,-21666.6,48.3694,0.4
17505000,51,227.029,-21647.6,42.2798,0.383467
17520000,48,204.073,-21670.8,35.8257,0.392267
17535000,61,271.272,-21647.8,45.1959,0.396422
17550000,48,209.281,-21672.8,49.5328,0.393867
17565000,53,219.325,-21663.3,56.4115,0.393733
17580000,58,236.591,-21661.2,57.3021,0.397467
17595000,51,230.194,-21648.6,49.619,0.387578
17610000,51,216.731,-21664.7,51.3948,0.397567
17625000,64,283.38,-21641.2,61.0964,0.3898
17640000,70,306.745,-21658.2,71.6928,0.4072
17655000,85,380.408,-21652.4,74.1267,0.4134
17670000,68,298.549,-21648.7,71.3471,0.412733
17685000,57,258.62,-21668.3,61.1823,0.391267
17700000,55,235.882,-21672.1,56.0077,0.396189
17715000,51,219.984,-21652.1,49.5346,0.3932
17730000,55,242.14,-21636.5,61.4806,0.397717
17745000,54,226.55,-21659.7,53.793,0.3863
17760000,65,277.519,-21658.2,71.9461,0.4006
17775000,52,227.011,-21651.4,50.4019,0.3956
17790000,50,222.06,-21655.7,50.4415,0.38919
17805000,43,193.078,-21681.9,49.4726,0.386367
17820000,42,191.752,-21669.9,44.0101,0.377733
17835000,57,233.79,-21638.8,43.7924,0.392305
17850000,35,155.584,-21694.3,43.3427,0.372067
17865000,50,209.036,-21681.6,51.4111,0.377907
17880000,60,259.235,-21670.1,66.8015,0.388733
17895000,72,316.291,-21642.5,74.4097,0.411133
17910000,66,276.156,-21644.4,75.2541,0.406
17925000,65,285.519,-21652,60.4653,0.401133
17940000,72,315.989,-21656.4,80.1572,0.407867
17955000,56,259.811,-21629.8,56.0255,0.400133
17970000,76,338.753,-21636.6,75.3707,0.393667
17985000,56,261.565,-21668.9,64.3197,0.390474
18000000,60,260.204,-21670.6,69.9459,0.396333
18015000,93,416.363,-21619.9,94.8188,0.415022
18030000,94,410.278,-21604.3,88.002,0.4222
18045000,92,389.947,-21595.1,86.5763,0.415667
18060000,55,246.673,-21688.5,43.583,0.382933
18075000,74,316.765,-21612,65.4434,0.410267
18090000,70,297.655,-21625.9,94.7232,0.412867
18105000,65,278.365,-21636.2,64.1408,0.403533
18120000,71,311.522,-21632.3,72.1473,0.400733
18135000,59,269.173,-21687.9,61.9416,0.394615
18150000,69,318.051,-21666.5,67.6825,0.422267
18165000,77,328.801,-21656.1,89.0646,0.418267
18180000,66,287.295,-21648.4,65.083,0.421667
18195000,54,247.552,-21690.2,59.2595,0.393237
18210000,57,259.573,-21691.5,59.609,0.407233
18225000,52,226.021,-21676.1,54.406,0.388133
18240000,66,301.898,-21669.9,67.8314,0.399552
18255000,41,183.476,-21662.5,41.0604,0.385533
18270000,49,229.292,-21672.7,55.3279,0.405467
18285000,54,234.303,-21689,49.1276,0.397333
18300000,45,190.361,-21672,52.0136,0.398933
18315000,49,220.73,-21674.3,54.7816,0.386133
18330000,49,213.384,-21682.6,59.8326,0.386067
18345000,46,191.291,-21700.3,57.8328,0.384633
18360000,54,237.104,-21667.4,62.8095,0.388533
18375000,49,207.282,-21692.6,43.5195,0.399533
18390000,44,183.472,-21657.1,30.7346,0.394926
18405000,41,182.208,-21673.9,28.6314,0.385933
18420000,53,215.992,-21684.9,43.5036,0.3928
18435000,57,267.91,-21699.2,52.466,0.395613
18450000,48,216.648,-21676.5,46.8063,0.414933
18465000,49,217.832,-21677.4,40.2142,0.3934
18480000,48,192.478,-21675.8,61.3111,0.403867
18495000,51,228.496,-21662,51.394,0.400733
18510000,51,221.259,-21686.4,51.346,0.390017
18525000,44,197.024,-21701.1,39.1588,0.385933
18540000,53,240.189,-21692.4,52.2119,0.410667
18555000,39,173.878,-21704.3,41.6884,0.390906
18570000,45,212.476,-21684,39.4013,0.385633
18585000,53,228.831,-21655.2,62.702,0.38828
18600000,47,202.274,-21684.8,37.4284,0.382133
18615000,57,249.114,-21658.4,55.9661,0.3843
18630000,52,231.809,-21661.3,43.976,0.393333
18645000,49,214.496,-21673.1,57.0503,0.402578
18660000,54,233.897,-21696.2,50.0823,0.400089
18675000,54,217.128,-21666.6,57.6725,0.3968
18690000,55,238.484,-21688.2,51.4189,0.4044
18705000,48,206.407,-21664.6,55.0231,0.388033
18720000,35,152.832,-21683.4,34.4091,0.381289
18735000,44,195.955,-21665.4,54.466,0.3716
18750000,54,237.773,-21691.2,57.2179,0.386467
18765000,55,226.409,-21668.8,47.5599,0.382
18780000,47,193.136,-21666.1,51.1564,0.372467
18795000,56,239.346,-21680.3,66.3466,0.382733
18810000,55,234.204,-21664.8,48.5533,0.405867
18825000,61,274.552,-21664.3,64.8511,0.396067
18840000,50,215.869,-21645.7,52.0506,0.400067
18855000,46,199.89,-21683.2,45.8565,0.391162
18870000,50,200.048,-21692.5,49.6707,0.404333
18885000,37,155.196,-21682.6,36.3588,0.382222
18900000,58,241.734,-21693.2,58.6948,0.3924
18915000,51,219.093,-21639.6,48.3844,0.38616
18930000,53,231.26,-21682.8,43.1256,0.387433
18945000,70,287.572,-21663.5,61.4083,0.392117
18960000,78,321.085,-21637.1,77.6785,0.389778
18975000,70,300.417,-21635.4,82.7348,0.4132
18990000,56,242.049,-21633.6,49.7005,0.391867
19005000,58,237.498,-21644.1,57.394,0.380267
19020000,48,194.253,-21651.7,40.4232,0.378533
19035000,49,213.975,-21660,65.0854,0.3772
19050000,58,252.476,-21640.7,56.1878,0.390981
19065000,49,212.562,-21679.2,54.3649,0.371933
19080000,47,205.518,-21657.7,50.704,0.372667
19095000,66,303.063,-21648.8,67.3472,0.404356
19110000,63,261.248,-21654.9,75.4197,0.4074
19125000,48,202.53,-21659,47.2617,0.380133
19140000,56,255.092,-21659.5,55.6551,0.388667
19155000,59,259.344,-21668.4,67.0298,0.397533
19170000,51,215.924,-21674.6,38.9094,0.398467
19185000,53,241.147,-21670.8,44.9441,0.409
19200000,50,213.422,-21675.4,55.0446,0.392183
19215000,60,257.629,-21668.3,64.0054,0.3932
19230000,57,245.174,-21689.3,68.9838,0.3899
19245000,69,291.08,-21652.1,75.8294,0.4054
19260000,54,215.107,-21677.3,59.101,0.398467
19275000,46,195.093,-21684.4,45.7515,0.3784
19290000,31,126.896,-21709.4,50.5866,0.378603
19305000,43,187.883,-21672.1,38.0225,0.384433
19320000,41,158.564,-21692.9,45.6184,0.385067
19335000,41,181.774,-21687.2,38.2304,0.383933
19350000,32,140.113,-21708.3,29.3434,0.376733
19365000,41,183.544,-21713.7,46.8701,0.375
19380000,60,272.46,-21692.4,60.4499,0.389333
19395000,44,194.113,-21701.9,38.4853,0.397467
19410000,43,185.468,-21701.9,49.1485,0.387133
19425000,48,208.239,-21694.1,49.464,0.39545
19440000,66,296.767,-21669.8,76.9902,0.393305
19455000,69,308.015,-21668.4,51.0708,0.428533
19470000,71,315.517,-21689.9,59.1124,0.4162
19485000,62,287.114,-21698.9,56.216,0.405507
19500000,46,199.266,-21703,55.6734,0.4112
19515000,51,227.909,-21672.6,44.2764,0.3976
19530000,51,222.009,-21699.4,51.8738,0.4064
19545000,42,196.872,-21698.5,41.4231,0.393333
19560000,45,201.551,-21717.5,39.1213,0.39356
19575000,50,216.475,-21707.5,58.7791,0.389633
19590000,41,165.956,-21701.5,33.0611,0.378973
19605000,44,195.083,-21689.5,47.3494,0.380333
19620000,47,218.392,-21683.8,51.7338,0.380933
19635000,51,226.02,-21671.1,52.3498,0.386333
19650000,61,266.762,-21690,53.2892,0.387744
19665000,55,248.588,-21698.3,68.1467,0.4088
19680000,42,176.119,-21690.7,46.8823,0.399
19695000,39,147.802,-21702.4,38.896,0.382781
19710000,50,229.186,-21697.4,47.7299,0.393387
19725000,35,138.021,-21703.3,29.8705,0.391933
19740000,57,261.895,-21692.8,55.9541,0.402233
19755000,47,211.813,-21687.2,39.9027,0.400667
19770000,46,195.652,-21685.1,36.6238,0.3744
19785000,51,215.586,-21683,51.1424,0.392829
19800000,52,230.476,-21656.2,48.5878,0.387567
19815000,60,268.143,-21650.1,58.7691,0.397533
19830000,58,256.521,-21662.7,62.0897,0.416267
19845000,42,178.486,-21673.5,48.6946,0.401033
19860000,57,256.814,-21656.4,69.4573,0.397857
19875000,58,252.424,-21694.9,75.7308,0.4128
19890000,48,221.299,-21707.2,47.6453,0.391333
19905000,65,278.07,-21663.7,66.0985,0.397167
19920000,47,204.742,-21679,55.2703,0.4092
19935000,70,304.867,-21680.7,69.9001,0.3892
19950000,52,233.159,-21662.6,43.9057,0.3912
19965000,54,230.459,-21671.8,52.5008,0.405933
19980000,50,213.566,-21661.5,54.6084,0.390353
19995000,48,193.336,-21664.8,56.4515,0.386667
20010000,59,239.829,-21659.1,43.5367,0.404022
20025000,50,226.091,-21660.2,50.6268,0.39323
20040000,52,220.251,-21669.9,54.4822,0.394867
20055000,40,176.22,-21673.8,31.4532,0.382
20070000,45,215.919,-21675.3,54.6483,0.379867
20085000,47,209.312,-21670.9,44.9644,0.3836
20100000,54,232.062,-21665,50.0784,0.38139
20115000,47,207.385,-21677.1,70.2893,0.3908
20130000,43,189.528,-21680,32.14,0.3914
20145000,48,212.841,-21659.8,38.8238,0.389448
20160000,40,167.103,-21677.8,38.0224,0.38268
20175000,43,193.023,-21689.3,45.7894,0.3793
20190000,47,207.773,-21685.7,48.1095,0.387067
20205000,49,210.866,-21688.1,59.542,0.390253
20220000,64,271.667,-21671.5,66.191,0.3994
20235000,62,267.575,-21663.9,57.9407,0.407
20250000,46,206.592,-21678.3,47.7607,0.393717
20265000,51,223.051,-21675.5,53.4392,0.397917
20280000,51,229.673,-21687.9,50.8186,0.392467
20295000,51,207.695,-21684.8,48.9327,0.407133
20310000,57,245.982,-21672.7,64.6453,0.3978
20325000,51,221.946,-21687.2,54.7001,0.407056
20340000,46,209.107,-21703,46.1971,0.390856
20355000,47,204.625,-21656,51.3187,0.393911
20370000,48,225.028,-21663.3,39.8256,0.390867
20385000,52,240.51,-21657.6,62.7977,0.387867
20400000,61,257.671,-21661.7,46.9911,0.398867
20415000,59,253.511,-21705.7,58.9465,0.396147
20430000,64,277.359,-21663,54.0578,0.402
20445000,43,194.52,-21674.9,40.7514,0.391667
20460000,52,224.001,-21646.5,58.9535,0.390867
20475000,62,254.429,-21668.2,47.4998,0.398689
20490000,56,248.605,-21659.1,48.7377,0.395833
20505000,55,247.19,-21671.7,56.4796,0.414867
20520000,48,213.585,-21648.2,42.6656,0.3934
20535000,45,194.634,-21654.8,45.7805,0.371933
20550000,46,203.235,-21686.7,44.1111,0.379667
20565000,64,276.08,-21636.3,60.0769,0.391967
20580000,44,182.248,-21702.4,46.2512,0.3932
20595000,62,266.866,-21666.2,55.7352,0.402467
20610000,57,248.976,-21687.8,57.8724,0.395835
20625000,40,180.387,-21679.6,34.8563,0.385111
20640000,53,232.182,-21696.9,53.7123,0.397033
20655000,63,281.623,-21653.7,65.0162,0.40325
20670000,61,259.746,-21659.9,57.705,0.416933
20685000,51,223.913,-21703.8,58.0086,0.393433
20700000,51,230.254,-21668.3,49.6935,0.405067
20715000,52,219.402,-21685.6,36.6846,0.391233
20730000,49,229.279,-21692,43.0707,0.3969
20745000,56,258.963,-21692.1,60.9571,0.392
20760000,49,221.44,-21692.5,42.9703,0.397133
20775000,49,224.169,-21695.2,54.0918,0.406933
20790000,49,211.852,-21676.2,44.7855,0.39372
20805000,43,186.945,-21696,43.5018,0.404083
20820000,48,214.808,-21682,46.9682,0.393356
20835000,47,210.471,-21691.5,43.0971,0.3836
20850000,45,208.129,-21695.2,36.8042,0.382067
20865000,61,265.215,-21672,57.9891,0.388067
20880000,60,251.841,-21662.4,60.4937,0.39
20895000,60,271.427,-21679.6,62.1942,0.4046
20910000,54,239.351,-21690.2,48.8129,0.393267
20925000,44,186.72,-21654.4,39.6061,0.389175
20940000,39,160.63,-21697.1,49.3973,0.397644
20955000,42,187.491,-21695.4,46.6167,0.3756
20970000,47,193.031,-21664.6,39.3584,0.381967
20985000,46,184.42,-21681.2,45.815,0.384467
21000000,41,169.693,-21707.6,31.5668,0.4
21015000,46,205.269,-21690.9,42.068,0.3762
21030000,42,187.577,-21686.1,41.4059,0.381133
21045000,59,252.827,-21663.9,41.9381,0.388356
21060000,54,225.75,-21675.5,51.9172,0.391667
21075000,58,262.044,-21659.5,79.5836,0.385973
21090000,64,281.999,-21673.9,60.492,0.410767
21105000,48,202.05,-21698.3,48.5608,0.397267
21120000,37,169.099,-21664.2,41.0345,0.387333
21135000,72,304.082,-21674.8,63.003,0.392067
21150000,71,311.061,-21676.2,71.8719,0.406333
21165000,57,256.693,-21680.6,52.0901,0.4128
21180000,46,196.599,-21701.1,37.7987,0.37818
21195000,37,158.868,-21683.2,34.5739,0.386267
21210000,39,171.46,-21699.9,50.6091,0.3786
21225000,57,250.045,-21688.1,46.3847,0.39435
21240000,44,191.505,-21678.4,44.0767,0.3746
21255000,41,186.547,-21695.7,47.5044,0.371933
21270000,45,192.492,-21689,42.0098,0.399956
21285000,49,228.701,-21652.3,60.0339,0.3814
21300000,54,240.788,-21663.5,66.982,0.388667
21315000,71,310.056,-21654.1,77.5084,0.415533
21330000,66,275.148,-21689,78.919,0.4162
21345000,63,271.669,-21642.5,74.3082,0.4094
21360000,50,211.335,-21648.6,50.0803,0.399
21375000,51,227.881,-21683.8,50.2359,0.397095
21390000,57,248.664,-21682.8,55.8225,0.3936
21405000,59,253.545,-21630.1,62.5547,0.396905
21420000,58,239.956,-21645.4,61.8104,0.395933
21435000,72,321.353,-21672.9,73.0991,0.415267
21450000,65,281.976,-21677.2,64.0744,0.412467
21465000,66,293.68,-21645.6,64.7461,0.417067
21480000,62,260.538,-21672.7,63.4787,0.412467
21495000,69,305.195,-21680.1,68.4717,0.411467
21510000,53,240.947,-21674.7,63.5276,0.399622
21525000,52,220.811,-21675.6,55.7162,0.400933
21540000,54,242.826,-21670.5,58.0127,0.39306
21555000,50,207.631,-21678.2,48.549,0.3802
21570000,42,189.518,-21692.2,43.9938,0.38645
21585000,51,224.223,-21675.2,49.2925,0.397911
21600000,48,189.854,-21695.7,38.9211,0.383733
21615000,51,220.809,-21665,50.8391,0.397967
21630000,61,271.353,-21674.4,64.7737,0.398267
21645000,55,242.138,-21684.2,63.0128,0.410867
21660000,51,208.993,-21685.9,48.9611,0.394667
21675000,55,254.194,-21674,66.8762,0.391124
21690000,48,197.942,-21701.8,44.0521,0.3929
21705000,85,378.67,-21676.3,79.0603,0.409033
21720000,70,308.441,-21651.8,73.0828,0.404667
21735000,76,325.876,-21666.8,77.9228,0.408067
21750000,46,184.4,-21661.3,42.8091,0.401889
21765000,61,264.879,-21671,62.9799,0.404933
21780000,56,244.669,-21663.8,51.17,0.400267
21795000,52,216.327,-21661.5,54.2347,0.389356
21810000,46,205.157,-21682.6,47.3123,0.392533
21825000,58,252.627,-21697.7,70.3629,0.400894
21840000,51,230.312,-21697,68.5931,0.402867
21855000,44,185.01,-21681,48.0125,0.3866
21870000,32,124.918,-21697,28.4246,0.390917
21885000,59,250.498,-21653.7,67.439,0.390367
21900000,46,210.07,-21668.2,47.823,0.413067
21915000,48,212.122,-21688.6,45.1602,0.366267
21930000,50,209.885,-21674.5,48.0734,0.3816
21945000,56,236.421,-21710.9,59.5425,0.4044
21960000,45,181.879,-21707,37.3206,0.410467
21975000,48,206.162,-21661,35.2083,0.390747
21990000,53,224.495,-21668.1,53.8231,0.392133
22005000,43,193.599,-21707.6,50.7308,0.387152
22020000,49,210.922,-21699.4,58.8952,0.392567
22035000,44,188.86,-21705.3,39.9795,0.403933
22050000,59,240.176,-21691.7,55.7947,0.382233
22065000,58,256.122,-21686.2,59.8205,0.401067
22080000,48,203.195,-21685.9,44.1473,0.382467
22095000,67,295.753,-21678.3,65.456,0.396
22110000,70,307.885,-21672.9,64.3789,0.41
22125000,61,266.662,-21652.1,62.1827,0.397667
22140000,59,251.185,-21658,57.5477,0.408133
22155000,35,156.343,-21693.1,34.3539,0.3844
22170000,40,165.948,-21660,42.2838,0.376333
22185000,43,186.055,-21680.8,36.9581,0.383933
22200000,49,205.938,-21653.9,53.4891,0.384733
22215000,57,255.396,-21693.3,55.4954,0.394689
22230000,61,267.086,-21649.8,80.2824,0.386867
22245000,66,294.4,-21659.5,73.2202,0.399533
22260000,47,208.618,-21694.1,42.3721,0.405013
22275000,76,338.715,-21645.7,79.5019,0.400767
22290000,64,266.13,-21635.1,54.0763,0.403
22305000,56,227.744,-21634.8,59.4829,0.3944
22320000,57,227.604,-21647.2,47.2971,0.378467
22335000,60,246.041,-21636.6,56.6901,0.396133
22350000,39,173.881,-21680.3,33.8447,0.391233
22365000,68,311.796,-21650.8,64.8922,0.3847
22380000,61,257.111,-21656.3,59.9115,0.3996
22395000,62,259.733,-21678.7,70.4158,0.404844
22410000,62,279.968,-21691.9,50.5638,0.403767
22425000,63,279.614,-21671.9,69.274,0.411533
22440000,56,239.669,-21685.1,63.0691,0.399333
22455000,48,192.557,-21684,42.5074,0.394133
22470000,55,220.534,-21657.8,53.0062,0.389
22485000,51,205.291,-21677.5,60.6847,0.388615
22500000,62,265.722,-21649.5,57.479,0.387533
22515000,49,211.35,-21672.8,47.7173,0.386033
22530000,43,179.251,-21694.1,54.0279,0.383644
22545000,55,239.164,-21662.3,46.5261,0.384422
22560000,49,212.144,-21711,39.6511,0.4025
22575000,57,260.202,-21636,53.3411,0.3971
22590000,38,165.155,-21689.3,28.6516,0.387867
22605000,69,312.354,-21629,57.2643,0.399267
22620000,53,228.655,-21646.1,60.544,0.392533
22635000,50,214.937,-21670.7,45.8709,0.386217
22650000,50,207.631,-21667.5,54.5462,0.381517
22665000,53,233.071,-21676.8,49.7051,0.389633
22680000,50,219.559,-21695.2,51.0609,0.393467
22695000,57,234.681,-21644.5,48.0645,0.398
22710000,50,222.674,-21675.7,54.4773,0.3752
22725000,67,296.27,-21667.3,73.9179,0.386067
22740000,70,296.45,-21669,69.2568,0.396933
22755000,56,253.172,-21652.2,64.0203,0.401667
22770000,50,227.208,-21680.1,47.0863,0.395233
22785000,51,233.242,-21649,52.2952,0.384467
22800000,55,231.801,-21673.8,44.106,0.401257
22815000,56,249.726,-21671.9,55.7712,0.384667
22830000,60,251.821,-21643.6,69.9505,0.389089
22845000,56,243.916,-21658.4,55.5933,0.402333
22860000,57,246.225,-21652.7,52.3234,0.3894
22875000,54,241.115,-21656.1,70.2761,0.379733
22890000,54,235.95,-21668.3,43.2815,0.389053
22905000,67,295.407,-21656.9,63.3589,0.404033
22920000,60,258.83,-21653.7,39.3961,0.393697
22935000,49,212.33,-21646.3,45.3482,0.390467
22950000,56,246.546,-21668.1,58.8742,0.396033
22965000,54,228.251,-21668.3,48.9052,0.384333
22980000,73,315.768,-21665.6,65.8326,0.397733
22995000,68,290.81,-21653.9,71.3228,0.385617
23010000,63,273.116,-21669.1,60.4274,0.405533
23025000,84,370.261,-21679.3,90.0851,0.408222
23040000,70,320.44,-21662.9,81.5269,0.4222
23055000,63,274.4,-21681.8,56.4998,0.413733
23070000,78,346.777,-21647.8,72.0297,0.4042
23085000,67,303.492,-21672,77.5205,0.4076
23100000,72,326.743,-21634.2,62.217,0.406692
23115000,60,258.021,-21659.5,53.5999,0.404367
23130000,61,256.013,-21640.6,55.4783,0.3977
23145000,73,318.774,-21680.2,80.6772,0.404967
23160000,69,306.641,-21675.4,64.2761,0.409
23175000,45,205.544,-21675.4,52.9021,0.395806
23190000,62,256.323,-21648.3,62.321,0.403633
23205000,69,307.705,-21649.2,72.0805,0.403733
23220000,79,358.47,-21633.5,83.0742,0.4206
23235000,70,294.434,-21639.4,66.9774,0.401867
23250000,62,268.731,-21615.2,67.5993,0.407667
23265000,45,202.409,-21661.9,49.17,0.389978
23280000,64,276.614,-21628.3,65.7182,0.3955
23295000,55,230.011,-21642.1,44.4401,0.392467
23310000,61,281.18,-21648.9,61.8511,0.409733
23325000,62,283.794,-21635.5,52.6286,0.412733
23340000,74,327.833,-21636.1,70.4665,0.40068
23355000,72,307.597,-21663.1,69.8237,0.406133
23370000,70,324.52,-21637.2,76.9331,0.415067
23385000,59,258.96,-21665.3,73.9723,0.401311
23400000,59,268.093,-21645.2,59.3562,0.4044
23415000,45,183.371,-21650.9,42.6261,0.393667
23430000,52,239.192,-21680.5,50.0763,0.402483
23445000,51,227.039,-21677.1,50.3933,0.397895
23460000,54,230.36,-21651.9,45.2624,0.394978
23475000,55,248.684,-21661.3,49.0178,0.391467
23490000,68,278.674,-21622.3,62.6808,0.3978
23505000,64,290.904,-21650.7,51.6227,0.403067
23520000,63,255.289,-21623.8,51.4631,0.392333
23535000,60,267.384,-21628.7,62.4353,0.389767
23550000,57,257.687,-21648.2,54.0326,0.396433
23565000,55,240.599,-21634.7,49.5432,0.393089
23580000,66,291.385,-21646.5,62.6024,0.397333
23595000,56,250.314,-21681.2,52.4371,0.3994
23610000,46,193.724,-21676.2,36.6162,0.385093
23625000,48,214.138,-21677.8,41.5144,0.363133
23640000,54,231.318,-21667.3,64.2337,0.386867
23655000,52,216.626,-21675,46.8518,0.395167
23670000,74,309.72,-21625.7,72.0205,0.398356
23685000,54,229.43,-21675.6,54.9452,0.378233
23700000,47,188.198,-21646.8,33.2576,0.374667
23715000,65,276.103,-21666.6,75.1493,0.41
23730000,56,252.375,-21663.8,70.2735,0.382767
23745000,55,246.607,-21663.4,59.8782,0.4094
23760000,49,211.613,-21663.5,60.395,0.3811
23775000,48,206.776,-21675.7,43.1925,0.3776
23790000,52,234.502,-21687.3,51.9112,0.388867
23805000,44,196.844,-21666.6,36.8494,0.381111
23820000,42,178.342,-21678.6,43.1098,0.3956
23835000,53,231.193,-21697.1,47.3716,0.403133
23850000,52,219.623,-21684.7,60.142,0.410467
23865000,43,170.296,-21669.3,47.3669,0.37275
23880000,59,266.274,-21686.9,54.1479,0.3938
23895000,48,206,-21665.3,49.2593,0.4034
23910000,47,207.258,-21676,47.5698,0.380756
23925000,51,220.898,-21673.3,47.0185,0.396733
23940000,48,211.749,-21657.4,49.9793,0.390667
23955000,64,282.46,-21659.4,63.9538,0.397633
23970000,43,190.559,-21677,33.0169,0.379467
23985000,45,196.933,-21649.5,36.8658,0.3774
24000000,42,185.929,-21658.9,41.5313,0.379667
24015000,52,234.863,-21678.8,57.1991,0.376911
24030000,49,213.814,-21680.3,42.9602,0.390567
24045000,53,206.834,-21665.7,44.8854,0.386744
24060000,46,216.619,-21669,51.4986,0.382511
24075000,50,219.111,-21664.8,58.5008,0.385111
24090000,52,216.333,-21678.8,40.5437,0.396867
24105000,72,311.68,-21627.3,71.6648,0.395956
24120000,56,231.786,-21705.8,50.4932,0.393
24135000,49,210.035,-21697.4,51.6522,0.399667
24150000,65,289.134,-21627.7,68.6774,0.396911
24165000,50,219.915,-21662.7,48.8353,0.396167
24180000,63,269.351,-21638.9,71.0802,0.401267
24195000,45,198.473,-21690.7,33.9601,0.3928
24210000,40,172.077,-21680.6,38.7779,0.391533
24225000,43,188.909,-21708.5,49.1993,0.393781
24240000,60,271.597,-21658.4,65.8679,0.39885
24255000,37,161.078,-21690,29.9509,0.372267
24270000,61,274.672,-21658,62.8386,0.3964
24285000,49,204.533,-21691.1,58.5516,0.385387
24300000,73,289.087,-21633.9,68.856,0.393267
24315000,69,305.422,-21634.1,59.6238,0.403133
24330000,55,240.2,-21661.7,61.9432,0.391253
24345000,71,304.906,-21616.9,69.5375,0.396
24360000,70,325.67,-21627.4,77.6504,0.4
24375000,61,295.105,-21628.4,57.5664,0.402
24390000,64,287.998,-21639.3,63.5073,0.398333
24405000,76,320.299,-21637.8,93.2373,0.407467
24420000,67,306.789,-21643.6,58.1966,0.3944
24435000,70,287.172,-21666.1,65.5456,0.4074
24450000,60,258.07,-21641.2,63.6085,0.4086
24465000,52,223.343,-21631.5,61.7403,0.3904
24480000,58,249.863,-21653.8,60.2265,0.3852
24495000,45,196.478,-21676.4,38.3319,0.379267
24510000,68,300.303,-21643.2,65.6073,0.3867
24525000,52,221.679,-21668.1,52.0279,0.407333
24540000,46,210.611,-21678.5,50.5178,0.393498
24555000,59,262.455,-21671.5,59.6382,0.391778
24570000,72,319.942,-21646.8,71.6427,0.405511
24585000,49,216.559,-21652.7,51.7958,0.392433
24600000,57,248.491,-21669.9,49.811,0.393033
24615000,64,288.152,-21658.6,79.0004,0.406067
24630000,65,282.376,-21665.3,75.9568,0.39
24645000,61,256.058,-21659.9,71.9988,0.392305
24660000,64,263.689,-21670,69.4594,0.412133
24675000,47,205.477,-21655.2,36.7891,0.383178
24690000,41,172.014,-21663.3,37.0082,0.380867
24705000,47,209.714,-21654.9,42.3669,0.389756
24720000,47,204.47,-21638.7,47.708,0.3654
24735000,64,281.925,-21684.8,59.2609,0.382267
24750000,59,264.935,-21680.1,57.9099,0.387448
24765000,59,253.648,-21653.3,63.7246,0.406167
24780000,62,270.032,-21653.3,65.022,0.383067
24795000,58,260.542,-21651.7,70.0021,0.391467
24810000,63,275.878,-21671.3,60.6919,0.388778
24825000,66,272.217,-21633.6,57.7669,0.392133
24840000,86,377.956,-21623,79.8344,0.409733
24855000,79,339.532,-21628.4,68.8448,0.4178
24870000,82,360.258,-21636.4,87.9972,0.416133
24885000,56,232.867,-21661.1,60.4974,0.400793
24900000,68,299.448,-21648,65.4789,0.405333
24915000,51,216.051,-21637.2,50.5821,0.386333
24930000,67,302.941,-21645.4,67.2884,0.390667
24945000,65,295.96,-21631,53.5575,0.385733
24960000,46,200.334,-21669.9,46.4902,0.400507
24975000,64,288.194,-21638.5,59.4753,0.380767
24990000,43,197.257,-21681.2,52.7019,0.392333
25005000,52,229.175,-21642.7,57.2606,0.387767
25020000,57,248.757,-21687.6,67.0207,0.398481
25035000,63,275.744,-21667.5,52.915,0.403467
25050000,54,250.488,-21678.7,55.9746,0.401067
25065000,47,204.712,-21672.9,38.0461,0.394333
25080000,55,250.729,-21662.1,61.1347,0.369667
25095000,59,253.314,-21670.1,53.264,0.400567
25110000,42,182.82,-21653.7,53.6983,0.377408
25125000,52,210.62,-21655.6,47.788,0.374267
25140000,61,268.364,-21653.7,59.4025,0.394444
25155000,66,302.682,-21646.7,53.5792,0.377587
25170000,58,262.528,-21654,63.7917,0.410178
25185000,62,272.558,-21631.9,62.0862,0.409378
25200000,80,347.678,-21627.8,93.9501,0.3992
25215000,72,317.411,-21642.4,82.6571,0.4042
25230000,67,300.659,-21646.7,55.5266,0.384933
25245000,77,323.251,-21650.4,73.4769,0.396733
25260000,62,270.447,-21654.9,55.6607,0.400933
25275000,67,310.25,-21636.5,75.9932,0.4
25290000,45,191.157,-21677.2,49.0403,0.397419
25305000,46,195.087,-21674.2,48.1586,0.367467
25320000,57,259.995,-21665.6,57.0472,0.376556
25335000,59,251.463,-21659.9,71.4477,0.390267
25350000,71,315.692,-21658.9,59.7911,0.394239
25365000,55,241.753,-21652.1,63.576,0.3969
25380000,64,287.669,-21668.4,69.4628,0.393893
25395000,54,240.531,-21665.4,61.8481,0.400178
25410000,53,234.698,-21678.3,45.4919,0.4014
25425000,50,229.585,-21667.1,49.139,0.392
25440000,44,203.812,-21688.8,45.1698,0.388973
25455000,52,231.214,-21679.9,52.2115,0.398773
25470000,43,195.483,-21665.5,46.7887,0.388533
25485000,44,194.13,-21648.6,37.3262,0.380733
25500000,47,216.158,-21669.9,37.1107,0.3764
25515000,43,182.491,-21684.3,46.9853,0.387133
25530000,71,306.083,-21649.9,76.6069,0.388767
25545000,65,284.353,-21644.5,73.191,0.390333
25560000,74,320.743,-21622.8,81.5319,0.392667
25575000,40,173.791,-21696.9,41.9571,0.380481
25590000,44,204.103,-21707.3,50.5207,0.391
25605000,44,194.435,-21716,38.8992,0.375333
25620000,79,354.95,-21644.3,83.8203,0.407417
25635000,65,301.638,-21651.6,55.2241,0.402667
25650000,58,260.21,-21679.6,51.9352,0.403933
25665000,42,185.486,-21664.4,37.3323,0.392533
25680000,35,156.666,-21680.9,37.6551,0.387124
25695000,56,251.468,-21664.3,67.4127,0.3687
25710000,58,247.577,-21668.6,51.4992,0.3738
25725000,78,359.867,-21663.9,85.0036,0.413433
25740000,58,258.272,-21662.3,50.3545,0.404267
25755000,63,264.646,-21668.8,67.361,0.3934
25770000,61,262.876,-21683.6,47.6774,0.391976
25785000,75,323.622,-21630.1,66.2871,0.405017
25800000,62,271.609,-21670.9,65.3941,0.403333
25815000,50,230.032,-21683.1,52.8473,0.4004
25830000,45,187.513,-21687.2,60.0814,0.397033
25845000,55,228.182,-21615.7,47.246,0.3925
25860000,59,265.248,-21638.4,64.5161,0.3798
25875000,49,209.358,-21668.6,53.48,0.385967
25890000,54,240.734,-21678.8,40.6895,0.3804
25905000,65,286.455,-21626.1,64.289,0.385556
25920000,56,255.508,-21653.6,54.0103,0.3968
25935000,65,273.987,-21640.3,67.2125,0.396333
25950000,66,283.208,-21628.7,74.1033,0.394533
25965000,59,242.071,-21629,58.4353,0.4042
25980000,68,286.403,-21645.6,54.1639,0.3954
25995000,67,273.48,-21659.6,67.9845,0.399933
26010000,60,269.391,-21699,70.2486,0.383233
26025000,54,234.556,-21688.2,48.362,0.393441
26040000,70,302.565,-21665.1,60.4769,0.410689
26055000,64,271.93,-21663.7,73.1033,0.403267
26070000,58,224.798,-21646,57.2628,0.3992
26085000,56,237.988,-21668.4,56.815,0.3986
26100000,63,281.599,-21678.5,72.4868,0.397767
26115000,49,211.239,-21693.9,55.0503,0.386189
26130000,51,223.019,-21646.9,51.8289,0.4054
26145000,56,230.979,-21646.5,54.9279,0.382067
26160000,68,292.627,-21633.3,52.459,0.404667
26175000,59,252.498,-21641.1,54.7827,0.401467
26190000,47,201.307,-21684.2,43.0278,0.390105
26205000,62,282.603,-21646.5,66.2805,0.388933
26220000,67,300.997,-21672.3,65.4259,0.410067
26235000,59,257.458,-21671.3,70.2123,0.411667
26250000,73,314.062,-21615.3,56.784,0.414578
26265000,90,400.92,-21618.5,86.5292,0.419933
26280000,40,170.577,-21688,30.7295,0.390133
26295000,65,267.623,-21684.4,66.4839,0.401211
26310000,81,355.418,-21615.2,91.9003,0.419311
26325000,56,230.945,-21699.2,59.4796,0.389133
26340000,71,320.495,-21625.4,69.0623,0.394833
26355000,46,193.748,-21688.5,54.8904,0.384307
26370000,61,278.614,-21636,62.4676,0.399333
26385000,65,292.432,-21632.3,70.2165,0.3868
26400000,47,198.82,-21672.9,47.1445,0.380222
26415000,73,337.221,-21635.3,75.0179,0.3967
26430000,54,248.94,-21671.5,53.2234,0.39899
26445000,53,226.231,-21652.1,41.986,0.400867
26460000,58,243.833,-21642.5,62.9784,0.408422
26475000,71,313.449,-21681.3,75.9629,0.406133
26490000,60,251.281,-21663.2,50.8124,0.3952
26505000,77,328.626,-21676.7,72.4677,0.421833
26520000,58,265.092,-21668.9,51.6163,0.404625
26535000,65,280.19,-21654.8,64.2141,0.401867
26550000,55,250.481,-21682.2,53.9239,0.3968
26565000,43,181.79,-21690.6,39.7047,0.40695
26580000,42,188.777,-21646.9,43.8,0.3965
26595000,57,250.358,-21658.4,57.3794,0.40415
26610000,63,265.5,-21656.8,78.1446,0.400467
26625000,48,226.27,-21684,43.2596,0.3892
26640000,45,211.353,-21688.3,47.8262,0.388467
26655000,60,246.814,-21696.1,63.8918,0.389333
26670000,82,375.365,-21670.7,82.8211,0.418667
26685000,59,254.583,-21689.5,66.3677,0.40168
26700000,46,205.119,-21670.3,48.7317,0.402567
26715000,40,170.034,-21676.2,30.0174,0.383533
26730000,42,181.495,-21702,46.0427,0.390133
26745000,50,233.876,-21698.1,48.083,0.3968
26760000,42,185.07,-21691.4,51.669,0.403133
26775000,56,245.999,-21697.3,59.6797,0.398333
26790000,53,229.438,-21658.2,45.4649,0.4116
26805000,37,160.773,-21705.8,40.9359,0.386217
26820000,37,159.385,-21718.5,44.5472,0.396333
26835000,34,150.02,-21696.2,29.5557,0.384022
26850000,35,143.727,-21708.5,32.1263,0.370667
26865000,41,185.527,-21704.6,44.5805,0.3992
26880000,47,209.669,-21685.3,51.5012,0.382356
26895000,56,241.385,-21691.2,42.5163,0.4026
26910000,51,216.838,-21660.8,52.1719,0.392667
26925000,58,251.131,-21671.2,69.2511,0.399133
26940000,58,262.239,-21670.1,57.511,0.398533
26955000,57,257.3,-21666.1,51.8653,0.402067
26970000,50,200.381,-21667.7,50.1685,0.395467
26985000,53,224.014,-21687.2,56.2984,0.391344
27000000,52,222.463,-21697.5,41.4678,0.391024
27015000,49,215.477,-21698.9,48.8194,0.400467
27030000,55,231.641,-21672.1,42.7514,0.389083
27045000,44,196.584,-21694.4,48.8679,0.394483
27060000,41,182.067,-21699.1,35.1316,0.387933
27075000,52,232.938,-21697.8,46.438,0.3858
27090000,41,183.49,-21679.8,36.8541,0.386933
27105000,47,189.811,-21687.9,34.0776,0.390567
27120000,52,233.25,-21683.1,64.4594,0.388876
27135000,59,269.894,-21678.8,51.4962,0.402267
27150000,57,255.961,-21647.9,60.8584,0.397533
27165000,68,300.501,-21663.2,67.4243,0.410333
27180000,64,292.548,-21679,64.0542,0.406733
27195000,54,224.944,-21669.5,66.6629,0.402867
27210000,61,273.781,-21659.5,63.2855,0.399667
27225000,54,243.308,-21650.7,49.2165,0.396619
27240000,56,242.895,-21683.3,61.0276,0.3965
27255000,64,294.083,-21669.6,68.48,0.428267
27270000,51,224.977,-21671.4,63.8343,0.398856
27285000,50,228.56,-21667.9,49.576,0.4026
27300000,74,342.087,-21644.6,72.9795,0.409133
27315000,84,380.274,-21641.5,70.5921,0.424267
27330000,62,277.793,-21625.1,66.27,0.4096
27345000,61,275.403,-21627.3,65.7057,0.3954
27360000,71,334.959,-21610.2,77.2733,0.394733
27375000,61,280.74,-21642.4,72.0534,0.401667
27390000,55,242.646,-21656.7,56.4053,0.400881
27405000,43,192.205,-21667.3,55.2694,0.394636
27420000,57,246.518,-21687.3,55.179,0.399233
27435000,65,301.505,-21628.7,66.308,0.3978
27450000,69,313.051,-21655.5,69.1979,0.400933
27465000,82,369.581,-21657.9,74.9009,0.418267
27480000,83,368.569,-21647.9,71.5209,0.421667
27495000,66,276.376,-21647.3,70.4862,0.410733
27510000,73,327.175,-21660.8,64.1269,0.400267
27525000,74,332.704,-21647.2,80.2397,0.404733
27540000,64,285.513,-21623.3,72.7828,0.402267
27555000,61,286.174,-21624.2,63.5775,0.402333
27570000,67,298.53,-21640,65.6881,0.4144
27585000,55,239.838,-21673.6,47.9974,0.408667
27600000,47,203.192,-21694.2,50.6496,0.3866
27615000,47,195.835,-21673.9,33.6689,0.388933
27630000,46,193.137,-21674.1,58.383,0.386333
27645000,50,236.189,-21679.6,47.6111,0.391289
27660000,52,209.029,-21657.9,42.5612,0.400141
27675000,54,236.001,-21670.8,49.8628,0.3842
27690000,55,235.735,-21654.6,49.8994,0.3996
27705000,53,238.47,-21646.7,50.7189,0.3818
27720000,58,244.612,-21656.1,67.6795,0.378217
27735000,56,256.106,-21649.2,58.6151,0.393933
27750000,67,292.929,-21664.7,62.6207,0.405733
27765000,64,282.945,-21651.8,56.9052,0.389733
27780000,65,291.314,-21676.1,59.4377,0.3902
27795000,66,291.143,-21679.8,83.823,0.394767
27810000,55,249.877,-21674.7,51.8924,0.403333
27825000,55,209.602,-21664.7,48.7122,0.389911
27840000,53,236.133,-21675.3,41.2387,0.4023
27855000,62,275.366,-21654.3,57.9796,0.407867
27870000,58,231.937,-21672.8,58.6811,0.4023
27885000,54,231.648,-21653,48.1555,0.393867
27900000,52,231.599,-21661.5,55.4069,0.386895
27915000,46,196.902,-21676.1,57.0746,0.383
27930000,46,186.271,-21664.2,47.2749,0.379533
27945000,47,186.476,-21658.6,50.8258,0.392517
27960000,55,232.324,-21663.7,46.9706,0.387467
27975000,58,261.13,-21655.4,58.2873,0.385267
27990000,55,229.039,-21660,46.2314,0.383417
28005000,61,258.165,-21652.5,48.5922,0.3963
28020000,65,277.684,-21649.3,58.876,0.396133
28035000,70,298.263,-21638.9,76.5642,0.397
28050000,61,278.853,-21623.1,61.2695,0.3939
28065000,62,282.481,-21635.4,62.8485,0.3876
28080000,68,288.626,-21669.7,67.7073,0.402844
28095000,66,302.368,-21667.3,82.8256,0.404526
28110000,58,264.121,-21634.4,74.8251,0.4078
28125000,58,243.227,-21650.1,59.1668,0.400133
28140000,64,285.9,-21645.9,68.3486,0.397267
28155000,53,224.956,-21658.5,50.8683,0.386967
28170000,61,265.595,-21635.5,69.2215,0.388733
28185000,71,298.604,-21653,74.3668,0.4126
28200000,55,234.824,-21655.3,62.7909,0.396086
28215000,62,280.644,-21647.9,65.8434,0.384733
28230000,83,382.774,-21653.9,81.8349,0.414378
28245000,72,319.985,-21645.2,63.572,0.421067
28260000,57,238.751,-21651.4,62.3334,0.389689
28275000,51,222.437,-21643,43.3541,0.4019
28290000,66,266.061,-21637.8,79.1778,0.385367
28305000,47,195.513,-21654,39.7145,0.376133
28320000,60,261.611,-21624.2,52.6469,0.3822
28335000,53,236.743,-21642.8,49.5475,0.390467
28350000,59,246.296,-21644.1,49.335,0.397
28365000,71,323.47,-21635,82.5845,0.400612
28380000,50,225.745,-21649.9,32.1153,0.406867
28395000,54,240.777,-21661.7,52.1321,0.387267
28410000,63,265.99,-21671.9,76.4282,0.394533
28425000,48,209.537,-21643.1,41.6537,0.384344
28440000,64,290.607,-21633.1,53.2024,0.378767
28455000,52,229.575,-21661.6,60.9217,0.396378
28470000,65,293.979,-21652.6,60.6338,0.388
28485000,47,195.416,-21661.9,53.8403,0.390067
28500000,53,234.378,-21649.8,47.7288,0.402067
28515000,52,237.591,-21643.3,47.2814,0.394333
28530000,62,271.951,-21655.7,63.0218,0.399567
28545000,64,284.449,-21657.7,70.0017,0.390567
28560000,64,287.606,-21625,49.5281,0.4156
28575000,74,337.146,-21629.4,75.9333,0.416556
28590000,57,244.847,-21637.1,69.4471,0.392433
28605000,56,249.113,-21630.1,44.5435,0.406433
28620000,64,296.364,-21670.8,73.568,0.3968
28635000,67,288.633,-21647.4,57.8707,0.402133
28650000,52,215.025,-21641.7,61.5907,0.386533
28665000,62,287.135,-21643,67.5425,0.396293
28680000,62,279.035,-21626.8,61.4986,0.398
28695000,47,196.9,-21665.8,58.7874,0.390878
28710000,60,267.36,-21662.1,68.0907,0.407567
28725000,59,264.614,-21671.3,47.818,0.398633
28740000,56,230.437,-21659.5,63.241,0.399444
28755000,50,228.93,-21671.9,56.6885,0.3925
28770000,50,218.39,-21655.4,52.2131,0.3802
28785000,51,235.074,-21673.4,52.4425,0.397833
28800000,64,284.551,-21649.3,59.8972,0.400967
28815000,69,307.08,-21661.9,56.6633,0.4048
28830000,48,197.913,-21647.3,33.5604,0.387711
28845000,78,338.295,-21615.3,82.1168,0.412167
28860000,66,278.317,-21659.2,58.5986,0.402067
28875000,72,311.662,-21659.6,87.9219,0.414267
28890000,58,271.491,-21617.1,52.1876,0.383628
28905000,49,211.8,-21666.2,54.9772,0.393133
28920000,58,254.398,-21668.2,54.2357,0.3804
28935000,52,227.835,-21662.3,45.7531,0.393467
28950000,60,257.114,-21660.6,65.495,0.401578
28965000,54,236.725,-21692.7,48.1215,0.397474
28980000,63,270.6,-21644,74.6934,0.387133
28995000,60,252.249,-21659,55.1028,0.400467
29010000,68,300.301,-21636.2,54.9553,0.3989
29025000,68,287.259,-21648.2,62.7548,0.40405
29040000,62,282.81,-21683.9,80.4689,0.407
29055000,59,263.816,-21652.8,64.5544,0.402633
29070000,49,222.118,-21660.2,45.6378,0.392467
29085000,77,338.378,-21662.5,59.1877,0.4053
29100000,61,252.093,-21650.9,68.4773,0.415667
29115000,55,230.688,-21651.4,65.5479,0.392978
29130000,53,244.335,-21669.2,52.6975,0.400333
29145000,61,271.025,-21667.2,52.7783,0.395933
29160000,64,283.408,-21630,54.4301,0.379156
29175000,70,292.298,-21659.9,84.2005,0.412933
29190000,53,240.195,-21643,51.0115,0.395
29205000,61,258.999,-21662.4,74.4065,0.4
29220000,50,217.799,-21667.3,39.1768,0.3902
29235000,47,208.498,-21664.4,66.1778,0.385867
29250000,58,248.819,-21659.7,45.7392,0.3862
29265000,54,228.809,-21651.7,67.2242,0.392356
29280000,45,204.154,-21683.1,37.326,0.3918
29295000,43,196.239,-21682.9,40.0652,0.385933
29310000,64,297.948,-21667.7,68.963,0.391533
29325000,61,271.142,-21659.6,57.7235,0.399067
29340000,68,310.748,-21649.6,70.0385,0.402267
29355000,60,266.539,-21656.5,51.589,0.399867
29370000,62,266.862,-21650,60.4415,0.393133
29385000,58,255.617,-21695.2,62.7743,0.394548
29400000,61,277.036,-21646.4,68.1049,0.4104
29415000,52,215.171,-21664.5,60.4563,0.407533
29430000,56,239.172,-21669.5,67.8609,0.400733
29445000,54,248.47,-21663.5,48.2656,0.3948
29460000,48,208.169,-21690.3,45.0428,0.393667
29475000,61,259.576,-21649.7,65.0905,0.403667
29490000,63,274.064,-21648.9,62.7993,0.405933
29505000,54,244.093,-21694.8,53.396,0.385667
29520000,73,318.726,-21659.8,54.2645,0.403233
29535000,72,324.459,-21640.3,87.2701,0.405467
29550000,74,316.425,-21620.1,69.1729,0.416733
29565000,40,186.786,-21674,42.7757,0.394852
29580000,42,176.623,-21693.9,49.1282,0.38984
29595000,52,219.703,-21675.2,42.3461,0.4008
29610000,60,268.308,-21628,54.1886,0.400667
29625000,72,324.734,-21634.7,63.4308,0.380333
29640000,67,280.932,-21639.8,70.4509,0.402267
29655000,70,306.072,-21653.3,62.0352,0.408733
29670000,73,327.056,-21676.9,60.2624,0.395573
29685000,66,275.986,-21634,69.1062,0.407
29700000,58,242.537,-21674.5,61.9044,0.399674
29715000,87,380.939,-21635.4,91.3361,0.410067
29730000,69,284.185,-21629.2,71.8313,0.3926
29745000,59,259.7,-21620.6,56.066,0.388867
29760000,50,199.159,-21668.8,47.4461,0.397347
29775000,52,229.777,-21641.9,59.1693,0.395733
29790000,50,220.761,-21675.5,62.0769,0.3944
29805000,56,245.885,-21651.3,54.8027,0.392133
29820000,45,182.844,-21644.1,45.3745,0.379933
29835000,58,246.995,-21680.9,52.9016,0.393333
29850000,54,240.104,-21655.3,62.103,0.385567
29865000,55,246.375,-21676.8,56.5533,0.397633
29880000,57,243.306,-21656.8,48.237,0.391733
29895000,57,258.08,-21675.4,59.5365,0.386356
29910000,60,264.077,-21640.6,63.8593,0.401
29925000,73,317.939,-21648.4,64.5743,0.4152
29940000,53,237.781,-21658.7,48.1678,0.393978
29955000,66,283.511,-21640.7,61.9658,0.406167
29970000,57,258.793,-21638.6,57.402,0.401
29985000,61,288.936,-21645.9,63.4161,0.382467
