generation,N_shifts,logPrior,logLik,eventRate,acceptRate
0,0,0.641453,-24204.9,100,0
15000,2,5.22812,-21958.3,2.00793,0.238117
30000,0,1.07846,-22011,3.88925,0.1546
45000,4,16.318,-21922.6,7.25141,0.2365
60000,4,14.0426,-21931,4.69622,0.2302
75000,6,25.6822,-21929,5.94161,0.265533
90000,6,26.4916,-21895.4,11.0075,0.281733
105000,0,0.968167,-22009,0.784213,0.150589
120000,7,34.6212,-21910.4,9.73417,0.289133
135000,5,20.8947,-21911.9,5.6947,0.2946
150000,6,23.8851,-21900.2,4.73585,0.295933
165000,10,42.0315,-21871.6,12.9028,0.307867
180000,9,36.0281,-21851.3,5.12146,0.328733
195000,6,28.9485,-21919.2,7.93343,0.175933
210000,5,21.8509,-21908,5.68374,0.34
225000,4,15.0115,-21916.2,4.21889,0.2942
240000,14,60.6993,-21862.3,27.5403,0.323296
255000,14,59.1245,-21829.4,15.436,0.319653
270000,11,42.5512,-21836.2,8.56218,0.312933
285000,15,67.3243,-21863.8,27.5144,0.345556
300000,17,76.8904,-21835.2,15.787,0.357933
315000,13,53.4194,-21827.2,13.0948,0.330867
330000,13,58.8869,-21845.9,22.3314,0.327967
345000,13,50.6986,-21847.3,12.7441,0.327133
360000,6,20.205,-21900.6,10.0587,0.331385
375000,14,51.8675,-21844.8,15.2489,0.331967
390000,17,74.2884,-21824.8,18.9002,0.324067
405000,13,50.7105,-21854,13.6016,0.31556
420000,21,96.0476,-21828.2,22.2,0.339
435000,13,45.1912,-21841.7,14.1443,0.3228
450000,21,87.7518,-21777.2,14.7248,0.337633
465000,26,108.281,-21776.9,31.4415,0.3354
480000,22,91.0234,-21776.8,24.898,0.3424
495000,29,120.058,-21784.9,28.4112,0.366067
510000,18,76.4658,-21795.5,21.6773,0.343407
525000,19,86.3699,-21792.7,14.0874,0.344867
540000,38,140.312,-21725.7,37.8598,0.386222
555000,41,160.148,-21712.7,38.5032,0.395
570000,40,170.736,-21703.5,29.4175,0.400533
585000,47,205.642,-21737.2,45.9185,0.392933
600000,26,101.538,-21781.3,23.3368,0.343339
615000,52,227.889,-21705.8,56.8666,0.400367
630000,53,238.26,-21702.4,59.1907,0.4078
645000,59,262.326,-21664.9,56.2434,0.398867
660000,62,260.163,-21672.8,67.2953,0.402267
675000,59,251.366,-21685.6,71.5631,0.400933
690000,47,195.764,-21706.9,56.8856,0.385188
705000,54,241.621,-21687.3,52.0429,0.408833
720000,57,262.17,-21697.6,45.3651,0.411967
735000,56,263.883,-21713.1,63.5385,0.4192
750000,34,140.964,-21730,29.0671,0.386787
765000,60,276.615,-21693,58.2937,0.40285
780000,63,282.993,-21667.1,67.1989,0.4138
795000,47,208.748,-21700.8,52.6628,0.406667
810000,58,268.734,-21691.8,43.9814,0.3938
825000,61,258.712,-21681.3,56.8078,0.4062
840000,67,305.471,-21681.9,58.4745,0.418067
855000,73,339.502,-21668,86.2297,0.427533
870000,69,300.077,-21655.2,81.0535,0.408822
885000,64,300.653,-21635.6,63.9871,0.405867
900000,65,292.398,-21664.9,75.8327,0.412489
915000,71,290.186,-21640.4,80.3256,0.4009
930000,60,267.748,-21622.4,61.0742,0.412067
945000,65,269.389,-21662.6,54.7829,0.4074
960000,77,333.322,-21636,79.9071,0.407133
975000,76,317.13,-21616.8,82.3568,0.400667
990000,69,321.264,-21678,60.197,0.389375
1005000,71,313.1,-21639.5,58.7223,0.4031
1020000,62,277.86,-21623.3,65.8982,0.391933
1035000,62,273.959,-21674.6,74.0229,0.409678
1050000,65,283.616,-21642.5,72.8632,0.4048
1065000,70,305.359,-21620.7,58.702,0.387267
1080000,61,272.141,-21643.7,63.9087,0.390433
1095000,56,253.403,-21682.8,50.7591,0.38675
1110000,72,319.365,-21607.9,77.6414,0.392911
1125000,80,340.11,-21620.3,80.3406,0.398667
1140000,82,357.186,-21609,81.7687,0.393133
1155000,82,351.715,-21610.6,71.689,0.4062
1170000,70,307.313,-21595.4,72.3644,0.404333
1185000,74,337.048,-21610.2,69.7113,0.393133
1200000,74,327.052,-21633.4,81.0416,0.401
1215000,77,335.9,-21637.3,87.4919,0.418067
1230000,74,325.871,-21623.5,75.4668,0.391047
1245000,67,302.286,-21654,87.3625,0.393533
1260000,83,361.011,-21646.2,70.7323,0.4024
1275000,72,299.307,-21673.5,61.8246,0.406689
1290000,93,410.352,-21608.1,97.787,0.408333
1305000,85,353.891,-21605.5,67.7979,0.411267
1320000,64,252.176,-21649.8,65.5901,0.404
1335000,74,322.039,-21656.2,68.5009,0.404733
1350000,76,319.912,-21619.6,82.17,0.406467
1365000,69,294.487,-21658.5,64.7403,0.406
1380000,76,331.881,-21641.4,84.8731,0.403022
1395000,67,297.692,-21632.8,72.4046,0.406067
1410000,57,248.521,-21642.5,62.0659,0.383267
1425000,70,323.487,-21652.6,81.9405,0.398467
1440000,74,316.541,-21613.4,90.4165,0.394478
1455000,74,331.621,-21632.5,73.7406,0.395333
1470000,70,290.977,-21635.8,71.6168,0.396578
1485000,76,331.627,-21612,71.2523,0.4024
1500000,74,328.415,-21601.7,56.0594,0.399633
1515000,88,382.049,-21605.3,85.7703,0.406267
1530000,67,284.996,-21617,59.6905,0.395307
1545000,77,346.085,-21601.6,77.5761,0.415233
1560000,79,338.465,-21633.7,74.4193,0.401633
1575000,86,382.102,-21612.8,93.302,0.412033
1590000,72,306.74,-21639.4,62.9493,0.405067
1605000,66,298.208,-21633.4,75.2659,0.391267
1620000,58,259.114,-21630.6,62.455,0.386783
1635000,70,311.127,-21624.4,61.474,0.3994
1650000,66,260.372,-21637.3,69.177,0.3924
1665000,75,320.273,-21617,73.7029,0.4038
1680000,80,337.924,-21632.7,91.9042,0.3996
1695000,67,282.853,-21641.6,68.9399,0.396622
1710000,83,358.45,-21641,84.8286,0.408333
1725000,76,342.953,-21639.3,83.2357,0.410133
1740000,70,308.654,-21633.1,60.4504,0.3996
1755000,71,306.239,-21638.7,71.0838,0.4015
1770000,73,323.665,-21628.4,55.991,0.398267
1785000,66,292.002,-21623.2,61.3118,0.3834
1800000,62,289.562,-21603.6,80.2957,0.3766
1815000,70,304.042,-21594.6,80.509,0.383867
1830000,61,269.458,-21614.7,57.8007,0.375507
1845000,69,296.349,-21629.9,62.3748,0.3908
1860000,78,341.011,-21602.8,66.9356,0.411711
1875000,84,351.743,-21603.5,97.2158,0.406533
1890000,88,399.377,-21586.8,86.5857,0.420467
1905000,76,337.448,-21612.3,89.6698,0.395853
1920000,73,311.167,-21611.4,84.8539,0.39232
1935000,75,319.696,-21603.5,83.2487,0.403311
1950000,73,303.063,-21616.8,60.9502,0.399378
1965000,106,466.241,-21589.4,106.389,0.4055
1980000,99,440.725,-21569.8,100.037,0.405
1995000,108,487.857,-21567.3,95.2375,0.4084
2010000,111,493.244,-21577.5,101.478,0.415933
2025000,93,397.479,-21567.4,91.0888,0.397667
2040000,84,352.62,-21601.8,83.8103,0.393367
2055000,87,369.678,-21588.5,86.2484,0.400267
2070000,78,342.239,-21604,84.1388,0.392667
2085000,62,260.581,-21635.1,60.3632,0.402141
2100000,81,356.993,-21592.1,93.8104,0.396367
2115000,74,320.366,-21585.3,75.375,0.3922
2130000,90,402.026,-21586.4,74.1133,0.403333
2145000,76,327.814,-21627.2,68.6523,0.388217
2160000,70,319.616,-21635.5,74.3153,0.386575
2175000,105,456.578,-21580.4,85.476,0.404711
2190000,93,419.625,-21600.9,96.9724,0.416067
2205000,91,411.263,-21596.9,84.4552,0.404133
2220000,85,372.21,-21576.1,93.362,0.399
2235000,76,334.054,-21602.9,80.5262,0.402389
2250000,73,309.14,-21596.9,76.3442,0.3944
2265000,84,370.942,-21603.2,74.3481,0.388
2280000,78,346.923,-21608.1,100.262,0.413267
2295000,70,306.67,-21597.6,77.3364,0.382644
2310000,94,409.062,-21586.4,75.8125,0.4118
2325000,85,356.422,-21582.7,82.6716,0.409333
2340000,69,293.705,-21580.8,63.7604,0.38795
2355000,84,359.048,-21590.9,88.446,0.385333
2370000,95,415.004,-21591.6,100.984,0.403733
2385000,93,411.281,-21604.3,90.0248,0.408667
2400000,71,307.216,-21601.7,73.4818,0.378905
2415000,67,310.88,-21595.3,70.0531,0.384467
2430000,59,246.057,-21593.1,52.2122,0.3758
2445000,66,297.005,-21629.3,63.4143,0.394617
2460000,66,276.121,-21594.4,66.2854,0.383433
2475000,84,356.25,-21594,85.1962,0.4004
2490000,94,414.541,-21593.3,84.7305,0.416133
2505000,87,397.049,-21580.6,89.0614,0.407667
2520000,69,309.198,-21617.3,72.3166,0.391958
2535000,87,369.231,-21597.7,65.5923,0.408767
2550000,77,330.876,-21595.8,78.6443,0.397867
2565000,84,369.743,-21567.5,85.5302,0.396667
2580000,91,387.468,-21580.8,75.3824,0.395267
2595000,79,344.132,-21617.5,96.6846,0.40876
2610000,70,301.937,-21582,65.8507,0.386733
2625000,55,242.105,-21633.8,67.47,0.3873
2640000,66,311.908,-21630.1,65.6666,0.380983
2655000,75,337.348,-21586.9,73.8262,0.389489
2670000,65,277.413,-21594.4,67.8995,0.379
2685000,82,368.412,-21604.6,72.7239,0.403533
2700000,79,341.937,-21589.5,88.1632,0.4046
2715000,73,309.982,-21601.6,77.614,0.392767
2730000,70,314.994,-21634.7,71.654,0.405767
2745000,67,296.264,-21644.6,71.8886,0.406667
2760000,69,324.438,-21572.9,74.3937,0.379667
2775000,63,287.55,-21637.3,63.9008,0.394333
2790000,76,333.728,-21635.7,60.4799,0.411933
2805000,62,273.99,-21620.8,69.3094,0.381418
2820000,56,241.07,-21644.5,46.6461,0.4049
2835000,64,270.312,-21591.9,63.4673,0.386333
2850000,77,341.252,-21609,64.0973,0.389533
2865000,87,388.192,-21603.6,83.1128,0.409133
2880000,78,350.687,-21613.7,68.7164,0.403911
2895000,82,355.298,-21600.7,80.306,0.402467
2910000,81,349.125,-21639,92.5795,0.406911
2925000,73,325.077,-21594.2,84.2738,0.399889
2940000,76,316.471,-21598.7,82.0012,0.398778
2955000,79,350.495,-21628,96.6671,0.397067
2970000,77,327.574,-21583.9,71.0237,0.393333
2985000,62,277.811,-21634.8,52.8202,0.389844
3000000,82,375.161,-21597.7,93.7441,0.4019
3015000,88,392.252,-21606.2,73.8066,0.413533
3030000,59,244.504,-21633.7,70.7598,0.388111
3045000,88,390.589,-21614,92.9693,0.4134
3060000,84,364.745,-21616.8,107.048,0.4062
3075000,86,380.507,-21587.4,73.5845,0.403067
3090000,79,329.241,-21595.1,73.9947,0.405
3105000,81,362.229,-21574.6,82.1959,0.3932
3120000,74,336.502,-21583.1,70.9411,0.397067
3135000,89,380.958,-21633.3,87.3662,0.39059
3150000,111,492.025,-21607.6,104.12,0.4065
3165000,101,456.339,-21622.7,102.267,0.426133
3180000,79,374.138,-21633.1,83.3917,0.402607
3195000,69,314.688,-21632.6,61.54,0.4006
3210000,79,341.943,-21609.5,76.2285,0.409733
3225000,80,339.53,-21643.3,84.957,0.403767
3240000,77,346.416,-21621.7,57.1452,0.399833
3255000,64,277.036,-21639.4,58.0818,0.400817
3270000,66,288.423,-21619.4,71.6509,0.3958
3285000,58,256.627,-21636.2,65.3553,0.385233
3300000,72,321.838,-21616.1,77.4905,0.4016
3315000,75,306.957,-21600.6,67.3363,0.396733
3330000,68,301.309,-21587.3,63.4491,0.3974
3345000,75,337.66,-21604.3,70.4911,0.3994
3360000,85,372.781,-21594.4,84.7527,0.401667
3375000,99,423.737,-21567.6,100.557,0.410667
3390000,102,437.675,-21575.1,86.1099,0.414267
3405000,73,317.822,-21621.3,66.6033,0.396656
3420000,85,379.988,-21597.3,72.5886,0.412933
3435000,82,352.79,-21616.4,79.0769,0.3953
3450000,91,395.61,-21616.2,81.7291,0.4064
3465000,100,441.133,-21604.5,98.9591,0.42
3480000,90,398.174,-21608.1,108.948,0.404487
3495000,74,329.275,-21600.2,66.8323,0.399667
3510000,73,325.733,-21598.7,75.6652,0.400133
3525000,70,311.654,-21608.6,70.9424,0.390867
3540000,53,217.379,-21629.3,59.7905,0.390905
3555000,62,263.653,-21626.4,60.5579,0.388233
3570000,63,271.88,-21610,79.6415,0.381
3585000,70,299.562,-21638.9,56.2878,0.39885
3600000,83,363.502,-21609.1,93.2819,0.3952
3615000,86,369.472,-21615.9,90.1513,0.399067
3630000,77,331.107,-21612.2,63.3561,0.403767
3645000,82,350.799,-21591.7,66.2323,0.409267
3660000,73,315.618,-21612.4,60.9639,0.404467
3675000,72,310.486,-21620.3,69.0423,0.3948
3690000,72,322.615,-21610.7,89.1565,0.394
3705000,71,323.917,-21593.4,63.353,0.387433
3720000,90,377.467,-21620,92.9892,0.400833
3735000,73,312.209,-21609.6,76.1703,0.396633
3750000,86,377.047,-21595.1,88.6259,0.4053
3765000,83,352.17,-21619.8,87.5042,0.393267
3780000,76,339.355,-21624.6,77.6122,0.395133
3795000,75,323.907,-21577.9,66.7883,0.390811
3810000,65,292.71,-21594,90.4363,0.398244
3825000,66,291.521,-21589.7,55.0351,0.3734
3840000,68,301.035,-21600.6,83.5395,0.382933
3855000,74,326.698,-21605.7,74.8469,0.3809
3870000,77,342.109,-21628.1,78.3832,0.3919
3885000,83,368.598,-21633,65.1087,0.417267
3900000,75,338.561,-21568.2,79.0239,0.396956
3915000,72,310.864,-21581.3,76.7583,0.3858
3930000,93,425.097,-21604.4,106.052,0.405333
3945000,79,351.609,-21627.6,78.2704,0.39475
3960000,63,275.568,-21594.9,54.3725,0.3984
3975000,72,312.246,-21602.4,54.2155,0.3748
3990000,76,333.502,-21620.7,86.2386,0.392556
4005000,79,336.964,-21600.6,59.8663,0.3983
4020000,76,336.561,-21602.4,71.0491,0.400833
4035000,71,318.471,-21600.6,68.7199,0.389867
4050000,73,321.961,-21602.4,81.0698,0.392667
4065000,73,322.341,-21603.7,63.576,0.395467
4080000,68,294.527,-21603.9,59.5134,0.375667
4095000,60,258.742,-21591.4,68.5913,0.3841
4110000,73,307.174,-21622.2,63.5894,0.3756
4125000,76,334.359,-21611.7,68.1777,0.3878
4140000,67,313.073,-21622.1,70.3073,0.399933
4155000,78,347.802,-21608,71.0167,0.397347
4170000,84,345.565,-21610.6,84.7054,0.404867
4185000,74,321.776,-21620.5,77.7256,0.378867
4200000,88,398.634,-21606.7,85.589,0.402833
4215000,87,350.537,-21608,86.9315,0.415867
4230000,74,324.136,-21619.9,69.618,0.407111
4245000,92,414.766,-21619.3,92.135,0.416467
4260000,78,340.697,-21614.4,82.5387,0.417333
4275000,65,289.553,-21612.4,61.5878,0.384111
4290000,53,240.006,-21640.6,46.2168,0.398092
4305000,66,285.29,-21597.3,71.3071,0.3843
4320000,76,337.911,-21586.2,77.2417,0.3982
4335000,76,342.558,-21617.9,98.369,0.39616
4350000,75,336.637,-21593,63.7374,0.4018
4365000,69,305.713,-21611.3,65.7497,0.3984
4380000,64,275.131,-21604.4,46.0331,0.385267
4395000,76,341.287,-21598.5,69.9247,0.3976
4410000,63,289.709,-21591.3,49.0434,0.3888
4425000,66,296.164,-21636.5,70.0614,0.397144
4440000,72,312.36,-21603.5,80.5681,0.3905
4455000,63,267.162,-21615,57.5231,0.392133
4470000,73,315.033,-21591.4,66.3005,0.397733
4485000,68,289.666,-21629.8,76.2798,0.389233
4500000,62,276.119,-21637.7,65.1768,0.381738
4515000,66,291.366,-21617.6,76.7942,0.377133
4530000,75,344,-21639.8,68.5792,0.390533
4545000,56,252.801,-21659,50.3502,0.385
4560000,74,315.809,-21626.2,71.333,0.396633
4575000,85,376.7,-21609.1,84.3898,0.405067
4590000,78,349.049,-21626.2,65.3058,0.408867
4605000,67,292.481,-21635.1,65.4161,0.378417
4620000,47,206.182,-21637.3,46.9954,0.383533
4635000,69,319.081,-21622.4,62.9836,0.390767
4650000,82,349.413,-21600.4,82.019,0.3848
4665000,57,256.822,-21642.4,67.1825,0.3754
4680000,74,337.228,-21606.3,78.6064,0.402133
4695000,75,320.969,-21596.1,79.0378,0.392533
4710000,84,365.675,-21594.5,86.2256,0.3884
4725000,88,383.813,-21580.7,88.8198,0.400533
4740000,95,414.754,-21562,80.0798,0.3938
4755000,97,416.811,-21591,87.1676,0.4022
4770000,71,310.162,-21571.7,66.7066,0.400067
4785000,59,254.287,-21617.9,60.3329,0.384615
4800000,67,281.717,-21607.2,68.001,0.387067
4815000,68,305.418,-21593.1,56.2904,0.383289
4830000,69,310.651,-21648.6,87.1062,0.381467
4845000,64,279.87,-21618.8,67.9112,0.3986
4860000,71,315.998,-21624.1,73.2062,0.382489
4875000,63,274.884,-21604.8,55.043,0.3762
4890000,59,259.982,-21616.3,55.7746,0.368133
4905000,66,280.3,-21619.9,60.4482,0.371267
4920000,62,282.245,-21637.2,55.8807,0.389156
4935000,67,288.363,-21617.1,61.2956,0.3866
4950000,60,262.005,-21650.1,53.4451,0.3869
4965000,57,256.872,-21660.4,70.9676,0.3898
4980000,62,275.583,-21624.8,72.5076,0.3732
4995000,62,269.641,-21621.2,61.6782,0.377187
5010000,65,262.532,-21621.2,66.6743,0.3818
5025000,65,288.856,-21594.9,65.766,0.3808
5040000,55,228.068,-21612.6,39.1362,0.373567
5055000,64,259.15,-21613.6,76.2412,0.360667
5070000,79,344.792,-21634.8,88.9581,0.371644
5085000,62,262.203,-21614.6,55.2332,0.385333
5100000,52,238.321,-21628.4,56.3505,0.363311
5115000,61,261.356,-21627.6,67.0628,0.355867
5130000,68,309.32,-21635.6,68.3629,0.371978
5145000,65,278.327,-21629.4,60.2004,0.374661
5160000,66,291.63,-21605.2,64.6617,0.3832
5175000,68,294.047,-21626.3,65.5509,0.394533
5190000,61,259.85,-21625.1,60.9729,0.377667
5205000,73,336.744,-21616.4,71.8995,0.386933
5220000,72,328.083,-21598.2,88.7051,0.402
5235000,83,370.316,-21603,74.5885,0.390867
5250000,66,302.281,-21617.5,67.7945,0.379015
5265000,85,379.276,-21600.4,82.2105,0.392267
5280000,70,311.702,-21601.9,59.0667,0.384895
5295000,76,333.002,-21591.9,74.6401,0.3814
5310000,62,277.128,-21598.2,69.5911,0.387167
5325000,77,345.698,-21622.5,69.6416,0.383967
5340000,63,282.31,-21624,62.5281,0.375833
5355000,72,313.985,-21636.4,54.0744,0.397767
5370000,78,366.252,-21602.1,78.1052,0.389333
5385000,65,272.759,-21609.4,73.14,0.382867
5400000,58,262.527,-21611.7,66.2831,0.381907
5415000,66,284.166,-21606.4,58.9588,0.384
5430000,73,333.255,-21606.8,68.3885,0.376067
5445000,76,345.295,-21603.2,75.5807,0.394733
5460000,72,299.425,-21599.2,61.3614,0.3812
5475000,56,240.011,-21606.1,59.9883,0.389067
5490000,72,321.603,-21602.5,65.9607,0.383667
5505000,70,312.687,-21591.6,61.8713,0.389933
5520000,69,305.036,-21613.3,64.2714,0.3974
5535000,61,262.255,-21608.9,68.5975,0.381133
5550000,62,291.157,-21631.5,48.7612,0.383478
5565000,68,306.612,-21590.1,65.89,0.392467
5580000,65,282.264,-21599.5,86.0443,0.37644
5595000,73,325.561,-21595,69.5825,0.3846
5610000,58,264.151,-21600.3,58.6273,0.368733
5625000,69,304.251,-21595.4,65.542,0.391467
5640000,68,308.55,-21590.9,71.9795,0.3968
5655000,65,276.821,-21627.3,72.4646,0.371267
5670000,70,282.577,-21596,67.6028,0.385
5685000,61,283.011,-21618.8,58.7909,0.368653
5700000,72,315.001,-21600.7,72.1335,0.3838
5715000,60,261.652,-21602.3,55.3914,0.37905
5730000,74,342.936,-21604.1,80.574,0.374733
5745000,63,275.41,-21632.2,61.6557,0.372467
5760000,90,395.162,-21609.2,88.1213,0.396383
5775000,92,409.543,-21598.1,87.9775,0.403
5790000,73,343.076,-21600,64.9181,0.3948
5805000,84,368.904,-21585.6,67.7309,0.395067
5820000,74,310.048,-21587.6,62.4486,0.400133
5835000,96,434.586,-21587,109.517,0.404467
5850000,89,394.253,-21567.4,117.971,0.404667
5865000,85,371.009,-21566.2,81.7218,0.403067
5880000,81,374.671,-21565,81.1984,0.386267
5895000,59,261.232,-21650.2,56.682,0.373067
5910000,78,325.588,-21588.2,76.4452,0.397367
5925000,57,257.302,-21651.2,55.5753,0.379118
5940000,57,248.402,-21627.5,73.3338,0.374333
5955000,72,297.936,-21604.7,61.1095,0.397
5970000,56,248.001,-21623,66.7391,0.375967
5985000,68,285.131,-21584.1,59.8991,0.402633
6000000,84,371.04,-21604.6,91.5641,0.404933
6015000,79,354.936,-21587.5,81.3607,0.3994
6030000,71,310.646,-21629.3,70.3732,0.388517
6045000,84,361.872,-21601,84.3728,0.396933
6060000,58,249.264,-21623.4,43.5115,0.3968
6075000,81,359.169,-21603.4,93.7286,0.409133
6090000,73,315.618,-21602.2,69.5561,0.403267
6105000,52,221.513,-21617.1,67.9458,0.376224
6120000,65,293.645,-21616.4,60.8424,0.379967
6135000,53,234.604,-21634.5,53.2597,0.363567
6150000,56,257.09,-21623.9,47.5118,0.364467
6165000,61,259.08,-21620.4,57.6095,0.379657
6180000,62,267.431,-21625.8,69.7601,0.389533
6195000,57,244.664,-21606.8,42.0282,0.367667
6210000,58,231.058,-21610.2,71.6022,0.364133
6225000,63,282.439,-21578.1,52.0238,0.386552
6240000,82,343.219,-21596,88.9934,0.380467
6255000,75,330.103,-21590.5,70.3275,0.400267
6270000,72,312.355,-21608.7,56.8837,0.397067
6285000,69,294.828,-21575.5,47.209,0.3894
6300000,64,276.567,-21597.8,57.7536,0.3914
6315000,63,280.191,-21589.7,66.543,0.36761
6330000,76,339.932,-21602.4,75.4205,0.382233
6345000,70,305.699,-21595.2,66.2348,0.388867
6360000,61,263.252,-21591.9,61.5891,0.37975
6375000,87,395.6,-21592.2,84.6466,0.4036
6390000,77,342.147,-21580.3,70.179,0.396333
6405000,67,303.141,-21611.9,63.9365,0.372889
6420000,59,260.346,-21618.4,56.1979,0.378983
6435000,56,260.781,-21645.9,50.1932,0.390444
6450000,69,313.713,-21591.6,67.6293,0.375
6465000,59,266.806,-21591.7,57.4965,0.377267
6480000,76,335.303,-21611.4,81.4657,0.389317
6495000,76,319.041,-21614,84.4277,0.391533
6510000,72,321.03,-21596.3,71.7468,0.387333
6525000,69,303.087,-21612.7,78.3313,0.395933
6540000,63,278.044,-21580.8,56.1011,0.38312
6555000,77,349.406,-21603.9,78.6502,0.397533
6570000,75,344.031,-21597.5,75.7021,0.390333
6585000,60,269.713,-21603.8,40.3547,0.3684
6600000,83,378.32,-21579.3,92.2105,0.389367
6615000,57,249.047,-21618.9,64.1207,0.380967
6630000,73,339.544,-21588.6,84.6749,0.392067
6645000,78,351.079,-21591.4,87.7781,0.390933
6660000,68,308.425,-21607.6,59.7069,0.392667
6675000,72,310.851,-21584.8,76.8354,0.393467
6690000,77,330.947,-21616.7,83.5099,0.391933
6705000,70,301.08,-21616.7,61.7296,0.390067
6720000,68,313.394,-21596.1,75.1579,0.385667
6735000,72,305.413,-21594.5,60.6843,0.3868
6750000,67,300.593,-21601.3,54.9777,0.386933
6765000,70,319.776,-21611.1,82.377,0.394267
6780000,48,214.972,-21647.3,36.4201,0.367291
6795000,69,301.011,-21611.7,65.3978,0.391333
6810000,68,292.663,-21600.7,62.6479,0.395467
6825000,69,305.625,-21599.9,69.9514,0.384867
6840000,88,414.475,-21612.6,83.4504,0.383117
6855000,68,277.704,-21616.9,60.7346,0.395067
6870000,68,308.528,-21650.8,73.1634,0.395267
6885000,56,247.531,-21643.5,72.7885,0.385867
6900000,58,264.809,-21647.9,71.4613,0.389133
6915000,43,189.672,-21641.3,53.0997,0.372908
6930000,84,364.619,-21590.5,71.2576,0.38879
6945000,83,352.618,-21599.1,82.5899,0.391667
6960000,71,291.597,-21610.5,90.2182,0.380283
6975000,73,330.472,-21611.6,71.8587,0.387133
6990000,72,320.026,-21604.5,80.0994,0.392333
7005000,85,357.083,-21616.4,77.4973,0.396133
7020000,62,271.156,-21629.8,53.1794,0.386524
7035000,86,379.552,-21602.5,86.1533,0.387889
7050000,73,333.21,-21611.6,76.4928,0.4144
7065000,77,341.364,-21617.8,85.4746,0.395867
7080000,66,303.649,-21629.6,63.8886,0.399867
7095000,70,309.818,-21619.1,58.7938,0.3842
7110000,67,293.343,-21614.1,67.4463,0.395733
7125000,89,419.781,-21611.9,97.2159,0.393853
7140000,80,319.255,-21612.8,69.4365,0.381417
7155000,94,427.319,-21577,72.4355,0.408433
7170000,87,385.608,-21602.4,100.69,0.3972
7185000,70,306.622,-21607.8,74.4721,0.386689
7200000,93,399.074,-21616.1,85.245,0.404867
7215000,85,387.644,-21625.9,88.5578,0.417067
7230000,77,337.505,-21637.2,76.0766,0.410267
7245000,76,347.316,-21626.2,79.0692,0.413
7260000,65,278.114,-21623,70.8638,0.38372
7275000,66,297.094,-21624,63.4493,0.402067
7290000,75,333.69,-21634.6,72.7337,0.397133
7305000,76,326.779,-21632.5,76.2557,0.390646
7320000,73,301.643,-21631.8,62.6092,0.384067
7335000,57,247.365,-21623.7,50.8227,0.386627
7350000,75,350.975,-21646.4,79.6276,0.396333
7365000,59,253.587,-21611.9,63.5963,0.392267
7380000,76,328.465,-21602.3,66.1576,0.388733
7395000,71,290.455,-21607.6,69.7483,0.3968
7410000,75,328.735,-21613.9,71.0827,0.393558
7425000,51,211.268,-21650.4,50.352,0.373822
7440000,70,312.826,-21599.5,68.2536,0.387333
7455000,59,257.642,-21638.2,56.2493,0.384833
7470000,59,243.408,-21627.3,61.8667,0.378067
7485000,85,372.501,-21625.7,82.0956,0.383733
7500000,70,290.136,-21596.5,73.7027,0.377267
7515000,81,346.072,-21595.1,78.7569,0.3943
7530000,77,318.49,-21622.4,88.7212,0.395474
7545000,65,269.108,-21627.6,71.6185,0.390644
7560000,75,307.71,-21615,69.4623,0.395956
7575000,57,229.467,-21612.2,57.8758,0.3779
7590000,74,311.211,-21596.6,85.8041,0.3864
7605000,50,211.325,-21598.9,46.1418,0.372333
7620000,67,290.625,-21613.8,85.2537,0.3939
7635000,61,268.076,-21622.5,59.1888,0.384733
7650000,58,249.593,-21641.7,63.5825,0.386642
7665000,70,300.728,-21620.1,56.5088,0.3736
7680000,72,307.423,-21642.9,56.9325,0.379533
7695000,81,360.145,-21621.1,81.3866,0.3939
7710000,81,353.077,-21617.2,81.3391,0.402833
7725000,70,296.669,-21610.3,71.5125,0.395267
7740000,67,285.437,-21605.5,60.0406,0.393044
7755000,67,307.39,-21616.1,77.6614,0.395333
7770000,80,352.544,-21647,68.4428,0.395089
7785000,75,331.735,-21618.4,95.8368,0.396167
7800000,53,230.819,-21649.7,55.9196,0.378241
7815000,80,349.626,-21621.5,99.1997,0.401633
7830000,77,323.392,-21616.2,79.2338,0.401
7845000,71,306.815,-21625.8,72.8895,0.4058
7860000,52,217.054,-21632.2,42.0885,0.3729
7875000,58,259.576,-21648.6,60.5422,0.385381
7890000,62,271.631,-21656.6,58.6967,0.387556
7905000,58,264.502,-21660.5,57.9802,0.382267
7920000,55,254.381,-21643.2,59.6935,0.384667
7935000,67,291.167,-21640.4,56.6894,0.389711
7950000,69,291.362,-21632.1,73.3869,0.3846
7965000,63,277.601,-21621.8,54.6651,0.3892
7980000,57,235.748,-21637.6,45.5297,0.382867
7995000,52,229.714,-21647.6,51.9398,0.396733
8010000,61,253.152,-21649.6,54.6391,0.379067
8025000,73,302.167,-21634.3,72.2899,0.402467
8040000,76,315.051,-21619.8,67.1851,0.4064
8055000,87,367.028,-21615.2,72.1753,0.4104
8070000,87,385.13,-21599.6,89.357,0.409267
8085000,76,328.466,-21640.6,78.7534,0.388151
8100000,77,346.978,-21634.2,76.1359,0.407067
8115000,90,395.857,-21602.5,101.104,0.413156
8130000,69,299.136,-21660.1,66.9271,0.394395
8145000,82,360.903,-21606.7,99.0898,0.412489
8160000,87,389.346,-21618.2,96.6053,0.411311
8175000,73,331.261,-21620.1,70.4613,0.4023
8190000,72,312.6,-21614.8,63.6352,0.4055
8205000,63,271.871,-21654.9,64.1846,0.403587
8220000,58,254.37,-21662.3,66.5056,0.397067
8235000,51,224.859,-21642.9,47.266,0.393483
8250000,63,268.181,-21621.2,81.1612,0.393583
8265000,85,371.228,-21598.3,91.4692,0.411667
8280000,75,344.82,-21622.1,82.2655,0.402533
8295000,70,318.909,-21617.2,65.9799,0.388417
8310000,60,256.988,-21640.3,50.6727,0.3943
8325000,84,360.211,-21606.7,84.7593,0.4011
8340000,80,347.344,-21641,90.9926,0.40665
8355000,71,294.991,-21604.5,80.2437,0.392567
8370000,74,328.46,-21584.9,64.9761,0.381533
8385000,82,367.276,-21593.3,85.5029,0.400333
8400000,67,302.928,-21642.9,75.986,0.388867
8415000,68,298.988,-21594.2,60.821,0.3934
8430000,79,333.722,-21612.5,61.6959,0.404867
8445000,74,317.165,-21619,59.3433,0.403
8460000,49,217.967,-21667.8,49.7377,0.388317
8475000,67,291.547,-21603.9,64.7711,0.386767
8490000,80,345.471,-21589,84.8431,0.389
8505000,79,347.216,-21589.8,83.2686,0.388067
8520000,81,357.759,-21608.9,74.1164,0.401267
8535000,69,302.467,-21604.4,80.4,0.389067
8550000,93,395.582,-21611.6,82.9126,0.408267
8565000,83,357.035,-21615.3,74.5893,0.4058
8580000,66,274.396,-21613.1,57.7696,0.395867
8595000,66,285.974,-21608.1,62.9787,0.386333
8610000,73,331.711,-21606,75.3828,0.395467
8625000,73,332.431,-21640.5,68.5486,0.395958
8640000,67,293.107,-21648.1,54.0257,0.398333
8655000,63,273.198,-21620.8,75.4484,0.388978
8670000,54,226.209,-21618.7,54.8456,0.380667
8685000,60,270.535,-21637.7,59.7696,0.371
8700000,73,309.926,-21622.8,72.195,0.3822
8715000,80,353.462,-21621.9,84.5131,0.393933
8730000,77,342.898,-21656.2,86.3451,0.389756
8745000,68,300.18,-21612.7,69.7339,0.384281
8760000,64,278.103,-21616.8,71.7207,0.400022
8775000,75,323.425,-21602.7,79.5684,0.394667
8790000,79,338.714,-21628,67.6187,0.396283
8805000,68,305.357,-21626,59.6061,0.405733
8820000,63,272.898,-21612.1,49.1339,0.394867
8835000,65,280.92,-21629.9,64.0209,0.386533
8850000,59,269.888,-21635,70.4141,0.3816
8865000,60,268.864,-21621.2,50.2886,0.381458
8880000,65,277.371,-21627,63.0831,0.383733
8895000,75,314.755,-21584.4,86.0992,0.386975
8910000,87,364.766,-21604.3,94.4064,0.3976
8925000,74,307.158,-21596.7,62.959,0.392067
8940000,54,235.076,-21637.1,46.522,0.380967
8955000,82,364.753,-21588.1,70.2878,0.390467
8970000,66,293.251,-21628,62.6278,0.3905
8985000,79,346.713,-21593.2,87.8664,0.392
9000000,74,294.592,-21609.7,83.9315,0.384
9015000,75,310.131,-21602.3,70.6907,0.391267
9030000,69,295.802,-21587.4,66.0011,0.3878
9045000,71,302.462,-21600.2,69.8823,0.388333
9060000,78,344.216,-21600.1,86.7307,0.394933
9075000,71,311.21,-21600.7,66.8967,0.390495
9090000,71,299.319,-21607,84.3448,0.393333
9105000,79,333.945,-21602.7,80.6751,0.396867
9120000,72,295.933,-21577.8,81.3137,0.399
9135000,80,356.694,-21601.9,75.4888,0.399867
9150000,71,310.815,-21601.6,73.3664,0.3926
9165000,82,345.841,-21593.5,99.6556,0.3936
9180000,90,390.817,-21604.7,74.8214,0.416
9195000,74,334.357,-21616,85.4253,0.4118
9210000,65,293.167,-21620.9,59.2433,0.389456
9225000,73,322.911,-21636.8,76.5321,0.3986
9240000,68,311.77,-21626.7,78.7137,0.408
9255000,79,334.916,-21599.4,82.8985,0.404133
9270000,86,392.242,-21624.7,92.3582,0.406533
9285000,79,360.08,-21611.6,82.8704,0.405067
9300000,68,309.358,-21595.6,62.5593,0.390533
9315000,75,357.403,-21606.1,80.8717,0.403733
9330000,75,346.012,-21609.9,67.8664,0.388173
9345000,58,250.032,-21631.9,54.8822,0.399533
9360000,57,230.085,-21658.3,61.37,0.3718
9375000,63,275.125,-21597.7,63.2681,0.398756
9390000,68,302.245,-21595.1,66.1961,0.383067
9405000,82,366.011,-21604,93.0611,0.399667
9420000,70,297.328,-21603.7,67.7846,0.395848
9435000,73,310.218,-21587.9,61.3005,0.3876
9450000,99,450.858,-21614.2,108.549,0.398356
9465000,107,479.012,-21571.3,95.1038,0.4178
9480000,89,374.845,-21571,93.0559,0.407467
9495000,84,364.653,-21587.9,92.3046,0.4013
9510000,86,369.793,-21575,87.0763,0.406467
9525000,62,267.681,-21597.6,74.7186,0.395511
9540000,91,389.747,-21583.8,101.095,0.400367
9555000,90,399.727,-21583,91.8185,0.396933
9570000,83,374.348,-21594.6,72.8973,0.4108
9585000,82,367.358,-21604.6,84.1176,0.411333
9600000,73,309.952,-21611.8,75.345,0.399067
9615000,64,289.047,-21630.7,67.1292,0.386144
9630000,67,293.151,-21626.4,73.8449,0.392089
9645000,80,361.093,-21621.2,79.408,0.3997
9660000,70,327.038,-21631.6,80.2401,0.4014
9675000,72,321.261,-21615.4,78.2336,0.39636
9690000,59,273.326,-21629.1,58.1033,0.380367
9705000,58,264.776,-21628.7,56.8781,0.375467
9720000,56,251.069,-21618.6,62.1713,0.377067
9735000,57,265.657,-21634.5,65.5047,0.369867
9750000,64,266.57,-21625.6,54.4084,0.3886
9765000,59,258.211,-21636.9,49.1588,0.378837
9780000,54,233.809,-21635.6,59.6009,0.382667
9795000,58,269.618,-21646.2,52.6205,0.3842
9810000,55,244.137,-21621.7,55.5435,0.391156
9825000,58,258.74,-21640.7,54.8768,0.377933
9840000,63,272.989,-21636.4,62.9728,0.3836
9855000,69,306.429,-21626.3,73.4165,0.378733
9870000,63,275.77,-21646.6,57.2161,0.392167
9885000,55,232.703,-21624.9,69.9861,0.389589
9900000,67,288.761,-21648.2,68.5339,0.385633
9915000,69,295.898,-21625.2,65.5541,0.3914
9930000,73,319.493,-21612.3,82.334,0.384147
9945000,86,368.199,-21616.8,93.9028,0.395844
9960000,96,423.933,-21613,78.2312,0.4154
9975000,63,269.606,-21612.6,78.3117,0.400033
9990000,85,383.644,-21592.5,67.3826,0.3987
10005000,67,309.862,-21614.6,84.2736,0.3948
10020000,88,393.233,-21602.5,78.7893,0.399567
10035000,69,295.245,-21625.3,57.2039,0.382917
10050000,68,306.867,-21607.9,59.7365,0.389867
10065000,65,280.532,-21606.1,62.8301,0.369933
10080000,66,283.798,-21615.6,66.0641,0.372733
10095000,69,316.771,-21624.7,62.8184,0.378
10110000,70,314.959,-21631.8,66.6393,0.394771
10125000,60,261.772,-21650.7,66.8363,0.378733
10140000,67,286.639,-21649.1,58.0909,0.366467
10155000,71,313.459,-21651.2,73.4269,0.389778
10170000,70,301.202,-21626.8,69.5614,0.384837
10185000,50,219.407,-21628.7,58.0931,0.389956
10200000,59,263.063,-21621.6,54.2778,0.3726
10215000,58,261.68,-21601.6,60.1334,0.373333
10230000,60,271.418,-21632.9,58.2158,0.378067
10245000,59,261.091,-21622.5,55.1857,0.380867
10260000,66,294.523,-21623.5,68.0986,0.382533
10275000,70,305.861,-21640.3,69.2239,0.384667
10290000,66,297.206,-21620,92.0441,0.381033
10305000,78,350.783,-21590.6,82.3167,0.39276
10320000,63,277.822,-21599.1,64.2706,0.4024
10335000,81,352.47,-21601.9,72.1602,0.387733
10350000,76,353.488,-21615.3,78.5505,0.406267
10365000,72,308.973,-21612.8,76.8146,0.391711
10380000,57,248.602,-21627.2,47.0254,0.387833
10395000,64,286.879,-21614.6,55.5067,0.3958
10410000,85,391.542,-21619.3,90.6914,0.411
10425000,72,312.275,-21600.8,77.3572,0.411267
10440000,74,323.285,-21600.2,61.4812,0.375933
10455000,70,318.501,-21633.8,40.9171,0.401733
10470000,79,336.844,-21614,83.4417,0.398667
10485000,76,322.981,-21618.1,75.0155,0.398467
10500000,79,327.832,-21620,78.8447,0.398607
10515000,73,305.399,-21629.7,78.2271,0.390519
10530000,75,336.342,-21633.8,70.9655,0.4068
10545000,60,254.866,-21652.1,53.5559,0.395667
10560000,70,286.854,-21644.5,62.3153,0.408133
10575000,68,289.714,-21641.3,70.3492,0.405667
10590000,55,235.189,-21649.3,49.5556,0.396257
10605000,58,261.163,-21648.4,54.1667,0.396476
10620000,49,210.852,-21654.1,43.1329,0.390333
10635000,44,193.165,-21647.5,38.9016,0.385733
10650000,49,220.542,-21657.8,48.824,0.383867
10665000,64,276.987,-21657.6,55.3528,0.383
10680000,62,281.786,-21666.1,63.368,0.405133
10695000,58,257.187,-21674.4,64.5493,0.393667
10710000,56,254.551,-21663.4,52.1513,0.383467
10725000,68,291.077,-21618,87.2167,0.38966
10740000,74,331.452,-21627.4,81.6859,0.396387
10755000,78,361.426,-21623,82.8549,0.4122
10770000,96,421.701,-21604.2,99.6626,0.4122
10785000,89,382.867,-21586,86.5135,0.413333
10800000,84,357.633,-21612.6,78.1023,0.415467
10815000,86,378.634,-21584.5,72.9412,0.401933
10830000,68,297.232,-21624.2,60.7026,0.402067
10845000,93,423.412,-21607.6,99.0051,0.405967
10860000,87,400.892,-21577,80.6178,0.405067
10875000,85,388.896,-21568.6,79.6057,0.396933
10890000,89,383.171,-21626.6,101.514,0.397267
10905000,73,323.437,-21637.9,68.2541,0.384067
10920000,89,381.767,-21615.6,88.1698,0.385667
10935000,84,373.461,-21609.1,77.4148,0.392038
10950000,88,352.411,-21598.7,86.8724,0.4048
10965000,86,367.481,-21611.7,91.1818,0.405267
10980000,47,223.936,-21655,51.8102,0.386067
10995000,48,222.139,-21661,50.0675,0.3858
11010000,72,333.539,-21586.5,79.6239,0.392
11025000,58,278.317,-21600.1,57.28,0.389467
11040000,64,287.899,-21594.1,59.365,0.3766
11055000,60,267.438,-21662.8,66.0735,0.391741
11070000,61,256.7,-21635.2,59.5743,0.384
11085000,62,289.401,-21621.3,57.7566,0.376822
11100000,72,316.93,-21614.1,72.2646,0.3824
11115000,73,324.519,-21628,69.5249,0.3964
11130000,80,355.896,-21620.5,83.2707,0.411267
11145000,73,333.255,-21617.8,66.896,0.3952
11160000,76,355.035,-21616,70.4178,0.395467
11175000,86,380.714,-21627.8,89.3569,0.404333
11190000,71,306.219,-21615.8,69.175,0.4076
11205000,73,319.766,-21592.9,75.8822,0.382533
11220000,77,327.277,-21607.2,65.3239,0.3934
11235000,78,352.518,-21596.9,74.9231,0.402
11250000,81,335.661,-21612.6,75.9028,0.399267
11265000,61,252.158,-21603.6,59.3495,0.388251
11280000,74,318.064,-21592.4,73.215,0.382767
11295000,72,309.553,-21584,67.3213,0.382533
11310000,56,241.972,-21590.9,63.4744,0.374822
11325000,77,338.201,-21603.6,61.7846,0.402
11340000,86,363.064,-21613.7,100.44,0.405
11355000,62,273.625,-21621.3,58.7069,0.367667
11370000,71,314.426,-21604.4,67.6072,0.3796
11385000,72,327.597,-21634.2,74.4867,0.396111
11400000,72,319.95,-21614,78.5361,0.395533
11415000,79,352.282,-21642.9,77.0146,0.395333
11430000,68,307.745,-21633,69.4614,0.3869
11445000,66,291.145,-21603,54.5951,0.381833
11460000,69,300.985,-21600.9,68.3392,0.389567
11475000,77,315.422,-21598.7,59.0164,0.384833
11490000,63,273.999,-21623.3,58.748,0.394133
11505000,60,254.658,-21608.8,47.7041,0.391756
11520000,60,263.516,-21628.6,73.9425,0.3834
11535000,58,249.822,-21616.2,76.4076,0.384933
11550000,56,241.901,-21603.1,63.9381,0.376467
11565000,79,364.152,-21619.2,93.341,0.403867
11580000,68,299.918,-21640.1,61.919,0.406
11595000,58,264.402,-21630.4,53.67,0.387413
11610000,56,259.061,-21647.9,70.7934,0.371867
11625000,66,305.925,-21641.4,71.1647,0.381267
11640000,69,310.99,-21636.6,78.2664,0.395467
11655000,72,329.762,-21612.9,69.7987,0.395933
11670000,67,288.205,-21611.2,62.3488,0.383808
11685000,71,314.553,-21640.5,65.0955,0.3968
11700000,76,326.481,-21591.2,67.7294,0.392375
11715000,64,276.104,-21634.8,63.1635,0.382289
11730000,67,291.437,-21615,62.8755,0.389067
11745000,53,232.49,-21638,67.41,0.388767
11760000,72,327.859,-21622.9,77.1444,0.388633
11775000,85,378.296,-21613.6,82.5153,0.39276
11790000,62,274.841,-21641.7,66.0981,0.393467
11805000,63,266.518,-21633.4,66.9337,0.393333
11820000,75,332.448,-21617.7,73.6976,0.385367
11835000,72,309.622,-21613.9,76.904,0.39185
11850000,76,327.529,-21619.5,60.9484,0.401267
11865000,68,306.712,-21629.3,77.6131,0.386422
11880000,74,318.713,-21603.2,84.7861,0.3971
11895000,64,269.15,-21610.3,63.7614,0.382
11910000,46,199.488,-21672.7,60.0298,0.391019
11925000,65,287.987,-21612.5,59.9879,0.376633
11940000,69,293.591,-21612.7,76.7984,0.3816
11955000,57,247.446,-21602.7,53.1498,0.392133
11970000,68,310.998,-21611.4,84.523,0.384733
11985000,52,226.407,-21647.2,35.5676,0.385267
12000000,61,266.09,-21663.6,65.7734,0.3728
12015000,59,260.751,-21624.9,59.3069,0.376758
12030000,65,288.266,-21636.2,69.1773,0.3864
12045000,61,278.61,-21638.1,57.9641,0.3936
12060000,69,310.358,-21603.8,63.966,0.378278
12075000,52,212.425,-21672.1,48.0699,0.38672
12090000,67,291.668,-21632.3,60.8802,0.380089
12105000,64,285.728,-21581.5,83.4039,0.382022
12120000,75,331.505,-21585.2,84.677,0.3968
12135000,77,337.039,-21584.7,64.8059,0.384111
12150000,71,321.313,-21598.4,67.5791,0.392433
12165000,81,360.419,-21613.3,75.8164,0.404467
12180000,67,292.172,-21585.7,60.2276,0.3842
12195000,80,365.001,-21628.5,62.1725,0.398467
12210000,81,364.912,-21637.8,79.0851,0.396637
12225000,89,389.399,-21615.1,79.0668,0.401467
12240000,84,366.239,-21609.2,82.5792,0.3966
12255000,85,359.61,-21601.5,92.0716,0.407422
12270000,69,295.481,-21603.7,69.8656,0.397733
12285000,67,294.852,-21604.1,65.9153,0.4021
12300000,81,357.456,-21608.3,81.9347,0.406267
12315000,79,348.671,-21608.6,64.3009,0.4005
12330000,75,313.422,-21614.2,67.0337,0.395533
12345000,82,364.75,-21612.9,89.1779,0.397911
12360000,72,326.066,-21612,72.6799,0.410333
12375000,75,317.866,-21628.9,63.48,0.396
12390000,79,358.35,-21599.9,77.9377,0.390658
12405000,90,404.333,-21597.7,87.2781,0.399244
12420000,85,366.315,-21621.4,85.417,0.411067
12435000,65,296.57,-21616,60.198,0.380644
12450000,79,342.25,-21610.6,72.0785,0.3862
12465000,79,348.015,-21601.4,71.9123,0.390867
12480000,79,350.938,-21586.8,73.8712,0.392533
12495000,84,379.293,-21606.5,86.0544,0.402347
12510000,83,353.465,-21569.5,70.0446,0.3956
12525000,88,384.752,-21572.3,84.7932,0.391333
12540000,102,478.142,-21576.7,86.8769,0.4064
12555000,108,477.606,-21571.7,126.862,0.424267
12570000,83,353.848,-21557.8,92.619,0.404467
12585000,80,341.006,-21594.5,76.2729,0.401422
12600000,83,367.544,-21559.4,89.362,0.394267
12615000,83,372.84,-21585,89.558,0.400533
12630000,81,344.376,-21590.5,91.8275,0.399667
12645000,88,395.08,-21588.8,105.657,0.4018
12660000,77,345.222,-21598.6,61.617,0.390517
12675000,75,343.907,-21592.2,82.8454,0.387867
12690000,72,334.486,-21601.1,58.2289,0.391435
12705000,75,315.387,-21611.8,82.7789,0.3944
12720000,77,346.085,-21609.1,80.4062,0.387889
12735000,78,348.513,-21613.6,65.5341,0.393
12750000,69,280.934,-21621.4,73.7292,0.403033
12765000,79,331.125,-21584.5,98.8666,0.3907
12780000,74,334.466,-21593.1,73.564,0.389533
12795000,71,313.332,-21580.3,66.8575,0.391733
12810000,83,368.448,-21592.8,83.0113,0.3938
12825000,90,404.126,-21588.3,78.0563,0.4072
12840000,79,345.68,-21601.9,76.8027,0.402233
12855000,75,326.561,-21620.8,84.2272,0.409833
12870000,61,266.657,-21608.4,57.6963,0.393533
12885000,62,277.802,-21636.3,62.0249,0.392489
12900000,65,268.957,-21609.8,65.0116,0.374833
12915000,68,291.319,-21601.9,72.1796,0.400667
12930000,62,272.793,-21629.8,63.1926,0.385933
12945000,52,236.396,-21645.2,53.3425,0.379533
12960000,67,296.828,-21600.1,71.3098,0.392867
12975000,72,305.925,-21605,73.0717,0.398067
12990000,67,290.144,-21614.8,71.5458,0.394133
13005000,64,287.228,-21599.8,57.8012,0.394267
13020000,67,288.91,-21626.6,63.9531,0.385815
13035000,74,316.921,-21605.8,78.3147,0.392422
13050000,54,229.494,-21636.5,47.0136,0.3802
13065000,53,228.8,-21613.9,47.7524,0.3678
13080000,77,348.224,-21601.4,66.3719,0.392187
13095000,71,298.372,-21594.2,87.3898,0.398667
13110000,72,319.445,-21619.4,73.4903,0.3774
13125000,81,365.957,-21596.2,79.9265,0.4092
13140000,88,385.169,-21572.4,72.9824,0.4092
13155000,104,445.316,-21576.9,104.619,0.4164
13170000,105,464.542,-21585.9,97.3398,0.421267
13185000,100,454.297,-21597.1,89.4398,0.420267
13200000,86,390.801,-21589.1,87.1654,0.414733
13215000,92,413.017,-21583.9,92.0082,0.403533
13230000,78,343.489,-21645.2,78.173,0.392345
13245000,92,409.524,-21599.8,102.053,0.411367
13260000,87,405.654,-21609.6,86.5499,0.404967
13275000,67,286.388,-21605.3,86.1923,0.402733
13290000,88,368.493,-21585.1,94.6608,0.387937
13305000,66,283.462,-21606.7,74.4595,0.3936
13320000,86,385.99,-21603.3,79.885,0.386267
13335000,71,312.376,-21591.3,64.1256,0.3934
13350000,85,362.736,-21594.9,81.402,0.392867
13365000,64,262.77,-21594.4,71.8362,0.396013
13380000,72,307.897,-21583.8,78.0756,0.396867
13395000,67,299.719,-21589,64.992,0.381133
13410000,78,357.871,-21637.1,87.5423,0.388689
13425000,81,335.559,-21621.9,93.2844,0.4
13440000,70,312.212,-21625.9,59.5193,0.388756
13455000,65,295.808,-21650.2,88.6144,0.3934
13470000,71,316.03,-21602.2,69.3603,0.394473
13485000,71,327.236,-21623.2,70.7711,0.385933
13500000,73,338.494,-21635.4,80.3287,0.392467
13515000,76,328.586,-21635.7,76.5919,0.409067
13530000,69,305.024,-21626.8,71.412,0.3772
13545000,62,261.287,-21667.6,68.7597,0.396058
13560000,76,340.494,-21622.7,69.0436,0.3941
13575000,70,309.335,-21627.7,78.7676,0.397343
13590000,74,333.111,-21618.4,66.8941,0.3978
13605000,63,288.317,-21618.8,67.7981,0.3896
13620000,66,299.211,-21606.1,50.2358,0.391311
13635000,71,318.921,-21624.6,74.1763,0.414
13650000,63,262.969,-21625.9,71.8859,0.377222
13665000,63,260.284,-21631.8,62.7393,0.383175
13680000,73,320.454,-21616.1,72.2094,0.375267
13695000,61,269.098,-21618,60.5773,0.3939
13710000,64,283.35,-21613.5,65.534,0.394867
13725000,72,315.328,-21600.9,58.7554,0.396867
13740000,73,328.62,-21619.9,74.4499,0.3886
13755000,60,249.539,-21611.6,57.3105,0.37184
13770000,87,391.391,-21600.8,87.6855,0.395233
13785000,76,337.709,-21597.6,82.5349,0.4042
13800000,67,307.761,-21611.6,77.0434,0.397776
13815000,80,345.547,-21628.6,72.3821,0.403733
13830000,76,330.193,-21607.9,84.2556,0.394267
13845000,72,310.187,-21623.4,86.7418,0.394467
13860000,73,320.279,-21632.3,65.6567,0.3954
13875000,55,227.78,-21630.1,49.82,0.358033
13890000,72,332.672,-21612.8,66.8237,0.391219
13905000,60,248.986,-21614,57.2443,0.383378
13920000,46,198.14,-21640.5,40.1832,0.359311
13935000,81,355.1,-21598.5,84.7202,0.3834
13950000,64,272.921,-21607,71.9215,0.388867
13965000,58,262.038,-21638.3,62.2538,0.3857
13980000,61,257.313,-21607.9,60.9286,0.376533
13995000,68,294.506,-21618,82.7347,0.382533
14010000,67,271.658,-21622.5,58.9957,0.3944
14025000,62,274.321,-21607.9,65.5157,0.377533
14040000,63,281.435,-21644.8,60.8305,0.358208
14055000,62,284.223,-21626.3,55.3508,0.383267
14070000,63,283.909,-21621.7,72.7174,0.383333
14085000,63,288.454,-21623.8,68.1883,0.3946
14100000,53,242.78,-21638.5,44.8826,0.3898
14115000,65,294.744,-21624.7,75.6402,0.38
14130000,62,267.795,-21595.1,63.4865,0.378333
14145000,73,327.685,-21610.5,65.4445,0.389633
14160000,73,312.885,-21603.3,67.4791,0.395533
14175000,82,362.12,-21582,78.1064,0.384533
14190000,62,254.745,-21644.1,62.6762,0.381444
14205000,76,335.579,-21593.1,83.3039,0.378233
14220000,73,316.077,-21606.3,58.813,0.395
14235000,73,324.359,-21607.4,67.9441,0.392867
14250000,75,327.872,-21619.5,76.198,0.386733
14265000,59,249.683,-21633.4,60.1066,0.377707
14280000,86,359.697,-21616.3,88.686,0.398
14295000,78,362.73,-21611.6,63.6303,0.393267
14310000,68,306.963,-21603.4,81.3385,0.374667
14325000,70,322.809,-21620.1,71.2436,0.3876
14340000,70,310.361,-21608.8,70.8077,0.3928
14355000,75,316.809,-21609.3,68.134,0.3846
14370000,72,321.972,-21610.5,66.2447,0.380267
14385000,80,344.52,-21600.8,87.3201,0.3972
14400000,60,256.717,-21630.6,67.1089,0.379904
14415000,63,264.234,-21622.7,57.8563,0.389767
14430000,50,225.193,-21646.3,66.2119,0.370067
14445000,56,233.175,-21631.8,55.9871,0.382267
14460000,48,210.695,-21623.9,45.3776,0.384236
14475000,70,301.284,-21627.8,73.4756,0.378967
14490000,59,260.409,-21635.7,67.5509,0.366583
14505000,74,310.307,-21613.9,66.1124,0.3911
14520000,69,301.393,-21623.6,56.8776,0.391133
14535000,73,322.426,-21606.1,79.1213,0.3856
14550000,65,277.566,-21608.2,67.2466,0.386178
14565000,69,321.262,-21618.4,68.7747,0.378467
14580000,55,245.568,-21625.2,57.9749,0.385889
14595000,61,254.398,-21626.7,54.8658,0.3803
14610000,61,253.469,-21658.2,62.8445,0.375317
14625000,61,269.822,-21624.2,59.3185,0.394733
14640000,63,284.907,-21644.2,71.8098,0.3844
14655000,67,287.521,-21642.5,43.7385,0.390933
14670000,65,283.338,-21639.8,71.2965,0.38292
14685000,57,265.724,-21611.5,66.653,0.369371
14700000,83,360.115,-21617.5,71.9612,0.3964
14715000,80,358.259,-21617.9,87.4978,0.405533
14730000,47,209.555,-21638.8,45.5338,0.3908
14745000,56,243.583,-21636.4,54.0045,0.370867
14760000,66,283.738,-21620.3,70.205,0.3954
14775000,73,325.374,-21601.3,81.3405,0.4042
14790000,58,256.295,-21637.9,66.3123,0.383019
14805000,73,316.638,-21588.6,80.3686,0.392433
14820000,79,336.852,-21573.8,82.3299,0.3878
14835000,83,362.707,-21576.5,74.8573,0.386
14850000,80,358.729,-21587.3,76.8764,0.39
14865000,73,321.987,-21603.6,83.7256,0.406933
14880000,71,292.192,-21626.9,59.2034,0.3954
14895000,70,304.406,-21611.3,67.4737,0.392933
14910000,75,305.354,-21602.3,98.8534,0.399
14925000,91,392.651,-21573,87.795,0.398867
14940000,82,357.44,-21585,74.3489,0.413267
14955000,66,297.548,-21632.5,64.417,0.381852
14970000,62,275.087,-21633.9,48.9461,0.3826
14985000,59,269.765,-21636.7,44.6869,0.373826
15000000,62,272.347,-21625.5,65.3139,0.379733
15015000,68,300.117,-21625.5,65.0471,0.387253
15030000,58,251.296,-21656.9,55.0608,0.38235
15045000,79,342.455,-21612.1,84.5013,0.3934
15060000,72,291.993,-21609.3,58.4801,0.391267
15075000,57,252.023,-21642.6,43.7225,0.4002
15090000,62,268.617,-21639.9,72.0845,0.389
15105000,64,265.171,-21590.3,63.0731,0.382867
15120000,63,278.358,-21605.4,61.633,0.379467
15135000,60,263.294,-21626,61.8742,0.379
15150000,52,223.014,-21625.3,58.4993,0.374287
15165000,57,235.626,-21635.2,77.4371,0.366067
15180000,58,240.826,-21634.6,56.4116,0.3712
15195000,67,271.214,-21628.4,58.115,0.377133
15210000,60,266.623,-21616.1,50.7329,0.38912
15225000,59,250.268,-21635.6,57.5306,0.378933
15240000,49,217.376,-21665,49.6765,0.382222
15255000,63,272.3,-21611.7,70.6697,0.373289
15270000,66,287.946,-21611.9,63.7557,0.3728
15285000,66,281.534,-21601.5,73.8899,0.3702
15300000,63,278.539,-21608.8,72.6977,0.3712
15315000,73,325.106,-21592.2,73.1619,0.393267
15330000,56,241.794,-21642.3,50.4381,0.372467
15345000,60,261.106,-21612.3,61.3301,0.3818
15360000,51,192.298,-21621.9,54.2644,0.368467
15375000,68,309.886,-21595.3,71.054,0.390267
15390000,71,303.105,-21614.7,53.5255,0.384467
15405000,62,284.089,-21626.6,65.805,0.387933
15420000,46,206.642,-21647.9,43.6536,0.366606
15435000,46,213.83,-21633.1,53.148,0.362733
15450000,66,291.541,-21624.5,54.5074,0.381978
15465000,62,256.582,-21632.2,56.856,0.3918
15480000,59,245.982,-21631.5,50.0198,0.3796
15495000,60,262.366,-21647.1,56.9386,0.385333
15510000,64,272.03,-21644.2,85.6701,0.390733
15525000,62,262.075,-21641.9,47.6991,0.393667
15540000,61,268.573,-21622.2,64.1343,0.374817
15555000,66,272.844,-21637.7,84.3052,0.3897
15570000,73,315.832,-21622.2,70.0045,0.396667
15585000,65,276.108,-21620.7,66.2239,0.390178
15600000,66,288.319,-21622,66.2995,0.382
15615000,68,307.478,-21586.7,69.6103,0.396533
15630000,61,277.205,-21634.9,62.3533,0.39405
15645000,64,273.732,-21630.7,79.2454,0.36839
15660000,82,359.084,-21597.4,82.2252,0.389378
15675000,75,349.925,-21619,71.3744,0.396733
15690000,60,267.116,-21647.9,61.2563,0.371556
15705000,63,269.893,-21586.6,66.5496,0.390467
15720000,50,208.322,-21623.7,48.8198,0.377967
15735000,68,287.259,-21618.4,65.7115,0.370667
15750000,88,383.216,-21595.5,113.601,0.384556
15765000,81,356.94,-21615.6,83.938,0.386633
15780000,84,371.107,-21600.4,80.4242,0.405733
15795000,77,333.045,-21614.5,75.999,0.403133
15810000,100,417.598,-21585.9,101.47,0.406017
15825000,98,420.035,-21557.9,104.241,0.412267
15840000,90,371.767,-21570,90.863,0.407133
15855000,59,262.314,-21625,56.2347,0.385833
15870000,89,371.959,-21579.2,83.7656,0.387367
15885000,85,373.163,-21585.1,68.141,0.416267
15900000,71,307.156,-21599.2,92.1224,0.406333
15915000,72,330.258,-21612,62.8229,0.3754
15930000,79,343.23,-21630.3,79.5488,0.398933
15945000,75,328.18,-21592.2,65.1654,0.388633
15960000,80,356.41,-21586.2,74.6027,0.395533
15975000,78,345.185,-21594.8,83.6565,0.3878
15990000,80,345.89,-21576.1,80.5653,0.396833
16005000,53,232.875,-21638.7,56.4793,0.378203
16020000,68,292.307,-21594.8,69.6304,0.392433
16035000,65,274.773,-21611.2,59.7306,0.39315
16050000,72,312.536,-21598.1,65.7756,0.3894
16065000,73,305.307,-21592.2,79.5702,0.394444
16080000,90,393.988,-21603.3,87.4191,0.410033
16095000,83,342.968,-21607.5,75.8279,0.397067
16110000,62,268.93,-21610.7,55.3194,0.387114
16125000,76,333.726,-21581.2,68.4892,0.400267
16140000,56,253.441,-21626.4,49.7077,0.38408
16155000,55,249.144,-21622.3,59.9906,0.365467
16170000,61,253.666,-21618.1,64.5146,0.373933
16185000,70,302.477,-21590.3,73.7284,0.38605
16200000,58,247.247,-21627.2,59.5918,0.382233
16215000,86,380.201,-21588.6,87.3577,0.400933
16230000,87,401.802,-21585.4,72.7279,0.398733
16245000,89,386.74,-21588.5,78.1896,0.396667
16260000,95,418.013,-21608.2,90.8936,0.426133
16275000,99,430.714,-21566.5,106.841,0.402933
16290000,85,378.581,-21574.4,59.9815,0.395
16305000,94,433.494,-21584.5,99.402,0.4068
16320000,94,416.654,-21581.8,105.142,0.413667
16335000,89,391.329,-21568.3,84.6912,0.415067
16350000,96,401.76,-21594.9,94.3448,0.3958
16365000,69,306.929,-21603.9,73.8943,0.385455
16380000,76,344.625,-21597.9,74.4796,0.3928
16395000,64,283.718,-21608.7,56.1369,0.376167
16410000,64,278.066,-21577.3,68.8231,0.3828
16425000,78,323.005,-21601.3,74.0442,0.3956
16440000,74,322.601,-21601.3,81.8608,0.387017
16455000,75,333.938,-21597.3,63.6357,0.393767
16470000,72,315.828,-21622.3,72.9065,0.4092
16485000,66,292.431,-21635.2,54.9005,0.376715
16500000,74,332.168,-21604.1,80.9037,0.396333
16515000,71,309.196,-21638,78.9731,0.379778
16530000,77,325.746,-21610.3,65.4793,0.385533
16545000,88,392.297,-21616.6,93.0757,0.401067
16560000,85,348.935,-21590.4,99.3929,0.395267
16575000,79,356.986,-21604.3,64.4839,0.400267
16590000,79,350.111,-21601.9,90.7036,0.397467
16605000,63,287.364,-21637.5,79.9244,0.383058
16620000,49,218.139,-21643.1,53.2747,0.379867
16635000,43,185.154,-21647.4,45.7884,0.359
16650000,74,328.76,-21603.7,74.1723,0.396117
16665000,54,232.088,-21627.7,39.158,0.363233
16680000,73,297.719,-21613.7,69.5571,0.395218
16695000,74,312.853,-21596.6,71.6185,0.382622
16710000,75,340.398,-21605,70.2002,0.391533
16725000,65,272.839,-21634.6,66.1466,0.391089
16740000,62,269.066,-21612.4,72.2563,0.3949
16755000,60,262.7,-21606.8,76.1716,0.364133
16770000,69,297.261,-21575.1,69.3055,0.381867
16785000,65,277.154,-21621.5,69.1929,0.386133
16800000,64,264.263,-21616.5,71.8203,0.3764
16815000,55,237.119,-21606.6,54.0707,0.378487
16830000,68,291.357,-21624.2,67.5699,0.3854
16845000,54,242.152,-21613.6,62.5027,0.38212
16860000,61,268.68,-21597.7,61.8109,0.382167
16875000,60,260.473,-21597,41.9698,0.373333
16890000,67,293.075,-21608.6,65.044,0.380267
16905000,60,259.576,-21618.1,45.5382,0.382133
16920000,58,269.722,-21622.1,54.3537,0.379933
16935000,62,269.436,-21631.4,68.9346,0.3735
16950000,63,283.794,-21629.1,63.6987,0.389533
16965000,73,320.261,-21627.1,79.104,0.385455
16980000,62,256.711,-21646.1,61.9357,0.3852
16995000,65,270.546,-21600.9,59.8554,0.37804
17010000,70,301.731,-21592.2,82.6504,0.396489
17025000,61,270.006,-21629.9,51.2665,0.387178
17040000,78,341.555,-21623.7,86.6227,0.396033
17055000,62,274.484,-21620.5,61.8967,0.393267
17070000,101,440.11,-21585,102.636,0.403233
17085000,98,437.628,-21585.2,102.064,0.4052
17100000,91,389.905,-21576.3,75.2124,0.4034
17115000,88,385.573,-21557.9,81.7357,0.3874
17130000,97,414.111,-21567.1,93.7899,0.396267
17145000,93,403.006,-21580.2,95.8022,0.411
17160000,73,314.572,-21632.5,87.5121,0.394042
17175000,93,425.07,-21600.3,108.296,0.413733
17190000,98,439.723,-21578.7,98.923,0.4164
17205000,70,317.444,-21609.8,67.6836,0.400773
17220000,102,461.696,-21564.8,92.8671,0.4075
17235000,102,456.429,-21608.6,92.0183,0.409467
17250000,91,390.028,-21595.8,97.3525,0.4058
17265000,77,337.909,-21600.5,90.0095,0.388133
17280000,86,368.603,-21608.3,95.8829,0.4085
17295000,92,408.073,-21607.9,80.4353,0.411667
17310000,85,370.356,-21617.7,85.3697,0.4068
17325000,81,360.469,-21565.5,61.1393,0.400467
17340000,78,347.178,-21610.7,76.3229,0.4012
17355000,65,293.324,-21614,55.4603,0.396595
17370000,58,249.168,-21612,56.0472,0.396781
17385000,67,274.083,-21613.9,64.5876,0.385667
17400000,67,295.056,-21584.6,58.6576,0.387733
17415000,82,359.591,-21581.3,71.9204,0.39176
17430000,83,373.2,-21617.2,75.9152,0.41
17445000,74,318.328,-21610.8,72.0756,0.3972
17460000,73,323.797,-21603.3,61.4458,0.386
17475000,66,298.451,-21623.6,75.0751,0.387933
17490000,70,305.673,-21597.4,74.9531,0.378067
17505000,65,290.991,-21624.4,63.0115,0.383619
17520000,61,273.091,-21622.3,57.0511,0.391133
17535000,75,344.652,-21605.2,75.9542,0.400033
17550000,76,342.338,-21629.7,73.9288,0.392233
17565000,62,288.324,-21641.8,65.8513,0.373948
17580000,70,302.884,-21618.2,83.7775,0.3804
17595000,66,279.918,-21614.7,61.3021,0.391467
17610000,71,303.265,-21607.9,56.1309,0.3726
17625000,74,324.356,-21636,74.8301,0.376
17640000,63,277.428,-21592.2,59.0403,0.380367
17655000,71,315.352,-21589.8,80.7465,0.381133
17670000,73,324.779,-21604.6,71.4187,0.394733
17685000,65,280.626,-21626.7,53.0338,0.387707
17700000,77,333.808,-21597.1,79.4106,0.387333
17715000,69,290.127,-21576.9,69.7303,0.382667
17730000,56,257.53,-21632.9,55.624,0.392971
17745000,67,292.924,-21628.6,65.3587,0.3844
17760000,60,249.786,-21639.5,70.8,0.379233
17775000,49,204.629,-21608.1,41.6637,0.377967
17790000,72,323.26,-21633,69.0982,0.3862
17805000,81,363.529,-21608.6,87.2995,0.3978
17820000,66,279.139,-21587.8,54.8164,0.382556
17835000,78,337.08,-21610.7,65.1743,0.385133
17850000,69,297.887,-21604.4,66.6559,0.396933
17865000,67,298.813,-21593.3,76.5722,0.403967
17880000,68,289.384,-21597.3,77.846,0.386
17895000,85,373.859,-21600.4,79.4873,0.3954
17910000,75,317.908,-21640.4,59.9811,0.385345
17925000,71,298.276,-21588.7,82.6303,0.392733
17940000,90,412.12,-21618.3,88.2808,0.401644
17955000,75,335.706,-21601.3,72.9247,0.391733
17970000,69,287.085,-21575.8,81.7501,0.371267
17985000,62,227.076,-21589.5,60.0698,0.367467
18000000,84,390.48,-21609.5,87.1472,0.391683
18015000,80,358.752,-21605.7,90.4296,0.406267
18030000,58,249.519,-21636.3,67.0932,0.381
18045000,72,331.295,-21618.3,71.3602,0.412733
18060000,81,366.319,-21597.4,69.1763,0.388293
18075000,80,348.55,-21624.6,73.9839,0.406933
18090000,67,291.118,-21623.4,69.8154,0.37885
18105000,78,322.559,-21610.9,66.0085,0.398967
18120000,68,298.431,-21635.7,63.1817,0.390067
18135000,67,275.83,-21618,54.9666,0.383822
18150000,68,309.734,-21614.1,62.0904,0.3884
18165000,79,335.074,-21593,62.4578,0.389311
18180000,73,305.018,-21600,68.2109,0.386267
18195000,66,288.63,-21589.4,71.1558,0.3898
18210000,56,253.247,-21645.7,53.0416,0.379667
18225000,89,393.943,-21610,77.9985,0.401933
18240000,75,334.999,-21620.2,84.8759,0.407733
18255000,85,375.41,-21632.3,79.9151,0.400373
18270000,86,382.826,-21594.4,89.5239,0.395033
18285000,80,352.113,-21617.2,88.8391,0.408867
18300000,53,228.439,-21610.9,50.4113,0.389822
18315000,70,321.385,-21599.2,63.7944,0.385467
18330000,70,291.27,-21602.3,73.5365,0.380107
18345000,70,305.1,-21605.4,70.6227,0.3828
18360000,75,320.549,-21615.1,71.4166,0.405022
18375000,83,359.336,-21580.9,78.8472,0.4098
18390000,84,364.869,-21604.7,96.6399,0.390689
18405000,84,374.841,-21597.8,82.7329,0.4074
18420000,66,279.323,-21615,52.5758,0.399033
18435000,65,279.809,-21582.9,69.7678,0.378533
18450000,76,344.339,-21574.6,82.7619,0.397222
18465000,74,308.173,-21626.9,83.548,0.396533
18480000,74,324.031,-21627.6,67.0129,0.393067
18495000,75,308.601,-21617.5,87.2476,0.399133
18510000,69,294.908,-21630.1,75.2972,0.3952
18525000,66,286.293,-21596.8,56.8636,0.378056
18540000,70,328.179,-21617.1,71.8693,0.382533
18555000,85,370.06,-21579.9,87.6617,0.395444
18570000,84,374.292,-21607.4,95.4545,0.400267
18585000,74,325.147,-21600.9,71.938,0.3968
18600000,72,326.606,-21600.3,72.0853,0.393533
18615000,69,301.597,-21612.7,66.5695,0.3787
18630000,68,306.845,-21612.5,54.9371,0.384867
18645000,63,275.771,-21646.7,73.1171,0.390324
18660000,75,316.629,-21604.6,76.7988,0.398733
18675000,59,259.365,-21612.4,67.5109,0.378956
18690000,66,298.465,-21620.1,62.4516,0.381711
18705000,65,282.49,-21623.7,57.5467,0.391644
18720000,69,312.366,-21630.3,60.8088,0.381933
18735000,76,341.737,-21613.2,75.7711,0.386467
18750000,77,331.489,-21611,91.7506,0.4028
18765000,65,285.718,-21636.5,67.2867,0.386433
18780000,61,263.882,-21612.1,56.813,0.401867
18795000,61,261.761,-21618.5,66.5107,0.370125
18810000,63,269.419,-21621.4,57.5701,0.3768
18825000,73,309.914,-21608.4,77.7425,0.3854
18840000,81,350.287,-21629.3,73.6125,0.4074
18855000,77,340.068,-21614.3,77.1764,0.401067
18870000,72,321.902,-21631.1,66.1062,0.4088
18885000,65,282.99,-21641,59.1224,0.403867
18900000,50,214.731,-21642.1,36.7599,0.378076
18915000,56,244.438,-21654.9,51.5585,0.38812
18930000,55,240.528,-21635.6,53.773,0.372933
18945000,69,301.423,-21637.2,72.2106,0.376267
18960000,62,273.417,-21637.4,73.8022,0.381733
18975000,64,285.765,-21645.9,63.7341,0.3916
18990000,63,273.439,-21607.6,70.2622,0.387562
19005000,72,328.809,-21617.7,60.6189,0.406667
19020000,77,355.19,-21595.7,70.0858,0.402333
19035000,57,255.16,-21643.6,64.7218,0.378933
19050000,72,304.559,-21618.4,79.0456,0.399867
19065000,67,290.886,-21627.5,59.6343,0.391922
19080000,71,312.835,-21623.6,63.644,0.408133
19095000,67,302.072,-21625.9,72.8994,0.4082
19110000,62,281.483,-21623.1,48.0963,0.400767
19125000,46,209.624,-21659.2,42.3213,0.366689
19140000,83,360.589,-21629.4,79.2754,0.404933
19155000,79,344.641,-21626.5,96.2718,0.406467
19170000,75,332.589,-21609.9,68.5174,0.395653
19185000,80,357.269,-21604.8,88.8368,0.400167
19200000,88,406.859,-21623.2,104.095,0.402133
19215000,83,349.086,-21594.5,91.282,0.400933
19230000,73,325.418,-21593.4,75.3569,0.397
19245000,55,255.286,-21642.1,43.3521,0.385667
19260000,79,354.872,-21608,91.6956,0.395333
19275000,80,362.181,-21608.7,83.8446,0.409067
19290000,92,394.987,-21595.4,94.733,0.405533
19305000,74,299.299,-21579.6,72.2887,0.404
19320000,77,358.057,-21609.5,78.9315,0.378005
19335000,74,327.385,-21613,78.6809,0.399667
19350000,63,273.452,-21646.1,54.6624,0.396486
19365000,70,321.509,-21607.7,87.3364,0.390067
19380000,58,255.276,-21607.9,57.4158,0.371667
19395000,46,189.307,-21641.9,49.913,0.392578
19410000,62,281.931,-21602.5,64.8168,0.3769
19425000,58,250.444,-21603.6,45.7643,0.3712
19440000,55,249.404,-21636.9,46.2936,0.376044
19455000,76,337.092,-21603.8,84.7232,0.374233
19470000,68,306.645,-21640.2,77.4584,0.392909
19485000,79,335.601,-21598.7,87.0227,0.4022
19500000,76,327.148,-21612.7,85.6277,0.399667
19515000,76,315.48,-21595,91.4205,0.4004
19530000,75,335.918,-21602.9,67.8031,0.394633
19545000,70,305.611,-21618.8,69.8986,0.379267
19560000,67,284.819,-21609.6,64.0483,0.386733
19575000,74,316.861,-21603,92.2718,0.3894
19590000,74,324.658,-21594.7,63.336,0.385419
19605000,77,339.658,-21596.6,91.8877,0.388233
19620000,76,345.549,-21626.4,88.2952,0.3823
19635000,81,364.053,-21608.3,100.492,0.408933
19650000,84,394.397,-21620.2,84.5139,0.396356
19665000,66,303.285,-21615.9,72.3676,0.373183
19680000,73,326.848,-21623.3,67.9795,0.399767
19695000,71,336.743,-21606.3,62.7,0.383733
19710000,77,338.251,-21588.4,75.0533,0.391733
19725000,67,296.154,-21600.6,57.3917,0.378
19740000,53,237.91,-21632.3,46.4827,0.39635
19755000,64,275.994,-21655.3,73.5911,0.38545
19770000,59,258.717,-21607.9,59.4454,0.364644
19785000,64,280.867,-21643.4,77.3642,0.392933
19800000,64,270.256,-21605.5,51.5971,0.370133
19815000,60,268.447,-21612.2,48.0967,0.3748
19830000,65,299.865,-21627.2,56.061,0.394289
19845000,70,305.646,-21615.9,73.3004,0.396267
19860000,60,256.224,-21626.7,55.2752,0.39704
19875000,64,279.662,-21616.9,66.2732,0.3905
19890000,69,305.487,-21631.5,82.0048,0.397578
19905000,56,248.551,-21625.4,56.1824,0.381444
19920000,67,287.356,-21654.9,71.3918,0.405733
19935000,54,235.804,-21626.5,46.6964,0.36975
19950000,67,296.833,-21632.6,74.8809,0.3682
19965000,62,282.177,-21644.1,63.5563,0.371567
19980000,58,271.091,-21630.8,71.799,0.385867
19995000,50,225.786,-21644.8,47.8135,0.3845
20010000,55,248.179,-21660,62.7365,0.395033
20025000,57,252.705,-21624.7,46.7408,0.370733
20040000,59,269.16,-21661.3,45.2971,0.385167
20055000,52,228.597,-21613.7,46.5991,0.365683
20070000,56,251.781,-21608.2,54.2391,0.3682
20085000,63,279.392,-21611.7,63.9052,0.375733
20100000,70,314.537,-21609.9,67.5888,0.387733
20115000,73,320.489,-21603.8,62.6569,0.398333
20130000,58,266.87,-21630.5,53.6131,0.395333
20145000,50,225.262,-21626.3,53.1847,0.371375
20160000,61,267.051,-21626.7,65.1773,0.3831
20175000,68,302.489,-21631.4,63.4608,0.383311
20190000,64,286.335,-21598.4,61.2957,0.358222
20205000,65,289.711,-21653.7,67.6009,0.373822
20220000,76,347.049,-21632.2,78.7801,0.398911
20235000,66,296.625,-21626,57.9585,0.408133
20250000,70,322.327,-21630.8,60.5842,0.3992
20265000,68,276.262,-21604.8,79.0611,0.389507
20280000,65,291.689,-21583.6,61.1639,0.391067
20295000,69,315.012,-21601.5,58.7629,0.402089
20310000,67,290.512,-21617.2,65.5433,0.383305
20325000,59,259.077,-21611.8,64.034,0.383133
20340000,58,243.254,-21621.8,60.7684,0.3758
20355000,75,330.515,-21586.4,83.098,0.399383
20370000,79,344.213,-21598.2,84.4009,0.398067
20385000,69,306.193,-21611.6,65.881,0.385333
20400000,77,331.024,-21586.5,83.0429,0.397467
20415000,77,329.949,-21600.1,80.522,0.403
20430000,67,284.002,-21616.2,60.469,0.387887
20445000,70,305.461,-21584.2,85.2325,0.388033
20460000,80,338.599,-21590.6,89.0872,0.392933
20475000,79,330.165,-21577.8,88.5709,0.385733
20490000,81,341.496,-21601.9,72.6415,0.3924
20505000,77,329.054,-21599.2,67.0797,0.39284
20520000,79,334.883,-21617,87.7242,0.401933
20535000,72,316.902,-21595.3,70.2931,0.400267
20550000,71,296.273,-21604.4,67.1002,0.381733
20565000,51,207.209,-21613.6,49.6779,0.378572
20580000,46,203.183,-21628.2,48.1077,0.351733
20595000,64,264.587,-21625,70.7722,0.3686
20610000,67,303.76,-21600.2,71.3927,0.383683
20625000,74,295.328,-21601.2,65.4937,0.387507
20640000,74,314.639,-21598.7,65.0934,0.3896
20655000,70,314.754,-21608.3,84.8968,0.39
20670000,66,287.837,-21602.9,66.0303,0.392933
20685000,58,263.602,-21623.2,67.771,0.367022
20700000,59,235.628,-21626.8,70.8397,0.374833
20715000,62,255.897,-21613.8,66.9195,0.363367
20730000,78,353.362,-21604,75.9203,0.393467
20745000,68,304.311,-21609.6,65.4504,0.4088
20760000,67,280.441,-21619.1,68.8747,0.399467
20775000,60,267.751,-21616.3,53.5891,0.379733
20790000,65,277.669,-21629.6,59.2969,0.384733
20805000,59,248.527,-21612,58.4113,0.372256
20820000,62,287.077,-21615.7,63.7482,0.382267
20835000,65,277.404,-21631.2,64.8185,0.398378
20850000,64,294.887,-21630.1,60.2605,0.379156
20865000,62,277.615,-21632.1,61.8821,0.3886
20880000,61,281.349,-21613.4,63.0607,0.375433
20895000,64,258.995,-21630.5,62.4424,0.381493
20910000,74,328.066,-21620.7,81.1123,0.401533
20925000,74,335.962,-21618.4,71.0163,0.3997
20940000,66,284.239,-21615.3,68.2834,0.395933
20955000,56,233.739,-21601.7,59.2825,0.376444
20970000,60,263.983,-21596.8,60.4136,0.382633
20985000,81,355.019,-21589.1,77.5607,0.383533
21000000,56,249.602,-21613.1,62.7507,0.379533
21015000,66,297.895,-21596.7,60.9802,0.388733
21030000,56,251.423,-21606.7,72.0695,0.376873
21045000,74,315.565,-21615.2,72.9882,0.376756
21060000,69,306.441,-21602.2,55.1764,0.3826
21075000,68,306.751,-21610.6,71.4868,0.378933
21090000,67,289.724,-21604.1,72.1344,0.388147
21105000,63,287.546,-21587,65.2492,0.376333
21120000,77,314.778,-21589.4,100.928,0.3852
21135000,75,323.052,-21576.6,66.8347,0.382633
21150000,81,334.703,-21592,70.3181,0.4006
21165000,70,307.718,-21589.1,68.3038,0.396667
21180000,68,297.622,-21604.9,67.8797,0.377133
21195000,60,262.757,-21640.3,48.6281,0.37503
21210000,70,302.326,-21621.5,62.9025,0.388667
21225000,73,329.105,-21589.6,81.1114,0.375844
21240000,55,235.555,-21588.4,50.954,0.382667
21255000,64,275.319,-21610.8,60.8454,0.389978
21270000,71,322.224,-21598.8,83.0292,0.3707
21285000,77,351.723,-21586.5,77.5508,0.396333
21300000,73,332.578,-21578.5,83.5618,0.381867
21315000,62,254.538,-21617.2,61.7224,0.388667
21330000,58,235.475,-21609,51.3089,0.38896
21345000,65,292.522,-21613.4,66.8648,0.378133
21360000,64,267.984,-21619.5,69.5873,0.374133
21375000,61,264.797,-21623.9,67.8141,0.383369
21390000,65,291.445,-21618.5,65.64,0.381293
21405000,58,245.015,-21629.7,50.808,0.3804
21420000,67,301.966,-21595.7,72.2589,0.393633
21435000,78,331.91,-21605.9,75.4026,0.3882
21450000,79,352.295,-21595.1,66.3197,0.38796
21465000,77,334.41,-21591.9,78.098,0.391533
21480000,81,348.633,-21620.7,89.6803,0.3934
21495000,67,304.011,-21639.8,71.2918,0.396267
21510000,75,328.944,-21631.4,69.7734,0.396067
21525000,67,294.72,-21636.5,76.7932,0.4014
21540000,67,284.375,-21627.4,75.2099,0.39
21555000,68,302.94,-21611.7,61.0323,0.388133
21570000,73,325.412,-21627.5,68.2215,0.3833
21585000,80,362.586,-21615.7,83.3945,0.4096
21600000,72,322.193,-21617.2,79.7576,0.4036
21615000,74,312.96,-21597.4,69.0334,0.395717
21630000,75,321.943,-21589.5,75.867,0.382867
21645000,81,356.863,-21593.9,73.838,0.399
21660000,78,356.124,-21599.5,86.0074,0.395067
21675000,76,330.789,-21611.3,58.0951,0.392867
21690000,73,340.594,-21589.2,84.2733,0.391111
21705000,65,275.044,-21594.9,65.3104,0.379423
21720000,64,269.728,-21593,72.2331,0.388667
21735000,63,277.003,-21606.4,57.414,0.3741
21750000,65,281.463,-21612.9,68.2386,0.387
21765000,62,267.783,-21618.2,59.5643,0.389133
21780000,62,267.006,-21619.8,61.3803,0.381811
21795000,54,237.011,-21625.9,42.2014,0.374733
21810000,79,344.685,-21604.1,77.6776,0.377822
21825000,65,280.708,-21604,61.8597,0.368822
21840000,67,289.199,-21628.4,64.6469,0.397667
21855000,61,263.839,-21620.7,55.1995,0.3777
21870000,59,247.871,-21630.9,63.8878,0.368333
21885000,60,253.73,-21623.8,62.5235,0.372367
21900000,76,332.167,-21604.4,82.2134,0.365767
21915000,70,299.975,-21632.6,68.4884,0.3956
21930000,60,261.108,-21631.3,70.0007,0.392058
21945000,52,213.865,-21636.9,60.306,0.375583
21960000,57,259.88,-21643.5,53.2526,0.371733
21975000,75,313.451,-21602.9,84.9182,0.39065
21990000,73,321.393,-21607.9,77.1369,0.392133
22005000,76,311.512,-21582.4,87.4194,0.379533
22020000,65,259.173,-21636.8,61.2464,0.376907
22035000,58,243.929,-21596.6,44.1498,0.375967
22050000,71,304.924,-21585.9,69.6584,0.372133
22065000,73,299.95,-21585.2,79.8412,0.3804
22080000,64,280.653,-21601.7,52.5694,0.385667
22095000,74,313.642,-21595.3,64.4463,0.381333
22110000,76,337.901,-21610,89.2456,0.3834
22125000,68,304.401,-21618.3,70.5506,0.387867
22140000,77,323.443,-21608.3,63.1465,0.385267
22155000,71,311.554,-21614.4,83.3932,0.396333
22170000,65,284.057,-21665.1,71.8282,0.383595
22185000,75,311.872,-21653,84.1354,0.408
22200000,97,423.477,-21622.2,104.008,0.406644
22215000,73,317.515,-21617.2,76.7746,0.4224
22230000,70,293.904,-21618,88.3203,0.384859
22245000,64,269.491,-21610.2,48.4292,0.381533
22260000,59,261.311,-21622.1,50.6008,0.39372
22275000,60,259.165,-21636.5,61.336,0.3831
22290000,60,263.859,-21620.3,65.6633,0.393413
22305000,60,259.471,-21607.9,56.6792,0.3794
22320000,69,287.604,-21600,72.6503,0.3844
22335000,56,253.55,-21631.6,53.8252,0.386533
22350000,50,222.128,-21640.4,50.3353,0.3636
22365000,80,345.671,-21615.9,85.8294,0.392
22380000,51,218.449,-21643,48.8259,0.364667
22395000,72,317.844,-21598.6,65.7427,0.3982
22410000,62,276.329,-21609.7,66.9532,0.380867
22425000,69,297.042,-21603.7,70.2517,0.377867
22440000,45,201.143,-21636.7,31.244,0.361133
22455000,66,303.129,-21634.9,66.0299,0.389567
22470000,77,345.761,-21602.6,86.8113,0.404778
22485000,80,344.886,-21616.8,81.5241,0.405867
22500000,76,322.935,-21616.1,86.8419,0.400933
22515000,62,282.997,-21635.8,61.5098,0.385383
22530000,57,239.729,-21635.7,49.8744,0.367811
22545000,52,233.546,-21641.2,49.4578,0.374433
22560000,71,313.501,-21635.6,78.6279,0.390433
22575000,53,237.165,-21645,43.2584,0.380267
22590000,62,274.421,-21617.3,63.6798,0.389333
22605000,79,352.279,-21601.6,82.6377,0.389089
22620000,73,323.035,-21617.8,73.2318,0.4062
22635000,69,318.505,-21626.8,61.2075,0.399667
22650000,67,305.164,-21633.1,60.6442,0.3868
22665000,57,249.01,-21635.8,60.9248,0.370319
22680000,68,291.384,-21633.5,66.0114,0.397267
22695000,76,329.529,-21649.4,87.9893,0.3946
22710000,55,230.593,-21643.6,59.0865,0.369289
22725000,60,263.767,-21634.5,62.0012,0.394567
22740000,68,294.287,-21626,69.965,0.376887
22755000,64,277.148,-21624.4,74.5558,0.380333
22770000,75,324.154,-21608.7,83.9863,0.388933
22785000,55,248.012,-21625,45.8242,0.365027
22800000,67,299.435,-21622.9,56.3399,0.3935
22815000,68,294.906,-21610.6,65.6367,0.397867
22830000,63,284.461,-21628.1,54.2096,0.385533
22845000,79,345.592,-21613.4,72.5473,0.3915
22860000,79,356.326,-21623.2,75.5771,0.406667
22875000,49,223.05,-21650.6,32.2414,0.3581
22890000,81,362.59,-21603.4,72.89,0.4089
22905000,55,238.26,-21653.4,61.0783,0.366267
22920000,54,248.223,-21646.7,52.315,0.373667
22935000,48,212.861,-21630.8,50.9054,0.367533
22950000,55,237.102,-21644,48.7854,0.390208
22965000,75,340.245,-21601.7,76.1427,0.39336
22980000,55,240.267,-21640.2,43.8939,0.3915
22995000,52,233.601,-21625.8,43.2818,0.388
23010000,69,283.28,-21573.2,71.2814,0.396844
23025000,79,333.46,-21582.2,72.7728,0.384533
23040000,57,253.839,-21608.2,54.428,0.371911
23055000,70,298.298,-21599.2,69.9252,0.384233
23070000,70,305.974,-21621,91.284,0.387333
23085000,53,240.553,-21621.9,62.7967,0.372
23100000,68,294.768,-21589.6,73.2711,0.390667
23115000,80,334.487,-21592.9,92.1554,0.393022
23130000,84,365.046,-21576.2,91.4491,0.408533
23145000,71,311.55,-21581.4,72.1204,0.3924
23160000,76,335.148,-21569.1,74.1111,0.381
23175000,82,358.517,-21570.3,66.7809,0.392733
23190000,76,326.864,-21567.4,77.2311,0.388267
23205000,87,375.262,-21574.4,75.0071,0.403
23220000,96,425.273,-21566.9,97.6081,0.404067
23235000,103,449.563,-21569.8,114.408,0.4184
23250000,99,438.196,-21586.3,87.2352,0.4154
23265000,87,387.139,-21593.3,83.2028,0.420933
23280000,91,397.133,-21603.5,98.8536,0.409467
23295000,89,377.444,-21601.2,101.584,0.409667
23310000,92,394.763,-21575.9,82.9884,0.411667
23325000,60,252.442,-21606.6,54.7511,0.379369
23340000,66,286.093,-21610.7,57.0205,0.379467
23355000,78,331.826,-21609.1,82.0672,0.400978
23370000,78,343.803,-21603.2,72.992,0.412867
23385000,58,249.789,-21640.8,58.1216,0.372111
23400000,68,310.483,-21626.2,64.8267,0.398533
23415000,91,409.403,-21578.7,94.3235,0.4026
23430000,82,369.96,-21623.8,59.314,0.3952
23445000,89,390.802,-21574.2,89.7282,0.400833
23460000,86,388.707,-21601.7,86.4541,0.398
23475000,79,340.608,-21589.2,78.5241,0.400067
23490000,70,299.183,-21595.1,79.0819,0.3844
23505000,76,327.927,-21600.7,62.1988,0.391333
23520000,68,294.908,-21614.5,63.6043,0.386067
23535000,57,254.073,-21629.7,63.6241,0.384562
23550000,56,233.465,-21611.7,51.3522,0.383667
23565000,61,265.165,-21632.7,75.0412,0.385667
23580000,63,256.778,-21619.7,56.3202,0.378592
23595000,83,358.712,-21611.8,82.9437,0.39292
23610000,67,289.718,-21634.2,66.8008,0.390244
23625000,89,385.741,-21587.8,73.4933,0.404
23640000,71,316.729,-21608.8,61.0195,0.393667
23655000,80,343.158,-21607.9,88.8526,0.410867
23670000,64,269.357,-21652.4,59.1968,0.3821
23685000,63,277.634,-21641.1,50.7907,0.385067
23700000,59,264.412,-21606.4,71.9106,0.398511
23715000,66,288.087,-21599.5,66.9174,0.396453
23730000,73,307.641,-21631.6,82.4469,0.382689
23745000,62,270.845,-21628.5,55.7302,0.375467
23760000,61,273.973,-21639.4,69.2256,0.379
23775000,59,261.571,-21632.4,56.653,0.3872
23790000,68,303.707,-21621.4,57.0992,0.392333
23805000,61,268.847,-21618,70.223,0.388
23820000,63,257.513,-21601.1,61.0424,0.374
23835000,58,253.956,-21611.7,69.5322,0.385967
23850000,60,268.575,-21637.2,64.8459,0.375578
23865000,87,375.191,-21627.9,78.249,0.391433
23880000,49,208.789,-21647.6,53.9676,0.383833
23895000,59,259.056,-21638.7,48.5088,0.401
23910000,66,302.282,-21610.1,54.3126,0.396533
23925000,59,249.932,-21629.3,71.8694,0.37221
23940000,45,206.63,-21643.8,39.4092,0.35965
23955000,51,224.321,-21639.8,59.4548,0.365667
23970000,63,266.165,-21631.1,62.4576,0.3708
23985000,76,332.749,-21606.1,81.4032,0.387533
24000000,81,354.425,-21609,88.7752,0.4078
24015000,62,260.793,-21607.5,63.8768,0.391244
24030000,76,329.933,-21611.4,88.4959,0.395567
24045000,84,360.594,-21616.1,82.1186,0.4076
24060000,74,328.922,-21623.6,68.3199,0.408133
24075000,56,230.881,-21608.9,64.7667,0.37105
24090000,77,330.948,-21604.4,60.8954,0.404467
24105000,78,345.59,-21609,77.1009,0.3974
24120000,50,202.987,-21634.2,50.6749,0.374709
24135000,75,321.28,-21606.2,71.3236,0.393533
24150000,68,290.49,-21616.3,63.7384,0.3922
24165000,57,245.592,-21640.1,60.5475,0.365489
24180000,62,273.492,-21638.4,65.8217,0.383733
24195000,52,238.597,-21630.1,51.847,0.376933
24210000,51,220.621,-21651.9,51.2234,0.36
24225000,65,275.884,-21626.9,68.1128,0.385711
24240000,58,244.37,-21609.8,61.6796,0.366109
24255000,66,295.722,-21621.4,63.0321,0.386867
24270000,52,212.446,-21635.8,59.23,0.373567
24285000,60,270.541,-21625.3,54.5249,0.3897
24300000,67,295.679,-21626,69.0467,0.384533
24315000,58,253.185,-21635.8,65.1429,0.388667
24330000,68,285.057,-21617.9,70.3669,0.400933
24345000,69,304.384,-21620.4,80.2427,0.396867
24360000,61,273.288,-21636.7,68.7929,0.368544
24375000,66,294.927,-21620.8,63.4653,0.3972
24390000,58,255.148,-21641.8,64.6748,0.3926
24405000,49,197.945,-21639.8,55.3795,0.3744
24420000,77,323.684,-21623.2,103.319,0.3822
24435000,69,295.783,-21630.2,69.0709,0.404733
24450000,73,308.629,-21636.2,65.9134,0.4006
24465000,67,300.578,-21643.8,72.2285,0.393533
24480000,62,269.703,-21621,67.9641,0.3927
24495000,71,327.13,-21627.1,75.3357,0.398067
24510000,71,327.168,-21629.7,63.131,0.394333
24525000,60,263.024,-21628,68.044,0.3901
24540000,66,280.935,-21656.9,59.875,0.4006
24555000,64,284.058,-21649.8,73.891,0.385
24570000,73,317.106,-21610.6,77.5313,0.380267
24585000,73,326.462,-21649.9,74.8646,0.390356
24600000,52,232.281,-21630.5,57.7922,0.366372
24615000,64,268.089,-21613.2,54.9291,0.391933
24630000,71,312.774,-21636.9,76.1744,0.397867
24645000,70,304.1,-21618.9,70.7773,0.389933
24660000,75,338.053,-21640.7,74.2777,0.398267
24675000,61,283.868,-21620.3,64.829,0.36256
24690000,69,307.16,-21617.4,82.3015,0.3893
24705000,64,280.96,-21625.2,54.4362,0.393433
24720000,67,300.088,-21626.2,63.4145,0.398467
24735000,66,295.34,-21624.6,55.575,0.393267
24750000,75,321.31,-21603.7,72.2661,0.394
24765000,78,342.622,-21613.5,86.5207,0.390267
24780000,53,248.948,-21613.5,54.1918,0.375057
24795000,75,316.855,-21637.1,83.1226,0.407433
24810000,61,278.483,-21605.5,71.0753,0.383633
24825000,73,316.619,-21605.5,66.9543,0.395733
24840000,85,356.578,-21620.5,78.1259,0.395933
24855000,70,314.891,-21625.3,67.211,0.3898
24870000,67,296.242,-21617,68.2297,0.389533
24885000,71,330.991,-21622.5,83.7399,0.401356
24900000,72,333.722,-21598,79.5372,0.3817
24915000,65,284.48,-21626.2,88.6641,0.372914
24930000,77,346.017,-21619.1,58.3219,0.385067
24945000,75,335.315,-21590.9,86.4144,0.391467
24960000,79,355.212,-21587.9,84.3421,0.391333
24975000,77,335.593,-21579.7,68.1169,0.397733
24990000,74,307.019,-21580.2,70.5732,0.403867
25005000,75,326.456,-21623.1,77.0703,0.398133
25020000,72,310.317,-21578.4,80.4664,0.391367
25035000,66,286.071,-21608.2,72.8541,0.3828
25050000,70,302.655,-21613,71.6802,0.388
25065000,73,327.664,-21620.9,75.438,0.3986
25080000,77,339.149,-21602.2,70.5662,0.388107
25095000,72,311.271,-21609.3,65.5157,0.401667
25110000,76,316.077,-21616.1,79.4868,0.386267
25125000,70,309.429,-21561.1,76.1293,0.3881
25140000,79,329.747,-21587,93.1261,0.385133
25155000,66,282.646,-21642.6,59.7507,0.387467
25170000,69,294.752,-21640.5,70.9139,0.400067
25185000,63,277.62,-21568.4,71.1747,0.385667
25200000,66,296.715,-21582.6,77.3161,0.379933
25215000,79,345.439,-21639.9,73.475,0.394778
25230000,81,352.584,-21588.1,79.2914,0.3797
25245000,70,308.29,-21621.7,80.6365,0.410167
25260000,91,387.717,-21623.9,89.8043,0.4014
25275000,83,359.095,-21595.1,73.6633,0.399333
25290000,67,288.747,-21615.3,52.0748,0.399433
25305000,64,294.085,-21657,56.3485,0.3987
25320000,79,319.793,-21602,83.4841,0.394111
25335000,70,308.348,-21601.2,81.7426,0.394133
25350000,70,297.088,-21635,71.967,0.395489
25365000,66,267.538,-21611.2,63.4757,0.373933
25380000,75,307.891,-21615.9,77.5842,0.385267
25395000,67,293,-21611.9,72.3751,0.388267
25410000,65,284.826,-21617.9,68.2648,0.377933
25425000,62,272.511,-21610.6,72.3342,0.369
25440000,67,284.696,-21632.8,62.8853,0.390411
25455000,57,254.612,-21628.2,50.5482,0.377613
25470000,66,294.837,-21634.5,74.396,0.384667
25485000,67,270.056,-21621,72.5752,0.37565
25500000,82,358.07,-21643.6,72.3917,0.392383
25515000,84,365.081,-21608.1,78.773,0.406733
25530000,60,272.062,-21614.3,65.2343,0.380511
25545000,81,346.047,-21631,87.6952,0.41
25560000,81,351.641,-21625.3,75.8728,0.3972
25575000,62,269.104,-21593.3,65.6029,0.399667
25590000,69,296.712,-21602.7,80.3771,0.378667
25605000,67,293.566,-21597.7,78.1361,0.3832
25620000,77,352.921,-21591.6,83.0856,0.374333
25635000,79,356.65,-21599.5,75.746,0.383182
25650000,83,360.942,-21637.5,78.4483,0.396667
25665000,81,373.028,-21592.8,95.3675,0.4048
25680000,78,347.539,-21590.4,94.7993,0.395093
25695000,73,306.627,-21575.1,64.4242,0.3948
25710000,77,340.857,-21576.9,62.7494,0.3886
25725000,83,359.94,-21588.3,88.2962,0.381333
25740000,97,434.674,-21585.4,79.8983,0.400156
25755000,73,323.38,-21596.2,75.242,0.391567
25770000,80,349.875,-21597.8,79.4543,0.390667
25785000,73,296.551,-21593.6,59.829,0.3854
25800000,70,301.897,-21576.3,82.619,0.376533
25815000,68,287.573,-21603.7,73.0897,0.395773
25830000,69,293.171,-21578.5,57.0245,0.3813
25845000,75,332.94,-21598,72.5031,0.377333
25860000,78,343.289,-21589.5,76.6998,0.390667
25875000,67,285.936,-21573.2,76.9642,0.387067
25890000,73,329.822,-21609.2,61.5624,0.392173
25905000,63,269.593,-21600,69.2223,0.377467
25920000,67,304.571,-21585.5,80.9376,0.379578
25935000,64,286.639,-21604.1,53.6459,0.3792
25950000,79,350.408,-21610.5,72.0888,0.3768
25965000,77,345.334,-21613.1,96.4493,0.3894
25980000,80,348.556,-21604.6,73.5641,0.401467
25995000,65,283.648,-21624.8,68.7947,0.393667
26010000,66,292.226,-21606.3,66.0311,0.3813
26025000,68,299.063,-21627.7,69.3844,0.3783
26040000,65,279.027,-21598.7,70.1706,0.3716
26055000,63,277.114,-21644.9,57.3624,0.386067
26070000,58,255.913,-21639.4,64.5349,0.381733
26085000,52,219.115,-21626.3,62.2613,0.384586
26100000,64,292.678,-21633.6,62.4413,0.381583
26115000,76,327.43,-21606.4,70.4212,0.393222
26130000,66,295.47,-21644.2,61.0054,0.381489
26145000,76,313.583,-21631.3,65.4479,0.385467
26160000,67,297.523,-21604.7,65.0694,0.379867
26175000,62,280.686,-21612.7,62.2636,0.377333
26190000,54,238.708,-21638.8,49.2324,0.386783
26205000,70,292.9,-21616,78.2731,0.394733
26220000,71,306.667,-21609.2,65.3931,0.388733
26235000,77,334.85,-21631.1,60.2908,0.388333
26250000,78,329.246,-21658.6,91.5855,0.399914
26265000,89,381.164,-21613.4,79.5247,0.4037
26280000,68,292.63,-21590.1,70.1388,0.3934
26295000,75,317.849,-21591,70.6591,0.3902
26310000,59,265.256,-21629.6,60.6991,0.39805
26325000,73,321.531,-21606.9,69.971,0.392067
26340000,85,374.556,-21599.4,85.5456,0.398667
26355000,71,317.595,-21623.7,58.1556,0.402311
26370000,72,327.939,-21603.9,65.8865,0.3823
26385000,75,336.009,-21615.2,81.9363,0.380267
26400000,83,365.64,-21633,85.6452,0.401733
26415000,57,246.856,-21661.7,72.3692,0.376671
26430000,75,332.394,-21619.3,68.4895,0.385133
26445000,76,335.123,-21617.6,81.9193,0.399178
26460000,72,301.139,-21620.8,83.2799,0.385467
26475000,72,331.675,-21612.3,76.6033,0.391233
26490000,75,336.109,-21620.9,76.2357,0.387267
26505000,61,274.108,-21631.3,54.8748,0.3842
26520000,55,238.886,-21624.1,72.5075,0.37945
26535000,65,283.522,-21643.2,59.5804,0.391733
26550000,61,268.198,-21630.5,63.7007,0.389
26565000,55,240.614,-21630.6,53.7581,0.37128
26580000,61,271.403,-21646.2,69.4434,0.379267
26595000,69,286.123,-21636.4,78.7176,0.385533
26610000,76,332.669,-21618.1,75.5686,0.399
26625000,73,311.397,-21612.5,76.2412,0.390027
26640000,65,279.324,-21612.5,63.5076,0.3786
26655000,66,286.85,-21618.6,64.8638,0.381733
26670000,73,309.957,-21626.4,82.0013,0.387733
26685000,74,324.796,-21630.8,75.3056,0.396133
26700000,74,323.896,-21595.3,74.2753,0.389567
26715000,55,222.007,-21628.4,77.2851,0.3902
26730000,57,243.619,-21612.1,71.2122,0.393267
26745000,58,245.338,-21646.5,60.0325,0.3932
26760000,72,306.52,-21613.7,60.3528,0.3878
26775000,72,317.721,-21631.6,66.1855,0.393283
26790000,67,294.668,-21633.8,60.0854,0.4032
26805000,65,277.376,-21630.8,65.9656,0.39695
26820000,69,307.035,-21637,69.8417,0.407067
26835000,77,337.099,-21614.9,85.3788,0.398289
26850000,63,283.144,-21608.5,80.6916,0.396567
26865000,53,244.033,-21640.2,48.1735,0.375324
26880000,79,339.566,-21608.1,78.8438,0.400367
26895000,85,389.022,-21610.3,102.18,0.398733
26910000,81,360.244,-21609.3,84.6089,0.417067
26925000,65,288.013,-21629.4,71.728,0.397489
26940000,70,293.889,-21603.9,56.6378,0.391733
26955000,73,329.021,-21606.8,83.4682,0.387
26970000,69,304.366,-21602.4,71.0449,0.399
26985000,72,330.377,-21613.3,75.6042,0.401133
27000000,80,352.014,-21605.6,77.2904,0.379453
27015000,70,315.975,-21598.3,68.0698,0.394133
27030000,75,345.249,-21598.5,73.1226,0.391733
27045000,74,324.43,-21587.5,90.9631,0.3826
27060000,77,353.212,-21584.2,66.8889,0.389267
27075000,55,233.013,-21647.9,47.1718,0.373443
27090000,82,365.916,-21624.8,87.1929,0.3921
27105000,65,280.012,-21624.9,63.3726,0.3916
27120000,76,354.714,-21624.5,64.8301,0.3914
27135000,61,265.25,-21625,66.5109,0.3834
27150000,69,298.51,-21624.8,69.1994,0.390909
27165000,76,330.625,-21615.9,84.7722,0.396467
27180000,61,273.358,-21633.7,56.3055,0.367305
27195000,62,289.017,-21620.9,59.4999,0.381067
27210000,67,303.242,-21591.2,68.9229,0.3904
27225000,78,362.946,-21605.9,97.2836,0.392067
27240000,66,300.826,-21594.4,61.584,0.3924
27255000,63,270.238,-21614.2,59.0861,0.380533
27270000,58,251.606,-21629,64.4997,0.39021
27285000,73,313.012,-21605,76.1726,0.3744
27300000,80,354.205,-21592.2,93.7734,0.3978
27315000,69,305.375,-21613.4,73.6778,0.381644
27330000,62,266.855,-21599.4,64.9317,0.380933
27345000,62,270.417,-21610.9,61.1225,0.396133
27360000,70,318.499,-21615,72.1321,0.374467
27375000,75,334.355,-21618.4,65.3265,0.382324
27390000,79,335.557,-21577.4,75.052,0.4008
27405000,80,348.297,-21591.9,65.194,0.4068
27420000,77,333.205,-21575.6,92.8281,0.390733
27435000,88,396.019,-21573.4,93.913,0.3944
27450000,87,384.149,-21594.4,73.7159,0.404667
27465000,82,363.16,-21578.6,83.7688,0.401867
27480000,76,311.944,-21596.1,82.1032,0.388333
27495000,60,263.751,-21624.4,63.7539,0.390533
27510000,60,256.637,-21620.4,50.6874,0.382
27525000,66,295.473,-21622.4,73.3119,0.385307
27540000,79,360.14,-21608.5,71.0145,0.389525
27555000,82,352.681,-21597.6,68.8698,0.4022
27570000,74,309.416,-21605.5,78.9679,0.404333
27585000,80,353.465,-21600.6,99.9896,0.4044
27600000,69,299.181,-21603.5,65.1164,0.388244
27615000,69,294.589,-21605.4,76.4319,0.398667
27630000,66,281.076,-21609.1,60.0288,0.392167
27645000,73,318.122,-21608.6,75.4359,0.392558
27660000,64,270.864,-21607.3,58.8994,0.388233
27675000,88,365.797,-21602.6,107.965,0.398867
27690000,72,304.656,-21616.7,69.8021,0.395178
27705000,68,303.427,-21607.3,70.3802,0.3917
27720000,71,307.956,-21616.8,84.805,0.394467
27735000,81,361.919,-21601.1,87.9828,0.406733
27750000,63,286.165,-21618,62.0949,0.392607
27765000,83,353.476,-21620.8,90.939,0.401933
27780000,68,301.168,-21609.6,78.2983,0.395733
27795000,63,283.872,-21609.8,58.7607,0.386711
27810000,71,318.635,-21608.6,64.7103,0.389633
27825000,64,286.114,-21622.9,55.0902,0.3907
27840000,60,263.12,-21619.5,61.5211,0.3899
27855000,62,273.405,-21625.6,73.4485,0.385733
27870000,74,322.377,-21599.9,72.0126,0.401311
27885000,73,323.469,-21602.3,67.8298,0.392867
27900000,74,342.073,-21595.8,84.3418,0.389333
27915000,81,348.881,-21595.1,82.5364,0.388467
27930000,74,326.732,-21612.9,81.5288,0.392733
27945000,76,310.529,-21622.1,82.2601,0.3984
27960000,77,323.686,-21584.8,77.9054,0.388367
27975000,69,303.848,-21604.3,74.3323,0.3742
27990000,79,360.228,-21619.9,91.1868,0.392333
28005000,81,363.293,-21599.7,78.8677,0.392567
28020000,81,364.629,-21600.3,75.6516,0.404067
28035000,69,317.653,-21593.8,88.5072,0.399733
28050000,69,311.476,-21613.9,73.2508,0.390333
28065000,64,285.37,-21618.3,55.586,0.39912
28080000,63,274.454,-21618.4,73.5351,0.394533
28095000,73,299.019,-21615.4,80.0149,0.406467
28110000,67,300.595,-21616.2,60.1664,0.394733
28125000,73,337.744,-21633.1,77.1363,0.395467
28140000,65,267.892,-21632.5,62.2675,0.383789
28155000,69,293.08,-21620.4,73.9784,0.388733
28170000,79,332.635,-21600.9,90.6625,0.391733
28185000,87,374.011,-21599.9,79.5801,0.407467
28200000,82,364.544,-21598.9,77.5621,0.393567
28215000,87,390.706,-21616.8,79.7156,0.404367
28230000,80,356.056,-21613.7,70.4016,0.405867
28245000,85,369.173,-21588.7,66.9087,0.4029
28260000,83,371.09,-21573.6,84.799,0.402933
28275000,76,339.738,-21589.5,85.7561,0.398933
28290000,65,288.702,-21620.4,63.4825,0.383958
28305000,67,295.563,-21614.2,60.661,0.393747
28320000,83,374.512,-21601.7,85.2972,0.4048
28335000,67,306.322,-21594.6,57.1422,0.384467
28350000,58,245.964,-21627.3,48.1285,0.380733
28365000,54,225.684,-21633.4,65.4195,0.381067
28380000,60,261.187,-21623,56.1838,0.370867
28395000,65,288.387,-21624.4,83.5844,0.372533
28410000,54,243.966,-21614.8,49.084,0.363933
28425000,59,253.848,-21605.1,57.0714,0.385542
28440000,79,337.325,-21618,81.9436,0.388533
28455000,72,287.139,-21597,52.2004,0.3798
28470000,85,384.206,-21622.1,82.0358,0.3972
28485000,66,291.372,-21609,74.0878,0.401333
28500000,86,380.801,-21605.1,85.1599,0.403333
28515000,82,382.83,-21606.5,76.9736,0.416867
28530000,64,273.339,-21595.2,64.8022,0.401444
28545000,73,312.477,-21586.5,77.9685,0.400733
28560000,56,235.663,-21626.5,50.0437,0.362841
28575000,79,341.942,-21595.5,78.353,0.376889
28590000,64,271.985,-21593.4,63.686,0.385067
28605000,62,271.659,-21602.9,69.435,0.374533
28620000,75,329.033,-21602.9,91.5156,0.383333
28635000,59,262.968,-21628.5,67.3178,0.390011
28650000,78,322.782,-21585.1,92.4727,0.380767
28665000,49,217.904,-21651,40.7684,0.390967
28680000,80,345.754,-21598,92.0182,0.3931
28695000,68,290.963,-21595.8,67.8796,0.3924
28710000,83,345.879,-21583.7,102.075,0.398533
28725000,97,417.311,-21580.2,103.188,0.404467
28740000,78,344.765,-21605.8,91.7379,0.388227
28755000,98,449.797,-21581.8,97.5666,0.4088
28770000,89,395.685,-21583.8,81.8418,0.401067
28785000,88,388.075,-21608.7,91.8419,0.399978
28800000,81,356.974,-21604.7,67.2287,0.421133
28815000,91,391.711,-21613.3,85.8425,0.397644
28830000,85,371.131,-21590.9,89.9519,0.408067
28845000,95,420.891,-21572.8,90.5258,0.4048
28860000,89,396.782,-21598.7,98.3515,0.401933
28875000,89,369.037,-21596.2,84.8439,0.4064
28890000,79,349.211,-21620,71.482,0.401944
28905000,64,277.232,-21607.5,64.7511,0.379667
28920000,53,230.009,-21631.1,68.7552,0.378069
28935000,69,318.405,-21595,75.7934,0.383183
28950000,77,339.38,-21602.1,82.3644,0.393
28965000,69,296.256,-21611.2,73.8238,0.390267
28980000,78,351.014,-21605.8,74.8259,0.372133
28995000,67,297.254,-21615.1,83.5193,0.389133
29010000,50,224.08,-21642.8,45.9571,0.3709
29025000,73,322.603,-21607.3,60.1844,0.3959
29040000,63,284.916,-21603,71.2135,0.4004
29055000,66,291.974,-21603,69.7751,0.382333
29070000,73,330.882,-21613.5,69.6862,0.392733
29085000,73,324.454,-21599.8,74.7098,0.408933
29100000,72,317.784,-21598,67.9811,0.394067
29115000,80,340.924,-21591.4,86.0812,0.403133
29130000,81,357.37,-21595.9,74.4504,0.403533
29145000,79,341.114,-21611.3,93.495,0.4126
29160000,58,261.154,-21656.1,46.9104,0.391667
29175000,69,297.907,-21610,79.0014,0.390433
29190000,75,332.155,-21599.5,86.3549,0.390867
29205000,65,276.41,-21633,74.4608,0.386944
29220000,69,288.1,-21609.4,57.6514,0.390967
29235000,59,252.02,-21635.6,51.8286,0.3808
29250000,72,310.689,-21618.1,79.5258,0.389667
29265000,72,316.507,-21633.5,53.0725,0.3966
29280000,75,333.621,-21592.8,77.5485,0.383083
29295000,72,333.437,-21633.8,73.4319,0.393033
29310000,84,369.467,-21598,88.8082,0.398733
29325000,88,375.241,-21579.1,81.7789,0.403933
29340000,53,237.341,-21693.8,48.1289,0.393407
29355000,78,350.119,-21599.7,68.8719,0.403833
29370000,81,360.669,-21601.2,100.65,0.403
29385000,81,370.937,-21618.4,79.0372,0.388533
29400000,79,357.466,-21616.1,78.9165,0.393767
29415000,73,320.337,-21610.5,83.8396,0.387833
29430000,80,362.49,-21595.6,67.7766,0.398733
29445000,70,297.739,-21607.1,85.9172,0.389933
29460000,73,322.225,-21566.4,65.5893,0.379933
29475000,78,334.387,-21597.6,88.1301,0.390733
29490000,73,327.63,-21586.5,78.147,0.3946
29505000,65,286.799,-21638,71.1711,0.3888
29520000,65,269.201,-21624.1,58.6195,0.407533
29535000,70,320.118,-21603.4,84.1321,0.396667
29550000,77,345.073,-21638.1,96.6227,0.399733
29565000,83,387.031,-21610.8,70.3687,0.384867
29580000,74,327.274,-21624.1,67.2968,0.4016
29595000,68,305.03,-21635.8,69.1649,0.390298
29610000,66,278.663,-21617.4,73.254,0.403067
29625000,70,316.337,-21592.4,76.7521,0.39676
29640000,74,329.965,-21581.1,75.3383,0.389133
29655000,67,290.271,-21616.4,70.6359,0.3916
29670000,63,277.391,-21627.5,66.8026,0.38925
29685000,64,280.396,-21617.8,54.5037,0.378178
29700000,73,316.09,-21599.3,65.2783,0.3872
29715000,75,337.783,-21615.9,70.3593,0.387556
29730000,80,341.83,-21604.7,65.5566,0.397067
29745000,75,328.912,-21636.3,62.7118,0.412167
29760000,94,402.45,-21602.8,96.9846,0.387733
29775000,79,360.494,-21599.3,72.3793,0.410667
29790000,60,256.856,-21633.8,59.7719,0.406867
29805000,65,304.878,-21647.3,73.2021,0.400533
29820000,56,245.411,-21632.3,64.3018,0.3928
29835000,59,269.415,-21643.2,47.0597,0.390533
29850000,75,330.383,-21636.2,89.4962,0.4028
29865000,60,277.809,-21600.5,62.9125,0.393967
29880000,63,264.987,-21616.1,57.6246,0.395044
29895000,77,324.456,-21611.4,70.4114,0.396533
29910000,74,330.512,-21617.1,77.7563,0.3976
29925000,69,307.33,-21635.1,80.1238,0.384317
29940000,57,252.144,-21628.5,53.0143,0.397211
29955000,69,303.874,-21612.8,67.5092,0.394133
29970000,62,272.322,-21631,55.1367,0.393867
29985000,65,297.047,-21619,53.9693,0.3824
