generation,N_shifts,logPrior,logLik,eventRate,acceptRate
0,0,0.641453,-24242.6,100,0
15000,0,1.12834,-22121.2,0.90425,0.14899
30000,0,-0.218921,-22109.4,0.400971,0.152533
45000,0,1.07322,-22117.2,2.5246,0.143233
60000,1,2.36452,-22093.6,0.500619,0.267467
75000,1,2.74431,-22086.8,0.24637,0.238778
90000,1,3.15349,-22087.6,1.24899,0.3006
105000,2,8.93192,-22079.8,2.23377,0.2996
120000,5,23.0807,-22052,3.7646,0.245406
135000,4,14.3045,-22037.8,4.26511,0.3316
150000,5,23.4991,-21987.6,2.60689,0.299433
165000,10,40.9988,-21938.7,8.08595,0.321156
180000,11,46.5339,-21921.5,22.0206,0.282467
195000,11,42.3329,-21945.9,6.88574,0.311033
210000,16,64.3996,-21911.1,12.3199,0.325333
225000,18,71.1482,-21906.2,17.7087,0.369733
240000,12,46.1852,-21910,15.315,0.304817
255000,11,38.7432,-21920.4,10.6905,0.311967
270000,9,32.4715,-21907.5,8.35223,0.322433
285000,18,71.3857,-21888.6,13.9511,0.351567
300000,12,46.738,-21920.5,12.8618,0.3234
315000,26,108.821,-21856.7,26.5423,0.3753
330000,34,145.643,-21847.2,31.4379,0.401467
345000,38,149.554,-21858.5,33.276,0.4096
360000,38,166.54,-21846.7,39.2314,0.397467
375000,24,99.7566,-21842.8,26.7938,0.3842
390000,32,128.435,-21840.3,39.6408,0.4068
405000,29,128.163,-21817.2,20.6976,0.358748
420000,31,130.812,-21833.7,30.0369,0.356867
435000,50,219.309,-21812.7,30.2153,0.4074
450000,49,203.173,-21796.3,50.8729,0.419867
465000,56,236.912,-21788.3,57.7063,0.367648
480000,51,200,-21773.3,39.0168,0.421533
495000,52,238.364,-21782.9,46.9615,0.394733
510000,50,212.634,-21781.4,60.253,0.405883
525000,57,238.663,-21761.3,57.6521,0.398333
540000,60,270.494,-21762.7,70.7606,0.413267
555000,44,196.056,-21765.1,48.6188,0.394022
570000,46,197.102,-21758.3,51.0545,0.406067
585000,44,197.533,-21743.4,50.5952,0.38985
600000,41,168.298,-21769.4,29.8752,0.376578
615000,59,256.368,-21752,58.1058,0.384733
630000,44,175.148,-21779.4,44.2974,0.382567
645000,61,258.204,-21695.4,58.8873,0.3911
660000,70,296.424,-21714.9,73.9858,0.400933
675000,72,297.873,-21712,66.873,0.401533
690000,64,277.725,-21705.8,50.3342,0.4094
705000,60,255.246,-21708.7,54.6044,0.3956
720000,58,246.432,-21702.9,68.2002,0.395067
735000,59,233.912,-21725.6,66.767,0.376114
750000,51,204.331,-21721.5,45.4024,0.379333
765000,63,257.016,-21704.9,65.2251,0.387133
780000,54,230.437,-21774.8,51.0282,0.400705
795000,76,330.242,-21708,68.3974,0.396433
810000,81,333.465,-21706.7,85.0824,0.4158
825000,49,221.922,-21761,63.4837,0.406022
840000,74,323.023,-21756.6,77.5695,0.4064
855000,79,356.357,-21750.8,79.5828,0.421667
870000,67,305.604,-21702.6,82.3933,0.404283
885000,78,350.886,-21697.6,78.4638,0.4178
900000,92,399.702,-21711.7,113.639,0.416333
915000,68,285.455,-21730.8,80.2235,0.421817
930000,83,346.146,-21711,78.7331,0.422
945000,71,304.024,-21714.2,67.1527,0.418644
960000,82,365.518,-21706.2,81.7575,0.4198
975000,80,354.984,-21676.4,87.7965,0.406667
990000,57,248.689,-21711.2,61.6588,0.393978
1005000,54,229.069,-21713.5,57.5057,0.392522
1020000,55,231.878,-21708.2,49.1813,0.392667
1035000,71,300.433,-21712.1,60.1184,0.404517
1050000,67,287.028,-21703.6,65.8468,0.4026
1065000,80,336.654,-21683.1,78.6633,0.419133
1080000,82,370.256,-21691.1,77.1884,0.411533
1095000,57,256.344,-21678.8,51.3795,0.407533
1110000,60,247.029,-21741.2,60.2571,0.383033
1125000,72,311.54,-21708.8,72.7022,0.395233
1140000,66,288.527,-21692.7,81.9702,0.3912
1155000,63,271.461,-21705.2,62.7977,0.393822
1170000,65,294.035,-21689.5,61.4706,0.3977
1185000,74,328.195,-21706.2,77.8192,0.399867
1200000,70,314.868,-21700.4,77.0533,0.398667
1215000,70,305.054,-21710.5,60.2764,0.4058
1230000,67,292.735,-21686.9,58.8584,0.391667
1245000,64,287.583,-21711,75.6634,0.3951
1260000,65,286.171,-21719.4,63.8492,0.4082
1275000,74,337.749,-21698.5,79.103,0.3955
1290000,64,282.005,-21705.8,60.3036,0.403733
1305000,59,261.807,-21702.5,56.906,0.382167
1320000,80,365.597,-21707.3,76.5326,0.410567
1335000,57,250.235,-21702.3,56.487,0.396933
1350000,68,306.778,-21713.8,72.0062,0.403133
1365000,58,265.049,-21696.4,63.509,0.388733
1380000,60,279.462,-21705.5,60.153,0.378
1395000,65,293.149,-21698.7,66.1703,0.380283
1410000,60,259.757,-21716,60.1932,0.387913
1425000,61,282.642,-21708.3,66.1966,0.399111
1440000,57,245.237,-21714.8,46.6742,0.385367
1455000,63,261.181,-21702.5,61.6645,0.406533
1470000,52,221.022,-21705.7,44.9406,0.385033
1485000,55,242.097,-21701.2,51.5548,0.3804
1500000,54,240.177,-21736,59.9148,0.39952
1515000,46,192.616,-21726.9,42.852,0.389533
1530000,57,249.183,-21750.1,63.6709,0.3722
1545000,64,291.518,-21697.1,70.4497,0.376517
1560000,74,319.586,-21687.6,72.6049,0.393733
1575000,72,322.485,-21701.3,66.5633,0.395667
1590000,65,289.489,-21681.6,65.1071,0.398467
1605000,56,250.284,-21669.9,49.8152,0.368467
1620000,72,308.581,-21655,82.5328,0.3728
1635000,65,282.792,-21668.6,71.5746,0.3902
1650000,66,301.229,-21674.1,67.0741,0.393267
1665000,68,287.407,-21658,81.9132,0.3798
1680000,75,321.285,-21652.5,78.0517,0.3912
1695000,88,397.723,-21662.3,75.3684,0.407333
1710000,93,398.454,-21654.8,96.9249,0.415267
1725000,72,305.739,-21728.2,75.8008,0.37881
1740000,84,362.347,-21666.7,81.7339,0.401733
1755000,74,342.442,-21690.3,97.4596,0.413833
1770000,74,331.722,-21714.1,74.8762,0.4112
1785000,85,353.502,-21666.2,82.1396,0.404467
1800000,91,402.225,-21667,91.7524,0.410067
1815000,85,367.886,-21665.4,81.8504,0.403933
1830000,73,330.81,-21681.1,72.7776,0.4078
1845000,69,294.903,-21684.2,69.2929,0.4058
1860000,60,275.618,-21692.7,62.5845,0.394467
1875000,72,306.564,-21675.1,63.5669,0.400156
1890000,61,284.039,-21691.8,60.5499,0.391433
1905000,88,393.614,-21664,92.6528,0.410133
1920000,80,341.816,-21642,66.6493,0.4022
1935000,74,318.951,-21645.1,81.8149,0.401267
1950000,91,395.607,-21668.2,72.9805,0.400083
1965000,70,307.052,-21672.7,68.0827,0.3934
1980000,74,326.535,-21671.2,79.0296,0.406967
1995000,71,307.344,-21676.4,71.142,0.404367
2010000,69,293.532,-21686.1,70.8937,0.398
2025000,71,326.642,-21702.6,73.6351,0.4058
2040000,71,303.106,-21686.4,68.3138,0.399833
2055000,65,281.556,-21683.5,63.2823,0.392478
2070000,85,390.679,-21702.7,90.1415,0.4012
2085000,74,332.451,-21683.9,56.4663,0.399733
2100000,66,285.257,-21699.1,65.0048,0.399817
2115000,59,249.773,-21710.1,60.0687,0.398533
2130000,58,254.486,-21722.6,60.9562,0.387733
2145000,55,250.088,-21715.7,63.6089,0.395183
2160000,58,246.879,-21717.3,45.3812,0.380333
2175000,66,288.419,-21688.9,58.4395,0.411705
2190000,52,235.915,-21729.7,49.2069,0.400633
2205000,59,263.813,-21711.4,66.1063,0.399567
2220000,67,277.046,-21708.3,67.6353,0.4
2235000,64,278.566,-21740.8,72.0012,0.386378
2250000,71,293.58,-21704.3,74.6904,0.401033
2265000,62,255.423,-21710.4,55.2038,0.401667
2280000,71,307.025,-21682.5,69.5034,0.399267
2295000,75,316.421,-21696,74.4236,0.4126
2310000,74,324.262,-21687,69.6995,0.396
2325000,63,270.826,-21702.6,60.5677,0.402844
2340000,70,308.615,-21681.9,69.183,0.3962
2355000,66,289.502,-21692.1,83.0438,0.399711
2370000,74,326.832,-21673,77.6017,0.3912
2385000,61,278.652,-21704.5,56.3459,0.403689
2400000,77,330.394,-21662.3,77.4196,0.391633
2415000,61,274.067,-21657.5,69.0888,0.383333
2430000,68,291.601,-21674.4,63.9462,0.3694
2445000,73,326.46,-21665.3,69.939,0.4028
2460000,75,334.829,-21682.2,66.1623,0.397667
2475000,75,344.63,-21672.1,77.0364,0.408067
2490000,59,255.477,-21678.6,73.1391,0.396067
2505000,66,294.767,-21667.3,67.3151,0.3736
2520000,52,220.793,-21742.1,42.5235,0.394076
2535000,64,264.891,-21681.8,62.6032,0.39016
2550000,78,346.931,-21684.7,86.2398,0.398822
2565000,69,302.646,-21673.5,72.6472,0.397733
2580000,77,345.3,-21661.7,66.4977,0.390267
2595000,89,373.632,-21667.1,91.9284,0.3966
2610000,87,390.628,-21659.6,88.1747,0.402667
2625000,82,348.382,-21654.8,104.674,0.403733
2640000,52,232.797,-21716.8,44.7719,0.398625
2655000,68,295.269,-21708.8,66.9153,0.39615
2670000,84,359.786,-21684.8,77.6728,0.401578
2685000,56,247.019,-21720.5,46.6074,0.407
2700000,52,214.543,-21726.8,53.5149,0.375667
2715000,66,278.889,-21654.2,59.3855,0.391911
2730000,75,320.212,-21673.2,82.4105,0.391933
2745000,62,266.272,-21659.3,49.7716,0.391467
2760000,72,307.88,-21691,72.783,0.404771
2775000,72,314.381,-21695.1,65.413,0.401
2790000,69,306.885,-21688.5,60.9675,0.381978
2805000,76,322.808,-21667.2,88.2063,0.4074
2820000,81,345.228,-21691.1,72.6747,0.414867
2835000,84,348.823,-21709.6,93.7844,0.407
2850000,72,300.838,-21691.6,102.467,0.396967
2865000,62,267.59,-21698.6,53.8937,0.410733
2880000,66,265.988,-21668.1,64.3183,0.400289
2895000,79,345.156,-21663.5,76.7738,0.397
2910000,72,294.25,-21692.7,78.4255,0.396378
2925000,69,302.532,-21679.5,60.3285,0.395767
2940000,79,360.518,-21688.5,79.9394,0.4082
2955000,85,366.649,-21667.9,73.9839,0.4158
2970000,78,348.939,-21670.1,69.2644,0.4128
2985000,80,346.276,-21668.3,84.7176,0.385718
3000000,73,318.214,-21695.3,84.9724,0.404767
3015000,54,233.606,-21678.4,61.7183,0.397305
3030000,58,237.374,-21686,44.4478,0.3858
3045000,65,279.094,-21680,71.3747,0.393917
3060000,55,227.189,-21691.4,53.2144,0.385333
3075000,70,299.393,-21664.6,57.8133,0.393653
3090000,83,368.503,-21683.7,105.169,0.4028
3105000,67,310.135,-21684.7,60.8382,0.4024
3120000,74,341.574,-21681.7,79.914,0.392107
3135000,61,259.397,-21687.7,59.4397,0.382707
3150000,81,358.524,-21695.5,75.3779,0.4031
3165000,69,288.744,-21681.1,74.7234,0.406
3180000,68,276.552,-21715.8,73.8787,0.412027
3195000,85,384.056,-21677.9,77.5384,0.396567
3210000,74,331.025,-21673,73.323,0.407533
3225000,62,270.189,-21671.1,59.1778,0.397267
3240000,43,173.507,-21710.8,38.0939,0.3914
3255000,48,211.348,-21704.1,52.7225,0.379025
3270000,49,219.901,-21727,44.6751,0.382133
3285000,45,196.925,-21746.2,52.4109,0.3756
3300000,69,305.455,-21720.9,86.6343,0.390187
3315000,56,245.502,-21722,56.0559,0.39276
3330000,42,179.87,-21718.7,51.074,0.376889
3345000,74,305.384,-21714.5,64.3707,0.384567
3360000,75,319.794,-21693.5,79.9878,0.408667
3375000,72,311.446,-21723.8,65.8286,0.420267
3390000,60,272.659,-21699.4,64.9711,0.399867
3405000,48,218.832,-21731,40.371,0.385933
3420000,48,224.278,-21736.6,51.2302,0.367278
3435000,52,222.595,-21747.7,50.351,0.393267
3450000,59,266.415,-21693.3,51.7051,0.3855
3465000,45,196.446,-21739.2,39.0444,0.375556
3480000,59,262.489,-21699.4,57.66,0.3914
3495000,62,264.655,-21699.3,53.667,0.381022
3510000,64,280.934,-21680.5,59.7922,0.3964
3525000,69,319.873,-21685.8,81.6788,0.388467
3540000,71,319.035,-21694.2,78.0302,0.404333
3555000,80,350.171,-21708.4,76.2901,0.407333
3570000,77,348.372,-21688.1,68.6947,0.4118
3585000,69,316.783,-21706.8,55.0395,0.4048
3600000,70,306.883,-21682.9,65.5857,0.3936
3615000,67,286.38,-21685.4,77.2863,0.3876
3630000,84,359.578,-21687.4,95.4375,0.401867
3645000,87,372.197,-21705.6,80.7814,0.404067
3660000,71,309.91,-21707.4,65.5054,0.413133
3675000,60,272.504,-21708,52.1703,0.395078
3690000,56,240.377,-21682.8,56.637,0.382467
3705000,71,305.15,-21716.8,73.3942,0.395756
3720000,79,354.798,-21729.3,100.269,0.388567
3735000,76,331.403,-21647,74.9709,0.412267
3750000,82,348.361,-21672.6,88.4422,0.416533
3765000,91,394.594,-21675.4,95.8916,0.403
3780000,79,351.969,-21694.5,68.4931,0.409467
3795000,82,367.655,-21682.5,103.991,0.416733
3810000,76,341.493,-21670.6,83.8078,0.397522
3825000,60,267.269,-21705.6,78.2473,0.388483
3840000,76,333.503,-21662.6,71.3207,0.408267
3855000,70,305.199,-21688,75.1979,0.400067
3870000,80,358.606,-21682.8,77.7182,0.401133
3885000,85,375.42,-21712.6,94.4682,0.40895
3900000,85,378.833,-21701.3,74.4374,0.414267
3915000,70,314.287,-21689.7,77.3726,0.409267
3930000,77,330.201,-21686.1,63.6678,0.401817
3945000,68,290.286,-21695,66.9518,0.4048
3960000,94,415.262,-21684.1,89.0855,0.417022
3975000,65,300.511,-21686.7,67.1254,0.391824
3990000,75,318.926,-21704.5,72.9628,0.403978
4005000,69,300.08,-21703.5,75.5831,0.393367
4020000,53,228.485,-21731.3,56.2711,0.4044
4035000,76,329.239,-21721.9,76.6008,0.4228
4050000,81,359.676,-21704.6,89.5148,0.4025
4065000,76,328.342,-21710.8,64.3143,0.417333
4080000,73,344.643,-21697.9,82.0544,0.399693
4095000,66,281.914,-21695.1,65.0157,0.4028
4110000,60,249.867,-21699.1,79.9283,0.4046
4125000,55,238.034,-21733,58.6661,0.403678
4140000,63,288.425,-21693.3,73.5797,0.387889
4155000,70,313.028,-21701.6,89.858,0.399933
4170000,70,295.681,-21723.9,69.2187,0.4094
4185000,73,329.506,-21693.8,73.579,0.394307
4200000,70,301.242,-21699.2,63.4791,0.403533
4215000,71,297.616,-21689.8,71.0741,0.409067
4230000,75,326.466,-21708.8,59.4713,0.405067
4245000,84,384.217,-21702.7,90.9662,0.414133
4260000,89,400.65,-21704.2,72.9282,0.422133
4275000,71,315.407,-21683.3,78.457,0.420667
4290000,51,245.136,-21742.2,55.2498,0.38844
4305000,71,324.592,-21707.7,66.3586,0.4014
4320000,59,259.004,-21743.6,62.5952,0.407987
4335000,67,298.564,-21699.2,59.926,0.397567
4350000,69,299.379,-21715.4,68.3785,0.4047
4365000,56,251.742,-21718.2,53.2243,0.384973
4380000,54,239.025,-21726.4,55.8516,0.380867
4395000,63,263.633,-21706.1,71.6758,0.3998
4410000,62,270.465,-21718.6,66.9114,0.388167
4425000,66,291.761,-21702.4,62.5274,0.403667
4440000,69,278.278,-21682.1,72.1448,0.4038
4455000,89,385.42,-21692.5,107.702,0.4134
4470000,60,272.152,-21715.2,49.9065,0.396117
4485000,73,324.806,-21713.7,80.6982,0.401533
4500000,49,227.047,-21761,43.2433,0.400722
4515000,72,303.306,-21692.9,65.0341,0.410167
4530000,57,246.163,-21729.6,53.935,0.406111
4545000,54,250.625,-21717.2,45.8659,0.403067
4560000,57,261.849,-21719.4,57.7083,0.388133
4575000,71,299.004,-21688.1,70.7241,0.403067
4590000,50,217.217,-21738.8,52.2603,0.390233
4605000,75,320.054,-21704.3,81.1843,0.402933
4620000,55,243.953,-21733.9,46.2915,0.386267
4635000,69,310.934,-21686.6,75.4436,0.4175
4650000,58,246.646,-21694.9,54.9336,0.387267
4665000,72,307.747,-21686.7,63.1941,0.398067
4680000,50,226.692,-21726.7,48.4586,0.386617
4695000,78,314.601,-21681.5,80.1007,0.411033
4710000,60,272.96,-21707.1,64.1055,0.39735
4725000,87,384.458,-21689.3,63.4139,0.404333
4740000,91,394.289,-21698.2,101.085,0.419133
4755000,72,295.589,-21683.3,60.7078,0.409867
4770000,71,295.918,-21686.1,79.229,0.414133
4785000,72,316.331,-21700.8,74.3815,0.397653
4800000,60,265.482,-21685.7,56.3558,0.3924
4815000,60,257.062,-21697.4,56.066,0.403178
4830000,55,247.799,-21709.9,48.6393,0.384267
4845000,63,275.691,-21680.9,67.6144,0.397667
4860000,58,268.638,-21702.5,50.7511,0.381633
4875000,73,305.097,-21669.8,71.4131,0.393833
4890000,73,321.794,-21725.9,84.2135,0.395267
4905000,74,318.882,-21688.2,69.0936,0.400567
4920000,63,263.812,-21687.2,77.0621,0.390033
4935000,64,273.712,-21698.7,55.5231,0.411444
4950000,66,280.755,-21715.6,56.0858,0.391333
4965000,72,309.891,-21677,92.2912,0.4008
4980000,64,276.468,-21701.8,59.0507,0.402627
4995000,65,286.171,-21733.1,63.9206,0.399222
5010000,47,188.773,-21709.2,39.4711,0.388978
5025000,48,200.288,-21697.9,45.0389,0.365067
5040000,69,298.509,-21682.4,70.2368,0.402617
5055000,75,328.616,-21671.6,94.8986,0.394667
5070000,54,255.021,-21705.8,59.9513,0.388
5085000,54,245.076,-21710.1,46.6079,0.392289
5100000,53,242.593,-21728.6,62.1268,0.392267
5115000,67,285.486,-21700.6,64.1319,0.401017
5130000,52,241.818,-21703.7,59.5678,0.39585
5145000,76,333.677,-21694.3,74.7198,0.409467
5160000,76,327.853,-21678.5,72.0498,0.415267
5175000,85,369.192,-21677,82.6399,0.412333
5190000,88,370.854,-21691.5,98.933,0.4086
5205000,76,327.25,-21695.4,62.1466,0.397213
5220000,95,405.361,-21677.5,102.056,0.4189
5235000,80,336.175,-21672.3,74.7059,0.412467
5250000,89,363.592,-21695.6,102.262,0.408667
5265000,89,380.986,-21671.6,77.401,0.405133
5280000,77,323.16,-21684.8,71.3938,0.412
5295000,41,170.284,-21736,31.7585,0.396149
5310000,80,320.964,-21680.5,90.426,0.397933
5325000,54,241.905,-21713.9,60.6374,0.385767
5340000,79,333.143,-21674.5,75.6443,0.39503
5355000,66,289.441,-21690.5,51.4387,0.406178
5370000,64,279.585,-21711.5,48.9001,0.399644
5385000,70,299.503,-21705.2,88.1441,0.4068
5400000,67,283.939,-21705.7,60.3694,0.401133
5415000,64,284.135,-21714.7,70.0889,0.3998
5430000,82,359.183,-21702.1,69.1979,0.400227
5445000,68,305.865,-21705.7,94.1429,0.406933
5460000,72,317.827,-21697.6,52.9509,0.407667
5475000,78,333.333,-21693.9,71.0195,0.3986
5490000,69,297.489,-21725.9,69.4195,0.39818
5505000,59,255.721,-21691.3,43.6739,0.406633
5520000,66,302.56,-21683.6,68.6287,0.406
5535000,66,293.454,-21683.4,53.1759,0.392533
5550000,65,293.467,-21701.8,64.979,0.402367
5565000,71,319.861,-21697.4,61.917,0.405
5580000,62,266.123,-21682.2,69.7896,0.394644
5595000,75,331.32,-21686.5,80.2353,0.409433
5610000,67,302.815,-21703.8,74.2586,0.3973
5625000,71,313.089,-21699.2,73.1104,0.4128
5640000,90,380.337,-21662.1,69.2848,0.403578
5655000,91,385.962,-21650.9,92.6861,0.4094
5670000,83,369.762,-21671.8,96.3135,0.410622
5685000,82,361.927,-21692.4,64.8135,0.407733
5700000,71,311.76,-21686.3,70.7473,0.396709
5715000,75,323.665,-21696.6,80.6311,0.4035
5730000,78,330.701,-21688.7,91.0722,0.399827
5745000,89,388.689,-21668.8,64.3212,0.4112
5760000,79,343.245,-21675.2,86.0199,0.408733
5775000,53,234.576,-21714.9,59.2085,0.398827
5790000,73,325.266,-21686.5,71.0626,0.399893
5805000,84,367.562,-21644.3,94.9884,0.399667
5820000,76,339.737,-21669.8,70.9013,0.4148
5835000,67,296.576,-21683.3,67.5396,0.39624
5850000,69,305.543,-21678.6,81.8026,0.399267
5865000,74,348.038,-21712.4,62.0448,0.402667
5880000,77,349.375,-21686.5,88.8685,0.403933
5895000,73,316.8,-21674.3,92.6076,0.389833
5910000,74,335.067,-21694.2,67.0518,0.4041
5925000,61,273.634,-21673.2,67.708,0.372633
5940000,51,235.676,-21726,52.9999,0.397018
5955000,62,275.269,-21717.7,61.5752,0.407533
5970000,78,333.008,-21653.2,73.2247,0.392689
5985000,78,319.624,-21679.4,100.482,0.396533
6000000,80,356.401,-21695.4,79.3243,0.404167
6015000,83,368.191,-21689.2,81.494,0.410333
6030000,68,308.853,-21691.7,62.5842,0.4096
6045000,66,288.387,-21674.9,66.8496,0.39065
6060000,74,322.855,-21670.2,75.522,0.382067
6075000,68,303.151,-21691.3,71.2862,0.393089
6090000,76,330.831,-21655.5,73.0333,0.397967
6105000,86,376.326,-21668.8,95.8873,0.403
6120000,102,464.039,-21653.7,93.6923,0.4114
6135000,88,354.651,-21659.8,86.8834,0.411467
6150000,75,298.067,-21641.9,63.0373,0.395467
6165000,77,324.208,-21667.6,78.7497,0.3858
6180000,71,315.592,-21677.5,61.0913,0.392667
6195000,70,299.948,-21683.2,77.0629,0.383867
6210000,66,282.007,-21705.6,67.9718,0.400681
6225000,51,209.696,-21690.7,39.4956,0.367833
6240000,67,281.768,-21741.9,42.9835,0.400716
6255000,62,262.523,-21729.3,62.0355,0.4006
6270000,78,324.496,-21679.7,73.9526,0.385222
6285000,69,291.893,-21680.6,60.0501,0.399733
6300000,60,244.674,-21738.9,58.776,0.3919
6315000,61,245.001,-21679.7,64.8155,0.3906
6330000,57,250.45,-21698.4,53.7756,0.405467
6345000,65,288.831,-21685.8,73.8757,0.389533
6360000,71,306.432,-21683.4,93.6173,0.4154
6375000,71,300.022,-21697.1,54.4805,0.4134
6390000,95,419.699,-21717.5,94.2679,0.406719
6405000,77,332.57,-21730.2,75.2422,0.4282
6420000,57,256.41,-21732.3,55.0023,0.391017
6435000,63,277.2,-21718.1,75.2745,0.414
6450000,52,229.445,-21736.2,53.9491,0.411333
6465000,59,273.869,-21713.4,53.7363,0.396444
6480000,60,250.275,-21715,72.369,0.401567
6495000,67,279.599,-21722.7,61.8205,0.408533
6510000,52,240.568,-21718.3,47.7043,0.394533
6525000,59,255.342,-21742.4,71.2748,0.406133
6540000,63,292.266,-21694,68.4974,0.391233
6555000,71,306.998,-21694.8,71.4743,0.398667
6570000,73,329.852,-21702.6,75.3673,0.404
6585000,64,295.67,-21728.7,67.7873,0.395194
6600000,65,290.719,-21717.4,57.5198,0.4038
6615000,52,211.48,-21719.6,53.9983,0.404878
6630000,59,266.742,-21692,62.349,0.403067
6645000,71,300.803,-21696.4,61.1927,0.393267
6660000,58,247.226,-21715.6,61.3315,0.391667
6675000,69,302.855,-21689.9,67.8139,0.404
6690000,62,277.062,-21708.2,65.1165,0.413567
6705000,54,247.317,-21741.7,47.2961,0.3848
6720000,55,239.682,-21710.7,65.9426,0.393356
6735000,63,286.211,-21709.3,59.0196,0.396833
6750000,61,279.694,-21740.1,62.8145,0.403267
6765000,60,259.353,-21700.1,46.3628,0.388089
6780000,60,262.532,-21738.7,49.7356,0.3967
6795000,74,324.661,-21695.5,82.4453,0.392067
6810000,76,327.144,-21683.1,70.0478,0.398867
6825000,59,259.077,-21729.6,49.3613,0.39351
6840000,70,308.837,-21684.5,70.7367,0.4062
6855000,56,233.449,-21731.7,47.9852,0.3978
6870000,62,287.388,-21732.7,57.5468,0.4006
6885000,54,235.993,-21727.6,61.4078,0.393667
6900000,75,336.518,-21682.9,78.8256,0.406267
6915000,78,340.486,-21672.4,77.616,0.401267
6930000,72,306.476,-21695.8,58.4778,0.39475
6945000,77,337.814,-21692.2,78.9387,0.397533
6960000,63,255.015,-21692.7,56.8439,0.39968
6975000,68,288.27,-21668.7,58.0703,0.4024
6990000,82,356.213,-21677.5,84.8693,0.403167
7005000,74,323.397,-21669.7,73.1971,0.393533
7020000,75,320.573,-21693.2,73.4981,0.394533
7035000,68,299.157,-21662.9,72.5536,0.4041
7050000,68,296.873,-21679.1,73.5582,0.399067
7065000,71,303.288,-21660.2,68.6678,0.4116
7080000,65,273.138,-21720.9,58.533,0.392858
7095000,56,253.458,-21687.7,66.4815,0.388933
7110000,53,220.988,-21713.4,54.8298,0.396667
7125000,80,351.761,-21703.8,84.3192,0.404133
7140000,71,308.47,-21681.7,81.3694,0.4122
7155000,71,313.3,-21711.7,69.8993,0.418867
7170000,69,294.513,-21708.5,60.8572,0.40215
7185000,52,229.905,-21719.4,51.8561,0.409867
7200000,52,238.121,-21721.6,57.7724,0.386267
7215000,68,295.964,-21687.6,77.5857,0.395575
7230000,63,279.134,-21693.5,53.2061,0.393667
7245000,64,261.057,-21674.5,75.3148,0.385067
7260000,68,309.325,-21712,57.5602,0.388133
7275000,59,261.423,-21712.1,41.3772,0.404067
7290000,64,281.422,-21737.7,62.069,0.400108
7305000,59,255.838,-21717.3,62.8188,0.406867
7320000,53,235.977,-21712.2,43.1741,0.387711
7335000,47,216.175,-21709.8,35.1839,0.3648
7350000,59,255.947,-21722.1,61.7016,0.392556
7365000,51,228.02,-21720.5,53.6864,0.39083
7380000,66,300.682,-21720.3,64.5039,0.3776
7395000,61,273.205,-21702.7,70.7596,0.391889
7410000,72,315.557,-21698.8,81.1905,0.3984
7425000,79,335.693,-21692.1,77.0735,0.3946
7440000,64,281.239,-21707.6,64.4822,0.3888
7455000,52,242.99,-21723.8,52.448,0.380089
7470000,71,320.965,-21692.4,84.9464,0.409444
7485000,64,275.495,-21683.6,66.0147,0.399
7500000,80,360.81,-21704.1,84.7688,0.392933
7515000,62,288.37,-21670,58.9299,0.39096
7530000,74,325.369,-21705.8,78.0237,0.412367
7545000,70,311.226,-21689.8,74.9959,0.4112
7560000,64,270.596,-21705.9,57.3277,0.393667
7575000,54,239.431,-21698.2,53.192,0.388133
7590000,63,274.784,-21680.6,60.4501,0.407422
7605000,61,269.881,-21675.4,53.4014,0.3927
7620000,62,282.008,-21697.3,68.7295,0.3882
7635000,68,297.216,-21675.7,63.8998,0.395033
7650000,60,270.083,-21700.1,59.4607,0.389033
7665000,49,216.718,-21743.7,46.4108,0.394605
7680000,60,257.565,-21711.1,51.1165,0.400667
7695000,66,278.153,-21698.4,68.7961,0.392133
7710000,72,308.308,-21683.6,81.3543,0.397213
7725000,75,317.533,-21681.4,82.4649,0.393333
7740000,49,205.756,-21723,54.4521,0.382267
7755000,60,269.481,-21676.7,61.8998,0.392067
7770000,74,338.778,-21682.9,84.7602,0.4026
7785000,72,307.999,-21718.4,75.4376,0.406083
7800000,76,332.085,-21702.7,66.7538,0.4174
7815000,82,354.466,-21712.1,81.1841,0.411333
7830000,75,323.118,-21708.1,79.9169,0.4166
7845000,66,290.028,-21700.8,65.0726,0.393562
7860000,73,306.747,-21709.1,84.8607,0.398467
7875000,72,317.29,-21706.1,85.8509,0.417044
7890000,71,315.4,-21669.3,64.8254,0.3937
7905000,91,413.25,-21668.3,97.947,0.392978
7920000,76,316.117,-21710,75.986,0.413156
7935000,66,281.957,-21725.4,72.2096,0.4198
7950000,94,424.442,-21657.2,91.4439,0.406111
7965000,94,418.293,-21672.7,91.6969,0.408267
7980000,65,291.039,-21724.5,73.59,0.405667
7995000,65,279.778,-21656.6,59.1884,0.399533
8010000,75,339.756,-21659.9,67.9106,0.4018
8025000,66,283.245,-21702.9,71.5613,0.400111
8040000,78,347.618,-21665,78.9275,0.403433
8055000,89,402.254,-21645.3,84.6157,0.407667
8070000,78,355.478,-21655.3,91.788,0.4078
8085000,62,264.699,-21720.1,66.9561,0.40055
8100000,92,419.366,-21637.4,81.4664,0.4079
8115000,63,298.274,-21686,61.7504,0.389236
8130000,94,395.67,-21639.5,91.1775,0.397033
8145000,80,343.711,-21661.6,85.2477,0.407733
8160000,77,340.869,-21672.5,82.4847,0.397933
8175000,79,341.81,-21669.1,77.6457,0.404333
8190000,68,296.743,-21679.8,74.1107,0.409333
8205000,80,345.46,-21681.9,82.6777,0.395933
8220000,76,343.583,-21675.7,69.7551,0.404667
8235000,78,352.433,-21671.1,58.0523,0.397333
8250000,62,278.321,-21729.7,55.7954,0.395533
8265000,84,366.645,-21663.9,88.9646,0.403367
8280000,72,305.52,-21652.9,63.4642,0.386467
8295000,67,307.152,-21711.6,71.5291,0.392222
8310000,57,238.922,-21693.7,68.8868,0.393844
8325000,77,339.671,-21687.2,75.2302,0.383978
8340000,61,282.108,-21713.9,61.8096,0.397311
8355000,74,335.484,-21669.8,73.6487,0.399378
8370000,82,353.44,-21678,86.7696,0.420333
8385000,76,340.096,-21672.9,80.8958,0.401567
8400000,70,312.505,-21680.1,61.4208,0.400933
8415000,71,301.24,-21647.5,51.2417,0.3984
8430000,80,355.501,-21653.2,88.0245,0.4132
8445000,75,335.512,-21702.4,75.2719,0.4012
8460000,73,312.837,-21666.3,73.5862,0.398467
8475000,76,318.393,-21657.7,87.9142,0.408162
8490000,71,318.275,-21696.1,65.2807,0.391333
8505000,65,277.498,-21651.5,73.0381,0.391
8520000,73,325.237,-21675.8,68.8028,0.3862
8535000,71,319.276,-21701.3,80.8389,0.403467
8550000,77,346.901,-21681.6,73.8251,0.3988
8565000,81,350.978,-21677.5,88.3409,0.4108
8580000,89,382.927,-21680.6,103.466,0.412267
8595000,73,329.703,-21659.5,69.1229,0.4036
8610000,73,321.559,-21689.5,67.1951,0.420767
8625000,75,316.137,-21653.1,71.8797,0.404
8640000,74,322.767,-21649.6,73.3653,0.4036
8655000,86,388.371,-21648,73.3136,0.408089
8670000,74,327.127,-21661.5,75.5665,0.403733
8685000,73,334.056,-21652.3,93.0335,0.404547
8700000,84,363.902,-21656.9,75.7442,0.3935
8715000,87,382.531,-21670.9,91.2872,0.404333
8730000,81,354.489,-21670.9,78.794,0.418333
8745000,61,265.12,-21680.3,59.5848,0.3927
8760000,75,319.692,-21669.9,64.2986,0.394733
8775000,68,296.271,-21673,66.8183,0.388733
8790000,54,237.338,-21703.8,50.0132,0.392133
8805000,72,299.554,-21667.5,72.4777,0.3866
8820000,69,307.903,-21661.2,70.1415,0.3838
8835000,75,308.541,-21681.9,70.9401,0.386867
8850000,77,336.623,-21672.7,83.9664,0.396333
8865000,71,305.295,-21668.9,68.7279,0.378333
8880000,54,247.658,-21686.7,46.0857,0.39114
8895000,57,256.947,-21668.1,59.442,0.385767
8910000,50,212.451,-21701,54.0419,0.379967
8925000,55,243.025,-21710.1,50.9735,0.3801
8940000,58,249.938,-21708.4,49.4009,0.385807
8955000,53,233.44,-21719.1,47.9486,0.386867
8970000,48,204.248,-21725.5,52.2644,0.390417
8985000,59,270.217,-21696.2,66.0889,0.39275
9000000,64,298.696,-21695.1,76.7994,0.394267
9015000,74,317.175,-21703.1,89.828,0.38485
9030000,78,349.96,-21680.1,69.1114,0.4044
9045000,71,319.693,-21697.9,74.9352,0.3924
9060000,68,303.399,-21701.2,54.8563,0.406733
9075000,50,231.406,-21711.1,55.3893,0.39476
9090000,56,233.442,-21703.7,63.6173,0.389667
9105000,54,238.549,-21709,53.8564,0.375467
9120000,46,216.789,-21728.7,40.7492,0.377356
9135000,69,306.227,-21724.1,67.0872,0.383433
9150000,49,220.412,-21729.4,54.5652,0.377906
9165000,49,210.534,-21731.3,47.2351,0.385533
9180000,61,275.995,-21686.1,53.8084,0.387489
9195000,52,228.822,-21728.8,62.6656,0.388633
9210000,74,319.961,-21683.2,52.6653,0.396633
9225000,49,228.949,-21694,50.3051,0.370167
9240000,57,231.442,-21694.4,46.6612,0.3738
9255000,54,246.366,-21727.5,59.7001,0.382667
9270000,56,262.819,-21697.7,60.8034,0.404117
9285000,69,300.918,-21669.1,80.1118,0.3972
9300000,56,252.486,-21738.1,53.6728,0.387433
9315000,84,398.231,-21702.3,78.5103,0.407167
9330000,54,246.05,-21728.6,56.6606,0.380367
9345000,78,343.493,-21707.8,95.0931,0.411333
9360000,53,235.724,-21710.8,50.6451,0.381067
9375000,66,280.171,-21700.9,55.2229,0.4058
9390000,55,241.835,-21718.8,44.4773,0.3832
9405000,67,295.854,-21693.4,64.8443,0.3998
9420000,67,295.835,-21716,64.223,0.381667
9435000,55,233.809,-21704.9,60.1156,0.3914
9450000,75,317.453,-21693.2,79.1619,0.392356
9465000,87,369.264,-21669.2,89.9609,0.4014
9480000,88,373.335,-21685.6,81.6048,0.419467
9495000,57,262.46,-21692.4,48.6176,0.3748
9510000,82,368.714,-21681.1,87.6226,0.408767
9525000,86,380.379,-21667.1,91.7059,0.414933
9540000,69,290.019,-21673.7,60.1835,0.408
9555000,59,268.528,-21702.6,55.0152,0.3949
9570000,73,337.407,-21671,74.8118,0.399667
9585000,61,263.222,-21703.3,72.7694,0.392167
9600000,68,300.13,-21698.2,66.7622,0.4026
9615000,65,281.438,-21687.8,68.8646,0.393
9630000,59,259.832,-21692.5,50.4581,0.390733
9645000,67,289.752,-21675.7,73.3891,0.385333
9660000,63,275.638,-21682.9,76.3324,0.393133
9675000,62,269.255,-21690.6,48.1127,0.396333
9690000,73,316.243,-21695.3,62.5564,0.397722
9705000,67,298.742,-21668.5,73.0231,0.398467
9720000,75,323.887,-21684.2,75.5839,0.402333
9735000,85,385.725,-21704.9,79.498,0.4014
9750000,54,254.735,-21730.8,47.9131,0.382939
9765000,91,392.992,-21665.3,95.2329,0.4087
9780000,90,405.319,-21658.9,79.3829,0.404733
9795000,72,318.332,-21707.5,70.0291,0.399778
9810000,61,278.849,-21711,59.9911,0.3984
9825000,93,399.019,-21677.8,83.3828,0.404578
9840000,58,258.063,-21696.5,58.4761,0.383727
9855000,80,353.59,-21671.5,80.8568,0.4146
9870000,64,281.591,-21707.3,62.7624,0.393433
9885000,81,366.263,-21686.6,79.2365,0.4129
9900000,83,355.192,-21681.1,86.3331,0.404333
9915000,60,261.517,-21696,59.1071,0.397778
9930000,58,253.487,-21722.1,63.4019,0.398733
9945000,79,319.871,-21676.6,74.6558,0.390486
9960000,74,328.346,-21663,80.8038,0.389267
9975000,63,265.956,-21682.4,72.4477,0.39844
9990000,76,342.047,-21662.8,78.022,0.402533
10005000,71,311.294,-21682.7,66.2586,0.403833
10020000,67,289.007,-21677.1,82.1321,0.3958
10035000,78,334.65,-21674.7,61.112,0.402022
10050000,81,370.863,-21696.4,79.9101,0.400933
10065000,70,289.373,-21714.7,71.4961,0.41
10080000,71,301.746,-21677.6,69.7501,0.3976
10095000,74,312.448,-21671.4,68.5668,0.3958
10110000,78,348.758,-21676,54.339,0.401467
10125000,68,300.176,-21694.7,65.3177,0.406467
10140000,71,312.009,-21697.9,89.9095,0.400033
10155000,64,273.585,-21715.5,59.1166,0.389307
10170000,82,376.085,-21652.9,76.0297,0.4001
10185000,74,316.964,-21661.7,64.773,0.400667
10200000,66,280.198,-21678.7,61.2672,0.407
10215000,87,382.714,-21673.5,94.133,0.416667
10230000,88,388.053,-21681.2,92.2967,0.426733
10245000,82,354.96,-21697.3,86.6082,0.3988
10260000,73,320.954,-21694.5,70.892,0.405
10275000,66,297.093,-21692,64.6568,0.4086
10290000,74,320.954,-21710.9,81.1207,0.4126
10305000,69,294.035,-21705,65.1705,0.410933
10320000,82,360.142,-21693.6,76.9771,0.397126
10335000,84,367.812,-21670.9,76.484,0.410105
10350000,84,381.692,-21700.3,83.986,0.408333
10365000,96,421.811,-21677.8,97.2695,0.402644
10380000,70,302.789,-21674.4,67.9027,0.406667
10395000,75,332.837,-21689.8,59.4874,0.402933
10410000,97,443.87,-21640.6,79.8487,0.407178
10425000,80,352.735,-21682.1,69.0346,0.409633
10440000,73,325.418,-21645.3,72.4617,0.391733
10455000,88,402.805,-21617.6,102.314,0.3892
10470000,80,341.413,-21651.3,97.237,0.392067
10485000,83,378.171,-21639,84.3713,0.395867
10500000,81,373.357,-21639.9,82.996,0.401067
10515000,76,327.596,-21631.3,67.7982,0.401267
10530000,74,315.951,-21632.1,70.1302,0.3824
10545000,84,364.439,-21636.8,89.1528,0.398133
10560000,45,215.622,-21727.5,40.6783,0.386373
10575000,77,358.436,-21674.9,71.3247,0.395967
10590000,72,284.702,-21702.7,72.8321,0.403806
10605000,69,281.519,-21707.1,72.4742,0.406933
10620000,62,278.292,-21697.4,67.5477,0.399467
10635000,62,273.546,-21699,64.9289,0.3832
10650000,68,299.093,-21674.4,51.781,0.391
10665000,93,398.409,-21661.2,88.4713,0.3965
10680000,81,333.154,-21696.4,90.5351,0.405067
10695000,67,290.551,-21690.8,64.9794,0.398617
10710000,67,282.633,-21686.1,75.5486,0.404917
10725000,72,304.843,-21682.5,81.7372,0.406622
10740000,74,320.926,-21657.8,68.9554,0.394433
10755000,84,349.113,-21645.2,80.0693,0.402933
10770000,79,337.858,-21674.9,74.3759,0.4224
10785000,66,281.111,-21683,79.2504,0.39065
10800000,66,285.829,-21675.5,63.7926,0.3952
10815000,75,328.343,-21668.1,84.9417,0.398711
10830000,72,313.388,-21703.8,64.3973,0.4188
10845000,69,287.147,-21663,76.0529,0.399489
10860000,77,331.165,-21665,97.5462,0.396467
10875000,86,374.268,-21675.4,84.8376,0.414667
10890000,85,360.026,-21659,104.598,0.409533
10905000,65,301.815,-21700.4,60.0403,0.409133
10920000,79,358.027,-21682.4,62.1723,0.4124
10935000,76,329.025,-21665.8,76.6977,0.402667
10950000,62,266.549,-21717.3,62.5857,0.390222
10965000,82,366.171,-21669,68.3276,0.402567
10980000,80,314.894,-21678.6,78.037,0.397733
10995000,58,250.768,-21721.9,45.4293,0.383193
11010000,47,201.896,-21750,47.3567,0.382467
11025000,69,290.243,-21666.9,66.5306,0.390644
11040000,69,304.257,-21683,79.8523,0.392867
11055000,60,261.705,-21670.3,63.348,0.393733
11070000,71,304.333,-21696,76.7635,0.3852
11085000,43,177.538,-21731.3,46.4708,0.3762
11100000,50,222.927,-21730.5,35.7709,0.385711
11115000,56,257.702,-21719.3,59.4461,0.3732
11130000,65,283.204,-21715.8,67.7499,0.4029
11145000,82,368.824,-21674.9,57.4132,0.404493
11160000,58,247.299,-21714.7,77.1222,0.402167
11175000,60,283.746,-21709.5,51.4795,0.386867
11190000,51,233.571,-21713.3,57.1333,0.3796
11205000,46,196.539,-21711.2,53.7505,0.364067
11220000,44,196.875,-21716.3,47.9622,0.370533
11235000,57,254.156,-21680.3,56.2599,0.398978
11250000,47,215.496,-21708.3,45.6201,0.3643
11265000,63,264.264,-21690.2,55.8863,0.383167
11280000,58,250.88,-21696.8,73.4044,0.3916
11295000,68,291.916,-21719.4,64.2348,0.387859
11310000,60,272.323,-21683.5,77.2543,0.394733
11325000,49,220.681,-21690.7,49.4081,0.376533
11340000,38,160.259,-21731.7,23.4742,0.3648
11355000,53,246.852,-21716.5,54.6061,0.383833
11370000,56,247.873,-21689.4,58.4861,0.385267
11385000,67,301.651,-21691.7,84.7953,0.413067
11400000,48,212.584,-21718,50.878,0.365783
11415000,68,308.414,-21686.5,65.1513,0.3944
11430000,80,349.55,-21670.3,63.6021,0.3964
11445000,73,326.69,-21685.6,81.9701,0.403933
11460000,45,197.759,-21709,45.2584,0.37725
11475000,75,340.477,-21679.2,67.4717,0.3914
11490000,53,238.527,-21668.4,52.079,0.389533
11505000,61,258.984,-21736.1,59.9018,0.386071
11520000,49,219.797,-21715.1,46.8817,0.36405
11535000,71,311.096,-21665.5,79.4031,0.389933
11550000,63,277.209,-21722,68.772,0.395156
11565000,63,283.205,-21669.9,60.9643,0.3977
11580000,74,331.863,-21679,78.925,0.390933
11595000,41,182.739,-21727.6,39.5433,0.362227
11610000,51,229.288,-21724.5,52.5993,0.3846
11625000,65,271.91,-21721.2,53.2483,0.392133
11640000,65,273.684,-21729.4,60.3357,0.3934
11655000,52,217.871,-21730,56.7947,0.398933
11670000,51,227.451,-21747.2,45.2554,0.378467
11685000,34,144.212,-21721.5,33.5872,0.339989
11700000,42,192.657,-21726.7,53.0374,0.351533
11715000,62,268.756,-21699.3,66.8703,0.389296
11730000,59,254.497,-21693.8,51.0124,0.3866
11745000,67,292.235,-21690.1,61.6207,0.391867
11760000,63,268.611,-21701.3,51.9391,0.396733
11775000,62,270.991,-21701.2,58.2288,0.3936
11790000,56,246.508,-21735.6,48.0595,0.361156
11805000,79,339.806,-21684.8,74.5122,0.413067
11820000,54,245.991,-21737.6,41.6753,0.39846
11835000,50,217.352,-21733.6,50.0319,0.385733
11850000,34,165.236,-21737.7,32.2272,0.362583
11865000,54,226.784,-21721.1,66.3865,0.3994
11880000,45,207.429,-21726.7,50.8707,0.360433
11895000,59,261.916,-21742.7,55.0099,0.383067
11910000,57,250.266,-21706.4,61.2582,0.390867
11925000,59,266.056,-21743.9,48.8537,0.3976
11940000,63,283.171,-21723.7,47.7391,0.380817
11955000,61,262.564,-21729.6,68.9681,0.403333
11970000,55,252.28,-21717.3,48.6206,0.401267
11985000,71,309.058,-21722.9,65.0424,0.418467
12000000,69,312.2,-21693.2,76.2628,0.396433
12015000,68,295.117,-21685.1,75.0725,0.3848
12030000,55,242.832,-21691.9,42.0696,0.389
12045000,50,236.665,-21708.8,64.3475,0.376987
12060000,61,271.041,-21681.4,79.8414,0.378767
12075000,74,323.979,-21698.3,62.3898,0.406244
12090000,63,278.105,-21713.8,68.4764,0.382844
12105000,81,355.552,-21702.6,80.9994,0.416067
12120000,72,324.617,-21709.5,68.2733,0.4158
12135000,47,191.683,-21715.5,41.867,0.389844
12150000,70,299.089,-21687.2,61.1752,0.401
12165000,60,250.689,-21698.9,57.8778,0.393971
12180000,63,278.509,-21701.5,54.811,0.385578
12195000,64,252.215,-21692.9,57.8785,0.406733
12210000,69,304.375,-21692.4,67.4352,0.411933
12225000,84,373.867,-21702.9,97.9521,0.422933
12240000,66,293.718,-21687.7,73.2953,0.398617
12255000,66,286.894,-21703,70.3443,0.416933
12270000,65,289.224,-21685.5,64.7518,0.408867
12285000,62,273.614,-21721.2,63.2773,0.3858
12300000,71,305.529,-21699.2,70.5155,0.414067
12315000,84,340.401,-21669.2,90.6896,0.407133
12330000,76,342.93,-21685.2,89.9992,0.407133
12345000,91,398.092,-21693.8,96.9998,0.414067
12360000,105,461.234,-21670.5,129.123,0.423
12375000,60,280.388,-21701.2,58.8628,0.381911
12390000,65,292.904,-21690.1,45.5414,0.389667
12405000,87,379.904,-21657.8,78.8987,0.4214
12420000,75,309.216,-21665,80.8379,0.417
12435000,88,394.607,-21655.9,78.6238,0.4014
12450000,79,355.254,-21692.8,84.0452,0.4026
12465000,86,384.254,-21663.5,97.8107,0.4194
12480000,93,422.32,-21671.2,91.6154,0.419067
12495000,95,413.188,-21676.7,100.945,0.42375
12510000,93,388.677,-21662,84.5499,0.405867
12525000,100,432.109,-21673.9,95.6713,0.423133
12540000,60,251.288,-21686.6,59.2836,0.393925
12555000,91,389.808,-21682.7,80.1711,0.423833
12570000,87,383.345,-21669.1,91.3175,0.4264
12585000,89,386.685,-21664.9,74.2454,0.4204
12600000,66,284.586,-21666.7,70.1184,0.396033
12615000,66,296.111,-21698.3,84.5806,0.410033
12630000,74,315.232,-21684.3,95.8434,0.397567
12645000,56,243.82,-21706.9,52.2648,0.393527
12660000,84,342.243,-21682.3,93.1541,0.406356
12675000,67,301.801,-21665.1,85.5069,0.391956
12690000,88,374.55,-21704.3,101.476,0.419833
12705000,73,315.341,-21704,78.8617,0.415733
12720000,62,268.309,-21694.9,62.8388,0.386107
12735000,69,309.927,-21671.4,61.6455,0.40415
12750000,79,356.1,-21687.4,68.0967,0.401867
12765000,66,294.596,-21684.7,66.2323,0.395733
12780000,58,254.123,-21698.6,63.08,0.403173
12795000,60,255.902,-21703.2,82.9101,0.3797
12810000,63,283.081,-21674.6,59.6238,0.401117
12825000,61,258.393,-21687.1,61.973,0.390733
12840000,69,303.47,-21700.4,71.9892,0.391089
12855000,75,307.637,-21704.4,68.9245,0.40148
12870000,72,317.556,-21693,75.3764,0.391489
12885000,75,328.75,-21695.1,84.5774,0.3956
12900000,64,274.458,-21689.4,54.5801,0.412467
12915000,75,326.183,-21704.4,76.397,0.38836
12930000,71,304.268,-21703,64.8299,0.388311
12945000,72,326.328,-21682.9,86.4404,0.4004
12960000,65,284.666,-21679.9,65.8161,0.399
12975000,65,290.706,-21670,84.3132,0.3948
12990000,57,260.754,-21690.5,51.1156,0.383933
13005000,65,276.39,-21689.5,74.392,0.3938
13020000,56,264.256,-21696.6,51.919,0.387562
13035000,73,320.492,-21659.7,75.7228,0.3904
13050000,64,289.647,-21681.8,66.302,0.390533
13065000,63,292.638,-21679.1,44.4373,0.395333
13080000,62,285.423,-21689.9,54.4116,0.394289
13095000,57,256.683,-21675.5,44.878,0.380933
13110000,80,339.394,-21704,77.3797,0.403967
13125000,64,261.388,-21706.4,59.2624,0.396278
13140000,73,343.428,-21665.3,62.0941,0.394644
13155000,79,323.69,-21726.1,65.5737,0.418222
13170000,72,304.769,-21687.1,91.0855,0.386633
13185000,62,270.989,-21671.7,65.9098,0.3874
13200000,57,248.781,-21704.9,48.1091,0.398933
13215000,69,313.389,-21712.9,67.6156,0.3964
13230000,77,332.402,-21661.9,70.2205,0.396378
13245000,68,305.674,-21666.9,79.7602,0.400933
13260000,54,226.486,-21691.2,40.971,0.392267
13275000,59,264.396,-21745.8,65.2361,0.407542
13290000,53,239.315,-21708.1,50.2351,0.3856
13305000,46,210.25,-21716.7,34.8723,0.365133
13320000,66,302.86,-21664,76.7387,0.381907
13335000,64,272.561,-21663.1,59.8902,0.393533
13350000,63,288.246,-21676.8,58.892,0.3872
13365000,67,305.608,-21696.9,70.2264,0.396467
13380000,63,261.849,-21691.9,59.6889,0.389667
13395000,57,260.189,-21733.5,62.9739,0.384022
13410000,70,312.369,-21712.9,84.6311,0.389733
13425000,53,233.38,-21724.4,42.7244,0.39738
13440000,56,248.965,-21701.2,60.4985,0.3998
13455000,75,340.826,-21658.8,69.6251,0.380293
13470000,75,326.692,-21686.7,74.693,0.396667
13485000,66,305.431,-21685.9,62.9551,0.388933
13500000,78,346.593,-21657,74.2773,0.397067
13515000,71,318.392,-21646.4,71.412,0.393133
13530000,79,359.944,-21670.6,80.1217,0.395533
13545000,77,340.12,-21672.2,79.5892,0.4014
13560000,64,269.278,-21651.9,62.2716,0.3932
13575000,56,246.239,-21695.6,51.2364,0.388313
13590000,72,312.403,-21647.6,92.1472,0.3947
13605000,73,337.709,-21641.6,75.5783,0.401533
13620000,75,322.423,-21676.9,56.3648,0.399533
13635000,71,321.542,-21669.9,62.4245,0.388533
13650000,72,331.772,-21669.6,65.5142,0.3884
13665000,67,281.12,-21703,63.1077,0.395722
13680000,86,383.8,-21663.6,99.4989,0.4028
13695000,57,242.191,-21732.1,53.753,0.400167
13710000,61,257.087,-21673.5,64.574,0.394041
13725000,65,292.535,-21665.9,81.4378,0.382422
13740000,77,340.708,-21674.8,67.6197,0.4048
13755000,100,447.403,-21691.1,88.8857,0.410267
13770000,95,427.798,-21655.3,90.2719,0.419667
13785000,77,349.971,-21661.6,78.9047,0.396533
13800000,77,341.665,-21656.2,85.5634,0.3906
13815000,81,344.043,-21668.5,80.7588,0.394975
13830000,81,359.501,-21664.3,84.7759,0.400933
13845000,75,326.941,-21699.8,77.1335,0.4
13860000,68,300.337,-21712,58.6727,0.398133
13875000,74,318.628,-21671.2,66.0965,0.394422
13890000,68,296.38,-21707,58.4378,0.3916
13905000,71,314.96,-21697.2,73.1238,0.4
13920000,58,249.572,-21712.3,50.7669,0.382333
13935000,67,295.537,-21690.7,78.6332,0.399933
13950000,58,254.464,-21715.8,53.9403,0.405067
13965000,60,261.334,-21713.1,55.6586,0.395016
13980000,69,304.732,-21647.9,73.3884,0.389219
13995000,72,322.004,-21643.2,72.9877,0.3908
14010000,75,341.152,-21656.4,65.3619,0.392667
14025000,74,332.084,-21718.7,66.1656,0.394947
14040000,82,365.006,-21672.8,79.9636,0.3988
14055000,79,345.193,-21688.9,76.6644,0.4096
14070000,76,312.693,-21661.8,75.1081,0.411867
14085000,70,318.501,-21717,67.3158,0.4102
14100000,71,309.594,-21687.3,76.5008,0.402733
14115000,64,279.626,-21696.5,53.8322,0.407267
14130000,87,382.461,-21672,90.6182,0.400467
14145000,77,318.203,-21727.1,80.7962,0.396683
14160000,71,315.726,-21658.2,60.9135,0.401233
14175000,69,310.843,-21670.9,82.352,0.387333
14190000,78,347.954,-21680,74.4248,0.39744
14205000,71,322.762,-21692.3,89.5657,0.402867
14220000,54,243.583,-21709.1,57.383,0.385889
14235000,65,270.746,-21696.4,62.0316,0.388244
14250000,64,256.559,-21713.5,56.444,0.387133
14265000,69,307.206,-21702.1,61.3616,0.387511
14280000,80,351.901,-21718.5,76,0.412633
14295000,65,285.284,-21696.9,53.4538,0.399956
14310000,76,308.255,-21689.1,95.3735,0.404467
14325000,60,274.082,-21684.1,52.9545,0.398017
14340000,74,326.841,-21690.9,83.5642,0.413067
14355000,75,328.323,-21668.6,68.7262,0.406533
14370000,77,313.848,-21677.3,82.0497,0.402667
14385000,70,300.044,-21686,81.508,0.3936
14400000,66,302.002,-21665.2,62.504,0.397067
14415000,79,348.362,-21665.7,81.7184,0.399233
14430000,73,324.77,-21685.5,68.098,0.406733
14445000,78,350.657,-21674.1,77.4209,0.4012
14460000,71,312.208,-21642.8,81.7241,0.395017
14475000,86,383.747,-21678.1,87.3898,0.401559
14490000,65,283.865,-21679,58.4748,0.411489
14505000,69,296.064,-21653.5,57.7936,0.397111
14520000,77,343.887,-21642.5,71.6152,0.395067
14535000,65,305.152,-21632.1,70.6138,0.3878
14550000,75,336.086,-21646.7,82.9447,0.384467
14565000,76,343.721,-21642,70.9876,0.388667
14580000,79,354.45,-21694.8,84.35,0.394733
14595000,66,270.179,-21707.1,58.1361,0.397083
14610000,56,250.204,-21689.5,54.227,0.394567
14625000,61,260.725,-21719.6,62.1632,0.404074
14640000,80,328.946,-21693.5,93.519,0.397867
14655000,54,236.71,-21713.6,68.3895,0.401
14670000,66,275.035,-21678.9,53.6794,0.3866
14685000,66,293.724,-21678.7,59.2161,0.397
14700000,65,287.645,-21677,57.7599,0.399
14715000,68,282.005,-21674.9,81.3427,0.396333
14730000,71,320.664,-21666.8,72.496,0.396067
14745000,79,364.694,-21678.1,69.5378,0.401667
14760000,78,352.27,-21672.1,95.4385,0.397667
14775000,86,388.788,-21675.1,84.9182,0.397956
14790000,79,318.455,-21688.1,69.7975,0.391133
14805000,84,363.481,-21695.4,77.651,0.4124
14820000,74,321.104,-21668.7,64.9505,0.394917
14835000,86,358.358,-21687.2,82.0725,0.407133
14850000,88,373.181,-21676.7,93.0299,0.417133
14865000,48,211.624,-21737.6,39.0168,0.397314
14880000,99,434.146,-21676.4,94.2157,0.420667
14895000,100,444.235,-21675.4,101.776,0.415267
14910000,78,333.972,-21707.3,82.2409,0.392178
14925000,91,402.492,-21646.3,83.5457,0.397571
14940000,76,332.94,-21695.5,75.8535,0.392333
14955000,91,424.766,-21640.4,99.137,0.4091
14970000,75,340.362,-21654,68.0372,0.400133
14985000,61,262.687,-21697.9,69.9402,0.394622
15000000,92,387.354,-21659.1,90.9036,0.408095
15015000,71,293.316,-21634.7,80.5824,0.389067
15030000,73,335.167,-21647,58.9387,0.386867
15045000,77,334.572,-21653.2,77.5579,0.391733
15060000,68,308.417,-21681.9,68.7134,0.387878
15075000,83,373.371,-21667.6,86.0097,0.403867
15090000,76,332.586,-21669.3,79.9378,0.399533
15105000,71,319.431,-21686.9,74.9309,0.408267
15120000,58,238.189,-21712.9,59.9981,0.396881
15135000,64,264.466,-21680.2,61.9851,0.387333
15150000,65,302.066,-21705.9,64.5521,0.386644
15165000,67,304.176,-21697.6,60.6135,0.3792
15180000,61,257.645,-21694.9,70.336,0.400033
15195000,57,244.534,-21688.9,64.2252,0.39495
15210000,73,306.341,-21703.1,81.8831,0.4105
15225000,76,320.771,-21698.7,76.5138,0.399733
15240000,70,299.109,-21690.7,76.4345,0.393853
15255000,75,314.954,-21676.1,61.4933,0.403367
15270000,86,366.265,-21685.1,94.6231,0.395867
15285000,87,381.192,-21667.2,90.6593,0.412867
15300000,67,301.884,-21712.2,67.587,0.398067
15315000,76,328.36,-21704.6,61.9288,0.399533
15330000,59,245.319,-21681.1,59.4038,0.381144
15345000,54,228.813,-21702,61.1526,0.399767
15360000,58,241.181,-21695.6,59.4969,0.382233
15375000,78,333.093,-21673.6,85.4613,0.382867
15390000,77,347.916,-21661.7,82.0586,0.395667
15405000,66,305.12,-21663.7,67.5676,0.389333
15420000,76,320.224,-21665.2,81.597,0.4132
15435000,70,308.967,-21657.6,64.9053,0.3938
15450000,78,327.496,-21690.9,53.7103,0.399867
15465000,71,319.356,-21697.7,69.5663,0.400133
15480000,74,345.975,-21660.1,75.4687,0.398667
15495000,62,267.742,-21694,48.998,0.391083
15510000,84,371.476,-21664.5,93.1826,0.414433
15525000,96,440.441,-21652.3,100.08,0.408267
15540000,94,415.623,-21644.5,101.618,0.4252
15555000,66,273.613,-21694.1,65.1393,0.401667
15570000,90,403.354,-21669.4,105.558,0.408367
15585000,75,315.178,-21680.2,77.0587,0.402833
15600000,77,341.733,-21689,74.194,0.413233
15615000,85,388.144,-21666.3,80.8121,0.424533
15630000,63,268.749,-21721.2,55.5701,0.401846
15645000,72,323.391,-21670.8,82.2954,0.413867
15660000,63,262.607,-21720.3,61.1403,0.405773
15675000,72,328.989,-21675.3,70.381,0.399433
15690000,69,307.457,-21664.2,45.3449,0.400533
15705000,73,325.66,-21655.1,81.1186,0.404667
15720000,64,267.879,-21674.4,68.63,0.402533
15735000,62,268.629,-21734.6,52.8486,0.404248
15750000,73,306.03,-21672.4,88.9811,0.398356
15765000,79,356.081,-21677.7,76.3812,0.4102
15780000,94,405.113,-21652.9,104.72,0.418333
15795000,89,395.392,-21647.1,79.4767,0.410067
15810000,82,368.285,-21674.6,91.3917,0.419667
15825000,63,263.802,-21688.4,66.3759,0.401095
15840000,77,342.601,-21696.4,71.3511,0.409733
15855000,79,349.181,-21666.8,63.7142,0.407578
15870000,71,296.567,-21684.5,64.8785,0.407533
15885000,66,286.967,-21695.2,67.4648,0.405244
15900000,78,345.799,-21690.8,73.2534,0.404467
15915000,74,330.614,-21667.1,84.4811,0.397733
15930000,83,370.322,-21669.1,81.802,0.410133
15945000,65,299.806,-21693.6,60.8991,0.409356
15960000,64,262.688,-21672.4,52.6869,0.3958
15975000,72,322.352,-21701.6,73.6612,0.3998
15990000,65,295.156,-21698.6,59.0595,0.409533
16005000,65,285.495,-21671.9,56.9629,0.399733
16020000,80,347.986,-21680.8,78.191,0.387683
16035000,78,336.572,-21668.3,78.0051,0.407133
16050000,56,233.645,-21704.8,62.8422,0.401095
16065000,56,242,-21691.8,64.5323,0.387817
16080000,61,269.793,-21701.9,65.1499,0.38
16095000,75,329.635,-21676.7,69.6803,0.391317
16110000,95,418.469,-21647.7,101.939,0.396
16125000,55,246.241,-21726.1,75.1671,0.40012
16140000,75,326.391,-21642.3,83.3392,0.400333
16155000,77,337.8,-21709.9,88.4957,0.39876
16170000,82,370.483,-21683.4,79.9117,0.414667
16185000,73,315.317,-21666.9,81.3931,0.396978
16200000,53,236.152,-21723.1,51.7598,0.403493
16215000,77,340.199,-21677.2,70.1979,0.4026
16230000,86,381.396,-21664.6,98.5223,0.415433
16245000,75,315.599,-21687.6,81.6862,0.409067
16260000,67,293.49,-21685.4,70.7453,0.403067
16275000,66,281.444,-21672.9,59.3793,0.3948
16290000,63,261.981,-21679.3,66.0709,0.381267
16305000,67,303.164,-21696.2,65.2604,0.392111
16320000,76,333.338,-21678.6,60.649,0.4016
16335000,76,336.755,-21691,80.5729,0.404067
16350000,86,366.352,-21693.5,80.6443,0.418
16365000,71,326.381,-21683.6,70.1901,0.406622
16380000,79,353.027,-21715.6,70.0531,0.405672
16395000,60,263.429,-21661.5,51.7332,0.3967
16410000,64,282.828,-21658.4,49.5496,0.3892
16425000,69,306.09,-21682,78.2526,0.408147
16440000,79,355.893,-21669.3,59.993,0.3984
16455000,88,386.025,-21700.9,98.9248,0.412933
16470000,80,343.451,-21678.1,76.9587,0.408
16485000,85,383.853,-21661.5,92.9598,0.394893
16500000,79,354.278,-21681.3,79.2148,0.405267
16515000,78,343.425,-21661.1,82.8675,0.3998
16530000,70,287.238,-21669.8,79.3456,0.403067
16545000,75,338.562,-21652.3,68.9742,0.404453
16560000,77,341.939,-21650.5,82.2212,0.4044
16575000,76,322.992,-21658.4,75.945,0.4024
16590000,72,303.552,-21661.5,73.5493,0.400267
16605000,67,284.187,-21719.5,63.344,0.392167
16620000,74,334.281,-21658.9,79.2952,0.397433
16635000,68,305.462,-21663.3,68.8186,0.3866
16650000,73,317.693,-21649.7,82.5567,0.4118
16665000,76,329.548,-21624.3,63.5615,0.401333
16680000,84,374.64,-21629.9,66.5327,0.396533
16695000,81,376.936,-21627.3,92.3195,0.406067
16710000,86,387.423,-21641.3,72.3603,0.3998
16725000,76,321.195,-21622.6,78.4823,0.4092
16740000,79,343.413,-21645.6,81.1303,0.396933
16755000,73,315.996,-21666.3,69.1125,0.404333
16770000,69,302.856,-21683.7,59.9956,0.3976
16785000,65,296.821,-21691.7,64.9689,0.395267
16800000,58,253.332,-21689.1,53.1365,0.3984
16815000,74,339.768,-21679.6,67.8748,0.4054
16830000,73,337.328,-21690.9,79.0938,0.402867
16845000,67,300.576,-21678.2,58.1069,0.391333
16860000,66,294.014,-21651.9,75.6007,0.388267
16875000,70,309.527,-21649.9,80.3592,0.367867
16890000,67,293.181,-21675.2,68.6404,0.387933
16905000,69,304.527,-21667.5,72.6487,0.3988
16920000,61,266.957,-21731.4,71.0043,0.397557
16935000,65,296.364,-21714.9,66.2881,0.394018
16950000,73,317.972,-21669.3,91.216,0.389467
16965000,68,308.089,-21677.4,61.7896,0.397667
16980000,75,325.618,-21685.7,70.3996,0.395
16995000,78,350.841,-21654.7,85.0094,0.401333
17010000,82,367.084,-21628.1,72.9316,0.398667
17025000,88,398.426,-21648.8,68.1319,0.405467
17040000,78,350.504,-21663.9,78.8711,0.410667
17055000,76,320.442,-21667.7,84.7714,0.399733
17070000,78,336.228,-21672.2,91.7399,0.3988
17085000,75,340.817,-21670.8,81.1881,0.406467
17100000,61,275.296,-21729.2,73.8431,0.393917
17115000,81,346.692,-21655.2,83.2906,0.397033
17130000,67,298.232,-21650.9,89.1993,0.401133
17145000,70,306.916,-21652.2,72.4996,0.395933
17160000,74,315.663,-21657.2,66.6513,0.3968
17175000,78,337.579,-21655.3,79.1742,0.396533
17190000,84,375.145,-21641.6,85.2812,0.4034
17205000,89,397.354,-21642.1,86.1998,0.412933
17220000,78,340.259,-21622.4,76.2251,0.3964
17235000,97,432.972,-21630.4,93.6192,0.396533
17250000,94,416.265,-21679.3,104.404,0.39546
17265000,91,392.242,-21645.2,83.5788,0.418167
17280000,73,309.91,-21637.4,65.5016,0.391267
17295000,67,280.57,-21702.3,56.6594,0.4114
17310000,83,375.69,-21685.5,87.0968,0.394205
17325000,75,340.063,-21684.6,65.4313,0.4019
17340000,68,282.585,-21648.9,70.6867,0.38435
17355000,78,355.248,-21637.1,74.2996,0.390533
17370000,63,263.883,-21702.6,68.449,0.4007
17385000,79,341.85,-21662,64.6533,0.395167
17400000,73,316.62,-21685.9,66.1096,0.391067
17415000,68,308.737,-21651.5,61.536,0.396
17430000,67,288.508,-21668.3,55.1089,0.390667
17445000,58,241.015,-21694.6,41.5911,0.390483
17460000,73,319.157,-21674.6,66.1575,0.3916
17475000,89,393.367,-21666,88.4318,0.40424
17490000,80,340.497,-21664.4,86.9932,0.412133
17505000,89,374.636,-21651.5,72.0912,0.394733
17520000,78,318.466,-21698,110.667,0.41248
17535000,87,402.525,-21663.7,85.2532,0.4075
17550000,84,369.176,-21655.4,96.3109,0.403133
17565000,69,317.791,-21680.9,81.934,0.397178
17580000,76,343.723,-21677.2,83.3372,0.392033
17595000,83,364.992,-21673.1,65.5002,0.408933
17610000,61,277.942,-21708.1,62.3528,0.399889
17625000,83,345.912,-21636,82.6599,0.403667
17640000,73,334.13,-21645.7,68.8147,0.40608
17655000,91,398.701,-21644.5,95.2335,0.397933
17670000,93,412.29,-21655.4,101.758,0.413267
17685000,67,287.575,-21652.3,60.8751,0.38915
17700000,79,346.728,-21670.3,83.8484,0.4004
17715000,76,345.745,-21672.8,83.2429,0.384733
17730000,92,403.861,-21686.2,101.306,0.407533
17745000,78,334.594,-21656.1,92.2043,0.403867
17760000,70,304.392,-21669.8,67.7032,0.3904
17775000,69,309.477,-21702,50.3048,0.407333
17790000,89,387.694,-21672.2,90.8895,0.396033
17805000,81,365.288,-21658,77.194,0.395733
17820000,83,386.193,-21643.6,87.9369,0.405367
17835000,83,378.805,-21660.6,95.6864,0.405533
17850000,89,401.828,-21661.3,90.9342,0.4016
17865000,85,383.698,-21639.3,80.2485,0.4104
17880000,80,349.136,-21636.8,81.952,0.401467
17895000,76,347.57,-21638.8,73.5942,0.3902
17910000,74,351.574,-21648,68.1794,0.390333
17925000,82,351.052,-21647.7,87.8643,0.393533
17940000,74,322.591,-21660,72.2782,0.397067
17955000,69,294.01,-21655.2,65.4412,0.387533
17970000,72,323.008,-21644.1,60.5808,0.3848
17985000,76,336.383,-21644.9,78.6142,0.395067
18000000,73,333.373,-21633.2,82.2282,0.389467
18015000,70,317.849,-21626.9,72.0945,0.383333
18030000,84,360.436,-21657.2,80.0712,0.397022
18045000,88,384.725,-21688.3,83.6788,0.423133
18060000,82,365.337,-21662,83.5236,0.4148
18075000,71,297.728,-21662.7,87.5517,0.393333
18090000,78,352.71,-21645,75.0883,0.39004
18105000,67,293.589,-21658.2,64.2304,0.396533
18120000,86,391.692,-21642.9,95.3101,0.400644
18135000,84,384.262,-21655.9,101.473,0.4164
18150000,88,393.739,-21638.8,82.6879,0.3936
18165000,95,406.718,-21668.6,94.1894,0.416867
18180000,98,412.583,-21670.5,109.515,0.421867
18195000,73,321.192,-21658.8,87.5371,0.407867
18210000,80,346.482,-21659.8,66.0765,0.4195
18225000,78,347.354,-21682.6,64.3571,0.4128
18240000,84,359.995,-21689.1,68.8674,0.4254
18255000,81,360.703,-21679.9,78.4563,0.411467
18270000,94,417.025,-21641.2,81.3901,0.40636
18285000,76,342.164,-21710,74.6057,0.4124
18300000,98,439.617,-21600.6,99.6966,0.409333
18315000,88,395.388,-21636.4,92.118,0.408667
18330000,89,385.221,-21642.8,87.445,0.4008
18345000,85,381.29,-21621.2,98.0074,0.4014
18360000,82,386.612,-21626,103.387,0.409067
18375000,76,355.945,-21714.8,68.2672,0.393041
18390000,68,306.265,-21699.7,53.5709,0.4074
18405000,80,361.427,-21687.6,92.936,0.407392
18420000,71,308.114,-21703.6,67.25,0.401133
18435000,91,395.564,-21684.2,84.3,0.40116
18450000,78,337.656,-21679,68.0529,0.4071
18465000,76,323.315,-21684.8,70.3261,0.4072
18480000,92,405.51,-21682.7,77.8401,0.416867
18495000,68,300.984,-21690,72.7637,0.4052
18510000,72,304.685,-21652.3,77.748,0.407
18525000,72,326.907,-21675.4,69.0928,0.401
18540000,63,279.153,-21685.9,56.9346,0.402993
18555000,71,316.83,-21689.5,62.9089,0.4068
18570000,69,292.923,-21695.7,68.3495,0.389593
18585000,59,251.55,-21692.2,64.0648,0.391289
18600000,54,243.323,-21700,57.13,0.395733
18615000,58,260.982,-21696.6,48.7285,0.378067
18630000,55,243.49,-21720.4,51.5641,0.394387
18645000,58,249.201,-21731.8,57.7222,0.390333
18660000,63,258.736,-21675.7,61.1966,0.392311
18675000,64,282.235,-21700.3,64.345,0.397933
18690000,63,283.326,-21687.9,64.7754,0.383267
18705000,63,288.576,-21673.9,60.8232,0.391067
18720000,82,377.232,-21709.6,77.5168,0.3889
18735000,83,372.834,-21673.4,83.5376,0.395767
18750000,70,310.321,-21679.7,70.8853,0.3974
18765000,77,356.722,-21663.1,74.5176,0.412
18780000,73,314.762,-21661.3,91.0483,0.4048
18795000,52,238.448,-21698.1,53.5944,0.388667
18810000,85,381.448,-21665.8,73.9773,0.405167
18825000,52,218.682,-21695.8,59.222,0.370733
18840000,80,354.402,-21690.8,67.769,0.402767
18855000,66,297.761,-21684.2,69.4235,0.405
18870000,77,319.391,-21684.7,70.1127,0.411533
18885000,69,286.119,-21684.7,60.0387,0.401933
18900000,82,355.136,-21669.4,77.4434,0.4104
18915000,87,370.256,-21683.4,92.5978,0.411133
18930000,84,383.461,-21702.7,78.5237,0.406667
18945000,62,267.032,-21654.5,65.3334,0.382033
18960000,67,294.883,-21660,53.937,0.3884
18975000,85,360.068,-21708.8,86.8082,0.404067
18990000,69,316.202,-21687.4,75.0148,0.4035
19005000,58,260.887,-21718.7,60.6328,0.392361
19020000,59,269.941,-21670.3,64.1284,0.405867
19035000,69,296.539,-21672.1,75.0497,0.391867
19050000,77,339.514,-21662.5,66.9049,0.401667
19065000,61,269.169,-21688.5,54.059,0.383533
19080000,77,341.964,-21676.6,77.3928,0.3976
19095000,87,372.648,-21631.7,95.2051,0.390333
19110000,99,430.229,-21638,84.46,0.4012
19125000,85,360.523,-21676.5,89.4719,0.412267
19140000,92,396.183,-21677.8,95.2903,0.406187
19155000,79,334.807,-21675.1,83.1262,0.414733
19170000,82,363.61,-21650.2,89.8837,0.401317
19185000,90,404.443,-21700.7,97.4014,0.4131
19200000,78,343.699,-21695.8,93.7215,0.405267
19215000,84,366.97,-21649.4,80.5344,0.399711
19230000,81,350.223,-21632.2,73.573,0.3968
19245000,71,297.514,-21636.8,59.8754,0.389333
19260000,75,307.909,-21633.4,90.0734,0.375933
19275000,59,262.892,-21721,54.347,0.4096
19290000,69,309.288,-21648.5,67.6598,0.374167
19305000,70,313.321,-21739.1,69.1843,0.401567
19320000,80,357.752,-21635.6,95.8173,0.385967
19335000,69,307.774,-21662.3,59.5659,0.394467
19350000,56,245.089,-21734.1,64.3197,0.4148
19365000,76,342.815,-21686.4,65.527,0.3844
19380000,81,353.527,-21662.6,66.1821,0.386267
19395000,82,369.817,-21655.1,86.0196,0.3996
19410000,66,289.528,-21721.7,72.8192,0.413933
19425000,72,324.56,-21664.4,78.8362,0.398267
19440000,61,264.688,-21679.5,87.9737,0.3756
19455000,70,279.789,-21657.5,72.8648,0.367133
19470000,77,337.899,-21649.5,74.9522,0.3862
19485000,89,385.863,-21639.3,97.1613,0.397133
19500000,81,353.62,-21648.7,89.458,0.398333
19515000,78,345.267,-21655.2,75.2832,0.3976
19530000,59,249.788,-21734,60.8204,0.392267
19545000,67,279.741,-21672.6,71.9693,0.397133
19560000,80,352.837,-21683.4,79.4361,0.405867
19575000,86,386.802,-21673.9,95.4013,0.404667
19590000,99,451.187,-21685.3,101.982,0.408067
19605000,90,394.364,-21675.2,91.5068,0.4186
19620000,83,375.535,-21695.2,82.1949,0.3944
19635000,79,337.784,-21688.3,76.5508,0.397133
19650000,72,302.524,-21702.8,84.9172,0.403483
19665000,64,278.898,-21685.5,74.9466,0.3885
19680000,75,306.705,-21688,49.8586,0.3904
19695000,68,290.066,-21683.4,55.1309,0.401756
19710000,73,307.753,-21683.5,77.3296,0.4002
19725000,70,289.365,-21683.7,74.2485,0.4142
19740000,76,322.23,-21678.9,82.7065,0.390867
19755000,74,327.348,-21718,66.7536,0.4084
19770000,76,344.092,-21699.6,81.5138,0.414733
19785000,65,289.219,-21699.3,81.0897,0.417467
19800000,56,241.27,-21692,56.6372,0.390533
19815000,53,248.456,-21699.3,71.1822,0.387232
19830000,58,251.12,-21719.4,59.969,0.384033
19845000,70,307.113,-21681.5,66.6452,0.387767
19860000,75,322.015,-21669.4,71.9067,0.386911
19875000,66,273.357,-21670.1,65.9449,0.3848
19890000,73,315.292,-21670.9,61.451,0.3802
19905000,76,328.099,-21670.2,80.2525,0.396067
19920000,71,314.029,-21714.6,65.7773,0.408878
19935000,82,347.33,-21665.7,80.9236,0.395233
19950000,72,322.869,-21678.9,65.1079,0.403733
19965000,50,225.986,-21715.1,52.0861,0.390983
19980000,66,281.527,-21691.4,52.8655,0.3806
19995000,67,292.464,-21698.7,68.0407,0.390667
20010000,67,290.809,-21723.1,54.4935,0.382333
20025000,68,283.595,-21690.6,75.8813,0.4072
20040000,68,304.106,-21706.7,71.8959,0.386467
20055000,85,353.857,-21689.6,77.1032,0.400015
20070000,79,358.627,-21704.1,73.4091,0.408267
20085000,62,256.103,-21682.6,73.9995,0.390378
20100000,81,340.438,-21655.1,95.8056,0.407233
20115000,93,401.808,-21661.1,100.214,0.407067
20130000,75,320.252,-21683.4,77.9152,0.402211
20145000,76,331.423,-21680,74.3067,0.3956
20160000,83,351.398,-21674.3,96.774,0.400333
20175000,75,311.272,-21667,88.7653,0.404111
20190000,79,317.453,-21659.6,79.2326,0.411133
20205000,72,287.021,-21672.7,77.6871,0.405467
20220000,77,340.608,-21693.8,71.2995,0.403156
20235000,57,227.23,-21701.3,52.8743,0.373367
20250000,55,221.453,-21703.9,49.3629,0.399622
20265000,76,316.339,-21701.3,74.4833,0.403467
20280000,72,313.504,-21700.9,76.3811,0.4062
20295000,61,259.907,-21714.3,70.2832,0.3751
20310000,54,246.479,-21709.4,46.6805,0.394533
20325000,70,292.907,-21702.9,62.0893,0.383333
20340000,71,317.638,-21674,69.9702,0.395533
20355000,64,286.157,-21695,90.1499,0.3905
20370000,74,302.956,-21655.7,67.9064,0.4049
20385000,68,291.166,-21675.3,67.7559,0.385
20400000,77,354.54,-21674.6,84.6665,0.3996
20415000,81,356.261,-21677.7,91.966,0.407267
20430000,75,327.354,-21671.4,83.2127,0.403
20445000,82,361.756,-21656.9,81.4474,0.401
20460000,80,340.178,-21678.3,66.6239,0.4158
20475000,75,326.329,-21653.5,58.0716,0.4058
20490000,58,260.071,-21726.9,57.3522,0.397381
20505000,76,333.749,-21670,82.7197,0.4069
20520000,75,335.399,-21654.7,73.6232,0.401933
20535000,93,405.103,-21670.3,99.7117,0.402933
20550000,91,385.784,-21672.5,95.4477,0.4214
20565000,91,414.069,-21685.8,106.754,0.4122
20580000,86,390.4,-21671.6,83.506,0.419667
20595000,106,441.029,-21658.5,95.2262,0.414467
20610000,107,479.947,-21683.6,101.596,0.422467
20625000,93,404.034,-21679.5,90.5822,0.418067
20640000,91,398.115,-21657.5,91.8393,0.414933
20655000,84,374.727,-21674.9,83.6109,0.405733
20670000,82,353.976,-21643.2,50.5361,0.406733
20685000,73,304,-21670.2,66.158,0.401467
20700000,76,344.448,-21643.7,92.8215,0.385803
20715000,74,312.337,-21655.2,71.1467,0.4088
20730000,96,401.867,-21659.1,99.3718,0.42
20745000,77,332.846,-21646.8,87.1538,0.395167
20760000,69,314.682,-21662.3,76.3626,0.381667
20775000,76,347.271,-21669.4,69.378,0.409644
20790000,81,357.218,-21644.6,74.8965,0.391567
20805000,79,339.451,-21651.5,84.3009,0.394733
20820000,79,356.281,-21675.1,64.1965,0.407667
20835000,82,365.08,-21675.1,80.5288,0.4074
20850000,84,391.727,-21672.9,79.4237,0.393533
20865000,78,348.492,-21673.5,88.7416,0.407233
20880000,70,301.492,-21664.4,63.3776,0.402
20895000,61,270.731,-21716.3,61.0419,0.377121
20910000,76,333.452,-21666.6,87.5317,0.400133
20925000,84,371.65,-21659,105.469,0.405493
20940000,86,389.735,-21652.3,97.0579,0.414467
20955000,90,376.873,-21667.9,79.1865,0.397867
20970000,73,331.061,-21688.9,73.5139,0.39975
20985000,69,293.258,-21660.9,57.672,0.402167
21000000,70,293.585,-21662.9,80.8144,0.3756
21015000,64,290.843,-21698.9,68.9194,0.386444
21030000,64,282.616,-21680,57.0624,0.4012
21045000,58,250.403,-21673.8,64.8285,0.395711
21060000,78,343.641,-21678,67.7188,0.388733
21075000,90,391.665,-21664.3,85.3234,0.401933
21090000,68,305.683,-21673.3,62.9907,0.396883
21105000,77,341.592,-21667.7,67.1684,0.402567
21120000,55,230.184,-21662.3,50.1316,0.386333
21135000,67,302.954,-21682.8,78.9716,0.3856
21150000,75,314.592,-21671.1,67.8027,0.405467
21165000,70,307.545,-21660.3,78.5918,0.39595
21180000,64,271.364,-21673.2,67.639,0.406333
21195000,59,249.291,-21710.5,55.1703,0.384267
21210000,73,329.167,-21645.4,79.0824,0.395711
21225000,81,329.444,-21632.8,86.4732,0.406867
21240000,82,374.951,-21658.2,78.8984,0.405333
21255000,65,286.897,-21687.6,69.1094,0.38385
21270000,87,368.233,-21643.1,103.26,0.407733
21285000,93,390.764,-21636,82.9785,0.4076
21300000,86,365.855,-21661.8,96.3374,0.4152
21315000,64,280.824,-21691.7,66.4534,0.389433
21330000,66,310.441,-21685.6,73.2359,0.392867
21345000,58,253.405,-21720.2,52.6963,0.381647
21360000,72,306.371,-21661.8,85.1413,0.4001
21375000,63,282.59,-21699.9,65.1605,0.389267
21390000,73,324.959,-21668.6,66.3076,0.392033
21405000,80,363.208,-21652,70.1153,0.404667
21420000,78,369.324,-21648.5,82.4048,0.408467
21435000,79,313.146,-21649.9,66.2586,0.397267
21450000,69,300.371,-21663.7,65.7594,0.392408
21465000,91,402.011,-21658.2,86.4177,0.4052
21480000,75,318.935,-21650.7,72.3349,0.415467
21495000,67,274.794,-21645.8,57.1891,0.397622
21510000,72,322.397,-21667.9,73.3299,0.381333
21525000,70,299.935,-21643,77.4607,0.394511
21540000,72,318.83,-21673.5,68.5947,0.3964
21555000,87,398.938,-21659,95.0193,0.398667
21570000,77,335.111,-21671.7,91.9158,0.407233
21585000,71,307.664,-21694.2,73.1673,0.415733
21600000,70,300.748,-21686.9,82.3767,0.404067
21615000,81,363.28,-21646,74.0488,0.409917
21630000,78,323.364,-21655.6,83.4621,0.415933
21645000,95,423.368,-21645.7,88.9505,0.417733
21660000,97,437.282,-21650.5,83.9768,0.4114
21675000,82,352.948,-21649.5,92.8244,0.410667
21690000,77,330.188,-21665.1,76.7112,0.410867
21705000,77,314.6,-21650.3,84.0787,0.402827
21720000,73,326.153,-21678,67.3415,0.3939
21735000,75,336.204,-21648.1,87.8207,0.403067
21750000,81,341.16,-21672.6,91.4486,0.4184
21765000,86,376.494,-21661.5,83.2443,0.4064
21780000,86,379.116,-21659,83.9872,0.411133
21795000,80,331.355,-21677.5,88.4969,0.404978
21810000,74,325.11,-21630.9,98.7167,0.4011
21825000,91,414.296,-21653.9,83.799,0.394333
21840000,82,340.662,-21656.2,70.1624,0.4054
21855000,82,365.831,-21634.3,81.065,0.413267
21870000,85,372.784,-21657.2,68.8743,0.4078
21885000,78,326.392,-21659.5,70.601,0.395533
21900000,83,363.739,-21651.3,80.2921,0.402676
21915000,85,377.517,-21683.7,87.0969,0.397733
21930000,75,320.251,-21637.1,80.3179,0.4087
21945000,77,332.44,-21647,69.6166,0.405833
21960000,83,357.112,-21656.9,78.8674,0.390467
21975000,80,358.225,-21645.4,65.4221,0.3896
21990000,76,334.678,-21641.6,67.2813,0.3994
22005000,67,296.661,-21670.2,60.5609,0.387867
22020000,76,335.871,-21652.2,73.209,0.393933
22035000,88,378.882,-21687.9,104.754,0.399667
22050000,85,346.531,-21655.9,85.9522,0.4049
22065000,93,390.63,-21655.4,100.802,0.4156
22080000,76,345.554,-21706,79.9967,0.383599
22095000,76,333.454,-21691,87.8384,0.394233
22110000,67,291.284,-21674.7,68.0308,0.394033
22125000,82,353.06,-21696.7,86.4752,0.4003
22140000,77,321.209,-21700.4,70.3213,0.410124
22155000,75,324,-21684.3,74.8108,0.4058
22170000,70,280.135,-21691.8,67.2792,0.4062
22185000,70,312.386,-21707.5,62.13,0.397773
22200000,69,296.945,-21681.4,79.5693,0.400033
22215000,69,304.399,-21665,85.0554,0.396933
22230000,74,329.946,-21682.6,56.9909,0.3914
22245000,75,333.71,-21675,71.0895,0.394444
22260000,73,322.782,-21668.8,78.8938,0.399833
22275000,74,325.755,-21684.3,80.8961,0.399233
22290000,84,372.515,-21669.2,97.6324,0.395667
22305000,91,397.774,-21682.1,89.0324,0.411667
22320000,78,323.19,-21643.8,82.7487,0.403483
22335000,77,339.534,-21669,75.5142,0.401233
22350000,70,307.837,-21664.8,71.718,0.3952
22365000,83,365.273,-21656.7,95.226,0.396567
22380000,62,269.513,-21690.7,63.398,0.3869
22395000,76,332.038,-21666.5,62.3229,0.4008
22410000,90,405.924,-21666.2,87.0292,0.403622
22425000,85,363.014,-21680.6,97.3083,0.421067
22440000,88,382.931,-21661.1,81.5223,0.418267
22455000,83,345.732,-21673.4,99.812,0.412733
22470000,72,319.065,-21680.1,64.5301,0.399707
22485000,80,370.708,-21682,94.4056,0.4036
22500000,66,290.21,-21670.5,76.3614,0.395233
22515000,76,322.363,-21689.8,70.4551,0.3953
22530000,60,276.496,-21688.1,77.1059,0.394567
22545000,83,357.162,-21657.9,83.0095,0.404167
22560000,74,322.601,-21681.5,71.0208,0.40528
22575000,61,279.577,-21700.6,47.3392,0.391333
22590000,86,390.254,-21685.9,94.4182,0.403933
22605000,73,333.659,-21700.5,60.5094,0.402267
22620000,56,232.203,-21697.9,54.417,0.395633
22635000,55,226.733,-21680.4,49.4462,0.3788
22650000,67,294.382,-21683.1,57.3251,0.388933
22665000,65,282.451,-21702.3,62.3577,0.394067
22680000,83,366.064,-21668.9,69.0086,0.395573
22695000,79,348.058,-21671.4,63.1555,0.393978
22710000,81,346.87,-21651.6,94.3541,0.412133
22725000,77,321.592,-21670.6,79.2264,0.400867
22740000,67,298.531,-21672.2,65.2471,0.4068
22755000,80,346.119,-21676.6,69.1821,0.4062
22770000,60,282.031,-21682.7,60.079,0.395667
22785000,57,249.765,-21704.3,57.8287,0.396767
22800000,58,268.457,-21688.8,67.3005,0.3904
22815000,67,302.519,-21667.6,61.5284,0.395417
22830000,59,254.096,-21669.3,55.4791,0.384167
22845000,72,301.223,-21668.1,82.9988,0.398
22860000,78,343.156,-21671,82.2201,0.400533
22875000,70,327.316,-21642.5,75.2246,0.388933
22890000,71,303.782,-21682.8,75.3812,0.3954
22905000,64,255.691,-21683.8,61.1676,0.385667
22920000,57,235.527,-21675.7,56.163,0.389133
22935000,58,259.104,-21687.2,58.122,0.3868
22950000,65,290.661,-21682.2,83.5532,0.390889
22965000,73,322.128,-21681.2,68.0598,0.391133
22980000,73,332.076,-21684.5,73.3879,0.400733
22995000,51,223.942,-21698.5,47.3289,0.3893
23010000,52,238.637,-21726.4,69.7478,0.385419
23025000,60,266.933,-21709.4,60.7699,0.392133
23040000,78,343.891,-21677.9,69.1748,0.392578
23055000,82,381.688,-21654.9,92.7056,0.384107
23070000,73,324.78,-21658.9,67.8845,0.390467
23085000,70,295.279,-21665.3,67.2688,0.401822
23100000,64,288.953,-21647.4,53.0535,0.398833
23115000,71,308.076,-21646.7,83.528,0.3924
23130000,76,346.862,-21657,81.2093,0.394133
23145000,74,328.252,-21637.6,80.5868,0.3918
23160000,74,325.857,-21666,70.9849,0.396733
23175000,69,308.83,-21698.7,57.423,0.394056
23190000,74,327.895,-21680.8,64.367,0.3985
23205000,82,372.249,-21670.1,98.8224,0.408667
23220000,50,225.713,-21683,51.505,0.390867
23235000,70,305.604,-21665.7,87.2125,0.396733
23250000,70,296.639,-21678.4,61.4427,0.3882
23265000,63,268.953,-21696.1,58.0252,0.385111
23280000,80,334.503,-21696.1,98.8117,0.407567
23295000,46,212.189,-21697,57.7983,0.380778
23310000,75,315.458,-21673.7,76.6942,0.398367
23325000,67,305.11,-21686.6,60.4389,0.399267
23340000,68,291.801,-21677.1,92.1692,0.396267
23355000,79,338.365,-21672.4,85.7355,0.393467
23370000,67,300.996,-21678.1,69.7513,0.38232
23385000,61,263.105,-21675,55.8905,0.3882
23400000,58,257.757,-21710.5,37.1764,0.38877
23415000,61,271.81,-21705.9,60.7387,0.3786
23430000,56,235.344,-21694.3,52.9658,0.387444
23445000,64,287.035,-21670.8,64.7819,0.386656
23460000,74,342.194,-21662.7,80.1317,0.3984
23475000,82,366.58,-21662.5,87.3143,0.406333
23490000,83,366.088,-21668.8,84.1107,0.410733
23505000,98,458.128,-21676,96.5604,0.41
23520000,73,330.139,-21682,81.0552,0.390362
23535000,69,301.351,-21653.7,65.8413,0.399833
23550000,90,396.263,-21675.8,97.6213,0.4064
23565000,80,361.288,-21659,88.4205,0.4032
23580000,82,367.552,-21637.4,88.1277,0.396533
23595000,85,388.383,-21646.5,71.3446,0.4068
23610000,83,393.923,-21678.9,72.1787,0.389933
23625000,80,364.857,-21648.6,77.8262,0.404867
23640000,78,348.294,-21666.3,86.3984,0.390933
23655000,74,333.458,-21667.7,82.2481,0.392333
23670000,61,262.252,-21677.1,46.1057,0.388675
23685000,54,241.368,-21689.5,54.82,0.383067
23700000,66,304.152,-21674.1,62.5521,0.387733
23715000,72,329.957,-21669.7,86.2986,0.389267
23730000,64,290.933,-21688.6,53.6145,0.399133
23745000,66,280.261,-21704.1,68.406,0.38515
23760000,69,310.883,-21684.4,71.4683,0.385533
23775000,64,305.002,-21678.2,72.883,0.3926
23790000,70,308.044,-21686.3,71.0188,0.383024
23805000,60,271.616,-21698.2,53.3125,0.396467
23820000,64,279.764,-21680,77.7444,0.394307
23835000,65,280.492,-21699.9,54.9943,0.393178
23850000,56,243.324,-21685.9,57.4784,0.3904
23865000,60,270.456,-21708.5,60.5349,0.37905
23880000,62,274.5,-21683.4,74.9523,0.376044
23895000,61,272.503,-21690.4,60.0144,0.387
23910000,53,228.551,-21719.8,59.7072,0.386178
23925000,63,267.283,-21705.9,57.9259,0.369067
23940000,53,250.406,-21704.9,50.5633,0.3903
23955000,53,233.993,-21692.4,57.6259,0.384867
23970000,57,241.901,-21694.3,56.2504,0.364867
23985000,65,274.74,-21686.2,60.5997,0.379467
24000000,60,265.726,-21693.1,49.5354,0.386067
24015000,59,271.79,-21718.2,59.1304,0.3954
24030000,59,269.865,-21715.2,62.688,0.406267
24045000,66,303.745,-21702,68.0149,0.384483
24060000,56,255.471,-21681.2,65.3796,0.385733
24075000,62,276.062,-21699.1,70.5927,0.395289
24090000,58,267.067,-21717.9,60.333,0.397067
24105000,49,209.584,-21703,45.3103,0.382067
24120000,59,250.128,-21716.6,72.4773,0.3766
24135000,60,251.014,-21705.9,59.7907,0.38592
24150000,63,265.652,-21685.4,78.8331,0.392733
24165000,48,210.828,-21693,53.8901,0.383765
24180000,48,218.496,-21726.1,46.1708,0.379267
24195000,57,248.234,-21685.3,50.8616,0.38325
24210000,59,249.059,-21705,62.0717,0.386367
24225000,69,307.627,-21705.5,71.0425,0.4034
24240000,63,274.395,-21668.8,62.8996,0.382956
24255000,62,291.294,-21690.2,63.8745,0.384467
24270000,53,237.079,-21683,52.5134,0.379467
24285000,55,232.459,-21689.6,59.6651,0.380333
24300000,54,243.434,-21677,51.1921,0.385933
24315000,54,243.601,-21735.5,55.9889,0.383311
24330000,54,236.802,-21694,45.7821,0.379333
24345000,44,195.621,-21710.9,54.7517,0.376567
24360000,52,225.161,-21718,53.4375,0.383767
24375000,52,231.798,-21731.2,46.4868,0.362467
24390000,50,217.689,-21712.6,55.0292,0.379167
24405000,55,241.882,-21727.1,50.3248,0.388867
24420000,64,295.18,-21691.2,49.727,0.388911
24435000,88,394.188,-21684.5,89.5928,0.4168
24450000,85,387.349,-21669.8,73.3949,0.410533
24465000,52,245.932,-21690.9,41.9203,0.37835
24480000,44,192.168,-21711.3,52.6961,0.388533
24495000,63,283.492,-21674.1,72.5959,0.386689
24510000,62,288.145,-21658.3,70.6442,0.377533
24525000,66,298.04,-21687.4,67.8068,0.387267
24540000,57,248.378,-21704.2,67.6169,0.38312
24555000,60,266.753,-21717.1,62.1563,0.383067
24570000,68,290.724,-21698.6,63.3404,0.3896
24585000,55,260.142,-21743.5,50.1803,0.376905
24600000,70,314.278,-21695.1,60.6945,0.390067
24615000,62,280.458,-21706.3,48.7037,0.38545
24630000,52,229.627,-21751.4,68.4324,0.371578
24645000,64,287.155,-21716.3,82.9972,0.392822
24660000,54,243.201,-21704.8,72.2853,0.384111
24675000,58,265.171,-21693.7,59.0787,0.382133
24690000,63,276.393,-21716.4,70.3457,0.391867
24705000,59,273.96,-21705.1,54.7295,0.3914
24720000,67,298.114,-21707.5,60.4949,0.383933
24735000,81,358.302,-21704.8,76.8089,0.411067
24750000,77,338.226,-21723.7,76.6158,0.405867
24765000,74,335.233,-21700.3,77.9497,0.412867
24780000,73,321.341,-21703.3,76.7557,0.402267
24795000,48,210.896,-21758.3,52.2573,0.382067
24810000,69,288.382,-21719.1,55.9058,0.406967
24825000,55,216.259,-21742.8,48.2045,0.391667
24840000,56,248.621,-21736.3,55.9171,0.394
24855000,41,173.307,-21715.2,56.7344,0.3659
24870000,60,263.209,-21696,60.3895,0.3873
24885000,64,290.501,-21717.5,56.2808,0.378173
24900000,63,266.658,-21697.3,57.8929,0.400933
24915000,62,289.139,-21699.8,64.491,0.396911
24930000,59,243.183,-21692.9,63.1151,0.376573
24945000,64,275.643,-21707,68.8039,0.395133
24960000,76,338.524,-21724.3,66.977,0.3959
24975000,80,336.389,-21705.1,79.5593,0.3916
24990000,60,255.31,-21723.8,55.8164,0.406311
25005000,68,289.634,-21671.1,67.2342,0.398244
25020000,73,344.137,-21688.7,58.2191,0.407867
25035000,64,280.697,-21689.7,56.592,0.3946
25050000,62,280.64,-21703,69.2949,0.3864
25065000,53,243.716,-21685.3,50.2575,0.390878
25080000,57,249.595,-21694.1,66.2035,0.386133
25095000,70,319.34,-21683.4,69.7509,0.391978
25110000,58,269.768,-21706.1,67.9869,0.3877
25125000,60,276.882,-21662.4,53.6375,0.398733
25140000,71,293.993,-21721.4,59.122,0.3844
25155000,56,244.954,-21715.5,46.522,0.375911
25170000,85,381.303,-21690.4,75.8954,0.4064
25185000,64,277.19,-21686.9,57.8777,0.410067
25200000,49,199.816,-21711.8,51.712,0.399383
25215000,53,229.868,-21710.7,61.8851,0.388833
25230000,68,315.962,-21702,47.1472,0.392822
25245000,71,305.067,-21691.1,77.2329,0.390133
25260000,66,294.276,-21697.9,73.7731,0.407467
25275000,59,262.655,-21692.2,59.9595,0.390233
25290000,80,353.12,-21694.1,65.3843,0.402867
25305000,73,316.622,-21682.7,79.1365,0.4048
25320000,67,283.202,-21689.2,67.2024,0.402867
25335000,77,357.647,-21681.2,72.1924,0.386533
25350000,79,357.163,-21674.6,74.549,0.402
25365000,79,365.588,-21664.3,84.3214,0.407667
25380000,74,320.049,-21662.5,76.7736,0.390789
25395000,96,445.761,-21670.5,101.851,0.4073
25410000,80,354.442,-21666.3,82.6913,0.410667
25425000,81,369.986,-21668.6,114.95,0.393333
25440000,84,384.229,-21633.7,74.777,0.39575
25455000,80,354.164,-21688.3,74.4778,0.4152
25470000,90,388.995,-21654.7,88.0315,0.398014
25485000,85,376.934,-21634.7,90.3339,0.4218
25500000,73,312.168,-21704.3,64.2424,0.403244
25515000,66,306.622,-21674.5,50.5673,0.403067
25530000,61,265.202,-21671,59.1697,0.396089
25545000,77,308.447,-21661.7,79.271,0.4094
25560000,73,303.753,-21671.7,59.9907,0.388767
25575000,76,333.734,-21672.7,74.8387,0.410767
25590000,70,318.821,-21679.6,71.6161,0.405333
25605000,74,312.014,-21677.7,78.3324,0.4042
25620000,71,315.539,-21678.9,71.2576,0.399867
25635000,75,343.983,-21689.9,74.7542,0.401133
25650000,72,323.33,-21645.8,61.0323,0.4068
25665000,74,332.69,-21667.2,76.3089,0.395667
25680000,69,300.539,-21680.9,72.5658,0.392853
25695000,80,346.352,-21650.9,67.2323,0.4026
25710000,85,360.947,-21637.4,76.7791,0.407267
25725000,68,303.224,-21655.7,81.8885,0.403
25740000,70,315.254,-21677.5,78.6851,0.391267
25755000,72,315.576,-21699.3,66.8131,0.404333
25770000,73,314.149,-21687.3,71.4495,0.401581
25785000,74,303.374,-21676.5,74.2384,0.401367
25800000,66,290.534,-21669.1,65.0814,0.3944
25815000,67,287.514,-21696.3,83.7902,0.3938
25830000,75,340.904,-21696.8,79.2678,0.400533
25845000,65,279.936,-21693.5,81.7737,0.387022
25860000,72,343.626,-21682,78.8103,0.408267
25875000,73,326.016,-21690.7,61.7109,0.406
25890000,62,274.29,-21690.9,66.4227,0.402133
25905000,54,235.924,-21703.1,66.8892,0.3854
25920000,68,308.859,-21690.4,56.1927,0.405422
25935000,66,302.144,-21671.2,67.3577,0.393867
25950000,51,221.756,-21707.9,44.8026,0.390368
25965000,50,214.616,-21701,56.3574,0.369867
25980000,72,327.463,-21678,73.3185,0.400467
25995000,63,273.633,-21723.1,44.386,0.387567
26010000,60,271.756,-21667.3,54.3944,0.395367
26025000,67,299.087,-21714.1,66.0857,0.406
26040000,74,329.734,-21695.7,71.2318,0.392667
26055000,63,289.698,-21705.4,59.0458,0.417467
26070000,62,283.249,-21703.4,76.8465,0.394867
26085000,71,300.42,-21713.1,67.3044,0.390667
26100000,65,278.734,-21712.3,55.5119,0.403467
26115000,68,305.512,-21708.4,64.9922,0.400848
26130000,58,250.248,-21693.3,64.4242,0.396967
26145000,75,343.468,-21692.3,73.1174,0.400967
26160000,56,252.772,-21697.3,57.9434,0.387989
26175000,78,362.804,-21696.8,80.3045,0.4072
26190000,79,350.361,-21687.6,84.092,0.411778
26205000,85,371.537,-21690.3,72.0529,0.4071
26220000,67,278.942,-21697.2,49.4988,0.403167
26235000,59,267.55,-21706.5,46.22,0.398
26250000,65,272.586,-21704.7,67.0597,0.397556
26265000,55,237.671,-21692.9,54.9778,0.395552
26280000,58,264.929,-21707.6,61.2247,0.3926
26295000,58,231.399,-21706.4,45.6257,0.3912
26310000,60,272.867,-21696.7,52.0975,0.386533
26325000,67,294.872,-21687.2,53.5507,0.398933
26340000,75,333.498,-21687.3,73.7684,0.405411
26355000,72,332.935,-21691.6,70.3263,0.415667
26370000,78,344.187,-21706,94.6395,0.4052
26385000,78,350.559,-21693.6,77.0249,0.407533
26400000,76,346.481,-21684.8,77.9886,0.416133
26415000,69,294.448,-21675,69.9193,0.389419
26430000,68,301.53,-21689.9,61.9889,0.406167
26445000,76,339.916,-21698.9,80.0212,0.4178
26460000,79,359.919,-21661.2,79.7227,0.406733
26475000,49,229.182,-21698.3,40.3314,0.393313
26490000,78,331.909,-21646.9,79.6893,0.397367
26505000,74,338.649,-21662.1,77.9164,0.3984
26520000,76,322.866,-21680.8,72.2127,0.405533
26535000,65,272.678,-21704.1,71.0367,0.39355
26550000,87,366.62,-21671.1,88.9628,0.403367
26565000,68,293.423,-21665.9,79.9582,0.399533
26580000,80,346.837,-21687.6,72.9094,0.3932
26595000,83,366.526,-21662,62.1681,0.405533
26610000,65,286.802,-21692.4,75.6715,0.403539
26625000,70,303.904,-21659,63.5602,0.3883
26640000,66,285.604,-21715.8,62.027,0.403167
26655000,56,250.274,-21716.4,74.7311,0.386417
26670000,86,362,-21654.9,75.8603,0.393956
26685000,82,358.937,-21660.3,85.4524,0.410667
26700000,66,295.363,-21664.3,47.0687,0.398433
26715000,70,296.764,-21672.3,55.7149,0.4075
26730000,74,307.137,-21685.6,83.1293,0.401547
26745000,72,342.807,-21692.6,82.3804,0.4078
26760000,68,302.164,-21689.3,71.7357,0.400133
26775000,59,264.194,-21703.6,46.9063,0.3904
26790000,61,270.843,-21696.5,51.8444,0.3901
26805000,74,304.795,-21662.3,59.2973,0.4045
26820000,81,356.839,-21668.1,66.3193,0.409533
26835000,82,343.993,-21655.6,77.3009,0.404
26850000,59,249.766,-21698.5,56.8643,0.393067
26865000,79,352.469,-21662.6,68.6938,0.4041
26880000,86,386.656,-21666.9,88.3303,0.4054
26895000,76,336.295,-21647.9,72.3997,0.411933
26910000,74,314.189,-21677.2,86.6323,0.407267
26925000,81,348.157,-21657.8,62.7945,0.399533
26940000,63,290.05,-21714.9,62.439,0.39234
26955000,89,396.309,-21674.6,76.7454,0.4122
26970000,67,292.597,-21709.5,64.7281,0.386683
26985000,89,385.407,-21661,73.3837,0.408467
27000000,97,428.554,-21657.9,96.3269,0.4254
27015000,82,377.178,-21664.7,87.7023,0.419333
27030000,93,398.012,-21663.3,112.37,0.407467
27045000,68,287.415,-21688.6,79.8818,0.406419
27060000,75,319.777,-21665.7,63.7397,0.412867
27075000,53,221.923,-21701.3,54.3427,0.3957
27090000,87,374.386,-21664.7,65.5559,0.393
27105000,64,280.081,-21710.6,73.5846,0.4014
27120000,82,344.757,-21639.5,78.3371,0.404433
27135000,64,272.831,-21701.4,79.328,0.401467
27150000,76,331.551,-21682.4,80.2025,0.396367
27165000,59,257.128,-21711.6,64.6451,0.390303
27180000,68,303.824,-21686,60.9296,0.394033
27195000,61,276.228,-21679.7,54.7055,0.3902
27210000,50,206.58,-21716.7,44.1673,0.369289
27225000,55,228.482,-21710.4,56.1449,0.391933
27240000,78,333.922,-21701.4,59.6448,0.400143
27255000,65,288.117,-21709,51.9298,0.4142
27270000,63,276.229,-21678.8,65.9185,0.388422
27285000,71,319.667,-21678.7,84.585,0.404656
27300000,71,319.516,-21675.5,70.8863,0.399333
27315000,79,346.862,-21675.4,72.8401,0.399
27330000,78,340.744,-21678.8,57.0557,0.3992
27345000,70,325.425,-21698.3,63.643,0.404078
27360000,64,267.04,-21672.4,61.9665,0.390344
27375000,79,354.699,-21709.4,81.7189,0.409
27390000,75,321.639,-21693.3,73.1069,0.411467
27405000,64,258.397,-21697.9,61.433,0.4144
27420000,61,253,-21715.1,58.9466,0.398078
27435000,53,209.051,-21669.9,35.6694,0.385653
27450000,64,274.878,-21688.8,64.795,0.3834
27465000,61,269.729,-21723.5,74.3722,0.386711
27480000,83,364.558,-21680.9,84.8992,0.4018
27495000,69,282.383,-21651.4,74.3506,0.399067
27510000,54,228.217,-21686.7,67.1992,0.396533
27525000,56,220.63,-21693.2,60.806,0.3966
27540000,58,252.358,-21686.5,55.3384,0.383044
27555000,57,262.722,-21742.3,50.1706,0.402587
27570000,57,234.885,-21710.5,59.1146,0.388267
27585000,63,273.767,-21715.1,70.4357,0.394133
27600000,64,281.619,-21710.8,61.2603,0.3982
27615000,67,295.999,-21693.6,73.6008,0.376267
27630000,67,317.828,-21712.8,75.6801,0.384133
27645000,59,272.654,-21698.7,60.4455,0.401833
27660000,71,317.508,-21726.5,66.6176,0.403267
27675000,60,259.883,-21695.8,54.7602,0.383022
27690000,57,249.355,-21702,62.1677,0.400933
27705000,60,256.326,-21703.1,64.5944,0.396267
27720000,45,194.89,-21726.3,27.7529,0.3954
27735000,56,245.903,-21704,50.6886,0.392853
27750000,58,261.361,-21711.4,61.5351,0.399733
27765000,54,239.427,-21696.1,56.2359,0.3918
27780000,65,289.197,-21717,49.3964,0.390667
27795000,54,251.38,-21704.5,53.144,0.390078
27810000,65,279.029,-21702.5,58.3723,0.385667
27825000,53,222.996,-21708.1,42.0352,0.38375
27840000,54,235.948,-21728.9,49.1712,0.3842
27855000,67,285.112,-21685.8,73.9881,0.395489
27870000,69,296.35,-21691.6,86.4276,0.400667
27885000,47,198.228,-21712.6,46.0915,0.363356
27900000,55,233.2,-21706.6,46.9241,0.384038
27915000,56,250.182,-21704.3,54.3515,0.3766
27930000,60,253.868,-21714.1,70.7331,0.396867
27945000,55,236.126,-21696.4,52.2901,0.3921
27960000,59,264.005,-21668,47.5507,0.387867
27975000,58,253.313,-21663.3,60.3504,0.370289
27990000,54,235.387,-21695.4,41.7362,0.386333
28005000,63,263.698,-21684.8,89.4021,0.3912
28020000,74,336.021,-21695.5,84.2241,0.4026
28035000,62,251.667,-21687.8,76.3183,0.3824
28050000,60,245.053,-21677.6,62.3806,0.399
28065000,80,336.091,-21676.6,91.7302,0.403089
28080000,72,324.92,-21673.1,77.3965,0.400333
28095000,67,272.135,-21683.6,68.1357,0.389667
28110000,70,297.527,-21674.5,56.0755,0.3978
28125000,73,327.175,-21703,72.5646,0.414
28140000,76,332.235,-21696.9,83.8757,0.403
28155000,76,334.962,-21694.6,75.0522,0.410067
28170000,67,292.4,-21685,80.4062,0.403933
28185000,69,295.782,-21672.9,73.1081,0.391162
28200000,66,284.173,-21680.8,56.2092,0.383933
28215000,50,209.255,-21677.2,44.2591,0.379733
28230000,55,258.187,-21671.7,45.5027,0.373733
28245000,60,270.557,-21715.1,46.6197,0.398311
28260000,67,302.831,-21668.6,68.9486,0.380733
28275000,55,234.793,-21677.3,66.8059,0.383711
28290000,61,264.833,-21655.4,56.9025,0.3744
28305000,57,243.7,-21656.8,51.9459,0.379067
28320000,61,292.739,-21684,51.8935,0.388633
28335000,63,299.682,-21696.3,71.0767,0.393133
28350000,58,261.538,-21674.7,40.0054,0.389178
28365000,59,262.725,-21658.6,52.9149,0.379633
28380000,68,283.611,-21701.1,67.0829,0.402956
28395000,62,264.085,-21718.3,51.6685,0.408467
28410000,65,291.808,-21690.1,62.7292,0.397733
28425000,59,258.07,-21711.4,65.6832,0.366017
28440000,77,319.325,-21695,76.2177,0.410767
28455000,65,289.801,-21699.9,65.1845,0.387067
28470000,82,346.594,-21678.8,80.7386,0.409167
28485000,69,280.32,-21677.7,71.9364,0.397467
28500000,60,261.894,-21697.5,53.8778,0.388378
28515000,58,255.245,-21716,55.3698,0.386945
28530000,56,225.829,-21697.8,59.5885,0.394822
28545000,64,291.003,-21671,57.1438,0.390711
28560000,67,294.701,-21681.2,71.7258,0.389333
28575000,62,264.272,-21670.4,55.0692,0.384717
28590000,75,339.617,-21683.6,98.1531,0.398167
28605000,64,273.526,-21684.4,78.4697,0.392627
28620000,82,374.938,-21661.5,89.0317,0.4095
28635000,85,377.676,-21665.3,99.1719,0.412733
28650000,67,306.371,-21724.5,63.6422,0.406022
28665000,66,289.763,-21653.4,64.1469,0.399167
28680000,62,281.326,-21656.6,66.5595,0.3842
28695000,79,350.218,-21695.8,72.6794,0.394
28710000,74,342.228,-21712.9,79.0038,0.405133
28725000,69,283.667,-21713,72.223,0.4102
28740000,51,218.481,-21679.4,44.793,0.385467
28755000,57,249.032,-21689.7,62.2398,0.3724
28770000,75,322.747,-21713.8,52.3158,0.406133
28785000,59,259.89,-21696.5,48.9915,0.378511
28800000,58,243.376,-21691.5,52.4688,0.3704
28815000,62,258.709,-21694.5,62.4674,0.381267
28830000,80,346.56,-21674,86.365,0.404367
28845000,56,224.851,-21703.2,63.5316,0.3863
28860000,68,284.716,-21678.3,64.0103,0.379467
28875000,75,324.717,-21693.4,66.2505,0.405311
28890000,59,264.695,-21690.7,52.9703,0.4014
28905000,62,264.718,-21700,56.1182,0.384133
28920000,57,260.833,-21693,65.445,0.382491
28935000,60,268.675,-21685.9,60.8417,0.381427
28950000,63,264.641,-21691.3,76.6183,0.387
28965000,63,282.045,-21687.8,63.3779,0.3812
28980000,65,274.376,-21674.6,58.7135,0.397233
28995000,73,314.973,-21694,75.8793,0.406467
29010000,67,303.102,-21676.6,64.0129,0.391867
29025000,72,310.526,-21655,67.2114,0.4018
29040000,62,261.953,-21653.2,61.0696,0.388133
29055000,60,271.497,-21693.8,79.5175,0.397044
29070000,65,280.885,-21663.9,66.0661,0.376567
29085000,56,228.666,-21694.3,46.0637,0.399794
29100000,64,293.108,-21667.8,53.5153,0.379967
29115000,72,294.267,-21666.6,73.0342,0.3858
29130000,52,234.607,-21672.6,45.5327,0.390507
29145000,77,344.617,-21671.2,66.5089,0.390467
29160000,60,260.993,-21670.1,49.3848,0.408333
29175000,61,264.057,-21673.3,70.1951,0.377422
29190000,65,272.553,-21676,76.0348,0.392967
29205000,67,313.691,-21680.7,61.286,0.386967
29220000,79,370.857,-21683.3,66.3935,0.392567
29235000,78,350.402,-21670.4,81.7216,0.396867
29250000,82,358.123,-21673.2,68.3882,0.399333
29265000,58,262.456,-21686.2,50.8569,0.399883
29280000,80,356.439,-21672,70.2251,0.406833
29295000,60,251.713,-21672.8,59.1101,0.3868
29310000,71,309.352,-21669,64.4357,0.402049
29325000,84,382.399,-21640.5,76.2479,0.400378
29340000,59,263.613,-21697.5,55.7797,0.389489
29355000,65,279.942,-21654.2,60.985,0.4004
29370000,80,358.624,-21656.1,73.5716,0.3918
29385000,78,358.194,-21649.5,77.1399,0.397933
29400000,64,285.709,-21687.6,59.0082,0.403867
29415000,63,271.027,-21663.2,48.6529,0.3854
29430000,87,371.714,-21649,89.797,0.398933
29445000,71,325.324,-21628.3,63.8265,0.3896
29460000,76,330.874,-21620.7,86.9999,0.3944
29475000,58,270.852,-21668,58.3653,0.38825
29490000,66,290.878,-21681.4,55.0246,0.380467
29505000,85,386.201,-21659.7,77.2573,0.3952
29520000,63,265.901,-21715.4,61.7686,0.399067
29535000,77,348.858,-21660,63.2841,0.397433
29550000,84,349.261,-21633.9,72.0613,0.397533
29565000,84,358.232,-21642.7,68.8816,0.4076
29580000,48,198.714,-21708.2,47.9512,0.390511
29595000,58,261.844,-21693.2,78.567,0.399947
29610000,67,291.142,-21659.7,66.7018,0.393711
29625000,72,327.326,-21656.3,61.0029,0.4058
29640000,71,307.759,-21667.6,68.4429,0.376333
29655000,53,236.473,-21691.1,47.0368,0.38816
29670000,65,282.678,-21668.8,65.8999,0.4057
29685000,64,289.213,-21725.2,63.8484,0.4082
29700000,64,267.188,-21704,69.8219,0.379933
29715000,57,238.665,-21656.8,62.8417,0.3804
29730000,63,294.946,-21692,59.2662,0.370067
29745000,69,295.428,-21643.5,65.7307,0.397707
29760000,64,275.065,-21669.6,51.447,0.399067
29775000,57,222.748,-21693,67.0697,0.381222
29790000,64,285.474,-21685.7,53.5804,0.386667
29805000,62,272.599,-21683.1,68.3337,0.376556
29820000,67,301.65,-21668.8,71.271,0.3806
29835000,57,246.918,-21641.1,54.8551,0.380733
29850000,63,276.765,-21672.6,52.495,0.396483
29865000,73,320.657,-21673.6,74.5296,0.3995
29880000,68,303.183,-21671.5,84.3934,0.397467
29895000,60,263.594,-21674.9,63.4085,0.388622
29910000,76,326.281,-21656.8,78.245,0.393233
29925000,75,326.228,-21677.4,87.5415,0.401333
29940000,79,353.972,-21673.6,75.8428,0.389822
29955000,72,314.986,-21692.7,77.9501,0.405
29970000,62,266.533,-21671.2,62.6626,0.409
29985000,72,305.167,-21667.8,74.3256,0.399533
