generation,N_shifts,logPrior,logLik,eventRate,acceptRate
0,0,0.435864,-22149.9,100,1
15000,1,7.09793,-22039.5,2.50443,0.150933
30000,1,6.36174,-22029.9,0.97868,0.247158
45000,1,6.45687,-22028.6,1.06359,0.3393
60000,1,6.64448,-22030.6,2.59806,0.325267
75000,1,5.78113,-22027.5,4.0904,0.299836
90000,2,9.33022,-22002.3,3.74973,0.342067
105000,5,20.15,-21990.4,2.48896,0.3406
120000,4,20.6422,-22002.5,5.53291,0.331
135000,9,40.9929,-21944.8,20.8617,0.328333
150000,9,37.875,-21907.7,7.41524,0.319333
165000,12,41.32,-21872.2,8.92717,0.312133
180000,15,56.9658,-21860.8,10.3005,0.316
195000,21,84.6088,-21815.8,21.262,0.330533
210000,24,94.2026,-21797.4,22.221,0.350667
225000,8,38.0519,-21897.6,10.2113,0.323215
240000,29,119.083,-21773.7,22.0474,0.365467
255000,33,139.605,-21752.9,34.1193,0.3688
270000,36,146.588,-21755.5,34.3966,0.372733
285000,40,173.496,-21722,45.3044,0.375867
300000,54,233.946,-21705.5,55.4891,0.3846
315000,57,232.258,-21686.9,43.372,0.383333
330000,46,188.307,-21700.8,38.6341,0.394533
345000,42,179.223,-21671.4,36.6949,0.375267
360000,45,193.164,-21684.2,59.1319,0.383
375000,57,254.783,-21669.1,53.9575,0.3908
390000,52,232.611,-21646.7,49.9132,0.378467
405000,66,273.99,-21668.6,69.5102,0.407933
420000,67,295.226,-21669.1,61.6608,0.413267
435000,58,253.593,-21645.8,45.5277,0.405133
450000,63,274.117,-21660.1,63.083,0.407467
465000,59,253.075,-21648.3,63.3553,0.404667
480000,63,274.859,-21653.5,63.1639,0.3966
495000,52,221.827,-21660.6,52.5314,0.392
510000,53,223.046,-21640.7,47.6498,0.387667
525000,43,175.43,-21723.6,46.4234,0.344007
540000,49,203.451,-21630.6,50.9785,0.383967
555000,44,185.164,-21707.4,46.007,0.3791
570000,57,241.979,-21631.2,54.2289,0.3785
585000,40,158.172,-21693.6,43.5152,0.377633
600000,41,178.555,-21685.6,34.8363,0.3738
615000,61,257.324,-21647,53.0398,0.388356
630000,74,307.731,-21673.3,73.4414,0.411267
645000,61,244.44,-21677.1,72.3046,0.407333
660000,49,196.543,-21718.6,44.4618,0.348138
675000,50,209.363,-21705.9,49.4615,0.383267
690000,61,265.365,-21630.1,49.2917,0.403356
705000,47,200.966,-21682.5,46.8763,0.386467
720000,53,229.282,-21648.2,59.7791,0.398367
735000,62,268.33,-21653.1,52.7839,0.393367
750000,72,313.539,-21623.6,76.8481,0.404233
765000,66,264.108,-21629.6,70.5169,0.415533
780000,66,288.06,-21612.1,62.4992,0.402133
795000,61,260.874,-21641.2,63.7817,0.392867
810000,74,315.621,-21647.7,74.0842,0.418667
825000,73,296.885,-21649.6,71.445,0.412467
840000,71,305.656,-21658.5,57.1984,0.388255
855000,72,297.184,-21616.9,64.5079,0.398907
870000,63,266.332,-21606.5,62.3488,0.392467
885000,78,329.366,-21600,106.182,0.3964
900000,80,325.17,-21626.3,72.4943,0.403787
915000,74,330.794,-21633.9,68.4639,0.419067
930000,55,233.7,-21641.8,53.177,0.401989
945000,74,336.491,-21635.3,88.2805,0.406978
960000,68,285.889,-21645.3,51.6192,0.395
975000,60,247.633,-21639.6,65.2646,0.3896
990000,63,255.088,-21645.5,56.3192,0.394467
1005000,55,221.62,-21636,63.9007,0.394717
1020000,62,264.706,-21656.8,59.1151,0.401483
1035000,63,284.76,-21629.3,48.9872,0.413
1050000,61,241.798,-21637,63.545,0.408333
1065000,64,280.238,-21632.5,60.2891,0.407817
1080000,86,349.943,-21637.1,83.629,0.409144
1095000,81,337.567,-21607.2,73.2195,0.412333
1110000,80,327.231,-21621.5,91.7745,0.411533
1125000,57,236.389,-21620.1,51.5324,0.399433
1140000,59,245.807,-21642,67.8604,0.396156
1155000,63,272.567,-21638.5,62.0875,0.392133
1170000,75,328.162,-21600.7,64.1515,0.399667
1185000,66,298.775,-21634.9,75.6159,0.3972
1200000,62,263.183,-21651.7,54.086,0.398822
1215000,73,300.665,-21599,79.9093,0.390067
1230000,59,247.376,-21638.8,76.1587,0.395767
1245000,76,323.504,-21615.8,72.7832,0.411867
1260000,77,327.549,-21632.1,64.4979,0.407667
1275000,59,257.36,-21639.1,67.2008,0.398622
1290000,52,213.216,-21664.9,44.1921,0.39288
1305000,74,296.15,-21611.7,86.2602,0.405444
1320000,63,266.37,-21609.2,59.1073,0.3914
1335000,70,302.655,-21643.5,70.5188,0.409
1350000,64,276.891,-21629.3,68.7381,0.4048
1365000,76,324.744,-21637.7,74.3231,0.401733
1380000,60,258.192,-21664.7,52.0486,0.388457
1395000,76,333.934,-21635.9,89.9475,0.418967
1410000,67,293.925,-21642.9,72.5305,0.413
1425000,72,319.325,-21619.6,74.5365,0.399333
1440000,58,247.794,-21643.3,62.2392,0.396
1455000,60,253.662,-21652.2,60.1284,0.383733
1470000,62,283.362,-21643.7,67.6022,0.378978
1485000,48,201.462,-21648.3,42.8786,0.395967
1500000,47,210.777,-21659.9,40.9486,0.402633
1515000,47,194.066,-21653.6,46.8649,0.394233
1530000,57,241.84,-21650.6,51.2731,0.381333
1545000,52,217.296,-21645.3,49.2982,0.383293
1560000,57,241.519,-21656.6,59.5672,0.402533
1575000,54,228.073,-21645.7,51.0046,0.398733
1590000,65,287.356,-21655.7,66.804,0.400267
1605000,57,245.793,-21672.9,65.9731,0.39556
1620000,64,272.727,-21648,75.7378,0.390833
1635000,47,203.706,-21701.7,39.9785,0.390541
1650000,70,314.892,-21620.6,57.45,0.399133
1665000,71,324.997,-21631.3,81.2854,0.39615
1680000,57,264.52,-21658.4,59.5444,0.398267
1695000,49,204.133,-21660,48.3091,0.3979
1710000,49,214.529,-21680.2,61.4844,0.3918
1725000,51,222.567,-21657,42.4462,0.3946
1740000,65,295.815,-21677.7,55.6327,0.3988
1755000,65,260.418,-21660,52.4526,0.401433
1770000,57,237.845,-21643.8,48.9938,0.3958
1785000,61,271.495,-21634.1,78.6601,0.392819
1800000,67,292.343,-21641.4,61.5737,0.392933
1815000,59,243.55,-21643.8,50.2461,0.386578
1830000,58,240.765,-21643,71.0241,0.408833
1845000,59,259.078,-21645.4,60.0203,0.412333
1860000,55,248.293,-21648.3,71.9318,0.396089
1875000,62,249.954,-21653.7,64.3453,0.3953
1890000,63,272.804,-21652.2,69.0859,0.396973
1905000,68,288.182,-21653.5,64.2853,0.4135
1920000,67,295.006,-21646.5,64.7868,0.4018
1935000,59,260.73,-21664,43.7749,0.411578
1950000,54,216.813,-21649.7,51.1545,0.3994
1965000,52,210.551,-21658.9,51.4421,0.385867
1980000,64,278.997,-21626.2,55.9532,0.3776
1995000,68,290.671,-21647.2,74.6977,0.405033
2010000,70,302.897,-21644.5,70.8798,0.403947
2025000,66,283.999,-21643.2,71.2852,0.4002
2040000,71,307.788,-21616.8,67.2029,0.402311
2055000,79,350.409,-21616.7,91.7173,0.417167
2070000,71,302.845,-21623.6,71.6643,0.417333
2085000,66,267.553,-21632.7,57.5496,0.406133
2100000,69,288.651,-21628.7,64.1052,0.408333
2115000,69,314.985,-21636.1,76.9664,0.406867
2130000,60,250.719,-21639.9,63.8264,0.406867
2145000,58,240.844,-21641.5,62.709,0.390667
2160000,66,292.09,-21636.4,71.0214,0.385933
2175000,67,290.121,-21628.4,52.1437,0.389867
2190000,80,337.195,-21613.6,73.75,0.397283
2205000,92,411.954,-21626.6,82.116,0.407667
2220000,82,365.618,-21631.8,82.1928,0.4144
2235000,66,290.142,-21618.4,62.7021,0.4044
2250000,72,300.514,-21632,87.39,0.4056
2265000,62,265.699,-21627.5,55.432,0.401556
2280000,58,238.954,-21630.2,62.0598,0.374733
2295000,63,258.532,-21619,56.5452,0.390667
2310000,79,328.281,-21612.8,71.6606,0.4052
2325000,79,329.719,-21638.1,93.4055,0.402547
2340000,87,378.165,-21603.8,97.8973,0.4214
2355000,81,360.018,-21622.9,84.289,0.408067
2370000,63,263.283,-21617.8,69.7888,0.407467
2385000,86,355.91,-21615.7,95.3763,0.424567
2400000,86,370.928,-21616,94.3653,0.426
2415000,64,268.864,-21636.9,67.6492,0.4114
2430000,56,235.921,-21662.8,75.4709,0.399189
2445000,56,238.114,-21633.3,60.2482,0.397667
2460000,73,313.157,-21608.5,61.7905,0.398422
2475000,78,335.131,-21630.3,62.9531,0.3942
2490000,81,344.859,-21646.9,90.4524,0.409833
2505000,69,300.218,-21628.1,74.7109,0.4206
2520000,65,286.928,-21648.8,65.1434,0.395178
2535000,61,273.183,-21628.4,57.5825,0.3999
2550000,67,271.236,-21666.2,71.0742,0.3922
2565000,52,217.498,-21657.7,73.7923,0.392274
2580000,59,250.174,-21644.2,62.37,0.373
2595000,74,325.6,-21641.6,72.1493,0.393683
2610000,74,333.748,-21637.2,65.8849,0.4102
2625000,55,231.668,-21646.9,46.7647,0.396822
2640000,58,248.047,-21657.2,63.1317,0.393189
2655000,75,311.19,-21633.9,77.546,0.404067
2670000,65,279.618,-21641.6,67.9414,0.4003
2685000,62,260.068,-21631,61.2645,0.405167
2700000,58,257.756,-21639.8,50.7112,0.394733
2715000,62,262.99,-21643.9,64.9723,0.399956
2730000,65,286.923,-21625.8,68.6008,0.388467
2745000,71,294.832,-21628.1,67.7089,0.3987
2760000,57,242.766,-21642.8,48.7646,0.413133
2775000,64,273.108,-21639.8,72.5459,0.39176
2790000,79,332.473,-21646.1,97.4257,0.413667
2805000,51,214.719,-21634.7,51.2667,0.393133
2820000,65,276.512,-21645.8,66.8188,0.395067
2835000,70,273.674,-21627.7,62.005,0.404533
2850000,67,292.702,-21632.7,69.457,0.397267
2865000,67,303.682,-21649.4,65.7616,0.406507
2880000,67,295.936,-21618.4,75.141,0.404667
2895000,63,275.248,-21627.9,64.539,0.3942
2910000,67,291.892,-21622.2,63.4987,0.406667
2925000,62,264.957,-21614.2,49.7438,0.404867
2940000,64,272.537,-21649.6,56.941,0.394889
2955000,56,242.648,-21672,61.1638,0.397733
2970000,66,289.885,-21623.9,51.1851,0.389267
2985000,54,230.727,-21648.1,56.0862,0.4107
3000000,54,234.543,-21646.4,57.3475,0.389667
3015000,67,291.734,-21646.2,72.5421,0.391911
3030000,64,269.8,-21646,59.9681,0.395848
3045000,53,229.136,-21651.3,58.2625,0.3947
3060000,53,215.26,-21663.4,51.86,0.39485
3075000,59,238.127,-21641.7,63.5903,0.3915
3090000,66,285.431,-21632.3,70.8935,0.390267
3105000,78,333.654,-21644.8,78.6635,0.398907
3120000,69,291.158,-21622.6,66.6976,0.404067
3135000,64,274.562,-21664.7,77.5327,0.38772
3150000,62,282.946,-21670.2,58.0761,0.4124
3165000,76,334.787,-21637.1,65.3322,0.416622
3180000,77,320.928,-21632.4,89.8162,0.414667
3195000,80,335.906,-21607,67.3604,0.410267
3210000,73,307.992,-21623.8,70.083,0.417467
3225000,62,267.077,-21646.9,64.3645,0.408947
3240000,78,347.49,-21634.8,80.6038,0.4061
3255000,66,273.956,-21648.7,69.4333,0.393873
3270000,77,333.429,-21620.3,80.4843,0.410433
3285000,69,295.573,-21623.4,81.3162,0.409467
3300000,85,381.308,-21606.4,97.7128,0.404267
3315000,79,333.599,-21628.8,78.7213,0.421533
3330000,66,269.082,-21631.1,63.9407,0.404667
3345000,59,250.914,-21637.4,58.7027,0.408808
3360000,69,315.174,-21642.5,80.3723,0.400167
3375000,64,284.092,-21656.8,58.3319,0.417267
3390000,79,350.728,-21629.3,98.4388,0.401926
3405000,59,250.181,-21647.2,60.4799,0.404083
3420000,48,198.112,-21650.2,49.432,0.397533
3435000,68,283.133,-21646.5,51.5719,0.408517
3450000,63,280.063,-21648.5,72.4944,0.396933
3465000,56,253.094,-21652.3,44.7036,0.389333
3480000,52,231.156,-21638.8,51.3874,0.3872
3495000,62,254.182,-21633.1,52.1235,0.398167
3510000,56,229.81,-21639.8,54.637,0.3784
3525000,63,279.091,-21650.2,68.7313,0.394533
3540000,55,227.424,-21620.3,59.4518,0.397553
3555000,57,240.898,-21639.2,60.0001,0.383573
3570000,68,278.889,-21634.8,49.5135,0.394967
3585000,72,311.953,-21651.6,72.2437,0.392617
3600000,81,351.447,-21637.4,77.7386,0.409567
3615000,59,250.117,-21647,57.5316,0.400717
3630000,60,265.928,-21644,61.1366,0.403267
3645000,68,303.178,-21652.6,68.2738,0.40265
3660000,54,236.531,-21658.9,48.6229,0.3926
3675000,84,362.358,-21642.4,82.2191,0.406267
3690000,59,251.097,-21635.7,60.7107,0.402367
3705000,58,237.235,-21626.1,55.1985,0.389844
3720000,58,253.336,-21627,63.5159,0.3875
3735000,89,374.797,-21612.5,73.7369,0.40355
3750000,81,352.48,-21613.1,83.179,0.428667
3765000,59,262.513,-21629.3,53.5394,0.403044
3780000,66,271.792,-21626,57.9089,0.397467
3795000,58,257.742,-21608.3,56.8539,0.3882
3810000,71,311.416,-21631.6,73.9637,0.398686
3825000,61,266.137,-21605.8,66.1508,0.383133
3840000,55,241.205,-21626.4,62.34,0.386689
3855000,58,243.352,-21620.1,65.0587,0.396867
3870000,64,269.457,-21648.5,67.8667,0.403367
3885000,61,259.404,-21644.8,49.5777,0.4016
3900000,59,252.2,-21622.8,50.2044,0.398
3915000,66,274.759,-21629.3,58.9177,0.407067
3930000,68,304.353,-21632.8,73.7818,0.395162
3945000,73,328.911,-21620.8,65.0197,0.414267
3960000,74,325.179,-21621.1,66.5046,0.405733
3975000,61,274.73,-21620.4,64.9619,0.406333
3990000,66,294.525,-21646.6,56.527,0.4004
4005000,68,285.396,-21612.2,93.1178,0.418333
4020000,72,322.827,-21602,58.2038,0.417333
4035000,66,269.549,-21612.3,73.8125,0.4126
4050000,47,199.719,-21640.6,52.559,0.390913
4065000,52,223.599,-21650.3,51.1321,0.4018
4080000,69,309.398,-21615.7,72.759,0.403622
4095000,73,297.327,-21596.2,66.9773,0.3994
4110000,79,358.323,-21600.8,71.8321,0.4128
4125000,71,299.402,-21591.3,83.2644,0.4028
4140000,52,232.823,-21614.9,50.6244,0.3908
4155000,64,277.018,-21655.9,55.0834,0.393867
4170000,76,336.811,-21649.9,81.761,0.420867
4185000,61,260.857,-21658,61.5349,0.414267
4200000,75,324.586,-21657,88.3843,0.4144
4215000,63,256.234,-21667.8,58.0953,0.4084
4230000,72,306.127,-21629.6,75.0643,0.403689
4245000,77,336.025,-21623,75.3543,0.410333
4260000,81,351.702,-21614.6,102.349,0.4124
4275000,80,335.394,-21611.1,85.7678,0.4174
4290000,79,338.198,-21628.2,66.7421,0.410133
4305000,48,202.179,-21659,46.1163,0.398733
4320000,61,256.705,-21638.4,69.0845,0.4012
4335000,64,279.869,-21641.6,72.5002,0.386533
4350000,51,230.578,-21680.7,40.02,0.394622
4365000,53,220.878,-21624,38.6729,0.3913
4380000,69,291.803,-21617.2,77.2854,0.388267
4395000,67,275.555,-21611.1,56.4014,0.394
4410000,69,301.742,-21605.4,67.4827,0.401267
4425000,58,257.485,-21650.1,50.8678,0.40424
4440000,57,234.895,-21639.4,69.7037,0.395271
4455000,67,298.952,-21639.2,51.5853,0.395311
4470000,66,284.547,-21628.3,62.0843,0.390467
4485000,61,258.648,-21621.7,60.2956,0.3863
4500000,63,268.658,-21639.4,65.0202,0.396667
4515000,67,278.601,-21624.9,59.8319,0.398711
4530000,50,225.188,-21652.8,50.7535,0.3976
4545000,61,261.483,-21626.3,67.6668,0.380067
4560000,66,260.486,-21646,63.3013,0.383267
4575000,62,267.219,-21622.9,52.286,0.405533
4590000,66,284.977,-21647.7,63.0017,0.389267
4605000,51,205.959,-21618.5,39.9641,0.389333
4620000,62,261.736,-21641.1,68.8613,0.390933
4635000,49,205.687,-21653.3,53.1693,0.390013
4650000,44,178.606,-21685,38.5929,0.392302
4665000,57,256.498,-21635.6,56.2906,0.389111
4680000,59,256.471,-21668.5,56.2454,0.396333
4695000,62,254.318,-21619.6,73.2203,0.3893
4710000,61,259.193,-21654.5,59.0929,0.39384
4725000,69,300.263,-21626,73.3813,0.404933
4740000,65,270.081,-21627.9,69.6552,0.394067
4755000,68,291.092,-21641.9,60.7126,0.404956
4770000,73,307.667,-21646.9,63.1503,0.409133
4785000,65,257.558,-21632.5,68.8118,0.403733
4800000,72,316.696,-21640.2,58.15,0.400533
4815000,86,370.676,-21635.1,105.72,0.4152
4830000,55,219.079,-21655.5,67.3967,0.400467
4845000,62,269.876,-21621.1,60.8839,0.395705
4860000,65,267.694,-21638.5,63.4793,0.408333
4875000,71,298.255,-21620.3,85.1437,0.399533
4890000,64,273.326,-21612.8,75.5375,0.3996
4905000,59,261.647,-21649.5,61.3529,0.398044
4920000,59,259.535,-21640.6,63.8012,0.394867
4935000,66,280.185,-21641.3,57.8524,0.4002
4950000,68,296.536,-21636.9,71.254,0.404767
4965000,71,308.258,-21664.8,77.1147,0.405867
4980000,68,299.153,-21624.3,62.3762,0.409956
4995000,63,263.014,-21669.8,55.1344,0.4184
5010000,57,232.632,-21636.8,57.3568,0.392433
5025000,61,241.381,-21656,59.9922,0.400833
5040000,52,211.582,-21633.7,57.5761,0.3924
5055000,74,315.796,-21637.3,58.8172,0.393662
5070000,54,223.481,-21653.8,65.555,0.388356
5085000,77,339.904,-21621.9,80.1744,0.4118
5100000,72,304.774,-21642.2,74.4289,0.393383
5115000,62,254.121,-21662.4,52.9942,0.4008
5130000,60,250.619,-21638.5,53.217,0.393667
5145000,66,283.969,-21657,52.7,0.4
5160000,66,293.006,-21634.6,68.3791,0.405267
5175000,63,274.758,-21645,59.9624,0.397033
5190000,60,255.155,-21640.3,58.0353,0.397683
5205000,72,298.813,-21665.7,85.4552,0.402556
5220000,89,382.436,-21623.3,89.7985,0.4134
5235000,58,251.817,-21640.4,65.0993,0.396822
5250000,52,223.606,-21665.5,60.0605,0.402867
5265000,72,316.222,-21611,76.975,0.404
5280000,67,296.853,-21640.8,60.6206,0.399333
5295000,73,333.58,-21648.7,67.5423,0.391633
5310000,65,273.961,-21623.8,80.1689,0.414667
5325000,70,304.531,-21639,60.9267,0.406267
5340000,58,247.804,-21640,61.5363,0.411467
5355000,81,365.432,-21629.6,86.1989,0.4073
5370000,82,333.225,-21655.7,79.661,0.4048
5385000,83,371.495,-21640.6,81.4615,0.4216
5400000,66,276.222,-21649.2,75.273,0.412833
5415000,81,336.33,-21619,82.7934,0.412033
5430000,86,382.322,-21627.6,86.5622,0.421333
5445000,55,225.693,-21623.4,59.2919,0.401075
5460000,50,200.849,-21649.5,39.8469,0.398817
5475000,68,296.897,-21644.3,65.8316,0.406978
5490000,50,203.764,-21657.4,57.9507,0.383267
5505000,49,212.35,-21650.1,54.3525,0.387667
5520000,66,293.463,-21655.8,55.622,0.397289
5535000,62,256.584,-21645.5,53.8446,0.3897
5550000,64,265.473,-21637.1,55.7546,0.395705
5565000,62,280.385,-21640.7,64.7423,0.394733
5580000,58,252.236,-21640.5,64.3408,0.394667
5595000,48,197.584,-21688.6,50.0423,0.395467
5610000,41,177.021,-21686.9,44.9129,0.3984
5625000,55,244.84,-21654.1,54.1166,0.391173
5640000,59,254.538,-21648.3,53.895,0.396733
5655000,78,327.353,-21644.4,97.2982,0.38496
5670000,72,300.165,-21647,79.3687,0.399317
5685000,67,286.575,-21637.5,66.7088,0.417133
5700000,54,235.088,-21638.5,56.5423,0.397267
5715000,68,293.084,-21642.1,63.1577,0.392067
5730000,61,252.922,-21647,70.7515,0.4036
5745000,66,266.676,-21644,82.408,0.411733
5760000,54,227.183,-21652.8,53.3791,0.400495
5775000,43,184.651,-21662,37.5327,0.375467
5790000,60,247.653,-21648.1,44.8366,0.399556
5805000,44,173.653,-21669.6,40.8225,0.387053
5820000,52,229.889,-21666.3,50.7506,0.385667
5835000,54,232.234,-21662,77.0624,0.380633
5850000,48,200.288,-21664.7,53.2623,0.393233
5865000,64,251.672,-21611.6,62.0596,0.402267
5880000,64,261.938,-21621.1,61.968,0.397067
5895000,66,268.817,-21616.3,65.2457,0.411333
5910000,77,321.311,-21625.2,82.6103,0.404267
5925000,58,237.782,-21607.1,57.8558,0.4054
5940000,78,324.281,-21599.8,74.0595,0.400533
5955000,66,295.942,-21620.9,68.028,0.4052
5970000,73,313.813,-21608.1,77.914,0.408733
5985000,65,269.08,-21634.2,67.1559,0.399733
6000000,66,284.286,-21610.3,73.499,0.396333
6015000,72,298.965,-21594.2,67.3349,0.401933
6030000,68,267.937,-21622.9,76.0214,0.4064
6045000,44,174.19,-21668,57.6945,0.379031
6060000,45,187.835,-21654.3,38.7381,0.3604
6075000,60,263.592,-21679.5,68.8674,0.386146
6090000,80,354.849,-21615.5,80.7944,0.403833
6105000,56,240.002,-21641.7,59.2722,0.395511
6120000,61,260.148,-21650.7,74.5166,0.398978
6135000,78,344.649,-21621.6,70.5608,0.411244
6150000,64,255.947,-21639.7,54.7453,0.398567
6165000,70,298.068,-21593.3,83.4967,0.409333
6180000,77,302.95,-21614.3,69.121,0.404667
6195000,72,286.54,-21618.8,55.307,0.403133
6210000,81,368.785,-21629,92.9085,0.407267
6225000,78,337.078,-21622.8,67.6429,0.416933
6240000,77,334.437,-21629.3,77.5404,0.400711
6255000,86,361.902,-21601.5,84.1347,0.413967
6270000,78,333.56,-21604.2,64.2289,0.401933
6285000,81,354.477,-21617.4,95.8901,0.403067
6300000,100,406.103,-21619.1,118.081,0.4276
6315000,62,259.712,-21659.2,75.3933,0.400643
6330000,88,380.523,-21606,101.147,0.429733
6345000,83,342.94,-21611.2,88.0857,0.417133
6360000,73,319.942,-21592.3,75.8383,0.404467
6375000,53,229.144,-21638.6,58.6876,0.391767
6390000,93,399.685,-21601.9,89.4177,0.406133
6405000,83,356.78,-21601.5,80.1886,0.406467
6420000,71,320.872,-21613.9,59.2434,0.385622
6435000,67,286.218,-21615.3,91.1524,0.403
6450000,67,291.229,-21639.3,74.1563,0.407133
6465000,63,264.163,-21619.5,65.6543,0.390133
6480000,66,288.35,-21616.7,70.2992,0.398333
6495000,56,248.646,-21626.3,77.3029,0.396333
6510000,59,259.04,-21630.7,60.9261,0.3948
6525000,59,239.23,-21646.8,61.6039,0.386933
6540000,54,223.24,-21641.1,57.7551,0.390133
6555000,48,211.539,-21624.9,55.1446,0.360333
6570000,50,194.34,-21634.7,36.5432,0.367333
6585000,64,263.604,-21646.2,58.496,0.391506
6600000,58,247.538,-21647.7,59.4354,0.400356
6615000,61,256.241,-21617.6,64.8035,0.397533
6630000,45,184.592,-21654.4,48.0684,0.400633
6645000,63,271.973,-21629.7,61.4403,0.392167
6660000,50,219.967,-21646.5,53.2037,0.385322
6675000,64,274.068,-21642.1,73.6886,0.403067
6690000,70,317.398,-21628.4,64.8343,0.407433
6705000,57,219.407,-21626.3,59.4547,0.39596
6720000,68,285.985,-21651.3,68.6777,0.406067
6735000,60,257.301,-21662.7,66.3881,0.3934
6750000,44,190.035,-21662.1,39.5753,0.387133
6765000,70,298.078,-21659.4,80.3834,0.417
6780000,68,287.654,-21633.7,67.3218,0.401867
6795000,87,375.858,-21631.7,76.9432,0.394
6810000,61,263.781,-21648.8,56.6968,0.396276
6825000,64,279.035,-21654.5,67.488,0.403233
6840000,60,259.92,-21643.2,70.9393,0.404267
6855000,62,259.213,-21642.8,74.8229,0.403867
6870000,59,257.4,-21639.5,54.1717,0.399
6885000,51,228.511,-21636.1,53.5904,0.3952
6900000,53,232.542,-21644.5,63.1762,0.389133
6915000,75,312.606,-21646.9,80.2456,0.398517
6930000,56,228.27,-21634.7,55.4079,0.3927
6945000,77,321.878,-21635,84.9151,0.409567
6960000,90,398.18,-21627,105.621,0.417267
6975000,90,357.601,-21592.2,79.8888,0.411867
6990000,73,309.077,-21619.9,77.129,0.403133
7005000,53,226.634,-21657.5,59.6512,0.389808
7020000,81,359.189,-21617.7,92.4869,0.400433
7035000,74,331.993,-21639.6,68.9595,0.4234
7050000,75,330.21,-21637.8,71.1528,0.405867
7065000,65,269.052,-21616,75.495,0.402867
7080000,70,298.013,-21598.7,72.5347,0.422333
7095000,64,279.13,-21639.8,58.5094,0.404848
7110000,62,263.321,-21647.8,60.101,0.402733
7125000,55,245.497,-21619.4,54.8159,0.407822
7140000,44,171.396,-21666.4,50.3605,0.389207
7155000,44,185.861,-21656.6,57.9041,0.365933
7170000,46,199.406,-21656.6,45.2788,0.396178
7185000,63,245.565,-21630.2,65.4989,0.395547
7200000,45,191.903,-21677.8,48.3998,0.370822
7215000,57,246.004,-21659.9,59.8881,0.405
7230000,75,323.637,-21608.6,69.2678,0.397689
7245000,81,359.052,-21614,79.3333,0.406267
7260000,83,352.104,-21623.3,72.4512,0.419533
7275000,83,366.431,-21624.3,97.9613,0.4184
7290000,67,281.718,-21637.4,79.9565,0.412467
7305000,62,265.054,-21644.1,58.8448,0.4034
7320000,77,330.371,-21631.1,101.101,0.400505
7335000,74,322.052,-21621.9,69.9179,0.395567
7350000,80,350.686,-21618.7,98.2874,0.419567
7365000,73,306.259,-21617.4,85.2191,0.412633
7380000,57,240.006,-21642.5,52.359,0.410233
7395000,58,261.263,-21662.4,61.7553,0.406233
7410000,77,328.363,-21636.9,85.4302,0.406333
7425000,53,215.45,-21682.6,62.6647,0.3894
7440000,68,300.608,-21620,75.711,0.408767
7455000,69,310.012,-21638.2,53.5126,0.410733
7470000,83,366.512,-21645.4,83.6626,0.411067
7485000,65,277.526,-21637.6,52.9555,0.4064
7500000,58,257.824,-21642.4,54.5025,0.406467
7515000,42,192.024,-21667.4,38.5336,0.389635
7530000,43,179.592,-21690.1,41.1439,0.375067
7545000,41,170.931,-21669.1,37.2671,0.360867
7560000,47,205.024,-21647.3,60.5891,0.378333
7575000,71,305.81,-21665.7,81.3393,0.392033
7590000,61,249.563,-21663.2,48.9056,0.414067
7605000,46,196.649,-21645.2,36.5333,0.388356
7620000,53,241.419,-21639.1,53.313,0.368133
7635000,70,322.903,-21629.5,55.413,0.394867
7650000,62,279.126,-21644.8,52.8049,0.403133
7665000,55,229.015,-21644.2,54.7106,0.383133
7680000,58,245.282,-21642.5,58.8313,0.396944
7695000,65,255.763,-21645.6,55.6337,0.387133
7710000,76,343.645,-21650.3,74.7994,0.403122
7725000,73,323.541,-21608.5,72.7403,0.4092
7740000,65,288.475,-21628.1,70.768,0.4036
7755000,68,300.269,-21628.6,69.559,0.4014
7770000,73,297.065,-21609.3,78.9653,0.397133
7785000,61,251.687,-21631,75.363,0.389667
7800000,68,283.592,-21620.1,71.2812,0.396267
7815000,72,305.12,-21606,91.1462,0.389867
7830000,69,295.475,-21610.8,72.0973,0.39246
7845000,66,281.524,-21626.9,65.7917,0.410533
7860000,65,277.75,-21636.9,66.7972,0.393867
7875000,56,232.485,-21624.3,67.4733,0.390717
7890000,62,266.009,-21607.6,65.5054,0.394347
7905000,54,224.409,-21631,50.4429,0.3984
7920000,60,261.923,-21613.8,60.3624,0.376067
7935000,54,231.21,-21617.6,46.2543,0.393367
7950000,63,265.797,-21619.3,50.2118,0.399667
7965000,67,294.176,-21630.5,68.9629,0.396133
7980000,78,331.147,-21624.7,72.1773,0.4036
7995000,64,282.803,-21619.7,70.0326,0.396978
8010000,69,298.912,-21618.9,62.2733,0.4063
8025000,73,300.636,-21644.5,77.4639,0.394167
8040000,87,384.897,-21643,63.9557,0.416333
8055000,91,406.028,-21606.1,89.1886,0.422133
8070000,76,316.26,-21616.5,59.5694,0.410533
8085000,63,255.319,-21626.5,50.8553,0.404
8100000,61,260.08,-21619.9,58.4354,0.396111
8115000,60,248.267,-21639.2,52.744,0.3946
8130000,56,232.881,-21624.5,60.95,0.383831
8145000,64,287.747,-21625.5,65.5223,0.387267
8160000,63,256.884,-21630.2,60.509,0.393033
8175000,63,269.858,-21637.5,59.1159,0.400383
8190000,49,206.289,-21641.8,36.2342,0.3883
8205000,65,299.873,-21636.3,76.6461,0.38915
8220000,50,212.299,-21651.3,43.9129,0.3841
8235000,63,248.784,-21623.4,56.5603,0.3935
8250000,63,263.758,-21646,62.0481,0.410933
8265000,61,245.312,-21638.1,54.4232,0.398683
8280000,71,321.529,-21620.8,73.705,0.403
8295000,69,287.283,-21644.6,61.0686,0.405533
8310000,59,236.806,-21657.2,50.4788,0.39925
8325000,65,281.675,-21632.3,66.0896,0.393733
8340000,68,290.307,-21655.2,66.2302,0.406933
8355000,67,279.339,-21624.2,74.0419,0.398333
8370000,68,294.269,-21610.4,52.9265,0.398467
8385000,76,325.415,-21622.3,98.7024,0.408
8400000,48,193.281,-21671.8,52.3122,0.400067
8415000,75,340.188,-21638,74.2456,0.413533
8430000,49,201.365,-21634.2,59.8504,0.3935
8445000,82,364.462,-21633.9,68.6987,0.408733
8460000,70,308.095,-21631.7,63.9429,0.409
8475000,66,271.128,-21638.4,81.2887,0.4028
8490000,73,320.972,-21625,79.6489,0.3962
8505000,69,290.632,-21628.8,54.3084,0.404133
8520000,64,271.576,-21660.5,65.0299,0.402444
8535000,65,282.998,-21631.3,68.5858,0.403867
8550000,58,246.064,-21617.9,52.744,0.3858
8565000,64,275.438,-21646,63.5695,0.389378
8580000,49,216.09,-21674,38.4125,0.39065
8595000,60,240.243,-21651.5,68.2966,0.394667
8610000,53,223.873,-21671.9,55.067,0.378367
8625000,67,293.463,-21653.8,71.374,0.394013
8640000,60,274.504,-21646.7,52.4789,0.393067
8655000,75,314.009,-21621.2,79.5435,0.387083
8670000,71,287.967,-21627.8,88.4856,0.399
8685000,71,290.347,-21645.7,62.8226,0.406867
8700000,71,306.65,-21649.5,71.6101,0.404067
8715000,47,203.825,-21639.9,52.8701,0.3949
8730000,55,235.967,-21649.1,53.2519,0.383333
8745000,61,247.253,-21623.9,59.4198,0.3882
8760000,62,271.143,-21641.9,58.9761,0.400417
8775000,79,341.027,-21628.2,94.8914,0.414133
8790000,67,268.77,-21645.9,68.5574,0.411733
8805000,68,281.636,-21650.4,69.6654,0.411667
8820000,59,252.861,-21640.4,55.6947,0.3936
8835000,57,238.903,-21658.3,59.5953,0.4058
8850000,56,251.258,-21661.2,60.1152,0.403933
8865000,56,249.359,-21668,62.0133,0.403038
8880000,53,230.142,-21639.1,53.543,0.394233
8895000,56,244.064,-21622.3,49.4531,0.395917
8910000,57,251.853,-21658.5,54.1878,0.396167
8925000,59,238.314,-21658.8,62.982,0.395133
8940000,63,282.648,-21628.5,51.1572,0.393311
8955000,58,241.478,-21630.2,45.3663,0.401533
8970000,60,256.762,-21643,53.3229,0.390067
8985000,53,221.447,-21646.8,51.6435,0.401533
9000000,60,246.049,-21631,59.1498,0.386933
9015000,65,294.529,-21634.3,73.7918,0.3862
9030000,53,221.482,-21651.4,46.5672,0.4002
9045000,68,297.095,-21645.9,66.4483,0.395444
9060000,63,283.243,-21652,68.3861,0.39263
9075000,63,275.305,-21648.7,64.672,0.407133
9090000,61,249.943,-21619.2,62.5407,0.403233
9105000,67,299.047,-21634.1,54.2409,0.407467
9120000,60,254.003,-21660.8,59.3816,0.394244
9135000,61,259.582,-21653,57.8864,0.403867
9150000,54,234.871,-21647.2,57.5238,0.3972
9165000,51,209.026,-21641.4,65.3622,0.3902
9180000,59,252.512,-21659.5,55.1545,0.388267
9195000,53,216.417,-21630.9,52.2642,0.385187
9210000,59,249.4,-21648.1,67.8784,0.394033
9225000,61,256.353,-21674.2,63.7806,0.393567
9240000,53,216.233,-21625.6,51.9425,0.400133
9255000,57,237.315,-21645.7,72.4697,0.387678
9270000,55,226.875,-21622.6,70.9979,0.382933
9285000,55,237.269,-21664.6,48.2423,0.399233
9300000,61,261.187,-21632,66.0384,0.399867
9315000,66,282.458,-21623.5,61.8784,0.3966
9330000,46,188.699,-21653.9,37.1099,0.3918
9345000,58,248.735,-21657,62.6545,0.395081
9360000,53,232.051,-21644.8,37.6444,0.3763
9375000,57,245.109,-21657.9,64.8316,0.389233
9390000,63,260.698,-21650,66.285,0.3852
9405000,66,284.956,-21622.1,79.9224,0.385578
9420000,65,275.084,-21649.4,65.8474,0.397667
9435000,58,243.021,-21658.5,58.148,0.391533
9450000,46,196.977,-21665.4,50.3856,0.387378
9465000,50,214.243,-21669.5,38.253,0.3916
9480000,58,252.74,-21665.7,72.2817,0.396222
9495000,60,248.774,-21667.7,60.8208,0.393867
9510000,57,231.555,-21682.3,56.8896,0.402733
9525000,51,226.28,-21650.2,47.46,0.395756
9540000,59,244.589,-21656.5,61.2989,0.4032
9555000,49,189.555,-21659.8,43.8242,0.400311
9570000,64,274.139,-21657.7,81.4298,0.4026
9585000,43,185.406,-21660.4,46.3163,0.38765
9600000,57,229.254,-21623.1,61.7547,0.383933
9615000,61,252.13,-21637.3,58.3373,0.399027
9630000,60,251.765,-21644.4,50.9974,0.401867
9645000,57,233.893,-21637.5,53.1979,0.417533
9660000,69,282.79,-21661.4,69.0251,0.40505
9675000,72,318.173,-21639.2,68.9036,0.418067
9690000,75,309.008,-21625.1,91.3313,0.4052
9705000,63,264.631,-21616.8,67.1256,0.401467
9720000,59,243.275,-21632.6,58.5841,0.3926
9735000,56,262.592,-21649.4,55.9306,0.403344
9750000,63,273.487,-21619.2,62.4538,0.399333
9765000,40,147.626,-21668.2,36.3848,0.379461
9780000,61,267.238,-21663.9,72.6576,0.3892
9795000,76,350.197,-21634.1,70.4187,0.396133
9810000,59,249.352,-21664.5,58.229,0.386693
9825000,59,267.674,-21651.2,59.9627,0.398433
9840000,57,253.021,-21641.8,44.5629,0.386533
9855000,51,235.044,-21675.3,50.6157,0.382822
9870000,56,232.847,-21652.2,48.9733,0.382233
9885000,43,177.985,-21660.5,45.6106,0.378842
9900000,54,228.771,-21683.1,66.8648,0.387178
9915000,73,319.449,-21639.3,80.0716,0.4018
9930000,55,254.674,-21638.3,57.4413,0.393333
9945000,67,299.709,-21631.7,78.5243,0.400433
9960000,59,267.69,-21607.8,52.1802,0.399233
9975000,62,270.121,-21625,67.822,0.393067
9990000,59,245.613,-21625.6,64.7275,0.393667
10005000,51,212.288,-21634.4,69.3316,0.3853
10020000,52,214.289,-21674.1,53.1707,0.376667
10035000,70,288.957,-21641.4,71.4096,0.396422
10050000,64,268.564,-21647.6,72.5181,0.397347
10065000,57,223.111,-21660.9,59.0535,0.394067
10080000,68,278.556,-21620.9,69.9534,0.3974
10095000,60,249.921,-21608.2,63.974,0.398467
10110000,67,298.336,-21616.7,51.6787,0.391733
10125000,68,298.82,-21630.7,66.0614,0.397987
10140000,65,272.888,-21621.7,65.8705,0.401333
10155000,50,211.716,-21625,63.0098,0.374733
10170000,61,267.438,-21639.3,69.4724,0.379895
10185000,73,308.785,-21613.3,81.0903,0.4045
10200000,50,210.209,-21595.6,50.1451,0.378867
10215000,50,204.686,-21598.9,48.8132,0.378133
10230000,54,230.517,-21608.4,55.23,0.3678
10245000,64,286.664,-21641.3,63.5916,0.375227
10260000,56,237.884,-21639.7,49.8013,0.388533
10275000,56,242.278,-21661,54.7365,0.382442
10290000,62,265.374,-21615.2,60.7179,0.394883
10305000,53,216.103,-21628.5,46.0535,0.378267
10320000,46,200.928,-21651.8,55.2877,0.387633
10335000,47,212.304,-21661.9,46.3128,0.3692
10350000,49,204.153,-21638.3,47.0462,0.388467
10365000,54,232.918,-21650.2,55.0668,0.388267
10380000,55,250.455,-21664.8,58.0385,0.382911
10395000,61,266.754,-21644.6,57.6551,0.401633
10410000,53,239.279,-21656.8,48.2829,0.390683
10425000,57,256.876,-21653.5,54.4602,0.404667
10440000,62,267.683,-21644.3,75.7189,0.407867
10455000,57,236.101,-21660.2,62.1052,0.395067
10470000,61,263.104,-21653.9,56.294,0.394
10485000,62,269.388,-21636.6,56.217,0.387352
10500000,64,285.294,-21643.1,63.6118,0.405933
10515000,49,213.076,-21639.9,54.6911,0.3932
10530000,52,219.525,-21642.1,54.4608,0.39745
10545000,60,248.815,-21641.5,64.3721,0.408578
10560000,66,288.562,-21632.7,78.048,0.403267
10575000,52,232.921,-21667,61.7157,0.393222
10590000,67,301.137,-21646.2,67.5662,0.394213
10605000,78,327.539,-21645.5,110.003,0.413556
10620000,68,296.829,-21642.2,65.6853,0.42
10635000,68,279.32,-21648.7,80.7746,0.408533
10650000,51,197.36,-21668.2,53.0992,0.398267
10665000,64,274.695,-21635.3,67.4379,0.394656
10680000,83,339.99,-21597.3,78.7139,0.416467
10695000,73,311.41,-21600.9,72.3025,0.412333
10710000,74,317.131,-21658,73.9748,0.395633
10725000,72,330.65,-21660.4,78.1646,0.4144
10740000,71,316.532,-21616.9,79.1029,0.413444
10755000,89,388.016,-21604,75.6193,0.424467
10770000,62,282.279,-21631.1,49.6847,0.3922
10785000,55,242.145,-21624.7,61.7562,0.388933
10800000,62,269.677,-21622.8,73.0369,0.4036
10815000,70,318.811,-21603.3,65.2281,0.391367
10830000,67,266.353,-21593.6,55.6875,0.3912
10845000,53,212.26,-21646.8,54.1827,0.399242
10860000,73,316.753,-21612.8,73.4813,0.397267
10875000,65,269.32,-21596.5,59.9212,0.3956
10890000,51,219.52,-21637.7,47.6298,0.38776
10905000,58,253.125,-21633,58.1047,0.383
10920000,58,268.404,-21646.4,47.5614,0.4058
10935000,77,318.515,-21629.1,91.5437,0.394011
10950000,70,300.435,-21641.8,64.8405,0.405533
10965000,82,345.169,-21633.2,70.9526,0.407
10980000,61,247.1,-21630.3,67.031,0.394771
10995000,62,270.296,-21661.7,63.8303,0.411933
11010000,60,247.177,-21658.3,78.3813,0.391067
11025000,67,289.17,-21655.6,63.9666,0.404133
11040000,53,218.366,-21638.6,51.1342,0.393467
11055000,53,223.859,-21633.8,54.4975,0.393489
11070000,58,237.639,-21642.6,57.4388,0.388356
11085000,66,286.944,-21619.6,55.6502,0.4032
11100000,60,258.063,-21657,78.1064,0.405183
11115000,53,230.809,-21629,49.2767,0.3872
11130000,61,262.632,-21635.2,39.0668,0.3786
11145000,58,234.087,-21633.8,53.4296,0.403467
11160000,53,232.157,-21644.6,45.0531,0.384978
11175000,52,228.078,-21637.1,29.482,0.392467
11190000,59,259.138,-21665.6,58.7736,0.390733
11205000,60,261.002,-21652,53.8793,0.379817
11220000,55,231.712,-21635.8,68.8456,0.389667
11235000,61,275.504,-21696.8,67.7299,0.401133
11250000,55,219.535,-21678.3,48.2292,0.389673
11265000,52,206.206,-21678.9,51.3781,0.406733
11280000,61,265.756,-21645.1,57.7851,0.390044
11295000,64,258.282,-21660.3,59.8007,0.390467
11310000,66,290.582,-21659,82.4436,0.403133
11325000,65,275.101,-21663.7,69.8948,0.406667
11340000,55,227.406,-21655.6,56.1522,0.402333
11355000,77,340.997,-21656.2,71.6798,0.39732
11370000,68,310.868,-21640.2,66.3671,0.413067
11385000,71,299.317,-21639.8,77.7154,0.408
11400000,60,267.982,-21638.2,59.3085,0.40328
11415000,68,303.246,-21622.5,55.7276,0.395367
11430000,69,299.899,-21657.2,62.1951,0.401333
11445000,69,294.835,-21662.2,59.9854,0.404133
11460000,60,259.978,-21658.1,53.4498,0.402792
11475000,73,324.75,-21640,65.5824,0.408867
11490000,65,295.576,-21643.9,58.7085,0.39664
11505000,59,257.533,-21633.1,46.7723,0.4089
11520000,65,285.763,-21639.4,60.8597,0.412178
11535000,66,281.277,-21628,54.5623,0.401267
11550000,49,195.168,-21643.4,42.9395,0.4075
11565000,46,193.259,-21645.8,55.9979,0.384333
11580000,55,231.771,-21622.6,57.6946,0.395956
11595000,59,258.48,-21623.5,75.134,0.396411
11610000,63,271.044,-21636.5,66.4375,0.386067
11625000,49,216.639,-21663.5,52.413,0.391133
11640000,57,230.278,-21642.7,63.3669,0.3894
11655000,63,255.788,-21640.3,40.2062,0.400667
11670000,57,235.336,-21658.9,50.3723,0.405467
11685000,46,200.356,-21649.2,57.3475,0.395283
11700000,62,261.464,-21628.2,69.7326,0.396433
11715000,57,242.831,-21623.5,55.4561,0.375767
11730000,62,249.704,-21627.5,58.8591,0.398767
11745000,70,278.557,-21613.9,64.0997,0.399267
11760000,78,310.414,-21592.2,75.28,0.404333
11775000,76,314.619,-21596.8,71.0786,0.389933
11790000,72,290.587,-21618.2,71.1116,0.39284
11805000,72,330.735,-21646.7,77.4011,0.383871
11820000,65,268.318,-21598.5,69.7611,0.392933
11835000,55,228.031,-21644.9,54.6001,0.397967
11850000,83,356.389,-21598.7,83.3134,0.3976
11865000,69,284.581,-21594.8,71.3504,0.414867
11880000,62,269.72,-21649.9,63.722,0.395133
11895000,58,262.37,-21638.1,69.6107,0.394267
11910000,70,302.494,-21586.7,68.1113,0.404378
11925000,65,273.027,-21594.1,62.7138,0.3976
11940000,65,291.551,-21627.3,48.3696,0.401248
11955000,72,308.227,-21608,68.3289,0.402467
11970000,77,333.222,-21611.7,83.3852,0.3984
11985000,74,311.684,-21615.5,75.9481,0.4112
12000000,66,276.948,-21616.8,62.1942,0.409667
12015000,80,361.118,-21645.9,83.6458,0.410733
12030000,63,270.479,-21631.4,71.6901,0.401674
12045000,54,232.966,-21653.4,58.2177,0.401567
12060000,67,301.411,-21611.1,60.7107,0.407778
12075000,64,274.525,-21651.7,52.4578,0.3972
12090000,70,293.601,-21645.3,60.279,0.4156
12105000,68,288.052,-21645.1,62.825,0.421
12120000,63,267.881,-21633.2,59.7273,0.403733
12135000,78,332.13,-21612.8,89.0707,0.404133
12150000,65,285.797,-21620.9,64.4171,0.393362
12165000,64,284.505,-21640.7,53.1656,0.408333
12180000,71,303.693,-21619.8,76.6017,0.398133
12195000,65,284.109,-21653.6,60.4943,0.405
12210000,54,241.346,-21641.2,51.9129,0.403333
12225000,69,318.444,-21643.4,56.8098,0.411433
12240000,74,325.409,-21665.5,79.1944,0.395533
12255000,59,236.184,-21623.9,57.6771,0.3912
12270000,55,239.05,-21640.2,46.807,0.401433
12285000,56,233.229,-21636,50.5353,0.387733
12300000,47,199.288,-21638.4,60.0568,0.376967
12315000,61,260.152,-21633.9,70.3941,0.3912
12330000,70,295.8,-21632.5,72.127,0.408533
12345000,73,306.747,-21620.7,71.7937,0.410467
12360000,48,192.52,-21622.6,41.1297,0.385667
12375000,60,267.439,-21628.4,74.371,0.377933
12390000,63,245.65,-21634.9,58.54,0.384333
12405000,60,255.317,-21621.7,66.5907,0.399933
12420000,54,215.903,-21628.4,64.9458,0.394167
12435000,61,252.271,-21606.5,50.4838,0.398
12450000,60,260.167,-21623.6,65.5139,0.387267
12465000,55,222.345,-21611.3,53.7335,0.399267
12480000,77,332.815,-21615,68.5243,0.410333
12495000,75,318.633,-21633.4,71.1618,0.4208
12510000,73,326.981,-21653.4,92.4871,0.408133
12525000,47,218.882,-21665,48.7555,0.407717
12540000,57,246.792,-21631.9,64.0754,0.402467
12555000,76,319.596,-21632.9,72.7128,0.417333
12570000,82,350.066,-21642,84.6979,0.414
12585000,72,323.784,-21627.8,74.9569,0.395333
12600000,71,307.294,-21637.7,75.0393,0.4208
12615000,68,300.782,-21630,51.5754,0.416956
12630000,61,261.665,-21619.4,60.5842,0.409867
12645000,80,343.568,-21618.3,70.7473,0.410667
12660000,62,259.267,-21672.8,73.8379,0.403333
12675000,64,255.988,-21646.1,47.5004,0.407767
12690000,52,215.17,-21652.2,55.3131,0.396467
12705000,52,230.237,-21665.7,52.6313,0.393863
12720000,45,201.613,-21644.4,46.6033,0.382733
12735000,52,229.178,-21652.7,48.047,0.391453
12750000,63,278.656,-21639.1,60.1681,0.396533
12765000,52,221.459,-21628.5,72.3654,0.3904
12780000,56,246.212,-21637.3,49.6511,0.390933
12795000,52,231.495,-21674.8,52.9951,0.394627
12810000,65,285.087,-21636.4,62.4762,0.399067
12825000,66,283.799,-21623,67.0176,0.402467
12840000,65,279.825,-21623,62.1547,0.4034
12855000,62,272.461,-21625.6,63.8067,0.397867
12870000,62,272.395,-21637.3,56.2126,0.3998
12885000,63,276.666,-21636.9,62.83,0.385
12900000,60,250.122,-21649,59.0758,0.393114
12915000,61,260.718,-21626.5,64.2611,0.3896
12930000,63,266.209,-21620.6,65.1739,0.389467
12945000,61,264.448,-21627.9,62.2388,0.401133
12960000,55,237.787,-21638.7,57.7397,0.390333
12975000,50,210.814,-21659.7,42.4215,0.385053
12990000,55,238.914,-21610.6,63.081,0.381633
13005000,62,267.674,-21651.2,65.4483,0.395567
13020000,57,245.155,-21618.8,53.5588,0.4008
13035000,64,277.456,-21611.4,77.1776,0.385644
13050000,70,307.705,-21629.8,68.4387,0.383667
13065000,81,356.183,-21595.8,63.5167,0.387
13080000,83,353.411,-21644,79.0133,0.392617
13095000,77,325.021,-21599.6,70.4126,0.408767
13110000,58,242.85,-21637.5,63.8513,0.4155
13125000,55,233.688,-21624.4,48.9007,0.380777
13140000,69,305.258,-21601.9,78.4486,0.399822
13155000,65,281.716,-21644,54.0506,0.401333
13170000,68,292.319,-21586.2,62.442,0.3921
13185000,66,274.377,-21637.5,72.981,0.390983
13200000,79,341.719,-21613.6,102.394,0.4072
13215000,70,292.093,-21624.7,79.6194,0.399133
13230000,64,288.888,-21629.4,73.9469,0.393667
13245000,61,264.203,-21625.8,67.1622,0.3804
13260000,58,253.815,-21656.2,60.8516,0.401952
13275000,60,243.354,-21622.7,64.9847,0.395622
13290000,66,299.692,-21664,52.2344,0.413267
13305000,61,252.825,-21648,66.2563,0.406356
13320000,53,238.022,-21665,61.8672,0.4068
13335000,58,241.269,-21674,67.416,0.4098
13350000,85,383.141,-21628.7,91.1156,0.410683
13365000,72,321.058,-21622.9,80.5695,0.4168
13380000,71,322.738,-21612.9,65.9658,0.399533
13395000,56,223.495,-21670.8,57.2685,0.403033
13410000,62,277.351,-21630.6,72.1662,0.395048
13425000,77,354.778,-21624.9,78.6975,0.411356
13440000,55,238.285,-21653.2,58.5468,0.401311
13455000,74,314.991,-21632.3,86.0957,0.4137
13470000,69,285.956,-21617.5,67.8682,0.407467
13485000,69,313.038,-21629,72.7875,0.3934
13500000,60,249.834,-21620.9,48.3261,0.403433
13515000,58,249.284,-21615.4,61.4792,0.380867
13530000,68,303.006,-21646.8,66.6067,0.384867
13545000,37,150.869,-21665.1,50.1901,0.392133
13560000,58,255.567,-21640.6,70.3416,0.3936
13575000,53,215.302,-21670.6,61.1045,0.3924
13590000,52,205.588,-21663.3,62.5659,0.396356
13605000,46,193.304,-21658.6,56.3896,0.392067
13620000,67,287.262,-21628.8,68.7609,0.400075
13635000,65,271.645,-21628.4,51.5701,0.4096
13650000,56,245.063,-21635.6,67.125,0.3894
13665000,73,324.471,-21648.8,68.032,0.407433
13680000,66,291.95,-21647.9,55.1839,0.403067
13695000,70,303.748,-21638.5,67.0029,0.402056
13710000,60,252.672,-21650.4,72.266,0.419178
13725000,71,303.43,-21617.4,66.4623,0.404267
13740000,77,332.107,-21607.5,77.4963,0.407533
13755000,68,289.852,-21640.3,70.8339,0.404333
13770000,59,241.896,-21651.8,71.2144,0.398267
13785000,57,236.633,-21657.2,62.2886,0.403448
13800000,66,276.774,-21642.7,75.1874,0.3989
13815000,60,258.812,-21658.9,64.6779,0.4015
13830000,60,272.289,-21650.3,56.838,0.391775
13845000,60,253.989,-21638.9,50.2685,0.401133
13860000,66,282.104,-21642.1,67.7145,0.4054
13875000,61,269.083,-21650.4,65.0831,0.401933
13890000,66,293.308,-21644,76.7312,0.397027
13905000,44,195.655,-21670.6,40.319,0.402781
13920000,71,311.476,-21604.8,71.7163,0.398033
13935000,70,298.19,-21629,73.3212,0.393283
13950000,53,229.403,-21650.9,45.8328,0.3896
13965000,58,252.372,-21650,58.5595,0.401578
13980000,55,240.951,-21633.2,58.9551,0.3852
13995000,61,268.607,-21629,57.3204,0.386667
14010000,62,270.207,-21635.3,68.8555,0.405853
14025000,58,258.584,-21650.6,48.5951,0.403067
14040000,63,267.941,-21647.4,71.4846,0.403867
14055000,54,214.62,-21644.6,56.5889,0.40201
14070000,61,252.553,-21642.3,68.8574,0.400933
14085000,59,247.757,-21648.2,70.9908,0.4054
14100000,63,263.027,-21665.6,75.3581,0.416133
14115000,75,316.801,-21626.4,62.3219,0.396689
14130000,58,253.043,-21645.4,64.3606,0.396733
14145000,62,250.576,-21637.8,52.5954,0.413289
14160000,62,275.295,-21631.5,68.2309,0.392667
14175000,62,266.255,-21646.1,63.1652,0.39635
14190000,63,278.357,-21654.2,56.7595,0.400778
14205000,68,294.012,-21599.2,72.5426,0.398533
14220000,68,294.521,-21610.9,70.9014,0.4008
14235000,60,267.654,-21658.9,61.0255,0.40425
14250000,57,257.017,-21639.2,75.7366,0.399533
14265000,64,276.885,-21656.7,57.6314,0.403227
14280000,64,283.982,-21649.6,60.429,0.401833
14295000,68,295.143,-21626.5,70.5959,0.415
14310000,74,325.136,-21634.3,75.7877,0.415667
14325000,71,299.033,-21640.6,61.1412,0.403111
14340000,60,239.912,-21627.1,44.4774,0.4045
14355000,59,241.722,-21633,51.4383,0.4064
14370000,81,352.221,-21641.1,81.4,0.39774
14385000,69,292.219,-21614.3,64.1896,0.40435
14400000,61,258.2,-21625.7,55.7764,0.405733
14415000,57,219.315,-21663.6,62.7813,0.38815
14430000,63,246.004,-21650.2,57.7133,0.406467
14445000,80,352.492,-21607.5,91.8093,0.407178
14460000,56,216.299,-21659.5,45.7318,0.399511
14475000,63,263.429,-21635.5,48.4856,0.407233
14490000,66,278.612,-21645.9,70.8363,0.403517
14505000,65,276.276,-21635.6,63.3941,0.4084
14520000,62,278.333,-21652,69.4272,0.400533
14535000,70,308.748,-21648.8,73.3894,0.403267
14550000,54,229.574,-21659.1,47.8072,0.406556
14565000,47,200.159,-21675,39.5709,0.393771
14580000,60,270.732,-21656.7,58.5638,0.395244
14595000,49,208.684,-21672.6,48.5191,0.394733
14610000,52,227.581,-21650.9,52.2161,0.406867
14625000,57,232.983,-21643,56.5621,0.403467
14640000,58,253.889,-21666.5,65.6172,0.398244
14655000,54,240.521,-21655.9,52.5623,0.395033
14670000,49,220.206,-21673.7,46.8242,0.390533
14685000,51,207.957,-21653.6,50.0125,0.401467
14700000,50,211.869,-21671.1,54.329,0.385033
14715000,43,182.469,-21682.4,40.7429,0.403541
14730000,46,192.926,-21636.3,47.1044,0.384833
14745000,45,204.134,-21672.7,39.4964,0.3939
14760000,61,261.574,-21647.9,60.9193,0.394667
14775000,52,233.671,-21687.1,51.3999,0.401267
14790000,44,183.015,-21691.8,47.483,0.404267
14805000,51,225.69,-21666.5,41.3172,0.391507
14820000,66,300.823,-21636,68.2186,0.415333
14835000,69,291.961,-21610.9,71.8726,0.4036
14850000,72,305.864,-21634.6,60.7286,0.416067
14865000,69,288.43,-21646.5,61.7926,0.417667
14880000,55,226.435,-21651.8,48.3301,0.391667
14895000,50,211.324,-21647.1,61.5847,0.393222
14910000,48,217.434,-21658.8,43.3223,0.403733
14925000,70,282.061,-21646.1,70.7993,0.4006
14940000,68,295.292,-21629.7,65.4405,0.402067
14955000,56,262.075,-21671.5,62.9032,0.402822
14970000,52,230.482,-21665.9,60.2379,0.395672
14985000,58,262.169,-21677.7,61.9028,0.399133
15000000,61,277.924,-21696.7,60.5901,0.392817
15015000,50,198.656,-21664.2,44.7657,0.39555
15030000,50,213.923,-21659.1,53.7829,0.405767
15045000,51,226.936,-21644,46.1963,0.3867
15060000,36,149.989,-21663.4,36.0028,0.380533
15075000,44,197.175,-21688.3,48.1535,0.397289
15090000,38,152.973,-21655.2,39.2855,0.3794
15105000,53,232.589,-21660,43.8562,0.3883
15120000,57,253.469,-21680.1,59.5262,0.392167
15135000,53,218.169,-21670.5,53.3856,0.385089
15150000,48,206.6,-21661.9,50.2395,0.3866
15165000,53,234.923,-21659.6,51.8672,0.386733
15180000,54,234.172,-21664.7,38.155,0.398373
15195000,53,213.73,-21646.4,43.0053,0.387233
15210000,57,248.607,-21665.6,59.2377,0.405344
15225000,43,184.646,-21661.3,35.2906,0.382667
15240000,60,256.367,-21657.3,60.5654,0.3948
15255000,47,204.797,-21687.7,63.6935,0.388683
15270000,85,355.724,-21642.6,82.1822,0.415567
15285000,51,212.913,-21659.9,57.6894,0.401905
15300000,53,223.474,-21652.5,53.3588,0.391933
15315000,59,250.945,-21651.8,66.0309,0.3828
15330000,67,285.731,-21638.8,69.0795,0.405
15345000,68,294.556,-21618.1,62.8186,0.403733
15360000,58,238.064,-21667,50.8328,0.408456
15375000,55,245.391,-21656.3,41.1655,0.396067
15390000,62,271.908,-21661.8,62.626,0.408933
15405000,69,307.096,-21651.3,67.1122,0.406067
15420000,42,171.839,-21659,33.9246,0.40277
15435000,54,237.544,-21674.5,63.2734,0.406667
15450000,49,198.205,-21692,44.3113,0.388867
15465000,59,229.044,-21628.3,52.4667,0.400583
15480000,55,233.433,-21644,55.3035,0.3986
15495000,50,203.763,-21685.6,43.9266,0.395933
15510000,42,179.627,-21703.2,37.298,0.3678
15525000,40,160.907,-21666.5,46.1446,0.385
15540000,44,197.807,-21681.6,53.9018,0.399867
15555000,52,228.671,-21681.2,58.7153,0.391242
15570000,49,210.428,-21661.4,51.6689,0.406333
15585000,48,205.186,-21637.5,42.3291,0.388048
15600000,59,238.481,-21638.3,66.9703,0.386467
15615000,69,291.787,-21634.7,75.5789,0.4164
15630000,54,215.161,-21701.3,44.6177,0.389078
15645000,55,239.068,-21664.4,69.8598,0.403617
15660000,60,261.664,-21665.1,66.277,0.395689
15675000,71,312.068,-21634.3,66.429,0.403933
15690000,57,255.38,-21654.3,51.2793,0.397433
15705000,49,215.318,-21661.1,61.7565,0.388867
15720000,62,276.951,-21632.7,70.0995,0.399978
15735000,58,259.193,-21639.9,60.2617,0.411
15750000,53,229.345,-21673.2,51.92,0.3889
15765000,57,254.29,-21648.2,52.7675,0.3947
15780000,57,264.142,-21666,56.71,0.388333
15795000,61,249.075,-21643.4,59.0937,0.390433
15810000,64,281.5,-21641,63.9849,0.396067
15825000,60,263.036,-21612.6,46.8206,0.396367
15840000,57,243.625,-21625.7,76.563,0.3804
15855000,51,227.417,-21670.3,70.1903,0.3896
15870000,62,268.938,-21621.5,65.1576,0.3958
15885000,56,237.372,-21679.7,52.8231,0.39903
15900000,47,202.074,-21659.5,37.6013,0.390133
15915000,68,278.636,-21610.8,64.4349,0.404044
15930000,65,265.755,-21632.3,68.4476,0.412133
15945000,56,229.213,-21670.2,67.6196,0.398867
15960000,68,292.151,-21629.7,70.7685,0.4095
15975000,69,297.55,-21640.2,80.8625,0.4198
15990000,57,227.369,-21651.7,72.4696,0.401733
16005000,46,205.78,-21659.4,34.6176,0.376267
16020000,59,254.643,-21633.4,57.6719,0.402444
16035000,76,340.363,-21656,65.5942,0.412933
16050000,53,235.25,-21659.6,51.8729,0.387289
16065000,55,249.931,-21653.3,58.0424,0.395267
16080000,56,242.602,-21645.3,54.7903,0.402022
16095000,43,181.786,-21672.3,30.4174,0.388744
16110000,51,217.28,-21647.3,47.9473,0.382833
16125000,51,215.193,-21671.7,49.8364,0.393033
16140000,60,238.034,-21674.3,76.6218,0.3934
16155000,55,253.561,-21673.4,54.3886,0.404933
16170000,41,189.493,-21689.3,36.7525,0.38424
16185000,46,210.659,-21677.8,46.166,0.404367
16200000,67,288.27,-21643,48.475,0.406333
16215000,58,255.863,-21645.3,50.2214,0.397133
16230000,68,286.676,-21663.9,62.7333,0.4034
16245000,64,271.948,-21635.7,72.8911,0.409133
16260000,61,269.83,-21664.6,74.2309,0.393
16275000,60,248.957,-21659.8,63.9079,0.393594
16290000,46,205.898,-21677.1,54.4914,0.406933
16305000,62,280.411,-21637.7,58.64,0.391467
16320000,56,246.689,-21665.6,47.5518,0.406
16335000,47,207.4,-21649.6,39.1192,0.377909
16350000,51,215.681,-21649.2,49.4697,0.399467
16365000,39,164.281,-21687,32.4565,0.389489
16380000,64,281.741,-21611.1,52.8105,0.39728
16395000,61,262.131,-21645.1,75.1152,0.397578
16410000,46,196.845,-21684.1,46.5836,0.383356
16425000,65,286.06,-21632.5,72.6986,0.402933
16440000,63,271.222,-21610.6,56.5629,0.391467
16455000,55,231.205,-21645.3,53.6232,0.391133
16470000,49,195.31,-21664.1,48.5712,0.3872
16485000,55,221.295,-21628.7,58.5469,0.396378
16500000,63,269.241,-21623.4,64.5673,0.399733
16515000,52,220.99,-21651.9,46.5326,0.3918
16530000,58,227.483,-21635.4,60.0466,0.399
16545000,61,259.833,-21659.2,62.7006,0.397722
16560000,60,267.406,-21631,61.7764,0.393289
16575000,64,264.792,-21648.1,58.5148,0.406756
16590000,50,206.941,-21645.4,43.3529,0.4058
16605000,60,252.22,-21649.3,56.2632,0.401867
16620000,62,273.551,-21622.1,67.5159,0.4052
16635000,62,279.767,-21623,66.8349,0.401133
16650000,64,290.542,-21640.3,66.5886,0.396267
16665000,66,278.972,-21616.6,58.8816,0.395833
16680000,62,255.824,-21644.8,67.0552,0.3964
16695000,52,204.521,-21656,68.9699,0.393978
16710000,50,197.966,-21670.3,57.9315,0.394333
16725000,58,232.756,-21624.2,47.0214,0.377178
16740000,55,234.478,-21634,52.0274,0.385333
16755000,56,245.622,-21664.7,52.9713,0.3786
16770000,59,255.379,-21646.1,56.8599,0.394625
16785000,62,258.498,-21626.1,63.0035,0.398733
16800000,87,383.067,-21636.3,97.6195,0.411733
16815000,90,386.686,-21623.7,96.0171,0.417533
16830000,84,368.924,-21644.3,75.4184,0.415
16845000,81,360.306,-21608.9,68.8577,0.420267
16860000,79,349.481,-21622.6,71.5957,0.411933
16875000,77,345.341,-21646.9,77.8807,0.4106
16890000,68,300.909,-21653.5,64.6795,0.409867
16905000,58,248.26,-21645.1,65.1348,0.394233
16920000,61,270.884,-21627.7,68.8748,0.398567
16935000,56,261.832,-21624.1,56.7668,0.383533
16950000,54,238.878,-21621.9,52.8169,0.388933
16965000,58,256.326,-21640.8,65.8177,0.383467
16980000,48,207.342,-21658.8,51.3693,0.393244
16995000,60,274.713,-21650.5,83.1513,0.403133
17010000,51,222.714,-21662.1,52.8918,0.39699
17025000,41,172.201,-21653.8,41.0081,0.384178
17040000,47,195.307,-21660,46.3189,0.384067
17055000,42,174.065,-21683.5,50.1155,0.390333
17070000,47,208.716,-21655.6,43.8433,0.387883
17085000,48,209.871,-21671.2,48.6862,0.386833
17100000,52,219.663,-21629.8,55.4679,0.388367
17115000,45,195.026,-21669.3,42.3655,0.3798
17130000,50,210.976,-21665.6,52.5744,0.383911
17145000,61,260.277,-21647,55.5986,0.401833
17160000,52,213.24,-21682.1,50.8494,0.406267
17175000,52,219.927,-21668.8,57.7104,0.389853
17190000,56,249.785,-21662.1,60.5991,0.3962
17205000,50,221.803,-21666.2,47.3775,0.382933
17220000,59,264.445,-21660.3,71.2987,0.384278
17235000,57,236.138,-21639.2,57.4822,0.387
17250000,54,228.713,-21658.8,57.8063,0.395733
17265000,52,221.92,-21660.8,47.5757,0.394867
17280000,53,224.15,-21657.8,59.2007,0.388
17295000,53,213.467,-21639.1,60.2418,0.3822
17310000,56,231.37,-21614.6,58.9121,0.392
17325000,58,240.079,-21624.1,66.8258,0.3804
17340000,56,249.045,-21671.7,54.3531,0.38432
17355000,48,206.827,-21661,56.378,0.383
17370000,78,343.083,-21631.5,79.2037,0.3966
17385000,63,271.949,-21656,72.5996,0.391653
17400000,64,277.564,-21622.7,70.5411,0.3956
17415000,76,321.192,-21612.7,67.7439,0.402867
17430000,72,320.316,-21613.3,83.4301,0.407467
17445000,71,334.39,-21622.6,63.8933,0.407733
17460000,54,233.663,-21621.8,71.2018,0.391467
17475000,60,268.683,-21622.8,54.0332,0.392533
17490000,58,247.414,-21612.6,61.8162,0.391467
17505000,65,290.806,-21620.8,63.2642,0.388933
17520000,91,393.66,-21618.7,84.3902,0.4042
17535000,85,380.378,-21610.7,80.6506,0.413733
17550000,49,206.696,-21660.5,47.225,0.39357
17565000,65,274.017,-21632,61.1489,0.403333
17580000,45,184.74,-21653.6,57.9445,0.389742
17595000,56,245.24,-21623.8,74.4371,0.379833
17610000,53,231.747,-21650.3,50.7037,0.391267
17625000,58,256.173,-21635,56.0032,0.399067
17640000,44,185.381,-21652.4,44.1555,0.385483
17655000,47,206.003,-21643.1,50.1905,0.381067
17670000,70,322.633,-21661.3,62.8097,0.400583
17685000,57,248.435,-21632.1,66.0928,0.397733
17700000,52,226.004,-21643.7,47.6666,0.404333
17715000,63,272.031,-21622.4,57.1737,0.388767
17730000,51,221.269,-21671.5,56.1486,0.388544
17745000,58,230.664,-21650.3,54.9519,0.399889
17760000,55,244.964,-21637.3,51.1221,0.395956
17775000,43,197.627,-21671.3,42.126,0.383244
17790000,49,211.249,-21643.4,41.3147,0.385433
17805000,54,214.562,-21636,51.9519,0.381733
17820000,61,269.848,-21634.1,60.9505,0.3942
17835000,66,296.481,-21632.3,78.5676,0.4098
17850000,71,291.724,-21628.7,62.3514,0.398067
17865000,57,234.814,-21621.3,65.5877,0.396267
17880000,56,249.954,-21647.4,47.0443,0.4038
17895000,60,260.667,-21648.3,54.0996,0.4024
17910000,61,271.845,-21643.3,63.9614,0.403333
17925000,67,295.992,-21643.3,59.1251,0.4116
17940000,53,236.813,-21689.2,53.5075,0.392
17955000,54,236.841,-21655.2,59.6867,0.401867
17970000,62,255.939,-21638.3,62.6846,0.392364
17985000,53,230.609,-21647.7,54.612,0.403667
18000000,66,291.354,-21654.6,67.28,0.3962
18015000,66,271.266,-21631.3,73.3103,0.397867
18030000,61,253.247,-21660.6,63.9783,0.393467
18045000,41,179.946,-21685.4,39.909,0.390952
18060000,55,224.476,-21654.8,61.2278,0.3947
18075000,66,285.958,-21648.6,63.7585,0.392667
18090000,69,277.629,-21642.8,66.0075,0.395311
18105000,78,305,-21628.3,70.1483,0.416467
18120000,86,361.69,-21635,88.5337,0.4164
18135000,72,311.031,-21626,52.2786,0.412067
18150000,83,347.689,-21617.6,75.5056,0.423967
18165000,78,351.408,-21621,87.143,0.410733
18180000,71,316.951,-21617,62.5107,0.419933
18195000,67,283.593,-21620.3,62.7099,0.395956
18210000,64,286.809,-21635.1,62.5329,0.403667
18225000,66,275.163,-21617.9,73.4607,0.408
18240000,74,312.816,-21622.1,77.5937,0.408267
18255000,66,281.865,-21631.8,69.5512,0.413467
18270000,62,263.217,-21610.5,66.9949,0.4006
18285000,67,284.862,-21630,55.4765,0.4036
18300000,68,280.996,-21634.2,71.7877,0.4156
18315000,66,285.161,-21654.6,66.9708,0.406496
18330000,69,304.824,-21634.4,64.2475,0.397736
18345000,54,241.275,-21653.8,59.5615,0.393
18360000,61,262.283,-21618.2,56.5465,0.403883
18375000,66,276.315,-21608.1,77.2332,0.403867
18390000,66,305.052,-21606.2,56.6048,0.396533
18405000,56,246.765,-21640.9,65.8421,0.3949
18420000,73,294.364,-21655.1,86.5357,0.4125
18435000,77,322.676,-21634.9,77.6723,0.4104
18450000,74,314.123,-21642,64.1029,0.400533
18465000,59,262.973,-21690.6,59.8229,0.401487
18480000,63,260.704,-21620,60.6984,0.388967
18495000,52,236.462,-21625.9,45.8791,0.3964
18510000,48,215.607,-21647.6,41.0502,0.387429
18525000,49,222.632,-21665.9,54.2149,0.380467
18540000,53,233.671,-21620.6,53.7675,0.399178
18555000,55,238.127,-21655.3,50.524,0.398856
18570000,47,215.417,-21656.4,52.9443,0.388978
18585000,69,291.535,-21642.2,66.3568,0.391
18600000,58,251.539,-21641.5,72.3306,0.397222
18615000,52,224.885,-21642.9,51.6059,0.391444
18630000,56,243.231,-21654.8,50.8218,0.4054
18645000,59,268.468,-21656.6,52.1368,0.4114
18660000,64,265.572,-21654.9,55.2592,0.400222
18675000,64,276.108,-21623.5,69.8229,0.404756
18690000,52,213.254,-21656.3,49.0646,0.402767
18705000,50,210.259,-21658.6,45.5276,0.401033
18720000,67,275.928,-21612.3,79.2868,0.394778
18735000,89,384.403,-21595.9,86.7675,0.406133
18750000,90,398.397,-21588.9,94.0032,0.421333
18765000,77,332.314,-21636.2,66.223,0.404093
18780000,72,297.001,-21639.3,66.3966,0.4158
18795000,63,284.551,-21643.7,69.4242,0.416133
18810000,75,323.216,-21636.7,75.8548,0.412117
18825000,66,283.658,-21622.6,57.1023,0.409267
18840000,55,227.779,-21611.1,57.1353,0.3948
18855000,56,230.697,-21627.2,64.708,0.40346
18870000,49,215.228,-21655.7,55.8565,0.389547
18885000,66,285.053,-21616.6,60.8597,0.397433
18900000,69,299.64,-21632.3,54.9191,0.399133
18915000,56,240.538,-21626.7,55.5635,0.3912
18930000,58,241.031,-21615.9,65.9914,0.399133
18945000,53,240.907,-21658.2,47.4634,0.385307
18960000,60,241.522,-21625.3,49.4442,0.401567
18975000,57,246.999,-21660.7,64.5332,0.396567
18990000,73,314.13,-21624.7,74.2626,0.40535
19005000,73,323.385,-21612.6,83.006,0.416467
19020000,51,206.862,-21629.8,45.4702,0.404644
19035000,52,238.282,-21644.6,54.6807,0.375267
19050000,61,253.397,-21637.8,67.252,0.3954
19065000,66,269.691,-21651.7,58.1017,0.391067
19080000,64,277.289,-21655.1,64.5471,0.406667
19095000,56,239.884,-21631.6,51.0519,0.402411
19110000,69,280.47,-21623.9,56.9829,0.38935
19125000,62,269.264,-21639.5,61.4333,0.397033
19140000,57,244.585,-21637.8,58.403,0.398733
19155000,63,259.592,-21662.6,58.6593,0.38824
19170000,73,315.455,-21620.5,61.49,0.396967
19185000,66,300.284,-21616.9,77.9786,0.4106
19200000,60,276.114,-21664.7,51.1019,0.415133
19215000,50,226.48,-21663.6,44.3438,0.3942
19230000,66,295.378,-21617.7,60.6991,0.391156
19245000,56,272.423,-21658.3,50.8751,0.3982
19260000,58,254.071,-21618.4,68.0636,0.402667
19275000,61,264.268,-21599.6,63.9021,0.390133
19290000,60,263.961,-21602.4,62.039,0.390067
19305000,58,257.595,-21670.2,53.6032,0.3925
19320000,51,211.502,-21651.1,47.7904,0.413933
19335000,67,300.299,-21643.6,66.3898,0.4006
19350000,41,179.838,-21675.9,42.3494,0.3932
19365000,58,248.506,-21617.4,48.0669,0.388167
19380000,63,270.335,-21661.1,63.121,0.390821
19395000,60,254.144,-21633.5,52.7576,0.401933
19410000,47,192.915,-21661.1,42.0953,0.406167
19425000,49,204.47,-21658.2,57.6544,0.3954
19440000,52,211.626,-21683.5,55.0576,0.373667
19455000,48,190.712,-21666.2,47.0837,0.387117
19470000,45,197.117,-21674.2,43.7387,0.371817
19485000,42,185.392,-21646,40.3159,0.385
19500000,61,264.549,-21617,56.3025,0.366533
19515000,57,250.221,-21661.3,59.3031,0.375778
19530000,63,271.503,-21627.5,54.5074,0.399167
19545000,67,307.811,-21655.6,71.604,0.399667
19560000,55,247.848,-21644.4,66.8505,0.400333
19575000,53,224.609,-21638.9,43.9389,0.382467
19590000,53,209.663,-21642.9,55.6946,0.3928
19605000,55,248.869,-21624.6,52.242,0.377667
19620000,54,223.911,-21654.6,55.5252,0.372794
19635000,50,206.552,-21662.7,53.1665,0.399133
19650000,54,226.813,-21664.7,47.615,0.387733
19665000,52,215.103,-21667.8,69.1413,0.394867
19680000,59,257.983,-21668.1,64.1373,0.38892
19695000,60,276.264,-21633.2,69.4274,0.402667
19710000,70,306.072,-21626.8,66.2407,0.3854
19725000,58,270.693,-21633.1,67.2182,0.398333
19740000,57,243.824,-21625,69.6112,0.382667
19755000,55,240.867,-21679.1,51.8366,0.387029
19770000,70,302.759,-21665.8,61.386,0.413867
19785000,80,342.277,-21617,81.7575,0.408289
19800000,67,285.267,-21672.4,55.9296,0.416033
19815000,76,338.795,-21593,81.4566,0.410367
19830000,82,360.022,-21621.2,58.2035,0.405467
19845000,70,296.738,-21619.1,78.221,0.4152
19860000,54,218.472,-21641.5,65.1859,0.398308
19875000,56,246.852,-21643.7,49.6952,0.398333
19890000,44,178.009,-21654.8,46.1932,0.384933
19905000,59,246.819,-21647,63.2587,0.390933
19920000,60,231.886,-21648.4,53.2888,0.3855
19935000,56,243.805,-21650.7,75.6281,0.403
19950000,49,224.471,-21648.2,43.2397,0.3925
19965000,38,155.147,-21684.5,41.471,0.384939
19980000,59,259.513,-21657.4,49.3777,0.389633
19995000,54,238.531,-21673.4,56.1958,0.4048
20010000,43,189.457,-21670.2,37.6319,0.384
20025000,44,191.389,-21674.6,47.901,0.3952
20040000,49,206.313,-21674.2,57.5135,0.3968
20055000,44,181.067,-21664.7,45.3111,0.392878
20070000,60,253.232,-21646.7,55.3487,0.386556
20085000,53,220.307,-21672.3,60.2779,0.397067
20100000,50,207.99,-21680.3,47.7876,0.413333
20115000,40,164.342,-21691.7,34.0367,0.381467
20130000,56,249.597,-21644.2,58.9889,0.397117
20145000,51,225.876,-21659,55.2927,0.404333
20160000,54,223.284,-21666.6,69.6117,0.3935
20175000,50,216.196,-21644.8,44.6702,0.397367
20190000,67,289.476,-21655.3,63.5402,0.410533
20205000,67,300.303,-21648.2,66.6767,0.413
20220000,57,242.433,-21651.9,58.0619,0.394117
20235000,59,264.908,-21682,67.4456,0.3944
20250000,65,271.418,-21642,60.3704,0.396067
20265000,49,209.175,-21675.8,52.6898,0.39052
20280000,53,239.348,-21671,47.3932,0.403956
20295000,54,236.806,-21643.5,58.3609,0.41
20310000,51,212.238,-21658.5,48.2815,0.407267
20325000,46,182.754,-21665.2,56.9386,0.39416
20340000,58,251.137,-21656.6,58.677,0.392
20355000,49,223.08,-21663.8,54.8523,0.380167
20370000,54,226.584,-21645,49.7938,0.3898
20385000,54,232.999,-21656.8,45.6855,0.400467
20400000,64,273.783,-21647,52.6016,0.396667
20415000,54,231.459,-21644.3,57.0257,0.384067
20430000,51,220.571,-21642.5,71.1055,0.3963
20445000,54,223.178,-21649.9,54.97,0.398333
20460000,58,246.342,-21683.4,59.3439,0.391867
20475000,57,247.847,-21640.3,49.157,0.384933
20490000,46,190.748,-21658.3,44.6783,0.376822
20505000,55,228.905,-21631.3,51.939,0.396633
20520000,45,190.022,-21679.3,46.243,0.3785
20535000,48,199.021,-21658.7,53.6656,0.388067
20550000,51,223.869,-21629.3,47.1099,0.386067
20565000,47,205.786,-21635.6,48.7607,0.371667
20580000,49,210.442,-21664.2,59.8227,0.391098
20595000,47,205.018,-21670.9,53.1775,0.382417
20610000,51,214.595,-21617.8,47.0847,0.378022
20625000,49,214.559,-21666.4,46.7008,0.382233
20640000,55,229.803,-21653.1,63.6223,0.374133
20655000,48,206.09,-21672.1,58.6618,0.391533
20670000,54,243.439,-21648.2,49.3927,0.389267
20685000,50,209.898,-21695.5,60.7419,0.386467
20700000,46,189.71,-21656.5,40.2512,0.3782
20715000,54,233.464,-21661.2,45.6358,0.398556
20730000,48,208.164,-21673.7,44.9263,0.3938
20745000,55,238.385,-21664.4,67.7065,0.3979
20760000,45,190.406,-21659.3,54.639,0.400767
20775000,55,225.444,-21665.9,66.7251,0.393467
20790000,48,189.954,-21661.9,49.1242,0.382667
20805000,50,208.627,-21671.2,63.2598,0.3934
20820000,50,217.275,-21645.9,46.6499,0.393067
20835000,54,236.191,-21639.3,65.4983,0.389933
20850000,50,215.62,-21621.8,43.8646,0.381
20865000,49,206.724,-21644.9,53.7037,0.385879
20880000,42,174.445,-21652.3,35.1737,0.375133
20895000,50,207.007,-21646.7,58.9525,0.372533
20910000,53,219.884,-21648.2,47.944,0.388067
20925000,59,252.938,-21640.9,60.5569,0.39668
20940000,52,213.651,-21637.8,52.0686,0.3775
20955000,49,216.836,-21654.9,58.0155,0.3992
20970000,53,252.815,-21635.5,54.9852,0.385978
20985000,47,199.551,-21653.1,39.2984,0.406233
21000000,50,200.488,-21656.9,42.2166,0.396267
21015000,49,203.647,-21672.4,54.0047,0.393933
21030000,70,278.617,-21610,60.784,0.390076
21045000,66,286.754,-21609.4,59.4204,0.3952
21060000,39,156.884,-21665.6,37.3739,0.375978
21075000,69,303.975,-21613.2,72.9467,0.391833
21090000,59,247.207,-21632.7,49.1976,0.399333
21105000,46,194.022,-21684.6,36.5379,0.386933
21120000,54,219.087,-21629.3,45.5941,0.383067
21135000,55,242.502,-21623.7,49.6542,0.380133
21150000,48,217.461,-21639.9,50.2665,0.377933
21165000,52,223.871,-21635.2,55.3294,0.387217
21180000,51,218.102,-21665.1,53.8569,0.380975
21195000,56,242.344,-21653.7,51.2083,0.3926
21210000,42,187.764,-21640.4,41.4024,0.381083
21225000,41,180.86,-21687.2,33.2547,0.38525
21240000,50,219.513,-21671.4,51.6304,0.382667
21255000,56,230.097,-21637,44.8336,0.387444
21270000,44,200.077,-21668.4,39.0534,0.374689
21285000,43,185.891,-21647,42.302,0.395933
21300000,44,176.901,-21681.9,54.23,0.392717
21315000,50,208.52,-21646.9,66.9062,0.391267
21330000,46,206.491,-21653.4,49.5906,0.3824
21345000,56,242.299,-21645.9,46.605,0.389467
21360000,40,166.408,-21676,45.5129,0.389433
21375000,66,276.626,-21641.7,75.1909,0.3849
21390000,73,321.247,-21608.2,61.7992,0.397067
21405000,92,390.186,-21586,86.4624,0.4102
21420000,89,376.06,-21602.8,89.0594,0.422667
21435000,90,398.609,-21614.5,85.7821,0.4148
21450000,58,262.928,-21618.4,66.4971,0.395483
21465000,70,303.101,-21616.7,72.9999,0.408933
21480000,77,312.796,-21643,92.8108,0.406133
21495000,70,311.374,-21620.1,62.1689,0.4024
21510000,59,256.4,-21625.3,56.0649,0.409867
21525000,67,285.499,-21641.9,63.9899,0.398133
21540000,65,259.639,-21643.3,64.4034,0.4092
21555000,70,304.296,-21641.5,64.3986,0.411267
21570000,70,305.23,-21632.4,68.098,0.40155
21585000,69,298.137,-21631.7,75.0688,0.407533
21600000,66,291.551,-21617.2,61.6811,0.407822
21615000,64,280.02,-21615.6,60.884,0.4034
21630000,64,267.516,-21645.5,69.0716,0.3935
21645000,46,201.833,-21658.7,51.7693,0.4029
21660000,80,338.485,-21630.7,69.1375,0.410933
21675000,59,258.767,-21634.6,71.9208,0.406667
21690000,71,319.098,-21627.7,79.7248,0.407467
21705000,81,365.628,-21621.9,82.4187,0.408667
21720000,88,365.701,-21630.6,89.8361,0.432667
21735000,88,362.541,-21618.4,114.479,0.4326
21750000,42,183.464,-21663.7,37.9105,0.3958
21765000,62,267.393,-21619.3,59.7005,0.3969
21780000,73,308.528,-21602.3,84.497,0.402756
21795000,68,267.319,-21610.8,78.0412,0.396067
21810000,77,334.451,-21614.8,85.0701,0.4146
21825000,60,250.075,-21626.9,64.0737,0.416556
21840000,61,255.367,-21657.5,59.5788,0.394533
21855000,40,159.306,-21670.1,33.4383,0.389086
21870000,63,273.278,-21604.4,39.4863,0.400117
21885000,79,343.424,-21615.5,77.7459,0.394067
21900000,64,263.303,-21642.5,66.6166,0.3946
21915000,65,285.037,-21663.9,57.4386,0.423333
21930000,56,222.799,-21633.7,55.0338,0.405022
21945000,58,247.265,-21653.5,63.5487,0.395467
21960000,57,249.038,-21641.2,51.7681,0.398167
21975000,50,210.957,-21633.7,48.8647,0.388267
21990000,65,288.019,-21658.3,58.6854,0.389289
22005000,53,227.035,-21661.6,48.1577,0.392473
22020000,72,309.722,-21645.8,91.6995,0.4023
22035000,66,268.571,-21636.2,61.9166,0.421467
22050000,63,275.165,-21665.8,58.3126,0.396053
22065000,45,194.463,-21664.8,48.1565,0.395017
22080000,59,233.486,-21662.1,43.5509,0.400167
22095000,57,241.264,-21639,60.9227,0.3994
22110000,46,205.179,-21682.8,45.8613,0.384711
22125000,53,243.961,-21641.2,44.1033,0.397378
22140000,62,266.547,-21648.4,66.0804,0.394267
22155000,65,295.036,-21645,67.5125,0.39775
22170000,60,246.479,-21626.3,64.8307,0.401867
22185000,57,265.606,-21638.9,48.6114,0.4
22200000,63,268.201,-21644.9,53.9198,0.4034
22215000,61,266.604,-21649.6,65.0687,0.402333
22230000,61,257.466,-21622.9,60.9105,0.396233
22245000,53,228.532,-21613.5,56.1671,0.3808
22260000,54,228.923,-21626.9,61.284,0.394067
22275000,57,241.401,-21642.4,52.0062,0.384067
22290000,57,233.834,-21660,59.9763,0.396933
22305000,68,280.036,-21644.8,57.402,0.395667
22320000,61,260.572,-21638.2,61.347,0.394771
22335000,73,320.007,-21661,61.981,0.4046
22350000,67,283.741,-21634.7,64.3246,0.3974
22365000,63,280.368,-21650.5,56.9335,0.400667
22380000,51,214.631,-21648,49.9794,0.3942
22395000,44,182.593,-21638,52.4476,0.378967
22410000,51,221.143,-21642.4,47.705,0.363933
22425000,67,283.319,-21642,74.3071,0.391
22440000,69,284.378,-21617,68.5398,0.39305
22455000,61,257.199,-21635.7,63.642,0.392467
22470000,54,231.378,-21628.9,55.3946,0.399133
22485000,61,267.683,-21635.9,60.9373,0.3826
22500000,42,177.217,-21652.9,40.9428,0.396462
22515000,54,230.975,-21654.6,47.5311,0.3842
22530000,76,317.994,-21606.3,68.5856,0.389933
22545000,48,206.299,-21649.2,43.6309,0.3865
22560000,74,298.621,-21609.5,64.9469,0.398233
22575000,68,283.03,-21630.9,52.8066,0.396856
22590000,73,303.838,-21593.8,69.1976,0.392967
22605000,72,299.056,-21623.3,63.7843,0.3984
22620000,73,304.744,-21630,66.6696,0.4056
22635000,71,303.311,-21613.1,68.0267,0.392533
22650000,48,196.542,-21642.8,43.0943,0.386467
22665000,45,199.468,-21655,54.9845,0.3854
22680000,69,294.959,-21650.2,81.7277,0.386756
22695000,59,249.238,-21611,51.3446,0.3916
22710000,56,239.153,-21627.4,59.4869,0.378556
22725000,74,302.082,-21626.2,74.8175,0.400476
22740000,69,284.016,-21628.1,62.7038,0.4073
22755000,71,306.509,-21630.5,70.5427,0.398883
22770000,49,217.353,-21653,46.4168,0.4098
22785000,58,242.886,-21637.5,78.1934,0.396956
22800000,67,287.583,-21626.8,52.6008,0.392844
22815000,57,240.489,-21598.8,56.8724,0.3808
22830000,65,279.354,-21623.4,68.4646,0.392
22845000,69,285.93,-21627.8,74.6581,0.402017
22860000,66,280.629,-21627.3,63.7435,0.407533
22875000,56,234.589,-21666.8,61.0333,0.402867
22890000,66,277.581,-21633.8,78.7075,0.413533
22905000,60,258.309,-21638.3,50.7718,0.39224
22920000,76,337.974,-21619.7,84.5525,0.39654
22935000,52,218.377,-21630.4,56.1039,0.3893
22950000,68,306.297,-21611.8,58.3357,0.394433
22965000,65,287.483,-21619.4,63.9006,0.410333
22980000,70,301.786,-21624.7,67.4697,0.403067
22995000,62,263.966,-21661.8,60.2382,0.401617
23010000,63,277.161,-21606.5,77.2452,0.403433
23025000,57,251.095,-21613.8,48.8864,0.4016
23040000,64,267.391,-21629.7,56.1105,0.398673
23055000,48,204.585,-21652.1,52.9581,0.3906
23070000,68,291.335,-21659.5,80.2761,0.3986
23085000,65,282.209,-21633,54.7116,0.409867
23100000,66,289.741,-21653.1,68.0542,0.408667
23115000,66,298.744,-21630.9,62.2205,0.394317
23130000,51,228.983,-21664.4,43.2376,0.403067
23145000,48,207.095,-21649.7,50.1432,0.398167
23160000,56,242.672,-21662.5,60.1591,0.4017
23175000,52,231.47,-21660.2,58.1514,0.398467
23190000,62,262.966,-21644.4,68.3216,0.386933
23205000,55,221.834,-21633.7,63.9584,0.398433
23220000,59,239.278,-21626.5,62.4746,0.3986
23235000,69,283.126,-21658.4,69.3756,0.391677
23250000,71,307.325,-21664.8,79.5015,0.415533
23265000,67,294.575,-21638.8,74.7752,0.405147
23280000,57,247.703,-21647.7,50.9374,0.400917
23295000,65,286.139,-21651.2,80.5142,0.406967
23310000,51,214.286,-21638.8,52.7988,0.390067
23325000,68,286.278,-21625.1,78.4759,0.4002
23340000,64,284.295,-21633.6,66.938,0.398467
23355000,47,206.687,-21671,39.8314,0.404867
23370000,61,264.536,-21632.5,59.6779,0.3962
23385000,53,224.26,-21650.9,47.886,0.3952
23400000,52,229.742,-21642,46.9691,0.389593
23415000,60,262.686,-21640.2,42.8726,0.382533
23430000,71,306.34,-21636.9,72.2416,0.398833
23445000,66,275.363,-21656.1,69.458,0.4008
23460000,66,289.148,-21659.3,82.175,0.409533
23475000,62,271.923,-21661.5,60.3236,0.417467
23490000,50,205.754,-21644,45.2329,0.394
23505000,58,259.632,-21649.4,58.5199,0.383
23520000,55,221.383,-21629.2,67.0649,0.397543
23535000,64,284.959,-21629.9,63.294,0.3964
23550000,59,238.743,-21637.2,63.918,0.4082
23565000,63,279.691,-21633.6,71.7799,0.395257
23580000,67,277.104,-21648.5,61.6472,0.406
23595000,65,273.762,-21633.6,53.8634,0.405267
23610000,55,233.6,-21656.6,59.3206,0.397683
23625000,59,247.475,-21632.2,61.8543,0.3966
23640000,53,214.033,-21629.8,50.7355,0.383067
23655000,63,281.493,-21620.3,75.3272,0.397767
23670000,42,180.866,-21659.8,42.5868,0.390733
23685000,69,296.497,-21598,71.9719,0.404933
23700000,72,319.299,-21649.7,82.1942,0.4002
23715000,60,263.807,-21638.3,53.2988,0.390067
23730000,67,266.532,-21646.7,88.541,0.408633
23745000,67,287.623,-21642.8,66.1835,0.39068
23760000,55,244.14,-21652.9,66.1635,0.407
23775000,66,282.179,-21631.5,66.7475,0.402367
23790000,60,266.7,-21649.3,61.4442,0.4006
23805000,57,251.319,-21642.4,54.4058,0.39896
23820000,55,239.702,-21654.3,47.1237,0.399917
23835000,55,225.647,-21636.3,56.2721,0.3872
23850000,53,226.436,-21644.4,48.7193,0.387667
23865000,56,249.393,-21658.3,56.265,0.3834
23880000,55,219.122,-21621.3,50.9036,0.372067
23895000,47,198.431,-21660.5,43.1211,0.393029
23910000,56,226.664,-21654.1,57.1504,0.393067
23925000,63,271.111,-21641.6,66.7983,0.383956
23940000,61,273.267,-21645.1,70.9842,0.38268
23955000,45,175.687,-21642.1,39.8734,0.386933
23970000,44,192.884,-21644.8,47.4302,0.382933
23985000,70,299.497,-21651.4,61.1496,0.4
24000000,64,255.606,-21641.7,64.7563,0.396653
24015000,55,241.485,-21626.1,42.2217,0.405467
24030000,52,206.147,-21643.1,48.4116,0.393656
24045000,59,254.777,-21666.6,55.8042,0.408067
24060000,73,323.547,-21668.9,68.0466,0.407333
24075000,73,287.963,-21625.7,78.3212,0.4108
24090000,53,222.256,-21622.6,60.2043,0.4026
24105000,42,176.87,-21639.7,39.4526,0.377
24120000,53,212.995,-21634.9,43.3007,0.382533
24135000,58,247.209,-21650.1,45.7149,0.398867
24150000,55,229.896,-21640.5,51.8934,0.393
24165000,60,261.017,-21660,76.9608,0.394967
24180000,64,261.369,-21648,63.537,0.404767
24195000,50,211.331,-21665.8,50.4445,0.407067
24210000,69,300.256,-21644.5,66.8482,0.394964
24225000,68,293.386,-21661.5,72.2727,0.399711
24240000,59,251.792,-21647.4,59.8656,0.3986
24255000,61,253.543,-21624,66.9936,0.400756
24270000,48,185.086,-21648.7,58.3963,0.388067
24285000,54,238.314,-21657.8,60.6107,0.392489
24300000,51,210.09,-21664,46.366,0.3946
24315000,64,257.475,-21655.7,59.9036,0.406233
24330000,56,241.999,-21654.9,54.6836,0.393467
24345000,59,248.909,-21633.8,68.3332,0.397667
24360000,76,329.735,-21629.7,73.2452,0.402117
24375000,69,301.438,-21607.9,82.3937,0.399767
24390000,44,182.56,-21646.6,41.329,0.388831
24405000,40,172.507,-21651.3,41.7251,0.375333
24420000,59,251.775,-21643,48.3424,0.3876
24435000,71,304.033,-21618,66.4243,0.4072
24450000,68,286.151,-21606.4,73.1691,0.41
24465000,79,343.784,-21605.6,75.6481,0.405267
24480000,56,235.125,-21632.4,52.9135,0.389883
24495000,70,281.427,-21591.1,60.3542,0.401133
24510000,72,313.304,-21623.3,68.0066,0.3972
24525000,85,360.492,-21560,85.3401,0.406567
24540000,79,318.804,-21553.8,89.533,0.404733
24555000,82,330.44,-21552.5,88.4293,0.3992
24570000,47,198.991,-21654.1,45.1482,0.39023
24585000,80,357.75,-21595.7,88.3573,0.392833
24600000,82,333.363,-21593.2,65.1115,0.394533
24615000,69,278.072,-21597,63.5663,0.395267
24630000,63,264.991,-21638.3,77.769,0.387658
24645000,72,304.205,-21595.8,72.8403,0.398933
24660000,49,200.525,-21655.3,39.3151,0.3925
24675000,71,301.849,-21574.4,64.5443,0.384067
24690000,67,283.121,-21597.9,73.7146,0.3972
24705000,79,350.054,-21588.2,72.9586,0.391667
24720000,71,300.317,-21627.3,75.2649,0.390411
24735000,92,389.746,-21592.2,78.5566,0.408833
24750000,68,287.905,-21604.8,78.334,0.401333
24765000,68,289.932,-21602.5,69.5367,0.394733
24780000,60,250.161,-21599.1,66.7678,0.378933
24795000,59,249.731,-21626,50.9992,0.377467
24810000,52,228.098,-21651.7,60.9556,0.391989
24825000,67,288.8,-21655.9,61.7778,0.390679
24840000,63,249.809,-21656.6,55.2223,0.403
24855000,52,217.761,-21633.9,41.4844,0.398933
24870000,42,170.55,-21639.7,43.3441,0.3752
24885000,47,203.053,-21658.2,46.9843,0.386911
24900000,57,243.27,-21626.7,48.0872,0.384367
24915000,57,266.274,-21667.1,63.6608,0.388533
24930000,56,239.648,-21632.9,50.7112,0.380052
24945000,50,222.687,-21636.2,54.4919,0.367467
24960000,49,196.963,-21660.6,46.3346,0.387689
24975000,40,153.642,-21668.7,37.5144,0.3738
24990000,62,274.154,-21608.9,59.1574,0.393589
25005000,43,191.141,-21685.8,38.7932,0.384467
25020000,62,258.583,-21628.3,52.8325,0.391367
25035000,50,218.785,-21668.6,33.8637,0.378933
25050000,51,219.28,-21636.7,51.0882,0.385067
25065000,51,232.638,-21632.2,47.159,0.3946
25080000,74,299.397,-21641.9,61.2411,0.4038
25095000,59,244.144,-21637.8,57.173,0.387311
25110000,65,282.729,-21633.6,60.0363,0.392333
25125000,74,325.46,-21617.1,73.7661,0.4012
25140000,76,332.44,-21640.9,80.1381,0.399933
25155000,45,186.426,-21664.8,61.1497,0.40076
25170000,57,233.524,-21643.2,64.541,0.402
25185000,56,251.765,-21650.8,66.0722,0.381846
25200000,67,288.222,-21651,53.6758,0.3845
25215000,65,278.104,-21626.8,58.9443,0.3968
25230000,49,184.642,-21651.3,50.696,0.393067
25245000,45,192.556,-21655,44.8315,0.3832
25260000,45,180.901,-21668.7,46.9272,0.382219
25275000,66,291.26,-21633.8,84.6191,0.3862
25290000,68,306.304,-21642.5,76.5081,0.4062
25305000,66,293.127,-21632.2,64.8001,0.400733
25320000,45,198.525,-21672.9,44.852,0.395083
25335000,48,212.169,-21665.5,52.4238,0.391067
25350000,59,262.234,-21635.2,64.5071,0.397244
25365000,58,251.554,-21624.7,56.3725,0.394867
25380000,61,265.83,-21652.3,62.9032,0.389733
25395000,59,246.021,-21638.4,57.7093,0.395867
25410000,47,204.849,-21672.6,61.557,0.385507
25425000,62,265.478,-21638.9,58.6045,0.391633
25440000,71,298.036,-21634,81.098,0.3908
25455000,70,307.674,-21653.3,73.8942,0.419867
25470000,66,290.355,-21652.9,59.2125,0.4022
25485000,64,270.486,-21655.9,56.127,0.396173
25500000,69,307.133,-21641.8,53.4048,0.4146
25515000,63,250.923,-21654.8,53.855,0.382615
25530000,65,288.14,-21663.6,65.3184,0.406867
25545000,66,279.531,-21637.4,66.2629,0.404467
25560000,59,252.684,-21659,55.3459,0.397644
25575000,67,300.724,-21666.9,68.1382,0.4047
25590000,76,337.311,-21670,80.2499,0.411333
25605000,59,254.355,-21649.2,56.9429,0.4054
25620000,56,251.188,-21665.5,63.5271,0.392467
25635000,51,211.088,-21634.7,56.2866,0.3876
25650000,49,200.754,-21662.7,46.1059,0.385933
25665000,72,316.004,-21618.5,80.3984,0.398383
25680000,74,324.099,-21613,84.1157,0.4132
25695000,70,307.793,-21617.5,67.8985,0.409
25710000,73,307.387,-21623,77.5202,0.408933
25725000,76,326.841,-21607.4,68.8853,0.389478
25740000,72,319.074,-21627.3,68.967,0.4042
25755000,69,306.098,-21647.5,85.039,0.399514
25770000,67,281.166,-21638.5,72.7963,0.4142
25785000,64,272.103,-21644,65.713,0.40768
25800000,54,223.532,-21655.1,49.8559,0.398867
25815000,75,331.24,-21608.5,72.1236,0.415233
25830000,71,311.312,-21614.1,87.5338,0.4036
25845000,67,303.306,-21630,64.3892,0.4092
25860000,60,261.56,-21624.4,53.7846,0.3912
25875000,67,301.692,-21628.1,64.3025,0.408533
25890000,66,291.145,-21646.2,76.5945,0.4008
25905000,60,265.731,-21632.8,55.4471,0.394867
25920000,66,281.157,-21640.5,67.1219,0.3964
25935000,60,264.944,-21649.9,56.5696,0.410467
25950000,64,277.354,-21620.5,58.702,0.403133
25965000,57,252.687,-21650.6,58.208,0.402421
25980000,42,183.953,-21683.4,52.6243,0.395744
25995000,72,308.731,-21628.9,59.0522,0.397
26010000,56,253.065,-21652.8,55.3905,0.384556
26025000,73,314.111,-21612.7,64.8092,0.397133
26040000,66,283.072,-21606.7,64.098,0.403
26055000,48,197.895,-21662.9,52.8346,0.384267
26070000,65,269.679,-21622.5,55.5695,0.4049
26085000,51,220.452,-21648.3,50.4476,0.383133
26100000,61,255.868,-21652.2,57.5674,0.391733
26115000,44,196.723,-21667,50.0083,0.383983
26130000,48,210.911,-21660.5,48.9021,0.386658
26145000,54,234.856,-21630,62.8641,0.4034
26160000,73,305.43,-21597.4,84.7747,0.39705
26175000,69,307.173,-21613.1,74.4512,0.4116
26190000,73,318.015,-21629.9,85.9759,0.391933
26205000,66,273.565,-21621,58.5909,0.400533
26220000,55,240.192,-21671.3,65.9276,0.398019
26235000,45,191.423,-21681.5,45.9361,0.384667
26250000,51,201.399,-21676.4,51.5532,0.402267
26265000,46,203.353,-21667.7,54.5532,0.382367
26280000,61,258.672,-21640.8,65.9057,0.398827
26295000,54,237.384,-21658.3,63.2208,0.385967
26310000,44,182.024,-21652.1,36.5966,0.389767
26325000,58,243.385,-21658.9,58.4549,0.400333
26340000,59,252.344,-21646.5,53.2758,0.386333
26355000,73,312.125,-21634.7,72.8289,0.392667
26370000,56,225.364,-21646,60.7685,0.401
26385000,58,230.577,-21624.7,58.0466,0.393233
26400000,52,217.011,-21615.2,64.4687,0.398133
26415000,64,277.13,-21635.8,64.7781,0.3852
26430000,64,273.338,-21612.6,73.5716,0.401067
26445000,64,275.477,-21655.2,63.8933,0.393392
26460000,54,238.959,-21653.4,67.8046,0.395178
26475000,59,253.911,-21660.4,57.7762,0.398833
26490000,67,296.303,-21637.7,74.4603,0.406383
26505000,61,260.685,-21635.7,61.4657,0.4028
26520000,59,258.968,-21660.3,60.8917,0.392567
26535000,49,204.323,-21643.4,47.308,0.398867
26550000,43,186.215,-21656.7,45.0693,0.39065
26565000,51,214.517,-21666.6,53.2205,0.3891
26580000,52,221.089,-21655.2,49.349,0.384933
26595000,56,252.208,-21650.3,61.7149,0.380089
26610000,49,205.389,-21644.1,39.2206,0.3824
26625000,64,277.934,-21648.5,71.9453,0.404244
26640000,49,197.088,-21636.1,45.4313,0.3797
26655000,54,221.242,-21640.8,53.2812,0.376667
26670000,59,248.502,-21662.1,63.1403,0.3936
26685000,54,239.431,-21626.6,53.7869,0.385033
26700000,70,302.77,-21649.5,58.2978,0.400733
26715000,56,248.593,-21657.3,60.5943,0.4074
26730000,67,276.167,-21611.8,65.5709,0.393813
26745000,67,287.133,-21659.7,75.9163,0.4092
26760000,68,287.487,-21655.3,76.2867,0.408333
26775000,51,215.762,-21654.8,43.9225,0.391189
26790000,65,288.084,-21648.9,69.2204,0.40015
26805000,54,226.265,-21671.1,61.5559,0.4011
26820000,63,275.841,-21697.6,71.3456,0.415467
26835000,61,248.972,-21641.8,60.1038,0.395227
26850000,56,238.501,-21659.9,55.0619,0.3852
26865000,57,246.351,-21666.6,54.2621,0.391733
26880000,66,284.085,-21650.5,67.8537,0.399156
26895000,59,235.184,-21657.2,68.9115,0.4022
26910000,70,306.385,-21664.8,72.4163,0.405667
26925000,71,312.302,-21620.4,59.0358,0.389562
26940000,67,299.434,-21627.8,62.7883,0.3972
26955000,61,261.683,-21644,52.5088,0.414867
26970000,55,234.274,-21640.4,67.3915,0.387667
26985000,67,271.167,-21611,75.9807,0.402778
27000000,65,279.788,-21620.7,61.1852,0.3994
27015000,58,239.712,-21644.6,59.1294,0.409867
27030000,68,302.909,-21647.6,65.1874,0.399776
27045000,58,266.38,-21639.4,53.6405,0.393578
27060000,68,297.576,-21665,65.5339,0.414033
27075000,62,272.188,-21645.6,51.7027,0.3903
27090000,65,286.61,-21649.2,63.2254,0.403667
27105000,55,232.061,-21621.1,61.6458,0.404011
27120000,63,253.546,-21618.7,64.4849,0.402
27135000,61,233.564,-21650.9,62.562,0.39884
27150000,51,230.77,-21644.8,58.3097,0.3873
27165000,64,274.312,-21639.5,80.4908,0.405733
27180000,56,228.507,-21623.1,49.6021,0.399
27195000,57,228.944,-21639.4,62.742,0.396467
27210000,64,290.512,-21659.8,53.7081,0.393067
27225000,58,249.398,-21655.2,57.1326,0.383867
27240000,62,263.841,-21660.2,60.7578,0.396533
27255000,58,245.781,-21649.5,61.6396,0.3994
27270000,55,245.42,-21665.4,44.0822,0.3908
27285000,46,197.284,-21676.3,39.5464,0.39158
27300000,48,201.789,-21659.2,45.4572,0.400633
27315000,54,205.476,-21667.9,45.7389,0.392533
27330000,65,275.091,-21659.7,80.6859,0.395894
27345000,52,220.677,-21644,41.046,0.395167
27360000,65,263.99,-21650.7,82.8779,0.4052
27375000,70,293.048,-21624.2,65.6288,0.407
27390000,60,250.759,-21652.2,56.4007,0.409233
27405000,61,274.728,-21625.1,55.3473,0.396233
27420000,54,234.225,-21620.6,65.0304,0.3952
27435000,80,350.965,-21619.5,87.1789,0.399567
27450000,66,294.431,-21643.7,59.6075,0.405467
27465000,56,222,-21652.1,57.1697,0.38552
27480000,58,242.684,-21633.4,73.0711,0.3968
27495000,52,220.473,-21651.8,52.096,0.390373
27510000,71,313.681,-21622.5,75.2925,0.4001
27525000,72,309.944,-21646.4,76.4474,0.417667
27540000,63,266.139,-21645.7,61.1312,0.392517
27555000,69,289.694,-21639.7,57.7373,0.411133
27570000,61,256.084,-21666,77.1241,0.414578
27585000,75,309.919,-21628.6,73.1022,0.401711
27600000,66,267.634,-21648.3,61.2359,0.4088
27615000,75,311.199,-21620,70.0701,0.410133
27630000,59,243.738,-21651,59.4718,0.413733
27645000,70,295.092,-21621.7,61.2416,0.4102
27660000,77,349.683,-21644.1,86.4008,0.4104
27675000,43,171.798,-21659.3,43.247,0.397819
27690000,79,351.811,-21640.1,82.0309,0.4235
27705000,73,305.332,-21625,71.6946,0.418933
27720000,67,300.559,-21659.7,53.363,0.393878
27735000,56,249.59,-21642.2,53.8502,0.397233
27750000,62,265.694,-21661.7,74.8258,0.38332
27765000,54,233.595,-21612.5,58.6234,0.396267
27780000,71,298.763,-21607.1,66.7424,0.389533
27795000,70,305.006,-21616.3,71.6347,0.393667
27810000,63,268.606,-21597.1,54.2195,0.398467
27825000,68,311.294,-21633.3,59.8705,0.397533
27840000,50,203.376,-21667.2,48.5343,0.402489
27855000,57,236.252,-21625.1,49.3349,0.385667
27870000,53,222.025,-21627.4,63.209,0.373
27885000,60,242.341,-21655.2,49.0665,0.3886
27900000,58,242.71,-21672.8,58.3993,0.393067
27915000,53,244.891,-21652,60.7515,0.394907
27930000,78,345.016,-21647.1,80.6059,0.402067
27945000,44,191.944,-21658.5,33.8932,0.393667
27960000,57,243.638,-21651.2,56.6856,0.399933
27975000,59,262.78,-21653.9,59.3525,0.391133
27990000,60,262.852,-21685.6,58.8938,0.388489
28005000,53,228.924,-21676.8,53.5829,0.407067
28020000,46,199.406,-21657.7,58.0956,0.3856
28035000,44,192.21,-21683.5,47.6517,0.389079
28050000,56,246.985,-21654.6,67.7559,0.386967
28065000,57,250.099,-21619,60.9015,0.394733
28080000,51,215.832,-21680.5,51.1498,0.380244
28095000,73,335.823,-21642.5,67.1378,0.397667
28110000,78,355.382,-21644.1,82.4741,0.415267
28125000,82,350.375,-21623,85.9308,0.410667
28140000,79,345.882,-21633.9,76.4666,0.416067
28155000,69,293.211,-21642,72.0541,0.423933
28170000,45,195.244,-21662.9,42.6354,0.394641
28185000,55,248.454,-21652,55.846,0.397695
28200000,60,250.062,-21628.9,58.5977,0.3952
28215000,43,187.719,-21656.5,50.625,0.377578
28230000,44,184.727,-21656.5,39.2254,0.3664
28245000,50,225.243,-21675,53.0904,0.3849
28260000,56,240.785,-21641,48.2727,0.379667
28275000,50,211.634,-21643.9,44.9952,0.378622
28290000,60,260.101,-21654.2,65.7701,0.3912
28305000,65,269.862,-21645.8,60.1553,0.404933
28320000,53,240.885,-21637.9,37.1841,0.398067
28335000,51,228.498,-21647.4,48.444,0.405
28350000,56,228.312,-21658.9,54.0466,0.390867
28365000,60,263.635,-21655.8,67.4282,0.397267
28380000,57,259.039,-21641.2,59.8866,0.384067
28395000,63,266.909,-21633.8,75.4756,0.394233
28410000,57,259.014,-21620.1,52.3432,0.393667
28425000,60,261.53,-21615.2,58.8977,0.388
28440000,69,302.926,-21617.8,75.9581,0.3914
28455000,68,296.77,-21614.6,81.4858,0.404117
28470000,78,330.754,-21630.4,83.2225,0.414267
28485000,82,360.691,-21636,87.0518,0.413933
28500000,68,299.112,-21639.2,76.6263,0.416133
28515000,69,293.594,-21632.4,65.7342,0.400067
28530000,72,315.861,-21645.6,64.5114,0.4141
28545000,71,309.502,-21651.4,93.5385,0.417
28560000,82,367.066,-21635.4,89.3153,0.424133
28575000,62,268.473,-21616,68.8205,0.393283
28590000,61,275.262,-21648.5,65.5549,0.409767
28605000,64,281.672,-21622,74.3713,0.3852
28620000,61,268.283,-21614.1,66.27,0.4014
28635000,60,246.311,-21629.4,61.5964,0.390333
28650000,42,168.334,-21670.3,41.5035,0.389519
28665000,56,230.275,-21632.2,52.4501,0.387767
28680000,52,207.907,-21650.2,45.6873,0.3772
28695000,46,188.161,-21669.8,51.334,0.376667
28710000,48,211.451,-21642.8,44.3373,0.375
28725000,38,150.446,-21645.8,40.9486,0.361667
28740000,43,170.4,-21666.9,42.953,0.3722
28755000,78,338.306,-21623.6,80.6096,0.3914
28770000,73,308.402,-21629.6,64.0387,0.395183
28785000,62,269.404,-21617.7,55.3541,0.4004
28800000,71,310.718,-21620.2,80.1835,0.407333
28815000,80,358.922,-21604.7,66.0584,0.409067
28830000,69,304.688,-21633,66.8471,0.401733
28845000,76,344.161,-21620.3,60.9635,0.4014
28860000,62,255.222,-21640.8,61.5291,0.403
28875000,70,285.6,-21654.8,71.3012,0.408
28890000,57,224.612,-21666.7,53.0041,0.398733
28905000,44,190.254,-21664.9,45.0207,0.389062
28920000,52,213.022,-21669.4,48.6693,0.393867
28935000,47,203.423,-21646.9,51.8299,0.3876
28950000,43,186.67,-21651.5,36.1282,0.3746
28965000,46,193.239,-21645.6,49.2281,0.393013
28980000,54,209.561,-21653.2,55.2872,0.382433
28995000,49,211.87,-21629,41.3612,0.4019
29010000,68,271.089,-21652.1,66.6244,0.405233
29025000,64,271.244,-21664.6,66.1537,0.400433
29040000,51,225.523,-21669.2,52.2453,0.392388
29055000,67,277.943,-21642.8,64.1423,0.393
29070000,66,288.967,-21651.5,54.0426,0.404133
29085000,66,273.151,-21647.1,74.8103,0.4176
29100000,59,270.265,-21652,51.2188,0.405867
29115000,65,288.454,-21618.7,68.5466,0.399267
29130000,65,280.891,-21661,58.8915,0.405167
29145000,56,231.483,-21652.3,71.2555,0.396911
29160000,47,204.655,-21653.3,46.4213,0.403933
29175000,46,184.673,-21677.8,52.8254,0.386667
29190000,46,193.993,-21658.2,45.1363,0.389467
29205000,58,246.101,-21664,60.0375,0.3864
29220000,41,175.789,-21668.6,45.2651,0.387867
29235000,57,243.608,-21657.8,68.4446,0.392933
29250000,64,269.692,-21651.7,59.3393,0.391548
29265000,40,172.866,-21659.3,35.4876,0.388533
29280000,42,186.561,-21648.5,48.1041,0.3798
29295000,62,261.109,-21651.9,68.5699,0.411267
29310000,65,279.113,-21650.3,62.6975,0.400817
29325000,88,381.062,-21616.6,75.0534,0.4051
29340000,78,340.345,-21645.5,78.397,0.407367
29355000,60,258.291,-21657.1,45.5095,0.402042
29370000,81,364.591,-21623.5,82.9751,0.4122
29385000,73,315.4,-21614.7,83.6072,0.4128
29400000,73,312.133,-21607,71.8352,0.406733
29415000,65,251.591,-21625.4,66.2445,0.411333
29430000,68,283.926,-21607.8,78.0658,0.388667
29445000,63,278.652,-21612.9,58.7528,0.397142
29460000,62,256.777,-21627.5,76.0723,0.3967
29475000,48,198.276,-21676,58.4707,0.395725
29490000,54,243.4,-21656.5,62.7243,0.3984
29505000,61,254.189,-21616,49.3997,0.405089
29520000,61,247.777,-21656.4,52.7763,0.400167
29535000,69,295.028,-21631.2,71.1099,0.408333
29550000,54,230.651,-21660.7,54.9756,0.39244
29565000,57,243.067,-21645.5,60.0045,0.395911
29580000,57,239.829,-21644.5,56.103,0.411644
29595000,56,247.533,-21649.8,47.5102,0.398711
29610000,61,280.93,-21634.8,56.6938,0.398633
29625000,64,280.243,-21611.1,77.4942,0.4036
29640000,58,247.91,-21632.5,58.5705,0.383933
29655000,60,267.568,-21640.5,57.614,0.3944
29670000,57,235.985,-21650.9,49.8863,0.400387
29685000,52,232.691,-21649.5,48.3248,0.383867
29700000,49,209.364,-21646.6,53.2961,0.377533
29715000,63,277.267,-21646,69.7296,0.387483
29730000,60,268.635,-21666.4,58.6728,0.395333
29745000,74,309.227,-21630.4,86.8221,0.4063
29760000,60,253.916,-21625.5,51.1029,0.405467
29775000,71,315.746,-21645.7,68.7421,0.419267
29790000,73,333.261,-21637.9,58.6246,0.413267
29805000,74,327.306,-21638.4,65.2066,0.399133
29820000,50,203.805,-21653.9,37.0193,0.391617
29835000,59,249.125,-21653.4,47.3741,0.402667
29850000,67,283.881,-21629.5,67.8559,0.422467
29865000,66,277.578,-21606,62.5088,0.4122
29880000,70,313.204,-21617,74.8209,0.409733
29895000,60,278.976,-21605.2,56.977,0.399567
29910000,56,256.993,-21638.6,56.9898,0.3972
29925000,64,266.568,-21645.6,63.2365,0.399156
29940000,60,277.235,-21645.2,58.3444,0.3976
29955000,64,275.23,-21632.3,56.4411,0.403
29970000,68,305.364,-21619.7,79.2212,0.408
29985000,45,195.887,-21646.3,49.1321,0.396756
