generation,N_shifts,logPrior,logLik,eventRate,acceptRate
0,0,-133.829,-22345.9,100,1
15000,1,1.81165,-22084.7,0.596738,0.2836
30000,1,6.86652,-22108.7,1.84703,0.189194
45000,3,11.5904,-22064.2,2.76515,0.30866
60000,4,14.864,-21994.7,1.7671,0.299733
75000,4,18.3893,-22033.4,2.88391,0.309578
90000,4,15.1361,-21988.5,6.98605,0.318853
105000,11,39.5566,-21954.8,9.79398,0.343089
120000,7,24.6547,-21976,7.59915,0.2968
135000,11,42.0521,-21936.3,11.7301,0.3379
150000,9,36.3428,-21944.9,7.09965,0.332933
165000,11,41.4637,-21965.8,12.0619,0.290667
180000,11,44.6622,-21962.1,6.13639,0.310467
195000,14,46.9591,-21946.3,18.9645,0.322467
210000,19,82.7982,-21883.6,15.1832,0.348617
225000,27,108.385,-21885.5,29.0054,0.372933
240000,31,126.999,-21858.2,37.4009,0.376933
255000,30,128.486,-21847.4,27.8804,0.3796
270000,33,134.123,-21862.1,45.3044,0.3846
285000,25,97.1904,-21852.3,19.094,0.380867
300000,30,124.422,-21832.5,27.3031,0.374267
315000,47,195.58,-21817.3,42.6307,0.378867
330000,46,200.45,-21813.1,47.1681,0.404133
345000,38,166.201,-21825.2,37.7182,0.3872
360000,35,148.672,-21806.7,35.6855,0.379067
375000,38,159.248,-21801.2,28.0437,0.378
390000,37,142.713,-21800.7,35.7637,0.372133
405000,34,148.855,-21791.3,37.2972,0.368933
420000,48,202.264,-21789.8,51.9089,0.3852
435000,47,201.081,-21776.8,46.5138,0.379933
450000,48,221.905,-21771.3,58.2892,0.388267
465000,56,240.1,-21750.3,68.6574,0.402333
480000,50,214.073,-21749.3,46.8508,0.399267
495000,51,217.222,-21752.6,48.0638,0.389667
510000,37,143.158,-21797.6,40.0658,0.346152
525000,69,298.361,-21714.8,64.1697,0.387967
540000,55,235.723,-21719.6,59.2209,0.400933
555000,64,280.754,-21734.2,54.656,0.330771
570000,73,312.386,-21730.6,74.2113,0.3805
585000,70,313.243,-21702.4,90.7163,0.376
600000,83,366.922,-21693.1,83.5045,0.4018
615000,94,428.132,-21694.7,94.1373,0.411633
630000,70,304.661,-21702.7,61.7222,0.408233
645000,76,356.036,-21704.1,75.03,0.4086
660000,79,339.678,-21708.5,73.0895,0.401067
675000,79,327.793,-21718.1,75.7404,0.398933
690000,65,277.504,-21689.9,78.0474,0.39685
705000,75,330.323,-21714.2,85.9715,0.39028
720000,61,268.087,-21698,54.8798,0.392233
735000,77,329.923,-21696.9,71.2051,0.399667
750000,90,391.33,-21714.2,74.496,0.408013
765000,70,306.457,-21716.7,67.6837,0.4051
780000,83,355.064,-21723.9,82.8449,0.413833
795000,66,279.784,-21707.9,62.7062,0.388133
810000,70,299.82,-21712.4,56.6317,0.392133
825000,79,353.962,-21695.5,90.4401,0.404044
840000,62,274.402,-21719.3,45.2554,0.390933
855000,71,302.198,-21711.3,66.2667,0.399067
870000,61,275.965,-21711.2,51.7202,0.381173
885000,65,272.357,-21693,76.3842,0.399483
900000,68,280.415,-21713.4,77.1802,0.400489
915000,82,367.641,-21719.8,87.1806,0.402267
930000,74,299.342,-21701.3,63.8138,0.413733
945000,72,310.576,-21683.9,72.037,0.391
960000,77,332.28,-21708.8,78.1001,0.386467
975000,74,335.677,-21688.4,87.3254,0.404867
990000,70,297.405,-21687.1,59.5543,0.384725
1005000,75,337.025,-21711.2,79.9759,0.403086
1020000,81,349.866,-21685.7,68.3484,0.388367
1035000,95,408.972,-21686.9,109.503,0.40035
1050000,71,317.024,-21701.7,67.1475,0.405467
1065000,59,268.45,-21697.7,71.715,0.396
1080000,74,305.781,-21711.8,75.9674,0.3906
1095000,73,314.294,-21689.1,75.6027,0.391133
1110000,69,297.259,-21685.4,75.8056,0.402667
1125000,88,397.362,-21694.1,98.4892,0.400667
1140000,71,333.813,-21673.2,64.6543,0.388342
1155000,69,299.556,-21661.1,57.3865,0.386489
1170000,58,229.255,-21683.6,49.8337,0.382733
1185000,81,349.826,-21663.3,68.1934,0.389367
1200000,71,299.087,-21683.6,64.07,0.3854
1215000,74,325.772,-21686.5,64.906,0.386267
1230000,77,320.757,-21710.6,67.545,0.391622
1245000,81,331.731,-21708.6,86.8874,0.398067
1260000,72,318.206,-21706.6,70.4618,0.392133
1275000,70,296.739,-21695.3,74.6286,0.392033
1290000,64,289.692,-21715.2,69.3639,0.395933
1305000,83,358.544,-21685.4,85.4424,0.403867
1320000,81,336.312,-21691,75.3195,0.4006
1335000,85,372.642,-21698.2,93.0976,0.39
1350000,67,300.359,-21695.7,65.3856,0.391261
1365000,65,288.77,-21672.2,62.0687,0.383333
1380000,64,286.619,-21699.4,69.5937,0.402267
1395000,66,285.177,-21710.7,60.2145,0.392
1410000,77,328.981,-21674.8,94.3701,0.40025
1425000,79,335.341,-21675,67.8708,0.385433
1440000,86,368.388,-21707.2,94.6923,0.407867
1455000,84,369.89,-21696.8,85.7786,0.403567
1470000,76,344.669,-21692.2,91.1345,0.4056
1485000,70,296.68,-21667,72.5275,0.38899
1500000,75,342.285,-21678.2,76.638,0.387733
1515000,69,287.535,-21694.7,71.7119,0.392756
1530000,74,341.302,-21704.6,79.4728,0.402667
1545000,91,393.615,-21685.1,89.6996,0.390467
1560000,98,426.435,-21673.4,96.2613,0.410867
1575000,105,463.107,-21650.6,112.667,0.407
1590000,104,459.814,-21654.5,92.9427,0.415467
1605000,86,377.612,-21674.2,82.1567,0.406013
1620000,96,421.015,-21651.6,103.58,0.4102
1635000,98,433.873,-21682.2,83.8692,0.415133
1650000,85,376.464,-21662.5,82.8744,0.398933
1665000,98,429.06,-21695.4,92.8146,0.4016
1680000,93,406.845,-21697.8,97.6397,0.4166
1695000,71,293.311,-21661.4,73.6768,0.398844
1710000,70,299.343,-21694,74.9981,0.3955
1725000,64,290.506,-21705.6,58.9379,0.385782
1740000,85,355.491,-21671.9,83.3694,0.397867
1755000,68,309.448,-21673.4,90.1897,0.381533
1770000,79,344.054,-21682.2,77.9551,0.3892
1785000,63,283.297,-21680.2,69.1386,0.380867
1800000,75,318.707,-21682.6,87.2451,0.3792
1815000,105,458.574,-21672.4,85.9701,0.389213
1830000,90,406.004,-21656.3,98.8669,0.4012
1845000,106,450.92,-21669.7,95.0073,0.4132
1860000,63,247.455,-21712,57.4201,0.398148
1875000,85,359.391,-21647.1,82.5412,0.392133
1890000,77,339.914,-21670.6,79.449,0.385333
1905000,99,436.035,-21677.9,94.4141,0.413317
1920000,66,274.99,-21670,67.955,0.3912
1935000,67,289.457,-21677.3,68.864,0.3946
1950000,71,309.753,-21680.8,89.4684,0.3694
1965000,60,256.923,-21698.9,58.4652,0.3804
1980000,58,257.195,-21703.9,59.3638,0.370017
1995000,51,228.172,-21748,68.5359,0.383874
2010000,54,225.699,-21707,66.7034,0.387567
2025000,60,253.882,-21704.9,53.9232,0.375733
2040000,67,280.978,-21736,66.6251,0.399013
2055000,74,302.118,-21729,66.0623,0.396067
2070000,83,344.238,-21712.9,81.1476,0.411533
2085000,79,345.246,-21683.9,62.9534,0.4188
2100000,71,297.885,-21695.7,79.993,0.403067
2115000,63,263.343,-21703.6,59.6142,0.375367
2130000,82,352.406,-21676.4,82.3182,0.3965
2145000,80,334.235,-21681.1,80.3572,0.409667
2160000,70,290.462,-21678.4,78.0017,0.3882
2175000,62,266.582,-21695.1,52.4505,0.371533
2190000,59,265.656,-21721.7,66.2282,0.387908
2205000,79,322.74,-21667.8,73.3585,0.387511
2220000,82,360.614,-21661.2,105.221,0.4004
2235000,99,426.898,-21673.1,98.7889,0.4272
2250000,69,307.732,-21698.5,72.5785,0.38925
2265000,67,305.847,-21672.7,61.0974,0.380467
2280000,72,306.35,-21710.9,68.359,0.392733
2295000,66,289.585,-21686.4,69.9162,0.374367
2310000,61,277.781,-21678.5,58.2295,0.373067
2325000,72,324.098,-21685.6,80.9559,0.3812
2340000,77,336.159,-21685.6,75.063,0.39199
2355000,79,343.889,-21707.8,88.0577,0.39604
2370000,61,282.7,-21704.1,66.2215,0.393867
2385000,55,235.345,-21690.9,54.7184,0.370844
2400000,68,288.881,-21694.5,48.073,0.382467
2415000,74,324.559,-21696.8,90.8336,0.396733
2430000,75,322.72,-21697.9,72.7742,0.3792
2445000,63,275.327,-21693,63.0537,0.390667
2460000,71,298.093,-21668.8,60.7226,0.385667
2475000,69,310.521,-21672.1,74.8239,0.397767
2490000,63,270.425,-21692.2,51.2478,0.3918
2505000,60,268.577,-21699.7,72.0763,0.379489
2520000,69,309.306,-21729.2,75.6846,0.393953
2535000,64,301.161,-21690.6,61.0506,0.380067
2550000,68,304.077,-21701.9,65.7186,0.375644
2565000,70,326.44,-21690.8,70.3572,0.391633
2580000,73,315.133,-21710.4,80.2642,0.388733
2595000,71,332.231,-21701.7,86.7464,0.395
2610000,75,318.617,-21680.9,67.8814,0.392
2625000,80,351.32,-21679.2,88.4565,0.396483
2640000,62,255.765,-21689.9,78.9836,0.397
2655000,90,399.953,-21710.4,76.9514,0.397756
2670000,81,360.589,-21658.1,73.7841,0.397267
2685000,78,332.534,-21687.6,77.2008,0.400733
2700000,73,317.265,-21682.5,78.1081,0.3836
2715000,68,304.364,-21679,66.8441,0.3778
2730000,75,339.405,-21682.6,70.257,0.374467
2745000,72,303.66,-21687.4,65.0141,0.395267
2760000,90,392.138,-21691.2,89.6552,0.390067
2775000,80,367.761,-21698.1,72.5578,0.389324
2790000,92,391.704,-21669,109.538,0.388873
2805000,97,395.065,-21676.1,85.5885,0.407833
2820000,93,404.99,-21650.4,124.337,0.40925
2835000,79,335.644,-21655.7,82.6806,0.4082
2850000,92,398.798,-21655.5,95.4196,0.401533
2865000,86,359.168,-21651.6,81.1352,0.396
2880000,67,300.21,-21684.7,57.8095,0.406778
2895000,86,391.783,-21671.8,95.3841,0.407811
2910000,82,352.164,-21692.2,89.8994,0.413933
2925000,67,278.314,-21663.8,62.6252,0.401467
2940000,73,340.647,-21687,75.1512,0.3976
2955000,67,307.596,-21683.9,65.6372,0.399267
2970000,58,265.676,-21690,62.1938,0.382211
2985000,62,265.891,-21693.5,57.4014,0.383333
3000000,78,333.2,-21692.5,76.4362,0.387289
3015000,60,253.371,-21693,61.3278,0.396667
3030000,73,309.015,-21694.2,70.4102,0.398467
3045000,78,357.411,-21693.8,79.0619,0.4116
3060000,80,351.325,-21671,87.6756,0.403533
3075000,78,351.902,-21680.9,71.0543,0.407933
3090000,64,280.307,-21664.4,59.9853,0.382333
3105000,71,298.601,-21685.4,74.0409,0.393086
3120000,92,392.271,-21673.6,104.445,0.3944
3135000,85,384.125,-21687.8,86.4355,0.4032
3150000,69,320.079,-21702.9,59.0518,0.390558
3165000,87,375.957,-21676.7,103.258,0.4147
3180000,74,319.177,-21690.7,82.1088,0.415
3195000,80,349.34,-21689.9,72.0283,0.400933
3210000,65,284.373,-21695.2,70.4585,0.39955
3225000,68,311.354,-21688.5,67.404,0.394717
3240000,73,304.006,-21669.5,58.7233,0.3826
3255000,73,300.927,-21674.4,78.4353,0.395467
3270000,74,306.299,-21684.4,82.8042,0.391067
3285000,71,300.319,-21681.4,72.1242,0.400133
3300000,57,252.624,-21692.4,48.6102,0.388552
3315000,64,278.564,-21675.5,66.7634,0.3682
3330000,64,299.034,-21701.6,56.6659,0.395933
3345000,71,315.577,-21694.5,84.6831,0.39317
3360000,71,309.678,-21681.9,64.3397,0.391033
3375000,66,274.773,-21677.4,58.9447,0.386067
3390000,68,294.685,-21669.1,74.2775,0.394533
3405000,62,265.219,-21703.5,65.8442,0.38735
3420000,60,275.412,-21685.3,58.4136,0.384467
3435000,73,316.811,-21689.5,90.3752,0.373933
3450000,67,285.263,-21709.1,71.709,0.382378
3465000,67,286.797,-21696.7,58.2602,0.383967
3480000,75,317.633,-21671.5,71.5507,0.385833
3495000,63,257.439,-21705.4,54.6475,0.398333
3510000,73,308.408,-21694.5,81.6794,0.397867
3525000,75,323.477,-21704.7,70.9342,0.4004
3540000,66,281.821,-21711.4,56.7714,0.394867
3555000,59,235.938,-21705.2,56.0155,0.383267
3570000,55,238.592,-21711.3,46.9643,0.383587
3585000,57,244.288,-21720.9,61.4077,0.3952
3600000,68,282.128,-21704.9,60.9139,0.373148
3615000,47,205.367,-21739,46.1532,0.384067
3630000,66,285.827,-21675.5,51.5703,0.382667
3645000,80,356.321,-21663.1,89.3284,0.3876
3660000,76,334.246,-21669.9,85.779,0.393667
3675000,78,327.274,-21677.6,68.9751,0.395
3690000,70,283.907,-21695.7,55.7341,0.388667
3705000,62,273.603,-21688.3,63.4172,0.373067
3720000,63,278.385,-21725.9,64.8953,0.391218
3735000,54,241.928,-21720.6,44.0714,0.384967
3750000,78,346.933,-21719.6,64.4206,0.386467
3765000,68,300.818,-21691.8,55.784,0.394
3780000,56,255.121,-21702.3,52.9718,0.386
3795000,64,269.553,-21690.3,72.9134,0.375544
3810000,66,300.891,-21686.5,76.3389,0.391133
3825000,65,282.93,-21711.3,68.2768,0.383844
3840000,64,282.05,-21690.3,57.9671,0.401867
3855000,80,356.43,-21705.4,64.8147,0.390627
3870000,85,371.273,-21723.2,101.892,0.3873
3885000,60,247.597,-21698.2,52.9598,0.401156
3900000,70,301.849,-21706.8,74.5612,0.403711
3915000,81,361.303,-21706.9,94.9307,0.404867
3930000,83,369.816,-21698.4,83.3295,0.396733
3945000,63,275.111,-21679.4,63.9025,0.380307
3960000,74,316.832,-21689.2,87.398,0.401733
3975000,52,215.861,-21698.3,66.3299,0.385133
3990000,54,228.928,-21709.7,47.9817,0.3978
4005000,45,188.881,-21742.2,58.7083,0.3858
4020000,62,286.316,-21737.6,67.1229,0.401495
4035000,58,248.972,-21716.4,48.403,0.389217
4050000,53,218.557,-21735.8,54.575,0.386033
4065000,67,290.48,-21722.6,68.8653,0.394
4080000,46,203.202,-21771.6,47.4625,0.387387
4095000,55,239.86,-21752.7,65.6456,0.3832
4110000,55,248.942,-21740.6,57.9211,0.381733
4125000,64,285.182,-21718.3,49.7116,0.393767
4140000,80,357.836,-21701.5,97.1941,0.408867
4155000,64,290.959,-21715.9,71.6408,0.388827
4170000,63,282.493,-21691.6,66.594,0.3841
4185000,70,305.878,-21697.1,51.7484,0.383867
4200000,51,220.59,-21737.5,58.4252,0.388689
4215000,71,299.926,-21722.3,72.0564,0.3954
4230000,63,282.521,-21702.9,76.5607,0.390667
4245000,57,253.335,-21702.6,67.0096,0.387833
4260000,61,256.721,-21722.4,55.2976,0.397867
4275000,60,258.965,-21739.9,69.3213,0.3988
4290000,67,304.311,-21717.7,72.0513,0.395889
4305000,60,260.103,-21725.4,47.6446,0.396133
4320000,62,274.943,-21742.2,62.4926,0.3978
4335000,64,269.276,-21715.3,54.0603,0.414
4350000,68,300.718,-21713.2,60.8439,0.410333
4365000,76,338.663,-21719.3,99.7225,0.401467
4380000,74,329.246,-21715.1,64.9125,0.411933
4395000,79,344.89,-21723.3,87.0204,0.396436
4410000,77,337.963,-21732.7,81.2591,0.4186
4425000,69,318.186,-21712.1,54.5741,0.4146
4440000,67,271.772,-21720.8,75.095,0.39503
4455000,57,245.25,-21721.5,54.3016,0.393333
4470000,67,303.524,-21729.2,66.4292,0.395067
4485000,53,212.654,-21715.7,55.8821,0.392653
4500000,76,329.968,-21716.2,64.3873,0.413333
4515000,65,276.958,-21714.2,74.0496,0.3916
4530000,61,271.103,-21710.8,54.979,0.402267
4545000,59,253.386,-21735.8,68.4482,0.4136
4560000,57,262.72,-21728.1,66.1054,0.386683
4575000,60,264.303,-21734,64.3195,0.414533
4590000,55,240.533,-21734.5,56.1633,0.406289
4605000,61,251.134,-21733,60.2396,0.393453
4620000,73,323.155,-21727.9,73.3643,0.408467
4635000,78,341.154,-21722.9,83.3967,0.409333
4650000,79,335.282,-21721.3,104.465,0.421
4665000,83,365.412,-21728.5,77.6581,0.405
4680000,81,337.948,-21718.3,77.723,0.405533
4695000,92,396.065,-21702.2,96.2406,0.418733
4710000,92,410.441,-21723.9,86.0905,0.42
4725000,71,327.424,-21706.7,80.1009,0.405941
4740000,78,342.003,-21721.7,84.0658,0.407667
4755000,70,320.991,-21709.3,69.7162,0.404667
4770000,80,354.711,-21704.1,75.6632,0.4096
4785000,72,336.372,-21713.9,66.7152,0.4072
4800000,70,313.136,-21727.7,78.1551,0.403933
4815000,63,275.144,-21741,62.5002,0.407229
4830000,56,260.43,-21735.9,53.4796,0.391267
4845000,60,269.6,-21703.3,69.957,0.388644
4860000,56,245.64,-21733.2,53.6393,0.3806
4875000,63,277.965,-21690.7,69.6963,0.392377
4890000,57,256.338,-21724.5,61.0257,0.396444
4905000,68,300.255,-21728.4,65.3055,0.389867
4920000,53,227.317,-21733.4,55.6891,0.390333
4935000,65,274.4,-21719.8,56.5678,0.3988
4950000,55,245.284,-21738.4,64.3513,0.3794
4965000,64,291.162,-21729,66.9212,0.401053
4980000,48,208.559,-21739.6,56.5582,0.383233
4995000,52,226.848,-21726.5,48.7518,0.390267
5010000,47,204.063,-21731.5,33.9979,0.372867
5025000,64,296.747,-21729.4,63.8494,0.3806
5040000,69,305.115,-21707.5,66.7075,0.383
5055000,62,264.101,-21740.2,48.0271,0.397333
5070000,75,337.529,-21734.6,78.6632,0.394743
5085000,78,347.434,-21723.8,77.04,0.401733
5100000,88,392.171,-21715.5,84.6408,0.4125
5115000,81,360.651,-21727.7,73.8199,0.423267
5130000,81,345.368,-21744.7,81.7647,0.419133
5145000,70,312.45,-21703.8,57.2218,0.402383
5160000,64,264.813,-21723.7,60.7102,0.389733
5175000,51,215.498,-21705.1,61.8365,0.388892
5190000,59,269.578,-21726,58.9098,0.399333
5205000,53,239.332,-21715,60.9709,0.3968
5220000,75,334.034,-21730.5,56.4114,0.3975
5235000,57,252.853,-21731.7,54.9315,0.403867
5250000,75,331.421,-21731.9,94.8522,0.395644
5265000,77,342.606,-21715.6,89.33,0.401167
5280000,65,281.492,-21737.5,55.2171,0.410933
5295000,73,335.173,-21700.2,70.6296,0.402767
5310000,53,240.747,-21738.9,48.8682,0.40005
5325000,64,286.287,-21716.3,63.2847,0.393933
5340000,57,250.24,-21757.4,65.7141,0.40055
5355000,63,285.072,-21730.6,65.466,0.410156
5370000,47,210.65,-21734.5,47.3701,0.394733
5385000,54,247.994,-21719.8,63.6626,0.39485
5400000,49,213.279,-21744.5,49.568,0.394833
5415000,69,306.018,-21734.5,71.1021,0.413233
5430000,73,306.957,-21710.4,70.8137,0.424133
5445000,83,374.618,-21691.2,81.0133,0.415533
5460000,86,384.198,-21700.8,77.5236,0.423933
5475000,76,334.671,-21722.7,70.5086,0.39679
5490000,104,428.432,-21716.5,103.89,0.427133
5505000,82,366.112,-21706.3,73.6574,0.427333
5520000,77,330.06,-21693.5,80.7511,0.422
5535000,69,303.886,-21703.6,66.4723,0.4104
5550000,64,269.22,-21756.5,64.6111,0.417422
5565000,64,260.507,-21718.7,54.0673,0.4186
5580000,75,323.741,-21697.9,81.9058,0.403578
5595000,72,325.953,-21722.7,68.7291,0.3994
5610000,69,271.332,-21724.6,60.5832,0.401311
5625000,73,316.551,-21719.4,82.164,0.395333
5640000,67,302.762,-21724.9,68.2072,0.404044
5655000,79,335.029,-21710.5,78.9876,0.412767
5670000,49,233.535,-21732.7,48.9789,0.3845
5685000,57,253.871,-21722.5,62.9261,0.383867
5700000,63,265.329,-21723.6,65.48,0.410689
5715000,60,269.533,-21723,56.4883,0.395667
5730000,60,261.196,-21710.7,62.2469,0.3973
5745000,64,291.69,-21731.3,64.8867,0.405267
5760000,52,222.096,-21706.9,53.4164,0.384707
5775000,61,250.626,-21708.5,60.9718,0.3858
5790000,72,312.634,-21731.7,82.5633,0.3994
5805000,56,237.554,-21726.7,62.4117,0.389583
5820000,54,221.403,-21745.4,49.5902,0.395771
5835000,77,331.234,-21707.3,80.2387,0.409067
5850000,67,289.988,-21717.9,60.7688,0.399
5865000,65,281.265,-21714.6,55.779,0.404133
5880000,69,312.424,-21717,77.9773,0.404333
5895000,62,273.176,-21701.5,59.6801,0.390711
5910000,76,346.9,-21724.7,75.2877,0.402467
5925000,67,304.99,-21711.3,59.9165,0.3976
5940000,68,305.55,-21703.6,61.1482,0.4106
5955000,55,241.117,-21740.6,53.4408,0.393817
5970000,72,315.267,-21719.1,79.6782,0.4087
5985000,72,327.269,-21696.5,74.257,0.399067
6000000,76,329.037,-21706.3,78.6309,0.404933
6015000,67,286.231,-21728.7,68.5795,0.387867
6030000,55,246.653,-21711.8,62.8166,0.395967
6045000,69,296.395,-21716.3,76.9864,0.395367
6060000,65,296.306,-21725.5,66.2128,0.3886
6075000,69,302.727,-21699,70.1965,0.393022
6090000,65,285.595,-21715.8,60.2618,0.406933
6105000,75,325.355,-21719.8,95.269,0.415933
6120000,64,270.987,-21691.8,67.8915,0.397017
6135000,67,283.569,-21713.7,63.7288,0.3922
6150000,54,217.465,-21720.4,56.1867,0.388667
6165000,50,216.471,-21704.5,49.6067,0.3796
6180000,63,276.787,-21745.1,56.0466,0.392167
6195000,63,288.287,-21761,78.1757,0.392
6210000,66,289.929,-21757.3,77.5166,0.413667
6225000,60,267.701,-21718.7,52.181,0.39
6240000,58,248.305,-21713.2,58.4148,0.387213
6255000,61,285.059,-21728,58.7768,0.385733
6270000,53,242.255,-21722.5,57.8851,0.393778
6285000,58,269.156,-21756.5,58.1207,0.400707
6300000,57,256.23,-21705.2,50.8161,0.378689
6315000,57,253.23,-21754.7,48.5508,0.400067
6330000,65,290.244,-21715,64.293,0.3857
6345000,49,216.547,-21742,58.7983,0.375133
6360000,48,205.345,-21761.5,50.5048,0.386956
6375000,64,286.766,-21730.2,62.4946,0.391867
6390000,48,203.421,-21727.7,51.0918,0.3846
6405000,44,206.934,-21748.9,47.7781,0.3798
6420000,60,265.757,-21714.3,62.6145,0.377853
6435000,50,222.847,-21739.6,59.7719,0.380733
6450000,57,234.688,-21731.4,66.6852,0.3814
6465000,60,271.818,-21722.9,74.7876,0.385656
6480000,67,295.234,-21729.9,66.7377,0.4044
6495000,63,274.21,-21727.4,71.0794,0.3994
6510000,67,299.587,-21709.6,55.8849,0.407667
6525000,54,240.983,-21723.2,54.9156,0.385787
6540000,65,294.676,-21703,84.3311,0.394733
6555000,54,245.629,-21718,58.616,0.389467
6570000,56,256.525,-21704.2,55.7302,0.3886
6585000,76,324.274,-21698.4,72.1351,0.3926
6600000,63,290.842,-21696.1,80.5655,0.397867
6615000,49,212.166,-21718.7,56.1967,0.377444
6630000,50,212.19,-21721.1,48.3535,0.391579
6645000,71,313.419,-21721.6,68.5506,0.396578
6660000,56,240.795,-21719.6,54.4221,0.397333
6675000,60,270.39,-21709.7,65.9138,0.399067
6690000,62,258.898,-21722.2,56.6596,0.400333
6705000,58,253.014,-21692,49.8934,0.374411
6720000,53,229.879,-21723,54.9876,0.3939
6735000,60,237.237,-21735.7,59.841,0.389133
6750000,66,288.924,-21734.9,61.9008,0.387
6765000,59,260.651,-21702.5,49.9998,0.376767
6780000,60,255.92,-21720.3,63.6052,0.402122
6795000,76,330.088,-21722.1,70.7153,0.3978
6810000,59,259.438,-21759.2,70.111,0.397283
6825000,59,271.062,-21727,43.5585,0.381617
6840000,80,339.613,-21725.9,75.0885,0.400356
6855000,58,251.055,-21723.4,57.518,0.392467
6870000,69,299.749,-21702.9,70.5011,0.392267
6885000,57,265.684,-21722.8,51.7477,0.385667
6900000,69,313.736,-21724.3,67.2902,0.391867
6915000,65,295.756,-21682.7,69.8476,0.402267
6930000,51,220.262,-21729.3,51.137,0.391525
6945000,69,295.232,-21692.1,56.4664,0.398733
6960000,74,322.887,-21675.3,67.9892,0.401533
6975000,77,339.904,-21679,70.3472,0.3922
6990000,59,268.656,-21747.7,45.8305,0.378526
7005000,77,312.703,-21689.9,88.3276,0.416633
7020000,54,249.738,-21736.6,59.8917,0.388767
7035000,48,209.352,-21743.8,53.2498,0.394038
7050000,81,334.64,-21670.9,69.3349,0.396444
7065000,69,321.328,-21695.2,67.9757,0.397333
7080000,91,416.092,-21701.8,78.0644,0.416867
7095000,78,332.93,-21697.7,74.1567,0.382547
7110000,83,348.349,-21714.8,75.9757,0.414033
7125000,59,261.31,-21730.6,51.3454,0.408333
7140000,65,279.199,-21697.6,61.2832,0.403433
7155000,62,269.103,-21726.3,49.6743,0.404667
7170000,81,348.18,-21694.5,76.9952,0.399867
7185000,96,429.297,-21700.6,87.4616,0.417267
7200000,87,389.448,-21710.2,92.9687,0.4188
7215000,67,296.3,-21710.8,67.9832,0.392689
7230000,68,293.34,-21696.5,72.6953,0.407
7245000,79,336.602,-21703.3,67.6089,0.399733
7260000,64,283.069,-21724.3,72.5648,0.407467
7275000,66,302.475,-21718.9,64.9138,0.393017
7290000,68,302.218,-21707.4,59.598,0.393133
7305000,61,263.497,-21672.3,63.0882,0.394467
7320000,60,258.136,-21739.1,58.7634,0.397697
7335000,67,291.85,-21743.4,50.9503,0.4092
7350000,54,237.061,-21724.3,45.4604,0.386983
7365000,61,268.612,-21699.1,55.5856,0.39625
7380000,61,273.211,-21731.1,70.0745,0.3936
7395000,87,375.403,-21734.4,72.4384,0.411317
7410000,73,307.585,-21662.2,80.6968,0.4124
7425000,60,254.792,-21716.1,53.6272,0.4029
7440000,59,256.573,-21697.7,60.5759,0.394067
7455000,72,306.542,-21711.7,86.4764,0.396373
7470000,61,253.676,-21688.3,55.9726,0.388733
7485000,66,291.161,-21675.3,58.371,0.384867
7500000,70,321.616,-21693.1,78.8774,0.3836
7515000,65,282.742,-21693.6,70.026,0.3864
7530000,80,361.658,-21684.9,89.7446,0.397778
7545000,69,317.302,-21702.3,73.4622,0.387267
7560000,76,353.498,-21680.2,81.6014,0.412333
7575000,73,329.479,-21691.9,78.5172,0.409333
7590000,72,318.067,-21712.7,69.4031,0.4034
7605000,66,282.187,-21683.6,68.3588,0.4042
7620000,62,293.174,-21713.6,69.9157,0.390213
7635000,83,378.813,-21681.7,80.7565,0.407367
7650000,80,352.071,-21688.7,86.27,0.4126
7665000,61,272.01,-21706.8,63.0744,0.388422
7680000,71,326.252,-21690.5,74.8678,0.399467
7695000,61,261.432,-21740.9,71.2023,0.391033
7710000,45,192.192,-21733.5,41.7446,0.388839
7725000,68,282.646,-21695.7,68.0711,0.389667
7740000,52,218.329,-21742.2,54.7518,0.382833
7755000,59,257.847,-21739.4,61.7532,0.377917
7770000,62,281.557,-21715,61.847,0.395133
7785000,66,302.306,-21702,73.1114,0.394267
7800000,56,249.659,-21709.5,63.0954,0.385583
7815000,63,274.188,-21697.2,57.7915,0.399578
7830000,57,247.512,-21713.2,54.581,0.3896
7845000,62,266.733,-21695.4,60.815,0.397233
7860000,71,303.659,-21714.8,56.4524,0.4068
7875000,52,230.651,-21711.2,45.5505,0.397733
7890000,61,263.783,-21705.1,60.1746,0.3917
7905000,61,259.018,-21699.7,44.4201,0.3896
7920000,62,269.737,-21705.6,76.3509,0.397567
7935000,69,296.274,-21709.1,64.8749,0.401533
7950000,62,266.559,-21736.7,54.8127,0.398583
7965000,71,308.587,-21693.9,64.1654,0.391933
7980000,72,324.849,-21701.2,57.9819,0.404533
7995000,74,306.854,-21704,83.9714,0.40004
8010000,72,311.012,-21721.6,88.3407,0.4009
8025000,68,308.699,-21672.1,67.4161,0.395822
8040000,77,339.974,-21697.1,91.145,0.3986
8055000,80,349.582,-21712.9,67.624,0.393333
8070000,58,245.083,-21727.7,54.9098,0.391733
8085000,68,280.837,-21718.4,61.2023,0.401867
8100000,60,264.279,-21731.5,62.0144,0.396689
8115000,63,277.572,-21725.1,64.2325,0.40384
8130000,66,281.76,-21721.5,67.5114,0.399933
8145000,63,283.289,-21691.4,62.1293,0.387333
8160000,51,225.45,-21735.3,53.7203,0.392483
8175000,50,219.246,-21704.1,47.7284,0.387867
8190000,66,281.818,-21689.2,62.5715,0.392711
8205000,56,237.872,-21725.3,58.4995,0.379667
8220000,54,250.647,-21722.5,67.4399,0.3966
8235000,65,295.324,-21697.5,59.8853,0.386717
8250000,54,241.534,-21728,42.1244,0.3964
8265000,72,297.019,-21668.4,75.0329,0.396627
8280000,58,235.901,-21692.2,42.2326,0.386267
8295000,72,311.758,-21724.8,61.718,0.391467
8310000,61,260.461,-21715.5,64.3424,0.386233
8325000,58,247.569,-21693.1,54.7483,0.387783
8340000,66,296.981,-21698.1,65.4255,0.389844
8355000,69,309.884,-21701.5,62.4198,0.391
8370000,50,216.787,-21716.8,48.1251,0.37875
8385000,56,235.842,-21692.1,56.7297,0.3942
8400000,62,269.132,-21732.2,66.7349,0.391022
8415000,54,249.32,-21701.5,81.0171,0.381667
8430000,63,281.762,-21717.9,67.4137,0.400467
8445000,74,341.952,-21735.6,53.3014,0.417333
8460000,66,290.003,-21712.9,71.5768,0.397822
8475000,48,218.165,-21718.7,47.9357,0.391933
8490000,48,205.283,-21715.1,42.9527,0.372467
8505000,49,214.398,-21741.3,51.2692,0.38335
8520000,63,266.726,-21693.9,64.3559,0.377667
8535000,53,222.935,-21688.2,54.572,0.383067
8550000,45,201.508,-21719.6,58.1347,0.348267
8565000,57,262.656,-21706.8,53.2019,0.388067
8580000,57,250.014,-21694,54.2266,0.3816
8595000,52,214.971,-21753.7,57.7088,0.374267
8610000,78,346.833,-21730.5,78.4772,0.389319
8625000,71,307.153,-21702.5,67.889,0.397733
8640000,87,391.212,-21698.7,88.0846,0.419167
8655000,69,303.182,-21683.3,62.5795,0.411533
8670000,64,286.63,-21695.9,67.3341,0.398333
8685000,71,305.562,-21682.5,67.9321,0.401067
8700000,56,261.327,-21718.9,60.6053,0.371767
8715000,75,332.256,-21662.5,75.6581,0.388767
8730000,66,279.445,-21674.6,65.9642,0.401652
8745000,66,294.095,-21676.2,55.0086,0.391067
8760000,65,276.654,-21676.2,74.3357,0.383333
8775000,75,336.02,-21696.3,82.3095,0.402133
8790000,66,300.837,-21686.4,79.3238,0.394667
8805000,75,333.293,-21679.8,95.324,0.398133
8820000,80,361.806,-21681.8,66.2121,0.402733
8835000,76,348.288,-21696.9,86.0503,0.406489
8850000,73,327.477,-21692,68.7453,0.398067
8865000,85,385.182,-21701.7,81.6299,0.402022
8880000,67,298.951,-21684.5,62.4001,0.408867
8895000,62,267.954,-21711.3,54.0272,0.3994
8910000,80,354.322,-21695.7,68.5895,0.4107
8925000,87,398.872,-21716.3,87.1591,0.418133
8940000,62,291.682,-21706.4,60.3771,0.396444
8955000,57,236.82,-21691.8,41.9954,0.405667
8970000,52,222.352,-21717.5,43.3102,0.395867
8985000,65,301.707,-21730.7,51.1998,0.401933
9000000,76,336.581,-21695.5,96.3566,0.397844
9015000,71,325.007,-21683.7,73.4444,0.3952
9030000,84,366.797,-21684.4,72.9269,0.411467
9045000,75,340.068,-21668.3,59.545,0.403467
9060000,57,264.99,-21722.9,58.2781,0.402747
9075000,77,352.052,-21701.1,82.4614,0.397367
9090000,70,307.636,-21687.5,72.4486,0.4014
9105000,57,253.745,-21703.8,61.6765,0.403133
9120000,56,247.015,-21737.7,63.7585,0.38556
9135000,73,317.809,-21689.5,74.2201,0.392587
9150000,74,298.28,-21681.7,80.0744,0.413733
9165000,69,309.207,-21689.7,64.7009,0.395333
9180000,72,327.691,-21693.3,70.7294,0.392533
9195000,60,262.886,-21724.6,56.9577,0.3792
9210000,63,281.542,-21703.5,54.9091,0.3938
9225000,84,362.743,-21665.5,97.1457,0.3984
9240000,88,371.062,-21683.5,89.2465,0.415467
9255000,78,350.809,-21685,69.4495,0.413667
9270000,72,327.527,-21688.6,75.5083,0.394994
9285000,63,276.573,-21702.5,61.3338,0.385147
9300000,60,253.244,-21683.5,86.3387,0.395822
9315000,71,315.118,-21668,70.7217,0.3954
9330000,76,325.716,-21702.9,69.7271,0.393333
9345000,87,376.061,-21651.7,84.9057,0.399867
9360000,73,339.704,-21649.4,74.672,0.401533
9375000,80,357.06,-21665.6,72.4854,0.387467
9390000,88,387.744,-21641.7,85.0649,0.394267
9405000,77,333.419,-21635.3,72.2561,0.393467
9420000,62,263.303,-21691.9,57.047,0.396244
9435000,81,342.545,-21666.1,77.3096,0.395133
9450000,81,355.863,-21664.9,90.4771,0.394533
9465000,69,297.902,-21703.9,62.3173,0.400311
9480000,77,340.219,-21655.8,68.7956,0.408
9495000,70,310.933,-21668.7,78.1249,0.379333
9510000,74,338.228,-21688.2,70.1759,0.395067
9525000,57,240.053,-21717.3,52.7665,0.393117
9540000,56,227.49,-21724.1,44.2976,0.382133
9555000,60,274.972,-21709.7,56.0201,0.392044
9570000,59,246.399,-21743.3,64.1576,0.394067
9585000,60,265.363,-21683.3,60.0825,0.3903
9600000,67,299.01,-21692.9,56.8754,0.381667
9615000,61,255.299,-21717.8,59.8947,0.389667
9630000,79,354.367,-21718.9,72.8935,0.3903
9645000,57,253.792,-21699.8,60.3989,0.3915
9660000,56,251.509,-21707.9,46.923,0.388467
9675000,58,266.459,-21699.4,66.5932,0.383733
9690000,64,284.609,-21698.7,65.9141,0.386467
9705000,71,307.267,-21666.2,80.9716,0.395238
9720000,70,308.146,-21689.4,59.9763,0.3958
9735000,60,267.741,-21708.9,68.0689,0.389533
9750000,62,268.889,-21687.2,61.2414,0.399233
9765000,62,271.822,-21680.8,61.4085,0.391733
9780000,79,345.59,-21683.4,73.8164,0.391356
9795000,68,301.306,-21678.1,65.2518,0.3838
9810000,81,366.359,-21692.2,79.9175,0.4042
9825000,78,357.652,-21689.3,81.0371,0.390867
9840000,82,371.863,-21678.6,71.9346,0.4154
9855000,71,310.796,-21675,79.3767,0.4048
9870000,62,282.934,-21686.5,54.993,0.398444
9885000,77,342.121,-21685.9,84.8431,0.3991
9900000,76,329.188,-21691.3,81.5412,0.398067
9915000,67,294.981,-21680.7,64.5702,0.392067
9930000,65,290.528,-21691.4,78.7571,0.406007
9945000,60,262.941,-21706.6,51.2821,0.38284
9960000,64,292.355,-21691.1,61.5199,0.393733
9975000,70,327.03,-21709.5,74.6708,0.37855
9990000,62,272.187,-21688.7,69.8602,0.388933
10005000,66,295.756,-21683.4,67.0968,0.374467
10020000,75,318.234,-21683.9,73.3008,0.392333
10035000,67,298.71,-21694.1,80.8335,0.405333
10050000,64,291.114,-21674.2,47.29,0.3934
10065000,71,330.867,-21679.5,73.0048,0.391533
10080000,77,335.749,-21673.7,91.9846,0.394667
10095000,71,311.174,-21688.5,66.9987,0.380413
10110000,72,312.142,-21692.9,64.5835,0.399767
10125000,82,347.105,-21692.5,92.7522,0.403933
10140000,78,327.372,-21681.9,65.958,0.4148
10155000,79,361.817,-21655.7,86.2564,0.394533
10170000,87,379.223,-21670.4,103.314,0.391
10185000,67,285.231,-21666,60.4251,0.394022
10200000,81,360.778,-21661,96.8525,0.4086
10215000,69,296.937,-21673.5,62.5972,0.410467
10230000,69,306.799,-21659.9,61.593,0.393933
10245000,79,359.521,-21666.2,92.7162,0.401533
10260000,69,301.87,-21664.6,60.4998,0.404867
10275000,60,254.29,-21677.2,76.9944,0.393406
10290000,87,389.819,-21646.2,84.2255,0.395533
10305000,75,309.26,-21663.5,58.3834,0.3729
10320000,66,308.079,-21667.5,70.1569,0.3886
10335000,75,315.238,-21672.5,81.5745,0.3896
10350000,76,334.693,-21658.4,82.2774,0.407267
10365000,66,290.663,-21679.1,59.0608,0.398133
10380000,76,340.213,-21683.9,66.7187,0.402089
10395000,68,292.523,-21744.2,73.4388,0.391213
10410000,80,354.229,-21693.4,71.9518,0.3967
10425000,66,292.03,-21684.6,61.5152,0.4088
10440000,69,300.429,-21706.7,58.3801,0.387773
10455000,62,272.726,-21712.6,47.9266,0.393617
10470000,85,384.705,-21733.3,103.249,0.4016
10485000,73,324.59,-21721.1,77.9315,0.3972
10500000,81,365.819,-21719.8,91.5475,0.400733
10515000,73,343.71,-21730.9,74.9558,0.412433
10530000,72,295.059,-21685.8,72.8231,0.406467
10545000,74,339.542,-21695.8,68.0843,0.408089
10560000,60,256.145,-21707.5,66.11,0.4028
10575000,75,311.693,-21699.1,91.882,0.408489
10590000,59,229.625,-21663.6,55.4219,0.3858
10605000,74,324.848,-21672.5,70.8103,0.402867
10620000,69,306.356,-21697.4,69.3322,0.3864
10635000,72,321.328,-21682.9,66.823,0.3946
10650000,81,357.274,-21700.9,71.7702,0.40092
10665000,72,315.662,-21693.4,65.307,0.393667
10680000,72,316.247,-21674,66.7654,0.388467
10695000,72,323.941,-21668.5,74.8212,0.395733
10710000,84,375.741,-21678.5,96.4927,0.4004
10725000,54,248.444,-21728.7,60.3234,0.391271
10740000,74,310.548,-21687.8,70.4375,0.400933
10755000,67,300.011,-21679.5,59.0163,0.407333
10770000,58,261.558,-21705.8,66.5976,0.403617
10785000,68,304.178,-21698.4,64.1048,0.392133
10800000,57,263.878,-21702.5,63.0229,0.388567
10815000,53,228.162,-21705.3,54.7212,0.382333
10830000,56,238.197,-21727.1,59.4064,0.389733
10845000,58,260.401,-21698.1,55.1077,0.392
10860000,79,344.498,-21709.9,70.5056,0.3926
10875000,67,299.772,-21705.9,74.3218,0.386344
10890000,50,209.534,-21732.8,45.1277,0.383622
10905000,73,319.918,-21708.2,59.9257,0.400967
10920000,67,304.734,-21712.1,77.4519,0.401483
10935000,81,365.615,-21711.2,97.7738,0.417133
10950000,64,281.047,-21714,76.2137,0.40005
10965000,71,306.399,-21720,76.3235,0.407267
10980000,63,286.872,-21734.5,66.9458,0.417667
10995000,58,259.778,-21706.1,79.2031,0.378027
11010000,74,326.4,-21711.8,72.3687,0.389067
11025000,62,271.485,-21731.4,55.9361,0.405333
11040000,60,256.676,-21717.9,47.3937,0.382533
11055000,64,279.986,-21709.9,48.6049,0.395581
11070000,50,217.134,-21703.5,52.8172,0.373833
11085000,60,278.143,-21706.8,72.7564,0.3498
11100000,65,281.08,-21700.3,66.4774,0.3994
11115000,64,293.675,-21723.9,58.6144,0.384941
11130000,50,229.243,-21729.3,42.7874,0.391
11145000,66,284.839,-21710.3,66.2756,0.392689
11160000,62,282.673,-21743.7,56.4818,0.400638
11175000,53,243.435,-21730.5,49.6829,0.3992
11190000,59,255.24,-21729.7,64.5174,0.37925
11205000,54,240.863,-21750.7,55.3559,0.402867
11220000,65,285.942,-21702.6,68.8411,0.385173
11235000,48,213.751,-21746.2,54.7843,0.394767
11250000,54,238.309,-21694.4,74.1116,0.378533
11265000,70,299.616,-21702.6,72.6304,0.386267
11280000,62,273.763,-21720.5,65.2907,0.399133
11295000,73,324.817,-21696.8,55.2185,0.389333
11310000,57,252.552,-21719.1,54.252,0.405633
11325000,75,323.834,-21693.7,73.9722,0.384
11340000,65,301.434,-21690.8,58.2874,0.377333
11355000,80,352.807,-21693.4,78.8196,0.403744
11370000,65,303.814,-21702.9,48.0289,0.386233
11385000,71,301.75,-21730.1,79.5622,0.412333
11400000,63,267.756,-21715.6,74.1792,0.3983
11415000,64,273.295,-21683.2,63.8585,0.401233
11430000,65,281.772,-21703.4,47.9729,0.3854
11445000,62,262.117,-21684.9,58.2355,0.394667
11460000,75,331.913,-21731.8,76.9741,0.404217
11475000,66,275.851,-21678.2,72.1268,0.40825
11490000,82,370.448,-21711.6,83.1402,0.4107
11505000,79,352.184,-21707.6,72.0539,0.4036
11520000,58,253.132,-21727.1,55.1787,0.406833
11535000,58,243.807,-21713.7,52.1046,0.3997
11550000,58,254.53,-21723.6,54.7732,0.399433
11565000,49,215.669,-21717.5,41.1157,0.389758
11580000,49,215.346,-21725.2,65.157,0.3802
11595000,56,255.931,-21705.9,45.7347,0.3723
11610000,56,223.043,-21731.1,60.2001,0.401613
11625000,64,278.883,-21722.3,66.4594,0.396111
11640000,58,240.356,-21713.9,64.8372,0.386667
11655000,67,288.248,-21727.1,81.2599,0.379289
11670000,62,278.597,-21726.9,58.2487,0.39096
11685000,58,248.723,-21710.4,44.408,0.391089
11700000,48,207.428,-21738.2,44.1579,0.389956
11715000,50,210.826,-21728.4,67.0539,0.389733
11730000,48,202.157,-21718.7,54.6913,0.3852
11745000,47,204.583,-21740.8,65.1671,0.386556
11760000,61,275.263,-21724.1,56.1516,0.390711
11775000,55,235.846,-21722.4,48.7849,0.384667
11790000,59,251.218,-21724.8,57.8184,0.403133
11805000,66,295.385,-21734.3,75.3371,0.402433
11820000,65,285.336,-21734.9,71.7247,0.394813
11835000,66,281.146,-21719.5,68.256,0.389978
11850000,61,251.121,-21739.7,56.3615,0.400867
11865000,64,273.157,-21727.5,74.3518,0.3904
11880000,56,246.38,-21721.9,51.0503,0.3998
11895000,56,244.913,-21735.9,40.7146,0.396178
11910000,59,250.907,-21718.5,51.0051,0.393467
11925000,63,262.123,-21702.4,59.9884,0.3888
11940000,76,330.143,-21724.8,70.5981,0.404867
11955000,84,371.991,-21704.5,80.8337,0.417467
11970000,58,251.734,-21697.4,55.6862,0.393556
11985000,62,279.72,-21694.7,58.7449,0.3886
12000000,64,276.765,-21712.7,58.6371,0.3958
12015000,63,272.558,-21728.1,69.4536,0.405767
12030000,68,306.902,-21725.1,71.0602,0.409333
12045000,52,242.776,-21760.1,56.0862,0.391962
12060000,67,301.429,-21726.5,71.42,0.407467
12075000,61,263.961,-21719.2,58.0675,0.390947
12090000,59,249.977,-21728.1,55.2458,0.4091
12105000,68,303.302,-21717.5,74.2813,0.391833
12120000,50,216.737,-21724.5,41.2305,0.4028
12135000,56,240.705,-21695.1,61.0917,0.383667
12150000,73,323.492,-21696.8,80.8619,0.391867
12165000,46,202.835,-21766.9,52.327,0.3918
12180000,59,260.217,-21706.1,46.9518,0.377533
12195000,58,251.687,-21703.9,59.9992,0.382
12210000,54,246.96,-21719.6,44.8006,0.376022
12225000,67,305.386,-21710,61.6704,0.391333
12240000,65,284.356,-21714.2,68.5863,0.402467
12255000,63,283.799,-21736.2,53.3533,0.390738
12270000,70,290.743,-21739.6,71.2493,0.402533
12285000,60,259.194,-21741.7,49.387,0.402467
12300000,71,297.271,-21716.9,80.9705,0.401422
12315000,73,331.309,-21710.9,75.5768,0.405733
12330000,56,231.606,-21704.9,52.9614,0.394422
12345000,60,256.176,-21704.8,57.1795,0.399567
12360000,71,306.355,-21673,67.3323,0.3868
12375000,82,376.318,-21668.4,75.2428,0.385
12390000,76,341.866,-21745.1,72.756,0.398222
12405000,65,274.84,-21725,72.0586,0.416467
12420000,77,338.019,-21718.6,75.8878,0.4058
12435000,65,291.338,-21721.2,60.2699,0.419467
12450000,67,293.009,-21677.4,60.7429,0.39824
12465000,57,251.091,-21728.9,44.7148,0.400567
12480000,59,269.926,-21729.8,66.2899,0.392921
12495000,63,287.854,-21699.8,59.2835,0.3814
12510000,63,268.926,-21689.1,75.6696,0.3916
12525000,67,300.654,-21682.1,65.9255,0.394667
12540000,57,267.242,-21737,46.5336,0.403383
12555000,59,256.496,-21684.8,61.3882,0.401567
12570000,60,271.86,-21742.3,58.891,0.406933
12585000,73,327.942,-21717.1,90.9094,0.3874
12600000,64,279.329,-21700.8,64.5515,0.395044
12615000,65,292.555,-21709.8,70.8027,0.402533
12630000,62,269.315,-21724.6,69.8112,0.378733
12645000,44,193.71,-21783,34.1144,0.397933
12660000,63,272.767,-21718.4,52.0936,0.385133
12675000,69,304.481,-21709.3,70.3816,0.4062
12690000,59,256.881,-21693.5,60.4914,0.384733
12705000,71,288.841,-21729.7,74.7015,0.382733
12720000,52,236.7,-21753.4,57.9389,0.3962
12735000,65,301.318,-21718.5,51.3013,0.402133
12750000,56,239.434,-21752.9,61.5706,0.399233
12765000,75,324.517,-21699.9,70.8965,0.414633
12780000,74,336.638,-21682.7,73.8825,0.407867
12795000,60,261.36,-21685.4,61.3419,0.384867
12810000,80,351.584,-21703.9,67.9096,0.394
12825000,65,292.437,-21712.9,58.569,0.408333
12840000,62,281.54,-21696.7,70.6043,0.3988
12855000,52,221.194,-21729.3,55.1537,0.40179
12870000,74,323.066,-21678.6,78.9365,0.388267
12885000,65,301.752,-21699.7,62.6047,0.3948
12900000,66,284.416,-21722.8,71.7078,0.390867
12915000,75,330.788,-21704.6,67.778,0.382936
12930000,54,225.846,-21701.1,44.1025,0.389333
12945000,53,222.547,-21727.6,56.1366,0.389789
12960000,55,230.238,-21710.2,54.91,0.3829
12975000,73,320.309,-21692,76.0647,0.381333
12990000,66,293.974,-21687.4,73.7212,0.405533
13005000,58,245.313,-21699.6,54.0587,0.3976
13020000,63,268.864,-21712.9,74.2188,0.397573
13035000,68,291.867,-21701.5,73.4612,0.392933
13050000,69,291.545,-21683.2,78.6698,0.412067
13065000,66,290.495,-21708.2,72.3525,0.384115
13080000,65,284.561,-21705.9,61.6844,0.380747
13095000,59,268.747,-21725.7,66.8427,0.401356
13110000,64,278.576,-21697.4,63.8437,0.379133
13125000,67,301.129,-21701.8,63.7783,0.3959
13140000,60,256.432,-21687.7,58.5006,0.385933
13155000,72,321.47,-21704.9,70.3369,0.402867
13170000,61,275.348,-21671.8,53.0052,0.3907
13185000,59,273.676,-21717.9,67.9436,0.4012
13200000,73,318.935,-21709,78.3546,0.3932
13215000,51,223.381,-21701,37.7669,0.382978
13230000,49,221.236,-21737.2,61.2528,0.391733
13245000,62,288.604,-21684.3,59.4267,0.3915
13260000,49,209.815,-21733.4,40.0194,0.377739
13275000,66,290.084,-21669.5,55.8986,0.385433
13290000,70,313.171,-21702.1,61.338,0.387267
13305000,71,322.939,-21691.7,61.6236,0.3904
13320000,81,360.893,-21674.4,64.3404,0.4064
13335000,86,391.929,-21697.8,75.8611,0.406667
13350000,82,384.521,-21695.4,92.559,0.4218
13365000,68,288.545,-21692.4,65.85,0.414267
13380000,78,355.978,-21685.2,71.3853,0.4092
13395000,64,296.359,-21706.1,65.8461,0.4038
13410000,57,245.994,-21702.8,47.675,0.390283
13425000,62,259.867,-21705.5,55.64,0.3988
13440000,65,296.856,-21712.3,73.0525,0.3902
13455000,57,262.124,-21716.2,62.7037,0.39335
13470000,63,269.128,-21720.2,63.6754,0.384667
13485000,44,207.726,-21735.7,31.8365,0.384351
13500000,65,274.916,-21703.9,71.8052,0.39335
13515000,64,291.795,-21731.6,66.9712,0.369933
13530000,67,299.472,-21697.2,64.3373,0.406733
13545000,71,290.962,-21719.8,59.7781,0.401827
13560000,83,362.63,-21682.7,84.6731,0.401633
13575000,63,263.552,-21681.3,65.0039,0.4038
13590000,69,311.634,-21686.7,68.4842,0.390267
13605000,57,249.756,-21714.7,55.1197,0.380511
13620000,75,332.726,-21702,83.3983,0.4021
13635000,74,341.696,-21733.7,93.885,0.399411
13650000,61,261.054,-21711.5,80.2302,0.393067
13665000,62,277.431,-21706.3,71.1532,0.394933
13680000,56,257.117,-21731.8,42.1209,0.37296
13695000,69,315.945,-21715.6,77.5611,0.390467
13710000,60,271.301,-21709.4,67.3478,0.391533
13725000,57,251.497,-21731.9,49.758,0.372778
13740000,79,346.669,-21697.3,82.5211,0.393267
13755000,76,332.439,-21702.5,79.9745,0.405267
13770000,70,302.816,-21718,59.8071,0.405267
13785000,70,308.515,-21723.7,84.8935,0.39616
13800000,62,273.389,-21735.7,58.0519,0.4102
13815000,72,328.812,-21691.4,77.7389,0.400956
13830000,74,316.506,-21677.1,70.8646,0.3938
13845000,67,317.281,-21687.5,75.4612,0.397756
13860000,77,350.679,-21707.5,78.6549,0.407333
13875000,62,267.646,-21693,71.0409,0.393667
13890000,71,334.068,-21689.5,54.4097,0.386733
13905000,73,305.304,-21713.2,70.3746,0.387933
13920000,60,264.49,-21708.1,57.8841,0.400533
13935000,57,257.118,-21719.1,52.4346,0.397511
13950000,62,283.426,-21678.8,68.2836,0.380533
13965000,87,393.734,-21685.6,106.182,0.411333
13980000,72,308.189,-21734.5,59.9599,0.400711
13995000,73,336.079,-21673,63.9843,0.4102
14010000,84,364.205,-21704.9,75.6126,0.404
14025000,79,345.866,-21658.3,86.4691,0.4156
14040000,76,339.546,-21662.1,76.4799,0.399333
14055000,82,378.232,-21656.5,79.9841,0.415533
14070000,79,351.989,-21673.7,71.0597,0.406733
14085000,71,316.216,-21667.2,60.3203,0.403667
14100000,50,223.309,-21729,41.0696,0.388075
14115000,67,291.082,-21682.6,56.0129,0.397133
14130000,69,306.499,-21681.9,56.0321,0.4084
14145000,80,348.713,-21680.4,65.3589,0.4008
14160000,63,284.089,-21696,53.943,0.406467
14175000,71,327.594,-21716.4,68.7169,0.395667
14190000,58,256.542,-21689.5,70.1148,0.383189
14205000,62,257.679,-21685.7,60.6172,0.372733
14220000,64,277.548,-21731.2,68.6878,0.393263
14235000,49,222.004,-21696.1,48.9153,0.366333
14250000,54,239.146,-21726.7,56.4341,0.391107
14265000,51,238.912,-21705.1,49.7537,0.376
14280000,64,266.088,-21672.6,72.2791,0.375644
14295000,69,314.546,-21707.6,60.6129,0.397
14310000,46,204.507,-21741,51.2983,0.385822
14325000,59,271.531,-21681.9,46.3616,0.399533
14340000,68,295.628,-21669.5,56.3249,0.386533
14355000,65,289.618,-21675.9,66.8971,0.38156
14370000,75,328.214,-21674.6,68.4124,0.383233
14385000,68,288.131,-21694.3,61.7341,0.396067
14400000,78,346.52,-21686.3,65.3399,0.391333
14415000,54,219.892,-21731,65.6488,0.394295
14430000,63,273.319,-21701.6,58.1539,0.376053
14445000,74,336.686,-21679,85.7386,0.384467
14460000,66,287.642,-21694.1,53.6708,0.390767
14475000,61,266.947,-21711,63.5787,0.382467
14490000,72,327.469,-21665.1,61.237,0.384311
14505000,73,339.172,-21693.4,72.4488,0.3806
14520000,75,329.029,-21667.8,70.1335,0.388267
14535000,67,305.828,-21720.3,63.3559,0.3917
14550000,52,222.203,-21677.7,45.3722,0.388778
14565000,74,318.433,-21679.9,76.5413,0.398156
14580000,72,334.943,-21688.1,71.6352,0.3803
14595000,57,247.597,-21685,45.5554,0.383067
14610000,62,276.355,-21685.4,59.8654,0.3788
14625000,62,282.508,-21703.1,70.6612,0.401617
14640000,83,379.808,-21695.3,96.2827,0.4046
14655000,62,274.394,-21695.8,67.6839,0.379778
14670000,69,305.88,-21686.7,57.9577,0.393333
14685000,67,296.483,-21699.5,65.9056,0.3966
14700000,77,333.279,-21675.2,63.938,0.402033
14715000,71,304.297,-21715.3,65.6985,0.386867
14730000,76,331.566,-21690.9,80.2421,0.4
14745000,79,340.658,-21708.2,84.8948,0.414133
14760000,77,337.471,-21676.5,73.4853,0.407717
14775000,53,228.717,-21709.2,48.4055,0.383356
14790000,73,313.041,-21671.1,87.7221,0.3981
14805000,68,306.086,-21667,68.9767,0.386933
14820000,58,249.103,-21676.9,45.2527,0.377444
14835000,87,363.964,-21650.6,72.0848,0.401533
14850000,62,289.422,-21707.3,61.8464,0.386167
14865000,87,367.205,-21654,88.9411,0.406967
14880000,77,327.676,-21650.9,60.0636,0.391867
14895000,60,289.815,-21698.4,64.0575,0.38
14910000,95,418.649,-21684,99.062,0.402667
14925000,87,390.45,-21667.1,78.6503,0.422133
14940000,87,370.581,-21677.9,80.308,0.405267
14955000,76,351.61,-21657.9,73.6642,0.396467
14970000,56,238.474,-21713.7,54.6666,0.381333
14985000,76,325.63,-21652.5,68.0276,0.388033
15000000,55,202.353,-21708.2,50.9147,0.377833
15015000,65,300.314,-21708.9,70.7991,0.394237
15030000,72,329.079,-21654.5,72.1014,0.3884
15045000,68,279.213,-21696.7,64.0752,0.399033
15060000,69,297.149,-21690,68.6115,0.4034
15075000,87,391.945,-21670.1,76.2721,0.397067
15090000,63,273.905,-21666.7,66.3081,0.386183
15105000,76,336.168,-21699.1,72.2938,0.401667
15120000,76,326.852,-21683.3,66.1138,0.3972
15135000,64,273.63,-21717.2,64.1087,0.400467
15150000,60,277.495,-21704.2,62.1375,0.381133
15165000,59,233.173,-21686.3,59.0263,0.388433
15180000,61,271.633,-21699.9,66.3699,0.374333
15195000,66,292.326,-21694.3,64.9262,0.382713
15210000,65,271.155,-21695.3,61.1083,0.3948
15225000,71,302.934,-21671.5,63.063,0.391644
15240000,82,345.164,-21677,96.1353,0.394067
15255000,73,291.893,-21686.7,65.4181,0.395933
15270000,63,289.519,-21683.6,58.2577,0.370242
15285000,61,260.785,-21706,67.6929,0.3692
15300000,61,276.696,-21681.1,69.1837,0.385856
15315000,77,330.384,-21678.6,67.4106,0.398033
15330000,87,387.172,-21695.8,100.454,0.413533
15345000,87,378.998,-21667.8,97.1244,0.408333
15360000,65,289.842,-21696.1,52.5673,0.394583
15375000,61,270.914,-21715.1,58.9561,0.384333
15390000,61,271.959,-21693.5,74.3478,0.378924
15405000,65,289.413,-21697.1,64.6676,0.389183
15420000,67,289.475,-21671.5,60.618,0.386133
15435000,62,261.983,-21671,70.7062,0.388267
15450000,49,221.979,-21694.4,43.9815,0.379017
15465000,62,272.773,-21681.1,62.2908,0.375267
15480000,57,254.644,-21679.1,62.9026,0.369022
15495000,60,262.763,-21688.9,62.3152,0.378542
15510000,61,285.764,-21692.7,55.7434,0.375711
15525000,54,237.762,-21706,49.7337,0.3716
15540000,59,244.652,-21675.7,49.0339,0.380017
15555000,60,267.384,-21691.7,52.1374,0.364933
15570000,66,287.554,-21722.3,69.3524,0.380422
15585000,60,252.329,-21668.4,61.2273,0.382533
15600000,64,260.003,-21700.2,69.1352,0.364667
15615000,66,276.663,-21670.1,65.4287,0.370333
15630000,69,295.297,-21669.2,81.5612,0.381933
15645000,74,325.246,-21678.4,71.4849,0.388867
15660000,58,249.885,-21701.8,54.3525,0.373322
15675000,57,240.458,-21693.9,52.3934,0.3802
15690000,69,301.822,-21682.9,66.7696,0.386928
15705000,63,266.566,-21681.4,79.9085,0.370578
15720000,58,256.325,-21677.1,66.0995,0.371933
15735000,56,259.658,-21682.9,46.2548,0.379
15750000,52,233.868,-21685.1,61.817,0.359533
15765000,62,286.058,-21682.8,52.8975,0.384107
15780000,67,292.179,-21671.1,61.4505,0.381857
15795000,76,324.07,-21671.7,73.6329,0.384067
15810000,84,347.708,-21650.5,95.5192,0.3974
15825000,83,339.666,-21670.3,76.3947,0.394333
15840000,74,306.758,-21679.1,92.371,0.383
15855000,87,352.883,-21682.1,92.9388,0.393467
15870000,77,327.19,-21661.7,73.2442,0.382667
15885000,77,334.987,-21654,68.4423,0.385733
15900000,66,296.221,-21677.9,55.0337,0.386667
15915000,91,388.469,-21649.5,88.5804,0.378467
15930000,65,280.268,-21679.2,65.5007,0.3819
15945000,64,269.379,-21662.6,52.4587,0.389867
15960000,48,204.09,-21707.1,62.1924,0.367971
15975000,53,239.193,-21701.7,50.2475,0.382467
15990000,85,360.063,-21665.3,74.7862,0.376956
16005000,83,356.859,-21687.7,71.1059,0.3984
16020000,68,298.331,-21663.3,73.0611,0.3904
16035000,62,279.22,-21703.8,45.825,0.380617
16050000,75,337.365,-21665.3,79.1273,0.387367
16065000,65,266.966,-21676.9,62.8433,0.384067
16080000,60,265.177,-21700.4,56.8507,0.379425
16095000,71,313.871,-21695,72.5162,0.380333
16110000,68,291.073,-21684.1,91.4969,0.374778
16125000,61,277.104,-21692.9,46.6805,0.3792
16140000,55,243.841,-21660.6,49.9902,0.3752
16155000,65,286.995,-21687.2,69.2629,0.3616
16170000,77,326.695,-21676.6,70.9933,0.391333
16185000,72,314.612,-21668.5,50.6877,0.392533
16200000,77,332.565,-21663.7,79.3936,0.382133
16215000,50,216.734,-21714.9,45.8566,0.378783
16230000,66,283.828,-21673.4,68.4447,0.390833
16245000,58,248.717,-21720,68.5937,0.385867
16260000,65,282.73,-21711.3,63.3383,0.388167
16275000,64,275.695,-21682.5,68.3957,0.379111
16290000,75,310.918,-21701.9,74.3092,0.3874
16305000,56,253.472,-21736.6,47.952,0.374817
16320000,66,292.021,-21673.6,78.0214,0.392333
16335000,66,289.502,-21676.2,71.4392,0.387067
16350000,67,301.505,-21669.4,70.6533,0.393067
16365000,71,302.776,-21671.9,60.1396,0.376086
16380000,70,320.77,-21681.6,68.0183,0.3852
16395000,75,333.343,-21695.2,69.11,0.384556
16410000,71,324.077,-21677.1,75.3618,0.391533
16425000,63,271.842,-21687.2,69.1741,0.376133
16440000,59,263.15,-21714.7,54.5161,0.377067
16455000,47,201.26,-21697,48.2784,0.380933
16470000,48,206.76,-21675.7,68.532,0.362089
16485000,45,197.53,-21718.3,34.5452,0.367333
16500000,79,355.238,-21700.8,70.5373,0.378133
16515000,55,243.535,-21694.9,43.6697,0.361933
16530000,61,256.737,-21696.5,61.1963,0.382667
16545000,86,370.904,-21683.6,74.2325,0.393067
16560000,67,285.964,-21692.1,76.2037,0.399933
16575000,55,234.741,-21698.9,52.6446,0.36725
16590000,53,230.921,-21700.4,51.08,0.372933
16605000,61,269.414,-21705.9,60.3279,0.381267
16620000,56,244.142,-21718.2,53.5745,0.3643
16635000,69,322.974,-21713.3,59.7085,0.3923
16650000,63,285.333,-21712.3,72.5764,0.393
16665000,51,217.097,-21696.8,44.5787,0.365511
16680000,61,266.057,-21734.8,61.9935,0.377633
16695000,61,282.551,-21708.5,54.7928,0.386167
16710000,69,316.89,-21728.7,65.0007,0.386367
16725000,57,241.524,-21708,51.1164,0.373821
16740000,48,210.118,-21750.4,32.9916,0.393367
16755000,49,213.858,-21732.1,52.1911,0.372267
16770000,77,338.633,-21728.3,94.4544,0.391733
16785000,68,280.044,-21718.6,72.3338,0.377583
16800000,56,236.738,-21710.8,47.931,0.383533
16815000,61,268.571,-21726.6,69.4611,0.398222
16830000,70,314.631,-21735.1,50.6838,0.402067
16845000,60,244.885,-21697.3,63.3683,0.385578
16860000,58,252.153,-21720.8,61.1602,0.390267
16875000,60,260.538,-21716,63.4291,0.399933
16890000,66,284.891,-21687.4,55.7052,0.38
16905000,66,279.741,-21743.9,63.063,0.402493
16920000,71,303.786,-21696.1,65.5274,0.3989
16935000,68,301.992,-21717.8,78.5706,0.377108
16950000,54,227.756,-21702.8,50.1139,0.390733
16965000,53,207.72,-21692.7,53.0245,0.396333
16980000,58,250.111,-21712.6,62.4397,0.3775
16995000,54,224.702,-21709.2,64.2143,0.374
17010000,69,271.999,-21683.8,62.2588,0.369667
17025000,67,287.4,-21693,70.948,0.392067
17040000,64,282.221,-21668.2,77.159,0.388867
17055000,61,242.443,-21740,61.7267,0.40098
17070000,64,271.216,-21712.4,64.3057,0.393956
17085000,51,214.139,-21730.2,45.1143,0.397567
17100000,56,242.838,-21711.6,57.5864,0.394433
17115000,58,271.843,-21695.1,66.5089,0.390493
17130000,66,302.091,-21674.2,66.9434,0.3844
17145000,58,259.139,-21695,50.554,0.3774
17160000,59,263.45,-21702.2,53.8144,0.3792
17175000,65,284.752,-21717.2,59.9317,0.392867
17190000,56,244.736,-21693.8,43.4068,0.3814
17205000,55,234.576,-21718.4,57.4792,0.370933
17220000,67,293.46,-21709.7,68.5944,0.39
17235000,85,378.97,-21716.8,87.8072,0.392
17250000,78,333.272,-21692.2,66.7133,0.411933
17265000,87,355.66,-21678.6,88.6437,0.417867
17280000,56,244.882,-21717.4,62.8577,0.40605
17295000,93,407.211,-21692.9,97.133,0.413967
17310000,88,365.283,-21676.9,110.077,0.413
17325000,84,380,-21657.6,89.3378,0.4028
17340000,82,363.268,-21662.6,82.8272,0.408333
17355000,73,317.52,-21664.8,71.9381,0.405867
17370000,79,369.166,-21692.6,77.2954,0.3956
17385000,75,332.118,-21700.4,71.3047,0.4014
17400000,78,355.079,-21690.8,75.3666,0.400067
17415000,64,277.863,-21693.2,73.9566,0.393
17430000,72,328.704,-21711.6,77.993,0.3854
17445000,64,285.713,-21709.3,59.3,0.394267
17460000,64,272.832,-21712.3,67.0418,0.39755
17475000,53,218.477,-21715.7,62.8222,0.385333
17490000,70,304.406,-21702.9,58.167,0.400267
17505000,64,288.172,-21701.1,69.571,0.3986
17520000,76,310.002,-21654.6,61.4825,0.391
17535000,55,239.381,-21712.5,42.3805,0.378445
17550000,48,198.003,-21721.5,53.8196,0.386556
17565000,64,286.37,-21738.5,52.8876,0.387867
17580000,69,315.654,-21665.3,55.7901,0.386317
17595000,59,257.192,-21727.7,67.5157,0.3861
17610000,61,271.809,-21690.3,63.1478,0.394133
17625000,63,290.236,-21736,59.81,0.378833
17640000,68,277.434,-21673.4,75.0037,0.393567
17655000,66,287.736,-21680.5,68.5491,0.389
17670000,60,263.007,-21712.3,58.9282,0.370259
17685000,62,265.221,-21703.3,61.5724,0.384317
17700000,82,366.278,-21683.4,87.3149,0.387467
17715000,80,354.537,-21676.8,81.7904,0.41
17730000,80,349.94,-21671.5,80.9647,0.4038
17745000,68,299.235,-21706.7,71.3919,0.410267
17760000,75,333.935,-21666.8,60.8348,0.394933
17775000,72,321.809,-21719.9,66.818,0.389695
17790000,59,243.422,-21720.9,57.1387,0.397244
17805000,59,238.325,-21722.6,48.3971,0.394333
17820000,60,269.703,-21713.3,56.3104,0.380622
17835000,69,291.894,-21684.6,65.5166,0.3904
17850000,70,302.946,-21695.9,56.0891,0.390267
17865000,72,323.453,-21701.1,67.8212,0.384317
17880000,69,299.853,-21709.5,74.3957,0.3911
17895000,74,329.336,-21672.9,80.8778,0.3848
17910000,69,318.381,-21694.4,77.0702,0.392044
17925000,73,330.86,-21700.3,66.7614,0.4042
17940000,68,305.674,-21696.1,73.7976,0.388889
17955000,76,338.743,-21685.7,77.743,0.4016
17970000,81,355.854,-21720,90.3759,0.415533
17985000,88,395.788,-21698,89.9462,0.416933
18000000,93,415.857,-21698.3,97.2638,0.415667
18015000,78,328.548,-21687.2,84.9219,0.406333
18030000,61,253.045,-21711.5,64.1325,0.387871
18045000,54,244.335,-21732.2,57.1911,0.384467
18060000,57,241.499,-21729,52.8201,0.385467
18075000,83,362.554,-21690.5,78.7737,0.392283
18090000,75,344.394,-21695.4,65.892,0.397267
18105000,77,338.118,-21711.4,72.424,0.4072
18120000,75,336.899,-21692.9,76.5344,0.394178
18135000,55,229.277,-21704.5,63.9253,0.401033
18150000,60,255.062,-21720.1,71.948,0.374111
18165000,63,281.062,-21699.3,67.859,0.391511
18180000,68,287.799,-21680.6,70.6955,0.391067
18195000,66,282.883,-21698.1,57.4667,0.4036
18210000,50,203.237,-21691.7,40.0939,0.365583
18225000,73,317.341,-21697.1,80.6906,0.396867
18240000,62,267.665,-21688.1,51.0459,0.369567
18255000,68,301.865,-21699.8,65.139,0.381533
18270000,72,326.586,-21704.8,71.5572,0.382563
18285000,59,251.838,-21684,60.1194,0.394133
18300000,58,246.496,-21719.2,61.4768,0.3728
18315000,74,319.105,-21687.8,60.4308,0.383767
18330000,64,259.904,-21660.3,68.8176,0.401467
18345000,63,263.445,-21679.5,56.5708,0.3778
18360000,69,289.445,-21681.3,72.8216,0.383533
18375000,73,312.317,-21672.7,78.9713,0.3978
18390000,56,245.383,-21721,46.2147,0.383385
18405000,65,278.209,-21692.7,54.2159,0.3857
18420000,65,266.511,-21688.9,62.8424,0.391067
18435000,76,332.722,-21688.5,98.4463,0.391089
18450000,83,351.697,-21707.8,89.0093,0.411867
18465000,79,336.723,-21703.9,69.4813,0.399467
18480000,70,307.05,-21673.3,61.9945,0.399467
18495000,81,364.814,-21680.5,76.3729,0.403533
18510000,70,296.465,-21695.4,88.5492,0.403467
18525000,79,341.79,-21689.7,68.6734,0.398533
18540000,82,357.207,-21680.8,73.7708,0.402533
18555000,73,296.364,-21670,66.6695,0.384126
18570000,57,256.122,-21722.5,50.6146,0.380785
18585000,66,287.416,-21668.5,64.1636,0.386978
18600000,63,274.321,-21709.6,70.3776,0.3868
18615000,53,230.234,-21703.4,49.5667,0.381644
18630000,67,291.208,-21691.5,76.7027,0.3846
18645000,67,295.213,-21679.4,77.5324,0.389483
18660000,64,291.296,-21686.5,56.3939,0.393067
18675000,49,216.364,-21688.3,44.6053,0.385133
18690000,54,242.299,-21700.7,47.7944,0.386493
18705000,62,266.093,-21693.2,48.5589,0.373567
18720000,78,352.527,-21716.8,73.065,0.403733
18735000,85,362.467,-21711.5,80.5488,0.413
18750000,61,270.361,-21717.9,51.598,0.3946
18765000,67,291.932,-21713.9,81.7903,0.405333
18780000,54,244.067,-21703.1,47.6395,0.390067
18795000,55,248.629,-21691.8,52.6397,0.378689
18810000,51,230.279,-21705.6,47.7263,0.358133
18825000,64,273.213,-21710.8,66.4487,0.3869
18840000,65,289.731,-21698,57.053,0.3948
18855000,55,250.444,-21728.9,46.5892,0.37568
18870000,67,287.221,-21669,58.0194,0.393233
18885000,63,284.925,-21666,72.7054,0.378027
18900000,65,299.766,-21699,68.9701,0.3752
18915000,63,280.299,-21660.2,62.4235,0.395978
18930000,63,279.437,-21683.2,65.546,0.376533
18945000,58,259.49,-21723.7,71.5557,0.391744
18960000,66,280.505,-21691.6,73.4059,0.3956
18975000,70,310.025,-21721.1,61.8606,0.391933
18990000,62,284.83,-21694.5,50.5189,0.3993
19005000,62,271.908,-21679.1,75.3563,0.373533
19020000,89,398.606,-21664,79.9174,0.392733
19035000,87,373.229,-21673.5,94.5248,0.4168
19050000,86,386.022,-21682.9,82.7484,0.4018
19065000,92,394.699,-21660.5,86.0525,0.407067
19080000,63,264.118,-21669.1,69.5713,0.387493
19095000,69,303.781,-21694,54.4962,0.406333
19110000,80,367.517,-21680.8,85.2721,0.3972
19125000,64,290.414,-21701.8,82.5389,0.395093
19140000,60,268.816,-21672.4,62.6373,0.3709
19155000,71,309.579,-21727.7,85.4035,0.3907
19170000,66,290.758,-21675.8,75.283,0.3884
19185000,62,268.077,-21678.6,62.1571,0.394067
19200000,63,275.546,-21683.9,60.6498,0.3796
19215000,70,301.889,-21709.4,84.4674,0.402533
19230000,69,315.537,-21720.7,55.7349,0.40025
19245000,49,206.652,-21716,46.2649,0.378333
19260000,53,240.121,-21724.1,60.8718,0.3782
19275000,62,268.981,-21692.3,55.9282,0.374533
19290000,57,246.208,-21760.9,57.5433,0.400567
19305000,59,256.253,-21722.7,69.2933,0.379067
19320000,57,231.876,-21711.3,61.5566,0.3966
19335000,66,285.934,-21705.3,68.886,0.377933
19350000,62,287.244,-21690.6,73.5498,0.378311
19365000,59,248.828,-21706.3,68.4166,0.390573
19380000,56,245.748,-21727.4,47.3441,0.400067
19395000,60,268.089,-21707,55.322,0.387
19410000,46,208.97,-21723.5,52.2728,0.3647
19425000,66,296.293,-21703.4,80.5732,0.39495
19440000,63,275.735,-21716.7,62.3863,0.384444
19455000,71,311.847,-21714.6,75.2402,0.4075
19470000,60,257.346,-21733.5,63.8233,0.3912
19485000,69,311.671,-21716.5,62.722,0.4118
19500000,62,264.058,-21712.8,65.8145,0.395333
19515000,48,205.744,-21719.8,41.7627,0.3898
19530000,51,208.429,-21709,53.6108,0.373517
19545000,53,240.094,-21715.9,49.3212,0.387567
19560000,59,246.326,-21731.5,53.6466,0.391507
19575000,63,280.739,-21696.1,59.8796,0.3873
19590000,68,294.937,-21714.4,55.8158,0.382467
19605000,73,337.851,-21719.3,62.5141,0.390778
19620000,83,345.546,-21692.2,83.6193,0.408567
19635000,77,335.251,-21697.8,72.065,0.3998
19650000,76,348.391,-21700.5,89.8251,0.4056
19665000,61,271.256,-21721.7,70.576,0.407667
19680000,63,267.269,-21723.1,64.7373,0.379707
19695000,70,313.446,-21693.7,69.201,0.403044
19710000,66,297.307,-21692.4,60.2654,0.3876
19725000,66,292.262,-21708.2,65.6958,0.373356
19740000,57,265.812,-21728.2,51.4039,0.38876
19755000,70,308.001,-21696.1,74.8453,0.413
19770000,56,236.451,-21695.7,51.8826,0.388911
19785000,60,256.487,-21705.4,61.3994,0.399533
19800000,74,318.774,-21711,81.5776,0.404
19815000,71,322.873,-21699.7,62.1562,0.380756
19830000,65,275.775,-21709.5,72.3058,0.400267
19845000,57,239.045,-21728.3,51.3384,0.403
19860000,62,273.75,-21717.7,61.5076,0.410067
19875000,74,332.487,-21709.1,82.1311,0.411467
19890000,77,327.998,-21683.5,81.2059,0.409333
19905000,68,299.683,-21706.2,82.4667,0.401083
19920000,69,285.378,-21693.6,72.4395,0.403233
19935000,51,221.563,-21720.1,53.1321,0.377105
19950000,69,306.708,-21698.4,61.4558,0.393967
19965000,52,224.321,-21720,56.6559,0.3706
19980000,64,284.297,-21729.7,50.2497,0.402533
19995000,57,258.669,-21671.2,65.8264,0.3763
20010000,57,251.519,-21685.1,58.984,0.3758
20025000,66,295.413,-21689.2,75.9713,0.3708
20040000,52,226.423,-21696.6,54.2062,0.369333
20055000,47,193.266,-21743.5,47.4454,0.3956
20070000,60,256.24,-21667.7,72.3658,0.376367
20085000,57,245.056,-21722.5,55.4173,0.389967
20100000,48,210.906,-21745.6,46.4476,0.398574
20115000,57,257.343,-21684.1,40.4002,0.369889
20130000,58,257.79,-21725.4,54.3838,0.4004
20145000,64,284.596,-21718.5,75.1298,0.390167
20160000,66,289.524,-21718,64.8385,0.398267
20175000,76,344.229,-21699.4,84.0547,0.410533
20190000,88,376.519,-21687.8,83.2171,0.407867
20205000,93,404.411,-21713.3,104.813,0.4084
20220000,81,354.915,-21679.3,94.194,0.4148
20235000,53,244.644,-21710.2,57.9312,0.380425
20250000,76,322.127,-21690.6,72.6522,0.407033
20265000,74,328.75,-21664,75.8555,0.402733
20280000,85,365.75,-21667.8,91.6484,0.3968
20295000,78,360.246,-21681.3,89.3173,0.398933
20310000,48,213.637,-21744.1,44.8342,0.390861
20325000,69,310.656,-21683.9,69.4385,0.405467
20340000,74,323.248,-21698.5,62.4987,0.4028
20355000,80,341.431,-21706.2,73.4118,0.401333
20370000,73,316.488,-21681.6,80.6845,0.403867
20385000,86,396.65,-21690,69.3145,0.406267
20400000,82,354.242,-21709.8,95.4405,0.4122
20415000,81,346.753,-21695.7,76.3076,0.408733
20430000,70,316.054,-21673.6,79.4858,0.4002
20445000,77,337.859,-21690.1,78.1856,0.394733
20460000,79,329.711,-21692.8,76.9698,0.407067
20475000,79,341.211,-21669.6,85.3344,0.406267
20490000,79,336.415,-21660.7,78.9329,0.403133
20505000,85,346.454,-21676.1,75.7216,0.404933
20520000,85,378.42,-21698.9,81.7534,0.402867
20535000,88,387.413,-21691.6,85.9567,0.411067
20550000,71,306.437,-21685.1,79.2163,0.387987
20565000,68,300.764,-21666.8,57.1658,0.397267
20580000,65,287.015,-21684.9,57.389,0.392044
20595000,64,271.059,-21681.9,62.2,0.388933
20610000,65,274.23,-21705.8,55.5546,0.386333
20625000,61,264.229,-21712.1,69.9314,0.3858
20640000,60,259.576,-21673.7,67.0286,0.389133
20655000,69,307.541,-21692.9,68.335,0.386933
20670000,82,337.999,-21686.2,80.3494,0.404933
20685000,64,269.154,-21701.3,58.8387,0.3985
20700000,67,302.189,-21711.4,51.0823,0.406667
20715000,74,335.945,-21670.5,77.1643,0.411333
20730000,58,255.189,-21701.6,60.5674,0.397367
20745000,60,259.486,-21683.8,59.9023,0.389167
20760000,68,280.586,-21703.2,73.4764,0.375933
20775000,63,276.955,-21717.8,73.0777,0.394422
20790000,66,276.942,-21715.3,66.4461,0.386133
20805000,53,212.222,-21698.3,52.1672,0.390362
20820000,60,275.656,-21700.2,58.5511,0.385867
20835000,71,321.201,-21668.3,80.7974,0.390587
20850000,66,288.59,-21695.5,63.1589,0.395667
20865000,63,263.66,-21703.1,58.5032,0.387317
20880000,69,318.843,-21716.2,65.5639,0.389083
20895000,74,328.515,-21689.1,70.3998,0.389067
20910000,56,238.536,-21691.9,53.6564,0.385778
20925000,83,355.865,-21655.9,82.0738,0.3968
20940000,85,374.258,-21679.5,97.4463,0.410133
20955000,87,362.4,-21695.7,83.671,0.4152
20970000,86,382.223,-21707.7,78.1799,0.419333
20985000,87,387.546,-21707.8,81.0594,0.421533
21000000,71,302.18,-21686.1,73.2258,0.407467
21015000,78,322.751,-21700.2,96.1543,0.4162
21030000,63,257.962,-21701.8,63.9349,0.3812
21045000,74,322.351,-21700.4,85.325,0.3978
21060000,64,284.282,-21691.6,54.5079,0.399867
21075000,78,331.387,-21687.2,80.6745,0.391667
21090000,46,187.659,-21736.8,55.1316,0.383111
21105000,74,314.867,-21705.5,81.2746,0.403133
21120000,55,257.101,-21721.6,45.4621,0.394233
21135000,69,302.424,-21710.2,66.1555,0.390333
21150000,77,325.19,-21702.4,72.3927,0.392067
21165000,73,316.337,-21700.5,73.5929,0.3986
21180000,52,229.017,-21753.4,50.1071,0.3912
21195000,72,332.922,-21698.3,65.6809,0.399333
21210000,78,353.89,-21693.7,67.7403,0.402467
21225000,78,348.112,-21695.3,86.9382,0.395
21240000,53,215.724,-21740.3,46.6036,0.387683
21255000,65,277.11,-21739,90.6267,0.389933
21270000,70,305.918,-21706.2,72.6848,0.387444
21285000,72,302.601,-21710.6,71.1942,0.407133
21300000,81,337.66,-21692.9,89.7606,0.401587
21315000,75,323.476,-21679.3,68.0589,0.393
21330000,72,317.525,-21685.4,79.0561,0.405867
21345000,85,367.715,-21711.6,102.898,0.398667
21360000,64,267.287,-21695.1,69.997,0.39244
21375000,84,367.887,-21704.3,75.3235,0.409767
21390000,76,328.068,-21666.6,78.4406,0.4172
21405000,75,327.373,-21691.1,70.0676,0.3944
21420000,73,292.226,-21690.8,73.8399,0.3964
21435000,81,338.987,-21671,97.6646,0.38556
21450000,74,327.73,-21700.9,69.4833,0.398067
21465000,73,325.178,-21689.8,66.9416,0.388467
21480000,74,319.466,-21683.4,72.5615,0.391267
21495000,79,347.082,-21664.7,73.3468,0.406933
21510000,73,306.793,-21691.5,64.6587,0.399733
21525000,66,292.192,-21694.4,73.5512,0.383556
21540000,81,354.886,-21689.1,82.7878,0.3942
21555000,62,267.99,-21677.1,55.5994,0.396933
21570000,58,249.359,-21690.9,42.3294,0.405233
21585000,66,268.424,-21702.6,61.6261,0.388133
21600000,75,315.555,-21724,67.0912,0.3946
21615000,57,252.139,-21690.2,58.0819,0.386667
21630000,56,218.272,-21695.5,51.3443,0.3734
21645000,61,258.651,-21685.3,62.5725,0.388831
21660000,77,323.442,-21692.3,94.7856,0.382133
21675000,63,263.39,-21690.3,65.2598,0.3794
21690000,70,306.294,-21687.6,61.299,0.393133
21705000,63,274.381,-21722.2,52.1911,0.395886
21720000,70,314.145,-21706.8,84.1342,0.397947
21735000,70,299.503,-21730.6,55.0008,0.405644
21750000,65,266.205,-21713.7,62.6971,0.4028
21765000,69,279.683,-21710.4,68.1628,0.397667
21780000,67,290.71,-21706.7,61.1801,0.408733
21795000,64,276.18,-21716.2,64.5832,0.401467
21810000,71,307.345,-21715.9,76.2833,0.410667
21825000,68,300.889,-21751.5,73.1145,0.398058
21840000,67,301.33,-21714.3,61.4883,0.410933
21855000,62,277.278,-21713.5,50.3642,0.391747
21870000,75,319.278,-21688.6,76.5587,0.403467
21885000,72,304.738,-21703.6,78.3217,0.398667
21900000,65,282.749,-21711.3,51.8715,0.392711
21915000,57,243.914,-21764.6,60.7866,0.400067
21930000,78,340.622,-21755,83.846,0.41
21945000,77,344.866,-21702.2,75.4055,0.393667
21960000,71,295.388,-21730.2,64.3277,0.4048
21975000,64,264.683,-21715.6,52.5514,0.392533
21990000,77,327.082,-21697.4,77.7754,0.399133
22005000,78,334.894,-21705.9,72.3729,0.397933
22020000,70,307.565,-21706.9,59.1807,0.390383
22035000,60,269.923,-21732.9,63.4228,0.4086
22050000,64,286.328,-21723.9,67.579,0.402592
22065000,66,296.237,-21703.2,68.8244,0.411167
22080000,72,315.538,-21703.9,69.4469,0.395267
22095000,69,288.706,-21685,76.9191,0.3988
22110000,51,225.777,-21747.9,48.7636,0.3936
22125000,63,269.428,-21720.3,75.7437,0.400307
22140000,65,286.629,-21698.2,61.886,0.392356
22155000,73,316.765,-21722.1,58.5969,0.4103
22170000,69,282.351,-21688.2,65.7049,0.3964
22185000,62,280.451,-21683.2,71.6207,0.386467
22200000,65,292.312,-21702.9,64.101,0.394444
22215000,50,207.696,-21722.9,54.0999,0.400217
22230000,73,308.936,-21713.2,71.1909,0.391467
22245000,68,291.942,-21698.5,54.6947,0.392367
22260000,69,282.23,-21696.6,61.4662,0.399167
22275000,81,367.311,-21701.6,76.9834,0.410711
22290000,80,347.865,-21696.9,82.4474,0.419933
22305000,53,248.539,-21711.6,57.3793,0.395433
22320000,71,328.781,-21709.7,76.8395,0.402333
22335000,50,205.833,-21708.6,48.9441,0.390547
22350000,59,252.155,-21717.6,52.4718,0.395433
22365000,63,293.468,-21686.7,86.1001,0.386183
22380000,60,259.758,-21710.7,62.6203,0.391667
22395000,60,272.828,-21691.1,46.0597,0.383267
22410000,78,324.844,-21703.2,89.6969,0.39288
22425000,69,295.54,-21700.1,67.7322,0.4014
22440000,66,279.354,-21711.8,75.7724,0.392267
22455000,76,310.408,-21703.2,78.02,0.400667
22470000,62,276.47,-21695.5,58.2013,0.385893
22485000,83,371.188,-21669.7,78.6196,0.390267
22500000,94,424.729,-21684.7,88.4902,0.418267
22515000,80,355.969,-21702.9,87.4452,0.410067
22530000,79,332.568,-21724.1,81.6146,0.40716
22545000,81,354.026,-21683.3,86.6357,0.415467
22560000,66,269.161,-21734.4,76.2095,0.391105
22575000,69,301.136,-21706.3,67.2166,0.399133
22590000,69,284.872,-21718.8,66.1506,0.403517
22605000,69,303.058,-21700.1,68.3679,0.408567
22620000,66,281.216,-21710.2,72.2911,0.4002
22635000,78,346.859,-21736.9,83.1668,0.398147
22650000,69,303.41,-21720.2,73.7637,0.402867
22665000,71,313.188,-21704.3,69.0549,0.404889
22680000,73,324.929,-21685.2,56.8165,0.4008
22695000,75,334.545,-21710.3,79.3312,0.405933
22710000,71,317.714,-21670.6,81.3473,0.4024
22725000,63,284.186,-21693.9,57.3969,0.388067
22740000,66,291.115,-21711.3,65.5969,0.402047
22755000,58,259.91,-21714.5,69.1162,0.3866
22770000,63,265.196,-21704.3,60.8751,0.3966
22785000,59,254.29,-21737.5,46.647,0.399089
22800000,71,294.955,-21696.3,81.5706,0.392511
22815000,61,254.622,-21738.9,73.9497,0.3957
22830000,62,276.449,-21705.1,64.494,0.3841
22845000,68,301.598,-21720,62.6002,0.389627
22860000,65,285.687,-21721.9,65.1578,0.395933
22875000,65,275.282,-21708.6,60.8072,0.3914
22890000,65,297.05,-21712.3,54.9041,0.386244
22905000,61,277.051,-21709.1,70.4344,0.395667
22920000,70,291.31,-21704.1,64.0135,0.398756
22935000,67,305.869,-21715.9,52.4816,0.397767
22950000,59,261.571,-21704.2,67.5488,0.404267
22965000,79,356.513,-21700.5,83.2771,0.3964
22980000,74,319.56,-21688.6,73.6723,0.410733
22995000,75,311.49,-21715.2,76.6663,0.403667
23010000,58,250.889,-21728.8,56.1891,0.392908
23025000,48,197.369,-21724.2,48.066,0.383533
23040000,71,318.046,-21711,78.524,0.398667
23055000,58,255.009,-21714.5,50.607,0.3823
23070000,52,214.249,-21757.6,46.072,0.388748
23085000,59,243.452,-21704.9,66.8766,0.387467
23100000,59,251.096,-21739.3,61.8157,0.3936
23115000,60,256.17,-21703.3,48.8222,0.399987
23130000,74,325.498,-21702.6,66.0664,0.4086
23145000,59,247.34,-21725,59.1304,0.391511
23160000,66,283.949,-21699.2,66.3151,0.405067
23175000,60,271.667,-21700.8,70.8163,0.397333
23190000,52,222.819,-21734.6,52.8199,0.383533
23205000,62,283.439,-21706.7,71.7105,0.390333
23220000,62,268.307,-21679.4,47.516,0.399467
23235000,67,290.313,-21693.4,70.6559,0.396133
23250000,66,273.238,-21692.1,82.8253,0.417333
23265000,73,320.413,-21697,71.2582,0.403467
23280000,60,253.553,-21701.5,75.1887,0.392293
23295000,82,345.586,-21677.5,89.7122,0.4
23310000,67,305.918,-21699.6,68.3421,0.398267
23325000,56,236.807,-21729.9,52.0413,0.390554
23340000,61,277.091,-21707.4,57.4803,0.3881
23355000,62,265.116,-21707.1,53.7355,0.396933
23370000,54,232.221,-21723.6,76.4518,0.395911
23385000,52,218.022,-21729.3,56.0083,0.398333
23400000,58,256.508,-21744.2,57.4614,0.386
23415000,52,219.115,-21753.6,46.6906,0.384452
23430000,57,249.329,-21738.1,53.2774,0.3918
23445000,62,279.663,-21696.6,67.0845,0.39344
23460000,56,257.191,-21701.4,62.0475,0.393033
23475000,60,262.078,-21701.4,66.7036,0.401
23490000,63,275.046,-21697.2,65.377,0.3902
23505000,63,277.772,-21728.2,52.1266,0.385507
23520000,64,271.62,-21694.1,73.8878,0.3904
23535000,53,218.248,-21712.5,61.6764,0.388507
23550000,60,265.019,-21680.1,51.8633,0.373
23565000,53,232.004,-21733,51.616,0.383
23580000,59,244.244,-21686.5,53.9468,0.385233
23595000,62,298.494,-21685.3,56.9586,0.39296
23610000,65,283.32,-21707.9,71.1701,0.387889
23625000,60,275.131,-21702.1,55.6367,0.3984
23640000,66,286.316,-21710.3,61.921,0.399383
23655000,66,291.73,-21717.1,70.4708,0.394733
23670000,49,216.476,-21741.3,45.4704,0.393867
23685000,72,323.598,-21684.5,59.3815,0.395111
23700000,52,226.238,-21727.1,55.7605,0.381567
23715000,66,285,-21710.4,75.2511,0.398819
23730000,58,241.791,-21708.7,70.8963,0.397511
23745000,70,304.858,-21705.5,56.0356,0.385133
23760000,61,268.817,-21724.6,58.3442,0.398244
23775000,74,333.034,-21667.6,79.3415,0.398733
23790000,63,258.268,-21713.9,68.3571,0.391967
23805000,82,353.757,-21665.6,60.4008,0.403333
23820000,95,408.71,-21678.8,84.9852,0.4044
23835000,94,410.874,-21690.9,88.5853,0.4102
23850000,86,375.035,-21673.4,77.7674,0.414333
23865000,85,354.135,-21663.7,84.441,0.406467
23880000,86,365.111,-21688.5,84.7823,0.4156
23895000,63,263.49,-21683.8,56.1705,0.399419
23910000,64,283.596,-21691.3,68.1532,0.392838
23925000,64,287.498,-21690.6,62.6511,0.3983
23940000,59,256.895,-21719.3,57.4132,0.400367
23955000,63,274.762,-21702.3,61.8731,0.3947
23970000,73,329.058,-21709.5,83.4596,0.406244
23985000,68,290.942,-21706.7,69.2479,0.404967
24000000,50,208.291,-21713.7,44.5459,0.396617
24015000,60,270.568,-21706.9,55.5437,0.401978
24030000,78,350.55,-21707.2,81.0286,0.396133
24045000,55,238.741,-21729,53.1928,0.391733
24060000,65,278.959,-21721.9,71.8084,0.388117
24075000,65,275,-21700.8,61.0642,0.399933
24090000,47,193.365,-21722.4,55.6662,0.389822
24105000,56,242.592,-21714.8,65.7754,0.394033
24120000,48,199.7,-21700,55.2658,0.391644
24135000,72,297.141,-21681.3,70.868,0.375933
24150000,85,381.461,-21683.1,80.2306,0.404
24165000,75,322.354,-21674.7,91.0953,0.411
24180000,75,317.132,-21707.7,68.6734,0.3983
24195000,79,347.016,-21710.8,80.6945,0.405533
24210000,62,268.154,-21695,63.7619,0.400733
24225000,66,288.701,-21695.8,72.9188,0.3886
24240000,61,263.292,-21688.9,65.8154,0.3802
24255000,60,246.869,-21682.5,55.1341,0.394022
24270000,68,296.7,-21677.4,67.9642,0.389467
24285000,73,313.949,-21691.7,57.5396,0.405667
24300000,67,290.034,-21674,71.8641,0.384533
24315000,57,232.815,-21727.9,68.8957,0.392367
24330000,63,262.923,-21716.8,52.6431,0.387467
24345000,62,274.461,-21710.8,69.5314,0.4016
24360000,66,265.774,-21683.8,68.3053,0.3872
24375000,70,305.875,-21691.1,76.7751,0.388533
24390000,83,358.901,-21654,90.3585,0.391467
24405000,91,402.285,-21666.1,84.1035,0.4192
24420000,91,387.945,-21655.5,90.6159,0.4072
24435000,90,376.023,-21667.5,93.837,0.405133
24450000,76,315.629,-21651.1,73.1543,0.399467
24465000,84,376.039,-21650.6,65.3132,0.4042
24480000,73,321.913,-21657.7,65.7035,0.400933
24495000,81,350.53,-21670.4,81.7177,0.395067
24510000,67,280.593,-21676,58.4278,0.38857
24525000,81,356.694,-21661.3,78.8487,0.398033
24540000,92,409.946,-21642.8,73.3134,0.402133
24555000,69,308.713,-21689.5,66.541,0.392178
24570000,84,370.707,-21682.8,92.4803,0.4152
24585000,101,441.892,-21705.9,103.661,0.422
24600000,99,446.605,-21694.5,83.2716,0.4142
24615000,60,253.224,-21689.2,67.3265,0.40245
24630000,87,376.719,-21667,95.12,0.405333
24645000,72,290.47,-21670.2,70.7361,0.392633
24660000,83,355.051,-21686.4,86.0974,0.420233
24675000,55,251.053,-21723.5,48.7923,0.390715
24690000,74,337.133,-21668.1,75.4421,0.4006
24705000,78,335.745,-21682,70.3711,0.408533
24720000,70,308.551,-21691.9,82.3488,0.387747
24735000,73,333.307,-21676,69.0221,0.4055
24750000,71,315.48,-21694.8,92.6354,0.3822
24765000,80,332.309,-21689.5,73.0685,0.4066
24780000,65,289.235,-21702.2,65.3456,0.3974
24795000,61,260.157,-21729.9,69.4743,0.39945
24810000,67,305.5,-21688.5,84.044,0.380667
24825000,64,274.247,-21701.9,63.2448,0.392044
24840000,59,256.126,-21689.5,71.8877,0.395
24855000,59,268.49,-21698,64.2482,0.397467
24870000,57,246.824,-21699,46.259,0.3768
24885000,60,262.677,-21712.1,53.7015,0.384733
24900000,73,326.92,-21736.9,73.7397,0.390229
24915000,73,328.395,-21690.4,81.0619,0.395453
24930000,72,314.51,-21682.4,57.7742,0.393533
24945000,71,310.857,-21673.5,61.3898,0.398267
24960000,64,270.825,-21704.1,94.2025,0.394567
24975000,77,322.086,-21675.2,90.0964,0.392133
24990000,68,290.878,-21664.1,58.3912,0.395943
25005000,71,304.878,-21704.5,61.5289,0.398933
25020000,76,310.264,-21664.9,72.9768,0.387967
25035000,62,252.853,-21730.4,73.1976,0.389973
25050000,62,254.87,-21689.1,67.7808,0.3906
25065000,68,303.516,-21705.6,64.2602,0.3838
25080000,61,266.22,-21739.2,69.8662,0.392356
25095000,54,242.211,-21723.5,47.7286,0.3914
25110000,51,208.177,-21708.2,44.4426,0.385667
25125000,77,355.297,-21707.5,70.3675,0.390483
25140000,69,298.724,-21683.9,69.4517,0.401133
25155000,60,251.575,-21713.2,57.6338,0.383311
25170000,72,306.96,-21722,80.2344,0.39896
25185000,55,242.14,-21709.4,55.4411,0.396367
25200000,60,269.933,-21709.5,49.5188,0.39775
25215000,65,287.348,-21715.2,65.7694,0.4004
25230000,57,262.11,-21710.8,45.2129,0.394133
25245000,62,281.464,-21699.8,59.8874,0.383533
25260000,57,247.85,-21698.7,66.756,0.395053
25275000,54,233.166,-21688.1,63.8434,0.3714
25290000,62,273.096,-21729.1,63.261,0.386983
25305000,64,284.23,-21709.2,62.406,0.391867
25320000,62,282.751,-21671.1,64.6664,0.379267
25335000,61,269.502,-21714.7,59.9797,0.395144
25350000,58,250.521,-21681.3,42.2268,0.383033
25365000,76,344.091,-21710.6,84.4002,0.38635
25380000,77,349.78,-21703.1,74.6085,0.400133
25395000,75,336.476,-21723.9,76.8448,0.4088
25410000,76,335.564,-21690,57.6167,0.393017
25425000,69,312.667,-21699.8,57.7236,0.400867
25440000,63,266.292,-21711.7,65.087,0.395267
25455000,70,318.25,-21703,69.6905,0.394
25470000,66,282.176,-21701.7,62.5006,0.399133
25485000,70,285.099,-21709.1,73.0284,0.3926
25500000,60,276.826,-21687.7,68.9597,0.395578
25515000,57,245.285,-21741.5,62.5921,0.384333
25530000,55,224.792,-21706.7,62.1166,0.393
25545000,46,194.267,-21743.1,41.8124,0.388133
25560000,61,264.822,-21711,61.3272,0.378817
25575000,54,244.132,-21734.3,58.2168,0.382711
25590000,58,234.265,-21722.5,66.8563,0.390667
25605000,49,225.594,-21729.6,37.2615,0.373867
25620000,68,302.934,-21701.8,68.9038,0.391733
25635000,69,305.617,-21705.5,57.4334,0.404
25650000,51,215.764,-21717.1,55.2294,0.366422
25665000,62,253.734,-21704.6,57.9606,0.373133
25680000,68,293.652,-21697,82.87,0.399667
25695000,66,282.097,-21695.8,60.2678,0.4006
25710000,69,296.283,-21692.5,68.794,0.3978
25725000,62,266.385,-21713.7,66.9207,0.3914
25740000,67,309.42,-21709.3,61.9908,0.396533
25755000,55,242.098,-21747.2,54.4491,0.380419
25770000,56,245.331,-21697.3,63.9537,0.390767
25785000,56,251.047,-21704.4,53.8127,0.386867
25800000,56,241.025,-21682.5,52.1555,0.377767
25815000,56,249.373,-21736.9,56.5188,0.382617
25830000,58,257.967,-21697,71.7808,0.3727
25845000,71,327.198,-21714.3,71.8291,0.372467
25860000,68,317.218,-21721.7,75.3867,0.398733
25875000,57,260.363,-21729.5,63.9351,0.388483
25890000,62,276.476,-21694.9,68.2615,0.389233
25905000,65,286.483,-21724.5,69.051,0.385133
25920000,70,313.319,-21708.3,69.3749,0.395733
25935000,59,270.337,-21730.2,61.5065,0.385617
25950000,72,323.264,-21690.7,72.2296,0.393283
25965000,73,330.662,-21671.6,84.9939,0.387133
25980000,65,291.733,-21720.7,66.6313,0.382711
25995000,75,330.102,-21677.7,93.7835,0.399867
26010000,64,281.942,-21683.1,73.0266,0.396067
26025000,57,257.647,-21724.8,64.4319,0.391343
26040000,60,265.829,-21713.2,58.775,0.393617
26055000,60,270.858,-21708,56.6245,0.393267
26070000,57,246.05,-21722.6,52.9602,0.388883
26085000,60,268.716,-21726.5,67.5652,0.391317
26100000,51,232.582,-21715.8,49.1067,0.371444
26115000,53,238.74,-21747.4,45.3667,0.3704
26130000,57,254.662,-21750,64.5678,0.374667
26145000,69,299.701,-21708.8,67.2841,0.381367
26160000,65,271.503,-21689.3,61.2582,0.390467
26175000,78,355.515,-21697.2,90.9853,0.404067
26190000,69,306.85,-21735.8,73.8697,0.400817
26205000,47,196.735,-21738.4,40.1262,0.372644
26220000,52,216.224,-21701.6,42.7347,0.3622
26235000,60,264.555,-21683.1,37.7406,0.3987
26250000,59,252.001,-21748,60.0356,0.40105
26265000,57,253.269,-21721.8,49.5622,0.391933
26280000,59,236.206,-21718.3,66.795,0.392578
26295000,49,201.098,-21708.5,64.9776,0.368747
26310000,66,293.975,-21712.7,78.3514,0.398133
26325000,78,369.078,-21725.5,64.7819,0.4094
26340000,48,209.775,-21711,46.0739,0.375978
26355000,51,224.462,-21748,58.9608,0.390578
26370000,57,250.888,-21725.2,58.1233,0.405333
26385000,57,254.094,-21705.6,66.4807,0.3993
26400000,58,264.348,-21729.9,53.9382,0.382067
26415000,49,206.516,-21761.7,60.964,0.395489
26430000,68,304.993,-21727.8,61.5536,0.4049
26445000,54,238.396,-21742.4,53.1021,0.4055
26460000,47,207.074,-21742,40.1108,0.393333
26475000,57,230.279,-21730.5,59.2985,0.397778
26490000,50,214.315,-21747.1,63.1767,0.374627
26505000,44,197.232,-21750.7,49.9093,0.393156
26520000,53,233.705,-21741.8,57.2126,0.390844
26535000,53,231.638,-21742.9,50.6549,0.3724
26550000,53,234.531,-21753.5,61.3336,0.394133
26565000,58,251.58,-21733.1,63.3579,0.389133
26580000,74,309.084,-21727.8,69.6055,0.390333
26595000,70,289.971,-21708.3,73.6187,0.416533
26610000,64,281.731,-21725.2,57.0789,0.402
26625000,64,286.662,-21723.4,71.1803,0.3904
26640000,61,259.751,-21714.7,66.9361,0.411467
26655000,64,282.923,-21713.3,60.5883,0.402867
26670000,59,266.037,-21736.4,57.8626,0.373872
26685000,73,296.457,-21722.3,86.2295,0.398733
26700000,83,351.377,-21694.5,86.5775,0.4074
26715000,75,316.035,-21685.6,76.8332,0.406467
26730000,72,310.12,-21695,77.7481,0.409333
26745000,72,318.928,-21698.9,77.9008,0.3978
26760000,62,261.497,-21691.6,47.9585,0.391933
26775000,72,314.941,-21701,90.1911,0.389733
26790000,60,265.336,-21725.6,68.5961,0.378608
26805000,70,315.918,-21736.8,76.205,0.404667
26820000,68,282.105,-21705.7,66.4213,0.400556
26835000,58,250.007,-21774,54.9473,0.400368
26850000,77,347.233,-21680.1,92.1468,0.397267
26865000,75,325.449,-21685.5,77.3943,0.401067
26880000,76,338.129,-21676.1,77.2517,0.401133
26895000,79,340.716,-21691.1,81.6628,0.391
26910000,70,315.067,-21711.7,66.8651,0.406133
26925000,71,309.08,-21704.4,67.0434,0.387533
26940000,57,252.901,-21737.5,60.2249,0.391858
26955000,56,248.733,-21708.2,50.9954,0.394867
26970000,74,345.318,-21732.8,83.5232,0.3954
26985000,48,207.006,-21735.5,48.6805,0.38278
27000000,78,353.798,-21734.3,88.8614,0.397733
27015000,53,227.524,-21720.2,65.7407,0.3839
27030000,52,229.615,-21726.5,49.1364,0.3902
27045000,55,236.561,-21717.1,50.344,0.391067
27060000,67,290.154,-21716.5,53.4246,0.399083
27075000,59,277.037,-21683.1,66.4941,0.3952
27090000,68,307.047,-21709.6,59.755,0.383933
27105000,67,289.222,-21686.6,66.5672,0.398467
27120000,70,310.551,-21683.2,81.2048,0.384867
27135000,76,355.911,-21689.9,78.7354,0.403067
27150000,61,262.895,-21691.9,67.2305,0.397
27165000,62,294.316,-21734.4,82.7835,0.381133
27180000,61,284.939,-21743.2,58.208,0.388467
27195000,68,310.108,-21719.6,74.3371,0.375162
27210000,63,284.361,-21710.6,54.5305,0.3996
27225000,66,304.256,-21731.7,65.5615,0.403267
27240000,69,305.242,-21708.4,73.0033,0.405467
27255000,91,402.936,-21718.2,110.559,0.411
27270000,85,379.526,-21677.3,96.7567,0.4178
27285000,72,329.312,-21710.9,63.1889,0.400944
27300000,65,283.888,-21714.2,51.5581,0.390843
27315000,69,306.364,-21705.3,75.2653,0.405533
27330000,70,299.471,-21709.5,59.7872,0.392133
27345000,74,332.914,-21707.7,79.4111,0.412467
27360000,48,200.917,-21737.3,41.2412,0.390133
27375000,54,235.599,-21732.5,56.9747,0.389213
27390000,60,245.631,-21751.1,59.1704,0.387933
27405000,56,234.656,-21720.5,73.1296,0.394467
27420000,51,241.009,-21735.2,57.9282,0.381889
27435000,60,261.353,-21702.1,50.8719,0.402667
27450000,78,336.247,-21715.4,94.694,0.398178
27465000,64,287.304,-21694.8,68.7716,0.3927
27480000,72,311.709,-21695.8,71.1225,0.3956
27495000,62,269.258,-21701.4,67.8975,0.404133
27510000,57,257.093,-21739.4,60.2519,0.381173
27525000,43,189.247,-21743.7,56.6047,0.369733
27540000,51,242.904,-21727.3,55.8833,0.383333
27555000,75,326.213,-21697,62.6532,0.392562
27570000,54,236.258,-21715.6,56.6381,0.392133
27585000,67,298.144,-21720.9,58.5025,0.407867
27600000,59,244.42,-21724.8,62.2797,0.399933
27615000,52,229.869,-21705.6,58.4378,0.382733
27630000,64,285.648,-21717.1,71.938,0.3972
27645000,64,287.406,-21742.8,57.9707,0.400333
27660000,68,304.602,-21710.6,62.0026,0.405178
27675000,62,270.139,-21688.4,57.9279,0.3976
27690000,63,290.917,-21718.7,54.6164,0.393527
27705000,60,265.738,-21708.3,59.7039,0.396
27720000,58,252.45,-21695.5,65.7535,0.383067
27735000,68,302.41,-21731.1,74.2956,0.390467
27750000,69,299.349,-21714.1,87.9546,0.396433
27765000,70,300.249,-21692.6,76.631,0.391133
27780000,59,248.299,-21707.3,62.7134,0.398578
27795000,70,315.706,-21698.1,72.3036,0.394067
27810000,67,287.056,-21722.5,77.6906,0.399217
27825000,69,304.612,-21683,72.5871,0.402233
27840000,77,328.21,-21676.3,68.4792,0.388933
27855000,64,278.529,-21697.4,64.7801,0.4038
27870000,70,302.726,-21694.4,70.2355,0.391833
27885000,74,335.752,-21703.6,77.2872,0.399367
27900000,71,317.898,-21701.2,80.4027,0.404933
27915000,63,280.655,-21709.3,71.0213,0.401489
27930000,67,275.079,-21682,66.921,0.397047
27945000,80,346.691,-21699.5,82.8919,0.390933
27960000,55,243.091,-21692,59.0893,0.388267
27975000,72,316.097,-21688.2,70.5571,0.396233
27990000,84,378.563,-21684.5,70.5716,0.401667
28005000,66,294.908,-21691.1,60.5823,0.409267
28020000,70,316.851,-21681.3,70.5807,0.401
28035000,67,299.189,-21672.4,60.0186,0.38716
28050000,87,378.241,-21680.2,78.6453,0.400267
28065000,79,342.408,-21665.1,84.848,0.3928
28080000,76,325.653,-21693.1,79.9864,0.393733
28095000,80,336.083,-21697.2,89.2384,0.405933
28110000,69,299.95,-21686.8,63.7107,0.3882
28125000,85,363.742,-21691,79.6909,0.408333
28140000,78,349.26,-21700.9,74.6108,0.403667
28155000,71,292.504,-21707,77.8139,0.414
28170000,64,272.469,-21701.2,69.7,0.3906
28185000,57,236.047,-21704.7,52.8674,0.393867
28200000,56,253.123,-21687.7,43.7205,0.391552
28215000,63,273.947,-21708.7,58.5229,0.383933
28230000,69,295.028,-21700.1,73.922,0.3838
28245000,74,314.304,-21698.8,65.5544,0.405667
28260000,63,269.084,-21673.7,58.1184,0.384689
28275000,65,302.738,-21702.2,63.4147,0.397107
28290000,75,312.107,-21673.9,70.25,0.398244
28305000,61,279.859,-21676,62.7424,0.396267
28320000,65,260.019,-21690.1,53.1162,0.3865
28335000,71,324.037,-21682.6,63.0205,0.382533
28350000,93,397.677,-21661.2,94.803,0.398778
28365000,77,342.963,-21701.1,73.8125,0.395422
28380000,74,324.47,-21655.3,80.1198,0.403767
28395000,63,270.55,-21709.7,68.1999,0.40555
28410000,76,338.236,-21683.4,80.9356,0.4022
28425000,76,340.121,-21678.7,65.3919,0.3888
28440000,85,376.087,-21688.3,67.3385,0.393133
28455000,97,432.628,-21689.5,90.8931,0.403667
28470000,82,361.106,-21676.4,77.118,0.409667
28485000,64,279.903,-21692.2,49.6874,0.386067
28500000,66,293.984,-21673.6,77.918,0.381933
28515000,71,325.389,-21680.6,59.1091,0.394
28530000,69,298.875,-21680.6,73.7647,0.385067
28545000,72,309.703,-21692.9,53.3489,0.384333
28560000,74,336.072,-21658.5,70.4539,0.392733
28575000,57,245.934,-21718.7,62.8316,0.390638
28590000,75,331.142,-21664,74.8479,0.3902
28605000,78,330.05,-21685.7,91.3752,0.3898
28620000,74,328.479,-21698.6,64.8011,0.3968
28635000,75,312.724,-21700.7,71.3841,0.388933
28650000,75,333.548,-21683.7,73.1051,0.394467
28665000,67,290.78,-21718.3,65.2171,0.390722
28680000,61,282.558,-21690.4,51.5011,0.397133
28695000,61,251.593,-21698.2,69.9731,0.390733
28710000,63,277.182,-21713.3,58.5072,0.395033
28725000,56,245.138,-21731.6,52.3596,0.378615
28740000,60,257.137,-21679.7,65.4197,0.384156
28755000,61,250.016,-21727.6,54.4419,0.389778
28770000,57,241.339,-21709.5,64.1458,0.378067
28785000,54,226.353,-21697.4,57.1411,0.372067
28800000,58,252.536,-21736.3,66.8729,0.379013
28815000,70,311.133,-21714.6,65.5555,0.390583
28830000,66,270.376,-21721.5,62.5666,0.398733
28845000,60,258.583,-21677.3,57.4231,0.377817
28860000,72,331.514,-21665.3,74.2906,0.392
28875000,59,240.514,-21700.5,57.2917,0.391756
28890000,54,232.968,-21678.8,44.4506,0.379067
28905000,68,310.996,-21718.2,76.2991,0.397933
28920000,54,222.092,-21741.6,63.5932,0.389633
28935000,61,257.731,-21688.9,70.0286,0.381667
28950000,64,294.702,-21694.8,53.6237,0.382933
28965000,61,266.308,-21688.6,54.7576,0.3874
28980000,56,236.631,-21703.3,50.2389,0.39336
28995000,59,259.636,-21719.2,62.9079,0.386467
29010000,77,353.227,-21713.7,78.3945,0.385156
29025000,71,307.263,-21692.4,58.6276,0.381783
29040000,79,353.824,-21683.6,78.3081,0.3802
29055000,67,307.437,-21697.4,61.8995,0.389
29070000,66,280.068,-21703.8,69.6998,0.39435
29085000,70,312.016,-21705.3,71.806,0.385
29100000,68,289.845,-21708.6,72.4205,0.384867
29115000,59,264.889,-21681.3,66.7952,0.3924
29130000,60,258.555,-21743.5,55.4483,0.398689
29145000,67,299.167,-21718.7,72.5822,0.394017
29160000,79,350.271,-21680.3,70.5392,0.392978
29175000,55,241.465,-21731.1,42.9204,0.397644
29190000,77,340.547,-21697.9,92.1456,0.405911
29205000,77,340.778,-21681.1,84.361,0.394578
29220000,72,316.99,-21676.4,64.3379,0.394667
29235000,66,298.491,-21684.6,59.6278,0.388667
29250000,65,295.08,-21673.1,76.178,0.389133
29265000,69,309.893,-21706.7,95.7836,0.387933
29280000,46,206.954,-21731.4,39.2286,0.401789
29295000,63,285.801,-21745.2,61.5732,0.381533
29310000,63,274.224,-21696.2,71.1482,0.387133
29325000,60,278.065,-21722.2,57.8335,0.3835
29340000,60,279.682,-21695.2,62.4277,0.3782
29355000,58,258.172,-21699.1,46.9906,0.373733
29370000,56,242.716,-21694.7,47.154,0.3876
29385000,65,277.365,-21693.8,77.7695,0.3768
29400000,64,271.477,-21690.4,59.865,0.3858
29415000,65,288.958,-21684.5,49.9512,0.393067
29430000,63,275.013,-21693.2,57.0702,0.397
29445000,60,258.01,-21705.6,67.3674,0.383
29460000,63,254.285,-21678.6,47.7444,0.384333
29475000,74,317.562,-21698.8,70.771,0.3986
29490000,74,324.859,-21697.4,80.2057,0.415667
29505000,72,301.863,-21697.2,81.2308,0.4038
29520000,69,294.823,-21689.1,69.2316,0.398333
29535000,72,317.584,-21667.7,77.3822,0.4056
29550000,59,261.81,-21719.6,58.9591,0.385371
29565000,62,262.64,-21722.3,50.7487,0.392933
29580000,63,259.458,-21679.1,49.6378,0.387578
29595000,60,267.05,-21735.6,63.1854,0.385833
29610000,64,281.571,-21699.1,65.8859,0.391867
29625000,68,289.961,-21694.6,81.1377,0.398867
29640000,72,315.717,-21658,63.2207,0.393467
29655000,56,243.72,-21746.9,59.054,0.375533
29670000,76,345.708,-21692.8,80.8475,0.4037
29685000,83,377.082,-21691.8,103.187,0.428333
29700000,82,331.669,-21685.2,82.9743,0.4134
29715000,75,340.546,-21705.7,81.7438,0.39875
29730000,66,285.091,-21700,61.9385,0.4026
29745000,78,338.245,-21665.1,80.0498,0.405889
29760000,86,376.686,-21659.4,89.4947,0.4036
29775000,77,328.784,-21678.1,67.5546,0.4092
29790000,71,307.288,-21711.5,62.8382,0.392748
29805000,59,256.831,-21712.3,56.6019,0.413667
29820000,65,289.393,-21687.3,63.7896,0.400911
29835000,59,242.766,-21700.5,73.9795,0.404133
29850000,65,268.478,-21701.9,57.0295,0.385867
29865000,56,245.744,-21695.4,64.3861,0.381067
29880000,65,285.615,-21688.6,60.464,0.389733
29895000,63,277.561,-21698.6,60.1497,0.399333
29910000,83,353.515,-21681.6,80.1576,0.403333
29925000,47,205.985,-21740.9,46.455,0.390995
29940000,79,343.818,-21681.3,64.5747,0.4047
29955000,65,273.917,-21683,66.1746,0.4052
29970000,69,308.689,-21684.2,71.1304,0.399733
29985000,68,300.536,-21691.3,56.8403,0.404467
