generation,N_shifts,logPrior,logLik,eventRate,acceptRate
0,0,0.641453,-24229.9,100,0
15000,0,1.06716,-22088.5,2.86588,0.150333
30000,0,1.13178,-22088.5,0.153553,0.145467
45000,1,-1.56033,-22058.9,0.86989,0.151486
60000,1,-0.619686,-22060.5,2.13624,0.1388
75000,1,-1.09683,-22056.8,0.96829,0.159422
90000,4,11.1216,-22019,11.2972,0.2325
105000,1,-1.35669,-22057.6,7.90322,0.136867
120000,3,11.3454,-22028.8,2.31728,0.207
135000,7,27.6379,-21967.2,5.58533,0.304689
150000,9,23.5016,-21954.2,11.6075,0.303667
165000,9,42.3238,-21930.1,6.49222,0.3144
180000,4,12.5346,-21985.8,5.4758,0.270383
195000,18,66.5233,-21914.6,17.0423,0.35
210000,20,81.9836,-21900.5,12.7765,0.370467
225000,19,84.0068,-21906.6,28.251,0.37
240000,21,89.002,-21889.8,22.5997,0.365933
255000,11,47.7415,-21955.3,13.2408,0.352733
270000,25,103.421,-21881.1,35.8498,0.378667
285000,36,155.434,-21817.1,26.2026,0.378467
300000,47,206.292,-21806.3,44.9545,0.404733
315000,52,235.217,-21790.8,56.5559,0.424933
330000,63,279.485,-21771.6,70.6641,0.4118
345000,21,84.7366,-21874.2,26.2476,0.375622
360000,61,272.352,-21729.2,53.9804,0.408967
375000,62,261.074,-21729.5,50.0512,0.409
390000,66,277.993,-21694.3,65.4359,0.411933
405000,79,355.78,-21695.2,86.781,0.414333
420000,82,358.062,-21682.6,86.7877,0.422
435000,91,405.361,-21669,87.3183,0.415
450000,78,301.077,-21647.8,70.001,0.423667
465000,81,355.13,-21642.8,75.3225,0.410933
480000,80,348.424,-21642,78.9234,0.4092
495000,83,358.53,-21640,81.4728,0.403133
510000,70,315.666,-21650.6,64.2172,0.4036
525000,71,312.908,-21665.7,73.1565,0.391867
540000,72,331.817,-21641.9,70.4219,0.388733
555000,64,265.371,-21646.1,63.5145,0.398467
570000,74,324.294,-21664,69.5255,0.401
585000,82,355.667,-21669.8,88.3878,0.421933
600000,72,335.213,-21653.6,78.5434,0.408733
615000,69,311.739,-21640.9,64.8732,0.399067
630000,69,310.86,-21654.8,70.0071,0.390067
645000,66,299.919,-21660.8,68.2982,0.3888
660000,68,311.062,-21667.5,61.2596,0.4034
675000,77,336.627,-21641.3,83.1962,0.401133
690000,63,276.069,-21650.2,67.8401,0.399133
705000,76,357.275,-21644.7,79.2505,0.389933
720000,76,349.368,-21629,59.3963,0.388
735000,83,373.82,-21638.4,87.848,0.406267
750000,74,329.801,-21647.3,61.5935,0.398733
765000,87,392.07,-21621.8,79.7436,0.3948
780000,79,353.751,-21626.4,91.1123,0.399933
795000,99,442.886,-21639.9,103.422,0.4156
810000,91,406.851,-21609.4,99.9033,0.4162
825000,83,370.87,-21624.5,87.7111,0.4036
840000,82,353.585,-21591.5,87.6168,0.3924
855000,74,332.668,-21619,86.3512,0.4006
870000,80,357.43,-21656,68.2741,0.4104
885000,74,326.223,-21649,86.5069,0.4028
900000,88,382.913,-21646.7,103.549,0.413
915000,75,350.521,-21635,83.7741,0.394
930000,49,215.757,-21688.2,46.1575,0.299193
945000,62,283.173,-21615.9,70.0526,0.3811
960000,82,381.776,-21618.7,79.1523,0.3926
975000,81,347.016,-21635.1,67.9278,0.390267
990000,86,401.784,-21625.8,84.8421,0.401867
1005000,86,374.975,-21615.6,77.178,0.4072
1020000,84,363.336,-21616.5,74.0326,0.404
1035000,80,357.28,-21633.3,81.4234,0.413
1050000,59,266.769,-21666.4,49.3256,0.383614
1065000,80,360.173,-21603.1,68.9242,0.402367
1080000,64,293.58,-21620.9,70.1442,0.394467
1095000,56,242.315,-21635.7,53.5445,0.3874
1110000,67,261.143,-21664.1,56.3399,0.400633
1125000,63,246.634,-21678.9,57.6555,0.393733
1140000,56,246.406,-21677.1,51.5303,0.392533
1155000,60,265.474,-21674.6,50.3379,0.386387
1170000,68,304.081,-21679.5,76.946,0.393
1185000,70,297.063,-21643,73.1773,0.389333
1200000,73,327.258,-21655.4,69.9817,0.3875
1215000,68,296.688,-21655.8,91.56,0.387367
1230000,54,234.554,-21674.4,54.7064,0.393833
1245000,65,292.805,-21651.1,63.3417,0.387767
1260000,64,299.021,-21652.8,68.6935,0.381248
1275000,76,349.37,-21662,67.1891,0.407567
1290000,69,305.448,-21638.3,74.5789,0.3978
1305000,59,231.619,-21644.8,70.9987,0.3924
1320000,70,298.345,-21629.1,68.4912,0.397933
1335000,79,346.741,-21643.8,94.5649,0.392387
1350000,64,279.08,-21657.9,51.3854,0.394108
1365000,56,245.827,-21661.7,51.8374,0.387
1380000,68,284.428,-21635.5,74.1852,0.3846
1395000,74,316.814,-21631.3,71.2643,0.386533
1410000,66,280.612,-21664.8,67.204,0.378133
1425000,78,339.584,-21624.1,77.0662,0.394695
1440000,99,447.519,-21630.3,94.1626,0.4096
1455000,91,387.848,-21639,97.9899,0.395367
1470000,93,418.346,-21656,91.0031,0.411567
1485000,75,339.686,-21623.1,75.8594,0.3974
1500000,89,401.07,-21677.2,82.0165,0.410967
1515000,64,284.89,-21633.8,65.9636,0.395133
1530000,61,263.378,-21666.1,39.967,0.383758
1545000,64,289.407,-21662.2,76.9872,0.393
1560000,76,355.532,-21639.6,81.0811,0.413917
1575000,97,430.08,-21638.7,91.007,0.403333
1590000,71,310.29,-21633.4,76.1123,0.399733
1605000,81,355.693,-21619.7,84.5048,0.405167
1620000,79,346.243,-21651.2,66.7993,0.4015
1635000,79,342.482,-21627.5,82.9432,0.407467
1650000,75,333.274,-21641.9,91.5439,0.3964
1665000,64,293.641,-21656.7,52.093,0.383785
1680000,81,360.641,-21636.1,101.59,0.405367
1695000,67,297.259,-21621.2,64.5904,0.3968
1710000,71,311.71,-21642.1,53.5609,0.384733
1725000,69,306.122,-21609,63.2149,0.3846
1740000,81,364.974,-21628.8,95.9509,0.378733
1755000,80,351.777,-21623.9,66.973,0.395733
1770000,78,346.709,-21616.6,84.2219,0.3934
1785000,65,272.227,-21653.6,68.3691,0.384325
1800000,90,380.536,-21624.4,84.7072,0.4021
1815000,67,283.227,-21677.4,73.0181,0.390979
1830000,77,316.246,-21601.8,66.3419,0.403433
1845000,91,408.648,-21606.7,103.849,0.393867
1860000,99,423.95,-21639.3,89.4639,0.403422
1875000,81,343.268,-21612,91.3002,0.4039
1890000,83,368.086,-21648.5,87.0667,0.4165
1905000,86,368.738,-21597.5,87.0458,0.4074
1920000,79,327.31,-21605.8,97.0048,0.395733
1935000,75,342.087,-21598,80.5189,0.394533
1950000,74,311.562,-21611.6,69.2897,0.395267
1965000,86,393.763,-21626.1,85.3117,0.3954
1980000,75,334.601,-21630,58.779,0.396667
1995000,93,408.48,-21633.8,98.1652,0.4022
2010000,77,333.685,-21638.3,85.74,0.402133
2025000,87,381.474,-21627.3,86.5174,0.404133
2040000,96,423.411,-21626.5,95.5682,0.401067
2055000,72,319.497,-21611.2,67.1393,0.375715
2070000,82,361.024,-21624.8,82.2629,0.4055
2085000,81,357.913,-21617.8,73.5019,0.414667
2100000,84,393.775,-21624,88.1245,0.399867
2115000,91,399.173,-21635,99.982,0.413867
2130000,93,398.749,-21644.2,99.1255,0.411867
2145000,72,315.755,-21645.9,74.9028,0.388433
2160000,78,337.45,-21621.2,68.4447,0.402133
2175000,75,323.392,-21632.3,76.7503,0.398333
2190000,71,314.019,-21663.7,75.3633,0.392683
2205000,65,292.027,-21666,60.8142,0.389624
2220000,79,354.73,-21631.5,79.0553,0.388867
2235000,76,323.92,-21659.6,65.3562,0.398
2250000,91,427.443,-21615.2,96.4839,0.392133
2265000,81,341.485,-21657.8,76.1807,0.3952
2280000,80,344.75,-21644.1,84.1071,0.399067
2295000,78,359.546,-21657.9,80.9577,0.397833
2310000,72,317.383,-21657.6,66.592,0.411933
2325000,75,344.096,-21651.2,64.6323,0.40184
2340000,59,250.911,-21657.8,48.0314,0.394967
2355000,66,277.145,-21637.3,75.2137,0.377867
2370000,61,260.102,-21635,44.7421,0.387117
2385000,60,264.102,-21638.1,59.2493,0.3927
2400000,72,327.211,-21653,75.3925,0.392
2415000,56,248.984,-21658.7,47.3098,0.390467
2430000,66,279.425,-21649.9,54.026,0.393717
2445000,68,285.992,-21652.2,90.0979,0.3958
2460000,66,287.877,-21662.1,67.1029,0.398778
2475000,81,364.43,-21656.7,65.0835,0.397
2490000,66,306.463,-21651.1,70.5432,0.388689
2505000,57,270.493,-21659.9,61.0081,0.383467
2520000,78,356.445,-21639.9,75.2811,0.391533
2535000,74,312.164,-21645,89.0653,0.4004
2550000,63,255.83,-21642.8,63.1154,0.388756
2565000,72,311.572,-21666,70.8596,0.3886
2580000,76,329.808,-21658.5,72.7016,0.389125
2595000,71,289.925,-21647.7,73.6659,0.397667
2610000,85,385.914,-21637.9,87.8482,0.4069
2625000,92,412.935,-21629.6,103.02,0.411267
2640000,83,369.785,-21610,66.3456,0.4104
2655000,84,372.483,-21629.6,84.6744,0.403533
2670000,82,338.896,-21606.3,84.3927,0.396267
2685000,85,384.234,-21628.9,75.6432,0.398733
2700000,98,435.281,-21644.9,101.264,0.413133
2715000,76,329.571,-21654.9,82.7517,0.413067
2730000,79,346.609,-21671.8,75.1763,0.413733
2745000,54,222.854,-21653.5,45.1421,0.399221
2760000,60,256.81,-21669.4,62.2751,0.392879
2775000,64,257.608,-21667.6,53.5036,0.393733
2790000,68,283.034,-21682.7,76.8205,0.4029
2805000,56,248.202,-21689.7,54.5203,0.3754
2820000,63,271.107,-21665.4,59.76,0.408167
2835000,60,255.534,-21664,60.7364,0.389178
2850000,59,270.874,-21685.8,71.323,0.397933
2865000,67,295.928,-21675.2,82.7202,0.400667
2880000,55,240.339,-21693.5,47.9437,0.39228
2895000,50,216.137,-21689.8,55.6681,0.377467
2910000,69,297.674,-21666.5,75.0822,0.408089
2925000,51,234.384,-21667.1,50.1146,0.396293
2940000,63,271.008,-21686.1,56.8196,0.395044
2955000,61,250.608,-21632.6,59.4938,0.389867
2970000,61,264.928,-21644.7,54.4548,0.397733
2985000,75,317.277,-21648.5,72.7654,0.40272
3000000,64,259.843,-21641.7,62.3532,0.393067
3015000,64,284.556,-21651,68.8807,0.393133
3030000,64,276.719,-21644,69.3328,0.393733
3045000,65,293.729,-21651.2,66.4847,0.385
3060000,57,245.911,-21666.8,56.9929,0.388867
3075000,65,304.734,-21666.8,65.2909,0.3948
3090000,76,332.905,-21644,74.6954,0.406933
3105000,74,338.679,-21638.1,71.6104,0.395427
3120000,60,248.274,-21645,49.9569,0.385467
3135000,68,298.618,-21710.7,66.2867,0.385441
3150000,53,236.874,-21662.1,47.8665,0.376433
3165000,66,301.625,-21640.9,54.0693,0.3896
3180000,66,286.695,-21653,62.5051,0.388067
3195000,64,277.601,-21653.3,65.667,0.376889
3210000,67,292.7,-21654.9,72.4031,0.401667
3225000,63,271.249,-21656.4,64.6315,0.402333
3240000,61,269.584,-21659.5,79.3503,0.379419
3255000,58,254.813,-21655.4,57.1934,0.385133
3270000,67,278.233,-21665.4,61.9916,0.391267
3285000,70,303.511,-21660.5,69.6652,0.397133
3300000,64,282.707,-21659.6,65.0757,0.384556
3315000,71,321.628,-21673.4,66.3072,0.396
3330000,73,330.191,-21646.1,87.0542,0.405267
3345000,69,300.246,-21655.3,53.6739,0.396933
3360000,65,291.002,-21656.4,81.4736,0.389356
3375000,59,249.422,-21650.1,48.343,0.393133
3390000,73,320.517,-21644.4,83.8501,0.396933
3405000,65,291.717,-21677.8,60.7126,0.392633
3420000,59,246.041,-21661.5,51.5977,0.388667
3435000,55,244.599,-21654.6,58.9315,0.379511
3450000,64,287.558,-21673.2,55.7684,0.391167
3465000,65,278.048,-21652.7,74.6924,0.385867
3480000,53,225.411,-21667,59.3935,0.381733
3495000,55,240.395,-21675.9,44.4635,0.383733
3510000,60,252.789,-21644.8,65.4298,0.377867
3525000,54,237.697,-21647.4,56.8103,0.374867
3540000,64,282.053,-21680.3,56.0995,0.396911
3555000,71,304.922,-21652.2,64.8952,0.397533
3570000,72,326.317,-21652.9,82.0568,0.392956
3585000,81,357.601,-21661.1,60.9519,0.401267
3600000,77,315.964,-21638.8,93.7209,0.407733
3615000,67,297.948,-21653.4,63.282,0.392367
3630000,84,373.612,-21651.8,77.2675,0.3976
3645000,87,377.59,-21616.2,99.9239,0.394467
3660000,80,341.437,-21634.1,73.5968,0.409133
3675000,71,304.178,-21652.2,91.9644,0.397433
3690000,65,291.232,-21658.9,51.0626,0.383737
3705000,65,283.132,-21689,64.4951,0.3942
3720000,71,323.585,-21639.3,66.1372,0.389833
3735000,62,264.93,-21670.4,52.1562,0.401633
3750000,61,267.739,-21658.1,59.5574,0.389533
3765000,68,284.428,-21681.5,57.7221,0.40181
3780000,71,317.414,-21680.6,68.2472,0.3826
3795000,68,303.85,-21664.1,66.1463,0.409167
3810000,72,311.698,-21660.3,88.1351,0.409333
3825000,59,241.963,-21663.9,52.2579,0.395867
3840000,70,293.603,-21663.8,72.5711,0.397733
3855000,68,296.516,-21664.3,67.5077,0.406
3870000,62,273.265,-21660.5,71.7391,0.3904
3885000,56,239.578,-21650.5,60.2526,0.398467
3900000,60,256.574,-21644.4,70.022,0.3934
3915000,66,297.805,-21691.7,61.2627,0.4025
3930000,71,311.57,-21659.7,74.9644,0.398567
3945000,62,254.683,-21673.5,71.6367,0.396541
3960000,59,253.084,-21668.5,53.9308,0.384
3975000,69,311.779,-21649.6,70.1123,0.3849
3990000,79,348.402,-21644.3,93.907,0.399733
4005000,81,360.963,-21634,71.4439,0.390533
4020000,64,280.931,-21652.6,50.833,0.4014
4035000,62,263.692,-21685.7,56.7077,0.39576
4050000,71,298.917,-21646.9,70.4102,0.381733
4065000,63,266.278,-21650.1,75.5981,0.396081
4080000,72,321.677,-21634.1,78.0067,0.382867
4095000,76,328.116,-21648.3,77.2529,0.3912
4110000,71,309.57,-21679,74.1285,0.39256
4125000,66,277.893,-21643.8,61.6033,0.391067
4140000,81,368.19,-21652.4,68.0269,0.393
4155000,84,364.761,-21638.3,90.8199,0.398533
4170000,84,374.523,-21646.5,74.9192,0.411067
4185000,82,366.779,-21642.8,77.4323,0.407
4200000,76,329.807,-21643.2,82.5918,0.400533
4215000,85,364.516,-21636.3,79.112,0.397933
4230000,77,325.505,-21663.3,75.8201,0.406467
4245000,75,330.925,-21631.1,72.6653,0.397467
4260000,53,224.351,-21670.8,50.4066,0.397687
4275000,58,256.208,-21634.1,56.1372,0.392467
4290000,68,317.549,-21632.7,49.4788,0.3962
4305000,52,231.088,-21664.6,47.9532,0.372356
4320000,60,264.678,-21645.5,65.3444,0.3878
4335000,63,261.647,-21657.4,59.7505,0.388867
4350000,58,250.054,-21668.2,55.336,0.391412
4365000,62,271.913,-21654.1,60.1233,0.3873
4380000,59,267.507,-21640.4,53.5729,0.368533
4395000,52,225.138,-21679.2,48.8903,0.384822
4410000,65,282.874,-21650.1,58.9016,0.382933
4425000,62,264.808,-21615.8,48.8212,0.3856
4440000,60,264.753,-21657.4,65.4521,0.3934
4455000,63,274.92,-21620.6,62.9153,0.3802
4470000,64,289.781,-21638.4,61.1239,0.3752
4485000,72,318.515,-21635.7,64.157,0.387794
4500000,64,273.188,-21630,47.3079,0.3913
4515000,68,296.569,-21627.1,69.8698,0.388133
4530000,87,386.477,-21615.2,91.3875,0.3984
4545000,64,274.28,-21641.7,58.8119,0.389567
4560000,102,469.791,-21626.7,94.4189,0.4025
4575000,64,263.142,-21669.1,81.9112,0.385985
4590000,58,268.185,-21646,68.9099,0.383867
4605000,50,216.766,-21649,41.299,0.366467
4620000,79,345.93,-21623.6,79.3505,0.394083
4635000,65,305.651,-21679.3,59.4145,0.395117
4650000,63,292.128,-21661.1,71.8275,0.385489
4665000,71,310.214,-21665.2,73.906,0.404422
4680000,86,372.038,-21645.1,82.6685,0.403
4695000,69,294.577,-21648.8,87.101,0.3963
4710000,87,377.817,-21638,72.1197,0.4023
4725000,73,308.266,-21660.9,82.4034,0.395522
4740000,74,316.807,-21669.8,72.8871,0.400267
4755000,88,380.307,-21627.1,88.409,0.39445
4770000,81,363.646,-21644.6,83.602,0.3951
4785000,82,366.096,-21651.8,90.9703,0.405833
4800000,71,323.032,-21658.8,73.4457,0.394933
4815000,58,250.964,-21669.4,54.4062,0.396633
4830000,65,295.307,-21670.7,84.6108,0.396583
4845000,62,275.104,-21656.6,65.0175,0.388444
4860000,56,260.765,-21665.1,57.3086,0.3866
4875000,60,286.669,-21636.3,60.5514,0.382533
4890000,60,260.757,-21666.8,48.435,0.373417
4905000,86,396.247,-21621.4,92.7866,0.39
4920000,82,374.882,-21619.7,99.5303,0.402667
4935000,95,425.843,-21607.6,95.847,0.3948
4950000,89,377.783,-21606,91.5635,0.409467
4965000,63,271.008,-21638.1,62.1043,0.401133
4980000,85,348.564,-21626.6,100.534,0.392533
4995000,83,359.61,-21637.4,94.6822,0.397222
5010000,73,328.248,-21640.7,83.2922,0.386533
5025000,56,249.614,-21664,71.2687,0.382127
5040000,69,307.186,-21621,82.8929,0.3875
5055000,63,277.901,-21673.8,60.9335,0.389067
5070000,61,290.178,-21685,60.2252,0.395933
5085000,76,329.322,-21653.1,73.6485,0.400222
5100000,78,345.512,-21659.2,100.493,0.389853
5115000,75,328.574,-21655.6,61.5573,0.391533
5130000,60,267.301,-21641,60.3596,0.391083
5145000,67,275.027,-21655.4,79.6532,0.3836
5160000,70,311.957,-21666.6,79.0048,0.391267
5175000,75,328.86,-21663.1,69.6253,0.385644
5190000,76,335.802,-21635.3,72.7068,0.403333
5205000,81,349.491,-21630.1,80.8146,0.394343
5220000,74,330.137,-21642.3,63.1436,0.394167
5235000,66,301.122,-21660.6,65.4261,0.395667
5250000,76,331.995,-21640.6,79.1692,0.394022
5265000,70,309.858,-21678.7,82.3265,0.400933
5280000,78,333.831,-21641,78.6341,0.403933
5295000,71,299.053,-21662.4,79.2667,0.392717
5310000,77,317.405,-21657.3,58.2166,0.402667
5325000,70,298.574,-21642.8,73.6827,0.391533
5340000,77,323.024,-21651.1,73.4046,0.392733
5355000,71,321.215,-21674.3,79.3939,0.380246
5370000,76,331.108,-21637.1,56.882,0.3965
5385000,69,288.09,-21632.3,76.3781,0.400467
5400000,92,407.822,-21628.5,108.822,0.393667
5415000,77,325.939,-21654.6,86.0301,0.401183
5430000,81,364.52,-21619.4,83.0866,0.408267
5445000,88,384.103,-21628.9,80.8557,0.4062
5460000,93,429.491,-21638.6,93.7241,0.4098
5475000,73,299.236,-21657.8,70.4111,0.410067
5490000,82,382.282,-21640,72.3554,0.413233
5505000,80,355.08,-21663.4,76.4132,0.411
5520000,76,326.9,-21676.8,76.585,0.4026
5535000,63,264.774,-21660.7,62.2893,0.3916
5550000,70,314.33,-21652.1,71.072,0.389189
5565000,62,274.145,-21672.1,64.2973,0.3978
5580000,63,253.564,-21637.4,71.8566,0.390733
5595000,63,268.34,-21657.7,66.6828,0.394044
5610000,55,239.785,-21671.1,53.5918,0.3783
5625000,60,281.445,-21665.8,61.639,0.384467
5640000,66,297.222,-21626,70.3426,0.3886
5655000,68,305.236,-21672.2,66.8901,0.385567
5670000,62,268.911,-21666.1,63.715,0.3867
5685000,63,274.285,-21660,71.2008,0.383067
5700000,60,261.212,-21641.7,68.4854,0.390533
5715000,63,266.093,-21673.3,61.4194,0.387783
5730000,55,248.391,-21645.2,44.7419,0.387717
5745000,68,288.583,-21621.2,62.7296,0.378689
5760000,57,272.512,-21688.2,69.4923,0.377822
5775000,81,352.962,-21640.4,84.8243,0.405022
5790000,47,208.712,-21707.8,53.1049,0.383067
5805000,71,321.002,-21640.5,56.8545,0.3906
5820000,73,298.29,-21651.3,73.8062,0.387227
5835000,58,262.457,-21643,69.825,0.386667
5850000,76,339.253,-21616.2,72.7451,0.386756
5865000,72,318.227,-21635,84.282,0.394933
5880000,70,331.315,-21648.2,70.8077,0.395533
5895000,62,285.607,-21654.2,54.8286,0.376352
5910000,56,246.102,-21672.7,61.8407,0.384347
5925000,77,343.803,-21634,75.0999,0.396533
5940000,66,272.615,-21663.1,66.253,0.3946
5955000,60,273.85,-21645.8,68.7765,0.400133
5970000,65,272.758,-21627.3,83.2421,0.401133
5985000,69,302.846,-21640.1,71.7565,0.389533
6000000,79,350.601,-21650,78.7604,0.394867
6015000,64,292.31,-21682.1,70.2908,0.39305
6030000,88,386.559,-21655.6,83.4876,0.4133
6045000,54,230.624,-21670.3,59.0789,0.391781
6060000,48,215.7,-21685.7,41.6155,0.372933
6075000,69,291.554,-21666.2,70.6484,0.412044
6090000,55,245.402,-21679.4,47.2704,0.383213
6105000,58,239.487,-21657.6,51.1053,0.400067
6120000,61,255.242,-21662.6,71.5736,0.3892
6135000,54,240.086,-21664.6,56.1567,0.377333
6150000,69,305.307,-21652.8,59.7941,0.397
6165000,83,373.167,-21660.5,91.0883,0.402667
6180000,71,316.935,-21648,68.401,0.4036
6195000,74,317.189,-21636.1,83.2991,0.399333
6210000,67,303.848,-21667.7,63.6273,0.4086
6225000,54,237.056,-21697.9,50.2854,0.373704
6240000,51,230.588,-21683.5,52.9966,0.386667
6255000,53,239.412,-21685.9,49.1689,0.385272
6270000,81,359.842,-21643.7,96.2893,0.394733
6285000,67,274.979,-21648.5,72.8057,0.3939
6300000,65,280.303,-21643,67.2606,0.3774
6315000,68,290.239,-21642.7,60.5271,0.409644
6330000,73,323.965,-21638.9,79.8672,0.3894
6345000,72,298.209,-21630.5,71.1273,0.391622
6360000,59,266.212,-21642.8,63.0446,0.3908
6375000,74,313.823,-21641.6,69.0132,0.393267
6390000,65,277.719,-21639,57.3376,0.404133
6405000,64,288.462,-21670,55.107,0.390333
6420000,49,227.474,-21653.7,40.8565,0.383833
6435000,70,312.376,-21655.6,56.3418,0.386
6450000,57,247.383,-21674.7,66.7064,0.394267
6465000,59,270.303,-21689.4,56.4578,0.37852
6480000,56,255.859,-21664.7,61.2944,0.384907
6495000,68,292.12,-21640.6,72.8727,0.377533
6510000,69,304.47,-21655.8,60.7273,0.3894
6525000,66,287.409,-21640.5,62.5017,0.4028
6540000,73,312.663,-21645.2,68.2821,0.385617
6555000,74,322.372,-21654.7,80.8129,0.4022
6570000,68,293.284,-21652.2,86.5345,0.402433
6585000,61,269.271,-21655.6,65.7182,0.396533
6600000,63,272.3,-21637.5,57.8533,0.3822
6615000,67,276.704,-21647.9,78.9813,0.397683
6630000,79,344.395,-21661.4,74.8926,0.4028
6645000,65,292.308,-21643.7,70.8091,0.386467
6660000,68,307.184,-21641.9,70.3667,0.3832
6675000,72,304.279,-21664.9,79.6597,0.378481
6690000,74,330.427,-21638.5,66.266,0.384378
6705000,67,310.757,-21618.8,74.2112,0.3882
6720000,71,316.071,-21628.8,72.631,0.390067
6735000,71,318.752,-21655.1,76.8736,0.394317
6750000,57,259.275,-21662.9,58.5527,0.382433
6765000,69,283.873,-21671.4,67.3093,0.389267
6780000,71,323.148,-21674.8,62.8594,0.392133
6795000,74,326.785,-21678.5,68.8897,0.395748
6810000,65,282.432,-21677.3,81.6522,0.390433
6825000,60,262.414,-21653.2,65.6873,0.392253
6840000,77,331.692,-21677.8,85.9029,0.396178
6855000,60,250.214,-21655.3,64.625,0.396933
6870000,58,257.884,-21644.3,45.8658,0.3844
6885000,56,245.638,-21677.6,48.1629,0.39456
6900000,62,265.129,-21640.1,78.3725,0.380667
6915000,54,235.075,-21666.9,46.3835,0.389089
6930000,64,295.413,-21643.1,77.8747,0.3885
6945000,59,255.593,-21661.4,65.6179,0.377733
6960000,68,302.478,-21661,50.3776,0.38065
6975000,69,288.587,-21663.7,61.6699,0.395733
6990000,75,331.513,-21664.6,76.8609,0.382422
7005000,80,339.032,-21666.5,86.7953,0.402967
7020000,75,324.169,-21639.4,72.9343,0.413867
7035000,73,321.631,-21627.6,64.3022,0.394867
7050000,93,400.955,-21617.3,100.044,0.408733
7065000,85,373.593,-21620.9,70.7321,0.409267
7080000,93,430.644,-21645.2,72.9464,0.4082
7095000,78,323.162,-21639.6,82.1666,0.408333
7110000,66,287.848,-21665.2,77.7668,0.383015
7125000,73,340.431,-21650.3,74.038,0.392933
7140000,81,352.308,-21642.3,83.4209,0.3986
7155000,64,280.076,-21669.1,68.9813,0.405
7170000,68,291.776,-21643.5,62.1082,0.4054
7185000,78,346.042,-21643.9,95.5739,0.399267
7200000,67,291.894,-21644.5,71.3679,0.391219
7215000,69,310.641,-21651.6,82.4716,0.396133
7230000,73,327.523,-21641.1,87.9159,0.393367
7245000,55,225.673,-21681,58.1346,0.388494
7260000,68,292.374,-21671.4,58.8517,0.3915
7275000,57,252.236,-21643.5,58.4601,0.3792
7290000,68,303.712,-21628.6,78.3884,0.387267
7305000,78,323.369,-21632.8,77.0175,0.3918
7320000,63,272.515,-21655.5,63.2305,0.3882
7335000,58,255.591,-21675,53.0001,0.396093
7350000,72,318.238,-21642.1,80.2673,0.3828
7365000,64,270.423,-21685.7,58.5612,0.394167
7380000,74,316.574,-21662,63.6195,0.3999
7395000,59,243.71,-21672.6,62.9501,0.3848
7410000,62,273.346,-21643.8,70.6557,0.383567
7425000,73,327.475,-21641,72.0016,0.391533
7440000,70,307.515,-21636.3,71.014,0.3848
7455000,83,352.472,-21626.1,87.3484,0.399267
7470000,82,361.442,-21626.8,84.6548,0.399733
7485000,84,349.814,-21645.3,88.54,0.399
7500000,89,370.238,-21602.2,100.723,0.397667
7515000,72,313.764,-21645.6,74.3544,0.400467
7530000,67,277.905,-21671.5,56.225,0.381337
7545000,64,288.966,-21656.5,62.5142,0.3934
7560000,68,287.071,-21631.4,80.2324,0.3932
7575000,65,275.447,-21664.9,66.0719,0.395172
7590000,66,295.257,-21691.4,75.8849,0.39736
7605000,63,290.739,-21661.8,70.0505,0.397833
7620000,60,247.855,-21667.1,58.2166,0.404833
7635000,61,267.02,-21669.5,59.7286,0.388733
7650000,51,213.527,-21636.8,59.3343,0.386556
7665000,63,262.647,-21646.4,59.5476,0.385
7680000,62,276.765,-21644.7,43.9752,0.386133
7695000,52,220.553,-21655.5,40.6655,0.382667
7710000,48,212.387,-21679.5,49.4631,0.387787
7725000,49,213.914,-21695.3,64.7575,0.368067
7740000,68,297.133,-21677.9,77.1496,0.38112
7755000,59,270.994,-21666,63.4608,0.399533
7770000,57,236.535,-21677,60.721,0.392267
7785000,54,236.703,-21689.5,54.4248,0.374667
7800000,59,260.515,-21670.6,51.7773,0.379171
7815000,65,295.358,-21693,65.9151,0.386978
7830000,51,217.532,-21686.2,38.1755,0.3684
7845000,58,255.465,-21680.3,59.8098,0.377356
7860000,49,239.121,-21684.8,43.6684,0.388556
7875000,69,300.858,-21654.2,72.6209,0.391467
7890000,78,334.375,-21653.9,81.8634,0.409533
7905000,65,282.774,-21668.7,63.4448,0.387187
7920000,58,253.568,-21683,60.0886,0.389217
7935000,63,273.381,-21637.5,53.6309,0.374167
7950000,69,303.608,-21645.6,70.9851,0.393733
7965000,51,210.739,-21657.4,57.9401,0.378767
7980000,47,202.388,-21681.7,65.0235,0.371433
7995000,57,239.695,-21641.5,55.9446,0.379333
8010000,58,224.742,-21637.4,49.8474,0.3864
8025000,67,290.929,-21635,68.1047,0.389867
8040000,66,288.868,-21642.6,67.7983,0.4004
8055000,75,320.738,-21653.2,86.9409,0.387067
8070000,77,358.259,-21628.8,74.5928,0.380486
8085000,80,340.419,-21632.5,84.3345,0.393267
8100000,62,276.283,-21635.9,75.1376,0.388267
8115000,73,309.656,-21627.6,66.3625,0.399133
8130000,61,273.824,-21660.5,51.0912,0.39075
8145000,71,315.263,-21611,83.8625,0.3842
8160000,82,369.031,-21633.7,100.316,0.397133
8175000,64,281.897,-21663.3,72.2792,0.375641
8190000,55,230.344,-21652.9,58.1053,0.37965
8205000,72,320.998,-21624.1,58.1363,0.383356
8220000,80,358.269,-21665.1,97.6738,0.394767
8235000,62,269.793,-21679.4,58.5111,0.393583
8250000,75,328.575,-21659.7,68.7558,0.396067
8265000,72,304.931,-21610.4,77.2597,0.385983
8280000,74,334.592,-21612.5,64.8152,0.4025
8295000,67,288.349,-21633.5,63.9269,0.377133
8310000,73,323.142,-21615.1,77.4055,0.389556
8325000,54,236.04,-21677.7,65.1985,0.388456
8340000,64,274.374,-21622.4,59.5072,0.3979
8355000,62,265.278,-21658.8,73.829,0.3917
8370000,76,343.077,-21644.8,60.0267,0.390067
8385000,77,333.599,-21631,71.5566,0.384656
8400000,61,272.74,-21635.8,55.6359,0.377267
8415000,66,285.611,-21617.4,63.6774,0.367333
8430000,71,308.991,-21643.3,62.0632,0.376267
8445000,63,284.528,-21633.2,54.4162,0.390347
8460000,61,283.013,-21635.5,61.3128,0.378133
8475000,61,275.493,-21640.4,56.5543,0.3798
8490000,55,249.819,-21622.9,54.0626,0.371267
8505000,59,274.041,-21638.2,63.0811,0.37196
8520000,75,352.983,-21631.4,75.2103,0.3826
8535000,64,297.078,-21652.8,63.7699,0.387644
8550000,67,280.047,-21637.7,71.5717,0.380383
8565000,62,287.819,-21640.4,63.7973,0.390433
8580000,81,345.31,-21663.9,75.5719,0.392967
8595000,63,270.269,-21619.1,62.2269,0.393667
8610000,79,332.663,-21629,62.7288,0.395667
8625000,74,318.749,-21600,74.5752,0.398
8640000,70,307.023,-21629.4,75.9889,0.389973
8655000,62,261.123,-21601,70.9764,0.3885
8670000,80,356.967,-21635.6,69.8056,0.395633
8685000,69,305.408,-21631.1,70.7966,0.404067
8700000,73,310.219,-21625.7,66.8876,0.390889
8715000,77,344.314,-21630.6,74.8126,0.3878
8730000,49,226.069,-21703.2,49.5635,0.375311
8745000,76,323.24,-21638.7,65.3232,0.403233
8760000,80,360.834,-21651.1,91.0734,0.417333
8775000,54,217.167,-21655.2,57.685,0.404187
8790000,71,306.595,-21654.5,72.7439,0.38875
8805000,56,240.531,-21654.2,57.1523,0.385067
8820000,63,258.717,-21658.1,69.5284,0.378511
8835000,61,267.607,-21651.1,53.8525,0.39864
8850000,66,291.075,-21647.7,70.8741,0.371756
8865000,63,266.223,-21635,73.5698,0.393378
8880000,81,341.93,-21641.9,69.4185,0.4062
8895000,70,288.503,-21633.4,58.5901,0.394117
8910000,93,404.021,-21632.6,94.1135,0.4108
8925000,78,348.121,-21649.3,89.1271,0.414067
8940000,73,308.106,-21648.4,79.343,0.408533
8955000,66,299.982,-21633.9,68.0232,0.394067
8970000,79,354.619,-21676.3,90.5244,0.39075
8985000,60,278.86,-21658.8,58.6749,0.380933
9000000,60,250.888,-21652.6,49.5008,0.392867
9015000,66,295.932,-21647.7,76.2148,0.385467
9030000,67,288.482,-21639.5,52.7462,0.3816
9045000,69,294.074,-21629.6,76.2993,0.378444
9060000,73,327.242,-21633.9,71.6691,0.391788
9075000,80,353.12,-21625.5,81.1931,0.3889
9090000,80,354.181,-21642.3,85.2668,0.38925
9105000,83,395.59,-21648.1,92.2354,0.3992
9120000,74,339.287,-21641.5,73.2328,0.395267
9135000,82,360.53,-21623.4,68.2108,0.39065
9150000,95,438.954,-21617.6,91.7122,0.414867
9165000,84,381.438,-21614.8,79.4361,0.412133
9180000,85,387.722,-21609.3,83.4711,0.397517
9195000,101,450.413,-21640.5,93.5109,0.402867
9210000,86,400.814,-21632.8,88.0247,0.407667
9225000,98,426.386,-21649.3,94.7649,0.405242
9240000,87,384.601,-21632.7,97.2516,0.400233
9255000,75,314.845,-21618.2,76.2711,0.402333
9270000,71,302.829,-21641,61.0238,0.4
9285000,74,328.991,-21661.9,75.9886,0.416117
9300000,83,365.653,-21634.1,89.6969,0.4042
9315000,78,349.13,-21646.9,74.8853,0.413033
9330000,74,321.069,-21649.1,82.6468,0.399521
9345000,64,288.95,-21628.9,71.8028,0.3968
9360000,73,322.399,-21658.9,89.8752,0.399967
9375000,75,343.216,-21643.5,89.3664,0.393167
9390000,77,337.63,-21621.1,72.6889,0.391233
9405000,56,242.281,-21628.8,58.5553,0.3892
9420000,79,345.643,-21605.1,78.9026,0.388733
9435000,86,367.988,-21625.3,123.318,0.402667
9450000,66,278.445,-21647,57.9941,0.383622
9465000,80,353.991,-21641.6,88.4484,0.398833
9480000,78,347.928,-21643.2,85.745,0.395167
9495000,76,322.652,-21613.3,79.6866,0.404733
9510000,70,294.313,-21637.2,68.0043,0.394833
9525000,61,274.976,-21668.2,74.8763,0.381333
9540000,64,264.261,-21635.4,61.0021,0.386756
9555000,63,256.534,-21644.6,63.0747,0.384725
9570000,65,278.758,-21650.8,57.6378,0.3772
9585000,71,301.373,-21640.1,65.7301,0.396667
9600000,73,321.405,-21638.5,77.5476,0.391
9615000,84,376.622,-21653.7,65.2565,0.399733
9630000,65,273.356,-21654.3,62.1376,0.4034
9645000,62,272.409,-21677.8,62.6407,0.403067
9660000,58,258.29,-21659.5,48.948,0.38677
9675000,63,274.08,-21648.8,86.1249,0.386433
9690000,70,304.894,-21630.6,73.212,0.384689
9705000,67,309.515,-21670.2,63.1236,0.389556
9720000,67,288.852,-21624.1,65.688,0.397067
9735000,65,285.947,-21639.8,61.756,0.392733
9750000,86,372.621,-21616.8,98.7587,0.390587
9765000,84,369.281,-21633.7,93.4927,0.406333
9780000,84,372.812,-21629.7,109.647,0.401933
9795000,78,348.256,-21622.5,94.3724,0.407933
9810000,80,354.64,-21639.5,75.3111,0.411067
9825000,57,261.801,-21655.9,54.9847,0.390756
9840000,66,287.416,-21643,62.3018,0.3844
9855000,74,317.19,-21634.7,73.5473,0.410867
9870000,64,263.597,-21647.1,67.6237,0.393133
9885000,66,296.141,-21677.1,60.3248,0.391511
9900000,57,241.567,-21668.5,61.5314,0.3968
9915000,76,337.564,-21658.9,62.0815,0.398333
9930000,82,364.964,-21662.7,82.8041,0.414467
9945000,70,280.565,-21654.6,58.8085,0.411867
9960000,68,314.263,-21654.8,56.1438,0.394533
9975000,79,352.13,-21645.6,94.0913,0.4004
9990000,62,271.037,-21642.3,57.5257,0.397967
10005000,59,264.031,-21641,63.7848,0.405267
10020000,71,318.387,-21633.5,70.4717,0.3922
10035000,78,356.021,-21643.1,84.9272,0.399733
10050000,67,294.635,-21637.9,70.6566,0.392333
10065000,68,296.084,-21623.3,65.6122,0.3862
10080000,56,260.109,-21627.1,51.5095,0.373067
10095000,68,299.882,-21657.6,73.4504,0.394848
10110000,68,282.359,-21656.4,67.1733,0.405933
10125000,59,252.862,-21660.1,70.4907,0.397933
10140000,54,235.033,-21637.4,66.8968,0.383
10155000,62,273.948,-21627.9,52.7792,0.393333
10170000,57,243.791,-21630.2,64.5807,0.394867
10185000,93,390.861,-21646.1,117.62,0.398
10200000,63,267.453,-21661.5,49.834,0.392499
10215000,85,360.561,-21640.8,76.5454,0.4206
10230000,62,268.321,-21653.1,56.8926,0.392367
10245000,65,280.761,-21647.2,69.1427,0.394433
10260000,71,312.647,-21625.8,59.3966,0.399133
10275000,70,305.048,-21624.8,64.5378,0.3886
10290000,64,281.222,-21630.6,80.1896,0.377533
10305000,88,412.095,-21624.8,83.1592,0.3947
10320000,83,367.07,-21633,77.7283,0.412
10335000,65,283.014,-21647.8,66.9554,0.383418
10350000,67,292.272,-21649.7,53.5385,0.393717
10365000,78,337.601,-21646.2,70.8049,0.3976
10380000,61,257.013,-21627.7,52.9175,0.4022
10395000,70,308.831,-21629.9,57.6256,0.3888
10410000,60,255.219,-21608.5,70.5519,0.382067
10425000,69,289.053,-21644.4,64.6467,0.3908
10440000,64,284.719,-21640.2,79.7547,0.385133
10455000,63,291.258,-21652.4,47.0095,0.384017
10470000,68,289.891,-21671.8,77.5171,0.393533
10485000,66,265.204,-21617.7,63.2855,0.38805
10500000,71,310.933,-21620.5,72.8264,0.393733
10515000,73,302.199,-21621.7,59.526,0.3956
10530000,63,282.089,-21627.4,53.9523,0.38465
10545000,65,272.931,-21664.6,59.6823,0.381
10560000,68,299.726,-21643.7,64.772,0.384933
10575000,59,247.241,-21631.8,58.2738,0.3762
10590000,65,268.18,-21651.7,59.3517,0.38584
10605000,67,297.172,-21647.9,75.0269,0.3852
10620000,64,284.834,-21654,71.0394,0.382511
10635000,55,231.533,-21659.2,57.0235,0.379233
10650000,52,225.03,-21711.1,46.1584,0.381672
10665000,79,342.793,-21651.4,82.9292,0.388567
10680000,69,307.318,-21633,72.5571,0.397067
10695000,74,302.232,-21634.6,71.0397,0.3928
10710000,69,299.729,-21645.1,61.9006,0.403667
10725000,74,324.049,-21627.4,72.6194,0.40181
10740000,85,371.816,-21627.4,94.3926,0.404733
10755000,70,317.705,-21640,57.8974,0.392956
10770000,72,306.442,-21634.9,63.7952,0.399
10785000,81,360.363,-21648.9,75.7746,0.401333
10800000,61,278.061,-21656.7,58.593,0.38426
10815000,81,346.905,-21623.6,88.9303,0.407567
10830000,79,334.263,-21631,85.7038,0.397067
10845000,97,421.026,-21634.2,83.7668,0.404019
10860000,83,351.82,-21629.7,93.8223,0.424667
10875000,65,276.313,-21614.7,57.5036,0.395
10890000,77,332.888,-21638.9,80.9699,0.393133
10905000,72,337.734,-21631.9,59.9027,0.410667
10920000,74,313.533,-21642.4,68.9673,0.3954
10935000,83,379.801,-21625.1,89.162,0.399217
10950000,84,382.662,-21620.1,69.2146,0.404933
10965000,77,354.739,-21628.6,77.6637,0.409133
10980000,77,341.951,-21657.4,68.5321,0.407517
10995000,66,287.648,-21648.8,61.1068,0.3906
11010000,71,297.419,-21674,85.1479,0.387867
11025000,78,343.106,-21636.9,88.089,0.401422
11040000,64,286.925,-21642.3,70.1697,0.381933
11055000,76,334.592,-21635.9,70.4622,0.384333
11070000,76,329.041,-21662.2,74.824,0.396541
11085000,68,292.283,-21638,62.8576,0.395933
11100000,81,359.29,-21634.9,82.342,0.3866
11115000,69,294.597,-21680.4,80.285,0.3928
11130000,71,307.15,-21646.7,67.4891,0.388733
11145000,81,356.327,-21661.4,74.0167,0.408333
11160000,65,277.876,-21655.9,62.1614,0.386533
11175000,69,301.873,-21627.9,70.7796,0.393733
11190000,73,316.791,-21645.1,72.1931,0.396467
11205000,76,326.274,-21639.1,87.8277,0.400667
11220000,90,391.611,-21628.5,95.4292,0.390933
11235000,82,347.456,-21662,90.0459,0.393817
11250000,78,345.255,-21629.1,79.9629,0.401267
11265000,84,383.148,-21643.1,92.2747,0.399533
11280000,64,282.207,-21627.2,54.3982,0.399267
11295000,89,380.783,-21638.8,84.4811,0.4028
11310000,79,351.591,-21625.1,69.1784,0.3962
11325000,76,344.7,-21626.5,82.5942,0.398667
11340000,72,314.133,-21640.8,70.365,0.396
11355000,71,301.041,-21625.9,73.8731,0.397067
11370000,87,384.365,-21640.3,105.036,0.406133
11385000,78,342.61,-21636.7,66.7752,0.4074
11400000,92,417.061,-21651.6,93.1262,0.405133
11415000,79,335.103,-21637.6,74.7007,0.415133
11430000,78,308.674,-21646.9,60.9251,0.406363
11445000,79,346.76,-21631.7,82.7954,0.395867
11460000,76,351.183,-21657,90.8673,0.3901
11475000,81,337.151,-21624.2,69.6878,0.401
11490000,73,327.408,-21639.5,63.6746,0.3966
11505000,87,397.135,-21656.3,87.9379,0.412
11520000,64,289.933,-21673.2,58.0183,0.394122
11535000,87,402.505,-21655.6,70.7051,0.417433
11550000,65,284.257,-21647.1,53.6798,0.400233
11565000,81,350.558,-21637.6,102.979,0.4106
11580000,71,311.914,-21636.4,73.5403,0.406333
11595000,82,365.492,-21635.7,87.7414,0.416867
11610000,55,230.906,-21660.3,75.7114,0.392756
11625000,75,313.933,-21642,75.3992,0.4007
11640000,74,316.117,-21635.7,68.3085,0.380133
11655000,79,331.773,-21633.1,86.4726,0.398333
11670000,83,370.43,-21628.5,79.9043,0.3971
11685000,70,315.527,-21636.2,71.7307,0.405133
11700000,68,292.094,-21641.4,72.3824,0.404244
11715000,79,345.486,-21620.7,74.2317,0.394633
11730000,72,319.384,-21634.5,67.5921,0.395
11745000,64,284.559,-21650.9,63.282,0.391911
11760000,65,280.604,-21655.1,72.6066,0.3856
11775000,71,305.494,-21636.2,86.7643,0.389067
11790000,69,291.263,-21635.7,59.8857,0.399267
11805000,72,308.348,-21635.9,61.2819,0.392933
11820000,72,332.978,-21656,68.7701,0.387933
11835000,79,346.988,-21612.6,72.6498,0.383511
11850000,74,320.23,-21678.5,67.5706,0.387703
11865000,73,297.51,-21652,46.7947,0.403689
11880000,75,353.236,-21611.4,92.2543,0.400689
11895000,76,335.877,-21616.5,80.9506,0.404867
11910000,78,351.669,-21653.6,67.6489,0.399778
11925000,82,363.107,-21590.5,75.1879,0.395067
11940000,92,398.437,-21583.8,76.5567,0.4018
11955000,101,440.587,-21590,102.495,0.4042
11970000,73,306.614,-21635.3,71.066,0.402767
11985000,79,351.686,-21642.3,84.8095,0.405267
12000000,83,365.795,-21645.6,76.5925,0.414067
12015000,86,374.675,-21620.9,102.771,0.403567
12030000,86,359.504,-21606.5,83.431,0.393467
12045000,79,335.845,-21615,78.7009,0.403067
12060000,77,342.214,-21644.4,91.5473,0.408133
12075000,47,196.078,-21667.9,65.1513,0.39092
12090000,65,290.506,-21645.1,63.456,0.381867
12105000,69,302.833,-21658.9,74.7706,0.3868
12120000,84,379.507,-21620.7,82.4539,0.392733
12135000,80,343.028,-21630,73.7357,0.405867
12150000,81,368.018,-21626.4,86.4399,0.401933
12165000,82,349.461,-21611.4,79.6521,0.403467
12180000,85,379.131,-21574.6,90.3623,0.412933
12195000,90,404.068,-21601,90.6935,0.404267
12210000,90,404.712,-21598,85.7859,0.403
12225000,85,389.84,-21598.5,79.7063,0.415333
12240000,74,335.318,-21609.4,67.6403,0.393333
12255000,58,225.182,-21662.2,51.292,0.39492
12270000,83,374.701,-21622.6,69.6532,0.4051
12285000,61,259.462,-21674.5,73.1804,0.386767
12300000,79,346.581,-21616.4,84.8879,0.393933
12315000,82,342.181,-21632.9,86.8787,0.411867
12330000,74,317.065,-21627.2,65.5211,0.401533
12345000,84,340.842,-21601.4,79.3169,0.398133
12360000,66,300.614,-21655,68.8274,0.393453
12375000,74,311.111,-21621.8,80.5164,0.384167
12390000,68,293.606,-21623.6,52.6967,0.3946
12405000,52,236.225,-21670.2,67.7668,0.387074
12420000,63,282.868,-21654.9,63.9587,0.367533
12435000,82,385.586,-21615.6,82.1835,0.3974
12450000,77,343.344,-21629,64.0413,0.403933
12465000,74,308.411,-21621.3,85.9014,0.409133
12480000,72,332.087,-21628.5,87.5661,0.4026
12495000,81,351.613,-21638.6,93.1266,0.394126
12510000,72,326.289,-21657.9,62.5252,0.411533
12525000,63,290.775,-21660.4,56.428,0.408467
12540000,59,252.856,-21629.2,55.4667,0.393833
12555000,68,304.565,-21643.7,67.1699,0.383733
12570000,67,297.903,-21633.2,65.5167,0.3822
12585000,71,311.321,-21609,75.7281,0.397606
12600000,76,333.221,-21616.5,76.2207,0.405267
12615000,65,274.801,-21644.1,65.6544,0.402289
12630000,60,254.854,-21622,54.4915,0.379633
12645000,77,340.358,-21613.4,72.3672,0.3856
12660000,58,256.345,-21662.5,58.8986,0.381126
12675000,82,381.56,-21634.5,81.8823,0.3974
12690000,69,287.523,-21643.2,75.9578,0.384973
12705000,72,299.037,-21664.4,58.8713,0.3874
12720000,77,343.19,-21655.7,71.2088,0.3992
12735000,82,357.468,-21610.8,69.0153,0.3961
12750000,71,291.436,-21653.2,83.0197,0.410533
12765000,74,331.317,-21644.2,75.3931,0.394981
12780000,80,339.936,-21636.5,97.377,0.414133
12795000,95,428.293,-21642.2,77.3077,0.411867
12810000,77,343.556,-21639,66.3624,0.4134
12825000,81,356.606,-21646.8,73.1598,0.397667
12840000,62,280.111,-21618.6,68.7141,0.40195
12855000,64,261.867,-21635.6,71.3211,0.3946
12870000,82,360.939,-21654.5,65.3937,0.387733
12885000,76,326.251,-21648.6,80.646,0.3924
12900000,65,284.78,-21665.3,53.8736,0.389567
12915000,62,269.234,-21632.7,73.269,0.391267
12930000,66,282.111,-21647.7,68.7315,0.397233
12945000,68,308.279,-21635.4,60.2344,0.387467
12960000,77,350.8,-21625.5,82.9564,0.397733
12975000,71,296.877,-21645.5,78.1814,0.393683
12990000,81,365.46,-21615.5,70.2208,0.393867
13005000,83,345.683,-21617.2,79.1791,0.408
13020000,65,294.93,-21621.2,82.3902,0.395133
13035000,64,276.376,-21657.1,79.508,0.396733
13050000,66,261.85,-21614.2,61.9515,0.380697
13065000,66,289.199,-21654.1,57.6492,0.409567
13080000,62,277.242,-21638.1,49.7162,0.396617
13095000,75,330.193,-21644.7,81.4775,0.387044
13110000,75,325.766,-21654.1,77.6999,0.396667
13125000,72,309.178,-21661.4,89.5342,0.398633
13140000,61,274.784,-21656.6,65.458,0.3926
13155000,60,290.2,-21646.4,47.1762,0.381333
13170000,77,340.972,-21607.3,74.0206,0.390111
13185000,78,325.964,-21643.3,62.4963,0.383833
13200000,83,371.554,-21614.4,80.1508,0.4
13215000,77,335.879,-21624,85.7826,0.405467
13230000,77,343.189,-21621.3,71.0492,0.391
13245000,66,285.15,-21613.2,67.866,0.390778
13260000,55,239.671,-21651.8,55.9462,0.388778
13275000,63,294.857,-21622.9,43.7387,0.384622
13290000,81,369.62,-21633.6,91.3234,0.387689
13305000,63,273.854,-21663.7,68.2844,0.390867
13320000,68,296.897,-21656,50.7455,0.386867
13335000,82,355.401,-21636.3,76.1398,0.400022
13350000,72,312.152,-21661.8,58.8496,0.385289
13365000,72,323.721,-21639.1,69.7471,0.3983
13380000,80,346.761,-21636.4,87.6423,0.387333
13395000,53,237.908,-21643.5,49.3051,0.389333
13410000,69,310.823,-21625.5,73.6237,0.3957
13425000,79,349.33,-21629.3,74.3421,0.401867
13440000,75,306.891,-21635.8,69.5119,0.396342
13455000,69,302.917,-21628.1,78.2417,0.391467
13470000,72,326.85,-21629.5,74.4766,0.392867
13485000,73,332.723,-21632.2,80.7007,0.393133
13500000,76,329.364,-21642.6,71.3018,0.3864
13515000,71,311.674,-21647.3,71.2773,0.401227
13530000,60,261.743,-21642.3,54.3328,0.379967
13545000,47,200.461,-21685.9,44.8745,0.397187
13560000,69,308.963,-21650.5,59.0801,0.396267
13575000,71,314.572,-21639.8,72.0805,0.387644
13590000,71,296.633,-21638.9,73.4857,0.3918
13605000,70,314.306,-21666,80.2514,0.399556
13620000,67,293.914,-21642.8,70.5424,0.386567
13635000,64,285.39,-21652.4,64.6956,0.378367
13650000,70,324.999,-21666.8,64.7466,0.3952
13665000,70,291.574,-21649.4,85.486,0.393067
13680000,63,293.291,-21652.4,57.1004,0.388133
13695000,64,284.419,-21648.1,66.8815,0.385867
13710000,59,231.44,-21647.7,65.6851,0.3946
13725000,65,277.539,-21684,53.8594,0.400333
13740000,54,242.041,-21655.3,48.3615,0.383744
13755000,61,275.879,-21663.5,55.2331,0.393533
13770000,63,291.484,-21624.8,55.3099,0.385233
13785000,74,325.96,-21635.7,59.8185,0.385667
13800000,68,300.801,-21651.4,72.9213,0.383933
13815000,68,298.348,-21646.4,66.9512,0.4028
13830000,68,294.416,-21679.1,61.9613,0.405067
13845000,65,280.805,-21640.7,73.391,0.390067
13860000,62,275.35,-21685,73.4737,0.3965
13875000,59,262.258,-21671.9,64.3703,0.389433
13890000,56,233.657,-21687.5,51.0391,0.3931
13905000,63,253.953,-21693.2,56.2178,0.409267
13920000,60,259.383,-21657.2,73.1744,0.386422
13935000,60,262.812,-21676.4,60.7721,0.405233
13950000,64,279.732,-21642.3,72.1195,0.387467
13965000,46,195.418,-21665.3,44.3648,0.390467
13980000,69,309.449,-21666.9,76.9247,0.3851
13995000,76,328.546,-21660.6,69.0615,0.409733
14010000,79,349.634,-21647.6,68.697,0.4098
14025000,63,282.653,-21693.8,65.797,0.400367
14040000,62,277.879,-21689.9,53.2724,0.399467
14055000,72,319.395,-21652.9,75.1534,0.409422
14070000,80,344.721,-21651.8,69.0849,0.4162
14085000,75,333.004,-21641.6,75.7157,0.414467
14100000,71,288.34,-21638.9,70.0104,0.3892
14115000,76,336.934,-21655,72.8507,0.380128
14130000,71,311.52,-21661.3,98.0757,0.3958
14145000,73,320.01,-21654.1,88.0493,0.4016
14160000,74,326.863,-21636.4,84.2908,0.394467
14175000,87,372.624,-21644.3,92.6937,0.397296
14190000,77,340.754,-21665.5,75.9237,0.409867
14205000,74,311.556,-21655.3,71.411,0.406578
14220000,74,317.95,-21650.7,73.2164,0.407733
14235000,68,297.635,-21657.6,68.2401,0.399567
14250000,65,283.867,-21651.2,80.533,0.399444
14265000,61,267.95,-21660.2,75.2439,0.391533
14280000,63,265.134,-21653.3,66.476,0.392533
14295000,66,297.592,-21665.3,49.1756,0.404
14310000,65,284.119,-21690.4,52.4149,0.397489
14325000,75,326.044,-21648.8,68.0829,0.406
14340000,68,285.08,-21651.4,65.8716,0.399267
14355000,60,243.743,-21661.6,58.8379,0.402933
14370000,67,290.351,-21685,72.2257,0.402883
14385000,61,268.09,-21632.3,51.9099,0.3979
14400000,66,297.856,-21651.5,62.3361,0.390733
14415000,67,305.754,-21671.6,72.265,0.3932
14430000,66,289.244,-21649.7,64.3513,0.397667
14445000,72,312.322,-21645.1,83.975,0.397933
14460000,62,266.329,-21693.7,81.8735,0.380956
14475000,62,268.464,-21667.9,64.0844,0.4004
14490000,69,297.714,-21669.4,64.339,0.39608
14505000,73,326.193,-21669.8,74.1764,0.406733
14520000,62,281.262,-21668.2,61.6818,0.394333
14535000,60,272.711,-21665.1,55.6865,0.3886
14550000,78,346.356,-21660.2,64.1315,0.389667
14565000,84,362.167,-21666.8,77.645,0.396533
14580000,76,342.573,-21659.3,72.8707,0.4092
14595000,63,263.949,-21667.8,62.9989,0.399389
14610000,77,326.278,-21653.4,73.5897,0.3928
14625000,52,237.039,-21675.1,42.3087,0.391167
14640000,70,293.665,-21661,73.7975,0.396633
14655000,67,303.368,-21682.9,64.462,0.389567
14670000,81,368.922,-21670.7,86.4897,0.408333
14685000,62,268.768,-21673.8,61.938,0.399756
14700000,66,280.283,-21635.2,64.2719,0.402433
14715000,66,292.232,-21659.4,74.8475,0.392246
14730000,71,300.402,-21667.5,89.891,0.389033
14745000,71,328.537,-21639.5,65.9501,0.401433
14760000,74,329.43,-21647,79.8397,0.412133
14775000,79,352.601,-21665.9,87.5719,0.396989
14790000,77,345.875,-21653.9,74.3477,0.408067
14805000,61,263.592,-21636,50.7022,0.394711
14820000,60,268.388,-21684.5,59.7049,0.399122
14835000,76,335.307,-21643.2,65.8013,0.399556
14850000,66,279.184,-21652.2,70.4128,0.399133
14865000,64,268.104,-21629.2,58.6161,0.380117
14880000,55,243.425,-21631.6,63.4796,0.382733
14895000,43,171.62,-21688.3,49.6307,0.385173
14910000,68,293.813,-21621.6,88.0518,0.382733
14925000,63,277.098,-21685.7,70.6488,0.390533
14940000,80,342.191,-21666.4,69.7122,0.387956
14955000,86,379.944,-21626,72.5557,0.410867
14970000,64,282.466,-21608.9,68.0405,0.387183
14985000,68,316.335,-21625.6,51.8558,0.3848
15000000,76,327.002,-21629,62.8379,0.406
15015000,71,327.735,-21680.9,70.3699,0.394078
15030000,84,357.397,-21637.1,89.784,0.397267
15045000,72,312.937,-21660,53.9327,0.399533
15060000,67,303.115,-21661.9,62.2715,0.401133
15075000,65,285.84,-21640.4,72.98,0.392333
15090000,68,301.639,-21672,46.3073,0.4044
15105000,66,284.488,-21643.4,57.4335,0.399657
15120000,58,262.373,-21659.2,67.5834,0.395267
15135000,65,291.162,-21669,54.9475,0.387467
15150000,63,289.043,-21663.9,67.4712,0.397333
15165000,67,291.235,-21663.6,65.0107,0.38896
15180000,58,267.404,-21657,63.755,0.385715
15195000,69,302.106,-21667.6,82.6284,0.397844
15210000,67,312.045,-21661.2,63.8305,0.403367
15225000,68,283.108,-21639.8,82.5007,0.387183
15240000,50,234.457,-21678.9,40.0765,0.388311
15255000,78,347.279,-21635.6,69.4446,0.393667
15270000,59,267.118,-21659.5,66.2969,0.388583
15285000,72,316.663,-21643.4,77.772,0.400667
15300000,66,296.027,-21629.4,57.1592,0.379633
15315000,74,321.757,-21631.9,80.0419,0.396733
15330000,80,359.844,-21634.1,76.8679,0.399133
15345000,76,324.294,-21643.7,89.0963,0.393733
15360000,72,326.64,-21661.2,76.7194,0.395733
15375000,66,278.415,-21631,64.0264,0.3792
15390000,72,316.116,-21633.5,92.5851,0.3896
15405000,81,337.254,-21644.7,86.7236,0.396933
15420000,52,220.486,-21675.5,52.9651,0.381428
15435000,92,425.684,-21629.7,88.7018,0.402533
15450000,81,377.137,-21658.8,90.3047,0.409
15465000,55,242.783,-21674.8,45.7578,0.375756
15480000,84,369.632,-21644.3,78.3021,0.398067
15495000,75,315.652,-21622.9,90.8067,0.406
15510000,77,341.018,-21638,73.8982,0.3996
15525000,71,297.997,-21628.2,55.5125,0.396333
15540000,81,353.843,-21656.7,85.716,0.398733
15555000,75,306.866,-21660.7,68.2764,0.402333
15570000,75,339.527,-21627.9,67.7534,0.394267
15585000,59,253.574,-21626,59.4819,0.398844
15600000,58,251.202,-21650.2,41.8621,0.3716
15615000,88,366.282,-21615.8,80.3187,0.394911
15630000,86,372.734,-21636.8,72.3403,0.417667
15645000,86,373.501,-21618.3,89.2655,0.4148
15660000,71,321.379,-21634.9,65.7448,0.395133
15675000,69,300.409,-21659.2,62.8401,0.385114
15690000,88,384.477,-21626.9,76.9309,0.410667
15705000,97,410.235,-21603.4,81.8119,0.4084
15720000,56,237.521,-21657.9,57.0951,0.393356
15735000,79,346.437,-21624,67.5639,0.4022
15750000,61,264.876,-21689.1,45.5957,0.39472
15765000,65,280.989,-21660.1,75.5153,0.390667
15780000,57,249.134,-21674.6,62.2806,0.375467
15795000,57,262.303,-21640.1,57.1146,0.3887
15810000,81,352.729,-21645.9,89.5415,0.398222
15825000,68,289.502,-21644.7,60.5561,0.376533
15840000,70,295.226,-21642.3,61.349,0.387044
15855000,67,290.028,-21628.3,71.3338,0.393
15870000,55,232.565,-21640,46.7396,0.379378
15885000,73,330.491,-21635.4,81.2858,0.3822
15900000,66,292.45,-21619.6,79.2031,0.373933
15915000,61,265.532,-21638.6,58.0756,0.3742
15930000,73,316.287,-21609.9,66.5758,0.371
15945000,76,330.576,-21684.6,78.6806,0.383752
15960000,82,351.257,-21618.5,74.5475,0.3892
15975000,85,362.676,-21608.5,86.6145,0.396067
15990000,56,249.22,-21654.4,57.4334,0.372067
16005000,55,237.013,-21643.1,61.4983,0.37
16020000,81,359.34,-21631.5,87.5232,0.395822
16035000,82,364.107,-21632.4,82.0288,0.412133
16050000,87,377.382,-21628.8,68.915,0.411933
16065000,91,401.356,-21642.8,88.879,0.415667
16080000,82,353.577,-21652,88.4326,0.412467
16095000,53,244.037,-21653,50.8147,0.385333
16110000,56,248.091,-21657.9,52.2756,0.366467
16125000,58,254.745,-21630.2,52.4098,0.380133
16140000,53,224.999,-21670.4,61.6104,0.388374
16155000,64,289.906,-21657.3,48.7554,0.398947
16170000,59,262.495,-21627.3,63.7721,0.380022
16185000,57,264.71,-21630.8,67.4362,0.373267
16200000,59,262.978,-21638.6,52.5642,0.372533
16215000,85,377.466,-21626.8,80.1917,0.394533
16230000,71,307.078,-21646.5,65.6883,0.404067
16245000,62,271.549,-21668.9,69.9579,0.387981
16260000,58,257.493,-21659.3,58.2126,0.385571
16275000,74,324.686,-21669,81.9122,0.397433
16290000,64,273.164,-21648.2,68.8013,0.38795
16305000,56,255.587,-21646.1,47.4667,0.383867
16320000,60,260.812,-21680.4,59.4604,0.388733
16335000,63,279.536,-21661,64.6521,0.404533
16350000,67,282.895,-21649.6,63.1703,0.381767
16365000,64,275.875,-21673.9,63.7709,0.3966
16380000,74,301.574,-21669.7,71.7249,0.39955
16395000,64,283.797,-21661.3,74.4845,0.4046
16410000,54,238.513,-21649.4,58.6314,0.394107
16425000,59,264.584,-21663.4,60.0293,0.378133
16440000,52,239.175,-21663.7,49.4472,0.378133
16455000,76,324.316,-21638.4,82.6565,0.390983
16470000,52,232.466,-21659.9,56.7526,0.387571
16485000,81,351.628,-21623.2,73.0818,0.400467
16500000,65,277.243,-21672.3,70.6671,0.38945
16515000,74,321.98,-21650.3,79.1324,0.4028
16530000,67,295.902,-21640.8,66.9708,0.392667
16545000,68,301.472,-21617.7,86.7282,0.393867
16560000,52,230.719,-21675.7,56.3813,0.395117
16575000,85,374.789,-21633.4,65.0349,0.401267
16590000,73,328.123,-21630.8,65.6746,0.407667
16605000,64,293.504,-21651.1,74.0789,0.400133
16620000,57,238.813,-21676.6,56.8295,0.389653
16635000,73,322.075,-21645.8,69.8732,0.388367
16650000,78,341.081,-21630.4,88.4349,0.395467
16665000,78,333.515,-21632.4,87.984,0.400067
16680000,73,301.984,-21672.8,69.1165,0.3943
16695000,87,386.415,-21626.7,83.2083,0.4107
16710000,105,473.19,-21619,88.8328,0.405
16725000,75,348.184,-21655.7,82.5139,0.411756
16740000,72,328.951,-21659.3,64.7664,0.396867
16755000,81,371.161,-21633.7,83.2449,0.414022
16770000,78,345.914,-21630.3,67.5495,0.398533
16785000,75,345.922,-21624.9,73.4106,0.402733
16800000,51,209.794,-21667.3,57.232,0.393922
16815000,65,288.842,-21631.8,60.9752,0.389633
16830000,60,260.887,-21641.7,61.6011,0.389
16845000,58,256.038,-21663,47.2687,0.39901
16860000,67,302.686,-21639.1,67.3223,0.3894
16875000,47,201.089,-21694.6,48.023,0.386253
16890000,75,338.968,-21627.7,77.8699,0.388033
16905000,71,320.516,-21614.7,76.3996,0.399867
16920000,56,241.463,-21669.8,58.1797,0.38032
16935000,72,308.112,-21627.1,64.4256,0.3925
16950000,91,403.051,-21630.3,81.622,0.400733
16965000,51,231.43,-21685.8,42.752,0.386367
16980000,72,287.093,-21625.5,71.0348,0.396033
16995000,82,358.38,-21629.6,88.6399,0.381
17010000,67,290.794,-21663.7,85.1542,0.394333
17025000,71,293.185,-21626.3,56.8454,0.395233
17040000,47,216.246,-21680.8,41.1855,0.37784
17055000,64,272.525,-21632.5,65.725,0.3778
17070000,67,295.091,-21661.6,65.1494,0.387667
17085000,58,265.055,-21671.7,50.9436,0.391867
17100000,53,238.976,-21689.7,45.9257,0.384933
17115000,69,310.898,-21630.5,59.3106,0.38485
17130000,67,286.413,-21625.9,73.3081,0.383933
17145000,72,308.089,-21620.3,86.7511,0.391533
17160000,69,309.479,-21668.6,69.5423,0.391322
17175000,60,266.371,-21667.8,49.2973,0.395533
17190000,77,337.739,-21602.1,83.1433,0.402178
17205000,74,324.262,-21593.8,57.4364,0.394
17220000,86,380.669,-21629.7,95.9365,0.391333
17235000,78,352.268,-21644,66.6366,0.399533
17250000,81,358.115,-21644.6,88.495,0.4006
17265000,66,293.847,-21654.5,76.6806,0.389285
17280000,76,335.414,-21631.5,76.6122,0.3983
17295000,79,355.453,-21622,80.1219,0.392333
17310000,91,394.638,-21624.2,87.4321,0.4026
17325000,68,286.592,-21694.3,76.815,0.38325
17340000,75,344.911,-21617.4,73.4193,0.401
17355000,72,320.432,-21645.1,81.5306,0.383733
17370000,77,345.706,-21656.5,69.8638,0.399533
17385000,83,374.523,-21658.1,93.9626,0.407533
17400000,82,352.561,-21617.2,85.1725,0.402867
17415000,94,412.142,-21616.2,95.9259,0.402733
17430000,91,411.508,-21609,100.567,0.420133
17445000,91,397.933,-21595.5,78.8177,0.417333
17460000,57,243.066,-21666.8,53.2218,0.384368
17475000,77,335.524,-21624.3,71.4233,0.4059
17490000,81,342.021,-21592.1,89.3395,0.391133
17505000,87,386.849,-21619.5,89.9014,0.390467
17520000,70,302.188,-21619.6,67.3135,0.385467
17535000,79,353.817,-21636.2,84.5598,0.38599
17550000,72,326.958,-21663.6,81.4948,0.395567
17565000,57,251.27,-21644.8,53.9779,0.388343
17580000,62,257.601,-21642.4,66.6726,0.3716
17595000,68,288.836,-21639.1,75.7523,0.385733
17610000,63,287.816,-21644.6,60.6034,0.390483
17625000,67,290.346,-21654.3,63.4883,0.390467
17640000,52,225.615,-21644.8,54.6328,0.38
17655000,58,249.701,-21662.4,56.8074,0.385467
17670000,59,246.782,-21656.5,48.5042,0.390793
17685000,63,281.874,-21661.8,63.0693,0.380889
17700000,58,236.489,-21644.7,53.6363,0.3854
17715000,68,294.326,-21665.4,79.7524,0.3955
17730000,55,238.295,-21635.6,57.0039,0.380133
17745000,56,254.439,-21641.9,55.6954,0.3871
17760000,61,265.766,-21631.3,54.7892,0.380533
17775000,78,331.632,-21616.2,68.1882,0.385667
17790000,81,360.89,-21643.5,68.045,0.389667
17805000,80,356.575,-21623.9,83.9586,0.398267
17820000,61,257.101,-21633.8,48.6893,0.380033
17835000,57,256.471,-21659.8,64.1962,0.38541
17850000,60,255.098,-21649.4,56.2038,0.3879
17865000,77,344.482,-21614.8,61.5354,0.390883
17880000,90,394.831,-21609.6,93.1758,0.405467
17895000,92,398.052,-21621.8,93.0522,0.4058
17910000,79,333.861,-21635.3,92.8668,0.391083
17925000,96,422.329,-21633,104.401,0.409433
17940000,69,274.192,-21664.6,49.6106,0.4
17955000,57,255.569,-21660,48.4652,0.388508
17970000,77,343.876,-21614.5,72.1427,0.4014
17985000,75,352.183,-21620.8,74.825,0.384933
18000000,52,226.093,-21696.6,60.0077,0.397556
18015000,74,334.944,-21638.5,71.8656,0.389547
18030000,72,324.956,-21642.4,74.9696,0.385933
18045000,84,372.251,-21646.6,79.0096,0.413417
18060000,72,287.673,-21635.8,67.8371,0.3841
18075000,80,364.848,-21615.2,63.0995,0.3964
18090000,85,393.578,-21617.6,69.2789,0.410267
18105000,80,349.383,-21626.3,76.5501,0.399067
18120000,64,282.387,-21639.6,71.8395,0.401133
18135000,72,311.813,-21643.8,63.8673,0.3954
18150000,80,355.88,-21642.7,73.3867,0.387167
18165000,69,318.329,-21642.9,68.6695,0.399067
18180000,79,334.615,-21658.3,84.8759,0.398
18195000,62,260.306,-21646.7,72.3312,0.389867
18210000,71,319.225,-21641.7,62.3218,0.384667
18225000,63,264.174,-21643.2,73.6715,0.392347
18240000,74,325.992,-21616.2,84.2489,0.3887
18255000,64,278.979,-21645.9,71.8747,0.398733
18270000,68,294.958,-21644.7,69.2653,0.386067
18285000,67,289.004,-21643.5,61.4323,0.387267
18300000,74,324.724,-21645.9,69.0839,0.3964
18315000,72,314.603,-21614.9,76.3001,0.3958
18330000,65,272.818,-21630.4,68.5494,0.388722
18345000,63,279.247,-21614.5,71.2014,0.395467
18360000,64,288.028,-21627.9,67.951,0.392733
18375000,62,268.138,-21640.9,51.7821,0.3872
18390000,55,257.524,-21676.4,60.1422,0.386188
18405000,63,277.319,-21631.3,50.5534,0.385
18420000,72,314.298,-21629.5,89.877,0.397667
18435000,67,309.943,-21637.6,74.9597,0.392333
18450000,62,280.11,-21666.7,55.523,0.3882
18465000,65,267.57,-21635,76.1419,0.386533
18480000,69,309.037,-21639.4,64.4594,0.394933
18495000,71,315.954,-21628,61.9766,0.3784
18510000,88,384.502,-21624.9,98.6746,0.3992
18525000,76,340.567,-21638.7,76.8578,0.399867
18540000,72,334.681,-21614.4,75.0714,0.398067
18555000,70,312.439,-21637.8,77.9996,0.392867
18570000,62,272.901,-21638.2,63.2436,0.38965
18585000,60,260.114,-21645.2,56.8807,0.384633
18600000,64,271.126,-21623.5,76.5829,0.3827
18615000,77,336.742,-21635.8,63.348,0.393933
18630000,73,317.101,-21637,97.8221,0.388267
18645000,76,340.796,-21638.2,73.3409,0.4036
18660000,90,375.202,-21616.7,89.4196,0.393111
18675000,83,372.452,-21633.1,91.3864,0.401133
18690000,91,409.714,-21629.1,96.9923,0.405978
18705000,87,387.98,-21636.5,81.7287,0.408533
18720000,75,323.386,-21624.4,77.8934,0.407333
18735000,79,340.998,-21634.9,65.8234,0.390883
18750000,77,324.039,-21625,84.8424,0.393367
18765000,75,333.509,-21625.2,57.7772,0.3922
18780000,90,394.134,-21614,79.9166,0.4068
18795000,90,381.119,-21615.2,101.544,0.401533
18810000,65,291.253,-21651.3,60.2887,0.388427
18825000,75,333.302,-21632.2,67.1564,0.3983
18840000,71,325.426,-21632.7,75.1749,0.387867
18855000,56,253.518,-21659.9,53.2981,0.385381
18870000,75,327.049,-21621.3,79.9528,0.391767
18885000,65,285.813,-21623.7,81.6316,0.376
18900000,56,242.128,-21629.7,66.6454,0.382067
18915000,70,309.2,-21627.6,74.459,0.385356
18930000,83,359.333,-21648.7,70.5144,0.3933
18945000,71,310.733,-21622.7,74.2852,0.400733
18960000,70,298.428,-21618.6,87.3051,0.388867
18975000,71,292.987,-21617.7,62.2495,0.379
18990000,62,278.6,-21655.7,66.9702,0.37972
19005000,65,295.864,-21638.4,66.2368,0.3856
19020000,64,267.793,-21625.6,55.178,0.389911
19035000,74,322.951,-21631.8,68.9344,0.3851
19050000,84,371.97,-21642.3,90.4736,0.3893
19065000,74,331.685,-21637.2,68.2687,0.4036
19080000,73,305.381,-21641.5,66.0457,0.393467
19095000,79,340.658,-21624,77.5392,0.390756
19110000,76,323.669,-21629.7,78.1624,0.3963
19125000,89,377.498,-21626.1,104.009,0.402133
19140000,86,385.726,-21596.7,87.7788,0.404267
19155000,62,289.747,-21636.9,61.3206,0.398067
19170000,82,369.145,-21603,98.7479,0.391
19185000,59,258.427,-21660.4,63.4719,0.386033
19200000,68,278.897,-21655.5,71.5343,0.390933
19215000,76,317.715,-21655.7,70.1458,0.396133
19230000,74,319.083,-21620.5,77.854,0.395517
19245000,70,323.61,-21642,60.7006,0.3956
19260000,72,307.416,-21629.2,62.8028,0.396333
19275000,72,327.925,-21639.1,75.5492,0.399133
19290000,83,357.623,-21686.7,83.4825,0.384995
19305000,92,416.312,-21652.9,84.0283,0.403267
19320000,81,337.599,-21657.5,80.2936,0.397552
19335000,70,317.846,-21632.1,67.3716,0.410767
19350000,71,315.639,-21636.8,82.8696,0.404367
19365000,73,318.016,-21643.9,71.7603,0.401067
19380000,71,317.232,-21630.1,57.8826,0.392244
19395000,68,285.334,-21650.5,69.7118,0.3953
19410000,74,322.089,-21625.7,70.4943,0.395367
19425000,66,295.589,-21662.8,59.7958,0.385167
19440000,77,341.901,-21642.1,88.6529,0.398533
19455000,79,332.291,-21640.9,76.7084,0.404889
19470000,77,347.787,-21653.9,66.2906,0.4096
19485000,81,353.465,-21657.8,77.1068,0.407733
19500000,71,312.299,-21646.1,78.9263,0.400733
19515000,66,272.005,-21639.9,54.1093,0.399067
19530000,66,297.073,-21677.8,80.9995,0.41
19545000,63,261.871,-21670.3,81.9424,0.397342
19560000,63,279.618,-21652.2,80.726,0.392933
19575000,72,306.782,-21661.6,69.4499,0.392675
19590000,76,327.699,-21658.1,81.8335,0.391733
19605000,81,359.204,-21680.1,90.214,0.4098
19620000,68,293.648,-21658.5,60.4806,0.4148
19635000,65,271.165,-21686.1,62.36,0.3978
19650000,70,297.396,-21671.7,83.262,0.3924
19665000,66,284.449,-21682.3,57.1338,0.381533
19680000,87,406.478,-21657.2,90.6634,0.401367
19695000,71,305.527,-21625.5,65.1911,0.396333
19710000,53,222.231,-21675.2,41.5268,0.387717
19725000,75,336.491,-21627.4,79.9567,0.390033
19740000,77,346.866,-21633.7,84.4304,0.384067
19755000,66,302.084,-21625.8,63.3753,0.397733
19770000,59,266.051,-21658.2,61.1004,0.391183
19785000,65,294.263,-21650.6,80.2906,0.388933
19800000,60,256.663,-21659.2,64.8736,0.390193
19815000,55,252.763,-21642.3,54.1048,0.376333
19830000,62,266.45,-21674.3,73.0602,0.3819
19845000,70,298.003,-21649.8,52.7676,0.3766
19860000,71,316.09,-21632.9,63.7664,0.3934
19875000,59,245,-21633.1,58.209,0.390133
19890000,58,260.747,-21658.6,52.2744,0.364933
19905000,66,293.055,-21668.1,56.7184,0.380667
19920000,66,283.98,-21645.7,53.761,0.3826
19935000,80,337.975,-21642.9,83.2366,0.3826
19950000,76,333.7,-21637.8,78.6054,0.392867
19965000,54,231.923,-21683,50.5499,0.386067
19980000,72,309.246,-21640,81.5368,0.391167
19995000,61,252.054,-21638.7,68.5944,0.3726
20010000,72,319.468,-21659.5,64.6354,0.396222
20025000,69,310.491,-21634.4,63.1018,0.380471
20040000,71,311.686,-21638.6,67.7657,0.389533
20055000,83,364.609,-21650.3,72.5297,0.407778
20070000,70,295.605,-21671.1,70.3235,0.412467
20085000,74,311.099,-21654.7,74.9142,0.396733
20100000,65,284.466,-21663.8,68.9706,0.385233
20115000,58,233.477,-21656.9,65.5677,0.374667
20130000,60,251.036,-21667.1,67.4391,0.406756
20145000,97,418.018,-21637.3,80.5208,0.3834
20160000,57,246.9,-21654.3,55.6212,0.387911
20175000,77,326.081,-21663.9,67.641,0.400267
20190000,65,278.648,-21652.3,60.3918,0.393
20205000,48,202.492,-21658.5,61.2852,0.369022
20220000,57,238.249,-21659.8,56.0999,0.389233
20235000,56,245.067,-21647.9,59.4278,0.383533
20250000,75,319.606,-21632,57.4088,0.393167
20265000,78,346.167,-21634.9,68.1729,0.406067
20280000,61,259.576,-21657.2,48.8644,0.399
20295000,62,266.383,-21651.3,62.0964,0.385533
20310000,67,270.375,-21655.6,63.4643,0.3962
20325000,57,240.231,-21667.6,63.5228,0.388
20340000,56,257.746,-21630.7,61.1516,0.380096
20355000,67,284.525,-21599.4,72.8266,0.392867
20370000,70,305.628,-21613.6,74.8444,0.386733
20385000,67,295.174,-21660.1,72.5652,0.3922
20400000,86,372.955,-21635.3,100.819,0.395067
20415000,75,340.113,-21630.8,88.5177,0.4008
20430000,79,322.21,-21632,85.0685,0.404
20445000,82,340.635,-21629.2,81.4339,0.4019
20460000,99,428.904,-21622.5,107.587,0.410233
20475000,87,356.198,-21638,87.0882,0.4114
20490000,84,374.344,-21634.2,93.8461,0.4068
20505000,67,296.617,-21659.6,72.2161,0.388522
20520000,66,286.698,-21643.2,66.4221,0.402867
20535000,64,279.226,-21614.3,80.5728,0.4006
20550000,54,218.324,-21675.1,55.4618,0.379833
20565000,54,227.561,-21688.2,55.6755,0.3878
20580000,76,343.537,-21615.3,78.661,0.391667
20595000,60,248.67,-21687.4,63.2837,0.385267
20610000,57,241.638,-21694,52.5397,0.384
20625000,70,309.348,-21625.7,79.4088,0.398133
20640000,70,303.575,-21651.3,70.0088,0.401787
20655000,65,267.889,-21643.6,54.2017,0.389867
20670000,66,285.032,-21661.8,83.2272,0.395867
20685000,70,322.722,-21674.4,69.3899,0.387
20700000,80,354.885,-21662.5,90.6821,0.407467
20715000,90,402.627,-21617.8,93.649,0.414333
20730000,65,269.01,-21641.8,49.7172,0.4014
20745000,82,374.187,-21662.8,75.4128,0.4038
20760000,75,333.256,-21642.3,80.8819,0.406733
20775000,71,300.619,-21671.2,71.3011,0.3896
20790000,59,258.751,-21647.1,54.6073,0.402933
20805000,84,384.369,-21663.7,90.4763,0.4062
20820000,92,374.21,-21688.2,82.7854,0.420533
20835000,57,254.933,-21701,52.7332,0.390356
20850000,80,329.011,-21661.2,101.283,0.408267
20865000,91,406.574,-21661.4,109.686,0.418267
20880000,66,277.452,-21647,62.8723,0.387111
20895000,66,274.277,-21680.7,75.2648,0.383323
20910000,66,294.183,-21662.6,52.0026,0.3953
20925000,78,341.423,-21645.5,80.9262,0.410667
20940000,50,215.758,-21692.7,43.6406,0.394
20955000,69,298.204,-21647.1,73.3842,0.395333
20970000,58,245.679,-21653.6,53.2792,0.38496
20985000,79,357.65,-21647.1,82.4624,0.377267
21000000,71,297.202,-21651.8,65.8195,0.392156
21015000,72,306.655,-21647.4,71.8951,0.396733
21030000,38,163.265,-21679,44.1974,0.373044
21045000,74,312.12,-21646.4,73.1089,0.392833
21060000,75,324.738,-21661.6,95.6582,0.394867
21075000,67,295.75,-21642.5,59.9464,0.384833
21090000,82,367.844,-21646.9,75.1824,0.398267
21105000,83,362.083,-21644.5,88.1514,0.407067
21120000,69,302.365,-21633,58.506,0.398333
21135000,76,332.174,-21640.4,75.9622,0.390667
21150000,81,351.683,-21634.7,81.2903,0.402
21165000,80,353.317,-21630.8,77.9894,0.401333
21180000,80,369.578,-21627.9,76.028,0.404933
21195000,83,353.574,-21647.7,74.946,0.406667
21210000,87,390.12,-21621.8,100.199,0.404733
21225000,85,373.601,-21623.9,110.899,0.407333
21240000,63,264.099,-21646,61.5148,0.383879
21255000,80,348.049,-21652.2,96.863,0.413167
21270000,89,403.065,-21649.3,85.5612,0.411133
21285000,79,340.234,-21645.1,72.1751,0.394311
21300000,81,375.751,-21631.4,73.8668,0.421767
21315000,69,301.096,-21648.2,70.0528,0.391533
21330000,83,371.521,-21633.5,86.3952,0.418567
21345000,91,391.764,-21639.1,89.7743,0.403667
21360000,84,389.417,-21626,98.4353,0.407933
21375000,99,434.012,-21633.3,116.878,0.4082
21390000,62,276.576,-21651,71.1352,0.383833
21405000,97,421.205,-21657.6,98.1913,0.4172
21420000,55,237.85,-21637.6,59.6385,0.380533
21435000,77,336.88,-21640.4,76.744,0.405133
21450000,61,265.787,-21678.2,77.3769,0.398096
21465000,57,254.892,-21639.6,46.5218,0.390778
21480000,66,296.117,-21644.1,52.3268,0.384533
21495000,74,338.502,-21643.7,63.482,0.4054
21510000,73,314.93,-21628.3,81.6115,0.408417
21525000,71,313.032,-21657.5,83.7434,0.399267
21540000,74,321.359,-21653.1,70.3631,0.394133
21555000,73,326.972,-21658.6,61.7993,0.393633
21570000,74,315.637,-21642,73.5835,0.406833
21585000,88,368.154,-21648.5,79.4611,0.408467
21600000,102,458.581,-21643,114.464,0.425
21615000,77,345.578,-21632.8,69.5963,0.405533
21630000,79,354.26,-21621.3,91.2449,0.3962
21645000,76,331.111,-21637,87.8368,0.400733
21660000,79,370.923,-21635.2,85.5604,0.3957
21675000,91,410.121,-21636.1,113.3,0.416667
21690000,87,383.123,-21614.9,86.6449,0.420333
21705000,75,336.501,-21600.7,69.9794,0.394467
21720000,77,330.242,-21631.4,77.0315,0.4028
21735000,79,351.377,-21628,69.6532,0.407333
21750000,77,335.002,-21616.4,73.7235,0.403
21765000,57,247.593,-21659.3,72.2842,0.390887
21780000,68,315.047,-21642.5,69.8475,0.3991
21795000,74,313.639,-21631.1,75.6253,0.399
21810000,85,368.131,-21633.4,79.6198,0.396067
21825000,87,373.442,-21650.1,87.6957,0.394367
21840000,72,311.577,-21604.6,63.6039,0.400467
21855000,77,337.645,-21629.4,81.8875,0.395333
21870000,80,328.616,-21594.3,78.7527,0.4007
21885000,73,322.591,-21634.1,78.2347,0.385133
21900000,76,336.455,-21653,65.2948,0.4002
21915000,62,266.576,-21638.4,62.4452,0.389933
21930000,66,273.362,-21624.6,71.6553,0.386422
21945000,76,344.616,-21628.3,78.2051,0.397347
21960000,78,351.567,-21630.8,83.4398,0.3924
21975000,88,398.501,-21629.4,90.0808,0.4078
21990000,76,320.363,-21607.8,79.4854,0.399817
22005000,73,318.277,-21625.7,88.551,0.406556
22020000,83,385.883,-21621.3,91.834,0.392433
22035000,78,348.717,-21603.7,72.2902,0.393867
22050000,81,356.075,-21615.6,92.6467,0.395267
22065000,93,388.434,-21616.9,103.31,0.404333
22080000,98,434.828,-21607.8,96.5154,0.4178
22095000,87,390.012,-21615.5,79.7345,0.407533
22110000,69,311.38,-21629.1,73.4617,0.397519
22125000,79,344.795,-21643.2,85.5599,0.408667
22140000,79,325.678,-21636.6,77.3992,0.392925
22155000,79,340.022,-21630.1,85.9263,0.396822
22170000,75,337.646,-21637.1,79.0151,0.404511
22185000,74,333.898,-21626.1,77.8452,0.402467
22200000,60,268.061,-21658.9,67.9741,0.3979
22215000,67,299.947,-21610.7,74.3515,0.389533
22230000,74,314.432,-21658.5,79.9991,0.387467
22245000,75,319.089,-21624.7,74.4958,0.404933
22260000,64,264.109,-21618.1,61.5595,0.372533
22275000,69,296.799,-21632.1,56.7299,0.370333
22290000,83,367.356,-21608.8,76.4985,0.387
22305000,82,366.395,-21635.8,88.9499,0.4058
22320000,74,336.054,-21654.1,86.486,0.389305
22335000,68,305.163,-21634.1,80.3937,0.3974
22350000,76,342.789,-21660.8,66.3294,0.396133
22365000,83,358.007,-21637.1,85.2285,0.394617
22380000,79,352.618,-21665.3,92.3565,0.413233
22395000,77,325.428,-21651.7,77.5743,0.389808
22410000,70,324.195,-21655.2,68.0274,0.406467
22425000,68,278.969,-21654.2,78.3929,0.4
22440000,59,253.454,-21658.8,55.8326,0.395533
22455000,66,287.382,-21655,82.8756,0.3958
22470000,75,332.928,-21648.8,81.9241,0.401578
22485000,53,236.524,-21646.4,54.4055,0.3917
22500000,71,307.695,-21631.4,76.6592,0.397689
22515000,74,312.882,-21647.7,69.3216,0.387111
22530000,85,391.079,-21625.6,84.9597,0.4036
22545000,72,303.456,-21616.1,74.1167,0.394733
22560000,83,350.961,-21634.6,87.819,0.397
22575000,88,377.432,-21623.5,85.5253,0.403533
22590000,74,326.288,-21630.7,76.2564,0.409417
22605000,78,332.487,-21631.9,81.5681,0.4032
22620000,66,313.699,-21639.1,69.2389,0.394067
22635000,79,338.865,-21621.2,69.9125,0.403
22650000,64,290.771,-21662.2,60.0771,0.392048
22665000,76,331.874,-21613.6,72.3638,0.403167
22680000,88,379.71,-21632.8,87.7101,0.401733
22695000,82,358.179,-21603.5,72.838,0.412433
22710000,74,318.598,-21667.2,60.874,0.397333
22725000,90,414.826,-21634.9,83.8599,0.412967
22740000,74,326.147,-21608.3,70.9107,0.4069
22755000,64,273.624,-21625.3,53.9398,0.3942
22770000,82,349.872,-21598.4,86.3268,0.403444
22785000,75,330.082,-21600.9,82.045,0.3904
22800000,59,264.363,-21673.5,61.4695,0.3886
22815000,69,303.12,-21609.9,86.8739,0.397567
22830000,80,346.698,-21617.4,76.9227,0.391667
22845000,69,300.204,-21621.2,80.3481,0.382978
22860000,86,392.894,-21603.5,76.7119,0.380867
22875000,87,402.526,-21596.5,68.234,0.401733
22890000,82,357.611,-21626.8,78.6169,0.405533
22905000,91,388.107,-21631.3,107.067,0.418467
22920000,85,375.933,-21629.1,87.8269,0.405289
22935000,58,259.069,-21646.9,50.6477,0.394504
22950000,76,310.571,-21624,73.7213,0.402567
22965000,77,336.009,-21617.7,66.3299,0.3912
22980000,65,293.011,-21604.1,76.1565,0.396333
22995000,46,198.039,-21670.6,66.1342,0.385317
23010000,55,241.669,-21688,56.6253,0.393533
23025000,69,297.81,-21648.8,65.0768,0.391533
23040000,75,334.963,-21637.4,68.4575,0.3994
23055000,85,380.234,-21634.5,83.146,0.399147
23070000,82,350.414,-21660,79.8794,0.4108
23085000,69,307.232,-21656.4,73.5109,0.400733
23100000,69,297.331,-21629.9,85.9249,0.397
23115000,76,318.098,-21621.5,76.4654,0.387067
23130000,76,337.128,-21618.4,73.5658,0.410817
23145000,77,329.809,-21625.8,76.5475,0.405867
23160000,73,296.84,-21634.1,90.7547,0.394067
23175000,66,298.429,-21631.1,78.374,0.3922
23190000,71,315.253,-21637.4,90.2367,0.3896
23205000,65,277.096,-21669.7,70.8439,0.3936
23220000,68,289.732,-21665.8,65.2189,0.386467
23235000,59,252.89,-21647.1,67.2144,0.391733
23250000,67,276.203,-21672.9,71.2708,0.3828
23265000,67,285.323,-21634.4,67.9376,0.395667
23280000,68,296.94,-21632.3,76.4584,0.380867
23295000,57,249.687,-21686.1,59.249,0.389444
23310000,55,235.89,-21685.7,56.7087,0.387607
23325000,67,294.503,-21656.3,66.556,0.395933
23340000,65,298.33,-21662.7,49.8744,0.395444
23355000,75,335.608,-21650.4,64.2318,0.3896
23370000,60,261.117,-21678.9,66.243,0.393233
23385000,83,369.693,-21630.5,79.9033,0.4027
23400000,64,271.424,-21675.4,74.9141,0.396833
23415000,82,372.244,-21641.4,69.0792,0.409867
23430000,58,261.665,-21664.8,59.5227,0.395333
23445000,87,374.478,-21615.3,86.2885,0.4047
23460000,97,439.604,-21656.9,79.9182,0.4202
23475000,77,322.293,-21650.9,79.9845,0.407667
23490000,61,247.588,-21657.2,59.8376,0.393817
23505000,76,333.249,-21634.5,66.5061,0.404133
23520000,69,302.041,-21649,80.5093,0.4046
23535000,66,286.86,-21664.7,95.3073,0.390667
23550000,64,284.207,-21626,71.9749,0.39639
23565000,63,262.39,-21652.3,51.3311,0.384987
23580000,76,338.335,-21645.3,77.8487,0.386433
23595000,75,326.262,-21653,87.9586,0.403933
23610000,73,293.577,-21630.9,67.9739,0.396733
23625000,84,370.256,-21657.2,85.1221,0.415667
23640000,95,427.432,-21611.3,88.0107,0.412467
23655000,87,371.78,-21602,86.6504,0.407933
23670000,62,259.786,-21656.1,67.6884,0.405289
23685000,90,404.533,-21587.2,96.2718,0.396567
23700000,88,376.183,-21586.9,75.2149,0.401467
23715000,86,383.614,-21607.3,79.3729,0.400067
23730000,70,310.869,-21589.6,74.9906,0.396867
23745000,75,323.945,-21596.8,75.5953,0.392133
23760000,87,367.789,-21608.5,94.0963,0.399333
23775000,82,350.862,-21614.1,72.3432,0.418133
23790000,73,321.872,-21623.1,70.7447,0.393533
23805000,78,329.49,-21660.8,75.1361,0.383133
23820000,68,295.399,-21629.9,75.5301,0.385173
23835000,66,290.921,-21653.4,49.9193,0.388274
23850000,72,302.992,-21655,67.497,0.409
23865000,70,288.573,-21652,77.0124,0.404383
23880000,58,244.926,-21684.2,54.7675,0.393933
23895000,79,326.672,-21586.6,79.0458,0.391387
23910000,90,397.782,-21587.4,87.3525,0.398067
23925000,66,302.662,-21644.9,69.9307,0.396683
23940000,72,321.774,-21639.2,89.9821,0.392933
23955000,86,373.539,-21597.2,103.357,0.402178
23970000,67,297.903,-21637.2,62.5538,0.391333
23985000,102,431.351,-21635.1,101.212,0.403633
24000000,72,311.316,-21631.6,77.8245,0.3904
24015000,84,359.013,-21630.4,97.378,0.397467
24030000,65,284.869,-21657.2,64.9605,0.3865
24045000,82,366.083,-21625.8,65.8913,0.404844
24060000,71,300.043,-21636.4,60.7803,0.402289
24075000,87,384.089,-21620.5,102.786,0.394367
24090000,94,413.597,-21617.1,94.2544,0.415733
24105000,75,320.261,-21638.3,72.3758,0.406844
24120000,80,358.116,-21618.4,95.2552,0.400733
24135000,81,341.345,-21596.3,78.1465,0.383667
24150000,69,319.124,-21632,60.8445,0.394978
24165000,92,397.206,-21625.5,92.737,0.4013
24180000,76,329.058,-21593.7,71.9783,0.397033
24195000,77,333.532,-21607,83.3713,0.394067
24210000,87,389.065,-21598.1,81.9665,0.395133
24225000,77,335.496,-21626.5,60.495,0.396483
24240000,77,337.763,-21638.4,68.422,0.392667
24255000,86,382.263,-21654.9,63.7471,0.401067
24270000,79,357.828,-21645.6,76.2817,0.395333
24285000,73,318.872,-21634.1,80.1591,0.399133
24300000,70,307.627,-21632,87.4473,0.396067
24315000,65,298.181,-21618.3,61.012,0.3776
24330000,73,311.827,-21626.5,59.3519,0.391333
24345000,76,343.697,-21631.6,91.77,0.395356
24360000,77,341.229,-21644.5,86.8096,0.4096
24375000,84,370.21,-21633,99.0543,0.404933
24390000,82,365.654,-21636.6,80.0939,0.399367
24405000,89,370.401,-21625.1,91.7689,0.394467
24420000,76,330.809,-21633.5,77.1005,0.3952
24435000,67,285.521,-21652.2,76.9678,0.398233
24450000,64,276.337,-21681.8,58.8391,0.380793
24465000,77,336.865,-21629.4,66.5657,0.385133
24480000,70,318.055,-21636.9,61.3335,0.389222
24495000,68,289.069,-21625.7,70.9004,0.386867
24510000,67,292.126,-21649,70.7492,0.382267
24525000,74,322.66,-21643.3,81.7091,0.3921
24540000,69,311.353,-21604.3,77.224,0.3806
24555000,72,321.013,-21640.3,68.8099,0.3896
24570000,52,233.38,-21660,44.2913,0.3875
24585000,53,245.548,-21638.9,58.6574,0.373933
24600000,77,326.102,-21609.3,87.2371,0.395756
24615000,82,351.915,-21637,86.8777,0.38856
24630000,78,339.755,-21637.5,87.5787,0.4042
24645000,80,360.419,-21607.7,83.7885,0.395867
24660000,75,332.336,-21620.5,91.0655,0.3956
24675000,59,266.292,-21645.6,54.1924,0.386856
24690000,82,365.887,-21593.9,76.7561,0.392367
24705000,68,294.939,-21624.6,65.4591,0.398933
24720000,82,368.007,-21608.7,82.6036,0.3942
24735000,64,267.319,-21642.5,59.2299,0.387819
24750000,82,373.117,-21619.6,74.8808,0.402433
24765000,91,424.351,-21621.4,91.7361,0.385967
24780000,74,335.934,-21621.2,56.8411,0.399333
24795000,68,304.102,-21636,73.8269,0.392067
24810000,83,357.042,-21626.1,76.2951,0.39995
24825000,77,326.717,-21619.1,73.5096,0.382033
24840000,81,349.42,-21632.6,70.7801,0.402767
24855000,80,338.203,-21624.7,79.6102,0.400967
24870000,70,314.846,-21647.3,56.0473,0.385154
24885000,70,315.888,-21652,82.7164,0.403933
24900000,78,329.913,-21660.3,63.6812,0.395
24915000,76,343.684,-21660.2,76.1177,0.4172
24930000,67,298.954,-21654.5,62.8508,0.394293
24945000,59,254.327,-21638.2,59.6067,0.393333
24960000,62,273.586,-21638.5,58.7852,0.394278
24975000,64,298.67,-21617.1,66.0174,0.3842
24990000,59,270.923,-21646.4,51.4632,0.3914
25005000,52,230.834,-21676.9,43.1266,0.389644
25020000,60,259.647,-21654.9,58.6023,0.377889
25035000,67,320.275,-21639.5,70.5651,0.3794
25050000,58,280.779,-21657.5,59.3578,0.391467
25065000,68,303.278,-21663.2,74.478,0.39315
25080000,70,309.819,-21660.7,80.225,0.409133
25095000,61,258.549,-21653.8,51.3526,0.3872
25110000,68,304.543,-21682.9,69.9294,0.393058
25125000,62,258.563,-21677.1,63.5547,0.398333
25140000,56,258.941,-21672.5,53.3667,0.382733
25155000,71,311.573,-21647.1,77.846,0.400967
25170000,65,275.778,-21659.9,63.4154,0.397067
25185000,54,236.956,-21649.9,58.0567,0.3928
25200000,53,244.191,-21645.8,50.463,0.37925
25215000,63,275.954,-21634.8,61.8477,0.397483
25230000,59,260.698,-21645.8,56.6966,0.382333
25245000,65,273.225,-21643.9,64.0803,0.397533
25260000,71,308.392,-21647.3,55.5388,0.3956
25275000,73,307.737,-21657.8,62.0308,0.4034
25290000,79,348.046,-21647.9,67.4334,0.394467
25305000,96,427.569,-21630.9,95.9263,0.402883
25320000,94,422.888,-21654.4,96.3655,0.4116
25335000,74,338.588,-21646.3,64.1749,0.404822
25350000,89,399.933,-21633.3,90.1622,0.408333
25365000,80,348.696,-21680,69.6438,0.422867
25380000,84,369.277,-21624.4,75.8855,0.41335
25395000,81,357.447,-21625.3,77.2642,0.4146
25410000,68,303.173,-21646.1,71.1675,0.406311
25425000,88,377.917,-21647.9,100.777,0.4117
25440000,88,367.882,-21668.8,98.3137,0.426933
25455000,67,283.124,-21646.9,57.6481,0.406933
25470000,84,363.958,-21634.2,84.1032,0.402733
25485000,86,383.345,-21617.3,80.0764,0.401053
25500000,83,349.309,-21652.2,87.1778,0.4104
25515000,73,309.789,-21646.4,72.9033,0.415533
25530000,80,340.094,-21630.8,70.1429,0.408333
25545000,86,376.518,-21591,83.6381,0.399133
25560000,86,372.401,-21590.9,86.5531,0.406867
25575000,93,404.334,-21589.9,102.046,0.3918
25590000,94,410.572,-21590.4,88.944,0.411333
25605000,95,400.697,-21596.9,96.3104,0.416867
25620000,95,396.355,-21588.6,98.6371,0.413867
25635000,99,424.2,-21598.2,106.532,0.405533
25650000,92,367.704,-21606.3,98.2874,0.417067
25665000,93,409.83,-21595.3,100.499,0.406467
25680000,100,430.022,-21588.4,108.318,0.4004
25695000,115,502.994,-21605.9,117.793,0.411067
25710000,80,362.615,-21644,84.6621,0.405744
25725000,97,395.589,-21622.6,100.29,0.420867
25740000,94,412.698,-21615.9,93.0626,0.3982
25755000,93,408.11,-21633.3,117.678,0.399
25770000,79,347.752,-21612.6,82.1194,0.405467
25785000,85,361.171,-21613.8,80.3045,0.398933
25800000,76,341.268,-21598.4,79.8208,0.389933
25815000,77,337.101,-21663,71.1577,0.406467
25830000,82,342.549,-21603.3,92.2233,0.400867
25845000,77,349.492,-21626.8,75.7974,0.395067
25860000,77,327.396,-21590.4,76.0433,0.389467
25875000,87,365.604,-21611.9,79.2476,0.396933
25890000,71,288.617,-21608.8,78.9076,0.3954
25905000,82,358.047,-21624.6,73.1813,0.398133
25920000,69,294.127,-21636.1,78.4877,0.392867
25935000,80,355.234,-21647.2,87.5096,0.404
25950000,61,274.585,-21644.8,49.6391,0.3964
25965000,46,202.506,-21715.8,49.091,0.385722
25980000,69,316.509,-21643.2,60.4956,0.392909
25995000,64,288.731,-21652,67.7939,0.381156
26010000,69,313.765,-21641.2,56.031,0.396933
26025000,79,346.76,-21660.3,74.3765,0.398956
26040000,81,347.231,-21655.3,76.7155,0.425867
26055000,68,292.014,-21659.9,66.8945,0.4052
26070000,59,256.2,-21666.9,58.7338,0.39435
26085000,63,279.354,-21669.3,50.1552,0.3941
26100000,50,225.197,-21691.1,44.3619,0.385904
26115000,67,300.528,-21652.1,65.4327,0.398933
26130000,75,329.831,-21616.5,71.4551,0.379267
26145000,82,356.394,-21617.9,85.1245,0.390067
26160000,72,320.44,-21641.7,73.8107,0.402267
26175000,78,351.854,-21630,72.0914,0.392733
26190000,72,331.353,-21605.9,74.7965,0.3948
26205000,79,325.173,-21626,68.014,0.394067
26220000,83,376.855,-21615.8,83.2003,0.3996
26235000,60,255.654,-21659.8,54.8477,0.386822
26250000,66,291.142,-21651.4,72.9024,0.389933
26265000,82,372.303,-21615.7,109.967,0.391333
26280000,73,326.902,-21596.7,69.1913,0.391667
26295000,64,284.91,-21661.5,51.6119,0.392911
26310000,67,263.163,-21684.5,78.7451,0.389483
26325000,85,371.547,-21621.7,87.056,0.397378
26340000,84,353.134,-21608,79.8177,0.390467
26355000,49,212.892,-21679.2,47.58,0.391
26370000,60,263.193,-21602.9,41.9578,0.379333
26385000,56,249.651,-21687,66.947,0.387567
26400000,79,353.987,-21641.9,75.1081,0.371433
26415000,63,276.159,-21692.3,66.6016,0.404167
26430000,87,390.952,-21620.8,93.5368,0.3916
26445000,102,453.678,-21628.6,90.9726,0.41
26460000,65,297.359,-21644.3,56.1955,0.384806
26475000,58,245.662,-21655.1,60.9719,0.383267
26490000,79,359.326,-21628.5,92.8095,0.406533
26505000,81,360.959,-21620.2,82.9247,0.4074
26520000,71,310.44,-21646.8,73.0873,0.3934
26535000,66,287.579,-21644.3,71.0068,0.385533
26550000,60,261.151,-21669.9,47.2974,0.38504
26565000,76,320.2,-21655.9,65.9128,0.376767
26580000,60,271.516,-21649.7,57.2987,0.394567
26595000,61,272.542,-21653.2,62.9114,0.382467
26610000,69,313.916,-21640.9,79.333,0.384333
26625000,72,313.75,-21635.9,65.6265,0.382
26640000,76,330.113,-21612.6,89.0634,0.3888
26655000,62,272.863,-21623.3,78.4723,0.376367
26670000,78,341.931,-21632.4,89.3784,0.4044
26685000,69,309.193,-21655.8,62.9798,0.390759
26700000,80,351.023,-21660.4,81.7922,0.402867
26715000,80,353.597,-21671.8,85.7294,0.408867
26730000,78,344.852,-21664.8,78.5211,0.408267
26745000,62,277.078,-21654,68.8466,0.403267
26760000,68,304.956,-21665,67.4095,0.40435
26775000,70,309.527,-21631.3,76.6236,0.378467
26790000,58,262.709,-21659.6,48.3094,0.379933
26805000,69,303.846,-21625.3,68.2388,0.377633
26820000,55,250.351,-21658.9,51.6726,0.380987
26835000,70,299.229,-21619.4,58.7501,0.3737
26850000,81,345.81,-21643.3,80.255,0.389867
26865000,75,345.359,-21623.6,79.1099,0.3772
26880000,61,276.662,-21651.6,61.6966,0.386933
26895000,71,308.979,-21650.2,58.3716,0.393476
26910000,74,337.482,-21657.4,72.865,0.393511
26925000,75,331.918,-21634.2,55.3848,0.392533
26940000,68,301.179,-21641.5,58.9245,0.391733
26955000,73,311.062,-21653,68.7683,0.383467
26970000,58,258.111,-21644.9,61.6123,0.380307
26985000,52,232.284,-21687.9,55.0399,0.379914
27000000,70,316.671,-21675.2,70.4126,0.384333
27015000,72,319.302,-21631.7,70.6289,0.38655
27030000,70,306.755,-21649,67.3001,0.3872
27045000,67,305.508,-21672.8,59.5897,0.407644
27060000,67,297.538,-21659,58.3102,0.395533
27075000,67,275.847,-21634.6,50.4187,0.383356
27090000,81,354.409,-21619.1,78.2443,0.400067
27105000,91,405.042,-21641.1,78.879,0.413133
27120000,84,385.457,-21607.8,88.6866,0.399222
27135000,82,385.5,-21609.6,79.7127,0.4016
27150000,79,343.071,-21636.4,70.309,0.403867
27165000,78,331.152,-21600.7,72.0724,0.3872
27180000,79,340.964,-21617.7,85.8427,0.388333
27195000,74,318.362,-21630.8,68.0142,0.395267
27210000,63,253.302,-21656.9,67.6971,0.3968
27225000,57,247.857,-21614.1,66.4667,0.3768
27240000,74,326.98,-21633.9,79.6382,0.378933
27255000,68,282.853,-21629.7,71.6966,0.379867
27270000,67,302.491,-21644.3,68.5329,0.396167
27285000,65,284.798,-21644.3,67.2246,0.3872
27300000,58,254.512,-21659.5,73.4612,0.382422
27315000,71,325.504,-21646.8,68.0544,0.384311
27330000,74,325.582,-21642.8,74.8188,0.388867
27345000,82,376.453,-21634.7,78.2546,0.392883
27360000,74,318.023,-21639.3,88.8076,0.411067
27375000,68,296.758,-21651.5,83.8822,0.397633
27390000,81,347.79,-21655.7,91.2797,0.395167
27405000,47,199.885,-21668.9,50.4919,0.385987
27420000,76,333.183,-21654,67.7554,0.3977
27435000,75,325.273,-21614.2,67.9043,0.389133
27450000,67,296.538,-21632.6,60.9672,0.4024
27465000,76,321.353,-21632.9,79.1121,0.392867
27480000,87,367.137,-21630.2,86.9107,0.399467
27495000,91,401.492,-21633.3,99.3368,0.4122
27510000,79,356.26,-21620.1,78.6669,0.407467
27525000,63,267.922,-21670.1,67.1517,0.375293
27540000,78,345.975,-21630.5,80.8047,0.4085
27555000,53,217.345,-21647,52.3407,0.375267
27570000,67,292.718,-21656.6,81.1006,0.376756
27585000,58,259.338,-21654,59.3308,0.3856
27600000,52,238.222,-21643.7,64.6403,0.379267
27615000,52,232.889,-21640,57.1422,0.359667
27630000,47,198.352,-21691.4,45.3873,0.381844
27645000,52,236.321,-21666.3,55.7611,0.384067
27660000,55,252.752,-21661.9,57.3594,0.3814
27675000,64,287.042,-21646.7,63.9475,0.3703
27690000,60,259.507,-21652.9,63.4862,0.385533
27705000,66,290.113,-21635.2,61.0355,0.381267
27720000,63,269.512,-21629.9,56.4202,0.3728
27735000,70,289.958,-21637,64.8533,0.377633
27750000,56,237.889,-21622.4,68.6389,0.376167
27765000,73,299.543,-21665.3,68.2181,0.393792
27780000,62,286.176,-21645,57.7454,0.3824
27795000,55,246.02,-21626.1,58.8856,0.378733
27810000,71,332.525,-21643.5,64.3798,0.378933
27825000,76,332.699,-21632.2,78.5533,0.393067
27840000,82,376.793,-21636.5,93.9639,0.3958
27855000,72,318.189,-21623.8,75.7963,0.396267
27870000,69,315.546,-21646.9,59.6665,0.384733
27885000,68,284.803,-21635,77.4594,0.378067
27900000,70,312.114,-21607.3,67.4073,0.378133
27915000,80,358.306,-21606.5,87.5857,0.382467
27930000,59,263.421,-21649.5,63.0541,0.393344
27945000,66,279.524,-21649.5,59.5114,0.392428
27960000,75,338.117,-21627.7,71.7583,0.389822
27975000,69,310.922,-21615.2,65.4281,0.376267
27990000,68,297.98,-21656.4,79.3164,0.38815
28005000,66,302.995,-21621.2,53.0736,0.389867
28020000,64,288.58,-21607.2,49.4112,0.3768
28035000,70,320.726,-21628.1,64.6138,0.368
28050000,79,366.14,-21650.4,82.685,0.404133
28065000,86,385.256,-21642.2,82.1428,0.414133
28080000,66,280.814,-21674,75.4082,0.385089
28095000,80,323.857,-21632.7,76.5449,0.4169
28110000,79,344.922,-21639,93.3975,0.4032
28125000,77,319.822,-21637.6,81.0826,0.4092
28140000,83,356.183,-21637.1,82.0022,0.397333
28155000,74,310.425,-21641.6,69.5786,0.391492
28170000,65,278.275,-21651.7,61.4641,0.390267
28185000,76,333.334,-21652.3,66.0864,0.398533
28200000,82,376.265,-21646.2,78.752,0.4
28215000,78,339.678,-21682.1,85.19,0.402693
28230000,70,292.398,-21660.7,53.5422,0.400533
28245000,77,342.366,-21666,76.8224,0.407267
28260000,65,293.983,-21636.1,65.2112,0.391433
28275000,67,295.689,-21669.8,85.5619,0.4053
28290000,67,288.061,-21641.3,69.5337,0.3845
28305000,54,241.85,-21673.9,51.0618,0.406
28320000,69,314.227,-21641.2,86.9236,0.381467
28335000,63,284.066,-21648.5,52.6826,0.387533
28350000,64,275.568,-21655.3,61.0859,0.377511
28365000,72,309.374,-21637.6,95.295,0.3832
28380000,68,293.279,-21640.3,60.8375,0.384933
28395000,67,295.074,-21634.5,79.7974,0.386689
28410000,61,258.231,-21666.4,67.5405,0.3796
28425000,69,298.37,-21649.3,68.0883,0.3908
28440000,74,319.801,-21643.2,80.5141,0.397
28455000,87,393.793,-21649.2,78.2402,0.40195
28470000,76,317.955,-21657,67.3489,0.387333
28485000,70,290.902,-21658.7,86.1102,0.390467
28500000,70,312.846,-21655.5,77.611,0.389
28515000,61,275.336,-21648.2,63.8738,0.397067
28530000,78,343.834,-21632.8,70.0545,0.393533
28545000,82,364.811,-21665.2,85.4674,0.403133
28560000,77,328.153,-21638.9,76.0105,0.3972
28575000,59,254.445,-21640.3,46.457,0.390867
28590000,45,195.382,-21676.8,47.612,0.389733
28605000,76,357.231,-21655.7,69.5567,0.386567
28620000,76,322.297,-21658.3,74.5935,0.404933
28635000,84,377.813,-21644.5,86.1769,0.412667
28650000,87,378.352,-21637.8,78.7258,0.405933
28665000,88,384.006,-21659,82.4445,0.417
28680000,71,306.601,-21649.7,98.6955,0.394733
28695000,61,275.659,-21651.2,67.1849,0.3822
28710000,69,314.746,-21656.2,72.1234,0.3776
28725000,84,357.975,-21627.7,86.2484,0.40583
28740000,69,311.696,-21646.4,60.9471,0.3787
28755000,69,300.37,-21649.4,77.7038,0.392333
28770000,75,320.695,-21645.1,56.8145,0.399889
28785000,63,285.978,-21654.4,65.3984,0.391267
28800000,68,292.024,-21648.2,73.1729,0.402867
28815000,65,297.267,-21661,64.7391,0.403067
28830000,68,295.758,-21644.6,52.8597,0.389822
28845000,59,267.988,-21685.3,44.3645,0.404167
28860000,51,216.968,-21676.2,49.9267,0.366233
28875000,59,251.701,-21682.5,53.3292,0.392067
28890000,73,342.509,-21671.4,73.113,0.3886
28905000,68,309.898,-21688.5,68.7577,0.385333
28920000,59,261.383,-21683.4,56.0554,0.395867
28935000,69,307.183,-21673,59.6949,0.3944
28950000,69,291.647,-21695.8,74.5692,0.404333
28965000,67,293.696,-21684,68.2643,0.401667
28980000,64,274.203,-21674.8,57.8353,0.411467
28995000,54,242.644,-21687.7,74.0634,0.388733
29010000,66,281.628,-21673.8,60.2102,0.390307
29025000,59,248.937,-21670.3,46.5186,0.389333
29040000,64,293.377,-21673.2,70.6486,0.382191
29055000,78,338.513,-21684.2,74.4666,0.388167
29070000,76,328.499,-21646.5,56.3299,0.403667
29085000,71,325.073,-21645.6,69.2229,0.391467
29100000,66,286.972,-21630.3,75.3583,0.400533
29115000,71,311.829,-21628,63.0051,0.390267
29130000,71,304.669,-21626.9,73.2737,0.399622
29145000,71,312.077,-21648.8,84.0139,0.3868
29160000,77,330.743,-21640.5,84.4008,0.3982
29175000,59,265.343,-21655.5,73.9836,0.4012
29190000,69,301.643,-21660.1,80.8052,0.395667
29205000,65,293.154,-21658.6,77.8071,0.3994
29220000,71,307.656,-21664.8,78.1889,0.403933
29235000,77,326.927,-21648.9,58.8794,0.387667
29250000,75,332.957,-21657,83.4151,0.406733
29265000,70,309.089,-21659,69.2385,0.398889
29280000,56,233.748,-21650.8,45.5903,0.389333
29295000,69,285.785,-21651.7,58.8661,0.3896
29310000,55,235.306,-21656.5,48.2038,0.3894
29325000,48,200.387,-21679.2,42.0728,0.377884
29340000,69,297.493,-21682.7,83.5845,0.3894
29355000,72,323.416,-21639.6,72.7729,0.389311
29370000,64,279.736,-21659.3,77.3344,0.3856
29385000,73,310.577,-21656.5,71.8179,0.3896
29400000,54,242.806,-21681.6,60.491,0.37936
29415000,66,297.082,-21634.1,72.4152,0.391183
29430000,62,271.728,-21636.8,64.3089,0.382022
29445000,71,321.202,-21633.4,75.2525,0.383633
29460000,65,284.273,-21622.9,72.5011,0.381667
29475000,75,319.971,-21645.3,69.9712,0.387733
29490000,61,263.272,-21671.9,69.3744,0.375433
29505000,68,283.12,-21636.8,64.5527,0.3858
29520000,70,301.974,-21672.8,60.5792,0.392467
29535000,47,194.542,-21669,49.2915,0.380067
29550000,65,290.717,-21659.2,61.5099,0.390086
29565000,58,246.561,-21656.5,57.6032,0.3844
29580000,56,232.327,-21651,36.0785,0.369933
29595000,65,296.272,-21649.7,65.2245,0.364667
29610000,66,271.538,-21659.2,60.8508,0.398067
29625000,55,242.877,-21630.9,56.3123,0.368133
29640000,55,250.012,-21631.5,66.3095,0.350267
29655000,73,341.75,-21661.7,80.9035,0.370333
29670000,73,316.806,-21627.7,84.2122,0.375158
29685000,49,216.613,-21665.9,48.8691,0.370713
29700000,51,211.75,-21661.3,56.7344,0.3592
29715000,61,277.473,-21647.6,64.0514,0.389933
29730000,71,293.898,-21649.1,63.5518,0.375747
29745000,56,238.273,-21667.8,65.6756,0.386767
29760000,81,331.674,-21628.2,82.8867,0.3904
29775000,71,323.69,-21620.4,58.7297,0.3904
29790000,57,234.633,-21654.8,53.028,0.382392
29805000,60,270.668,-21638.6,55.5156,0.382617
29820000,69,310.669,-21632.3,81.4429,0.376911
29835000,67,301.992,-21615.7,53.1136,0.380733
29850000,49,205.953,-21676.1,47.5795,0.376733
29865000,66,299.118,-21624,67.1932,0.3828
29880000,75,331.155,-21625.3,72.8491,0.3818
29895000,66,285.558,-21653,69.5659,0.383238
29910000,81,362.156,-21625.8,71.9801,0.3926
29925000,67,284.516,-21642.6,84.5642,0.387347
29940000,81,347.763,-21625.1,83.9825,0.397033
29955000,66,291.813,-21658.2,66.9703,0.398867
29970000,71,317.289,-21641.2,73.6247,0.387967
29985000,65,297.686,-21642.7,70.6105,0.393667
