generation,N_shifts,logPrior,logLik,eventRate,acceptRate
0,0,0.649546,-24147.8,100,1
15000,0,0.0283528,-21992.5,0.587825,0.14999
30000,0,1.06142,-21999,0.828495,0.149733
45000,3,12.5407,-21973.2,3.32361,0.1877
60000,1,5.95663,-21976.8,1.79464,0.20523
75000,1,6.15454,-21972.7,0.983158,0.3103
90000,1,4.78788,-21974.4,1.74611,0.327767
105000,1,6.41367,-21973.6,2.5827,0.312933
120000,3,10.6604,-21940.5,4.98621,0.178022
135000,3,13.9215,-21938.6,4.37953,0.264533
150000,3,8.12844,-21937.5,4.43156,0.2662
165000,2,12.7054,-21981.7,0.943224,0.33155
180000,4,15.9895,-21931.9,5.57153,0.2865
195000,7,32.8792,-21933.1,6.69054,0.3012
210000,7,26.2956,-21882.7,8.21187,0.291296
225000,7,29.7197,-21870.2,4.81166,0.3164
240000,14,66.4774,-21860.5,10.0027,0.334533
255000,9,42.099,-21864.3,10.3295,0.357867
270000,8,35.0851,-21853.1,5.57704,0.323
285000,10,45.8085,-21843.9,13.5233,0.322333
300000,4,21.4224,-21907.5,4.25554,0.325496
315000,13,61.6162,-21831.1,12.2115,0.336
330000,9,35.9644,-21854.2,8.38847,0.302193
345000,17,70.1566,-21806.4,17.0882,0.343933
360000,18,69.919,-21801.9,20.6264,0.356067
375000,23,99.0016,-21763.9,31.0693,0.363133
390000,11,49.0324,-21817,13.3414,0.3273
405000,15,65.0784,-21793,13.8231,0.321571
420000,13,58.6735,-21791.7,12.5786,0.354467
435000,29,125.375,-21722,32.6018,0.36735
450000,18,76.3904,-21783.2,18.4131,0.3423
465000,16,74.2579,-21785.7,14.9346,0.343644
480000,29,129,-21692.7,36.8955,0.360489
495000,42,181.451,-21696.7,48.8308,0.389733
510000,47,191.035,-21695.5,46.8245,0.394067
525000,39,185.194,-21710,52.392,0.355227
540000,25,114.578,-21753.9,30.21,0.367053
555000,58,255.139,-21700.9,50.0445,0.394967
570000,41,184.965,-21699.5,38.0919,0.3897
585000,55,226.301,-21683.2,61.8789,0.389333
600000,48,194.581,-21677.2,53.8743,0.407022
615000,37,173.285,-21729.7,43.2497,0.36988
630000,37,152.108,-21684.8,26.4944,0.394222
645000,45,193.774,-21702.4,50.6402,0.3886
660000,26,121.97,-21721,27.4812,0.367933
675000,33,154.191,-21725.7,32.4972,0.360467
690000,27,108.051,-21690.9,33.5151,0.361833
705000,31,143.87,-21710.8,28.4754,0.3727
720000,39,168.926,-21695.4,44.8154,0.37932
735000,40,162.445,-21658,37.0863,0.359333
750000,39,160.773,-21664,32.4751,0.3986
765000,46,200.366,-21664.4,34.9868,0.409356
780000,45,198.801,-21678.5,44.084,0.391467
795000,46,207.329,-21676.2,38.7676,0.371944
810000,57,241.582,-21645.1,48.2914,0.395067
825000,47,212.073,-21681.4,51.512,0.400767
840000,59,261.568,-21652.9,62.3088,0.393133
855000,54,249.585,-21658.2,52.5427,0.407933
870000,42,170.821,-21661,55.4069,0.383147
885000,55,253.963,-21668.3,55.1475,0.408333
900000,73,328.739,-21615.9,74.8509,0.414817
915000,60,265.235,-21638,59.2535,0.4074
930000,64,268.861,-21617.1,64.1629,0.4066
945000,54,239.974,-21641.6,54.495,0.387787
960000,57,245.456,-21617.1,75.8227,0.3859
975000,71,317.403,-21612.8,69.8211,0.400333
990000,71,300.168,-21616.6,56.298,0.399733
1005000,40,182.009,-21655.3,35.1652,0.382917
1020000,57,244.028,-21643.3,56.8381,0.398156
1035000,59,263.228,-21633,46.599,0.3928
1050000,64,301.51,-21628.4,70.9306,0.411333
1065000,66,291.359,-21631.1,73.9714,0.401667
1080000,70,311.267,-21621.8,73.1155,0.411333
1095000,59,267.763,-21603.9,55.298,0.3896
1110000,70,293.408,-21599.3,64.1643,0.390108
1125000,65,292.895,-21631.4,60.3071,0.3879
1140000,70,302.558,-21585.1,76.5388,0.4086
1155000,68,282.47,-21636.1,82.8387,0.392
1170000,67,272.114,-21608.4,78.0086,0.403667
1185000,55,241.18,-21636.8,56.1877,0.386489
1200000,57,260.99,-21653.2,54.8225,0.387733
1215000,49,212.519,-21647.5,48.9317,0.374733
1230000,52,240.186,-21630.5,67.1631,0.376067
1245000,67,298.868,-21605,67.0164,0.388211
1260000,57,252.978,-21631.4,61.4313,0.3956
1275000,59,251.944,-21614,63.5522,0.392333
1290000,64,289.739,-21620.1,71.8777,0.386756
1305000,63,275.167,-21608.1,79.5649,0.3956
1320000,62,271.317,-21623.3,55.3848,0.405622
1335000,69,286.981,-21617.6,74.0325,0.4003
1350000,60,254.353,-21620.7,69.5031,0.3998
1365000,50,214.966,-21631.5,41.9256,0.391747
1380000,61,254.115,-21631.1,65.0475,0.4047
1395000,51,209.763,-21657.7,40.3637,0.404387
1410000,56,244.597,-21623.1,67.6673,0.395511
1425000,45,190.822,-21646.3,41.4483,0.393833
1440000,49,201.928,-21628.8,43.3359,0.379867
1455000,74,340.221,-21637.3,50.3412,0.400373
1470000,58,261.767,-21654,43.7691,0.397667
1485000,46,188.136,-21651.6,45.5423,0.378844
1500000,64,272.966,-21631.4,68.0027,0.397756
1515000,52,225.695,-21643.4,52.8014,0.390889
1530000,57,233.682,-21620.4,55.7915,0.386867
1545000,55,238.466,-21623.9,58.8963,0.394356
1560000,60,252.11,-21647.9,67.373,0.3892
1575000,56,236.234,-21616.5,50.4848,0.395956
1590000,71,308.057,-21635.8,68.9322,0.397767
1605000,63,263.025,-21650.9,71.5718,0.395867
1620000,50,207.246,-21631,42.1632,0.398924
1635000,87,383.727,-21583.5,84.0142,0.4072
1650000,92,396.328,-21608.1,85.2119,0.413067
1665000,73,312.99,-21599.3,76.5417,0.407933
1680000,51,221.165,-21625.1,63.922,0.383917
1695000,64,263.881,-21612.9,56.2904,0.397633
1710000,70,289.16,-21620.7,76.3442,0.3921
1725000,76,329.038,-21578.2,80.9604,0.397367
1740000,82,353.634,-21608.3,74.8563,0.405533
1755000,55,244.213,-21637.7,59.3546,0.383117
1770000,80,341.01,-21607.2,72.3435,0.4027
1785000,82,345.907,-21612.6,74.8905,0.398467
1800000,67,292.572,-21648,67.0203,0.397433
1815000,91,386.867,-21625.3,110.795,0.411233
1830000,83,351.661,-21607.5,76.0615,0.413933
1845000,77,333.073,-21587.8,77.5763,0.418
1860000,79,347.665,-21591.4,68.5311,0.414267
1875000,93,393.426,-21603.1,84.795,0.4156
1890000,48,194.831,-21632.4,43.7787,0.393167
1905000,54,228.398,-21634.1,49.6521,0.392447
1920000,95,420.475,-21601.6,95.2635,0.419089
1935000,82,362.4,-21587.9,82.8858,0.418867
1950000,87,372.791,-21600.7,76.849,0.423467
1965000,90,396.854,-21598.2,95.8435,0.404133
1980000,88,411.438,-21619.2,72.8467,0.410467
1995000,75,323.326,-21595.7,61.6698,0.408533
2010000,73,310.483,-21607.3,58.9452,0.4074
2025000,65,278.029,-21633.2,58.3911,0.397733
2040000,70,302.212,-21595.6,78.3887,0.3964
2055000,82,361.713,-21633.2,72.1982,0.4014
2070000,79,332.843,-21613,84.623,0.412667
2085000,73,320.485,-21606.7,86.1325,0.414333
2100000,67,292.718,-21589.8,74.4374,0.404933
2115000,77,341.854,-21612,58.7083,0.4096
2130000,84,353.111,-21589.7,73.227,0.4118
2145000,81,364.01,-21589.7,87.0372,0.401467
2160000,51,202.1,-21639.1,59.1658,0.390482
2175000,56,240.649,-21642,58.7802,0.400933
2190000,58,251.933,-21638.3,41.954,0.400787
2205000,69,311.71,-21635.7,78.2152,0.410667
2220000,65,260.707,-21620,65.4833,0.3934
2235000,61,261.435,-21620.6,67.9676,0.4027
2250000,60,259.294,-21632.1,67.4341,0.3914
2265000,59,264.445,-21606.3,73.0924,0.394778
2280000,55,243.559,-21607.9,56.6923,0.387533
2295000,51,226.704,-21621.8,37.0586,0.396578
2310000,66,292.468,-21642.9,71.0788,0.395785
2325000,72,316.822,-21618.4,65.3031,0.399644
2340000,67,285.563,-21641,74.9039,0.402156
2355000,57,237.312,-21633.3,50.0215,0.397267
2370000,52,213.355,-21631.6,46.461,0.385622
2385000,47,206.319,-21659.5,60.7057,0.381933
2400000,47,201.924,-21657.3,51.3939,0.389467
2415000,65,263.555,-21589.9,57.3469,0.397044
2430000,61,267.245,-21611.4,60.1677,0.396867
2445000,50,214.522,-21659.3,58.5543,0.392267
2460000,64,278.584,-21647.7,67.327,0.404717
2475000,71,310.842,-21610.6,60.5432,0.389356
2490000,70,305.394,-21599.6,63.1271,0.389533
2505000,59,260.442,-21627,60.9904,0.397133
2520000,58,254.288,-21617.6,65.9428,0.386
2535000,58,249.228,-21624.8,56.4557,0.385933
2550000,63,274.673,-21659.7,59.2301,0.402219
2565000,54,253.253,-21635.3,46.3575,0.397324
2580000,60,258.854,-21635.4,52.9603,0.417933
2595000,50,210.02,-21642.3,45.0239,0.392067
2610000,52,211.662,-21636.6,62.556,0.40024
2625000,56,250.626,-21654.6,51.6169,0.4064
2640000,69,291.4,-21637.6,60.8137,0.398433
2655000,45,202.181,-21675.2,45.0604,0.390783
2670000,59,241.36,-21637.7,61.4936,0.398667
2685000,46,211.695,-21649.3,33.594,0.383867
2700000,57,232.279,-21612.1,55.7264,0.40388
2715000,44,196.102,-21662.4,44.4307,0.394667
2730000,49,216.03,-21655.7,51.1973,0.3818
2745000,87,400.664,-21625.9,77.6941,0.420689
2760000,76,327.628,-21613.3,71.513,0.4282
2775000,74,316.749,-21615.6,68.3875,0.4152
2790000,71,306.821,-21632.9,75.2065,0.410067
2805000,74,304.147,-21608.4,82.5942,0.408933
2820000,56,242.31,-21640.9,53.1159,0.381194
2835000,82,370.408,-21624.7,85.7269,0.416667
2850000,61,272.897,-21640.9,64.186,0.394167
2865000,59,264.753,-21627.4,67.1832,0.396133
2880000,94,394.903,-21628.6,109.793,0.423978
2895000,83,359.836,-21621.3,90.2077,0.415333
2910000,42,178.445,-21634.4,49.0197,0.403778
2925000,56,230.656,-21617.4,63.1104,0.412933
2940000,63,274.38,-21610.6,49.2867,0.4024
2955000,53,237.702,-21621.2,56.4114,0.383133
2970000,76,350.375,-21611.3,80.2859,0.411967
2985000,76,353.573,-21632.4,71.4247,0.4266
3000000,68,294.118,-21620.6,71.0793,0.417133
3015000,58,250.324,-21617.5,57.8997,0.391733
3030000,59,263.35,-21628.7,53.0585,0.3822
3045000,60,262.462,-21608.2,65.8725,0.388467
3060000,75,343.279,-21619.2,78.6588,0.409133
3075000,76,318.27,-21602.2,71.9613,0.404933
3090000,68,312.301,-21616.2,73.0937,0.400867
3105000,67,299.261,-21628.6,75.5203,0.41
3120000,59,260.077,-21606.3,56.5282,0.394111
3135000,80,348.305,-21585.8,70.0657,0.4214
3150000,66,305.295,-21612.6,68.6164,0.398267
3165000,61,270.291,-21610.5,62.6556,0.392897
3180000,67,288.712,-21620.9,67.6849,0.405956
3195000,71,321.653,-21602.5,62.3298,0.400756
3210000,66,281.96,-21633.3,61.3972,0.4078
3225000,70,301.769,-21624.3,71.1149,0.401033
3240000,65,289.215,-21622.2,58.8028,0.383733
3255000,60,260.083,-21645.8,68.1007,0.3904
3270000,53,221.273,-21634.9,50.968,0.398733
3285000,46,196.593,-21655.2,36.5777,0.386333
3300000,56,233.746,-21646.7,56.0206,0.398844
3315000,52,221.196,-21626.1,47.2411,0.391044
3330000,50,230.041,-21639.1,45.8323,0.381867
3345000,65,296.612,-21625.6,77.3822,0.399
3360000,51,219.614,-21630.5,58.2839,0.3827
3375000,50,209.772,-21630.8,35.6694,0.390933
3390000,61,265.593,-21615.7,61.229,0.397867
3405000,59,252.366,-21635.8,66.1519,0.391767
3420000,67,307.571,-21615.2,69.2385,0.407633
3435000,74,315.129,-21636.7,72.8389,0.415533
3450000,78,344.251,-21628.2,92.3312,0.407533
3465000,71,323.01,-21651.9,59.6884,0.405133
3480000,70,307.507,-21647.2,66.1368,0.4109
3495000,64,286.688,-21638,58.3323,0.407167
3510000,68,308.526,-21626,61.1973,0.4149
3525000,46,197.778,-21638.3,55.6883,0.374479
3540000,61,260.857,-21638.6,63.9246,0.4111
3555000,51,219.468,-21625.6,54.0407,0.402583
3570000,64,263.806,-21630,86.2725,0.4026
3585000,62,258.807,-21614.2,64.645,0.409222
3600000,61,278.78,-21608.6,59.5813,0.413467
3615000,66,290.447,-21611.1,70.2416,0.395667
3630000,68,289.324,-21625.3,72.2956,0.411
3645000,74,325.829,-21598.2,87.9809,0.409
3660000,79,325.395,-21596,69.1828,0.4144
3675000,88,370.373,-21645.4,100.123,0.420733
3690000,79,347.36,-21601.7,71.1484,0.4132
3705000,72,330.942,-21611.6,69.9545,0.410067
3720000,50,222.498,-21627.3,42.8606,0.389374
3735000,56,241.813,-21642.6,48.8971,0.389267
3750000,79,363.506,-21596.1,78.3849,0.407517
3765000,78,340.862,-21605.2,86.9702,0.404883
3780000,74,310.195,-21607.2,74.1186,0.4
3795000,54,235.356,-21640.5,63.7957,0.401244
3810000,70,297.228,-21627.4,68.6014,0.391
3825000,72,309.493,-21611.1,59.7749,0.403067
3840000,70,296.526,-21603.6,61.1188,0.4068
3855000,63,284.411,-21644.3,55.8453,0.404717
3870000,71,293.294,-21625.4,67.9783,0.406533
3885000,59,268.315,-21637.8,59.8511,0.395867
3900000,57,260.891,-21635.1,49.0562,0.403833
3915000,54,252.656,-21645.1,55.6455,0.3966
3930000,42,184.431,-21660.7,34.9906,0.38968
3945000,44,191.038,-21646.2,44.6087,0.375733
3960000,53,229.239,-21653.1,52.8992,0.380307
3975000,51,220.354,-21668.5,47.7493,0.387867
3990000,63,273.73,-21638.6,78.2367,0.400467
4005000,57,250.257,-21653,47.1148,0.396067
4020000,45,187.749,-21662.8,50.47,0.386427
4035000,49,209.757,-21649.7,49.2384,0.378533
4050000,49,209.665,-21645.2,41.3388,0.388733
4065000,44,196.135,-21690,37.6779,0.385589
4080000,42,179.811,-21672.8,39.3727,0.386067
4095000,42,189.014,-21665.5,32.8076,0.3766
4110000,46,190.511,-21646.3,46.6265,0.3724
4125000,45,198.89,-21641.4,51.2896,0.348133
4140000,51,211.455,-21641.7,49.0223,0.365067
4155000,42,181.149,-21662,33.7667,0.389093
4170000,39,162.38,-21680.4,48.6336,0.3724
4185000,61,247.296,-21643.7,59.8021,0.373378
4200000,60,257.91,-21637.6,52.8211,0.4066
4215000,66,280.964,-21646.8,68.7094,0.373267
4230000,61,254.12,-21611.3,67.2388,0.393833
4245000,83,352.937,-21590.6,85.7763,0.398133
4260000,83,371.946,-21582.3,79.2741,0.402533
4275000,90,395.969,-21574.6,96.4271,0.420933
4290000,83,378.537,-21599.3,93.943,0.418
4305000,71,315.014,-21594.5,73.6763,0.403467
4320000,44,181.82,-21655.1,40.5532,0.382113
4335000,78,351.494,-21608,82.2529,0.403967
4350000,63,287.376,-21607.8,69.3692,0.3938
4365000,74,339.349,-21606.3,78.9559,0.400867
4380000,63,276.461,-21633.4,50.8422,0.382917
4395000,75,324.256,-21599.8,83.0987,0.4131
4410000,73,312.51,-21603.6,84.497,0.4098
4425000,78,357.926,-21598.7,69.3463,0.4126
4440000,46,196.827,-21636.2,35.3391,0.388383
4455000,76,345.23,-21595.8,85.8593,0.403133
4470000,77,319.076,-21603.1,75.5169,0.4108
4485000,62,271.942,-21617.1,72.6327,0.4004
4500000,62,251.144,-21625.8,71.0126,0.386133
4515000,64,272.155,-21607.3,64.0643,0.395733
4530000,71,303.912,-21607.8,81.775,0.4112
4545000,59,245.81,-21612.9,55.9707,0.399133
4560000,58,257.733,-21605.6,53.4895,0.394067
4575000,59,254.094,-21608.5,65.129,0.3948
4590000,55,235.25,-21615.9,40.285,0.390467
4605000,58,242.379,-21618.4,47.3505,0.395467
4620000,63,267.486,-21647,66.427,0.381
4635000,60,279.659,-21639.7,69.2187,0.396269
4650000,51,218.788,-21630.3,44.5848,0.406267
4665000,57,245.518,-21608.2,60.2793,0.3979
4680000,58,252.315,-21631.2,57.0606,0.4014
4695000,70,303.842,-21654.5,75.4794,0.402693
4710000,66,281.61,-21633.9,84.9876,0.409467
4725000,63,275.573,-21629.6,65.5375,0.410467
4740000,54,231.969,-21633.5,47.5542,0.397533
4755000,59,257.486,-21641.9,65.5929,0.400095
4770000,51,231.038,-21632.5,41.5246,0.3893
4785000,59,257.497,-21625,57.1881,0.397467
4800000,47,207.34,-21658.6,57.1318,0.388347
4815000,68,296.494,-21609.6,53.1723,0.3953
4830000,47,197.095,-21641.5,42.8647,0.38616
4845000,67,285,-21619.1,74.5532,0.405467
4860000,69,279.92,-21617.5,54.745,0.401067
4875000,50,218.587,-21623.1,53.1304,0.384
4890000,64,271.197,-21614.6,62.1711,0.403967
4905000,76,343.835,-21609.4,93.8251,0.394767
4920000,77,339.096,-21634.6,77.5905,0.4125
4935000,80,359.017,-21618.6,79.0563,0.416233
4950000,80,370.39,-21620.7,73.9879,0.4116
4965000,64,295.683,-21598.4,78.2237,0.4142
4980000,74,325.015,-21603.8,76.3611,0.403767
4995000,58,241.775,-21609.1,60.0126,0.405933
5010000,72,315.401,-21618.5,62.2466,0.405267
5025000,54,220.553,-21616.6,52.1461,0.392644
5040000,61,285.221,-21628.6,54.3482,0.378133
5055000,68,328.76,-21620,74.2777,0.400867
5070000,51,219.766,-21647.3,59.12,0.3942
5085000,39,167.494,-21644,31.5689,0.386933
5100000,48,211.023,-21645.9,49.9227,0.3798
5115000,55,238.556,-21637.2,60.0088,0.391467
5130000,55,247.672,-21660,60.6922,0.394583
5145000,65,296.279,-21657.8,62.7605,0.389367
5160000,52,218.629,-21644.8,50.4017,0.401567
5175000,59,254.983,-21621.3,49.8276,0.388133
5190000,64,288.435,-21639.8,78.9118,0.395933
5205000,53,220.126,-21641.2,51.6791,0.402767
5220000,66,281.038,-21630.6,79.0185,0.406267
5235000,72,317.113,-21622.4,75.6345,0.414
5250000,70,306.511,-21606.8,80.6195,0.411
5265000,74,319.354,-21618.2,76.9157,0.415733
5280000,61,275.005,-21626.1,57.9411,0.407533
5295000,60,246.25,-21636.2,74.0752,0.3952
5310000,50,217.884,-21641.4,56.2604,0.391867
5325000,60,250.997,-21639.2,48.6779,0.3918
5340000,71,320.494,-21618.2,65.1537,0.39516
5355000,73,318.929,-21620.4,89.6566,0.4002
5370000,64,287.782,-21617.3,72.238,0.395333
5385000,77,322.603,-21630.5,81.9353,0.394467
5400000,56,240.919,-21629.3,60.0274,0.403213
5415000,60,265.182,-21612.8,67.1336,0.3972
5430000,74,319.505,-21612.1,58.4082,0.391933
5445000,65,283.391,-21603.8,76.343,0.400867
5460000,69,293.536,-21607.5,72.1508,0.382533
5475000,59,263.535,-21602.7,71.6772,0.384867
5490000,72,308.83,-21606.3,74.152,0.394067
5505000,60,265.128,-21603.6,61.3116,0.386733
5520000,53,221.395,-21595.4,62.5856,0.369333
5535000,56,234.242,-21648.1,59.4192,0.390467
5550000,63,279.795,-21622.4,56.9817,0.3849
5565000,63,254.877,-21606.3,55.7635,0.389467
5580000,67,278.018,-21638.5,56.4981,0.396489
5595000,54,247.175,-21637.4,59.8697,0.377867
5610000,60,262.587,-21632.3,67.7827,0.404133
5625000,68,300.656,-21612.6,62.3148,0.406
5640000,68,297.207,-21636.9,62.7412,0.383178
5655000,71,315.022,-21653.7,78.6049,0.418667
5670000,61,264.746,-21656.6,54.5082,0.413867
5685000,57,264.321,-21656.3,55.7463,0.414
5700000,55,235.454,-21651.8,50.8904,0.40815
5715000,48,208.786,-21635.2,53.336,0.402
5730000,40,168.493,-21645.3,45.2339,0.386333
5745000,56,238.323,-21624,57.2295,0.3775
5760000,54,236.365,-21629.7,58.4804,0.383933
5775000,59,246.705,-21622.1,58.0921,0.394933
5790000,46,207.787,-21645.5,46.5639,0.4024
5805000,64,261.844,-21654.7,73.409,0.392467
5820000,44,192.442,-21684.6,62.2284,0.377381
5835000,56,230.675,-21611.8,66.4228,0.403233
5850000,60,265.073,-21630.1,68.4807,0.402933
5865000,44,186.707,-21661.7,52.5726,0.387022
5880000,68,285.915,-21629.6,88.8241,0.396767
5895000,52,215.729,-21633.5,48.4794,0.4056
5910000,55,232.726,-21628.7,49.9019,0.379333
5925000,44,183.757,-21643.2,51.8818,0.393567
5940000,68,320.573,-21614.6,61.5563,0.394467
5955000,48,222.433,-21653.2,44.6224,0.394467
5970000,57,256.353,-21637.2,58.6241,0.400133
5985000,32,137.903,-21660.5,34.6184,0.371479
6000000,59,260.197,-21642.1,50.9618,0.395633
6015000,55,246.137,-21628.4,61.4965,0.409133
6030000,36,162.271,-21652.4,39.6451,0.387656
6045000,59,249.242,-21632.1,68.8105,0.411967
6060000,73,311.623,-21648.8,79.2544,0.406733
6075000,54,230.563,-21630.6,68.1858,0.406
6090000,73,323.837,-21644.1,84.8855,0.404533
6105000,73,310.341,-21599.3,77.7255,0.4104
6120000,65,284.286,-21620.9,69.3195,0.416067
6135000,75,334.529,-21602,85.626,0.4052
6150000,63,288.549,-21641.5,67.1008,0.378091
6165000,69,293.113,-21611.4,83.7136,0.4089
6180000,49,218.932,-21632.3,36.2033,0.39
6195000,68,286.122,-21598.1,65.0723,0.400467
6210000,80,349.709,-21615.4,63.865,0.410933
6225000,61,282.699,-21625.5,65.1502,0.4092
6240000,71,311.986,-21645.1,82.0424,0.401133
6255000,60,259.246,-21648.8,64.7071,0.405467
6270000,53,233.738,-21634.5,49.3575,0.398689
6285000,51,219.047,-21648.2,61.8687,0.390467
6300000,60,263.526,-21638.6,59.9845,0.3952
6315000,56,235.279,-21632.3,51.9266,0.37635
6330000,54,240.045,-21637,69.8336,0.3948
6345000,52,216.929,-21627.7,52.9235,0.387567
6360000,36,156.828,-21664.8,44.8849,0.389481
6375000,49,220.919,-21633,38.986,0.389567
6390000,48,183.138,-21644.2,53.0343,0.3974
6405000,66,276.643,-21630.3,49.4265,0.383222
6420000,61,274.124,-21635.5,71.542,0.402267
6435000,53,227.275,-21612.2,44.6681,0.3858
6450000,47,208.469,-21651.7,49.6407,0.3938
6465000,56,247.041,-21611.6,71.0397,0.3815
6480000,50,224.14,-21647.4,53.1181,0.3788
6495000,70,305.759,-21621.9,70.9093,0.396333
6510000,79,346.125,-21615.8,80.6461,0.405667
6525000,69,293.656,-21620.5,75.4166,0.409333
6540000,66,292.483,-21624.4,65.732,0.405067
6555000,75,331.037,-21630.2,80.344,0.395067
6570000,52,219.383,-21627.9,51.4175,0.389583
6585000,48,204.014,-21635.6,38.8915,0.391733
6600000,58,259.592,-21618.8,48.8802,0.387622
6615000,46,187.618,-21637.7,45.5921,0.382733
6630000,66,286.849,-21603.4,54.128,0.393533
6645000,70,314,-21614.6,73.041,0.406133
6660000,66,298.905,-21628.4,68.8086,0.3988
6675000,74,335.653,-21619.1,84.0124,0.4078
6690000,63,266.616,-21625.9,47.6187,0.405267
6705000,74,311.658,-21603.3,78.2812,0.402367
6720000,74,335.683,-21624,81.7841,0.408533
6735000,59,267.08,-21636.9,54.0615,0.4104
6750000,65,269.232,-21615.8,67.191,0.4059
6765000,75,323.964,-21605.6,75.689,0.39716
6780000,67,295.167,-21632.8,70.2809,0.405433
6795000,70,325.326,-21636.9,60.6361,0.3978
6810000,57,253.083,-21654.5,48.7913,0.400867
6825000,69,285.888,-21600.2,74.2213,0.401789
6840000,61,259.914,-21636.5,56.295,0.40135
6855000,79,342.636,-21607.3,69.5886,0.4011
6870000,75,337.653,-21598.1,82.8147,0.405333
6885000,62,274.056,-21616.2,60.1679,0.394347
6900000,76,334.999,-21631.8,96.8505,0.393867
6915000,84,369.423,-21623.9,83.6898,0.404644
6930000,75,326.849,-21609.5,54.5163,0.4057
6945000,77,320.006,-21623.4,63.139,0.409
6960000,62,273.405,-21621.3,55.7603,0.403
6975000,65,281.94,-21630.5,54.1744,0.405533
6990000,66,275.144,-21630.4,55.5902,0.395133
7005000,69,297.286,-21625.3,79.5555,0.401733
7020000,62,282.282,-21632.9,64.1657,0.3938
7035000,50,201.499,-21645.3,58.5614,0.392067
7050000,73,313.754,-21639.4,73.7063,0.414333
7065000,63,267.38,-21620.8,67.2999,0.388867
7080000,52,212.299,-21628.3,41.996,0.374067
7095000,76,332.36,-21590.9,75.9457,0.397518
7110000,63,267.501,-21596.1,57.6619,0.389633
7125000,79,330.392,-21618.7,84.321,0.4114
7140000,83,357.334,-21598.8,84.8685,0.4056
7155000,71,307.143,-21594.6,94.4272,0.396667
7170000,78,338.842,-21615.8,68.2689,0.412067
7185000,70,316.905,-21611.2,57.9437,0.412867
7200000,64,274.977,-21607.1,86.1607,0.397733
7215000,60,256.973,-21621.6,65.1426,0.407
7230000,73,294.493,-21627,61.9885,0.404133
7245000,54,226.13,-21592.3,58.2992,0.401889
7260000,59,256.014,-21582.7,71.1615,0.3702
7275000,67,283.329,-21587.8,64.0929,0.374867
7290000,74,314.172,-21602,81.808,0.402933
7305000,81,370.817,-21586.8,73.1572,0.4026
7320000,78,339.55,-21583.2,79.9488,0.4076
7335000,67,278.029,-21613.5,68.6093,0.393133
7350000,77,328.17,-21572.9,92.8228,0.396933
7365000,87,363.992,-21587.9,75.1556,0.402867
7380000,83,345.777,-21599.1,72.6809,0.41
7395000,72,324.778,-21601,69.6691,0.406
7410000,55,243.736,-21640.2,59.8239,0.392613
7425000,75,321.476,-21630.6,77.3565,0.407233
7440000,40,172.385,-21663.5,41.3432,0.384013
7455000,50,208.606,-21640.5,37.6692,0.398778
7470000,69,301.807,-21608,69.1086,0.403422
7485000,63,277.715,-21605.9,57.6165,0.399333
7500000,67,302.272,-21604.4,65.1349,0.399867
7515000,62,272.732,-21602.1,50.3343,0.399733
7530000,48,209.979,-21644.3,51.7318,0.385533
7545000,79,352.344,-21598,92.838,0.398833
7560000,74,327.992,-21615.4,86.5609,0.4006
7575000,58,244.276,-21621.6,56.6936,0.3902
7590000,62,272.033,-21626,69.5425,0.387167
7605000,69,284.437,-21606.4,59.0313,0.4054
7620000,72,303.576,-21648.4,67.5068,0.408756
7635000,68,290.859,-21642.4,64.2733,0.414733
7650000,70,313.86,-21621.1,64.0145,0.4184
7665000,66,289.564,-21603,59.4723,0.400067
7680000,56,247.74,-21612.7,49.1866,0.396667
7695000,56,247.942,-21646.5,60.2029,0.3858
7710000,46,197.651,-21642,50.4127,0.403933
7725000,58,261.39,-21616.7,56.5975,0.393933
7740000,48,212.099,-21628.1,45.5061,0.392633
7755000,57,248.155,-21622.1,51.6513,0.3988
7770000,61,266.95,-21618.8,65.7214,0.400844
7785000,58,258.054,-21644,65.5126,0.391133
7800000,58,262.784,-21660.9,54.3152,0.3978
7815000,63,260.783,-21605.9,61.7078,0.383533
7830000,67,281.581,-21604.7,75.4664,0.398667
7845000,59,268.139,-21619,77.4352,0.388343
7860000,63,273.537,-21680.3,53.796,0.4015
7875000,66,289.431,-21617.7,71.0879,0.4017
7890000,58,265.404,-21618.3,66.4065,0.393133
7905000,65,296.746,-21607.8,62.3381,0.389633
7920000,67,295.624,-21602.4,67.3781,0.3916
7935000,56,247.578,-21636.6,63.165,0.3812
7950000,70,298.696,-21600.2,72.6955,0.3927
7965000,52,224.83,-21625.9,42.0828,0.386433
7980000,72,300.076,-21616.9,79.5803,0.392333
7995000,74,326.019,-21621.5,55.4106,0.406067
8010000,65,302.477,-21615.4,66.9441,0.413467
8025000,48,208.908,-21650.7,47.2867,0.389176
8040000,68,321.724,-21634.9,65.6682,0.400967
8055000,62,269.585,-21628.1,60.2965,0.391567
8070000,54,229.256,-21610,50.6744,0.385567
8085000,46,206.524,-21629,43.5985,0.381867
8100000,55,239.943,-21635.1,58.3027,0.369067
8115000,58,245.123,-21674.7,53.5462,0.391778
8130000,67,283.427,-21630,59.3131,0.3972
8145000,54,231.224,-21630.9,59.5234,0.389733
8160000,62,266.246,-21637.3,65.8542,0.4086
8175000,74,330.281,-21636.2,74.5779,0.402133
8190000,68,303.872,-21634.4,68.4001,0.399222
8205000,54,256.525,-21669.2,53.1186,0.396233
8220000,57,258.554,-21627.7,46.9672,0.398433
8235000,55,252.009,-21648.1,48.8238,0.378733
8250000,47,195.583,-21620.4,50.2826,0.38
8265000,47,197.187,-21657.1,41.6807,0.387044
8280000,50,203.278,-21626,44.7575,0.376533
8295000,63,285.276,-21602.9,71.5075,0.3862
8310000,71,313.297,-21627.8,64.0433,0.4146
8325000,43,195.228,-21667,41.5861,0.3959
8340000,58,259.37,-21645.6,49.9243,0.388215
8355000,59,268.551,-21623.8,61.2169,0.4098
8370000,65,297.077,-21609.9,71.7978,0.405467
8385000,71,315.911,-21603.4,78.904,0.396933
8400000,57,241.404,-21611.5,57.516,0.390667
8415000,56,244.183,-21617.4,58.7821,0.366867
8430000,63,272.481,-21611.9,64.5456,0.388333
8445000,47,208.445,-21674.8,41.5133,0.388117
8460000,64,287.398,-21599,61.3666,0.3919
8475000,69,298.999,-21615.8,79.5225,0.3902
8490000,60,264.121,-21603.6,52.1328,0.3886
8505000,70,317.932,-21602.3,75.6844,0.389067
8520000,58,260.558,-21609.3,52.9815,0.3976
8535000,61,263.036,-21622.7,61.6527,0.4088
8550000,60,266.94,-21628.7,64.6981,0.391743
8565000,59,279.372,-21638.8,61.5695,0.394067
8580000,56,259.289,-21628.7,53.5077,0.3922
8595000,64,289.674,-21630.3,73.7618,0.4058
8610000,55,237.786,-21623.6,54.117,0.399067
8625000,62,276.798,-21619.8,58.4154,0.406233
8640000,59,261.866,-21610.1,61.6499,0.38
8655000,63,269.422,-21623.1,55.4009,0.3812
8670000,66,294.551,-21630.3,57.8295,0.400367
8685000,68,278.431,-21620.7,63.1811,0.391733
8700000,54,220.759,-21624,58.3574,0.381333
8715000,52,223.915,-21611.8,52.0557,0.372467
8730000,58,244.105,-21603.3,55.3935,0.374
8745000,68,295.483,-21626.7,66.2175,0.385933
8760000,63,287.591,-21648.1,64.9536,0.3884
8775000,57,233.311,-21631.8,44.9666,0.392783
8790000,40,172.796,-21662.2,33.7237,0.385562
8805000,55,246.33,-21640.3,56.3102,0.383867
8820000,65,271.918,-21613.6,63.6943,0.3904
8835000,53,219.87,-21640.5,59.2549,0.3896
8850000,56,256.464,-21618.8,48.5346,0.393
8865000,68,260.86,-21657.3,67.7738,0.4033
8880000,65,292.653,-21637,51.907,0.39605
8895000,61,269.33,-21633.7,59.2915,0.3858
8910000,61,256.075,-21616.7,64.2032,0.396033
8925000,51,213.439,-21639.8,58.0098,0.395483
8940000,51,224.566,-21626.3,50.2876,0.3708
8955000,54,230.372,-21618.2,53.4351,0.3752
8970000,55,239.068,-21637.4,53.2845,0.37924
8985000,59,256.437,-21579.2,49.9573,0.3723
9000000,56,239.747,-21630.1,58.5637,0.389933
9015000,63,262.988,-21616.5,68.4272,0.388267
9030000,59,251.714,-21613.2,66.1422,0.393267
9045000,62,275.604,-21619,71.3792,0.392133
9060000,68,313.607,-21592.3,59.2979,0.3954
9075000,63,294.097,-21612.8,61.7988,0.396
9090000,57,244.578,-21599,59.7691,0.391
9105000,59,258.404,-21658.4,61.242,0.388657
9120000,53,227.356,-21654.3,49.1106,0.386805
9135000,46,189.767,-21636.5,49.3372,0.4098
9150000,55,252.393,-21629.7,49.4225,0.373667
9165000,58,252.704,-21638.4,54.9584,0.4072
9180000,61,263.299,-21634.9,63.62,0.395267
9195000,72,307.617,-21648.8,81.2883,0.415133
9210000,52,216.569,-21644.3,42.1177,0.391333
9225000,55,233.001,-21661.6,53.5426,0.3784
9240000,53,244.009,-21651.5,48.7919,0.383847
9255000,55,236.259,-21621.1,42.8702,0.386467
9270000,61,275.354,-21606.2,64.1568,0.399233
9285000,66,273.926,-21623.7,64.9541,0.399
9300000,76,349.061,-21633.7,89.0788,0.418933
9315000,68,293.743,-21636.6,61.3136,0.417267
9330000,61,269.368,-21628.5,66.6547,0.399133
9345000,68,288.571,-21633.6,73.3014,0.399067
9360000,37,152.673,-21680.5,37.6198,0.389024
9375000,56,238.435,-21642.5,49.8115,0.388833
9390000,59,254.458,-21633.5,62.3308,0.398267
9405000,56,238.377,-21613.4,57.0898,0.386304
9420000,71,305.515,-21663.9,72.4491,0.379133
9435000,75,305.68,-21590.7,60.3335,0.394356
9450000,61,244.579,-21601.6,68.2826,0.396533
9465000,57,255.573,-21632,54.2659,0.3848
9480000,69,290.043,-21607.3,68.4719,0.402533
9495000,59,266.439,-21595.3,62.6625,0.391867
9510000,63,270.974,-21600.2,64.4647,0.392733
9525000,88,386.604,-21599.4,88.9827,0.406133
9540000,88,367.484,-21606.4,88.683,0.4246
9555000,78,361.744,-21569.6,96.6204,0.421533
9570000,86,386.13,-21577.9,77.2044,0.406133
9585000,71,334.426,-21589,73.5617,0.400933
9600000,79,351.137,-21587.4,72.9018,0.396533
9615000,84,365.872,-21576.5,90.0524,0.4124
9630000,76,337.234,-21600.4,80.381,0.416467
9645000,59,257.546,-21579.7,67.2828,0.382884
9660000,63,290.254,-21606.8,62.6701,0.395498
9675000,61,282.483,-21590.6,64.1036,0.397167
9690000,70,314.034,-21586.4,56.7235,0.393333
9705000,72,315.022,-21599.6,76.4847,0.399111
9720000,67,286.853,-21577,88.6645,0.395833
9735000,63,281.563,-21591.3,56.3523,0.386533
9750000,66,301.588,-21627.5,50.193,0.389733
9765000,60,247.815,-21596.5,60.3962,0.399326
9780000,72,305.951,-21589.4,73.8638,0.3974
9795000,64,280.451,-21616.4,65.6116,0.4114
9810000,61,260.124,-21630.9,57.4582,0.394833
9825000,53,234.391,-21639.1,53.4248,0.389317
9840000,70,305.581,-21618,75.1406,0.405622
9855000,68,311.944,-21626.5,76.2415,0.3998
9870000,80,343.353,-21634.1,84.9709,0.404033
9885000,61,262.933,-21614.5,63.6027,0.393633
9900000,58,249.322,-21607.5,47.7513,0.384867
9915000,55,235.106,-21634.3,55.4129,0.3958
9930000,52,222.346,-21615.2,48.0227,0.3889
9945000,62,267.572,-21640,68.6915,0.3942
9960000,65,300.591,-21626.2,55.2344,0.400644
9975000,60,259.512,-21622.6,57.1772,0.4068
9990000,52,224.35,-21610.8,54.3313,0.378367
10005000,57,253.725,-21629.7,46.2183,0.394367
10020000,47,210.124,-21657.2,40.6256,0.387667
10035000,53,243.403,-21661.4,62.1699,0.393467
10050000,56,255.115,-21661.7,57.7203,0.3836
10065000,57,256.777,-21615.3,61.2917,0.369533
10080000,52,232.923,-21606,64.6043,0.371333
10095000,49,224.829,-21649.2,43.9368,0.3828
10110000,53,225.295,-21610.8,44.8019,0.3673
10125000,49,216.778,-21647.9,47.5824,0.39485
10140000,44,192.653,-21636.3,44.0959,0.374911
10155000,58,247.407,-21609.8,64.046,0.384111
10170000,69,278.687,-21585.1,69.6693,0.3794
10185000,41,177.514,-21670.3,40.2211,0.382033
10200000,49,213.907,-21665.5,54.2944,0.3678
10215000,58,256.396,-21644.9,52.592,0.386933
10230000,71,302.153,-21614.9,71.1337,0.3936
10245000,68,287.978,-21633,62.744,0.399
10260000,69,305.191,-21618.6,71.3943,0.397
10275000,66,290.339,-21610.8,63.5378,0.391333
10290000,62,280.361,-21617.6,56.7901,0.384133
10305000,64,267.989,-21636.2,61.5262,0.390578
10320000,66,301.745,-21632.9,69.3885,0.3835
10335000,48,195.727,-21633,55.4253,0.385007
10350000,51,223.954,-21606.8,51.2599,0.383
10365000,66,296.665,-21603.1,66.6746,0.396133
10380000,65,284.942,-21640.5,66.1152,0.398493
10395000,55,241.23,-21638,51.8801,0.389433
10410000,56,253.636,-21644.6,59.7234,0.380333
10425000,52,214.919,-21625.3,42.2677,0.3962
10440000,53,229.368,-21631.5,70.203,0.377533
10455000,59,245.589,-21641.8,67.6305,0.386767
10470000,61,262.269,-21605.7,46.6663,0.393878
10485000,69,293.33,-21629.8,67.1313,0.3956
10500000,57,251.719,-21621.2,48.0138,0.400644
10515000,58,252.506,-21628,60.0856,0.406267
10530000,52,222.266,-21647.4,49.616,0.390967
10545000,65,282.795,-21623.7,67.8452,0.4029
10560000,63,265.074,-21623.4,58.176,0.403667
10575000,75,339.126,-21622.3,81.8433,0.399867
10590000,51,217.773,-21654.1,48.8947,0.381393
10605000,51,214.087,-21667.1,68.6746,0.416
10620000,50,218.289,-21637.1,63.6759,0.387622
10635000,48,198.01,-21668.8,45.6671,0.4048
10650000,68,302.001,-21638.2,65.8156,0.396933
10665000,69,300.523,-21627.8,67.6616,0.404067
10680000,66,301.971,-21617.3,74.8342,0.409467
10695000,52,235.786,-21631.2,59.3671,0.398733
10710000,57,247.428,-21627.7,65.2934,0.396333
10725000,63,275.193,-21651.7,69.5222,0.395967
10740000,55,246.662,-21651.6,47.4111,0.4014
10755000,59,252.171,-21620.9,51.6047,0.396556
10770000,67,289.744,-21626.5,75.691,0.402533
10785000,63,266.235,-21618.1,67.9397,0.380297
10800000,64,269.912,-21612.3,62.2871,0.405
10815000,44,189.699,-21657.2,50.0035,0.383947
10830000,61,269.336,-21622.7,58.162,0.391767
10845000,52,231.982,-21632.7,56.0092,0.373867
10860000,66,265.432,-21613.2,55.378,0.391833
10875000,52,236.666,-21642,58.4913,0.381233
10890000,57,255.895,-21655.9,63.2932,0.3866
10905000,57,238.755,-21622.7,54.664,0.389378
10920000,46,194.292,-21663.5,49.8253,0.376007
10935000,49,211.973,-21650.7,61.7743,0.388089
10950000,51,220.969,-21649.9,55.2436,0.3727
10965000,66,297.199,-21633.9,61.2794,0.391433
10980000,67,302.539,-21624.5,69.8018,0.410733
10995000,52,234.158,-21615.8,55.4781,0.380317
11010000,59,252.28,-21599.7,59.7362,0.3994
11025000,41,176.415,-21657,37.9345,0.395307
11040000,37,157.047,-21664,35.9578,0.3708
11055000,55,239.565,-21635.8,55.6043,0.384467
11070000,49,195.164,-21628,47.8384,0.396
11085000,45,197.092,-21626.6,49.6397,0.382
11100000,50,227.869,-21634.6,46.708,0.3742
11115000,51,223.999,-21631.2,57.2454,0.393167
11130000,62,282.531,-21627.6,79.1561,0.393533
11145000,59,249.647,-21642.3,65.8794,0.406
11160000,54,227.166,-21631.1,45.255,0.397067
11175000,56,234.355,-21649.7,52.1461,0.3902
11190000,47,207.543,-21646,55.2522,0.3774
11205000,43,179.267,-21645.5,43.3317,0.379457
11220000,41,182.746,-21656,44.3363,0.3711
11235000,70,290.258,-21639.7,56.1921,0.393383
11250000,66,281.772,-21634.1,56.6386,0.412533
11265000,59,273.587,-21638.5,57.7576,0.3895
11280000,64,269.272,-21628.4,53.5967,0.406833
11295000,48,192.24,-21624.3,62.7901,0.3943
11310000,54,227.87,-21642.7,43.3782,0.376467
11325000,55,225.313,-21639.6,51.7647,0.3788
11340000,43,176.416,-21658.7,42.8052,0.388133
11355000,48,198.043,-21631.8,46.9901,0.393578
11370000,61,276.718,-21643.7,61.5955,0.3894
11385000,58,269.082,-21638.4,53.0019,0.395067
11400000,46,201.499,-21636.3,49.4032,0.379833
11415000,43,178.094,-21655.2,44.1812,0.389813
11430000,52,230.532,-21633.7,54.9766,0.376367
11445000,58,258.922,-21617.4,65.7226,0.394667
11460000,54,242.964,-21642.2,54.944,0.393933
11475000,56,236.787,-21626.9,46.7564,0.388533
11490000,55,226.342,-21600.6,47.2275,0.379867
11505000,51,221.757,-21677.5,50.1045,0.387667
11520000,42,189.222,-21651,46.4432,0.375022
11535000,50,217.107,-21636.2,50.6997,0.3772
11550000,41,179.43,-21635.3,42.936,0.3776
11565000,58,250.41,-21634.6,65.6777,0.390453
11580000,50,207.124,-21653.6,37.9259,0.401693
11595000,51,223.421,-21647.3,48.5044,0.367578
11610000,50,213.237,-21629.2,45.5482,0.393333
11625000,57,237.296,-21636.9,67.6227,0.387767
11640000,66,291.984,-21621.8,66.5727,0.393667
11655000,64,289.593,-21635.4,68.4509,0.418867
11670000,61,245.069,-21623.2,44.9408,0.3996
11685000,68,291.137,-21612.3,69.2485,0.408467
11700000,56,228.277,-21624.9,55.0031,0.386133
11715000,58,246.586,-21622.8,56.4905,0.400052
11730000,76,331.919,-21600.1,73.2171,0.405822
11745000,72,310.979,-21608.9,77.5103,0.409133
11760000,65,278.8,-21622.3,69.4198,0.391467
11775000,54,235.201,-21620.1,48.5777,0.387517
11790000,60,259.672,-21618.6,66.3363,0.3938
11805000,36,152.953,-21656.6,40.5116,0.378981
11820000,62,267.419,-21601.5,66.0409,0.393367
11835000,64,264.562,-21623.9,70.0601,0.398333
11850000,45,200.376,-21636.4,54.4853,0.371756
11865000,51,226.965,-21649,51.0103,0.388878
11880000,57,239.833,-21629.9,71.9978,0.387378
11895000,51,226.211,-21627.3,53.233,0.379333
11910000,52,221.974,-21625.5,38.8742,0.37735
11925000,43,185.347,-21648.1,40.1355,0.383917
11940000,54,243.984,-21637.6,63.9081,0.380689
11955000,53,235.488,-21643.7,51.6289,0.382733
11970000,60,262.917,-21643.7,48.1491,0.398533
11985000,66,269.157,-21627.7,49.5519,0.395133
12000000,71,302.332,-21612,73.6767,0.403267
12015000,59,240.585,-21614.7,68.3964,0.4024
12030000,58,263.034,-21614.5,74.6752,0.405033
12045000,60,265.538,-21624.3,77.5716,0.393067
12060000,62,274.156,-21627.6,71.2836,0.402867
12075000,53,232.661,-21650.7,51.3364,0.399533
12090000,71,275.6,-21620.4,89.6479,0.394853
12105000,62,269.22,-21629.4,47.168,0.4016
12120000,54,242.496,-21654.3,53.9394,0.394133
12135000,56,242.736,-21649.1,65.2081,0.395133
12150000,66,300.832,-21606.2,47.0666,0.3838
12165000,67,289.008,-21630.6,64.5621,0.404133
12180000,70,295.848,-21629.1,77.1067,0.396286
12195000,71,308.923,-21607.4,78.1473,0.4006
12210000,65,287.456,-21616,64.3002,0.409267
12225000,70,314.615,-21603.7,54.3781,0.404267
12240000,72,311.329,-21620,73.6817,0.387218
12255000,65,281.056,-21637.8,66.1654,0.4035
12270000,63,280.007,-21603,50.5708,0.4095
12285000,71,303.478,-21608.4,75.0266,0.396267
12300000,61,251.149,-21586.7,65.9662,0.4014
12315000,58,253.303,-21644.8,54.1242,0.37895
12330000,75,318.218,-21599.1,86.3666,0.4057
12345000,68,298.879,-21584.3,66.4489,0.407133
12360000,63,283.195,-21600.6,63.6259,0.3908
12375000,48,206.846,-21640.8,53.8354,0.39435
12390000,43,203.099,-21645.2,34.5367,0.372667
12405000,52,238.299,-21646.7,65.498,0.399667
12420000,62,268.53,-21618.5,51.58,0.390967
12435000,52,226.644,-21620.2,56.1172,0.39112
12450000,60,258.767,-21614.3,55.5101,0.383467
12465000,60,258.947,-21619.6,56.1666,0.3992
12480000,57,226.753,-21604.4,52.3252,0.3842
12495000,48,217.378,-21646.8,46.5915,0.393956
12510000,43,182.19,-21657.1,34.2638,0.384689
12525000,50,221.281,-21647.4,58.7452,0.393178
12540000,50,214.895,-21639.5,56.7527,0.3914
12555000,64,277.706,-21667.1,60.8277,0.390111
12570000,64,280.955,-21640.9,67.7645,0.401867
12585000,61,281.069,-21639.7,66.565,0.401267
12600000,62,262.1,-21617.5,72.7817,0.395117
12615000,54,232.856,-21621.9,60.9054,0.4024
12630000,54,230.414,-21640.7,65.7054,0.388378
12645000,65,279.925,-21590.2,59.0322,0.3849
12660000,57,250.8,-21602.8,58.067,0.387867
12675000,72,322.35,-21605.5,74.0523,0.413333
12690000,44,192.888,-21671.9,52.2881,0.395446
12705000,55,233.507,-21639.9,56.3663,0.38388
12720000,43,194.563,-21665.6,44.9594,0.3808
12735000,63,280.382,-21619.4,60.3154,0.395333
12750000,60,269.869,-21645.4,58.7832,0.4012
12765000,49,207.784,-21617.2,51.8057,0.403622
12780000,50,210.013,-21664.6,40.5016,0.399533
12795000,66,284.905,-21642.1,69.2738,0.3935
12810000,49,218.915,-21665.7,55.0059,0.4007
12825000,55,250.703,-21662.7,48.7946,0.402067
12840000,65,298.217,-21626.8,59.9323,0.403378
12855000,56,246.725,-21630,67.2837,0.397067
12870000,48,193.756,-21630.8,49.0904,0.395089
12885000,56,228.992,-21612.8,49.389,0.384533
12900000,57,240.099,-21646.8,57.5397,0.3908
12915000,66,287.467,-21640.4,79.1127,0.392928
12930000,63,269.422,-21615.8,58.3592,0.395133
12945000,76,328.866,-21615.1,72.4516,0.406333
12960000,70,288.038,-21620.8,67.263,0.4062
12975000,66,308.349,-21613.8,53.8779,0.41
12990000,54,240.178,-21662.5,46.3649,0.394967
13005000,60,262.428,-21648,55.1643,0.402133
13020000,57,257.861,-21643.9,58.9775,0.396143
13035000,58,254.26,-21630.3,55.6055,0.394667
13050000,49,206.916,-21665.2,43.5358,0.398867
13065000,48,193.825,-21650.6,47.8528,0.39655
13080000,56,219.661,-21657.3,57.7643,0.400667
13095000,57,251.447,-21630.5,54.5931,0.4015
13110000,59,252.932,-21652.5,54.3469,0.393033
13125000,48,207.877,-21638.7,52.3036,0.397633
13140000,52,239.901,-21627.7,50.0941,0.3966
13155000,52,229.333,-21650.8,44.7114,0.393889
13170000,60,268.918,-21639.3,64.3266,0.3915
13185000,45,191.397,-21630.8,50.2191,0.401667
13200000,54,223.222,-21656.8,48.6185,0.38912
13215000,45,190.315,-21653.7,42.9049,0.379133
13230000,51,229.988,-21652.3,56.3106,0.401467
13245000,52,241.614,-21638.1,43.417,0.3948
13260000,49,216.724,-21637.8,57.764,0.385533
13275000,65,281.601,-21631,72.2662,0.3966
13290000,53,224.141,-21630.3,49.4295,0.415133
13305000,49,215.428,-21634.1,38.9173,0.397333
13320000,57,242.257,-21618.6,63.1679,0.390467
13335000,60,266.729,-21660.4,63.6065,0.397378
13350000,58,252.217,-21643.1,68.1352,0.395133
13365000,65,273.419,-21636.6,59.1857,0.401444
13380000,60,262.181,-21632.5,45.433,0.399533
13395000,47,194.937,-21649.4,57.8567,0.388133
13410000,48,196.157,-21649.4,51.3372,0.3772
13425000,43,188.946,-21651.8,41.5009,0.38376
13440000,44,176.936,-21659.5,30.5148,0.386632
13455000,48,191.113,-21656.7,48.7343,0.383133
13470000,54,236.3,-21639.6,53.2922,0.380133
13485000,54,241.589,-21655.4,50.9857,0.3887
13500000,65,284.767,-21635.1,55.2823,0.409067
13515000,67,293.215,-21659.4,82.2608,0.404311
13530000,59,254.856,-21633.2,51.7184,0.403067
13545000,41,176.511,-21662.5,44.4442,0.387448
13560000,42,183.656,-21651.6,43.7763,0.387683
13575000,45,198.761,-21674.9,40.2087,0.3926
13590000,55,238.829,-21616.5,45.1769,0.39215
13605000,50,200.154,-21635.7,53.9256,0.385933
13620000,64,274.833,-21617.3,71.6945,0.402933
13635000,45,193.099,-21660.2,50.5861,0.382233
13650000,51,230.095,-21658.4,49.615,0.392733
13665000,48,192.857,-21645.9,59.9723,0.3868
13680000,66,284.606,-21638.7,80.2227,0.390013
13695000,60,267.395,-21636.9,69.0122,0.408133
13710000,65,281.565,-21604.3,59.004,0.389178
13725000,54,246.118,-21610.2,54.7055,0.3944
13740000,41,179.068,-21641.6,38.4394,0.397689
13755000,51,228.46,-21625.2,51.134,0.3766
13770000,48,204.128,-21646.5,59.0999,0.396044
13785000,52,217.272,-21630.5,49.0258,0.378
13800000,55,254.472,-21637.6,57.497,0.396822
13815000,60,268.36,-21641.6,46.7518,0.4152
13830000,54,237.791,-21631.4,60.3721,0.391756
13845000,63,288.672,-21626.6,61.7583,0.396233
13860000,57,247.383,-21616.3,64.0365,0.392633
13875000,64,284.864,-21637.1,55.9216,0.393967
13890000,58,246.78,-21625.1,57.0497,0.406133
13905000,68,300.399,-21609.5,63.7706,0.4064
13920000,60,273.527,-21615.3,65.0384,0.3954
13935000,47,211.493,-21669.1,56.5004,0.391667
13950000,52,225.646,-21635.6,66.4536,0.3924
13965000,51,221.215,-21630.4,61.9545,0.381933
13980000,55,235.863,-21631,41.5973,0.380133
13995000,49,219.539,-21642.4,60.4116,0.389333
14010000,43,191.279,-21643.7,41.0625,0.3794
14025000,58,266.001,-21637.4,66.6438,0.380067
14040000,69,300.471,-21643.8,73.9426,0.400333
14055000,35,146.827,-21695.4,26.3714,0.375936
14070000,63,284.684,-21631.4,63.5109,0.4002
14085000,39,158.584,-21657,42.6648,0.371747
14100000,52,220.772,-21639.4,57.7375,0.381233
14115000,56,227.883,-21617.3,60.9192,0.388667
14130000,54,234.517,-21636.7,60.8915,0.381667
14145000,43,192.487,-21644.5,56.1629,0.369667
14160000,46,190.002,-21648.9,49.4173,0.3688
14175000,41,185.468,-21702,34.1039,0.375575
14190000,58,248.314,-21655,44.969,0.385644
14205000,45,210.58,-21664,52.1866,0.394333
14220000,43,181.567,-21647.1,45.4782,0.378883
14235000,56,239.832,-21632,46.9625,0.3943
14250000,60,265.714,-21633.6,60.3116,0.3972
14265000,68,314.376,-21610.7,62.5353,0.398533
14280000,72,314.004,-21640.9,77.8761,0.406733
14295000,57,241.682,-21637.2,67.9839,0.4022
14310000,54,241.584,-21632.2,50.3739,0.386878
14325000,54,234.214,-21632.1,45.9144,0.380733
14340000,43,176.701,-21634.4,44.8577,0.372733
14355000,48,207.509,-21623.4,56.438,0.363267
14370000,51,219.737,-21632.7,55.3636,0.3636
14385000,57,244.081,-21600.7,63.1585,0.367133
14400000,72,322.855,-21592.5,80.7256,0.3818
14415000,76,337.699,-21596.5,89.1749,0.388467
14430000,76,337.72,-21603.5,71.2963,0.393867
14445000,80,350.988,-21612.7,90.4935,0.394267
14460000,74,333.129,-21589,64.888,0.398467
14475000,62,256.841,-21619.8,59.9492,0.40026
14490000,78,340.13,-21598.6,98.3141,0.4082
14505000,67,273.712,-21622.7,71.7605,0.395133
14520000,77,327.058,-21619.2,98.8189,0.409067
14535000,69,292.06,-21645.4,63.2346,0.4182
14550000,69,312.707,-21631.2,61.6447,0.394533
14565000,47,204.138,-21660.7,49.1985,0.383097
14580000,66,281.746,-21608.4,56.9704,0.393556
14595000,55,242.588,-21617.1,56.4648,0.3926
14610000,57,249.199,-21616.9,61.723,0.3862
14625000,57,240.416,-21609.8,48.6232,0.401667
14640000,62,264.955,-21617.8,54.4053,0.390933
14655000,58,235.284,-21636.4,57.1546,0.383133
14670000,74,331.085,-21612,60.1793,0.401433
14685000,68,313.337,-21592.6,55.0703,0.395
14700000,68,304.821,-21594.3,81.7329,0.388533
14715000,58,245.696,-21630.4,56.8654,0.38755
14730000,55,229.055,-21615,57.2202,0.395
14745000,53,227.701,-21644.5,49.9933,0.3875
14760000,59,269.366,-21630,52.0554,0.3915
14775000,46,202.828,-21624,35.9843,0.379867
14790000,51,208.576,-21639.8,50.1658,0.379333
14805000,51,225.307,-21640.9,49.3756,0.380833
14820000,48,195.545,-21640.3,48.3405,0.3802
14835000,54,240.336,-21625.8,48.6767,0.3817
14850000,55,239.921,-21629.4,60.4444,0.3821
14865000,57,248.447,-21646.8,52.3266,0.38531
14880000,53,240.523,-21604.1,47.702,0.388778
14895000,71,308.741,-21619.2,53.4979,0.394356
14910000,67,288.7,-21617.5,69.9439,0.395733
14925000,71,299.742,-21627.6,73.2409,0.410717
14940000,72,329.838,-21639,65.1879,0.417067
14955000,61,269.659,-21616.8,61.6488,0.393689
14970000,84,374.864,-21593.4,86.3513,0.3928
14985000,69,285.463,-21604.9,85.0128,0.404533
15000000,49,193.511,-21618.3,52.3184,0.385178
15015000,53,234.728,-21626.4,45.2744,0.3806
15030000,49,196.581,-21621.8,62.3964,0.369433
15045000,48,197.72,-21631.2,63.3453,0.362467
15060000,66,292.109,-21658.8,63.1073,0.407117
15075000,52,211.835,-21652.3,52.3437,0.392867
15090000,57,260.248,-21665.2,57.6173,0.4051
15105000,62,272.86,-21662,80.6625,0.416467
15120000,51,201.046,-21640.9,47.9225,0.387822
15135000,61,245.215,-21636.3,64.1017,0.410067
15150000,58,259.168,-21631.9,54.5719,0.382333
15165000,61,266.733,-21641.4,66.8901,0.4042
15180000,68,288.155,-21634.1,60.8057,0.389887
15195000,65,283.002,-21611.8,61.9734,0.4018
15210000,60,258.489,-21630.1,61.7128,0.4001
15225000,74,311.089,-21613.3,67.2055,0.400767
15240000,63,280.292,-21618.3,62.8472,0.392067
15255000,77,352.614,-21637.3,71.8455,0.394733
15270000,75,332.751,-21591.2,78.5441,0.406733
15285000,74,321.976,-21593.5,79.4161,0.396733
15300000,62,259.172,-21583.1,54.9796,0.399667
15315000,64,268.54,-21616.4,80.175,0.398724
15330000,44,193.272,-21651.1,39.3665,0.382987
15345000,57,250.577,-21602,65.6162,0.385267
15360000,58,250.642,-21612.1,60.5345,0.388133
15375000,64,271.848,-21621.6,73.7499,0.382822
15390000,53,228.025,-21623.6,69.0199,0.392293
15405000,61,284.355,-21609.5,63.5295,0.390433
15420000,66,283.196,-21603.3,55.2783,0.389167
15435000,63,267.22,-21586.2,64.4609,0.39548
15450000,66,291.644,-21634,65.3586,0.395422
15465000,98,435.376,-21587.5,99.5993,0.409267
15480000,82,347.634,-21590.6,84.0605,0.425067
15495000,77,328.492,-21621.5,71.7441,0.417
15510000,75,325.938,-21637.5,72.1151,0.4104
15525000,76,321.527,-21589,79.7138,0.416333
15540000,63,277.65,-21609.3,72.2903,0.405267
15555000,69,309.319,-21600.2,65.6215,0.398296
15570000,69,287.09,-21605.8,88.9983,0.4064
15585000,86,371.289,-21581.9,81.9872,0.397289
15600000,72,296.138,-21630.1,68.6026,0.4065
15615000,74,338.969,-21616.6,79.8119,0.415433
15630000,68,301.117,-21594.4,69.612,0.4014
15645000,80,344.595,-21630.9,94.1822,0.410267
15660000,84,376.603,-21582.7,82.9225,0.409733
15675000,80,341.032,-21586.7,82.6708,0.411133
15690000,65,288.19,-21606.4,70.0066,0.392733
15705000,53,230.837,-21596.9,64.8191,0.383867
15720000,57,260.52,-21629.2,50.5745,0.407378
15735000,93,422.24,-21609.4,82.8871,0.3946
15750000,84,375.835,-21590.1,79.3437,0.4146
15765000,75,314.239,-21610,90.9885,0.422133
15780000,83,373.253,-21608.9,72.5666,0.419467
15795000,75,336.137,-21594.6,78.4612,0.415933
15810000,59,260.215,-21617.2,59.1848,0.403967
15825000,70,293.659,-21599.5,74.7971,0.405467
15840000,71,317.602,-21611.6,93.2741,0.394267
15855000,49,226.932,-21653.2,60.2022,0.394808
15870000,57,224.291,-21596.8,47.4049,0.389133
15885000,54,238.044,-21647.9,60.2028,0.400833
15900000,66,292.36,-21638.1,70.996,0.398189
15915000,61,259.275,-21625.2,54.5349,0.416467
15930000,52,228.976,-21637.9,50.7607,0.396467
15945000,57,261.859,-21619.9,61.9836,0.400533
15960000,56,250.128,-21639,54.0489,0.4091
15975000,64,292.354,-21607.7,74.2066,0.405533
15990000,49,216.322,-21662.8,55.7895,0.399781
16005000,53,222.341,-21642.5,56.5139,0.3867
16020000,39,167.095,-21665.4,41.8113,0.395
16035000,53,240.793,-21641.5,60.0741,0.396
16050000,46,208.364,-21638.8,46.0563,0.386578
16065000,63,280.378,-21658,60.9952,0.407
16080000,51,233.401,-21639.3,43.1769,0.3911
16095000,55,241.425,-21633.3,44.2279,0.405
16110000,54,235.556,-21620.2,38.6379,0.389
16125000,71,314.237,-21622.3,80.9161,0.398267
16140000,51,220.19,-21671.4,53.4746,0.40865
16155000,50,200.501,-21642.9,49.7578,0.415
16170000,64,266.247,-21638.1,50.9738,0.395178
16185000,66,290.153,-21631.7,57.1584,0.386105
16200000,58,251.012,-21643.8,55.4162,0.407533
16215000,61,260.414,-21636.2,75.6032,0.410333
16230000,68,304.169,-21643.5,70.6434,0.421947
16245000,70,308.249,-21630.4,78.6773,0.413667
16260000,59,246.925,-21626,44.5705,0.398933
16275000,52,223.44,-21660.8,55.8695,0.395629
16290000,43,165.716,-21651.6,35.5305,0.39428
16305000,51,212.51,-21660.4,56.9704,0.376267
16320000,52,229.661,-21664.9,52.2044,0.394222
16335000,57,252.372,-21654.4,41.3982,0.41492
16350000,49,215.021,-21635.2,47.4535,0.403133
16365000,73,308.883,-21649.1,71.6092,0.400156
16380000,42,179.61,-21644.5,48.7117,0.38648
16395000,62,252.03,-21636.6,51.3415,0.399
16410000,71,309.171,-21639.3,88.3765,0.402933
16425000,82,358.562,-21623.4,87.4486,0.4212
16440000,64,295.213,-21635.2,49.2519,0.392444
16455000,69,292.706,-21636.5,65.6189,0.4082
16470000,71,308.112,-21604.5,64.206,0.403889
16485000,73,326.003,-21612,65.9967,0.411333
16500000,70,318.032,-21607.7,70.4389,0.395067
16515000,69,301.727,-21614.7,86.2832,0.393867
16530000,73,320.751,-21616.4,67.6697,0.402867
16545000,73,306.819,-21620,61.0742,0.3942
16560000,61,247.424,-21597.6,72.9013,0.393528
16575000,64,264.883,-21608.5,61.6861,0.399667
16590000,60,267.294,-21604.2,57.9575,0.393567
16605000,53,248.896,-21629,59.8384,0.4019
16620000,54,227.111,-21626.8,55.4813,0.3908
16635000,52,221.274,-21615.6,53.4562,0.382117
16650000,49,219.938,-21655.8,53.7503,0.386222
16665000,58,250.027,-21630.6,48.7595,0.378444
16680000,54,227.245,-21612.6,55.4835,0.3924
16695000,62,268.906,-21628,63.8527,0.3884
16710000,68,304.22,-21604.5,70.4267,0.391547
16725000,68,295.44,-21619.8,67.1744,0.409733
16740000,52,208.921,-21627.6,43.3562,0.385844
16755000,62,281.705,-21595.6,69.5372,0.400433
16770000,68,289.472,-21619.9,72.2801,0.395467
16785000,73,308.765,-21623.6,74.5593,0.4132
16800000,54,242.149,-21640.6,63.1157,0.384633
16815000,50,213.435,-21628.3,44.5277,0.388352
16830000,45,196.485,-21641.7,45.9651,0.369133
16845000,42,180.996,-21642.1,41.6464,0.369933
16860000,41,180.479,-21663.3,36.7561,0.38208
16875000,48,188.318,-21630.3,38.2075,0.371133
16890000,53,247.76,-21664.8,52.5551,0.382267
16905000,45,196.933,-21636.1,53.6742,0.402667
16920000,51,222.94,-21670.5,53.8694,0.396333
16935000,47,210.714,-21667.7,51.2641,0.3934
16950000,61,269.484,-21609.8,72.0732,0.38232
16965000,64,276.239,-21605,71.6802,0.3928
16980000,61,273.826,-21609.8,69.6322,0.4016
16995000,73,331.438,-21626.3,78.4852,0.407867
17010000,65,284.974,-21626.1,68.315,0.413733
17025000,46,199.295,-21664.9,48.8757,0.397411
17040000,42,188.889,-21673.8,38.2567,0.392117
17055000,65,290.008,-21633.5,60.6187,0.390889
17070000,59,247.679,-21630.6,54.3467,0.419667
17085000,65,281.083,-21634.5,62.0343,0.407133
17100000,48,221.269,-21666.8,45.4087,0.3982
17115000,52,229.286,-21630.2,52.8197,0.397233
17130000,54,247.59,-21639.1,61.3103,0.393067
17145000,45,197.264,-21671.4,45.5637,0.3838
17160000,47,209.125,-21662.2,48.2287,0.375333
17175000,51,229.161,-21650.8,44.6569,0.400533
17190000,57,254.563,-21647.2,63.2185,0.394133
17205000,66,290.527,-21659.7,59.0678,0.390333
17220000,64,289.712,-21622.7,73.2406,0.4074
17235000,45,196.228,-21652.6,40.3498,0.394
17250000,54,230.902,-21592.6,64.8891,0.381633
17265000,58,260.271,-21595,80.0672,0.384867
17280000,62,281.92,-21636.9,68.6102,0.400667
17295000,51,202.952,-21646,44.1943,0.380567
17310000,63,265.163,-21630.3,72.1403,0.396433
17325000,63,277.697,-21616.3,62.2579,0.396067
17340000,65,284.706,-21616.9,69.9129,0.395133
17355000,54,241.544,-21637.8,54.3137,0.37509
17370000,56,247.062,-21647,47.6148,0.390633
17385000,60,274.342,-21632.9,51.0106,0.3864
17400000,48,203.118,-21641.9,58.6386,0.376419
17415000,59,265.924,-21638.1,58.6797,0.3921
17430000,50,214.264,-21644.8,58.641,0.38465
17445000,52,232.726,-21625,41.7175,0.385933
17460000,50,225.485,-21636.1,52.7771,0.384111
17475000,44,195.231,-21633.1,41.1535,0.3874
17490000,56,243.557,-21611.4,36.5778,0.378667
17505000,61,279.684,-21610,55.856,0.382867
17520000,66,307.47,-21602.1,50.8353,0.3956
17535000,72,300.894,-21603.1,64.1307,0.392933
17550000,59,265.965,-21625.9,59.2778,0.401133
17565000,64,284.342,-21635.4,77.6895,0.4048
17580000,49,205.966,-21620.8,53.7583,0.385048
17595000,52,218.592,-21631.4,60.5208,0.395
17610000,53,231.673,-21626.9,53.405,0.390667
17625000,64,279.126,-21624.8,69.3979,0.380133
17640000,57,239.222,-21633.3,41.6925,0.390947
17655000,51,219.502,-21636.9,47.5952,0.389033
17670000,53,228.1,-21651,62.9197,0.374667
17685000,46,181.246,-21643.4,46.7244,0.377711
17700000,47,196.639,-21657.2,39.0279,0.38016
17715000,56,242.825,-21608,52.1442,0.3846
17730000,47,204.028,-21629,53.8971,0.378933
17745000,53,229.297,-21611.3,45.6047,0.38504
17760000,44,189.703,-21633.5,49.0218,0.3642
17775000,64,296.444,-21610.5,63.4753,0.3927
17790000,42,176.801,-21651.2,49.9635,0.37425
17805000,55,256.825,-21642.5,49.5015,0.394889
17820000,61,281.362,-21608.3,75.9759,0.414356
17835000,65,304.172,-21616,68.754,0.405667
17850000,59,261.077,-21609,51.8258,0.414333
17865000,54,219.979,-21638.3,52.6861,0.383867
17880000,59,263.17,-21646.6,57.1886,0.3934
17895000,68,298.754,-21630.6,57.732,0.391933
17910000,37,151.582,-21669.9,39.7751,0.38361
17925000,53,227.672,-21655,47.6372,0.382507
17940000,57,246.035,-21638.6,55.3576,0.3924
17955000,56,234.326,-21639.4,68.1317,0.384383
17970000,60,261.037,-21639,58.9033,0.394283
17985000,57,269.367,-21637.9,58.827,0.3954
18000000,58,252.908,-21630.6,52.383,0.4013
18015000,52,223.31,-21645.2,59.8338,0.38664
18030000,57,239.247,-21640.1,54.3662,0.3804
18045000,51,235.512,-21650.7,59.2518,0.387044
18060000,43,182.112,-21651.5,42.4547,0.369833
18075000,50,219.038,-21644.2,48.5798,0.382933
18090000,49,197.935,-21657.1,50.986,0.384093
18105000,46,186.917,-21618.9,45.51,0.3684
18120000,55,241.492,-21600.6,47.4057,0.380233
18135000,58,258.27,-21621.1,53.1862,0.401533
18150000,51,223.589,-21652.2,56.1654,0.369267
18165000,50,211.329,-21634.2,55.4508,0.386667
18180000,41,172.444,-21634.6,46.8739,0.366633
18195000,55,240.452,-21654.8,59.562,0.3957
18210000,43,184.699,-21635.6,34.3564,0.364367
18225000,51,219.077,-21642,54.1997,0.398733
18240000,62,262.315,-21636.9,54.3676,0.394612
18255000,60,262.275,-21622.4,52.7444,0.393333
18270000,57,253.494,-21627,51.9179,0.393933
18285000,52,208.525,-21650.5,57.7444,0.39435
18300000,62,277.887,-21632,61.8197,0.4018
18315000,57,244.278,-21638.7,64.042,0.397467
18330000,41,178.311,-21668,38.2659,0.386483
18345000,57,249.507,-21635.7,68.0154,0.393
18360000,59,260.161,-21621,55.1136,0.393067
18375000,80,345.028,-21636.7,72.3104,0.4026
18390000,55,242.924,-21619.8,64.8647,0.374767
18405000,72,315.919,-21620.7,70.3844,0.412033
18420000,82,365.782,-21591.7,81.8072,0.422267
18435000,83,366.259,-21595.4,80.9144,0.4024
18450000,89,410.59,-21577.6,76.7905,0.4114
18465000,62,284.587,-21635.4,46.5665,0.390889
18480000,61,263.963,-21609.1,63.6079,0.4058
18495000,60,267.723,-21656.4,55.9145,0.413067
18510000,54,248.039,-21636.7,53.969,0.404133
18525000,53,227.326,-21649.4,42.7605,0.394667
18540000,67,289.271,-21635.2,59.5491,0.369593
18555000,48,213.573,-21641.9,49.292,0.406667
18570000,57,253.926,-21629.1,68.082,0.387467
18585000,54,243.241,-21672.3,50.9764,0.390333
18600000,54,246.324,-21625.9,43.6025,0.386467
18615000,67,309.387,-21622.1,81.154,0.396267
18630000,80,354.413,-21594.5,84.222,0.395933
18645000,84,375.45,-21596.9,89.1953,0.414
18660000,62,272.897,-21593.5,62.8443,0.406333
18675000,73,308.657,-21602.1,85.3188,0.394133
18690000,71,329.928,-21561.6,70.7505,0.3966
18705000,66,298.976,-21591.2,58.058,0.398467
18720000,67,296.453,-21601.1,69.3155,0.3936
18735000,62,272.639,-21644.5,53.4857,0.398448
18750000,67,284.209,-21595.1,61.2802,0.4052
18765000,71,300.467,-21620.7,68.0884,0.3958
18780000,81,352.937,-21606.6,77.2494,0.4112
18795000,63,273.44,-21615,72.4347,0.399167
18810000,60,254.436,-21626.3,51.983,0.395333
18825000,71,307.551,-21606.2,77.5595,0.3922
18840000,80,357.214,-21597.6,104.236,0.40625
18855000,67,277.648,-21606.1,66.547,0.4101
18870000,79,342.338,-21591.2,62.613,0.407533
18885000,72,312.487,-21593.4,65.8734,0.406533
18900000,58,259.403,-21603.8,58.0569,0.399533
18915000,67,277.558,-21625,57.2794,0.398533
18930000,74,330.316,-21617.7,81.9297,0.405507
18945000,58,246.46,-21620.9,59.0265,0.4052
18960000,54,229.857,-21604.6,62.2228,0.402733
18975000,50,205.354,-21614.6,56.7409,0.374
18990000,49,201.715,-21631.4,54.3263,0.390333
19005000,52,216.658,-21616.1,52.0761,0.380333
19020000,61,253.179,-21618.7,65.0843,0.3968
19035000,57,239.626,-21630.4,60.5893,0.3896
19050000,53,232.638,-21638.7,57.381,0.389333
19065000,59,279.948,-21630,55.4405,0.379867
19080000,57,252.338,-21620.6,66.3074,0.382733
19095000,59,266.95,-21607,49.5846,0.364333
19110000,54,243.294,-21604.4,49.7041,0.3734
19125000,45,210.072,-21611.1,46.4963,0.369667
19140000,57,232.447,-21614.3,49.8656,0.358
19155000,50,229.311,-21643.1,65.9506,0.391808
19170000,55,237.987,-21626.5,49.6368,0.3836
19185000,53,240.445,-21629.5,57.5077,0.395867
19200000,67,302.505,-21607.2,84.5449,0.389383
19215000,69,305.417,-21597.2,77.7704,0.3866
19230000,75,315.091,-21592.3,73.1026,0.3826
19245000,43,183.796,-21645.1,47.9217,0.38005
19260000,51,217.992,-21657.6,52.3406,0.399384
19275000,43,180.14,-21650.6,47.236,0.365667
19290000,59,247.273,-21603.4,53.4947,0.3842
19305000,73,326.016,-21583.4,77.9445,0.3942
19320000,72,314.737,-21604.9,73.9833,0.406933
19335000,42,184.152,-21653.8,47.534,0.38992
19350000,49,219.07,-21643.8,58.1626,0.382067
19365000,65,281.679,-21600.4,67.7329,0.396867
19380000,70,293.131,-21609.8,56.6944,0.403267
19395000,80,346.58,-21581,76.1685,0.4128
19410000,74,328.258,-21584.8,74.9283,0.398667
19425000,67,289.103,-21603.7,71.3086,0.397533
19440000,67,290.452,-21610,64.5708,0.411667
19455000,59,241.297,-21594.7,68.5523,0.3896
19470000,59,242.218,-21614.2,67.9455,0.38759
19485000,54,251.378,-21671.9,55.7162,0.398156
19500000,56,221.948,-21592.3,72.0637,0.377733
19515000,71,299.653,-21608.7,78.5747,0.375933
19530000,80,360.76,-21606.4,89.5453,0.391373
19545000,49,213.905,-21658.8,56.336,0.392833
19560000,83,373.608,-21605.3,69.5311,0.400733
19575000,85,387.087,-21593.7,85.985,0.404533
19590000,69,305.601,-21581.6,77.6848,0.391133
19605000,64,288.125,-21583.2,74.735,0.387133
19620000,67,281.963,-21640.2,62.6725,0.389295
19635000,63,269.711,-21610.1,52.7645,0.3852
19650000,59,264.814,-21618.5,56.2176,0.3754
19665000,68,291.933,-21642,65.4012,0.395467
19680000,55,231.606,-21625.2,61.7109,0.381433
19695000,66,290.714,-21619.4,58.6357,0.401233
19710000,56,230.353,-21625,55.671,0.394667
19725000,61,243.324,-21639.9,77.322,0.389267
19740000,60,264.61,-21610.9,62.5528,0.3908
19755000,61,256.161,-21610.9,51.6917,0.387067
19770000,75,319.793,-21629.8,83.8525,0.405044
19785000,50,228.315,-21613.8,41.2102,0.3892
19800000,45,195.129,-21666,53.4718,0.390337
19815000,53,228.929,-21635.6,54.5739,0.399667
19830000,55,241.919,-21656.4,62.0458,0.379889
19845000,54,240.542,-21663.9,50.8533,0.384
19860000,55,224.454,-21626.8,53.5472,0.3978
19875000,46,191.774,-21636,42.28,0.3844
19890000,57,249.082,-21657,76.6197,0.3917
19905000,52,214.789,-21650.8,51.7134,0.397067
19920000,59,269.211,-21644.5,57.1155,0.398
19935000,42,178.496,-21645.8,38.2803,0.389333
19950000,68,300.221,-21636.9,71.0275,0.38748
19965000,55,243.482,-21637.6,47.9365,0.397618
19980000,82,353.034,-21616.1,68.9907,0.3993
19995000,77,341.933,-21598.9,78.2625,0.402
20010000,82,356.677,-21620.3,68.3039,0.404667
20025000,74,320.281,-21601.3,88.603,0.400667
20040000,57,253.378,-21643.4,72.5357,0.410187
20055000,72,299.827,-21613.7,71.8953,0.401933
20070000,66,277.886,-21634.3,68.2439,0.394133
20085000,51,231.746,-21642.5,47.415,0.4044
20100000,65,269.076,-21618.7,62.7696,0.374633
20115000,65,276.2,-21632.7,53.2843,0.398833
20130000,56,233.699,-21611.6,62.2188,0.3811
20145000,67,272.948,-21621.4,63.5766,0.395867
20160000,62,285.192,-21628,68.0066,0.404533
20175000,51,217.609,-21624.5,75.4554,0.386733
20190000,51,218.721,-21612.8,41.7216,0.384608
20205000,63,292.466,-21608.8,62.7949,0.380733
20220000,73,323.315,-21625.5,87.8524,0.401067
20235000,68,305.954,-21626.3,75.3875,0.410867
20250000,59,251.414,-21613.8,61.2697,0.397867
20265000,56,247.222,-21604.3,59.9435,0.382667
20280000,56,234.688,-21619.1,62.4226,0.386267
20295000,62,272.079,-21626.3,54.5049,0.396511
20310000,62,254.693,-21642.5,60.5598,0.3896
20325000,58,248.172,-21610.9,51.6818,0.377978
20340000,64,269.715,-21591.3,78.6497,0.375933
20355000,71,298.55,-21588.7,62.6001,0.392
20370000,56,246.304,-21658.4,56.803,0.387883
20385000,72,318.936,-21603.8,63.3028,0.399444
20400000,63,264.344,-21618,68.9363,0.401267
20415000,55,243.8,-21637.3,47.166,0.3892
20430000,59,259.896,-21623.7,43.0946,0.40252
20445000,56,244.704,-21615.9,61.2483,0.398667
20460000,73,315.389,-21615.3,72.8922,0.402533
20475000,72,327.397,-21631.8,77.8386,0.4106
20490000,71,327.797,-21593.4,67.7856,0.417267
20505000,73,314.143,-21592.4,60.4124,0.410867
20520000,74,328.244,-21589,64.818,0.406933
20535000,83,361.141,-21605.1,86.3912,0.418667
20550000,71,319.228,-21606.3,54.3215,0.392511
20565000,86,382.991,-21608.6,76.3132,0.409467
20580000,91,405.635,-21604.1,98.8066,0.417533
20595000,67,297.048,-21655.3,71.3919,0.393116
20610000,88,378.789,-21578.2,88.1987,0.4213
20625000,83,360.815,-21599.9,83.1172,0.4328
20640000,74,315.957,-21588.8,66.7415,0.412067
20655000,83,360.571,-21607.8,86.9836,0.408333
20670000,69,299.618,-21585,69.8488,0.411933
20685000,59,269.445,-21592.5,65.1726,0.397156
20700000,59,248.051,-21622.3,57.9944,0.387667
20715000,62,277.687,-21619.9,60.2888,0.403578
20730000,62,265.979,-21612.8,67.778,0.3932
20745000,52,231.667,-21674.3,57.9994,0.379267
20760000,70,317.389,-21592,65.9418,0.392733
20775000,69,312.938,-21577.1,59.8715,0.396
20790000,66,284.509,-21581.3,68.6647,0.406267
20805000,78,338.643,-21581.9,67.3287,0.399
20820000,81,379.271,-21588.9,83.3621,0.407867
20835000,80,339.232,-21610.3,80.9633,0.415267
20850000,74,320.319,-21614.1,74.4345,0.402133
20865000,66,280.184,-21617.5,58.6633,0.399667
20880000,63,272.371,-21623.6,57.3749,0.3982
20895000,54,251.408,-21638.6,56.8105,0.394177
20910000,51,227.056,-21652.3,47.4333,0.380333
20925000,41,173.285,-21643.7,50.2334,0.395933
20940000,44,195.305,-21643.6,50.7778,0.382456
20955000,62,270.785,-21631.4,57.072,0.39588
20970000,53,239.298,-21674.2,42.9015,0.397333
20985000,54,228.744,-21637,57.2557,0.400333
21000000,48,207.482,-21666.8,61.1173,0.4106
21015000,52,215.486,-21642.9,43.834,0.385533
21030000,49,209.455,-21637.6,39.0175,0.3922
21045000,61,276.923,-21633.2,63.7283,0.386733
21060000,54,235.803,-21607,53.2768,0.3962
21075000,49,199.553,-21641.7,42.584,0.364919
21090000,83,354.865,-21582.4,79.2869,0.396267
21105000,53,241.847,-21600.8,47.0767,0.3713
21120000,51,225.985,-21605.8,55.5358,0.3704
21135000,69,302.243,-21580.7,66.0153,0.403822
21150000,79,337.22,-21576,77.836,0.396533
21165000,56,245.721,-21601.9,59.3839,0.376689
21180000,68,293.5,-21578.4,63.4432,0.402067
21195000,48,205.969,-21623.8,44.6416,0.367467
21210000,72,302.723,-21599.7,82.6035,0.394767
21225000,37,155.031,-21630.7,36.558,0.352167
21240000,80,338.378,-21580.1,58.1014,0.405567
21255000,43,180.128,-21627.9,34.0393,0.349733
21270000,75,303.033,-21602.5,88.4679,0.409333
21285000,66,284.905,-21624.8,72.92,0.397477
21300000,84,387.575,-21573.2,81.386,0.4045
21315000,79,347.553,-21597,74.6595,0.414
21330000,74,318.555,-21584.6,76.9534,0.408867
21345000,61,262.057,-21630.5,53.3543,0.390583
21360000,63,244.566,-21605.4,52.9133,0.409967
21375000,74,313.06,-21593.8,71.8408,0.4098
21390000,73,307.016,-21587,68.2199,0.408467
21405000,67,296.579,-21615.8,69.1768,0.408667
21420000,76,342.177,-21629.7,86.6127,0.411467
21435000,71,307.025,-21637,87.0924,0.402556
21450000,70,317.886,-21601.3,70.4657,0.372533
21465000,69,304.184,-21642.4,73.6549,0.406533
21480000,60,260.631,-21625.6,68.3366,0.391033
21495000,71,310.648,-21633,75.5267,0.402013
21510000,47,215.103,-21682.5,55.2279,0.390222
21525000,67,301.365,-21635.3,56.1831,0.3986
21540000,62,264.592,-21635.6,63.0657,0.4038
21555000,43,193.016,-21622.6,41.1873,0.376427
21570000,57,260.465,-21632.2,58.073,0.392867
21585000,60,252.452,-21624,62.0897,0.400133
21600000,55,240.755,-21619.6,50.2556,0.368956
21615000,75,330.993,-21611.1,75.4645,0.4074
21630000,62,282.841,-21611.5,56.4986,0.3911
21645000,69,295.634,-21589.4,61.4319,0.408467
21660000,61,265.423,-21611.5,69.8185,0.395967
21675000,59,265.576,-21595,59.1557,0.387867
21690000,75,332.899,-21622.7,67.8877,0.401756
21705000,81,352.424,-21592.1,75.0507,0.3983
21720000,73,313.495,-21621.7,67.7649,0.403738
21735000,69,295.323,-21630.8,63.4115,0.406333
21750000,56,257.185,-21637,60.2118,0.4044
21765000,68,307.22,-21613.7,70.0629,0.387467
21780000,65,303.792,-21630.8,49.0222,0.400533
21795000,69,313.753,-21650.7,70.5835,0.40381
21810000,95,423.738,-21587.6,85.0416,0.427667
21825000,69,292.511,-21596.2,78.7592,0.401533
21840000,85,366.877,-21564,77.1558,0.413
21855000,77,340.425,-21592.3,73.7555,0.4094
21870000,74,316.696,-21585,80.177,0.3996
21885000,73,322.703,-21592.5,80.918,0.396267
21900000,66,288.351,-21615.7,57.4457,0.400533
21915000,58,255.662,-21590.4,51.8544,0.393178
21930000,58,257.059,-21633.8,56.2314,0.403933
21945000,59,250.104,-21622.5,66.9998,0.4002
21960000,56,231.222,-21627.2,67.508,0.392933
21975000,63,285.518,-21619,70.4791,0.38375
21990000,78,328.279,-21594,84.5752,0.3914
22005000,65,282.439,-21623.9,71.7786,0.409378
22020000,59,264.707,-21633.3,41.5275,0.397825
22035000,69,313.894,-21596.7,60.5771,0.4014
22050000,77,337.723,-21589.1,77.8941,0.406533
22065000,64,284.581,-21626.5,71.6626,0.399217
22080000,62,286.454,-21631.1,62.9897,0.414733
22095000,61,269.153,-21616.9,56.942,0.398467
22110000,58,250.339,-21642.4,52.8554,0.397456
22125000,66,299.66,-21642.2,68.1854,0.4152
22140000,71,311.078,-21588.8,70.7338,0.394822
22155000,75,338.728,-21631.7,71.0796,0.416533
22170000,68,298.487,-21598.4,70.5877,0.401267
22185000,65,273.116,-21570.4,64.7981,0.380133
22200000,63,273.38,-21582.4,51.4473,0.393133
22215000,62,265.248,-21580,54.3684,0.380733
22230000,64,281.883,-21630.7,56.6275,0.404013
22245000,85,375.093,-21571.8,116.458,0.394267
22260000,75,343.58,-21617.7,76.4342,0.411333
22275000,72,317.511,-21585.6,72.2451,0.400433
22290000,73,319.221,-21621.4,71.6332,0.403067
22305000,79,348.789,-21617.9,78.0602,0.410867
22320000,82,348.271,-21577,103.31,0.396422
22335000,77,343.74,-21578.1,76.0216,0.401733
22350000,74,343.86,-21602.9,62.6582,0.400267
22365000,69,301.255,-21599.2,71.3212,0.3964
22380000,88,397.839,-21581,80.4085,0.404933
22395000,103,461.338,-21570.8,103.151,0.4228
22410000,79,334.124,-21580.4,97.744,0.409333
22425000,66,276.724,-21620.1,59.4954,0.407533
22440000,90,385.513,-21584.4,84.3607,0.397833
22455000,52,234.105,-21668,42.0313,0.403925
22470000,92,410.369,-21610.3,87.9773,0.409233
22485000,98,438.937,-21588.4,87.8253,0.428067
22500000,90,402.606,-21580.9,93.3541,0.417067
22515000,80,342.324,-21585.4,84.4383,0.4072
22530000,75,333.094,-21582.5,71.8416,0.402333
22545000,78,309.641,-21584.9,67.1615,0.400733
22560000,86,380.886,-21599,79.4075,0.412
22575000,80,359.954,-21574.7,70.7301,0.400467
22590000,76,335.856,-21579.2,78.3496,0.405
22605000,78,329.201,-21585.7,74.0469,0.392533
22620000,75,329.117,-21568.1,78.3866,0.389933
22635000,67,292.809,-21580.9,80.0502,0.389667
22650000,71,303.723,-21581.6,77.2023,0.398267
22665000,48,200.071,-21640.3,67.1906,0.384729
22680000,67,279.887,-21595.7,70.2917,0.391533
22695000,44,185.984,-21612,50.5974,0.381567
22710000,69,312.565,-21585.3,64.4597,0.393433
22725000,64,295.85,-21595.7,74.0362,0.3896
22740000,71,305.814,-21595.6,73.4659,0.393867
22755000,76,342.601,-21598.6,72.4431,0.399133
22770000,74,323.148,-21609.2,64.323,0.4096
22785000,62,254.498,-21601.8,60.9433,0.389333
22800000,67,294.269,-21614.3,56.1758,0.393667
22815000,55,230.287,-21610.8,62.3132,0.386067
22830000,63,269.288,-21595.9,56.9975,0.3998
22845000,69,305.623,-21590.3,66.4693,0.396067
22860000,73,326.226,-21587.4,68.7828,0.397
22875000,63,283.117,-21625.5,59.6685,0.389961
22890000,66,282.638,-21613.5,67.4946,0.399933
22905000,61,258.467,-21611.9,61.4489,0.3902
22920000,64,275.532,-21607.9,53.0618,0.3996
22935000,81,347.83,-21578.6,90.1464,0.398893
22950000,46,202.132,-21646.2,49.3003,0.380477
22965000,71,314.285,-21588,63.9422,0.394667
22980000,84,362.6,-21579.9,85.3894,0.411467
22995000,70,304.387,-21598,72.8992,0.39312
23010000,61,265.506,-21599.2,64.5158,0.387933
23025000,60,250.159,-21621.4,54.4549,0.375867
23040000,62,282.492,-21577.1,63.8114,0.387167
23055000,52,233.567,-21632.4,47.5229,0.382467
23070000,74,322.358,-21585.6,60.1417,0.389733
23085000,72,309.613,-21593.8,57.5067,0.400333
23100000,80,358.468,-21574.3,88.0828,0.4096
23115000,80,332.473,-21585.6,79.0888,0.412133
23130000,75,312.365,-21590.4,71.5943,0.3988
23145000,55,243.541,-21655.1,52.1948,0.378338
23160000,61,273.292,-21612,60.3748,0.388181
23175000,68,296.883,-21595.3,63.7684,0.402556
23190000,82,354.445,-21598.5,69.4307,0.404933
23205000,53,211.762,-21627.5,47.3276,0.389244
23220000,70,294.907,-21589.4,64.9332,0.412733
23235000,67,274.577,-21610.4,72.8252,0.386067
23250000,72,314.54,-21579.3,75.0061,0.387333
23265000,58,241.585,-21620.3,50.1717,0.393917
23280000,65,284.436,-21629.1,60.9837,0.399267
23295000,75,304.621,-21639.7,66.0588,0.408933
23310000,69,295.484,-21629.3,69.9657,0.403817
23325000,47,218.65,-21660.2,48.1636,0.379389
23340000,78,333.416,-21596,66.9273,0.4017
23355000,76,320.999,-21617.8,64.7202,0.411283
23370000,67,290.754,-21648.5,71.1644,0.413333
23385000,66,282.274,-21621.5,60.6364,0.4028
23400000,57,243.781,-21640.3,51.9818,0.393733
23415000,67,284.464,-21643.4,75.8671,0.408933
23430000,63,252.037,-21593,70.8947,0.401378
23445000,60,249.346,-21604.7,63.5885,0.387133
23460000,60,248.938,-21639.6,60.7711,0.413947
23475000,65,282.756,-21639,76.105,0.403783
23490000,59,258.775,-21624.2,60.6419,0.4003
23505000,58,259.828,-21638,53.8114,0.396933
23520000,51,215.853,-21627.5,59.9274,0.3852
23535000,54,222.814,-21622.6,51.7625,0.392533
23550000,48,208.136,-21642.3,53.1525,0.379733
23565000,55,237.473,-21642.9,55.4126,0.390022
23580000,53,230.952,-21648.1,33.5976,0.388267
23595000,63,273.344,-21642,76.3648,0.394667
23610000,60,268.615,-21623.4,54.9502,0.396
23625000,64,271.632,-21622.3,58.4116,0.39508
23640000,60,242.988,-21616,54.6912,0.393133
23655000,69,285.262,-21621.2,75.0743,0.388578
23670000,50,195.46,-21599.8,44.3695,0.388171
23685000,56,232.739,-21626.1,51.1356,0.378733
23700000,64,262.084,-21598.8,68.1766,0.3821
23715000,58,252.534,-21622.7,52.7924,0.382467
23730000,48,206.97,-21643.5,58.7676,0.386133
23745000,66,279.295,-21623,72.8853,0.389511
23760000,69,301.029,-21643.9,75.6813,0.380962
23775000,54,237.385,-21627.5,39.6328,0.400933
23790000,57,228.524,-21642.3,53.1311,0.3786
23805000,68,294.314,-21607.4,62.4507,0.412267
23820000,58,250.45,-21616.7,58.2822,0.402133
23835000,59,260.098,-21625.1,62.8222,0.389305
23850000,66,293.027,-21633.3,69.9705,0.397933
23865000,68,310.288,-21610.4,74.1865,0.38936
23880000,51,212.469,-21636,58.6151,0.3877
23895000,74,335.741,-21604.6,67.9342,0.394653
23910000,67,301.679,-21615.3,61.7341,0.409333
23925000,66,278.078,-21590.9,67.8924,0.398867
23940000,55,239.213,-21650.7,47.9051,0.402267
23955000,66,296.948,-21629.6,71.8275,0.4032
23970000,75,322.52,-21606.8,78.6591,0.396133
23985000,78,345.918,-21563.7,80.6742,0.397183
24000000,76,324.871,-21599.1,90.7252,0.406233
24015000,70,300.726,-21572.7,75.3744,0.391333
24030000,58,248.422,-21611.8,66.5739,0.4042
24045000,69,275.69,-21577.4,79.8738,0.379467
24060000,74,309.757,-21580.5,69.9539,0.398267
24075000,74,330.105,-21596.5,75.749,0.405467
24090000,69,286.182,-21579.4,68.9997,0.3768
24105000,62,262.655,-21612.9,68.6283,0.392667
24120000,67,299.238,-21630.9,89.4409,0.391122
24135000,66,278.579,-21608.6,61.2624,0.391967
24150000,50,218.676,-21662.4,46.8787,0.387123
24165000,64,280.666,-21617.6,66.5518,0.396667
24180000,45,205.719,-21672.2,41.8751,0.4012
24195000,47,214.39,-21624.4,45.4513,0.396733
24210000,66,294.933,-21630.5,57.0285,0.398067
24225000,59,264.761,-21627.7,54.5326,0.389933
24240000,51,231.319,-21671.5,46.0992,0.390067
24255000,65,283.391,-21620.1,61.4052,0.410807
24270000,62,268.674,-21598.8,66.1627,0.404
24285000,50,226.963,-21637.1,59.5645,0.386467
24300000,59,259.677,-21625.5,64.1462,0.404867
24315000,64,267.577,-21613,61.7009,0.408333
24330000,54,233.415,-21616.1,59.6284,0.384689
24345000,72,303.687,-21606.9,67.3084,0.396833
24360000,55,243.158,-21636,55.177,0.384358
24375000,80,327.359,-21613.2,77.8189,0.3989
24390000,53,233.481,-21615,57.0408,0.387517
24405000,61,260.377,-21593,59.0045,0.389633
24420000,63,272.954,-21620.5,58.6401,0.393667
24435000,68,292.025,-21613.7,68.1844,0.403933
24450000,72,329.777,-21609.7,62.0902,0.398278
24465000,66,304.743,-21612.8,55.6506,0.399733
24480000,64,269.601,-21647.5,71.9417,0.394056
24495000,51,227.699,-21611.9,57.7718,0.399667
24510000,58,243.94,-21643.3,50.5054,0.390383
24525000,46,199.522,-21637.3,45.4483,0.389017
24540000,56,237.757,-21641.5,61.2652,0.395533
24555000,62,272.508,-21655.6,57.4933,0.402067
24570000,53,226.982,-21647.5,53.5727,0.4032
24585000,61,269.586,-21643.1,83.1086,0.383667
24600000,52,223.528,-21635.6,58.5465,0.3914
24615000,52,227.028,-21637.2,61.3232,0.408533
24630000,49,204.832,-21619.6,46.4359,0.384257
24645000,53,226.656,-21631.1,53.4111,0.386283
24660000,57,255.717,-21625.2,53.6556,0.3797
24675000,59,239.396,-21625.2,74.6301,0.38565
24690000,48,184.163,-21630.6,47.6944,0.3753
24705000,54,238.15,-21628.8,52.1048,0.383667
24720000,47,195.212,-21628.2,54.2795,0.371133
24735000,59,233.87,-21633.9,64.9559,0.373
24750000,65,266.023,-21628.5,59.3663,0.393933
24765000,71,325.316,-21599.8,64.6661,0.3892
24780000,70,301.312,-21601.5,71.1443,0.3974
24795000,70,298.172,-21586,77.138,0.380107
24810000,87,373.117,-21594.4,90.9542,0.404333
24825000,82,362.31,-21602,71.8658,0.41
24840000,74,316.27,-21606.6,75.9748,0.4024
24855000,70,305.636,-21603.1,62.4834,0.401867
24870000,50,221.527,-21673,54.6731,0.397542
24885000,65,297.948,-21619.5,52.4819,0.387767
24900000,60,265.549,-21608.6,57.8822,0.382933
24915000,63,273.466,-21625.1,79.0515,0.380817
24930000,60,266.867,-21630.7,58.4967,0.389033
24945000,58,233.124,-21631.7,50.0111,0.383433
24960000,45,193.817,-21632.5,59.5027,0.3911
24975000,42,187.182,-21625.6,51.7999,0.366133
24990000,37,154.839,-21665.3,43.978,0.3978
25005000,52,239.916,-21601.7,58.8328,0.369233
25020000,53,235.947,-21605.6,47.4091,0.378467
25035000,49,216.938,-21600.2,41.3212,0.3706
25050000,47,207.809,-21616.6,54.1919,0.366133
25065000,36,157.796,-21667.2,37.4683,0.38696
25080000,58,257.916,-21646.3,46.8605,0.381637
25095000,53,246.327,-21602.8,52.2992,0.368889
25110000,61,272.393,-21612.5,62.698,0.383533
25125000,64,283.541,-21616.4,63.7604,0.398933
25140000,69,306.753,-21624.3,65.7497,0.391511
25155000,59,265.804,-21608.6,39.7827,0.398667
25170000,65,294.872,-21598.1,64.3034,0.392533
25185000,61,267.347,-21641.9,64.5697,0.404675
25200000,66,298.257,-21597.1,86.7457,0.384833
25215000,59,231.85,-21649.4,60.0799,0.3998
25230000,53,233.118,-21634.5,61.4027,0.39119
25245000,53,224.288,-21659.3,43.0623,0.397633
25260000,63,288.58,-21589.5,56.7454,0.392233
25275000,58,248.723,-21608,55.5856,0.403533
25290000,62,277.504,-21623.4,69.3855,0.394433
25305000,59,253.778,-21613.9,49.6921,0.389
25320000,66,278.153,-21621.7,56.8736,0.389307
25335000,60,266.782,-21618.9,61.4089,0.408867
25350000,56,258.746,-21605.8,61.9969,0.375387
25365000,54,246.738,-21606.4,50.0877,0.371867
25380000,70,309.505,-21601.1,59.9047,0.395067
25395000,50,213.81,-21630.6,41.8123,0.386867
25410000,56,248.744,-21643.2,47.3928,0.389827
25425000,62,288.697,-21633.1,59.2389,0.396067
25440000,55,235.968,-21639.3,62.919,0.3968
25455000,55,232.874,-21646.1,50.865,0.384317
25470000,68,290.318,-21645.7,71.1334,0.413867
25485000,60,273.738,-21631.7,51.7645,0.37435
25500000,72,291.214,-21633.7,91.3252,0.404533
25515000,63,271.524,-21619.5,53.534,0.392967
25530000,76,340.564,-21621.2,81.8171,0.406367
25545000,50,209.998,-21636.7,52.0827,0.401947
25560000,76,297.985,-21602.9,86.7203,0.405567
25575000,66,298.588,-21607.3,61.3979,0.404067
25590000,49,212.251,-21601.9,54.0241,0.369973
25605000,81,332.774,-21604.7,87.2383,0.409667
25620000,80,337.432,-21620.1,79.6706,0.416533
25635000,70,307.307,-21597.9,65.3631,0.386356
25650000,51,217.712,-21645,49.1973,0.396467
25665000,69,320.569,-21594.1,70.0751,0.399889
25680000,71,300.59,-21591,77.2345,0.3996
25695000,73,310.89,-21613.7,68.4716,0.3966
25710000,63,264.664,-21613.8,53.3828,0.409067
25725000,62,280.415,-21598.5,61.6539,0.396067
25740000,62,262.874,-21599,59.1619,0.388505
25755000,67,300.875,-21596.5,68.9491,0.387067
25770000,82,363.917,-21585.1,83.0429,0.402889
25785000,83,370.101,-21588.6,83.3213,0.422
25800000,84,349.418,-21604.7,85.6669,0.410867
25815000,84,364.673,-21590.7,90.5657,0.408733
25830000,77,345.652,-21566.4,79.0234,0.403333
25845000,58,250.198,-21611.3,55.8216,0.396689
25860000,65,291.196,-21586.5,80.4682,0.397567
25875000,75,332.851,-21562.2,67.2887,0.396667
25890000,65,276.924,-21573,59.6764,0.4048
25905000,67,278.284,-21583.9,64.3744,0.411733
25920000,58,243.318,-21615.9,53.5634,0.379067
25935000,64,276.917,-21603.3,59.7629,0.404933
25950000,60,250.693,-21607.1,59.5987,0.39969
25965000,68,294.033,-21616.8,51.5847,0.393067
25980000,63,269.715,-21599.9,63.2469,0.398822
25995000,77,329.97,-21604.9,67.4341,0.393267
26010000,75,345.933,-21583.9,78.3595,0.4104
26025000,88,378.19,-21597,66.525,0.4264
26040000,70,291.369,-21616.5,57.0008,0.396283
26055000,57,236.658,-21611.4,53.5598,0.394817
26070000,66,294.954,-21591,64.6684,0.3994
26085000,54,226.324,-21614.2,49.4796,0.377233
26100000,44,198.623,-21601.1,39.6687,0.380467
26115000,67,293.5,-21615.8,73.8341,0.397133
26130000,79,343.566,-21611.3,93.8132,0.425
26145000,74,315.312,-21608.1,65.7374,0.419067
26160000,70,307.059,-21585.6,67.4196,0.407933
26175000,68,272.341,-21606.8,66.4301,0.399467
26190000,66,292.02,-21606.1,83.4357,0.385622
26205000,92,408.563,-21618.9,86.0864,0.397267
26220000,86,384.445,-21621.9,90.627,0.429667
26235000,75,322.567,-21612.4,70.9832,0.416933
26250000,55,237.236,-21652,63.5423,0.402187
26265000,47,199.496,-21609.8,48.9774,0.395373
26280000,60,259.417,-21663,55.9853,0.4056
26295000,84,359.568,-21622.3,81.4933,0.406933
26310000,84,358.147,-21609.1,83.8771,0.411533
26325000,76,310.759,-21593.2,62.3467,0.401467
26340000,84,386.196,-21612.9,92.1842,0.404333
26355000,96,421.093,-21602.5,101.336,0.4184
26370000,83,393.073,-21592.6,88.7692,0.419333
26385000,81,356.575,-21593.3,70.5605,0.417067
26400000,74,327.316,-21592.1,69.3395,0.401925
26415000,82,337.968,-21619.7,65.9045,0.4128
26430000,86,371.536,-21599.5,87.0227,0.4116
26445000,78,324.481,-21596.1,93.0465,0.410867
26460000,73,311.996,-21604.4,46.3076,0.398933
26475000,84,381.853,-21581.2,67.7382,0.404822
26490000,78,327.151,-21603.3,84.1395,0.400733
26505000,62,283.749,-21620.1,72.4171,0.389978
26520000,73,320.991,-21578.5,75.013,0.3959
26535000,70,310.668,-21574,74.027,0.402867
26550000,72,303.007,-21574.2,74.7818,0.393
26565000,57,233.265,-21633.4,57.0058,0.396383
26580000,69,296.636,-21595.9,62.9274,0.396933
26595000,70,313.885,-21595.8,68.7264,0.391533
26610000,62,270.546,-21598.9,45.0838,0.395533
26625000,67,283.895,-21591.6,77.6099,0.397733
26640000,76,308.601,-21600.9,78.6885,0.408267
26655000,80,353.704,-21642.6,78.2667,0.405156
26670000,78,351.267,-21577.2,81.6603,0.413267
26685000,81,362.027,-21571.6,87.587,0.4072
26700000,76,319.138,-21597.9,73.1276,0.3952
26715000,38,154.596,-21653.8,35.9146,0.404233
26730000,64,276.125,-21603.2,71.0003,0.385065
26745000,58,263.439,-21593.6,59.3978,0.3906
26760000,37,156.646,-21659.4,37.2346,0.390178
26775000,77,349.766,-21630.8,87.7359,0.4016
26790000,70,288.812,-21615.8,79.624,0.385044
26805000,85,373.751,-21591.4,79.9142,0.4142
26820000,63,256.097,-21609.1,67.9898,0.400933
26835000,59,253.965,-21611.2,59.9222,0.374467
26850000,54,240.209,-21618.1,44.4931,0.394533
26865000,63,279.447,-21618.5,54.1972,0.3899
26880000,77,322.432,-21613.4,73.6967,0.3952
26895000,81,344.57,-21607.8,95.3134,0.413667
26910000,67,295.222,-21617.2,59.5973,0.4072
26925000,65,290.41,-21619.9,66.3642,0.399427
26940000,59,262.8,-21603.7,62.9869,0.399533
26955000,58,258.716,-21618.8,64.0707,0.3894
26970000,63,265.04,-21628.8,70.9721,0.392295
26985000,63,278.293,-21587.8,56.5794,0.39605
27000000,62,274.986,-21642.1,58.8457,0.4034
27015000,59,270.724,-21637.5,49.4894,0.3992
27030000,69,293.398,-21584,70.1515,0.393822
27045000,82,358.392,-21605.8,85.6062,0.4008
27060000,79,333.503,-21581.5,89.6963,0.418733
27075000,54,239.354,-21631.8,49.8715,0.409067
27090000,60,262.858,-21623.3,64.4513,0.390696
27105000,67,273.156,-21576.2,64.5464,0.399156
27120000,94,406.047,-21573.5,87.4972,0.4052
27135000,67,284.4,-21594.5,78.8844,0.406911
27150000,69,314.839,-21626.7,60.9296,0.411067
27165000,77,359.829,-21594.6,76.2119,0.412267
27180000,67,307.257,-21605.5,78.2084,0.410133
27195000,83,355.391,-21603.9,75.8928,0.4132
27210000,83,340.416,-21620.9,83.03,0.406333
27225000,73,307.107,-21596.6,61.0804,0.417267
27240000,60,279.761,-21615.8,55.3517,0.391
27255000,71,312.223,-21600.7,76.397,0.385067
27270000,60,256.366,-21647,47.9793,0.396533
27285000,75,328.322,-21571.4,91.6918,0.400767
27300000,70,280.886,-21586.4,56.9252,0.3998
27315000,92,384.047,-21585.2,95.5692,0.413667
27330000,82,373.691,-21575.6,81.207,0.4024
27345000,81,356.82,-21637.8,60.7321,0.40112
27360000,87,378.568,-21594.6,96.3844,0.4102
27375000,66,289.228,-21622.3,62.44,0.400224
27390000,54,230.875,-21629.1,45.2312,0.3946
27405000,86,351.123,-21623.2,85.0888,0.42445
27420000,82,353.898,-21579.5,89.5981,0.400083
27435000,78,331.974,-21568,72.6196,0.404333
27450000,70,304.907,-21588.7,76.8592,0.405956
27465000,67,286.399,-21597,59.2316,0.397333
27480000,64,284.744,-21609.3,86.5618,0.3916
27495000,60,258.851,-21599,52.8304,0.395933
27510000,71,300.313,-21603.5,66.7991,0.394733
27525000,84,346.379,-21599.3,93.2253,0.409333
27540000,73,334.357,-21578.2,66.734,0.405524
27555000,46,195.462,-21644.5,48.5573,0.374947
27570000,84,367.098,-21589.5,85.0007,0.402378
27585000,74,332.611,-21585.6,69.606,0.399067
27600000,78,324.99,-21586.8,103.859,0.3974
27615000,68,294.758,-21594.2,62.6485,0.410107
27630000,78,338.468,-21596.8,70.3435,0.400667
27645000,75,318.761,-21620,72.3351,0.388311
27660000,68,299.65,-21595.2,70.2317,0.4113
27675000,69,315.372,-21613.6,67.4022,0.407833
27690000,68,296.026,-21606.5,60.9245,0.414567
27705000,61,265.621,-21622.1,49.6804,0.3943
27720000,73,316.637,-21588.1,70.0692,0.405067
27735000,80,340.85,-21619.6,70.3655,0.4013
27750000,70,314.875,-21614.7,56.1275,0.405067
27765000,74,320.575,-21592.3,64.526,0.393622
27780000,78,340.168,-21599.7,69.4291,0.392133
27795000,72,313.593,-21594.9,77.4849,0.4048
27810000,68,309.262,-21587,63.1666,0.4112
27825000,72,324.382,-21598,74.7838,0.402867
27840000,76,340.373,-21595.6,69.0451,0.414867
27855000,80,344.199,-21623.3,86.1791,0.389561
27870000,77,347.085,-21625.2,70.3807,0.4138
27885000,59,263.788,-21593.2,54.9848,0.401644
27900000,81,349.257,-21598.8,81.0373,0.40686
27915000,65,290.72,-21613.9,83.4739,0.405067
27930000,73,324.081,-21603.5,68.7218,0.409133
27945000,65,286.945,-21587.2,59.8399,0.416333
27960000,60,256.806,-21642.4,62.7285,0.401256
27975000,75,326.25,-21581.9,73.3835,0.4082
27990000,74,345.897,-21587.8,64.1082,0.398933
28005000,62,245.015,-21622.6,61.2156,0.403667
28020000,65,284.327,-21611,68.7556,0.3966
28035000,70,304.142,-21608.5,67.4178,0.406067
28050000,60,262.214,-21656.4,63.4203,0.400933
28065000,65,278.925,-21618.5,61.0224,0.399367
28080000,59,237.218,-21627.3,68.8619,0.395167
28095000,70,294.258,-21616.7,71.3294,0.395733
28110000,61,268.453,-21625.9,65.926,0.394993
28125000,60,257.908,-21609.7,70.1757,0.3916
28140000,62,274.092,-21595.6,64.373,0.381333
28155000,60,256.108,-21612.2,57.9257,0.404833
28170000,60,266.673,-21617.2,48.7837,0.3966
28185000,61,252.965,-21621.2,48.2692,0.401817
28200000,73,314.758,-21597,75.0807,0.399767
28215000,69,306.933,-21616.3,78.3188,0.4083
28230000,50,226.25,-21608.6,51.5531,0.418467
28245000,60,255.579,-21624,65.7467,0.391067
28260000,74,328.636,-21604.3,77.0612,0.416267
28275000,72,322.743,-21612.9,69.648,0.410467
28290000,58,262.882,-21627.6,54.8146,0.403013
28305000,61,263.107,-21625.8,51.8931,0.410133
28320000,53,229.151,-21635,49.779,0.402422
28335000,51,214.462,-21644.2,56.6839,0.395633
28350000,60,274.676,-21641.7,57.8014,0.387186
28365000,59,265.012,-21635.6,56.1811,0.397133
28380000,54,242.506,-21629.8,48.1032,0.391933
28395000,52,231.539,-21622.6,37.9896,0.3768
28410000,41,184.875,-21632.8,45.3034,0.3846
28425000,47,203.606,-21642.5,49.1136,0.377933
28440000,65,292.359,-21598.8,63.6311,0.386911
28455000,56,246.511,-21622.7,64.939,0.4014
28470000,52,251.333,-21617.4,56.7014,0.378667
28485000,60,254.954,-21600.9,61.8138,0.3924
28500000,73,335.03,-21621,74.8358,0.401867
28515000,46,209.176,-21640.7,37.4892,0.388878
28530000,57,225.586,-21631.2,57.9316,0.37936
28545000,59,265.053,-21626.8,57.4174,0.404733
28560000,60,284.265,-21626.9,48.955,0.401933
28575000,47,206.93,-21623.3,44.4874,0.389733
28590000,59,240.076,-21628.2,63.7369,0.3822
28605000,57,257.829,-21652.8,59.8023,0.384144
28620000,75,324.494,-21623.8,74.804,0.4086
28635000,77,338.194,-21615.4,73.1359,0.411467
28650000,71,299.31,-21631.4,80.5838,0.391711
28665000,64,281.566,-21642.7,72.8733,0.412267
28680000,62,268.115,-21610.9,61.5515,0.410867
28695000,63,269,-21617.2,64.8947,0.399933
28710000,61,260.052,-21615.7,63.9078,0.3862
28725000,75,323.736,-21623.6,83.3312,0.4086
28740000,73,327.797,-21625.3,84.5907,0.394196
28755000,73,320.567,-21600.3,89.5739,0.4128
28770000,54,232.716,-21636.8,46.2793,0.406556
28785000,62,260.987,-21608.4,61.6261,0.4035
28800000,38,151.682,-21634.7,39.6588,0.390933
28815000,57,253.886,-21618.9,59.7435,0.3932
28830000,61,261.333,-21646.1,56.5131,0.394733
28845000,71,317.879,-21612.3,72.7228,0.406467
28860000,54,229.241,-21653.4,52.5181,0.3968
28875000,61,275.101,-21595.1,56.9841,0.4008
28890000,70,307.659,-21602.1,66.4911,0.390933
28905000,63,271.387,-21611.7,75.474,0.402267
28920000,76,321.976,-21615.3,73.6735,0.391067
28935000,80,327.397,-21602.2,85.8658,0.414133
28950000,78,327.217,-21609,69.8441,0.410267
28965000,74,311.105,-21608.2,91.0455,0.410333
28980000,60,257.808,-21630.6,53.0085,0.39956
28995000,55,229.529,-21613.7,47.5807,0.391267
29010000,59,252.134,-21636.7,57.4616,0.400233
29025000,53,228.225,-21636.2,60.4777,0.390667
29040000,58,246.989,-21631.3,43.457,0.384267
29055000,74,317.276,-21611.2,90.649,0.393667
29070000,61,262.633,-21595.4,56.9094,0.373213
29085000,62,276.258,-21601.4,70.9426,0.371
29100000,62,275.342,-21620,60.3537,0.3968
29115000,58,241.803,-21636.1,62.5419,0.386
29130000,51,218.474,-21649.8,54.9075,0.382819
29145000,58,254.316,-21633.9,71.5558,0.3883
29160000,72,312.202,-21613.5,72.2456,0.3854
29175000,53,233.841,-21626.7,58.0305,0.3954
29190000,56,233.43,-21625.5,63.0929,0.3866
29205000,79,350.016,-21580.9,81.0452,0.392244
29220000,79,355.31,-21582,80.8826,0.3978
29235000,50,224.801,-21650.5,42.4622,0.397876
29250000,62,278.287,-21620.2,58.7011,0.394967
29265000,75,300.099,-21607.4,77.6759,0.396578
29280000,68,276.448,-21613.9,72.3436,0.397533
29295000,66,296.291,-21597.6,65.354,0.4086
29310000,62,277.635,-21605.2,66.9882,0.3942
29325000,57,257.68,-21621.7,47.567,0.390267
29340000,62,281.423,-21606.8,58.5428,0.3834
29355000,56,257.899,-21631,46.7272,0.399981
29370000,66,268.157,-21636.3,73.2711,0.4082
29385000,59,255.094,-21634.2,68.6672,0.394133
29400000,62,271.248,-21661.8,60.5569,0.3966
29415000,77,356.554,-21644.2,84.8047,0.4038
29430000,72,323.332,-21626.7,77.6812,0.412133
29445000,58,255.137,-21584.3,63.5588,0.372314
29460000,67,291.681,-21621.6,60.1686,0.393433
29475000,66,266.375,-21570.8,56.2077,0.377233
29490000,57,253.837,-21629.1,44.4973,0.398433
29505000,66,293.172,-21612.2,78.0831,0.406
29520000,53,241.357,-21611.3,56.541,0.373644
29535000,53,213.716,-21621.7,53.5789,0.398967
29550000,56,257.191,-21650.5,42.4936,0.3902
29565000,63,262.715,-21637.9,64.4468,0.403
29580000,39,174.981,-21660.9,44.5582,0.374412
29595000,51,226.27,-21629.4,43.0992,0.370347
29610000,53,231.101,-21618.3,52.1027,0.3826
29625000,53,224.57,-21625.6,52.912,0.3762
29640000,52,223.715,-21613.1,39.7498,0.392333
29655000,61,270.884,-21630,52.2691,0.383
29670000,62,273.56,-21647.7,59.1315,0.4002
29685000,60,254.404,-21649.3,63.3176,0.405667
29700000,45,196.251,-21669.2,48.6486,0.382367
29715000,64,272.118,-21640.4,69.6792,0.400133
29730000,53,239.053,-21655.6,54.676,0.388061
29745000,47,188.856,-21657.7,42.4615,0.390067
29760000,54,234.214,-21648.5,53.0193,0.39595
29775000,59,260.704,-21633.5,51.5536,0.401567
29790000,57,261.623,-21643,60.0949,0.404767
29805000,53,241.929,-21656,55.0456,0.3845
29820000,54,241.077,-21648,54.6324,0.387627
29835000,52,217.645,-21619.1,53.9199,0.398067
29850000,58,253.844,-21633.3,70.7874,0.3998
29865000,46,190.393,-21654,45.98,0.382733
29880000,67,290.747,-21635.1,73.095,0.391893
29895000,61,255.757,-21621.8,62.9158,0.395244
29910000,64,281.778,-21619.3,60.3281,0.396233
29925000,64,284.484,-21633.3,67.7576,0.4002
29940000,68,295.464,-21628,66.4457,0.414467
29955000,70,305.178,-21615.7,89.8568,0.393067
29970000,77,336.51,-21587.6,74.9618,0.4027
29985000,65,294.9,-21634.5,61.1511,0.402667
