generation,N_shifts,logPrior,logLik,eventRate,acceptRate
0,0,0.641453,-24215,100,0
15000,0,-1.3732,-22040.9,0.316802,0.160056
30000,1,5.05026,-22031.8,0.534553,0.216726
45000,0,0.182391,-22039.2,0.199433,0.3174
60000,4,18.8115,-22000.8,8.70998,0.268217
75000,4,17.4487,-21969.7,6.19547,0.3054
90000,4,20.2677,-21928.6,5.49873,0.3128
105000,3,7.21144,-21981.2,3.26286,0.259033
120000,8,38.0376,-21898.4,4.20963,0.321667
135000,9,42.6531,-21894.9,7.30259,0.337867
150000,5,16.1855,-21962.7,10.1535,0.301467
165000,9,43.6692,-21887.7,14.371,0.321667
180000,12,51.587,-21877.9,13.1439,0.341467
195000,8,36.1816,-21876.6,12.6154,0.355067
210000,12,43.3934,-21866.1,16.9765,0.308783
225000,10,36.5211,-21876.8,10.3934,0.304133
240000,15,69.2542,-21860.7,16.4124,0.3334
255000,13,59.6354,-21865.1,14.3728,0.355533
270000,14,54.9123,-21826.6,15.0261,0.324022
285000,16,59.0657,-21807.1,23.9877,0.3342
300000,20,81.4458,-21804.3,17.4672,0.3348
315000,24,94.0188,-21792.5,28.9738,0.378
330000,25,101.346,-21770.7,21.9917,0.360733
345000,24,103.049,-21799.2,28.0369,0.3576
360000,17,64.57,-21790.1,13.7524,0.333867
375000,25,109.33,-21805.3,28.5661,0.376333
390000,23,89.1608,-21769.4,20.4533,0.348667
405000,28,111.128,-21767.2,35.2787,0.364867
420000,30,112.463,-21753.7,28.0118,0.364533
435000,38,157.354,-21715.3,37.2883,0.3878
450000,36,151.122,-21739.5,27.3447,0.3712
465000,13,57.7228,-21842.3,11.6109,0.238026
480000,40,175.598,-21725.7,41.262,0.3745
495000,44,182.499,-21745.6,47.2439,0.388
510000,53,221.637,-21715,47.8826,0.403467
525000,43,190.931,-21698.8,38.6972,0.385259
540000,42,175.843,-21701.8,48.0138,0.405667
555000,45,191.416,-21695.4,36.8709,0.388133
570000,52,225.357,-21674.3,44.9666,0.378756
585000,54,246.874,-21687,54.7023,0.384067
600000,52,229.909,-21656.3,59.2482,0.389467
615000,57,244.078,-21681.8,42.6174,0.392
630000,33,139.424,-21757.2,30.8459,0.369582
645000,59,233.226,-21679.3,66.0878,0.392383
660000,52,229.905,-21671.7,66.2312,0.394978
675000,56,238.627,-21645.7,54.8175,0.395367
690000,53,224.043,-21657.3,37.8169,0.393867
705000,58,264.68,-21663.7,45.6989,0.396
720000,56,253.594,-21650.7,55.9019,0.394067
735000,52,214.118,-21643.7,56.795,0.388533
750000,57,252.612,-21654,50.7328,0.395867
765000,66,283.471,-21642.1,78.8237,0.396067
780000,58,268.678,-21636.4,60.2663,0.39256
795000,61,262.484,-21634.2,53.2269,0.3866
810000,60,279.427,-21670.2,68.8238,0.3982
825000,61,258.329,-21646.9,55.3004,0.3832
840000,50,228.248,-21634,39.3217,0.383667
855000,63,281.953,-21652.7,66.6423,0.396667
870000,57,255.015,-21633.4,52.787,0.384867
885000,56,238.727,-21643.8,66.7816,0.3824
900000,54,254.384,-21624.5,38.0868,0.375133
915000,54,217.934,-21651.6,60.1045,0.3728
930000,72,317.706,-21650,64.1677,0.38824
945000,56,241.422,-21648.2,63.1576,0.385967
960000,54,227.976,-21657.6,60.3977,0.380733
975000,64,285.553,-21657.8,74.603,0.388867
990000,64,291.548,-21659.5,72.6122,0.3891
1005000,66,292.226,-21679.1,58.6743,0.402933
1020000,56,252.439,-21632.9,61.8752,0.3961
1035000,60,282.025,-21631.7,59.1849,0.4018
1050000,62,265.938,-21625.8,54.1052,0.381844
1065000,60,266.155,-21619.6,66.5672,0.3852
1080000,65,286.183,-21612.4,64.5044,0.3848
1095000,58,248.592,-21630.6,60.3154,0.375511
1110000,69,294.024,-21626.1,59.0497,0.386133
1125000,59,253.939,-21626.1,56.6488,0.382467
1140000,50,227.999,-21615.4,49.0548,0.372867
1155000,60,277.713,-21627.4,51.4179,0.372533
1170000,46,202.37,-21653.7,44.0996,0.380356
1185000,42,183.411,-21659.2,39.2354,0.371
1200000,60,272.878,-21646.3,76.8973,0.395467
1215000,63,277.127,-21640.1,66.583,0.37125
1230000,57,239.124,-21631.9,62.2693,0.385267
1245000,60,246.809,-21639.5,51.6425,0.3696
1260000,57,246.819,-21625,57.4886,0.370667
1275000,59,257.992,-21627.5,47.1822,0.376333
1290000,64,279.526,-21645.4,57.5365,0.394067
1305000,55,239.419,-21648.9,59.4639,0.3923
1320000,54,243.34,-21656.5,40.8393,0.395467
1335000,49,228.588,-21647.4,56.0955,0.369433
1350000,68,284.969,-21632.7,61.8731,0.387167
1365000,73,335.671,-21611.9,76.657,0.3984
1380000,61,271.045,-21653.2,70.9869,0.377267
1395000,60,262.179,-21656.2,56.5781,0.398867
1410000,50,223.424,-21651.7,53.0581,0.375995
1425000,57,238.938,-21648.8,58.744,0.390733
1440000,51,224.528,-21654,42.6782,0.375156
1455000,62,271.76,-21633.9,67.7102,0.373147
1470000,51,233.966,-21645.2,66.5788,0.3805
1485000,52,226.759,-21637.1,52.5678,0.370617
1500000,56,252.443,-21618.4,51.2188,0.376
1515000,72,327.004,-21656,52.0387,0.388378
1530000,61,269.345,-21643.8,50.1074,0.3854
1545000,71,308.664,-21627.5,69.2413,0.413033
1560000,68,289.114,-21613.5,74.3036,0.4072
1575000,72,329.767,-21619.6,70.5623,0.390867
1590000,52,217.437,-21639,51.7004,0.3914
1605000,53,220.437,-21642.3,43.446,0.372067
1620000,68,291.992,-21615.2,66.6607,0.389467
1635000,60,246.843,-21637.8,73.3332,0.3782
1650000,66,277.678,-21652.5,66.3106,0.397733
1665000,70,307.279,-21639.6,51.4237,0.3936
1680000,61,255.647,-21624.8,62.5747,0.3988
1695000,52,230.792,-21647.9,53.0956,0.370958
1710000,71,318.531,-21630.3,69.208,0.393844
1725000,68,311.917,-21613.1,71.3676,0.401667
1740000,51,222.013,-21637.9,52.318,0.3842
1755000,57,259.622,-21617.2,54.477,0.38048
1770000,55,256.454,-21634.8,47.0792,0.380067
1785000,60,243.357,-21625.7,60.1818,0.380667
1800000,57,261.518,-21613.5,72.2279,0.392
1815000,70,313.192,-21638.6,69.2469,0.399733
1830000,63,277.56,-21640.3,62.2283,0.383504
1845000,70,316.888,-21616.1,79.2287,0.395933
1860000,69,309.726,-21619.5,56.2667,0.408867
1875000,70,310.204,-21634.9,69.346,0.401889
1890000,71,307.986,-21627.1,64.8469,0.4131
1905000,73,338.539,-21595.7,68.4221,0.400111
1920000,66,298.618,-21623.1,65.618,0.403567
1935000,56,227.496,-21609.7,62.8893,0.383067
1950000,61,278.879,-21628.6,40.9299,0.388053
1965000,61,287.855,-21642.3,54.9755,0.3844
1980000,75,316.967,-21632.8,89.5272,0.384578
1995000,69,304.345,-21621,80.5555,0.413667
2010000,57,250.096,-21630.1,52.9837,0.394067
2025000,62,298.101,-21643.6,62.2301,0.381467
2040000,58,241.007,-21633.7,55.6719,0.403533
2055000,74,315.439,-21635.2,82.2518,0.39976
2070000,58,249.657,-21641.6,60.2863,0.403867
2085000,68,304.943,-21638.8,64.7084,0.404967
2100000,47,205.566,-21650.6,39.0513,0.386
2115000,69,296.504,-21604.8,59.0433,0.387633
2130000,62,275.042,-21624.7,58.8013,0.375673
2145000,56,241.166,-21641.9,51.3342,0.377244
2160000,61,276.464,-21614.7,54.9868,0.394444
2175000,66,299.419,-21630.4,66.4536,0.384133
2190000,56,243.432,-21624.5,49.7223,0.393267
2205000,49,231.68,-21646.2,48.5176,0.373067
2220000,67,300.68,-21608.9,57.6266,0.377167
2235000,81,358.594,-21600,80.7376,0.405067
2250000,54,235.533,-21667.1,62.1205,0.3754
2265000,69,293.239,-21612.9,60.6312,0.389167
2280000,69,301.551,-21614.2,78.2602,0.391
2295000,47,194.632,-21643.2,39.5921,0.384975
2310000,56,230.522,-21629.3,68.513,0.384133
2325000,62,270.716,-21639.7,68.0099,0.37708
2340000,64,273.541,-21665.9,72.4078,0.405267
2355000,58,235.988,-21651.9,62.1298,0.399133
2370000,56,226.032,-21625.9,65.3153,0.385983
2385000,66,292.491,-21642.9,62.3169,0.3885
2400000,54,225.102,-21653.2,63.0463,0.389352
2415000,78,343.34,-21605.1,104.908,0.380289
2430000,80,361.352,-21614.2,72.9261,0.4046
2445000,54,231.463,-21628.5,48.4214,0.3828
2460000,58,247.173,-21632.7,61.5863,0.381667
2475000,56,230.498,-21638.3,51.8085,0.3846
2490000,63,280.072,-21628.8,73.564,0.375571
2505000,54,232.125,-21628.2,58.3187,0.3784
2520000,61,243.924,-21628.9,54.3475,0.380867
2535000,51,223.575,-21636,46.0207,0.37672
2550000,61,274.248,-21640.1,56.1746,0.379333
2565000,63,285.393,-21623.1,64.345,0.385089
2580000,75,320.213,-21612.1,76.102,0.387067
2595000,62,272.855,-21613.9,64.2992,0.3726
2610000,66,262.546,-21628.8,61.2303,0.375267
2625000,49,216.02,-21640.1,58.217,0.376027
2640000,60,261.707,-21651.9,50.3356,0.377533
2655000,63,285.749,-21609.5,59.5951,0.380778
2670000,87,386.315,-21620.4,87.3263,0.398533
2685000,92,401.026,-21593.6,93.0662,0.419467
2700000,95,401.006,-21568.7,109.78,0.413467
2715000,81,348.948,-21559.1,79.7748,0.397733
2730000,69,295.983,-21610.8,60.5872,0.373186
2745000,75,335.882,-21584.6,82.0111,0.382267
2760000,58,245.855,-21624.9,54.7446,0.381167
2775000,77,334.269,-21593.3,67.2318,0.392233
2790000,68,291.67,-21603.1,69.8591,0.382467
2805000,56,248.099,-21636.6,57.494,0.382622
2820000,67,271.325,-21603.9,70.8838,0.390667
2835000,69,287.339,-21596.1,77.3064,0.386533
2850000,78,348.856,-21601.9,70.8596,0.4008
2865000,70,299.462,-21605.7,66.8688,0.389933
2880000,70,302.913,-21614.2,68.5191,0.3948
2895000,71,313.058,-21607.7,83.7921,0.404133
2910000,62,275.377,-21609.3,65.9925,0.389667
2925000,64,265.623,-21620.1,75.1859,0.38085
2940000,67,301.468,-21614.6,60.8381,0.398133
2955000,71,316.19,-21603.8,87.7702,0.395067
2970000,73,324.74,-21640.6,75.6846,0.404233
2985000,55,238.189,-21641,57.5308,0.38058
3000000,65,268.786,-21625.8,63.4195,0.396733
3015000,68,295.167,-21601.9,69.8912,0.386467
3030000,70,311.916,-21620.3,79.3205,0.38652
3045000,65,282.329,-21597.1,77.7462,0.392767
3060000,78,353.181,-21600.4,64.8766,0.393711
3075000,61,281.587,-21623.2,63.1642,0.390167
3090000,80,351.709,-21610.1,75.4406,0.399367
3105000,65,281.51,-21592.8,62.8602,0.403
3120000,63,276.259,-21616.1,67.209,0.402178
3135000,61,272.163,-21609.5,56.8212,0.397467
3150000,58,277.18,-21641.5,54.3057,0.383792
3165000,52,230.43,-21633.8,58.0671,0.372333
3180000,51,217.11,-21634.9,40.3524,0.385356
3195000,48,207.359,-21645.4,49.4077,0.370122
3210000,54,237.449,-21644.8,50.3191,0.361933
3225000,53,239.543,-21649.1,57.08,0.370333
3240000,62,258.803,-21635.1,64.2573,0.380033
3255000,59,260.207,-21632.7,49.7563,0.366811
3270000,65,283.623,-21635.8,61.9249,0.382156
3285000,57,253.931,-21639.4,45.474,0.3837
3300000,58,242.721,-21610.4,60.0856,0.394333
3315000,53,235.88,-21637,50.6594,0.386333
3330000,61,262.376,-21638.2,58.4884,0.396867
3345000,50,219.845,-21617.4,52.8766,0.380067
3360000,62,257.264,-21621.9,63.6518,0.369467
3375000,47,198.226,-21631.2,54.4651,0.3682
3390000,54,230.553,-21637.9,54.0157,0.36741
3405000,57,255.492,-21657.4,51.3166,0.384133
3420000,50,210.727,-21659,59.2374,0.362933
3435000,54,232.432,-21639.8,48.0652,0.375667
3450000,42,186.13,-21663,44.0405,0.372711
3465000,44,195.293,-21644,39.3252,0.387383
3480000,47,209.611,-21657.1,45.7362,0.376133
3495000,44,193.598,-21655.7,43.0341,0.37
3510000,55,233.098,-21643.7,72.3208,0.370833
3525000,51,221.388,-21651,49.9663,0.3744
3540000,55,242.328,-21653.5,44.6165,0.3732
3555000,54,246.471,-21651.1,52.4408,0.363033
3570000,47,215.932,-21659.4,60.4397,0.380122
3585000,66,292.763,-21611.9,59.2592,0.387667
3600000,68,291.761,-21620.2,66.4041,0.391267
3615000,64,284.842,-21632.2,58.0406,0.388267
3630000,66,291.634,-21617.2,76.092,0.376133
3645000,51,224.024,-21640.9,58.4272,0.376311
3660000,60,267.595,-21632.1,63.7252,0.3758
3675000,62,262.872,-21612.2,56.7651,0.387733
3690000,69,313.842,-21614.4,72.316,0.390133
3705000,52,207.616,-21656.8,61.0551,0.378978
3720000,62,264.772,-21634.8,73.2468,0.380533
3735000,61,264.326,-21629.9,72.8282,0.385867
3750000,88,403.724,-21629.7,90.906,0.396067
3765000,65,279.668,-21621.4,56.3459,0.4118
3780000,61,280.546,-21645.3,72.9122,0.387533
3795000,62,270.932,-21630.4,65.6998,0.390233
3810000,63,271.591,-21630.2,76.7313,0.402533
3825000,56,251.237,-21630.8,52.5826,0.385167
3840000,60,270.595,-21611.9,71.447,0.390367
3855000,56,258.826,-21626.4,57.0249,0.372133
3870000,56,246.687,-21637.2,61.7052,0.382467
3885000,51,223.167,-21640.5,53.963,0.368733
3900000,48,203.684,-21663.3,52.0383,0.357933
3915000,52,232.466,-21617.8,63.4009,0.3773
3930000,56,247.054,-21633.3,62.4876,0.369419
3945000,50,208.609,-21652.3,67.7774,0.382567
3960000,58,271.146,-21649.8,69.3045,0.3767
3975000,66,281.439,-21625.7,47.8913,0.380333
3990000,66,293.136,-21625.5,56.7506,0.385644
4005000,77,330.965,-21612.7,82.7334,0.3862
4020000,53,212.372,-21646.1,52.647,0.394833
4035000,66,289.635,-21620.9,58.294,0.388633
4050000,69,295.411,-21612.3,58.681,0.371733
4065000,66,270.937,-21626.1,72.5267,0.3884
4080000,51,201.907,-21655.9,58.3487,0.37734
4095000,59,262,-21617.6,50.868,0.368222
4110000,57,234.286,-21653.2,53.6512,0.394889
4125000,64,279.188,-21629.8,57.7788,0.367633
4140000,52,222.851,-21621.8,45.4806,0.384267
4155000,63,287.963,-21622.4,73.7746,0.3806
4170000,52,234.892,-21623.6,46.7072,0.390683
4185000,52,237.699,-21637.8,43.8184,0.386733
4200000,62,276.122,-21646,74.8823,0.381283
4215000,69,310.583,-21601.2,73.8108,0.386167
4230000,52,232.07,-21635,54.1301,0.370533
4245000,64,273.949,-21646.9,51.9219,0.379267
4260000,58,258.254,-21620.3,54.0693,0.374533
4275000,61,255.382,-21596.8,69.8194,0.370467
4290000,53,228.862,-21626.3,50.2549,0.3754
4305000,64,267.164,-21612.7,72.1546,0.380533
4320000,63,285.659,-21617.8,75.7338,0.3724
4335000,72,310.349,-21614.2,63.5,0.377333
4350000,60,265.61,-21607.8,69.9281,0.370967
4365000,57,264.762,-21625.8,60.26,0.393
4380000,57,261.574,-21615.1,46.9387,0.370733
4395000,67,313.298,-21632.5,62.5773,0.394667
4410000,56,260.623,-21628.2,55.0299,0.389467
4425000,56,239.207,-21618.1,49.8082,0.387111
4440000,54,247.648,-21621.1,61.8702,0.3704
4455000,62,272.413,-21622.2,57.7774,0.38332
4470000,58,268.938,-21634.1,60.3687,0.385667
4485000,60,277.794,-21626.1,61.3145,0.384467
4500000,62,290.595,-21639.9,60.5343,0.390867
4515000,72,305.542,-21630.3,83.2141,0.4015
4530000,66,292.111,-21623.6,75.1817,0.3966
4545000,50,229.654,-21640.1,47.5543,0.384086
4560000,63,286.152,-21652.7,58.1719,0.383567
4575000,69,313.304,-21628.1,68.1998,0.4088
4590000,83,385.478,-21616.9,87.3505,0.404267
4605000,73,333.766,-21619.5,74.4684,0.394933
4620000,60,256.77,-21615.3,67.1985,0.380853
4635000,55,236.208,-21641.3,53.6901,0.386767
4650000,74,323.588,-21642.8,71.0608,0.3948
4665000,75,320.618,-21603.2,75.9859,0.402967
4680000,67,295.604,-21624,62.634,0.392767
4695000,63,250.11,-21649.2,51.1347,0.38468
4710000,55,250.632,-21623.4,57.4344,0.3831
4725000,56,253.127,-21631.1,66.5305,0.3864
4740000,60,269.572,-21623.9,56.3264,0.3764
4755000,54,257.141,-21642.4,58.6187,0.390878
4770000,72,314.862,-21633.5,84.0024,0.406133
4785000,61,265.864,-21632.2,59.5309,0.3905
4800000,63,279.522,-21633.6,66.5274,0.390867
4815000,67,283.769,-21650.8,73.0872,0.393267
4830000,56,246.227,-21633.6,41.2756,0.394044
4845000,78,363.155,-21606.2,86.3186,0.392453
4860000,68,303.274,-21657.1,67.8924,0.393289
4875000,53,227.287,-21632.8,60.7105,0.380267
4890000,66,285.78,-21638.8,83.038,0.3986
4905000,48,220.657,-21632.8,44.3079,0.373833
4920000,67,288.248,-21625.9,60.1182,0.3966
4935000,56,247.879,-21614.4,69.0378,0.3814
4950000,59,240.977,-21612,70.4857,0.370533
4965000,75,323.212,-21627.5,65.9837,0.394347
4980000,76,340.352,-21594,64.4721,0.3772
4995000,80,351.629,-21586.5,74.9626,0.397667
5010000,80,359.548,-21638.3,85.8977,0.414733
5025000,72,318.643,-21591.4,61.2348,0.4024
5040000,69,284.827,-21592.3,63.0945,0.3904
5055000,76,318.901,-21573.1,84.5895,0.3792
5070000,59,257.236,-21601.4,57.0343,0.386067
5085000,63,258.87,-21632.6,58.3761,0.382358
5100000,67,298.856,-21610,61.3667,0.386167
5115000,58,266.436,-21629.6,48.9392,0.38061
5130000,54,241.419,-21629.6,64.5972,0.375533
5145000,55,241.703,-21614.7,56.1381,0.38
5160000,71,316.671,-21627.4,76.6293,0.382222
5175000,56,242.825,-21622.8,62.9993,0.380733
5190000,58,257.131,-21622.9,58.9234,0.383067
5205000,59,268.302,-21610.6,60.7739,0.3764
5220000,53,221.924,-21602.5,68.7315,0.385289
5235000,65,305.642,-21623.6,59.9605,0.377133
5250000,64,282.402,-21624.2,75.0677,0.389722
5265000,59,261.092,-21623.2,46.8449,0.400867
5280000,71,324.675,-21622.1,79.1454,0.382267
5295000,51,224.954,-21612,52.952,0.382167
5310000,61,272.006,-21615,50.2771,0.3776
5325000,63,269.84,-21638.6,68.8131,0.383583
5340000,57,253.248,-21623.6,55.8577,0.388183
5355000,57,255.664,-21634.8,45.1199,0.386133
5370000,53,228.837,-21626.6,56.8825,0.381667
5385000,46,212.88,-21634.8,50.5739,0.353133
5400000,71,321.254,-21626.1,66.1884,0.37785
5415000,59,255.159,-21637.7,58.4639,0.367533
5430000,69,308.692,-21607.6,62.9865,0.3724
5445000,63,284.253,-21580.5,68.4014,0.3946
5460000,59,252.248,-21587.5,55.2277,0.380467
5475000,51,211.358,-21618.9,43.9656,0.38804
5490000,51,218.829,-21637.2,42.2669,0.378
5505000,48,214.183,-21634.8,45.8253,0.381094
5520000,55,248.339,-21620.7,52.133,0.3786
5535000,59,250.632,-21599.6,68.6919,0.3784
5550000,62,255.377,-21624.5,58.4942,0.392067
5565000,67,290.558,-21609.7,68.8845,0.3998
5580000,61,264.42,-21616.9,50.0838,0.386367
5595000,67,304.162,-21599.4,65.0841,0.390767
5610000,64,259.228,-21622,75.2465,0.387833
5625000,66,283.258,-21609.3,61.6311,0.3776
5640000,53,245.279,-21618.6,42.5185,0.381
5655000,57,248.443,-21630,63.3647,0.384567
5670000,55,239.838,-21646.6,59.7712,0.3698
5685000,46,209.559,-21642.1,41.7974,0.375533
5700000,65,291.542,-21633.6,65.1674,0.375733
5715000,65,291.937,-21632.9,60.2104,0.392
5730000,76,352.067,-21617.4,67.6137,0.400467
5745000,62,285.566,-21606.9,43.4954,0.400667
5760000,62,281.938,-21609.9,58.5915,0.37844
5775000,57,248.789,-21628.6,58.1474,0.3797
5790000,61,259.747,-21623,67.482,0.3781
5805000,63,267.037,-21624,77.8576,0.384933
5820000,73,320.696,-21588,48.8557,0.3928
5835000,61,259.355,-21609.8,53.0175,0.3693
5850000,69,306.264,-21594.1,72.2871,0.386111
5865000,65,260.384,-21601.8,54.7131,0.379367
5880000,75,332.585,-21624.8,79.1772,0.392383
5895000,65,298.465,-21608.4,61.098,0.396067
5910000,46,205.603,-21637.6,51.4563,0.3758
5925000,73,337.363,-21627.2,66.285,0.370573
5940000,69,294.457,-21579.5,68.4917,0.397133
5955000,55,239.584,-21599.5,63.1381,0.375089
5970000,52,220.963,-21597.6,51.8295,0.385
5985000,77,342.418,-21574.5,87.626,0.3998
6000000,70,311.712,-21593.1,71.0191,0.3906
6015000,71,312.606,-21591.8,78.7259,0.386244
6030000,65,301,-21607.1,64.1176,0.391947
6045000,70,316.14,-21595.9,81.0598,0.390033
6060000,60,256.874,-21583.2,50.3162,0.374133
6075000,72,307.893,-21586.1,64.9519,0.377533
6090000,69,304.04,-21571.8,71.5492,0.389
6105000,58,242.745,-21610.6,61.5082,0.372333
6120000,53,236.755,-21609,43.9366,0.376389
6135000,53,231.023,-21656.4,57.9534,0.381904
6150000,67,294.593,-21639,61.8944,0.386467
6165000,62,288.78,-21587.1,72.2712,0.38375
6180000,66,300.848,-21637.8,63.6755,0.389233
6195000,59,263.188,-21605.3,64.9944,0.369033
6210000,55,240.913,-21591.5,48.5173,0.367933
6225000,70,298.667,-21606.2,66.9376,0.362333
6240000,58,257.504,-21584.1,61.5327,0.3785
6255000,73,315.836,-21604.2,72.4801,0.3725
6270000,66,294.094,-21596.4,73.5229,0.384733
6285000,67,292.464,-21623.1,72.6724,0.377067
6300000,74,319.725,-21597.3,71.6054,0.392833
6315000,57,260.736,-21608.5,70.2439,0.384467
6330000,53,240.779,-21629.5,53.4206,0.3638
6345000,50,220.364,-21606.9,49.5876,0.363667
6360000,52,229.714,-21590.6,34.7977,0.3594
6375000,65,281.089,-21614.9,57.4172,0.382436
6390000,78,343.657,-21615.8,75.5649,0.402733
6405000,61,268.4,-21604.8,47.7315,0.359956
6420000,69,318.193,-21626.7,54.9472,0.402867
6435000,66,291.474,-21590.5,76.2338,0.38857
6450000,55,242.826,-21611.3,63.8425,0.381233
6465000,61,265.211,-21602,63.9419,0.383
6480000,60,264.507,-21588,56.7059,0.372
6495000,66,289.646,-21599.8,57.0914,0.375
6510000,61,271.936,-21607.6,54.8079,0.379733
6525000,54,254.367,-21632.3,52.8634,0.365917
6540000,45,194.688,-21656.2,46.0261,0.381756
6555000,67,304.418,-21610.9,68.4497,0.373444
6570000,58,266.638,-21612.9,54.9696,0.392667
6585000,52,238.444,-21639.8,47.2988,0.3708
6600000,74,314.121,-21626.1,73.9589,0.378467
6615000,77,351.226,-21599.1,89.9631,0.395467
6630000,67,302.455,-21616.1,66.121,0.384667
6645000,65,290.825,-21617.9,64.5862,0.377267
6660000,61,252.54,-21627,78.7807,0.380867
6675000,47,195.791,-21626.4,46.2562,0.365689
6690000,49,226.22,-21654.4,46.7617,0.37346
6705000,47,204.294,-21633.6,40.3045,0.3694
6720000,58,257.915,-21622,50.1011,0.384833
6735000,67,283.085,-21628,82.2849,0.3964
6750000,54,250.588,-21617.9,55.3533,0.387067
6765000,51,230.165,-21655,52.828,0.383067
6780000,50,230.569,-21641.5,64.5882,0.383133
6795000,62,261.924,-21594.6,65.4565,0.381363
6810000,73,325.567,-21602.5,81.8231,0.385533
6825000,58,264.188,-21616,64.3827,0.3828
6840000,42,186.131,-21634.9,47.8823,0.376644
6855000,56,247.052,-21629.3,50.7533,0.3609
6870000,51,229.44,-21635.9,49.0336,0.362967
6885000,51,219.638,-21624.6,50.2295,0.3686
6900000,47,220.854,-21618.5,38.8543,0.368
6915000,52,222.604,-21642.5,69.1556,0.367433
6930000,57,245.372,-21610.2,61.5111,0.368467
6945000,56,253.694,-21637.7,57.9287,0.378
6960000,45,193.832,-21632.8,42.151,0.3724
6975000,57,250.609,-21640.1,69.1824,0.376622
6990000,46,212.04,-21653,59.0847,0.369433
7005000,56,247.893,-21644.2,49.3779,0.380933
7020000,69,312.273,-21641,59.9923,0.375996
7035000,50,218.237,-21644.5,59.433,0.379467
7050000,69,297.974,-21635,66.8577,0.386133
7065000,55,265.908,-21647.4,45.0052,0.388889
7080000,52,223.839,-21635.6,56.783,0.373
7095000,57,257.414,-21635.9,55.4754,0.377378
7110000,70,324.852,-21613.1,60.2546,0.3933
7125000,53,224.919,-21649.3,42.7171,0.38265
7140000,63,273.463,-21646.3,60.1655,0.369267
7155000,66,277.139,-21595.5,83.5774,0.37135
7170000,63,261.035,-21625,80.8627,0.3844
7185000,57,264.396,-21615,70.7063,0.381
7200000,62,259.443,-21635.1,64.5137,0.374267
7215000,69,313.281,-21608.4,81.3942,0.3874
7230000,77,340.255,-21637.4,68.3464,0.395167
7245000,83,366.58,-21634.7,81.473,0.415867
7260000,66,302.192,-21636.6,63.1303,0.410267
7275000,72,322.002,-21624.7,72.899,0.402233
7290000,71,318.97,-21607.6,70.6899,0.398714
7305000,63,295.102,-21619.9,64.317,0.3896
7320000,56,261.829,-21627.4,72.7021,0.386
7335000,58,262.789,-21623,52.1465,0.3762
7350000,53,231.142,-21602,66.0828,0.383453
7365000,60,263.622,-21624.4,74.1476,0.3734
7380000,71,330.382,-21634,78.0946,0.386089
7395000,61,274.165,-21635.8,66.4172,0.404267
7410000,69,319.014,-21610.4,69.1016,0.386978
7425000,66,288.858,-21609.3,52.0887,0.3934
7440000,69,313.452,-21620.9,73.3454,0.389822
7455000,60,260.014,-21586,66.3083,0.3903
7470000,49,209.79,-21649,46.4664,0.386276
7485000,60,255.658,-21615.9,64.2488,0.364333
7500000,58,259.045,-21614.9,58.6,0.366933
7515000,70,313.067,-21604.8,77.7916,0.3812
7530000,57,256.748,-21638.2,62.8931,0.376433
7545000,62,286.099,-21608.8,58.7948,0.392733
7560000,63,287.114,-21604.3,70.4514,0.379667
7575000,59,264.702,-21593.5,58.3135,0.392267
7590000,56,232.816,-21595.3,61.0755,0.3866
7605000,67,302.952,-21620.4,79.3785,0.381667
7620000,63,293.189,-21601,55.0559,0.3872
7635000,56,252.065,-21641.5,56.5608,0.375448
7650000,62,258.211,-21595.6,69.2895,0.383367
7665000,65,277.233,-21570.8,74.7796,0.379667
7680000,73,317.719,-21562.7,68.4502,0.386333
7695000,67,284.18,-21582.8,71.894,0.385733
7710000,76,333.597,-21592.7,74.942,0.388867
7725000,73,330.829,-21610.3,66.6632,0.396667
7740000,69,313.976,-21616,72.413,0.3976
7755000,69,310.215,-21618.2,58.0699,0.3958
7770000,62,296.721,-21655.4,70.2341,0.38044
7785000,66,299.815,-21622.9,58.1083,0.377187
7800000,69,311.421,-21643,76.3939,0.406333
7815000,54,249.487,-21634.7,51.0372,0.388067
7830000,50,231.874,-21669.5,59.2732,0.3816
7845000,57,250.546,-21620.4,62.2837,0.3872
7860000,53,241.704,-21637,42.728,0.366693
7875000,63,271.267,-21598.1,52.5612,0.378367
7890000,62,262.76,-21631.7,71.12,0.381933
7905000,60,253.834,-21632.1,52.1498,0.4022
7920000,64,258.579,-21619.3,60.1558,0.393867
7935000,56,241.419,-21627.1,43.9831,0.37845
7950000,55,232.482,-21622.4,54.1193,0.3686
7965000,50,216.811,-21661.1,55.6244,0.376504
7980000,54,237.332,-21641.5,53.6822,0.3808
7995000,65,281.299,-21611.5,75.0325,0.378933
8010000,54,226.468,-21602.3,55.8968,0.367933
8025000,47,206.227,-21623.6,65.0137,0.3716
8040000,44,192.385,-21625,37.563,0.3654
8055000,54,228.228,-21623.4,57.8964,0.375156
8070000,60,261.876,-21625.4,71.6087,0.367933
8085000,67,282.766,-21626.7,68.258,0.384
8100000,56,248.676,-21627.1,58.5917,0.363583
8115000,64,270.144,-21627.5,63.2308,0.379733
8130000,72,326.82,-21618.9,73.9994,0.388267
8145000,75,323.969,-21630.8,73.5556,0.407667
8160000,74,307.45,-21629.7,73.3679,0.404333
8175000,65,288.607,-21623.5,70.2792,0.388267
8190000,50,195.419,-21630.2,48.4417,0.380167
8205000,58,248.031,-21613.8,71.0629,0.3924
8220000,49,218.769,-21642.8,41.6305,0.3647
8235000,54,234.602,-21623.3,50.822,0.374267
8250000,55,254.136,-21642.1,59.7103,0.3834
8265000,60,263.032,-21633.6,52.5061,0.397733
8280000,63,256.746,-21617.2,61.7689,0.376448
8295000,58,252.49,-21634.8,57.5396,0.377356
8310000,54,246.798,-21612.1,55.9832,0.390533
8325000,54,237.474,-21629,53.7679,0.382733
8340000,66,295.325,-21610.8,79.2481,0.386567
8355000,56,249.348,-21599.9,66.3563,0.376467
8370000,68,293.743,-21603,81.3031,0.3792
8385000,65,279.841,-21615.9,70.7062,0.390167
8400000,68,302.289,-21604.4,78.9533,0.376867
8415000,74,336.166,-21624.8,77.8356,0.378956
8430000,71,325.76,-21597.9,70.2959,0.3958
8445000,72,332.409,-21593.6,81.6693,0.3894
8460000,72,309.474,-21613.1,55.717,0.394183
8475000,69,310.461,-21617.2,55.026,0.391333
8490000,57,247.291,-21620.4,54.9284,0.374
8505000,63,291.789,-21601.7,59.2093,0.39115
8520000,59,263.006,-21627.2,64.9899,0.384733
8535000,56,242.844,-21611.7,57.474,0.369533
8550000,57,260.871,-21615.3,63.3876,0.372533
8565000,52,233.622,-21625.6,46.4884,0.380133
8580000,48,207.171,-21600.8,52.9058,0.349667
8595000,64,298.348,-21631.7,55.3644,0.385533
8610000,49,225.477,-21624.7,51.8167,0.373067
8625000,67,300.926,-21638.2,64.1898,0.383667
8640000,56,230.814,-21637.2,58.291,0.379167
8655000,60,264.757,-21641.8,61.8166,0.380064
8670000,57,248.683,-21639.3,56.3893,0.382733
8685000,62,273.537,-21633.2,62.7981,0.390289
8700000,50,219.474,-21639.8,50.8139,0.389467
8715000,56,245.679,-21647.2,68.4933,0.391667
8730000,61,266.991,-21656.9,53.887,0.37975
8745000,55,234.363,-21662.1,49.7483,0.391733
8760000,61,277.998,-21651.4,57.8911,0.385933
8775000,54,241.26,-21649.4,53.7078,0.382433
8790000,52,242.272,-21646.6,49.491,0.401667
8805000,56,247.062,-21659.9,72.8307,0.3878
8820000,47,206.341,-21612.2,45.478,0.383637
8835000,52,222.667,-21649,65.303,0.386
8850000,56,246.512,-21612.9,45.3333,0.3764
8865000,64,271.835,-21650.4,55.7579,0.38252
8880000,61,279.841,-21646.6,61.2732,0.386067
8895000,58,251.239,-21656.5,59.0666,0.3884
8910000,54,234.843,-21638.1,54.8464,0.3862
8925000,59,250.212,-21670.4,53.1746,0.3812
8940000,41,185.651,-21638,39.9485,0.384433
8955000,57,247.368,-21644.2,61.8362,0.375733
8970000,45,200.807,-21655.9,48.3333,0.381889
8985000,42,196.719,-21663.4,41.8188,0.375707
9000000,54,243.259,-21660.2,49.3693,0.373367
9015000,51,237.697,-21664.3,51.2243,0.380733
9030000,61,275.573,-21643.3,63.9864,0.385533
9045000,61,270.816,-21641.2,66.2809,0.3882
9060000,67,304.661,-21630.9,66.6506,0.398867
9075000,49,224.548,-21647.2,53.0938,0.383867
9090000,52,229.999,-21629.4,45.6521,0.385478
9105000,61,257.388,-21622.2,64.5397,0.3894
9120000,73,325.468,-21630.4,92.7356,0.390733
9135000,64,281.397,-21636.1,53.8583,0.406267
9150000,71,298.277,-21601.7,67.3567,0.4066
9165000,76,336.214,-21613.2,80.7436,0.390667
9180000,73,338.841,-21623.6,75.3839,0.397867
9195000,86,380.401,-21623.7,84.9906,0.4174
9210000,81,366.874,-21585.1,94.1635,0.4108
9225000,66,308.532,-21633.9,65.0556,0.402173
9240000,63,290.587,-21609.9,59.5176,0.393867
9255000,60,272.477,-21626.7,56.2619,0.381528
9270000,67,290.387,-21630.6,72.7733,0.410667
9285000,60,269.085,-21642,71.0798,0.398667
9300000,58,275.747,-21677,50.7405,0.38745
9315000,58,256.811,-21634.3,61.992,0.383833
9330000,51,230.559,-21633.1,51.4171,0.379867
9345000,49,227.425,-21628.3,47.3646,0.356067
9360000,54,235.054,-21615.7,44.8313,0.369289
9375000,48,224.615,-21643.8,44.6469,0.384967
9390000,56,254.489,-21626.6,48.0343,0.3774
9405000,58,264.705,-21619.8,55.9137,0.3892
9420000,54,247.649,-21618.1,50.1111,0.364907
9435000,52,229.197,-21613.2,51.9356,0.36195
9450000,55,255.429,-21627.5,48.5415,0.3877
9465000,64,300.063,-21620,55.9193,0.370067
9480000,61,282.306,-21622.4,60.6786,0.384467
9495000,57,255.667,-21652.9,70.6017,0.37315
9510000,57,237.4,-21640.1,57.3449,0.383971
9525000,45,209.805,-21651.8,32.9423,0.3775
9540000,62,287.394,-21656,72.6688,0.380183
9555000,55,245.367,-21621,50.5781,0.368933
9570000,55,236.659,-21631.6,68.3397,0.3743
9585000,59,273.961,-21640.3,64.0914,0.3805
9600000,59,259.466,-21633.2,58.2423,0.381533
9615000,57,263.742,-21610.7,73.0852,0.371733
9630000,50,223.812,-21636.6,47.0123,0.373644
9645000,61,271.411,-21656,77.3729,0.382333
9660000,59,272.823,-21647.4,52.6135,0.381067
9675000,63,274.895,-21619.9,65.4326,0.38719
9690000,62,255.534,-21603.2,53.2056,0.3956
9705000,61,266.774,-21606.2,63.4371,0.383733
9720000,52,245.529,-21621.1,47.172,0.382067
9735000,74,344.388,-21618.4,89.1408,0.393
9750000,63,289.981,-21611.5,54.0083,0.404867
9765000,54,235.079,-21664.7,55.0008,0.38059
9780000,62,281.642,-21619.9,58.1856,0.384733
9795000,49,230.318,-21622.7,48.9104,0.369533
9810000,47,215.212,-21656.5,41.5313,0.367778
9825000,57,253.742,-21633.2,60.7384,0.3679
9840000,51,234.956,-21651.9,42.7095,0.3942
9855000,60,253.427,-21641.6,67.0715,0.380767
9870000,58,255.832,-21618.4,48.1756,0.381648
9885000,47,210.42,-21648.5,46.098,0.379156
9900000,46,204.691,-21643.4,43.2901,0.372667
9915000,49,223.243,-21648.6,62.1874,0.370667
9930000,43,196.613,-21649,36.1842,0.362167
9945000,37,159.366,-21666.8,43.8256,0.350133
9960000,41,175.739,-21653,28.847,0.370178
9975000,58,257.853,-21632.1,71.8304,0.360017
9990000,50,218.907,-21617.9,46.4097,0.3599
10005000,57,249.098,-21638.8,51.2591,0.36605
10020000,49,227.422,-21630.7,42.9083,0.3822
10035000,56,241.839,-21670.2,55.0882,0.369383
10050000,54,241.583,-21596.4,50.8806,0.36605
10065000,54,234.218,-21599.7,64.2625,0.368133
10080000,53,236.705,-21616.4,54.2211,0.3722
10095000,48,211.313,-21605.7,49.4085,0.367587
10110000,52,237.847,-21619.4,57.1698,0.369733
10125000,44,188.158,-21632,41.271,0.3736
10140000,49,212.664,-21642.4,38.3601,0.3676
10155000,50,204.124,-21619.8,51.24,0.380107
10170000,45,199.193,-21631.9,40.7606,0.372133
10185000,46,205.052,-21627.3,45.3805,0.3584
10200000,40,179.421,-21656.5,33.9265,0.372594
10215000,54,233.514,-21610.6,60.3868,0.3677
10230000,54,242.104,-21640.3,75.3947,0.368567
10245000,49,208.088,-21630.6,43.1489,0.367433
10260000,57,260.988,-21657.6,60.5689,0.363967
10275000,62,254.779,-21637.8,70.7964,0.387
10290000,62,263.658,-21597,60.0676,0.3768
10305000,51,221.733,-21630.9,48.2321,0.374333
10320000,54,232.263,-21616.2,43.1833,0.366133
10335000,62,262.647,-21602.2,54.7405,0.365267
10350000,82,366.454,-21591.8,95.9498,0.383
10365000,58,258.523,-21642.5,60.4022,0.359373
10380000,55,241.688,-21631.2,65.0043,0.381
10395000,67,291.519,-21622.3,72.1868,0.376533
10410000,56,247.025,-21594,57.3115,0.385917
10425000,64,280.828,-21607.3,50.6921,0.3792
10440000,59,280.198,-21622.4,60.4421,0.379644
10455000,73,326.277,-21591.5,67.7916,0.3883
10470000,64,277.536,-21625.5,52.4263,0.377745
10485000,72,312.905,-21581.1,77.8265,0.396
10500000,65,283.495,-21590,61.9966,0.3956
10515000,68,301.665,-21600.1,70.7232,0.3852
10530000,73,321.867,-21599.7,75.8438,0.402333
10545000,66,282.579,-21628.6,66.4488,0.388267
10560000,58,259.97,-21593,71.3175,0.3879
10575000,61,270.799,-21621.5,54.0258,0.3792
10590000,53,236.31,-21610.5,48.1115,0.38332
10605000,69,308.332,-21603.6,72.8058,0.379883
10620000,54,226.296,-21614.9,63.4323,0.374167
10635000,71,318.821,-21608.3,73.428,0.3945
10650000,66,287.649,-21599.8,81.1031,0.367987
10665000,52,231.778,-21622.9,53.7548,0.362911
10680000,55,243.242,-21623.6,58.6846,0.376822
10695000,70,319.805,-21605.4,76.3097,0.383533
10710000,72,315.349,-21617.3,57.9634,0.386767
10725000,60,254.755,-21639.1,70.767,0.3888
10740000,65,273.735,-21604.7,65.4294,0.391911
10755000,61,268.718,-21629.8,56.3963,0.388067
10770000,47,206.753,-21623.1,41.825,0.378533
10785000,62,276.154,-21595,62.1121,0.394778
10800000,56,246.358,-21627.9,57.3994,0.379533
10815000,60,259.159,-21618.5,48.3981,0.381444
10830000,61,248.727,-21604.2,70.2674,0.394333
10845000,50,222.877,-21652.1,46.6733,0.3691
10860000,55,242.644,-21636.6,63.6238,0.384367
10875000,67,288.636,-21622.3,76.0983,0.382893
10890000,57,231.696,-21614.1,57.9245,0.391533
10905000,73,321.611,-21597.8,65.2716,0.403033
10920000,73,332.038,-21604,59.1093,0.397533
10935000,67,292.225,-21622.5,66.2961,0.398467
10950000,56,241.2,-21608.6,49.1891,0.385
10965000,49,217.638,-21605.5,64.5626,0.377307
10980000,65,280.973,-21614.2,56.0283,0.384133
10995000,62,281.048,-21620.7,55.7586,0.39176
11010000,67,303.726,-21613.6,86.4561,0.387
11025000,52,230.507,-21628.6,54.6087,0.373867
11040000,55,248.107,-21609.1,57.838,0.3968
11055000,58,255.457,-21618.8,57.3702,0.379507
11070000,63,263.38,-21598.9,66.9684,0.39
11085000,63,267.564,-21611,55.5562,0.380667
11100000,70,294.77,-21611,68.9244,0.390933
11115000,82,369.68,-21612,72.7321,0.389
11130000,79,366.945,-21614.7,65.7698,0.4212
11145000,71,329.353,-21618,71.744,0.406267
11160000,62,261.227,-21643.6,69.0078,0.4028
11175000,59,239.533,-21626.5,60.8795,0.386613
11190000,52,207.731,-21649.7,49.5138,0.3746
11205000,57,255.615,-21663.5,53.1468,0.386467
11220000,43,182.529,-21672.9,40.2046,0.376933
11235000,55,241.802,-21653.8,61.9134,0.391253
11250000,48,227.714,-21664.7,47.3851,0.373902
11265000,48,209.001,-21611.5,42.4828,0.383267
11280000,43,187.683,-21648.3,53.3092,0.38245
11295000,62,274.038,-21616.4,49.5621,0.3746
11310000,60,273.685,-21634.6,60.5492,0.389067
11325000,52,226.562,-21626.7,52.1843,0.373867
11340000,48,211.123,-21640.4,46.5151,0.353589
11355000,58,258.549,-21666.8,54.98,0.37048
11370000,60,254.865,-21633.1,50.799,0.382889
11385000,56,258.206,-21645.6,52.9694,0.396067
11400000,51,220.079,-21638.9,50.7654,0.383044
11415000,56,250.944,-21621.3,51.8671,0.365507
11430000,66,290.616,-21624.2,70.0757,0.386178
11445000,56,242.93,-21614.4,70.2004,0.369333
11460000,54,232.039,-21619.8,53.0818,0.3878
11475000,60,261.304,-21622.6,56.1697,0.384
11490000,52,220.293,-21620.8,49.8327,0.371133
11505000,58,264.42,-21657.2,48.2942,0.381162
11520000,65,295.283,-21650.2,74.0719,0.399933
11535000,70,304.846,-21609,73.9208,0.385756
11550000,64,270.241,-21622.5,63.5664,0.395467
11565000,60,274.826,-21623.3,65.6527,0.361425
11580000,61,266.914,-21621.9,67.0267,0.377067
11595000,55,245.28,-21628.3,63.0861,0.380633
11610000,61,284.152,-21607.9,62.6591,0.387
11625000,58,257.768,-21624,57.3949,0.390067
11640000,55,242.629,-21637.5,51.551,0.378442
11655000,56,253.665,-21645.2,45.9689,0.385
11670000,50,220.284,-21594.1,48.9079,0.377578
11685000,62,272.474,-21648.2,54.2826,0.380381
11700000,51,232.426,-21635.7,47.6341,0.368567
11715000,53,236.251,-21638.5,57.7425,0.374667
11730000,51,222.293,-21641.8,56.8696,0.385
11745000,61,266.843,-21636.8,68.261,0.372222
11760000,62,284.577,-21619.3,63.9921,0.381133
11775000,46,198.187,-21641.8,47.9396,0.372983
11790000,64,283.576,-21609.4,53.819,0.390867
11805000,65,287.177,-21612.2,59.5294,0.386133
11820000,64,278.357,-21604.7,70.4066,0.379867
11835000,63,275.811,-21592.5,57.0252,0.3824
11850000,60,266.057,-21630.6,55.0208,0.392867
11865000,60,262.793,-21618.7,46.4214,0.381411
11880000,68,284.292,-21621.1,75.2052,0.3752
11895000,53,245.81,-21615.1,56.3461,0.373267
11910000,55,248.692,-21629,53.1542,0.364867
11925000,58,260.154,-21619.1,62.2803,0.374533
11940000,65,277.855,-21611.5,68.5946,0.384933
11955000,68,306.441,-21639.2,76.1952,0.3917
11970000,69,300.418,-21628.4,68.2777,0.402533
11985000,60,261.853,-21632.8,64.6466,0.376854
12000000,58,258.537,-21594.6,57.2876,0.390333
12015000,55,232.824,-21639.2,56.9343,0.390347
12030000,51,235.324,-21608.7,46.9281,0.380733
12045000,54,232.97,-21642.2,58.7318,0.374867
12060000,71,320.255,-21625.7,70.7014,0.401067
12075000,45,191.134,-21664,58.8657,0.366911
12090000,73,298.308,-21656.9,77.8753,0.385433
12105000,47,213.86,-21641.7,60.164,0.366333
12120000,59,251.867,-21624.7,75.6022,0.373933
12135000,65,287.558,-21632.4,63.8546,0.38517
12150000,59,243.454,-21637.8,66.0864,0.386267
12165000,63,272.092,-21619.1,67.1009,0.387653
12180000,61,264.625,-21614.2,43.0722,0.384267
12195000,65,285.422,-21644.1,67.9573,0.380453
12210000,78,346.216,-21599,76.5291,0.3878
12225000,89,403.641,-21598.6,89.2653,0.401133
12240000,79,354.026,-21618.6,60.6777,0.405733
12255000,85,369.902,-21586.9,75.2021,0.4096
12270000,50,219.147,-21662.4,54.3485,0.387067
12285000,70,317.748,-21588.3,61.5994,0.394033
12300000,57,248.287,-21642.3,64.2618,0.3844
12315000,68,300.239,-21620.4,58.4144,0.401267
12330000,75,331.422,-21613,92.6577,0.4004
12345000,65,301.422,-21621.4,68.9878,0.3866
12360000,57,258.984,-21621.5,56.0361,0.384133
12375000,57,235.391,-21637.7,66.6172,0.38552
12390000,59,244.098,-21639.6,51.4216,0.397733
12405000,58,271.142,-21618,57.3958,0.389622
12420000,53,225.175,-21630,53.1801,0.378933
12435000,46,197.536,-21642.7,47.7072,0.369496
12450000,61,274.612,-21659,72.2409,0.3801
12465000,57,243.494,-21667.2,69.0155,0.399533
12480000,71,305.039,-21653.4,49.7478,0.394573
12495000,72,307.136,-21624.4,62.0714,0.3936
12510000,43,188.637,-21653.5,37.57,0.382778
12525000,51,226.491,-21622.5,48.87,0.389667
12540000,56,246.173,-21651.9,50.06,0.388867
12555000,55,233.145,-21650.4,50.0882,0.382333
12570000,52,231.182,-21628.1,49.2743,0.385183
12585000,64,275.086,-21639.5,60.1843,0.363947
12600000,52,219.906,-21599,41.2756,0.386222
12615000,50,212.06,-21623.9,47.6255,0.367533
12630000,44,173.446,-21630.7,40.6575,0.380133
12645000,54,236.274,-21603.5,56.2026,0.376067
12660000,56,226.02,-21627.8,44.6816,0.358233
12675000,60,270.947,-21625,53.5098,0.37872
12690000,70,309.094,-21609.4,76.6351,0.3898
12705000,59,253.35,-21608.4,54.7247,0.394883
12720000,59,275.796,-21625.7,65.1509,0.395
12735000,70,322.015,-21630.1,65.8961,0.395267
12750000,68,282.663,-21604.6,66.0911,0.399667
12765000,60,257.85,-21631.7,60.255,0.377762
12780000,58,258.888,-21633.9,48.0518,0.376067
12795000,68,290.156,-21601.7,60.0264,0.381322
12810000,76,338.495,-21610,92.4654,0.387267
12825000,75,332.11,-21634.1,66.0202,0.390453
12840000,53,231.879,-21637.6,51.4256,0.3836
12855000,47,199.737,-21641.2,49.7494,0.366533
12870000,60,268.72,-21594,55.6291,0.38365
12885000,47,219.845,-21652.5,43.1264,0.368533
12900000,48,212.702,-21644.2,50.6464,0.3756
12915000,41,173.904,-21657.4,34.0038,0.380156
12930000,62,275.126,-21621.5,69.0531,0.375633
12945000,68,312.323,-21633.5,60.0518,0.374022
12960000,69,283.555,-21650.4,77.4508,0.392733
12975000,68,296.763,-21625.6,61.3075,0.386283
12990000,65,288.655,-21646,52.008,0.401967
13005000,53,232.396,-21670.1,60.9648,0.391093
13020000,56,248.365,-21611.5,49.5634,0.376633
13035000,54,244.171,-21636,40.9792,0.378167
13050000,53,235.769,-21616.5,67.3567,0.374867
13065000,60,241.452,-21634.6,54.8532,0.3836
13080000,55,240.791,-21630.9,55.8655,0.3844
13095000,59,255.599,-21647.2,51.7178,0.385183
13110000,54,247.403,-21650.6,77.4494,0.385733
13125000,55,247.471,-21622.3,56.0349,0.390486
13140000,62,281.064,-21627.7,67.8803,0.372333
13155000,79,352.171,-21613,64.8788,0.409333
13170000,78,357.55,-21602.5,81.4843,0.387033
13185000,69,310.08,-21608.7,64.6103,0.3888
13200000,69,302.624,-21600.5,68.2291,0.397467
13215000,79,336.584,-21616.1,71.5742,0.402133
13230000,73,323.567,-21603.5,71.7945,0.4014
13245000,66,284.706,-21616,74.7604,0.3988
13260000,82,349.081,-21609,81.458,0.400033
13275000,63,270.458,-21633.2,52.0938,0.397833
13290000,86,376.89,-21608.6,104.085,0.4065
13305000,63,279.182,-21596.7,86.6077,0.38468
13320000,61,249.404,-21595.6,58.5585,0.378
13335000,78,350.996,-21599.5,80.7682,0.3994
13350000,74,306.647,-21613.2,65.8209,0.394033
13365000,73,309.397,-21605.3,79.3311,0.402867
13380000,68,293.257,-21591.9,68.3506,0.392
13395000,56,244.059,-21612.9,60.5216,0.392489
13410000,54,233.805,-21616.4,50.8467,0.385733
13425000,73,308.08,-21613.7,66.7541,0.394667
13440000,62,258.941,-21607.4,78.2148,0.408867
13455000,52,233.986,-21642.5,51.6408,0.382233
13470000,58,250.44,-21600.4,57.5711,0.385167
13485000,61,276.777,-21594.5,51.4582,0.390533
13500000,62,278.505,-21624.7,60.8245,0.387889
13515000,53,245.004,-21604.9,62.0095,0.3736
13530000,59,252.257,-21610.6,63.2478,0.368467
13545000,57,256.81,-21614.9,59.3563,0.381367
13560000,53,246.742,-21633.8,67.2492,0.3746
13575000,54,235.469,-21620.8,71.083,0.369333
13590000,64,278.687,-21603.4,81.6504,0.380767
13605000,68,304.116,-21647.9,65.2998,0.383033
13620000,66,294.116,-21639.1,66.3896,0.406267
13635000,58,234.348,-21612.9,53.8928,0.384583
13650000,56,265.394,-21627.9,56.9263,0.384583
13665000,60,260.968,-21616.1,79.9154,0.368333
13680000,62,258.385,-21628.1,68.2443,0.377133
13695000,46,208.507,-21611.3,47.4871,0.377767
13710000,60,260.027,-21627,53.1934,0.363467
13725000,64,289.652,-21625.7,71.1832,0.393
13740000,59,286.726,-21612.1,58.1375,0.388867
13755000,56,250.094,-21638.3,56.84,0.387874
13770000,52,229.528,-21609.5,68.1199,0.385533
13785000,57,244.023,-21610.6,70.9275,0.375933
13800000,73,352.192,-21611.4,61.0815,0.380467
13815000,67,307.005,-21600.2,72.973,0.401
13830000,55,248.964,-21629.1,56.3265,0.389867
13845000,66,296.308,-21627.8,78.6729,0.381333
13860000,82,373.537,-21619.3,79.0977,0.391667
13875000,74,331.582,-21600.6,85.0822,0.414533
13890000,65,287.633,-21613,65.3301,0.395267
13905000,62,272.143,-21617.5,56.874,0.391333
13920000,57,254.684,-21618.1,47.1571,0.375533
13935000,59,284.233,-21624.6,60.2501,0.386067
13950000,54,247.529,-21650.1,53.3968,0.3852
13965000,61,276.628,-21642.9,66.2012,0.384933
13980000,52,233.524,-21643.6,50.9295,0.388133
13995000,47,212.092,-21667.4,59.0102,0.377035
14010000,61,279.167,-21621.3,51.4938,0.383067
14025000,56,249.371,-21626.7,53.112,0.392333
14040000,59,269.986,-21632.8,39.7412,0.376911
14055000,66,300.093,-21614.2,76.4273,0.3998
14070000,59,263.913,-21612.2,61.0044,0.3918
14085000,57,252.76,-21607.2,49.8433,0.381283
14100000,51,231.24,-21610.6,61.7621,0.387027
14115000,49,222.439,-21621.6,49.9915,0.355
14130000,46,200.695,-21625.4,49.7299,0.363911
14145000,63,276.115,-21615.3,57.3496,0.378833
14160000,65,291.972,-21646.1,66.0262,0.3986
14175000,66,288.706,-21624.1,59.9901,0.4118
14190000,59,265.314,-21601.8,51.0693,0.390467
14205000,54,251.037,-21629.2,59.3101,0.378733
14220000,65,282.132,-21626.2,54.8056,0.3717
14235000,68,300.456,-21604.1,71.3542,0.382
14250000,75,322.746,-21609.5,66.2367,0.3938
14265000,49,199.175,-21624,48.1926,0.371696
14280000,72,338.102,-21601.6,71.9541,0.387
14295000,67,297.932,-21591.9,60.9755,0.3992
14310000,55,237.495,-21625.6,45.715,0.376667
14325000,55,246.373,-21597.4,62.8622,0.377333
14340000,66,295.425,-21615.5,69.8907,0.384567
14355000,61,281.43,-21605.6,52.4303,0.3713
14370000,48,207.087,-21618.2,35.9117,0.3646
14385000,48,215.437,-21625.5,46.8239,0.373044
14400000,56,265.509,-21626.7,44.2677,0.3762
14415000,59,262.908,-21615.2,68.2087,0.381483
14430000,47,220.515,-21619.7,50.0931,0.3832
14445000,38,162.955,-21648.8,47.0169,0.36964
14460000,56,251.206,-21615.1,59.0499,0.36525
14475000,51,219.682,-21620.9,52.1368,0.358067
14490000,70,307.672,-21625.6,66.2056,0.359444
14505000,66,305.28,-21605.3,63.8021,0.380133
14520000,68,298.635,-21590.2,65.3684,0.3786
14535000,55,228.045,-21598.8,58.0133,0.3774
14550000,56,252.099,-21625.8,52.3218,0.382317
14565000,61,263.393,-21618.5,77.3098,0.3772
14580000,58,264.355,-21636.5,59.993,0.377553
14595000,67,289.796,-21611.5,60.9628,0.385533
14610000,70,321.947,-21620.6,70.2918,0.38695
14625000,73,313.455,-21646.9,77.6685,0.400533
14640000,66,299.185,-21639.8,71.7853,0.397467
14655000,61,264.577,-21621,66.7913,0.388089
14670000,60,260.642,-21637.9,66.4831,0.39248
14685000,64,274.162,-21633.6,79.8297,0.391956
14700000,74,322.692,-21633.6,83.9296,0.406267
14715000,66,296.228,-21611.8,59.7009,0.387967
14730000,68,306.368,-21626.7,69.0955,0.408633
14745000,55,243.601,-21605.8,53.1673,0.372907
14760000,62,280.618,-21640.2,58.0387,0.405833
14775000,66,286.483,-21609.8,53.3989,0.3908
14790000,61,288.657,-21607.2,67.3656,0.387267
14805000,57,249.026,-21624.3,57.2989,0.376767
14820000,62,268.479,-21613,75.504,0.381133
14835000,50,223.579,-21621.8,67.7652,0.3786
14850000,52,233.487,-21610,43.7937,0.381317
14865000,59,257.465,-21614.6,60.5529,0.375267
14880000,59,267.076,-21605.6,63.1993,0.3814
14895000,57,243.455,-21621.9,59.1451,0.3808
14910000,62,262.915,-21618,59.4488,0.38835
14925000,67,300.029,-21628.1,88.8081,0.390067
14940000,54,235.856,-21641.2,52.9846,0.372248
14955000,47,200.355,-21665.3,67.451,0.376667
14970000,61,278.8,-21627.7,66.6328,0.3935
14985000,60,270.943,-21611.4,55.2652,0.3758
15000000,58,248.168,-21615,53.9477,0.3836
15015000,53,218.793,-21596.6,48.1587,0.357467
15030000,58,256.457,-21597.1,63.4876,0.369333
15045000,50,222.063,-21637.6,47.975,0.379489
15060000,65,294.185,-21615.4,61.8934,0.375733
15075000,53,223.903,-21622.5,57.8653,0.368787
15090000,65,301.253,-21618.1,61.8541,0.381733
15105000,63,275.104,-21641.1,53.2123,0.382733
15120000,65,284.505,-21602.5,72.949,0.39575
15135000,70,308.259,-21653.6,67.0208,0.4025
15150000,59,263.117,-21637,57.5239,0.3948
15165000,61,273.583,-21647.1,77.4039,0.391733
15180000,46,209.912,-21661.3,65.7429,0.388281
15195000,48,201.762,-21624.8,47.4276,0.373711
15210000,52,227.497,-21674.1,50.5524,0.3768
15225000,51,230.327,-21649.9,41.3855,0.378
15240000,63,272.509,-21644.1,50.81,0.375778
15255000,57,257.367,-21612,41.3133,0.388333
15270000,64,290.915,-21594.6,57.758,0.3828
15285000,44,198.232,-21665.9,45.7449,0.38356
15300000,45,200.885,-21663.8,45.2901,0.385733
15315000,64,283.936,-21626.9,64.2108,0.390978
15330000,60,269.499,-21617.3,59.8018,0.39
15345000,67,286.487,-21640.6,58.2581,0.390067
15360000,53,237.616,-21656.9,57.1009,0.380652
15375000,50,209.643,-21671.6,40.2432,0.387667
15390000,68,297.561,-21633.3,66.9881,0.402422
15405000,63,273.678,-21630,58.6585,0.4014
15420000,74,338.856,-21648.6,78.1347,0.3986
15435000,41,161.323,-21671,48.401,0.3944
15450000,45,192.47,-21653.7,39.1306,0.370867
15465000,59,261.861,-21616.6,56.1026,0.393267
15480000,82,355.027,-21664.3,91.3876,0.389333
15495000,78,334.626,-21639.7,66.0152,0.420933
15510000,63,289.42,-21630.1,69.0433,0.404667
15525000,54,243.634,-21647.3,50.5471,0.387467
15540000,59,261.284,-21645.1,62.7027,0.379592
15555000,71,321.373,-21621.4,80.2981,0.38881
15570000,62,268.968,-21630.8,73.4174,0.3896
15585000,70,315.915,-21642,76.1571,0.403133
15600000,55,229.115,-21633.6,56.9104,0.391067
15615000,60,270.085,-21663.7,58.4341,0.390644
15630000,55,228.858,-21620.4,50.1237,0.3967
15645000,78,338.856,-21625.9,76.9568,0.392467
15660000,56,253.161,-21625.8,47.7825,0.393629
15675000,65,288.674,-21610.7,67.3272,0.391033
15690000,70,312.863,-21622.5,68.1623,0.392667
15705000,54,241.038,-21620.1,55.5794,0.375267
15720000,59,251.838,-21642.1,69.6995,0.3868
15735000,60,283.284,-21631.5,67.6457,0.380133
15750000,62,270.505,-21656.5,78.3921,0.383074
15765000,58,262.502,-21629.5,54.0101,0.397707
15780000,59,243.07,-21598.2,50.7478,0.401667
15795000,67,285.653,-21617,68.0853,0.391067
15810000,45,204.614,-21636.4,35.9432,0.379156
15825000,44,199.476,-21661.7,38.8003,0.389893
15840000,40,182.648,-21661.3,47.5854,0.3694
15855000,48,215.069,-21636.2,51.5271,0.366711
15870000,56,233.55,-21609.9,53.8992,0.362533
15885000,67,296.127,-21637.4,66.7854,0.380078
15900000,46,218.558,-21600.6,43.8692,0.384433
15915000,47,208.553,-21658.1,58.6471,0.370853
15930000,53,241.565,-21627.5,45.1927,0.389956
15945000,53,231.948,-21633.7,63.8593,0.383933
15960000,56,250.133,-21640.3,52.4869,0.371567
15975000,43,189.383,-21641.4,44.9049,0.372167
15990000,54,227.364,-21654.8,56.6462,0.38028
16005000,50,218.967,-21629.6,59.2148,0.363667
16020000,59,254.851,-21614.5,64.9488,0.378
16035000,54,224.316,-21624,61.2333,0.380133
16050000,58,252.165,-21631.7,60.7822,0.3822
16065000,52,233.387,-21640.7,50.6911,0.372507
16080000,65,291.1,-21606.9,68.653,0.388933
16095000,61,286.1,-21606.9,63.3878,0.3874
16110000,52,239.353,-21609.9,46.9963,0.388
16125000,59,261.357,-21622,59.9422,0.388133
16140000,41,186.905,-21671.7,41.0649,0.380613
16155000,57,256.802,-21618.4,66.795,0.379682
16170000,47,211.043,-21635.5,49.0953,0.370667
16185000,59,257.721,-21592.4,50.3211,0.3712
16200000,67,293.569,-21603.3,69.3845,0.380733
16215000,64,275.718,-21625.7,58.2589,0.381278
16230000,59,245.58,-21600.2,62.759,0.3803
16245000,58,259.352,-21620.7,61.8318,0.390547
16260000,57,241.065,-21591.5,49.7233,0.3822
16275000,55,257.535,-21630.6,54.6508,0.38435
16290000,55,229.154,-21630.2,41.8891,0.379978
16305000,71,300.834,-21607.2,66.0554,0.381489
16320000,57,241.811,-21613.6,69.2806,0.377333
16335000,52,224.781,-21614.1,56.8456,0.3718
16350000,54,248.018,-21579.4,50.652,0.3699
16365000,54,237.253,-21622.8,56.3272,0.365547
16380000,57,256.761,-21593.6,59.225,0.379644
16395000,71,315.758,-21601.3,78.6112,0.380267
16410000,66,300.049,-21591.6,56.1009,0.38
16425000,57,240.37,-21584.9,41.1656,0.3812
16440000,57,255.936,-21601,52.5975,0.379222
16455000,66,290.618,-21596.2,67.6548,0.376867
16470000,59,251.047,-21602.7,60.1734,0.3908
16485000,66,312.039,-21598.4,66.6862,0.384311
16500000,70,322.226,-21603.2,63.5259,0.392633
16515000,70,313.912,-21624.1,73.5282,0.401133
16530000,62,274.724,-21638.9,64.5922,0.366855
16545000,50,223.024,-21622.8,53.0535,0.3972
16560000,56,258.314,-21617.1,58.3345,0.382333
16575000,61,280.012,-21632.5,63.7501,0.383267
16590000,47,223.499,-21646.9,53.6925,0.369567
16605000,57,261.678,-21608.9,70.8723,0.3788
16620000,54,242.726,-21622.1,51.9776,0.367133
16635000,61,274.973,-21614.3,65.4497,0.385489
16650000,50,226.325,-21630.1,73.4368,0.364967
16665000,53,234.04,-21657.6,51.8668,0.370933
16680000,54,243.91,-21643.4,55.1552,0.388613
16695000,67,302.51,-21637.9,56.3432,0.3841
16710000,68,287.817,-21629.1,81.5416,0.3988
16725000,59,266.569,-21631.2,61.0827,0.396367
16740000,54,233.127,-21628.3,60.8055,0.383067
16755000,49,209.785,-21645.8,43.3609,0.374629
16770000,54,228.752,-21632.7,57.0981,0.379733
16785000,61,269.108,-21621.7,66.4481,0.3954
16800000,59,265.433,-21641.5,62.0961,0.396933
16815000,58,254.785,-21616.6,68.0813,0.386676
16830000,67,309.58,-21634.8,58.1034,0.387133
16845000,78,353.943,-21616.5,83.4256,0.399333
16860000,63,289.739,-21621,64.8902,0.402
16875000,64,292.295,-21653.3,62.4228,0.3818
16890000,44,196.574,-21649.7,48.4928,0.376311
16905000,47,219.697,-21652.3,40.1,0.362833
16920000,55,256.44,-21644,43.3472,0.3634
16935000,59,259.317,-21653.8,51.3695,0.3876
16950000,44,179.632,-21657.3,38.7667,0.379467
16965000,41,185.771,-21644,36.9884,0.372467
16980000,56,246.963,-21636.4,85.6201,0.357667
16995000,50,228.661,-21623.9,38.0831,0.380704
17010000,51,232.391,-21603.3,53.0542,0.368467
17025000,46,212.744,-21649.2,43.4604,0.3746
17040000,44,184.577,-21642.2,46.4653,0.371333
17055000,54,226.904,-21644.8,56.4207,0.3705
17070000,54,252.96,-21632.7,76.0778,0.382267
17085000,74,334.052,-21632.5,77.9783,0.406
17100000,54,231.594,-21649.9,57.739,0.3703
17115000,73,308.945,-21610.5,64.1534,0.3962
17130000,64,273.236,-21585.8,60.0352,0.383133
17145000,75,333.656,-21561.8,60.6721,0.376
17160000,69,307.776,-21579,79.8753,0.392733
17175000,52,235.988,-21640,47.3618,0.37572
17190000,47,200.958,-21631.6,55.9395,0.3796
17205000,66,290.589,-21615,73.644,0.391311
17220000,66,287.224,-21620.6,81.3624,0.398267
17235000,56,252.944,-21604.8,60.1062,0.384533
17250000,58,268.476,-21610.5,53.9145,0.371733
17265000,45,187.487,-21636.7,36.6299,0.361508
17280000,66,299.607,-21597.6,63.0796,0.374733
17295000,60,264.163,-21619.1,53.1411,0.387733
17310000,67,292.034,-21596.8,81.1148,0.387333
17325000,60,260.113,-21607.7,48.6953,0.36635
17340000,70,303.066,-21625.9,82.6206,0.3883
17355000,68,313.38,-21581.9,73.388,0.403733
17370000,42,188.639,-21631.2,42.6004,0.379289
17385000,71,319.217,-21594.2,67.3384,0.3845
17400000,72,318.678,-21606.7,71.2315,0.391333
17415000,51,232.767,-21645.6,43.7608,0.3752
17430000,82,373.532,-21611.8,84.1212,0.3942
17445000,55,257.07,-21610.2,53.5361,0.374698
17460000,68,298.742,-21621.8,62.9282,0.390733
17475000,77,352.593,-21602.4,73.2992,0.397222
17490000,46,194.868,-21645,44.6962,0.36648
17505000,50,202.792,-21649.5,63.4029,0.370867
17520000,60,272.955,-21656.5,65.4133,0.393267
17535000,63,266.308,-21631.1,57.0325,0.388433
17550000,53,222.599,-21625.2,55.9535,0.388233
17565000,59,255.307,-21617.9,61.8639,0.392633
17580000,55,250.41,-21617.4,52.1066,0.389467
17595000,49,229.097,-21665.7,41.4443,0.391267
17610000,61,266.938,-21618.3,59.4526,0.373133
17625000,61,282.422,-21630.2,70.4391,0.393
17640000,64,292.699,-21634,70.3078,0.392333
17655000,74,322.256,-21609.8,67.1151,0.3954
17670000,61,269.174,-21605.5,58.3789,0.394667
17685000,60,270.127,-21628.2,63.744,0.3886
17700000,51,233.837,-21629.4,45.489,0.373867
17715000,60,265.704,-21611.7,55.942,0.382867
17730000,62,284.671,-21633.6,69.3862,0.3596
17745000,67,295.65,-21608.5,54.9368,0.386533
17760000,58,271.632,-21637.8,54.9178,0.356039
17775000,67,295.31,-21599.2,59.8893,0.388767
17790000,50,220.771,-21654.8,42.0445,0.377333
17805000,41,185.829,-21660.4,44.8476,0.377138
17820000,59,273.523,-21591.2,64.3173,0.379378
17835000,74,321.776,-21612,60.0325,0.383267
17850000,66,294.668,-21596,80.3115,0.3978
17865000,59,264.346,-21602.7,64.5457,0.376067
17880000,62,270.754,-21602.5,67.0264,0.368867
17895000,60,267.911,-21605,65.6659,0.3788
17910000,70,316.407,-21625.7,65.4341,0.382333
17925000,64,278.159,-21612.4,72.3716,0.3946
17940000,59,242.815,-21598.6,63.7047,0.3806
17955000,66,295.174,-21592.9,56.8522,0.368867
17970000,57,256.225,-21647,65.5656,0.365222
17985000,67,297.544,-21603.1,53.9897,0.386667
18000000,77,347.853,-21593.4,69.5648,0.388067
18015000,70,299.925,-21575.6,69.3157,0.3834
18030000,69,305.749,-21597.7,72.5237,0.375333
18045000,60,282.722,-21643.6,61.6544,0.381267
18060000,63,281.362,-21579.7,60.7495,0.3811
18075000,73,340.445,-21599.2,71.3095,0.390733
18090000,56,240.607,-21652.2,46.3329,0.392533
18105000,85,375.342,-21595.2,71.1896,0.389767
18120000,69,325.575,-21598.3,63.7069,0.396667
18135000,64,288.485,-21601.7,77.3064,0.379467
18150000,60,261.533,-21594.7,61.8674,0.365533
18165000,47,210.768,-21651,44.7531,0.380331
18180000,55,231.632,-21643.5,45.44,0.378067
18195000,49,205.315,-21642.1,54.0547,0.387467
18210000,62,265.483,-21626.3,75.8133,0.3782
18225000,58,258.487,-21613.5,55.9824,0.378467
18240000,68,302.675,-21607.8,58.3772,0.379667
18255000,57,265.392,-21613.4,56.0694,0.381733
18270000,49,218.398,-21628.1,45.151,0.371383
18285000,53,240.401,-21625,43.629,0.38
18300000,61,270.278,-21611.7,79.5218,0.376067
18315000,54,244.769,-21626.4,71.6768,0.362467
18330000,60,281.76,-21631.3,58.1214,0.3836
18345000,54,223.24,-21623.5,65.1522,0.378094
18360000,65,279.212,-21608.3,70.7874,0.383483
18375000,64,274.824,-21608.3,63.2019,0.396933
18390000,63,271.157,-21604.2,54.5559,0.3974
18405000,54,241.317,-21617.9,55.1752,0.383027
18420000,50,228.413,-21645.1,65.0367,0.384667
18435000,58,261.226,-21622.2,56.8851,0.388233
18450000,56,242.49,-21608.4,42.4963,0.3814
18465000,56,248.007,-21603.2,53.2478,0.369933
18480000,64,279.42,-21610.2,72.4591,0.3692
18495000,59,262.954,-21623.4,64.9499,0.37708
18510000,66,284.919,-21606.4,66.4754,0.388733
18525000,76,332.866,-21593.9,71.5547,0.389867
18540000,65,276.111,-21616.7,62.0621,0.393067
18555000,52,234.559,-21620.6,58.1993,0.380733
18570000,63,291.979,-21624.8,60.7459,0.387367
18585000,59,249.353,-21631.5,66.5583,0.383544
18600000,53,229.227,-21670.3,65.6536,0.384667
18615000,42,185.035,-21623.1,48.4093,0.377183
18630000,49,223.775,-21658.6,46.0732,0.381267
18645000,57,237.091,-21629.9,51.4729,0.395667
18660000,51,213.536,-21634.9,55.7054,0.388
18675000,52,222.401,-21645.2,46.3541,0.3776
18690000,55,239.722,-21660.7,50.3716,0.389333
18705000,51,217.623,-21628.8,35.9861,0.376678
18720000,67,296.426,-21608.8,57.9882,0.388953
18735000,83,362.751,-21606.4,89.0242,0.404067
18750000,92,403.172,-21609,92.3569,0.412467
18765000,85,372.893,-21609.3,71.8564,0.4154
18780000,58,250.309,-21632.7,66.6268,0.3891
18795000,62,275.387,-21584.5,64.4491,0.3872
18810000,69,288.193,-21583.9,69.7245,0.381667
18825000,69,287.636,-21604.3,69.8896,0.3918
18840000,55,240.87,-21637.6,60.9823,0.3897
18855000,77,332.62,-21570.8,74.354,0.388267
18870000,53,221.716,-21618,53.2601,0.382067
18885000,67,292.167,-21584.1,67.1955,0.39
18900000,71,323.479,-21569.1,75.3217,0.389
18915000,83,334.497,-21572.2,82.9766,0.389867
18930000,76,342.476,-21585.7,75.5125,0.3986
18945000,67,287.44,-21611.3,70.2844,0.396067
18960000,73,323.891,-21596.1,72.7461,0.392267
18975000,66,288.625,-21604.3,55.5419,0.390333
18990000,55,254.668,-21617.1,55.7619,0.380533
19005000,55,238.937,-21630.4,64.8093,0.381681
19020000,65,300.31,-21592.7,64.7408,0.374467
19035000,58,260.369,-21603.8,54.8525,0.388667
19050000,50,210.818,-21607.9,53.4634,0.371067
19065000,37,157.67,-21679.6,21.4066,0.378581
19080000,42,184.849,-21628.5,43.8461,0.372173
19095000,62,271.869,-21623.2,64.0501,0.368533
19110000,62,282.773,-21617.2,59.6159,0.392467
19125000,68,302.201,-21636.8,60.8296,0.3762
19140000,66,285.787,-21614.2,71.6286,0.399467
19155000,70,303.664,-21631.6,74.037,0.3876
19170000,58,249.12,-21595.6,59.6613,0.3872
19185000,55,244.815,-21614.2,54.2068,0.3806
19200000,56,250.155,-21649,51.2312,0.378837
19215000,37,161.313,-21659.6,39.0405,0.373
19230000,49,223.909,-21620.7,49.2888,0.376183
19245000,52,249.453,-21607.7,53.8226,0.373533
19260000,49,217.462,-21634.4,36.7645,0.386987
19275000,59,260.391,-21617.5,47.8095,0.3756
19290000,61,273.433,-21613,58.4584,0.371467
19305000,61,268.709,-21633.9,55.1148,0.381167
19320000,74,343.495,-21609.8,71.0897,0.391433
19335000,57,258.715,-21633,60.5768,0.386467
19350000,69,312.329,-21610.7,75.3854,0.385
19365000,64,278.476,-21610,48.8809,0.373781
19380000,55,256.306,-21663.9,65.3427,0.3878
19395000,82,348.921,-21604.2,87.2607,0.397311
19410000,72,328.31,-21593.3,71.0132,0.3976
19425000,68,296.658,-21616.3,85.0355,0.3976
19440000,75,316.107,-21606.3,77.288,0.398067
19455000,62,265.471,-21609.2,58.8462,0.386689
19470000,69,318.612,-21595,63.0355,0.389333
19485000,61,280.717,-21605.1,59.859,0.383267
19500000,59,266.723,-21601.5,62.6899,0.373433
19515000,67,301.781,-21617.8,66.98,0.391333
19530000,72,319.226,-21582.6,61.274,0.401933
19545000,73,320.759,-21586.6,80.8419,0.406267
19560000,67,297.419,-21580,65.0868,0.3894
19575000,62,286.817,-21591.5,60.4976,0.374311
19590000,56,249.759,-21613.1,62.4338,0.3822
19605000,64,296.44,-21636.4,69.3398,0.391467
19620000,61,287.733,-21619.4,60.437,0.377467
19635000,66,299.892,-21622.2,52.8432,0.411067
19650000,53,244.75,-21642.5,49.2462,0.391867
19665000,58,265.668,-21659.5,78.6136,0.391267
19680000,51,231.449,-21672.2,44.6607,0.381953
19695000,49,224.919,-21670.9,44.7202,0.3734
19710000,51,230.834,-21626.8,39.8883,0.37598
19725000,47,215.194,-21618.5,52.349,0.386867
19740000,54,246.538,-21656.1,70.2224,0.38764
19755000,50,229.104,-21650.8,48.5703,0.394067
19770000,39,167.937,-21662.4,27.9674,0.385387
19785000,66,285.558,-21653.4,67.4664,0.389644
19800000,68,323.981,-21626,61.1156,0.406867
19815000,62,298.187,-21644.9,71.8435,0.404467
19830000,63,284.811,-21638.7,67.3599,0.389933
19845000,45,206.027,-21656.4,45.7371,0.384627
19860000,65,291.034,-21655.8,78.3671,0.383867
19875000,63,277.793,-21643.8,68.3801,0.390578
19890000,56,249.395,-21646.5,58.3276,0.3986
19905000,62,277.915,-21670,77.7854,0.391467
19920000,59,257.942,-21637.7,53.4958,0.376578
19935000,65,296.698,-21615.8,76.5814,0.389333
19950000,79,359.886,-21622.7,82.1055,0.3924
19965000,74,318.743,-21617.7,75.7968,0.400427
19980000,72,316.703,-21622.6,88.898,0.400467
19995000,63,271.485,-21633.4,73.2494,0.386433
20010000,47,198.435,-21672.1,41.4112,0.392162
20025000,61,287.561,-21634.2,61.8468,0.397533
20040000,67,292.158,-21637,57.765,0.401733
20055000,70,314.411,-21639,76.0607,0.395533
20070000,60,264.5,-21634.5,58.3394,0.395667
20085000,50,226.56,-21660.2,45.6817,0.3855
20100000,77,349.497,-21611.7,68.8376,0.393333
20115000,67,296.761,-21627.4,58.4709,0.392867
20130000,66,294.677,-21625.8,66.604,0.375733
20145000,45,205.017,-21639.2,46.8789,0.36945
20160000,58,259.956,-21601.7,60.3367,0.389133
20175000,44,192.383,-21680.2,46.2232,0.375921
20190000,70,314.308,-21611.8,87.1115,0.3855
20205000,50,225.557,-21657,49.0809,0.4017
20220000,70,312.347,-21614.4,62.0943,0.398867
20235000,67,298.793,-21612.9,76.346,0.386933
20250000,65,301.72,-21633,60.4215,0.397
20265000,50,230.068,-21634.7,53.8807,0.391958
20280000,35,156.318,-21680.4,48.4317,0.376947
20295000,54,232.456,-21614,58.2524,0.376567
20310000,59,256.993,-21615.6,70.1601,0.388333
20325000,60,257.198,-21633.6,72.988,0.359867
20340000,63,294.052,-21615.9,56.9627,0.3954
20355000,70,328.488,-21616.5,61.7157,0.400933
20370000,57,254.624,-21658.2,54.5513,0.388413
20385000,57,250.928,-21605.6,82.9637,0.381567
20400000,56,239.731,-21602.2,61.1818,0.370267
20415000,54,241.658,-21599.9,59.9308,0.3532
20430000,73,333.348,-21604.2,68.139,0.379333
20445000,47,212.011,-21674.3,50.7023,0.380806
20460000,68,300.515,-21612.1,63.5626,0.3885
20475000,55,246.268,-21643.7,49.4366,0.387629
20490000,62,265.59,-21653.6,49.1687,0.399267
20505000,67,279.45,-21633.8,76.288,0.3998
20520000,59,263.209,-21597.8,65.9218,0.4008
20535000,57,260.028,-21620.7,49.9649,0.39308
20550000,57,257.592,-21629.1,55.9059,0.382533
20565000,55,216.169,-21641.3,63.9752,0.380556
20580000,43,181.262,-21702.7,44.298,0.38717
20595000,68,294.529,-21621.8,76.0917,0.389644
20610000,72,316.905,-21616.7,68.2908,0.385133
20625000,56,228.41,-21631.8,52.7833,0.403
20640000,48,218.456,-21626.3,54.3365,0.372267
20655000,53,227.756,-21617,55.6044,0.379533
20670000,66,286.936,-21613.6,61.4665,0.3824
20685000,59,273.776,-21612.1,55.716,0.391267
20700000,50,227.309,-21635.9,48.143,0.380333
20715000,70,314.87,-21634.7,65.2944,0.387633
20730000,47,204.603,-21626.3,43.9675,0.3833
20745000,53,226.072,-21613.7,52.1181,0.3896
20760000,51,240.1,-21648.2,42.7931,0.3781
20775000,66,295.166,-21617.2,72.61,0.388833
20790000,45,187.36,-21659.9,40.1131,0.396033
20805000,77,344.206,-21630,82.3429,0.395633
20820000,69,307.913,-21616.4,61.9495,0.412267
20835000,65,294.044,-21631.4,66.7621,0.4052
20850000,54,236.839,-21633,45.2213,0.390225
20865000,62,280.5,-21625.2,66.5318,0.4011
20880000,65,280.429,-21602,75.1841,0.403067
20895000,61,269.298,-21606.5,55.5957,0.3938
20910000,64,277.966,-21616.9,72.8318,0.399933
20925000,64,289.589,-21654.2,67.401,0.396933
20940000,59,267.537,-21643.1,64.6674,0.395667
20955000,59,264.897,-21623.5,59.0859,0.380333
20970000,60,257.795,-21650.1,76.6847,0.397967
20985000,61,282.218,-21660,69.9666,0.398867
21000000,67,304.765,-21616.8,59.1982,0.395133
21015000,56,246.561,-21649.2,68.4936,0.386933
21030000,65,277.673,-21628.3,70.5981,0.394
21045000,58,269.888,-21628.4,53.1476,0.398333
21060000,63,297.647,-21623.2,70.7939,0.397467
21075000,62,266.262,-21609.8,67.0454,0.394767
21090000,50,214.689,-21662.2,50.651,0.382827
21105000,60,252.133,-21644.2,62.5633,0.393867
21120000,60,263.143,-21638.3,57.0657,0.400133
21135000,63,278.172,-21639.6,64.0409,0.39484
21150000,55,255.435,-21645.3,55.4422,0.383133
21165000,61,269.136,-21612.7,66.1439,0.389867
21180000,60,275.487,-21597.1,69.0622,0.380333
21195000,64,277.789,-21596,59.9857,0.386267
21210000,38,167.8,-21657.7,44.4656,0.368333
21225000,66,283.213,-21610.2,65.447,0.3822
21240000,60,239.391,-21601.7,50.9262,0.3878
21255000,56,252.472,-21624.4,64.1377,0.377867
21270000,53,237.471,-21657.8,48.9905,0.375625
21285000,69,297.336,-21604.7,69.2229,0.3794
21300000,73,319.551,-21618.6,60.8366,0.39
21315000,58,253.012,-21602.4,49.5859,0.385933
21330000,67,279.271,-21618.3,57.0985,0.395867
21345000,65,285.817,-21620.2,63.9944,0.3976
21360000,63,265.007,-21646.8,70.4327,0.392667
21375000,53,231.875,-21657.1,57.1956,0.376218
21390000,60,270.596,-21657,58.153,0.3924
21405000,59,238.836,-21592.9,62.6468,0.38595
21420000,65,273.113,-21596.1,58.9588,0.383867
21435000,61,275.233,-21600,65.0138,0.388133
21450000,63,265.081,-21606.9,76.9727,0.402067
21465000,58,249.527,-21618.8,58.6354,0.390733
21480000,56,250.678,-21648.9,62.2427,0.38855
21495000,55,239.364,-21649.7,54.8118,0.387867
21510000,53,236.745,-21618.5,63.6719,0.381956
21525000,60,269.872,-21654.7,76.5705,0.382167
21540000,49,217.39,-21653.4,40.5594,0.387067
21555000,49,217.897,-21658.1,52.8572,0.369533
21570000,51,222.141,-21663.2,56.3306,0.379
21585000,68,304.562,-21607.6,68.9984,0.379507
21600000,66,294.59,-21601.3,63.2632,0.397333
21615000,70,330.13,-21608,56.7425,0.388867
21630000,50,211.007,-21673.4,40.085,0.36505
21645000,55,248.515,-21659.1,51.7844,0.3826
21660000,60,268.746,-21629.1,78.6037,0.375556
21675000,78,358.587,-21623.8,97.8181,0.411067
21690000,72,314.639,-21602.4,58.1651,0.3934
21705000,78,345.994,-21575.7,68.2499,0.3874
21720000,76,341.643,-21594.6,73.0886,0.398733
21735000,67,296.006,-21585.2,73.3037,0.391133
21750000,72,320.102,-21586.6,65.5278,0.374467
21765000,51,233.617,-21618.9,45.7125,0.370858
21780000,68,308.136,-21589.5,67.16,0.382333
21795000,78,326.959,-21622,76.4022,0.387667
21810000,70,316.842,-21600.6,79.7793,0.3912
21825000,56,253.881,-21635.6,62.9214,0.384033
21840000,58,258.979,-21612.4,51.3547,0.378867
21855000,66,276.338,-21592.5,62.8802,0.3884
21870000,76,352.53,-21597.6,91.9257,0.392333
21885000,83,395.508,-21612.9,72.4847,0.4062
21900000,67,309.899,-21609.6,78.9221,0.384617
21915000,71,314.705,-21613.1,72.1312,0.407367
21930000,75,323.91,-21568.1,74.3706,0.3893
21945000,74,335.378,-21585.2,81.3675,0.387733
21960000,61,286.401,-21650.8,61.7344,0.384111
21975000,76,327.468,-21581.5,78.9299,0.387133
21990000,82,364.59,-21574.5,68.0846,0.393067
22005000,83,364.783,-21579.4,93.5337,0.389733
22020000,79,351.644,-21583,97.1024,0.398133
22035000,57,241.873,-21607.9,56.6156,0.379827
22050000,75,354.29,-21620.5,77.7568,0.404967
22065000,59,254.892,-21621.4,51.4712,0.3868
22080000,64,297.183,-21627.3,59.9109,0.4009
22095000,70,311.254,-21632.1,84.2152,0.392333
22110000,50,219.399,-21657.9,47.9088,0.380186
22125000,67,299.861,-21593.8,72.2675,0.387717
22140000,82,370.363,-21595,80.148,0.397867
22155000,70,302.488,-21630.4,81.4923,0.384733
22170000,54,242.211,-21642.3,52.4686,0.389117
22185000,71,318.66,-21600.5,65.9684,0.393978
22200000,74,332.537,-21587.1,68.2639,0.385067
22215000,55,256.613,-21596,44.3673,0.375067
22230000,59,261.271,-21595.5,64.144,0.3688
22245000,64,278.088,-21590,70.9392,0.384333
22260000,62,283.976,-21617.3,67.2031,0.378495
22275000,66,293.477,-21607.1,69.86,0.384767
22290000,64,271.598,-21595.6,56.927,0.389267
22305000,48,235.096,-21663,49.8744,0.394541
22320000,55,245.332,-21587.2,59.0709,0.3766
22335000,60,272.517,-21605,65.1419,0.384533
22350000,54,250.564,-21640.3,51.2251,0.376156
22365000,63,276.059,-21635.7,57.7607,0.376724
22380000,64,295.245,-21577.2,55.3344,0.376444
22395000,69,312.157,-21603.9,81.3838,0.382667
22410000,59,258.639,-21600.1,63.6851,0.387533
22425000,65,283.857,-21624.3,65.3786,0.393333
22440000,55,250.764,-21639.2,42.3428,0.383787
22455000,66,297.373,-21620.2,70.2606,0.394533
22470000,58,257.239,-21636.9,70.2695,0.3847
22485000,61,270.421,-21638.3,63.3785,0.383167
22500000,60,268.175,-21642.3,56.3968,0.376733
22515000,63,274.463,-21629.6,59.3176,0.3874
22530000,63,277.729,-21604.1,66.4879,0.396467
22545000,56,231.097,-21633.1,59.7304,0.379067
22560000,62,270.246,-21646.6,75.8629,0.3846
22575000,75,321.495,-21636,78.3554,0.394856
22590000,63,288.517,-21633.6,76.5563,0.3986
22605000,58,261.599,-21616.1,72.6319,0.397267
22620000,64,294.301,-21604.5,61.5525,0.393827
22635000,63,273.607,-21621.2,55.4614,0.389867
22650000,61,269.253,-21609,66.9626,0.399467
22665000,73,322.615,-21625.3,67.5087,0.390689
22680000,60,272.726,-21612.7,57.4959,0.3884
22695000,66,296.788,-21606.3,73.8924,0.395156
22710000,73,320.843,-21600.8,69.4923,0.380867
22725000,70,313.295,-21593.7,81.8457,0.396933
22740000,59,263.207,-21627.7,58.0431,0.3928
22755000,60,263.24,-21603.2,64.2807,0.383867
22770000,68,314.724,-21594.7,61.6563,0.391467
22785000,67,287.769,-21593,65.8757,0.396067
22800000,74,335.649,-21613.7,69.7493,0.391667
22815000,66,302.812,-21611.2,62.0348,0.393333
22830000,62,282.45,-21612,72.5247,0.385267
22845000,63,287.288,-21608.9,60.4641,0.381933
22860000,65,294.855,-21614,73.1823,0.3832
22875000,56,266.084,-21614.1,57.4232,0.3786
22890000,55,250.962,-21616.2,51.5817,0.383896
22905000,62,271.93,-21645.7,75.3289,0.385667
22920000,54,238.622,-21646.8,61.691,0.383642
22935000,53,233.253,-21612.8,50.1854,0.377533
22950000,63,278.58,-21608.9,72.3109,0.380067
22965000,49,221.08,-21634.9,50.6894,0.372983
22980000,57,258.423,-21630,60.8521,0.386567
22995000,63,290.489,-21592,61.3252,0.376433
23010000,57,263.262,-21651,68.5134,0.391356
23025000,52,221.305,-21635.7,44.794,0.3918
23040000,53,239.377,-21609.2,38.3319,0.374833
23055000,53,222.148,-21622.4,67.1925,0.3799
23070000,64,296.702,-21600,57.3617,0.378833
23085000,49,223.838,-21672.5,42.8914,0.3686
23100000,54,226.75,-21621.6,46.3008,0.369622
23115000,52,245.232,-21648.2,59.598,0.3774
23130000,48,229.138,-21643.3,35.3367,0.381533
23145000,55,247.797,-21628.5,47.501,0.382
23160000,49,219.535,-21643.4,41.4289,0.365133
23175000,57,235.933,-21639.3,71.6174,0.373733
23190000,55,231.768,-21634.4,45.6036,0.379733
23205000,54,242.042,-21633.2,74.6563,0.387133
23220000,50,209.72,-21643.9,37.8589,0.371583
23235000,48,210.491,-21638.1,51.9196,0.374267
23250000,57,241.361,-21597.9,56.0769,0.379489
23265000,58,249.588,-21628,52.6093,0.368267
23280000,62,272.365,-21648.8,74.6958,0.380036
23295000,63,292.88,-21638,65.0998,0.389817
23310000,55,234.758,-21631.4,48.2725,0.378133
23325000,56,259.289,-21615.2,72.1011,0.386622
23340000,52,218.024,-21646.6,60.3923,0.3864
23355000,51,204.592,-21643.7,43.4506,0.380733
23370000,52,227.209,-21648.9,39.231,0.371133
23385000,64,297.766,-21611.7,73.4618,0.385467
23400000,63,277.105,-21646.6,65.6949,0.392133
23415000,51,233.396,-21642.2,58.5852,0.396267
23430000,62,278.135,-21628.9,43.2574,0.385
23445000,51,227.391,-21632.5,47.8559,0.38026
23460000,59,253.468,-21629,59.0641,0.379133
23475000,59,257.553,-21631.7,58.1077,0.378367
23490000,51,226.171,-21636.4,48.0629,0.399367
23505000,70,301.745,-21640.3,77.4433,0.400133
23520000,59,251.344,-21641.5,64.6548,0.4052
23535000,56,234.206,-21625.2,52.7541,0.392733
23550000,61,264.661,-21641.6,61.6594,0.379667
23565000,51,211.243,-21641,47.7552,0.387333
23580000,45,196.423,-21652.6,58.3054,0.376267
23595000,47,219.004,-21636.3,63.9281,0.377917
23610000,54,237.395,-21645.4,56.6564,0.368533
23625000,60,275.862,-21646.7,55.8018,0.392867
23640000,68,312.274,-21640.2,67.8086,0.393467
23655000,70,303.396,-21611.6,78.5496,0.401733
23670000,58,270.098,-21654.2,74.7755,0.385989
23685000,58,251.587,-21637.5,60.666,0.385267
23700000,53,217.566,-21655.2,57.8309,0.3824
23715000,56,248.241,-21646.9,47.8141,0.386933
23730000,54,237.899,-21644.8,44.4972,0.388667
23745000,53,229.451,-21633.5,47.2216,0.385148
23760000,57,252.361,-21653,58.9826,0.395567
23775000,66,284.625,-21648.8,58.287,0.4008
23790000,77,342.946,-21632.5,74.7264,0.4174
23805000,64,280.5,-21602.2,65.7197,0.38539
23820000,58,257.07,-21614.1,58.1439,0.383467
23835000,53,246.677,-21638.2,55.5559,0.3902
23850000,64,284.37,-21624.2,74.7267,0.383467
23865000,70,308.17,-21615.7,71.3904,0.381867
23880000,68,313.021,-21626.3,74.3288,0.396533
23895000,64,269.583,-21627.2,68.8309,0.392733
23910000,45,178.015,-21650.4,35.7694,0.368347
23925000,48,217.041,-21631.4,56.1595,0.371072
23940000,62,277.409,-21645.5,62.1396,0.384578
23955000,51,238.604,-21621.6,43.4863,0.367767
23970000,50,215.569,-21627.2,46.608,0.3562
23985000,66,284.227,-21615.2,70.4712,0.376733
24000000,66,302.895,-21620.3,68.8843,0.396467
24015000,58,260.114,-21645.3,67.6911,0.393173
24030000,52,227.987,-21625.4,60.188,0.391033
24045000,62,275.237,-21635.6,60.513,0.392867
24060000,58,264.769,-21632.6,64.9804,0.389
24075000,51,229.806,-21621.8,57.8103,0.380911
24090000,58,263.505,-21618.5,63.569,0.382567
24105000,52,225.511,-21633.6,57.739,0.3854
24120000,68,317.404,-21607.1,71.7355,0.395067
24135000,72,324.307,-21611.3,66.8681,0.4038
24150000,68,308.219,-21612.6,68.5994,0.392
24165000,73,313.733,-21611.6,77.6314,0.403133
24180000,66,290.339,-21615,73.3484,0.3944
24195000,61,277.207,-21605.7,55.5787,0.386554
24210000,54,256.85,-21610.3,57.156,0.3848
24225000,52,237.052,-21625.7,47.6778,0.3802
24240000,65,286.356,-21581.9,65.0609,0.383571
24255000,68,294.133,-21594.3,58.3193,0.379867
24270000,76,335.289,-21607.1,70.6,0.385533
24285000,78,333.335,-21603.5,71.4998,0.395133
24300000,75,330.384,-21604.2,70.3585,0.397667
24315000,92,394.193,-21594.5,85.4452,0.3974
24330000,68,309.478,-21621.1,75.4456,0.383556
24345000,59,267.116,-21645.2,57.5759,0.381325
24360000,60,256.831,-21618.1,56.5145,0.383867
24375000,57,241.572,-21595.6,58.8056,0.388333
24390000,66,280.326,-21611,79.6544,0.385967
24405000,74,320.178,-21632.4,62.99,0.3932
24420000,65,292.353,-21594.4,63.5289,0.377867
24435000,65,287.817,-21602.5,53.2926,0.375933
24450000,64,278.793,-21596.6,53.9552,0.383467
24465000,63,285.924,-21581.9,66.7426,0.390067
24480000,44,202.239,-21615.3,41.7701,0.363704
24495000,61,259.377,-21608.4,60.7592,0.372633
24510000,59,267.51,-21610.1,53.7346,0.361
24525000,53,217.019,-21608.9,45.9586,0.372229
24540000,58,273.166,-21618.3,61.1734,0.3853
24555000,67,308.165,-21629.6,68.726,0.3804
24570000,60,259.308,-21621.2,55.3021,0.401267
24585000,63,290.755,-21620.7,68.0666,0.381
24600000,64,291.74,-21629.5,54.8824,0.406533
24615000,54,241.56,-21632.4,44.2872,0.381667
24630000,47,217.48,-21635.6,60.9502,0.3692
24645000,51,230.735,-21622.6,47.1602,0.3698
24660000,50,227.29,-21641.5,47.5501,0.368252
24675000,51,233.768,-21629.4,53.7464,0.368133
24690000,59,265.094,-21645.6,55.1496,0.379133
24705000,58,248.38,-21611.6,59.8955,0.388333
24720000,53,243.594,-21626.9,56.7887,0.380067
24735000,49,210.085,-21661.1,50.8367,0.36864
24750000,56,254.471,-21626.7,55.2046,0.368289
24765000,43,194.862,-21633.7,39.9612,0.3679
24780000,51,222.172,-21640.7,46.438,0.382667
24795000,62,271.25,-21632.7,52.917,0.37932
24810000,80,361.419,-21604.6,84.9378,0.404733
24825000,71,314.525,-21595,63.1829,0.403533
24840000,51,229.838,-21611.5,52.2057,0.404667
24855000,43,201.3,-21644.3,45.4687,0.373578
24870000,40,180.487,-21633.3,31.5283,0.361467
24885000,67,298.811,-21617.6,64.955,0.38019
24900000,54,244.502,-21635.1,55.3203,0.373267
24915000,74,323.426,-21634.9,74.3012,0.3993
24930000,63,281.17,-21644.8,60.2481,0.401733
24945000,61,267.708,-21646.5,64.1944,0.384467
24960000,63,267.625,-21634.8,61.7274,0.383617
24975000,59,253.995,-21643.4,63.4201,0.384133
24990000,53,228.416,-21641.2,47.2683,0.3759
25005000,46,210.962,-21617,39.5425,0.361667
25020000,51,233.853,-21645.1,48.3688,0.3572
25035000,68,318.979,-21649.7,69.1607,0.388167
25050000,72,322.834,-21635.5,78.9723,0.4212
25065000,55,249.756,-21627,66.2832,0.384567
25080000,67,316.352,-21626.5,60.6327,0.371667
25095000,66,313.295,-21597.7,69.922,0.3802
25110000,57,257.394,-21603.1,53.3258,0.3834
25125000,47,212.721,-21614.3,46.2661,0.3608
25140000,69,316.127,-21642.2,72.5449,0.390373
25155000,58,256.66,-21600.9,60.3251,0.3674
25170000,59,254.353,-21647.7,52.3541,0.38425
25185000,56,244.989,-21603.8,59.6699,0.370367
25200000,46,212.647,-21659.7,41.2556,0.379233
25215000,62,277.393,-21631.6,52.7572,0.3724
25230000,56,257.586,-21647.8,48.8654,0.3848
25245000,43,189.407,-21627.1,56.983,0.3764
25260000,52,239.52,-21632.8,56.9932,0.385578
25275000,51,225.444,-21639.4,47.8749,0.3668
25290000,61,263.302,-21656,46.2981,0.3867
25305000,62,277.088,-21625.2,63.0686,0.38681
25320000,52,232.262,-21619.1,56.6978,0.371178
25335000,48,227.625,-21639.9,59.6593,0.384378
25350000,60,271.82,-21606.9,76.5606,0.376956
25365000,59,262.827,-21616.3,65.3713,0.375933
25380000,70,315.761,-21631.3,56.2556,0.391733
25395000,44,199.933,-21655.6,46.3203,0.372573
25410000,40,188.786,-21634.1,34.946,0.3665
25425000,55,251.808,-21615.9,58.8213,0.369067
25440000,57,249.162,-21637.3,64.1095,0.375822
25455000,54,250.078,-21645.4,54.1855,0.379925
25470000,63,268.345,-21601.6,60.1383,0.3924
25485000,63,292.985,-21602.3,79.4488,0.3866
25500000,56,246.19,-21619.9,53.8457,0.376333
25515000,58,269.941,-21610.9,52.8469,0.3746
25530000,52,250.097,-21614.7,57.8946,0.377067
25545000,57,254.987,-21625.9,75.7172,0.384448
25560000,50,216.724,-21626.3,61.1793,0.362933
25575000,56,261.27,-21638.6,60.5353,0.380733
25590000,66,303.421,-21618,81.8653,0.3756
25605000,54,235.219,-21637.8,69.8812,0.375
25620000,71,319.128,-21629.6,76.664,0.391367
25635000,60,270.664,-21625.4,62.7213,0.363667
25650000,44,196.778,-21652.9,41.1692,0.3682
25665000,51,232.732,-21650.6,57.0216,0.376933
25680000,53,238.025,-21645.7,46.7341,0.368867
25695000,68,306.079,-21618.8,84.3152,0.385
25710000,69,314.489,-21639.5,64.9383,0.388933
25725000,58,262.804,-21638.4,66.277,0.3944
25740000,58,257.537,-21633,63.164,0.374267
25755000,78,343.768,-21640.9,62.9484,0.407933
25770000,60,259.639,-21618.5,74.1736,0.3974
25785000,51,218.588,-21671.6,59.2853,0.390121
25800000,59,260.604,-21629.2,49.1971,0.372829
25815000,62,270.284,-21627.7,62.8875,0.3886
25830000,59,252.019,-21636.7,70.6606,0.387778
25845000,64,283.31,-21622.3,76.239,0.3851
25860000,58,256.13,-21616.7,39.0877,0.387533
25875000,53,228.123,-21613.9,51.1831,0.375067
25890000,55,239.452,-21644.3,67.9952,0.386733
25905000,48,215.775,-21653,43.3574,0.370474
25920000,73,327.713,-21639.5,75.9911,0.3894
25935000,52,234.925,-21633.1,42.3154,0.384833
25950000,74,334.364,-21632.9,68.626,0.411333
25965000,72,317.358,-21621.4,63.3259,0.402533
25980000,60,264.062,-21626.9,52.7356,0.388333
25995000,61,268.693,-21628.1,56.8063,0.376333
26010000,63,279.033,-21646,68.2788,0.397867
26025000,65,291.821,-21626.5,73.0266,0.382822
26040000,55,252.56,-21634.8,66.5918,0.3822
26055000,63,278.119,-21611,52.1356,0.377933
26070000,69,305.946,-21616.2,64.2185,0.401883
26085000,63,267.974,-21612.2,52.9886,0.396
26100000,66,286.223,-21594.2,56.2624,0.384111
26115000,81,340.669,-21616.6,94.5826,0.406133
26130000,67,303.764,-21621.2,67.8825,0.396067
26145000,72,324.063,-21589.2,61.7132,0.38615
26160000,82,363.005,-21600.6,89.7244,0.4036
26175000,78,346.377,-21601.2,82.7699,0.406933
26190000,64,276.767,-21595.2,60.7655,0.393667
26205000,47,208.238,-21640.2,37.2766,0.377227
26220000,75,324.47,-21609.4,77.1673,0.4023
26235000,60,254.336,-21614.3,56.4045,0.382638
26250000,64,293.085,-21613.2,70.9992,0.392333
26265000,54,245.094,-21608.8,62.4286,0.381
26280000,50,233.248,-21667.8,44.3004,0.367956
26295000,48,208.586,-21632.2,50.8556,0.362278
26310000,58,263.421,-21646.4,65.4415,0.398
26325000,54,251.701,-21653.9,48.133,0.399
26340000,49,221.596,-21639.4,45.5991,0.382093
26355000,41,179.548,-21666,44.3424,0.383253
26370000,54,236.681,-21611.3,41.1732,0.3736
26385000,54,234.734,-21614.1,48.4449,0.385378
26400000,53,230.886,-21653.3,48.2316,0.372933
26415000,45,206.195,-21645.1,30.0778,0.3956
26430000,57,259.351,-21621.7,55.4547,0.368
26445000,54,244.396,-21597.7,54.4971,0.383
26460000,51,221.857,-21640,46.8639,0.376467
26475000,49,216.629,-21657.5,49.2165,0.372419
26490000,53,238.283,-21608.5,47.9747,0.3759
26505000,71,317.259,-21641.9,75.8609,0.4096
26520000,66,289.765,-21612,71.8401,0.393613
26535000,65,294.562,-21643.5,66.8455,0.391067
26550000,55,254.851,-21641.3,52.7233,0.386267
26565000,57,245.847,-21648,47.2557,0.369789
26580000,64,269.574,-21623.4,58.523,0.392893
26595000,59,251.181,-21628.3,53.6653,0.3832
26610000,58,260.907,-21606.6,62.2444,0.3826
26625000,65,279.497,-21640.4,54.0114,0.405667
26640000,50,218.507,-21645.2,60.7814,0.373933
26655000,53,231.334,-21645.1,63.5734,0.381589
26670000,53,230.75,-21624.5,53.035,0.3878
26685000,57,236.796,-21639.1,62.3882,0.378033
26700000,52,227.039,-21632.3,39.7338,0.367817
26715000,62,269.928,-21639.6,50.0864,0.393267
26730000,53,246.423,-21625.6,53.2993,0.395933
26745000,67,293.175,-21627.1,67.9867,0.378867
26760000,62,261.97,-21622,73.7291,0.3862
26775000,57,249.606,-21608.8,50.1803,0.364067
26790000,54,230.929,-21657.7,54.0339,0.372771
26805000,62,279.507,-21629.6,65.2182,0.3902
26820000,68,301.63,-21602.2,54.9332,0.391333
26835000,66,296.732,-21613.1,62.8648,0.3786
26850000,64,278.551,-21643.7,64.9734,0.384533
26865000,48,219.023,-21648,64.0892,0.386133
26880000,49,215.068,-21633.6,49.8295,0.377556
26895000,53,241.842,-21622.1,68.6826,0.3888
26910000,43,192.063,-21631,40.6006,0.3742
26925000,47,223.753,-21661.8,40.2106,0.36485
26940000,48,206.132,-21627.7,45.1831,0.373783
26955000,57,256.247,-21636.4,68.2123,0.385133
26970000,50,217.336,-21650.2,57.5796,0.377333
26985000,44,197.86,-21639,29.4231,0.3736
27000000,69,303.183,-21600.4,77.2659,0.383589
27015000,60,260.219,-21653,65.7958,0.380711
27030000,65,285.703,-21605.3,66.3389,0.394867
27045000,58,269.824,-21632.9,60.2597,0.3982
27060000,53,227.139,-21638,49.6825,0.384244
27075000,50,222.681,-21651,42.8505,0.3674
27090000,52,227.029,-21612.8,51.4634,0.383467
27105000,58,252.537,-21626,45.3361,0.3778
27120000,64,289.862,-21618.1,75.2392,0.389213
27135000,44,186.54,-21611.9,41.7395,0.370333
27150000,60,262.884,-21595.8,65.2906,0.380667
27165000,73,318.894,-21606.2,83.8633,0.391467
27180000,59,274.179,-21621.8,69.038,0.390467
27195000,88,391.053,-21612,93.6748,0.406367
27210000,71,314.953,-21617.8,69.6148,0.402
27225000,87,388.087,-21584.2,79.8041,0.4127
27240000,87,364.186,-21567.1,99.5966,0.413467
27255000,62,279.977,-21650.5,49.7299,0.373772
27270000,72,324.313,-21608.6,66.4073,0.409633
27285000,56,248.355,-21579.7,56.7519,0.3886
27300000,52,238.777,-21614.3,62.6167,0.374233
27315000,73,327.463,-21590.3,70.3392,0.393633
27330000,89,373.438,-21592.3,83.3395,0.395067
27345000,78,339.36,-21605,71.6535,0.4074
27360000,77,328.977,-21595.2,87.9889,0.3864
27375000,77,348.163,-21587.7,80.8366,0.402267
27390000,61,268.508,-21597.7,57.1386,0.3964
27405000,63,273.545,-21593.5,53.408,0.389467
27420000,57,259.347,-21617.3,62.2068,0.392133
27435000,66,289.759,-21623.7,72.6413,0.398267
27450000,57,263.046,-21598.7,54.0327,0.371313
27465000,58,257.084,-21607.7,44.8206,0.393433
27480000,60,267.567,-21640.2,64.8991,0.365889
27495000,64,278.464,-21611.4,72.0703,0.391956
27510000,39,171.272,-21640.9,38.2662,0.367
27525000,61,281.238,-21619.3,60.0939,0.39395
27540000,58,254.619,-21614.8,51.9822,0.397067
27555000,58,258.421,-21612.5,50.0669,0.3908
27570000,54,242.827,-21628.2,50.9312,0.38908
27585000,53,234.722,-21637,49.0137,0.382967
27600000,57,245.716,-21628.3,56.6759,0.369044
27615000,59,257.356,-21611.3,64.957,0.379756
27630000,55,235.187,-21594.7,61.748,0.361467
27645000,49,209.616,-21614.1,49.3327,0.354733
27660000,61,260.883,-21612.2,68.5988,0.379507
27675000,56,234.807,-21605.9,53.244,0.370333
27690000,62,273.604,-21594.4,60.3736,0.3768
27705000,56,242.47,-21631.9,47.8815,0.377067
27720000,52,234.579,-21626.7,46.3578,0.386533
27735000,57,234.757,-21630.7,52.1943,0.381717
27750000,50,224.771,-21631.3,45.1777,0.364733
27765000,49,207.97,-21624.6,53.358,0.379733
27780000,57,247.956,-21609,65.4476,0.382933
27795000,46,196.203,-21638.1,46.6707,0.366867
27810000,60,277.628,-21596.4,74.6824,0.368133
27825000,62,266.443,-21614,48.8732,0.3992
27840000,49,211.255,-21638.2,47.8666,0.3854
27855000,64,268.093,-21598.2,59.4545,0.384533
27870000,53,223.649,-21598.3,68.1557,0.3942
27885000,56,232.208,-21628.8,54.208,0.378533
27900000,50,204.301,-21628.5,63.8034,0.386133
27915000,43,191.298,-21631.9,43.1265,0.378067
27930000,47,210.577,-21646.1,43.9928,0.378833
27945000,50,221.851,-21630.8,35.0927,0.3786
27960000,47,210.186,-21626.3,56.064,0.367244
27975000,43,185.116,-21634.8,57.6434,0.369
27990000,46,198.431,-21634.9,48.1823,0.373527
28005000,58,251.71,-21652.5,61.2575,0.37945
28020000,48,216.572,-21647.8,36.6107,0.385533
28035000,58,266.972,-21639.7,55.6852,0.383733
28050000,62,281.213,-21632.5,64.8181,0.405133
28065000,54,239.615,-21644.8,50.9668,0.3894
28080000,57,256.053,-21632,60.7567,0.366543
28095000,67,299.634,-21643.2,68.2992,0.3933
28110000,51,230.726,-21648.3,32.5976,0.396917
28125000,42,193.364,-21645.8,48.5563,0.380111
28140000,46,202.651,-21668.5,37.1364,0.382622
28155000,46,197.049,-21666.8,47.6906,0.389711
28170000,62,266.472,-21640.2,52.4116,0.387433
28185000,46,215.593,-21660.9,43.2183,0.37885
28200000,47,210.953,-21664,47.4865,0.390378
28215000,60,263.667,-21619.1,67.3927,0.3928
28230000,62,272.67,-21651.3,64.3839,0.398133
28245000,43,187.87,-21663.4,49.1724,0.376911
28260000,65,290.203,-21622.4,51.0981,0.392822
28275000,85,369.001,-21619.5,94.3477,0.410733
28290000,50,240.69,-21615.5,66.6104,0.381717
28305000,53,238.902,-21635.8,50.2984,0.366667
28320000,44,191.556,-21668.7,39.2796,0.395067
28335000,49,220.91,-21652.2,49.8163,0.378533
28350000,46,211.203,-21642.4,46.8227,0.383867
28365000,41,182.228,-21659.1,33.0226,0.38005
28380000,46,203.734,-21645.7,46.6614,0.36476
28395000,55,235.298,-21644,46.9951,0.380667
28410000,55,232.275,-21613.2,62.5267,0.37165
28425000,63,291.602,-21648.1,57.1657,0.367667
28440000,50,216.932,-21626.6,49.2607,0.369756
28455000,53,226.056,-21650,52.3619,0.390133
28470000,55,247.444,-21616.9,55.2322,0.377967
28485000,54,221.991,-21610.9,44.6878,0.384867
28500000,56,256.712,-21612.7,57.9538,0.387067
28515000,63,285.252,-21602.7,74.8361,0.383667
28530000,63,279.98,-21604.6,62.0518,0.379133
28545000,69,294.977,-21624.7,69.6036,0.3828
28560000,54,256.732,-21639,64.5219,0.385567
28575000,53,240.75,-21615.9,53.7685,0.383667
28590000,57,257.644,-21609.1,54.6901,0.3842
28605000,56,253.338,-21606.3,55.501,0.366133
28620000,64,296.813,-21632,64.7601,0.377
28635000,48,220.91,-21649.8,45.2097,0.371327
28650000,61,276.081,-21636.8,63.4652,0.390567
28665000,60,256.216,-21639.3,51.0043,0.387
28680000,56,245.202,-21650.4,68.2466,0.384511
28695000,72,327.944,-21638.5,90.3346,0.403767
28710000,46,189.743,-21638.4,44.7579,0.373967
28725000,59,251.56,-21632.6,61.1689,0.387808
28740000,50,228.115,-21612.7,42.0901,0.3984
28755000,58,253.177,-21633.3,82.9528,0.39155
28770000,56,260.027,-21620.2,52.7546,0.388533
28785000,57,266.498,-21645.2,54.8874,0.375027
28800000,52,243.542,-21628.9,52.1357,0.396467
28815000,53,225.38,-21633.8,55.5003,0.38195
28830000,60,248.538,-21632.9,63.6584,0.378933
28845000,46,198.408,-21656.5,55.9802,0.3774
28860000,49,211.483,-21655.8,60.9336,0.363533
28875000,56,248.528,-21643,50.5099,0.372547
28890000,58,248.627,-21625.7,49.8122,0.364158
28905000,68,296.747,-21617.1,59.8371,0.388933
28920000,47,188.536,-21610.5,44.6841,0.373367
28935000,50,206.263,-21626.7,49.2756,0.3801
28950000,54,236.51,-21613.4,53.9806,0.379067
28965000,62,274.34,-21643.6,58.1901,0.391733
28980000,40,188.103,-21650.8,40.0322,0.375217
28995000,55,257.057,-21650.6,68.8359,0.3803
29010000,60,256.38,-21629,59.9696,0.383278
29025000,60,261.534,-21645.4,67.2276,0.390267
29040000,57,258.738,-21637.6,39.0318,0.3892
29055000,50,219.837,-21648.9,38.342,0.375533
29070000,65,300.06,-21608.7,69.0639,0.382983
29085000,54,258.121,-21668.9,57.1593,0.386743
29100000,68,297.299,-21634.5,63.6864,0.386733
29115000,60,274.206,-21616.7,54.2856,0.379083
29130000,56,243.924,-21597.2,46.5682,0.379333
29145000,65,301.942,-21609.2,54.3179,0.376622
29160000,57,255.922,-21641.8,55.1586,0.3827
29175000,58,273.738,-21640.9,53.3538,0.383
29190000,69,293.609,-21613.6,70.1423,0.388867
29205000,78,348.113,-21610,85.4307,0.4002
29220000,71,321.349,-21591,75.4595,0.399133
29235000,63,269.652,-21634.5,66.633,0.389867
29250000,40,184.637,-21686.7,47.8422,0.389097
29265000,59,250.16,-21607.3,60.4642,0.380689
29280000,65,280.669,-21600.5,58.7102,0.386067
29295000,66,286.581,-21596.1,59.4465,0.38035
29310000,73,325.729,-21601.6,74.1947,0.384133
29325000,60,267.463,-21622.8,52.4524,0.389133
29340000,58,243.952,-21613,40.4732,0.3898
29355000,63,253.512,-21657.6,60.3112,0.381238
29370000,53,240.967,-21661.8,57.6269,0.395667
29385000,57,258.513,-21663.6,50.7657,0.388733
29400000,57,249.082,-21644.6,75.5109,0.391
29415000,68,318.934,-21654,67.9053,0.402933
29430000,63,279.915,-21652.7,62.28,0.407467
29445000,59,264.551,-21664.3,48.6185,0.4122
29460000,59,252.009,-21647.3,57.6683,0.376553
29475000,61,267.854,-21639.3,56.3429,0.396833
29490000,63,277.196,-21620.8,66.4512,0.3826
29505000,66,294.035,-21589.2,62.324,0.385911
29520000,69,292.993,-21611.8,76.2725,0.385667
29535000,63,265.668,-21589.8,46.183,0.385133
29550000,70,307.13,-21610.5,58.0298,0.387583
29565000,66,294.488,-21595.2,60.4283,0.397533
29580000,68,316.261,-21608.2,70.1483,0.393667
29595000,68,298.389,-21609.9,64.7039,0.3952
29610000,70,302.804,-21586,70.7333,0.389867
29625000,49,213.388,-21641.3,44.3249,0.3893
29640000,51,207.648,-21599.1,47.7625,0.375133
29655000,59,258.634,-21600.2,54.2272,0.3848
29670000,37,175.072,-21649.9,40.6083,0.381733
29685000,55,243.55,-21586,50.8606,0.367633
29700000,39,180.034,-21672.2,38.0482,0.365747
29715000,68,285.345,-21605.5,84.2143,0.3817
29730000,59,254.799,-21614,67.5259,0.397133
29745000,66,295.157,-21607.7,67.1872,0.394067
29760000,59,261.946,-21600.7,52.0939,0.398533
29775000,47,211.389,-21648.4,59.3795,0.381667
29790000,52,232.195,-21639.1,42.7197,0.376067
29805000,47,212.744,-21657.1,42.5521,0.38699
29820000,62,274.867,-21604.7,69.2048,0.3828
29835000,47,210.942,-21653.9,51.6434,0.3854
29850000,51,214.456,-21633,54.3695,0.3928
29865000,61,264.668,-21602.5,67.1764,0.378089
29880000,50,216.255,-21636.4,51.7372,0.3733
29895000,60,262.748,-21608.7,70.0956,0.380633
29910000,45,191.87,-21658.4,49.5018,0.377162
29925000,47,206.347,-21681.3,41.962,0.371067
29940000,54,220.82,-21610.1,40.2127,0.384667
29955000,51,223.913,-21618.8,48.153,0.366667
29970000,55,230.986,-21637.4,54.3351,0.375278
29985000,60,257.978,-21619,52.6393,0.3808
