generation,N_shifts,logPrior,logLik,eventRate,acceptRate
0,0,-30.3617,-22301.7,100,1
15000,0,-0.362939,-22050.9,2.19375,0.1512
30000,1,5.73778,-22045.2,2.14658,0.19966
45000,0,-0.792498,-22052.3,0.00280916,0.150933
60000,0,-1.88338,-22052.6,2.31651,0.146933
75000,2,8.83995,-22002.5,4.29688,0.186878
90000,1,6.71976,-22025.2,0.555984,0.250233
105000,2,9.01934,-22001.7,1.96474,0.320933
120000,2,11.5032,-22003,3.99509,0.3249
135000,3,11.8355,-21977.3,8.81778,0.255417
150000,6,20.6512,-21955.9,7.09877,0.258467
165000,3,17.3121,-21978.7,0.918792,0.315978
180000,9,28.732,-21919.9,5.59956,0.314053
195000,5,26.9295,-21947.1,8.26704,0.323967
210000,7,24.3542,-21914.6,9.73491,0.299133
225000,8,29.4851,-21921.5,8.16161,0.294267
240000,7,27.073,-21907.8,7.7627,0.304183
255000,7,35.2188,-21912.2,4.3378,0.340367
270000,11,48.8253,-21901.7,11.7365,0.326622
285000,14,58.9691,-21874.2,13.0819,0.329467
300000,14,64.4678,-21865,14.2324,0.327067
315000,12,52.2987,-21864.4,14.3292,0.328867
330000,11,53.7698,-21879.9,17.215,0.315507
345000,11,45.6901,-21868,8.67651,0.311314
360000,9,44.219,-21873.9,10.7814,0.2967
375000,21,94.2586,-21828.8,29.9826,0.341033
390000,11,43.5207,-21883.1,11.234,0.345533
405000,25,108.892,-21823.2,20.8625,0.3462
420000,20,84.3548,-21818.4,20.1447,0.360933
435000,19,79.7589,-21807.8,20.102,0.3498
450000,11,47.8715,-21882.4,16.7117,0.307367
465000,23,98.5003,-21809.5,22.1321,0.351433
480000,28,122.906,-21800.2,25.4451,0.353011
495000,29,116.296,-21780.2,25.5451,0.365
510000,28,123.928,-21764.9,26.4463,0.361333
525000,19,83.9826,-21830.8,22.5908,0.325053
540000,46,202.577,-21727.6,48.9063,0.388633
555000,42,179.901,-21741.7,39.039,0.3978
570000,42,195.369,-21736.8,41.0311,0.395267
585000,47,204.405,-21741.3,39.1782,0.415867
600000,48,202.042,-21714.5,46.4153,0.404067
615000,47,220.624,-21700.4,33.8771,0.394333
630000,37,149.855,-21736.3,30.1027,0.38642
645000,52,224.304,-21699.7,47.627,0.382733
660000,59,254.696,-21678.1,56.2664,0.394667
675000,59,257.249,-21679.3,72.5946,0.3976
690000,68,313.521,-21701.3,64.9249,0.393333
705000,68,301.128,-21671.5,58.5477,0.404467
720000,63,289.766,-21699,55.4085,0.41
735000,50,233.682,-21697.7,44.9374,0.404267
750000,45,194.402,-21693.9,39.3885,0.393
765000,49,218.223,-21694.7,59.2383,0.384333
780000,48,212.297,-21723.5,58.3531,0.393156
795000,53,236.336,-21689.1,62.5953,0.3945
810000,65,284.175,-21688.5,73.1579,0.388533
825000,50,217.527,-21695.9,47.8587,0.37
840000,56,252.949,-21688.1,60.685,0.394289
855000,49,210.75,-21666.1,52.0317,0.378433
870000,62,277.022,-21703.6,67.2427,0.3907
885000,64,292.83,-21672.4,70.464,0.397133
900000,63,270.198,-21678,60.8737,0.403467
915000,57,235.375,-21669.1,61.3426,0.386533
930000,64,279.923,-21670,63.9052,0.401433
945000,74,338.472,-21680.7,88.4201,0.405133
960000,60,246.306,-21677.9,52.2455,0.387733
975000,55,245.026,-21682.7,62.977,0.417633
990000,60,254.076,-21691.6,52.128,0.407
1005000,56,237.134,-21687.9,72.8869,0.401978
1020000,66,290.472,-21668.7,73.1548,0.408167
1035000,62,263.865,-21658.4,52.5266,0.400067
1050000,68,286.137,-21665.5,77.8729,0.4138
1065000,70,312.857,-21674.6,66.922,0.36448
1080000,75,316.525,-21678.5,72.4882,0.408867
1095000,72,317.892,-21687.2,72.9644,0.4102
1110000,61,268.58,-21696.5,68.4686,0.402733
1125000,60,271.643,-21656.3,63.2685,0.391133
1140000,56,240.956,-21698.7,51.5926,0.4015
1155000,48,205.299,-21647.6,53.9253,0.383267
1170000,67,299.219,-21683.9,61.0777,0.392367
1185000,66,288.78,-21680.2,73.704,0.406267
1200000,53,239.38,-21702.7,51.7632,0.389928
1215000,53,222.903,-21654.9,52.2613,0.3853
1230000,49,197.608,-21709.6,62.5205,0.401667
1245000,61,245.49,-21676.9,72.7825,0.397033
1260000,57,256.438,-21681.8,62.5249,0.3938
1275000,67,302.043,-21661.7,61.9967,0.395033
1290000,59,261.851,-21695.5,55.7313,0.4053
1305000,50,213.765,-21690.1,48.1019,0.389356
1320000,50,224.502,-21674.8,53.5773,0.389
1335000,51,216.014,-21669.9,65.7326,0.361
1350000,57,241.755,-21661.5,55.6246,0.370333
1365000,57,256.768,-21669.9,56.213,0.386533
1380000,73,326.683,-21652.9,74.09,0.389013
1395000,53,228.515,-21654.6,58.7318,0.387033
1410000,68,281.948,-21647.7,76.4586,0.390067
1425000,75,347.153,-21669.7,67.6341,0.409533
1440000,59,262.581,-21641,58.2165,0.384267
1455000,63,269.612,-21630.6,52.8409,0.386067
1470000,54,242.236,-21668,49.2075,0.397222
1485000,51,229.041,-21662.9,48.4148,0.379933
1500000,56,237.267,-21630.3,46.0627,0.380533
1515000,77,346.655,-21636.3,83.7431,0.394733
1530000,72,311.808,-21647.1,69.164,0.4028
1545000,56,260.092,-21681.4,57.9643,0.387917
1560000,56,250.203,-21646.6,63.8909,0.391933
1575000,51,235.358,-21674.7,57.2557,0.393133
1590000,63,266.146,-21661.5,79.1519,0.38425
1605000,61,271.654,-21654.6,57.7366,0.3888
1620000,61,267.775,-21644,61.2651,0.383933
1635000,50,232.513,-21682.9,48.4523,0.3909
1650000,57,242.743,-21667.7,44.4924,0.393471
1665000,57,243.76,-21625.7,47.2,0.376822
1680000,68,285.293,-21633.8,73.5583,0.3796
1695000,63,270.122,-21643.9,67.0427,0.407311
1710000,62,287.921,-21678.8,57.4459,0.378747
1725000,61,276.682,-21643.7,48.83,0.393222
1740000,50,204.278,-21642.6,53.6596,0.394633
1755000,60,274.483,-21640.4,70.5704,0.380267
1770000,53,238.958,-21663.3,58.6375,0.38
1785000,57,233.54,-21660.4,55.4319,0.385333
1800000,59,259.922,-21625.5,58.4362,0.388267
1815000,61,260.626,-21635.8,50.8954,0.392733
1830000,69,307.32,-21640.7,63.5701,0.392367
1845000,82,362.088,-21626.9,81.8934,0.408867
1860000,83,371.495,-21644,96.4302,0.4078
1875000,78,342.647,-21649.7,75.9072,0.400667
1890000,84,388.063,-21635.2,77.4071,0.4072
1905000,54,231.344,-21674.3,57.9537,0.399767
1920000,72,329.45,-21630.1,58.8891,0.391667
1935000,67,299.9,-21637.4,66.1878,0.3998
1950000,65,282.181,-21633.5,54.3826,0.398667
1965000,51,238.348,-21662.5,39.2567,0.392078
1980000,78,346.396,-21641.9,86.4703,0.3946
1995000,72,327.348,-21654,79.7055,0.400667
2010000,66,285.941,-21616.3,78.7013,0.3876
2025000,62,261.922,-21608.3,62.6817,0.382
2040000,73,307.125,-21637.9,79.4987,0.384133
2055000,68,278.258,-21645.1,69.8187,0.385333
2070000,75,331.09,-21658.5,68.9486,0.3964
2085000,54,244.387,-21696.2,61.5863,0.386842
2100000,52,229.236,-21688.1,56.8261,0.397533
2115000,42,191.589,-21704,45.1537,0.406133
2130000,51,226.265,-21680,45.6501,0.393183
2145000,54,226.154,-21681.5,44.3701,0.386667
2160000,47,213.999,-21688.7,40.9924,0.391667
2175000,65,280.06,-21668,55.4794,0.398933
2190000,57,240.31,-21667.7,51.4526,0.3884
2205000,55,242.996,-21691.3,51.2432,0.387227
2220000,61,274.9,-21683.9,62.2742,0.400533
2235000,63,280.583,-21681.5,55.9257,0.397867
2250000,64,273.218,-21666.9,69.5134,0.393183
2265000,63,264.435,-21663.1,67.5528,0.395733
2280000,55,247.714,-21677.7,51.893,0.3878
2295000,66,296.684,-21672.7,72.7596,0.389933
2310000,71,333.587,-21667,76.0981,0.410267
2325000,59,277.623,-21682.7,62.247,0.402485
2340000,68,309.095,-21682.7,63.2611,0.4194
2355000,80,341.615,-21664.1,81.57,0.410022
2370000,73,308.232,-21670.1,92.7688,0.407733
2385000,51,222.193,-21684.4,56.2908,0.402067
2400000,67,287.208,-21665.8,64.792,0.407733
2415000,57,259.689,-21699.9,46.4581,0.395289
2430000,60,258.887,-21658.2,66.1512,0.394833
2445000,53,236.849,-21680.2,59.5513,0.3935
2460000,51,223.539,-21672.8,48.8492,0.394947
2475000,56,254.756,-21662.8,53.475,0.4006
2490000,57,249.269,-21675.6,66.0493,0.386033
2505000,53,240.823,-21663.2,46.2596,0.413867
2520000,63,275.679,-21660.5,51.0191,0.395867
2535000,62,270.28,-21668.8,57.4243,0.408867
2550000,59,237.376,-21671.1,72.2282,0.3951
2565000,46,197.055,-21688.4,39.5211,0.391383
2580000,45,180.787,-21655.2,51.7541,0.3794
2595000,50,210.765,-21668,49.3244,0.397333
2610000,53,230.06,-21682.2,47.5626,0.396567
2625000,61,247.779,-21660.1,57.5065,0.393767
2640000,52,221.513,-21686,60.0979,0.402667
2655000,67,296.81,-21667.2,83.6159,0.4001
2670000,60,260.726,-21671.7,44.673,0.404733
2685000,74,323.994,-21666,82.0478,0.3966
2700000,67,276.104,-21667.3,63.4894,0.403
2715000,58,226.887,-21660.8,59.3758,0.385689
2730000,60,267.064,-21677,47.0957,0.3973
2745000,61,256.034,-21659.6,53.6506,0.3946
2760000,61,278.344,-21673.6,71.9377,0.394933
2775000,55,250.056,-21705.3,55.7147,0.4124
2790000,53,221.767,-21697.4,55.8235,0.4066
2805000,61,281.512,-21670.4,65.4204,0.4128
2820000,64,288.6,-21677.8,66.137,0.422267
2835000,56,253.019,-21685.8,54.1202,0.4084
2850000,42,179.629,-21670.3,49.9161,0.39
2865000,51,216.26,-21695.4,52.5572,0.387022
2880000,43,183.763,-21687.4,52.3966,0.374333
2895000,47,219.013,-21703.9,47.4663,0.396804
2910000,38,165.978,-21694.6,34.561,0.379067
2925000,63,269.437,-21660.8,57.9988,0.387967
2940000,67,308.201,-21671.7,65.5349,0.397356
2955000,54,238.593,-21704.4,54.7933,0.412033
2970000,45,197.504,-21688.1,49.1139,0.379717
2985000,50,241.977,-21727,50.7661,0.392533
3000000,47,214.924,-21688.4,43.4111,0.397067
3015000,53,228.029,-21691.9,55.0363,0.388653
3030000,53,229.835,-21678.4,57.1746,0.398627
3045000,53,237.344,-21681.3,55.9116,0.4029
3060000,48,201.206,-21673.3,43.3181,0.395933
3075000,58,242.203,-21681.1,60.7828,0.39276
3090000,59,260.671,-21662.5,50.681,0.389967
3105000,56,250.757,-21681.7,63.2889,0.393493
3120000,48,212.372,-21674.6,59.7914,0.392267
3135000,59,262.315,-21644.1,57.0406,0.391644
3150000,58,260.741,-21646.6,60.4549,0.391933
3165000,67,295.622,-21666.4,70.3169,0.409467
3180000,57,266.309,-21648.4,59.6301,0.3846
3195000,48,216.691,-21664.6,55.7415,0.389213
3210000,49,208.394,-21688,48.5211,0.401133
3225000,67,280.2,-21624.1,57.1632,0.382178
3240000,61,247.206,-21620.3,59.6562,0.376467
3255000,43,168.093,-21683.3,43.66,0.379778
3270000,60,271.884,-21623.4,54.519,0.370033
3285000,65,287.539,-21687.7,80.0425,0.390493
3300000,59,253.01,-21689.8,62.6861,0.4124
3315000,53,231.968,-21650.4,57.9479,0.386422
3330000,64,278.093,-21667.1,66.4147,0.399633
3345000,64,268.532,-21683,64.6797,0.414267
3360000,49,219.544,-21639.9,49.9517,0.368178
3375000,54,234.413,-21664.5,54.8301,0.37
3390000,49,215.159,-21653.6,36.7213,0.366467
3405000,60,256.434,-21670.3,60.9326,0.3957
3420000,43,179.584,-21668,38.5749,0.379
3435000,49,206.611,-21660.8,58.318,0.389711
3450000,54,243.36,-21660.4,54.8615,0.378733
3465000,60,266.378,-21641.7,58.2757,0.401867
3480000,58,251.786,-21653.8,53.8866,0.386667
3495000,51,231.204,-21657.5,55.9172,0.397156
3510000,50,214.269,-21673.6,55.8111,0.3936
3525000,47,202.326,-21655.3,41.4326,0.376444
3540000,53,226.85,-21654.2,52.5613,0.370033
3555000,61,268.074,-21702.9,54.7716,0.411267
3570000,58,235.225,-21683,58.6213,0.408333
3585000,66,283.325,-21711.4,71.8588,0.410667
3600000,41,182.692,-21687,47.2447,0.371767
3615000,48,205.481,-21705.9,45.7481,0.3961
3630000,63,270.664,-21656.7,61.9804,0.382029
3645000,59,251.02,-21672.1,59.4815,0.400133
3660000,47,208.875,-21688.3,41.7922,0.372383
3675000,53,231.874,-21648.2,54.6197,0.388733
3690000,50,212.375,-21698.5,46.6044,0.4056
3705000,40,173.363,-21687.7,40.155,0.370867
3720000,50,224.648,-21667.1,50.6025,0.371267
3735000,57,237.864,-21666.6,53.1142,0.377583
3750000,69,290.414,-21671.1,54.5088,0.392133
3765000,59,261.029,-21675,61.2834,0.400733
3780000,60,266.289,-21668.3,66.3708,0.375067
3795000,60,260.719,-21677.6,70.3756,0.383667
3810000,48,215.08,-21665.1,56.6703,0.383767
3825000,50,223.934,-21677.8,54.1541,0.390333
3840000,49,215.866,-21676.1,51.6132,0.383547
3855000,57,257.134,-21669.4,71.5833,0.381267
3870000,62,276.073,-21684.2,51.0225,0.417667
3885000,52,237.506,-21675,57.1405,0.371707
3900000,48,213.07,-21669.2,39.7673,0.390533
3915000,48,214.515,-21668.8,42.9219,0.386
3930000,56,245.148,-21677.2,46.3772,0.399019
3945000,56,247.483,-21674,41.4083,0.401367
3960000,62,268.213,-21683.9,52.4177,0.392044
3975000,48,220.416,-21693.7,44.8032,0.403133
3990000,52,227.015,-21652.6,59.5675,0.397333
4005000,53,216.658,-21657,49.0618,0.3814
4020000,50,210.913,-21646.9,48.8472,0.394067
4035000,60,252.243,-21671.5,62.7514,0.3878
4050000,59,250.338,-21665,61.6547,0.373695
4065000,63,268.51,-21643.4,75.0971,0.3876
4080000,56,244.08,-21667.8,57.0321,0.396622
4095000,44,193.703,-21689.3,49.9944,0.377733
4110000,70,307.352,-21691,52.5916,0.396567
4125000,62,282.085,-21672.4,61.3345,0.390083
4140000,54,219.567,-21664.9,63.1553,0.408767
4155000,64,271.658,-21662.9,80.0061,0.400967
4170000,67,296.743,-21674.4,69.6324,0.407667
4185000,56,233.679,-21625.3,48.3357,0.4002
4200000,52,230.965,-21658.4,36.3261,0.378
4215000,74,345.885,-21654.2,60.0093,0.397933
4230000,79,355.484,-21675.2,78.758,0.409
4245000,66,289.325,-21676.9,53.6482,0.403333
4260000,77,336.161,-21645.6,70.2359,0.4126
4275000,69,278.746,-21634.5,58.1783,0.413333
4290000,64,281.932,-21633.5,62.5871,0.4082
4305000,67,291.834,-21649.5,65.1944,0.3966
4320000,44,180.862,-21703.4,43.7878,0.396267
4335000,64,259.855,-21638,58.2024,0.4006
4350000,57,250.498,-21658.1,62.9424,0.4088
4365000,54,237.964,-21687.3,38.1523,0.3924
4380000,44,188.613,-21726.5,38.5288,0.38007
4395000,55,250.465,-21682.3,44.0135,0.389507
4410000,66,292.904,-21686.8,66.5501,0.3998
4425000,64,293.094,-21671.1,50.8602,0.393817
4440000,51,225.286,-21684,50.7534,0.398033
4455000,49,231.249,-21700.7,54.7228,0.386293
4470000,54,246.282,-21682.2,46.3358,0.3971
4485000,63,269.118,-21640.7,65.3991,0.398017
4500000,63,264.213,-21648.3,61.9681,0.4084
4515000,47,204.506,-21699.3,42.9615,0.388844
4530000,50,213.623,-21680.8,40.5554,0.3878
4545000,64,267.381,-21664.2,73.3795,0.402711
4560000,62,277.225,-21657.4,47.6019,0.4094
4575000,46,197.973,-21670.5,48.1775,0.379775
4590000,56,248.007,-21652.2,53.4419,0.408733
4605000,48,216.055,-21671.9,61.2137,0.377933
4620000,51,214.558,-21676,48.1631,0.386533
4635000,39,175.869,-21685.9,41.8166,0.377238
4650000,56,241.09,-21673.8,49.8358,0.3974
4665000,59,281.115,-21685.2,52.8329,0.3839
4680000,63,280.285,-21663.7,58.7882,0.386911
4695000,66,280.884,-21666.5,71.7078,0.407511
4710000,72,317.181,-21671.7,82.0461,0.405533
4725000,59,256.125,-21646.7,61.0116,0.392833
4740000,58,245.256,-21667.4,58.8582,0.4025
4755000,49,218.833,-21686.5,54.8549,0.394213
4770000,52,228.468,-21674.6,50.9636,0.3986
4785000,54,245.458,-21682.8,47.8845,0.387233
4800000,47,213.615,-21678.5,72.9254,0.381227
4815000,42,200.193,-21666.7,45.8221,0.383333
4830000,63,270.225,-21656.8,55.0499,0.392933
4845000,61,271.945,-21641.4,57.7896,0.396667
4860000,70,311.97,-21654.8,52.9717,0.400433
4875000,66,317.119,-21659,66.6678,0.391267
4890000,89,389.724,-21646.7,86.6664,0.417667
4905000,89,401.346,-21640.8,96.7932,0.426533
4920000,78,366.964,-21649.4,84.3654,0.410267
4935000,52,229.675,-21649.4,57.3896,0.402987
4950000,52,243.05,-21655.9,56.2661,0.379867
4965000,61,260.711,-21654.2,78.463,0.397933
4980000,58,252.327,-21663.1,42.1636,0.394569
4995000,53,237.708,-21653.7,60.0441,0.393067
5010000,63,272.486,-21672.5,69.7309,0.407311
5025000,57,250.887,-21673.6,57.4214,0.4058
5040000,59,260.534,-21667.8,70.9452,0.386244
5055000,51,237.476,-21679.5,65.8006,0.3882
5070000,43,184.502,-21705.2,43.5498,0.392467
5085000,50,229.573,-21657.7,45.2559,0.367333
5100000,45,192.656,-21658.9,53.0808,0.3712
5115000,48,211.674,-21635.7,44.3747,0.360133
5130000,47,202.933,-21683.3,40.4623,0.3859
5145000,52,236.127,-21643.7,74.7671,0.3667
5160000,52,245.779,-21656.9,55.2588,0.366
5175000,60,283.504,-21650.1,75.5817,0.377467
5190000,57,264.987,-21643.8,53.3084,0.391533
5205000,59,251.417,-21690.9,55.3609,0.396693
5220000,46,175.326,-21702.7,35.9907,0.4028
5235000,47,218.866,-21637.5,52.8257,0.373978
5250000,63,288.953,-21651.9,61.9299,0.374333
5265000,48,222.23,-21681.8,46.9766,0.379081
5280000,50,226.852,-21710,54.8827,0.407
5295000,62,269.486,-21633.5,55.1762,0.379644
5310000,54,241.843,-21676.2,50.6318,0.388533
5325000,68,298.983,-21640.6,47.8366,0.380067
5340000,66,281.364,-21647.7,62.438,0.397917
5355000,67,289.349,-21646.3,67.7578,0.4066
5370000,75,324.407,-21656.7,80.4197,0.406467
5385000,82,357.659,-21650.4,87.3566,0.4136
5400000,50,223.149,-21649.5,44.6861,0.390253
5415000,55,251.822,-21642.5,54.8525,0.376133
5430000,59,261.403,-21662.2,51.9834,0.390533
5445000,60,262.82,-21675.4,60.8426,0.3963
5460000,54,234.492,-21658.3,62.458,0.3854
5475000,59,279.755,-21689.6,56.6968,0.4043
5490000,52,221.061,-21679,51.2464,0.406067
5505000,45,213.146,-21674,42.8631,0.384467
5520000,47,204.788,-21671.9,45.5604,0.373733
5535000,49,218.037,-21672.4,45.3031,0.368867
5550000,52,224.794,-21686,45.1622,0.383483
5565000,46,207.189,-21674.8,38.96,0.385267
5580000,44,196.557,-21689.7,41.9201,0.384083
5595000,43,194.948,-21678.8,48.5409,0.381933
5610000,43,187.729,-21691,36.3626,0.393933
5625000,45,196.063,-21698.7,53.7071,0.389333
5640000,44,184.621,-21677.3,40.3606,0.382544
5655000,58,250.132,-21662.3,49.2999,0.396167
5670000,53,231.261,-21645.5,53.9257,0.392967
5685000,69,318.651,-21665.8,74.3699,0.4062
5700000,59,261.451,-21664,58.0513,0.396933
5715000,69,304.99,-21671.6,61.8769,0.412
5730000,59,275.044,-21686.7,53.6295,0.409867
5745000,52,233.154,-21701.6,58.0113,0.3908
5760000,55,244.559,-21671,49.63,0.377933
5775000,51,218.81,-21695.6,54.8428,0.390511
5790000,63,271.474,-21682.9,70.497,0.388767
5805000,51,229.334,-21706.5,53.4898,0.3867
5820000,50,210.373,-21689.7,51.1558,0.386767
5835000,48,203.088,-21693.5,43.7049,0.38545
5850000,50,221.747,-21699.9,50.6829,0.3873
5865000,36,154.706,-21691.6,37.7844,0.381
5880000,45,195.996,-21676.9,47.4592,0.3644
5895000,43,187.784,-21697.5,41.707,0.392367
5910000,52,218.506,-21673.8,61.5958,0.3775
5925000,62,276.407,-21687.7,62.9302,0.394433
5940000,52,227.218,-21679.8,49.6498,0.393067
5955000,61,264.67,-21665.8,62.6854,0.3986
5970000,71,318.398,-21661.1,79.3644,0.3862
5985000,58,264.539,-21687.5,74.3592,0.398911
6000000,63,279.58,-21654.9,52.3415,0.395
6015000,63,280.546,-21660.1,51.4936,0.389267
6030000,66,295.698,-21656.1,69.5251,0.3822
6045000,64,278.29,-21697.6,48.2087,0.40195
6060000,66,298.428,-21670.4,63.2109,0.393033
6075000,65,281.268,-21682.2,58.8344,0.398733
6090000,57,265.332,-21651.9,64.2203,0.398233
6105000,62,268.277,-21681.1,57.5342,0.397933
6120000,47,203.867,-21681.9,51.1232,0.379067
6135000,43,188.503,-21684.9,28.7203,0.3834
6150000,53,246.898,-21673,52.8203,0.385417
6165000,65,265.189,-21675.2,79.2782,0.403333
6180000,49,229.846,-21669.3,41.5712,0.3934
6195000,53,225.991,-21667.7,54.6107,0.379133
6210000,39,182.779,-21719.4,39.2881,0.385427
6225000,68,304.745,-21679.8,56.0427,0.388714
6240000,56,232.421,-21700.9,48.4654,0.407067
6255000,49,222.901,-21673.9,57.5425,0.392933
6270000,54,237.126,-21666.8,59.0977,0.3861
6285000,63,267.907,-21679.7,67.5216,0.381022
6300000,50,222.699,-21673.3,47.6965,0.401733
6315000,46,208.304,-21692,43.9071,0.391467
6330000,47,211.566,-21682.8,50.9,0.3896
6345000,55,237.843,-21697.2,39.2902,0.381333
6360000,52,216.8,-21661.9,62.3047,0.399544
6375000,53,222.11,-21663,42.4769,0.372667
6390000,54,237.527,-21684.3,70.9357,0.392044
6405000,52,213.203,-21657.6,69.0452,0.3881
6420000,52,214.737,-21644,55.531,0.376867
6435000,49,215.102,-21693.2,55.1441,0.380033
6450000,58,230.556,-21676.7,58.6123,0.377133
6465000,57,236.587,-21655.7,50.3489,0.394844
6480000,56,234.62,-21641.3,50.8691,0.3734
6495000,58,250.76,-21660.7,55.4824,0.3784
6510000,68,307.72,-21665.7,60.1083,0.4058
6525000,39,164.966,-21694,31.5281,0.38392
6540000,57,255.621,-21682,53.8439,0.389267
6555000,55,248.767,-21687.1,65.0169,0.3865
6570000,57,254.273,-21658.2,54.9188,0.387133
6585000,55,252.225,-21656.3,60.7975,0.384667
6600000,53,235.956,-21668.5,57.2218,0.383733
6615000,57,262.197,-21661.6,57.7485,0.395067
6630000,56,255.832,-21679.8,53.4002,0.399733
6645000,44,190.206,-21670.9,48.7556,0.3866
6660000,53,231.046,-21671.9,56.5064,0.3778
6675000,52,237.262,-21682.9,57.9886,0.384053
6690000,51,228.281,-21661.2,55.9224,0.386
6705000,59,254.145,-21678.2,48.3351,0.3846
6720000,54,248.695,-21666.1,46.3104,0.396556
6735000,58,268.997,-21672.6,60.5136,0.410133
6750000,63,285.583,-21663.7,60.5295,0.406667
6765000,41,180.142,-21699.2,50.3356,0.381695
6780000,46,200.76,-21666,57.5568,0.3965
6795000,52,239.087,-21671.5,52.7037,0.385433
6810000,58,259.372,-21664.2,53.18,0.3862
6825000,51,221.638,-21675.2,60.177,0.381667
6840000,50,206.832,-21666.5,40.7571,0.392133
6855000,60,255.393,-21675.5,60.5195,0.381067
6870000,55,263.467,-21672.6,62.6597,0.391911
6885000,64,264.213,-21657.5,55.0657,0.406733
6900000,62,280.703,-21654.2,61.0107,0.400133
6915000,53,247.571,-21675.7,50.5781,0.387222
6930000,51,241.998,-21666.2,51.0691,0.383733
6945000,36,157.664,-21718.4,33.2694,0.368744
6960000,49,206.733,-21692.8,44.2589,0.386083
6975000,36,154.439,-21708.7,38.964,0.360467
6990000,51,228.842,-21687.1,52.5034,0.390167
7005000,52,224.081,-21685,63.778,0.384107
7020000,53,230.936,-21682.8,55.1896,0.396533
7035000,55,247.166,-21679,63.2646,0.4004
7050000,42,176.75,-21691.2,35.7971,0.394044
7065000,48,207.061,-21705.7,51.4108,0.397
7080000,39,173.026,-21678.8,45.9923,0.3814
7095000,46,186.619,-21699.4,62.7483,0.392633
7110000,50,222.835,-21704.9,51.5446,0.379067
7125000,46,206.211,-21688.9,50.1269,0.386267
7140000,61,271.547,-21662.5,55.6942,0.394756
7155000,54,233.821,-21672.8,63.4002,0.386267
7170000,52,225.137,-21693.3,55.6504,0.382344
7185000,53,226.752,-21690.1,40.894,0.392333
7200000,59,236.841,-21677.1,59.2835,0.391644
7215000,45,197.201,-21704,31.3466,0.380333
7230000,51,231.548,-21673.9,64.7043,0.371644
7245000,61,259.417,-21662.1,57.7287,0.397311
7260000,57,265.816,-21676.5,58.5719,0.402067
7275000,42,175.542,-21684.3,50.6673,0.39625
7290000,47,205.956,-21650.3,59.6396,0.38195
7305000,46,197.773,-21693.7,38.5882,0.3932
7320000,39,170.549,-21703.4,26.7945,0.3682
7335000,51,232.318,-21666.6,46.4842,0.369067
7350000,58,245.092,-21670.9,71.5304,0.388267
7365000,68,307.071,-21677,62.1109,0.39405
7380000,45,190.27,-21676.9,42.5855,0.383633
7395000,53,213.175,-21661.8,40.9238,0.378578
7410000,51,217.277,-21678.5,49.8127,0.383667
7425000,52,236.609,-21669.3,52.175,0.383267
7440000,52,238.519,-21659.2,48.6174,0.38015
7455000,54,239.128,-21646.9,47.9325,0.386467
7470000,51,228.811,-21651.2,47.6536,0.380707
7485000,61,266.299,-21658.9,55.5315,0.381833
7500000,61,262.831,-21663,59.8609,0.390867
7515000,75,328.325,-21654.7,93.9999,0.406067
7530000,68,289.22,-21664.6,80.1038,0.402433
7545000,57,262.341,-21661.3,44.3697,0.403
7560000,59,258.354,-21663.7,61.0638,0.3938
7575000,56,246.908,-21663.4,49.3314,0.380022
7590000,51,217.588,-21670.7,50.2666,0.389067
7605000,62,276.428,-21661.7,68.6215,0.392278
7620000,54,232.722,-21655.8,54.6842,0.3794
7635000,59,262.589,-21647.1,67.2568,0.403533
7650000,64,285.969,-21652.6,67.3615,0.3984
7665000,56,235.531,-21675.2,68.0676,0.377644
7680000,75,308.673,-21635.4,83.3178,0.396167
7695000,63,269.6,-21662.9,67.6385,0.398307
7710000,74,319.452,-21653.4,63.9046,0.411333
7725000,79,353.098,-21636.3,68.5342,0.413733
7740000,76,336.351,-21645,77.3286,0.403867
7755000,52,227.9,-21683.2,46.7875,0.382167
7770000,50,209.214,-21655.1,49.4867,0.3974
7785000,44,185.599,-21675.5,32.7292,0.380433
7800000,51,221.731,-21694.6,55.9476,0.3884
7815000,61,257.01,-21669.9,66.6496,0.393133
7830000,55,232.451,-21655,48.1303,0.378417
7845000,60,271.414,-21676.3,63.6645,0.38502
7860000,48,201.442,-21641,54.6959,0.385067
7875000,57,272.511,-21652.2,70.2928,0.3911
7890000,48,200.316,-21662.9,61.3284,0.388027
7905000,59,248.076,-21654.3,56.8427,0.399489
7920000,51,217.069,-21664.9,50.7945,0.392333
7935000,46,180.44,-21674.5,43.5705,0.383067
7950000,46,208.072,-21681.3,41.4613,0.359683
7965000,50,227.881,-21675.5,43.4454,0.378467
7980000,58,242.574,-21678.9,58.1421,0.391489
7995000,50,226.066,-21677.2,45.7753,0.380175
8010000,65,284.98,-21681.6,63.241,0.4075
8025000,61,279.335,-21703.9,67.5065,0.395233
8040000,51,233.924,-21688.1,49.8235,0.394933
8055000,44,199.291,-21689.1,43.901,0.391333
8070000,43,200.129,-21671.7,58.985,0.380343
8085000,46,193.132,-21701.7,50.5723,0.394773
8100000,51,218.622,-21665.6,52.5624,0.380733
8115000,49,207.086,-21664.5,51.2896,0.392517
8130000,47,220.038,-21679.9,46.639,0.3898
8145000,50,211.973,-21672.4,50.4268,0.371267
8160000,48,218.994,-21671.2,43.95,0.391467
8175000,46,211.857,-21693,44.138,0.393533
8190000,54,222.306,-21668.7,48.7169,0.377089
8205000,38,170.269,-21684.3,41.9122,0.382033
8220000,66,295.395,-21680.4,61.0844,0.390481
8235000,56,257.424,-21656.8,55.6263,0.384556
8250000,41,192.763,-21695,33.7697,0.390022
8265000,64,291.065,-21665.2,65.9538,0.386833
8280000,70,289.572,-21667.4,61.0504,0.408483
8295000,50,227.002,-21651.8,48.9019,0.3952
8310000,58,266.785,-21659.8,62.8645,0.370133
8325000,46,206.362,-21667.8,44.0731,0.397689
8340000,42,193.121,-21684.8,50.5653,0.381133
8355000,49,214.958,-21656,75.8622,0.384267
8370000,38,157.14,-21723.9,47.3999,0.373692
8385000,57,260.38,-21677.7,54.9112,0.385933
8400000,54,236.951,-21664.7,56.8007,0.383867
8415000,48,211.89,-21681.2,41.5161,0.390911
8430000,52,223.244,-21650.7,45.5575,0.388
8445000,50,204.796,-21679.1,60.234,0.39479
8460000,64,274.314,-21649.1,61.1981,0.389433
8475000,54,232.615,-21644.7,50.7827,0.38036
8490000,59,247.402,-21650.4,53.266,0.375533
8505000,62,259.997,-21660,63.2799,0.386933
8520000,55,226.074,-21640.9,58.6216,0.379633
8535000,58,259.547,-21662.5,54.1806,0.378333
8550000,51,223.552,-21652.4,56.6937,0.394067
8565000,48,196.913,-21660.2,49.2506,0.399317
8580000,47,189.693,-21688.2,50.1845,0.3798
8595000,42,174.987,-21671,36.1082,0.368911
8610000,44,207.577,-21701,51.8663,0.390109
8625000,46,189.222,-21679.6,34.8683,0.383733
8640000,56,233.874,-21708.6,50.0371,0.3852
8655000,51,224.877,-21682.3,70.7796,0.402733
8670000,49,225.999,-21675,53.4211,0.400817
8685000,38,162.347,-21688.9,39.3919,0.376767
8700000,63,273.062,-21658.5,59.8098,0.406933
8715000,71,313.733,-21662.8,70.1862,0.425667
8730000,68,288.309,-21649.4,68.816,0.4094
8745000,41,176.143,-21696.2,31.0391,0.381633
8760000,59,233.644,-21677,62.1502,0.408433
8775000,59,252.08,-21689.1,73.947,0.418
8790000,38,161.03,-21683.2,36.3703,0.374891
8805000,45,176.783,-21689.5,43.9542,0.3878
8820000,44,188.077,-21701.5,37.3545,0.392111
8835000,49,192.396,-21693.1,52.4864,0.400067
8850000,53,226.368,-21702.7,53.3363,0.4008
8865000,45,189.964,-21652.9,45.364,0.385627
8880000,58,253.253,-21654.5,67.0726,0.394533
8895000,54,226.394,-21663.6,56.405,0.397133
8910000,58,264.06,-21665.5,53.2377,0.3982
8925000,45,192.535,-21671,36.5807,0.38656
8940000,39,167.806,-21665.4,43.9272,0.374967
8955000,38,162.293,-21679.3,31.1262,0.3554
8970000,45,205.528,-21710.4,48.9354,0.376655
8985000,55,241.257,-21661.4,65.0917,0.375867
9000000,45,200.834,-21679.8,38.1817,0.391533
9015000,57,261.78,-21660,58.1716,0.394267
9030000,60,265.797,-21706.5,64.6282,0.381133
9045000,64,284.569,-21664.8,59.8729,0.4027
9060000,49,209.214,-21669.3,46.0954,0.394333
9075000,66,309.785,-21681.4,61.4084,0.396689
9090000,59,271.635,-21673.7,49.0942,0.399527
9105000,54,237.149,-21702.7,62.6076,0.3958
9120000,48,212.208,-21677.9,41.8121,0.3883
9135000,43,177.286,-21682,47.3109,0.3966
9150000,43,199.606,-21667.6,41.3837,0.375033
9165000,41,193.887,-21692.5,40.6106,0.374467
9180000,45,211.904,-21684.4,51.9723,0.3848
9195000,50,219.04,-21686.6,48.8004,0.388867
9210000,48,221.952,-21657.4,43.3763,0.375222
9225000,45,200.568,-21664.6,51.788,0.3658
9240000,57,249.364,-21659.9,46.0862,0.365133
9255000,42,185.766,-21688.4,47.065,0.3714
9270000,54,240.68,-21655.6,56.6103,0.376667
9285000,57,258.634,-21671.2,56.6089,0.391133
9300000,58,252.482,-21695.4,51.0232,0.394667
9315000,39,183.674,-21711.7,51.4265,0.385028
9330000,42,180.515,-21705.8,47.969,0.395533
9345000,68,306.384,-21677.6,61.3376,0.3839
9360000,73,322.594,-21698,75.9457,0.417867
9375000,55,240.888,-21676.5,54.9864,0.401333
9390000,49,208.332,-21684.9,38.9824,0.387467
9405000,48,203.298,-21693.3,49.8963,0.381667
9420000,54,217.899,-21676.1,50.2651,0.3916
9435000,57,261.538,-21685.2,53.3821,0.399433
9450000,64,272.354,-21689.7,53.2357,0.404667
9465000,46,209.862,-21695.8,51.9062,0.382111
9480000,46,212.006,-21689.4,44.3355,0.396833
9495000,45,200.037,-21697.7,48.5414,0.381833
9510000,54,232.451,-21693.5,56.7873,0.398333
9525000,51,220.278,-21716.7,46.0498,0.387133
9540000,41,167.407,-21677.9,44.3467,0.388771
9555000,63,266.829,-21698.7,59.5843,0.407178
9570000,45,192.903,-21681.9,53.7559,0.3774
9585000,50,228.961,-21687.8,56.0076,0.389317
9600000,53,239.45,-21685.7,48.0044,0.407778
9615000,48,210.192,-21694.3,44.8649,0.384778
9630000,39,181.029,-21697.6,44.5514,0.371467
9645000,57,257.282,-21659.1,65.4115,0.391433
9660000,57,252.392,-21642.9,52.4882,0.3928
9675000,56,245.663,-21684.4,62.5582,0.385778
9690000,64,294.041,-21681.9,64.8704,0.4054
9705000,45,203.626,-21664.2,42.1399,0.388089
9720000,59,262.851,-21666.2,56.3442,0.385325
9735000,58,247.342,-21656.3,62.489,0.398933
9750000,62,286.106,-21667.1,65.6875,0.3928
9765000,53,225.78,-21664.5,45.6026,0.3785
9780000,55,247.408,-21690.9,38.8628,0.3845
9795000,61,265.873,-21653.6,67.0572,0.396867
9810000,37,174.436,-21714.1,29.1103,0.387558
9825000,53,231.586,-21665.7,59.6343,0.376167
9840000,50,224.124,-21675.3,54.4612,0.3772
9855000,41,185.849,-21671.1,32.263,0.379711
9870000,48,216.409,-21665.2,60.0303,0.392733
9885000,51,228.44,-21680.9,40.8428,0.4046
9900000,72,327.266,-21670.9,69.631,0.388383
9915000,58,275.865,-21673.1,62.9136,0.409933
9930000,69,311.124,-21671.8,60.8309,0.402233
9945000,65,292.641,-21666.5,62.7791,0.403333
9960000,49,219.02,-21682.9,53.2932,0.404111
9975000,71,315.107,-21677,77.8004,0.393767
9990000,59,259.885,-21681.6,64.5418,0.397467
10005000,48,211.804,-21693.4,39.2961,0.391
10020000,49,217.402,-21682.9,43.0862,0.392029
10035000,44,201.853,-21692.6,48.4032,0.401347
10050000,55,226.496,-21673.5,53.3887,0.384
10065000,52,221.314,-21675.4,48.671,0.385111
10080000,56,257.534,-21678.6,69.0564,0.390267
10095000,42,177.369,-21682.5,39.7638,0.4058
10110000,53,236.141,-21667.1,54.3165,0.3772
10125000,54,236.283,-21657,54.9876,0.374333
10140000,48,214.511,-21653,40.0417,0.362133
10155000,48,190.927,-21664.5,42.0945,0.367867
10170000,46,179.264,-21643.7,53.1659,0.3722
10185000,55,251.342,-21655.7,54.7043,0.386542
10200000,50,224.775,-21649,68.1662,0.380533
10215000,43,196.047,-21666.2,38.6266,0.370933
10230000,55,252.187,-21656.1,56.2588,0.369433
10245000,54,234.39,-21666.3,57.9349,0.3967
10260000,56,257.317,-21678.3,54.6007,0.396867
10275000,42,190.317,-21672.3,38.9955,0.371444
10290000,51,223.252,-21677.2,58.117,0.386233
10305000,44,197.736,-21669.9,40.2227,0.382333
10320000,51,221.438,-21680.8,51.2912,0.367156
10335000,52,221.668,-21668.7,47.1584,0.3918
10350000,65,265.904,-21645.5,71.107,0.38
10365000,47,211.817,-21691.5,58.7897,0.381867
10380000,60,266.77,-21679.9,43.1212,0.387067
10395000,61,276.658,-21674.9,64.6407,0.401267
10410000,58,244.871,-21671.6,45.5572,0.3938
10425000,49,211.158,-21673.5,45.3317,0.392833
10440000,54,240.558,-21669,55.1198,0.390067
10455000,51,232.706,-21666.8,47.4713,0.371162
10470000,50,220.356,-21671.8,46.4649,0.390833
10485000,47,210.18,-21676.1,38.4002,0.391747
10500000,49,212.238,-21662.3,63.6989,0.3815
10515000,59,261.552,-21666,48.2854,0.379067
10530000,50,213.934,-21658.3,54.2909,0.36844
10545000,52,215.386,-21688.9,47.0808,0.386267
10560000,68,313.619,-21677.9,69.5776,0.376633
10575000,48,207.045,-21659.6,53.8505,0.3924
10590000,41,184.06,-21716.1,36.4385,0.393644
10605000,52,238.973,-21659.4,39.0087,0.3783
10620000,41,172.078,-21716,44.2616,0.3785
10635000,37,166.703,-21712.1,41.5031,0.3556
10650000,50,217.615,-21665.8,55.8259,0.388689
10665000,43,187.388,-21704.4,43.6112,0.376411
10680000,43,193.484,-21694.5,41.3089,0.390267
10695000,50,207.833,-21661.2,52.7768,0.381356
10710000,51,229.101,-21689.1,49.4425,0.3792
10725000,50,232.866,-21682.9,46.2323,0.377
10740000,42,190.87,-21703.2,40.5918,0.386838
10755000,48,217.516,-21685.5,53.6406,0.386833
10770000,48,208.856,-21662.2,49.4442,0.3862
10785000,39,169.234,-21688.2,41.1379,0.374267
10800000,43,193.297,-21700.8,48.7504,0.386067
10815000,44,196.4,-21667.9,47.569,0.384089
10830000,56,243.55,-21670.7,53.8063,0.3798
10845000,44,192.321,-21673,49.84,0.379667
10860000,42,187.515,-21685.5,45.3835,0.373747
10875000,37,173.7,-21684.8,37.1959,0.375244
10890000,50,203.288,-21656.7,44.2791,0.381067
10905000,54,227.675,-21678.3,50.324,0.383867
10920000,49,213.471,-21672.6,43.6308,0.375867
10935000,57,261.229,-21673.3,55.5091,0.3798
10950000,44,197.619,-21684.4,35.6328,0.3862
10965000,41,187.814,-21697,38.0118,0.38725
10980000,43,188.827,-21691.2,45.5469,0.378567
10995000,42,182.857,-21697.4,38.435,0.379467
11010000,42,173.055,-21688.6,39.578,0.3717
11025000,48,224.142,-21687.1,48.5564,0.391267
11040000,44,183.144,-21654,43.7013,0.3808
11055000,38,159.825,-21677.8,39.0526,0.3793
11070000,56,239.464,-21640.2,48.6505,0.379767
11085000,49,204.827,-21656,45.5717,0.380867
11100000,68,290.864,-21666.8,78.2701,0.400267
11115000,45,199.539,-21669,52.7806,0.376033
11130000,45,191.174,-21672.9,47.3282,0.3881
11145000,63,281.036,-21674.9,66.2619,0.389188
11160000,56,242.086,-21681.4,63.6738,0.4122
11175000,57,248.349,-21675.5,54.8881,0.390867
11190000,63,283.335,-21678.3,74.2032,0.402067
11205000,54,236.726,-21681.5,56.3506,0.386227
11220000,53,244.286,-21674.4,59.6475,0.4004
11235000,59,270.943,-21669.2,69.1568,0.4098
11250000,54,251.644,-21671.5,56.2896,0.398667
11265000,45,213.67,-21669.1,47.9532,0.385133
11280000,54,236.4,-21672.2,54.1144,0.394547
11295000,48,218.33,-21682.2,64.6089,0.3908
11310000,43,200.628,-21682.2,36.0063,0.390378
11325000,37,157.666,-21702.3,26.3767,0.372114
11340000,47,209.346,-21693.2,55.1845,0.362267
11355000,49,221.143,-21658.7,40.7211,0.376767
11370000,46,206.864,-21661,40.3032,0.3804
11385000,42,181.415,-21690,46.8231,0.364422
11400000,60,263.406,-21657.2,62.3312,0.388333
11415000,55,246.523,-21680.8,53.3863,0.384356
11430000,54,224.141,-21646.5,52.8534,0.3951
11445000,47,213.325,-21652.7,45.919,0.3818
11460000,49,220.013,-21690.9,44.1812,0.387689
11475000,47,200.937,-21676.8,52.0335,0.375789
11490000,52,229.767,-21649.6,46.1044,0.379378
11505000,52,238.612,-21666.8,47.2465,0.355533
11520000,42,175.706,-21690.9,43.8048,0.356711
11535000,55,236.381,-21677.5,45.0252,0.3791
11550000,47,195.398,-21672.8,43.0389,0.380033
11565000,49,215.516,-21666.3,48.6631,0.387433
11580000,47,198.239,-21680.5,50.6164,0.375333
11595000,51,220.276,-21684.1,56.74,0.382222
11610000,45,206.518,-21694,55.4205,0.373133
11625000,42,180.321,-21683.2,40.3911,0.3624
11640000,40,175.676,-21668.3,36.9847,0.374956
11655000,46,198.794,-21640.7,45.2889,0.373078
11670000,50,213.819,-21675.5,51.7929,0.3644
11685000,60,268.896,-21638,63.5687,0.390167
11700000,58,257.904,-21658.5,70.4006,0.38775
11715000,62,269.11,-21636.1,58.9411,0.398567
11730000,66,294.677,-21653.5,75.2941,0.394533
11745000,46,208.406,-21683,43.3648,0.395511
11760000,55,251.566,-21653.6,69.8605,0.390433
11775000,52,227.455,-21659.2,62.9577,0.373581
11790000,57,252.318,-21624.9,57.7536,0.3867
11805000,63,271.799,-21655.4,66.8404,0.3908
11820000,61,281.212,-21625,53.9306,0.382933
11835000,41,181.485,-21679,58.1498,0.3854
11850000,49,209.761,-21665.6,51.4091,0.376667
11865000,45,203.423,-21702.1,36.5221,0.381333
11880000,55,255.321,-21661,62.0186,0.385483
11895000,65,296.145,-21653.9,51.0479,0.394867
11910000,50,221.697,-21642.1,52.5275,0.384267
11925000,56,248.828,-21669.2,61.9352,0.3938
11940000,41,172.368,-21716.5,42.3566,0.380692
11955000,46,203.72,-21670.8,44.9445,0.383744
11970000,48,210.849,-21681.3,56.0404,0.376222
11985000,56,220.902,-21674.1,57.2901,0.380633
12000000,51,234.599,-21684.6,51.9252,0.3751
12015000,60,249.002,-21662.2,59.9979,0.387133
12030000,62,274.162,-21653.6,75.4142,0.392
12045000,50,223.727,-21679.2,44.4105,0.3774
12060000,56,229.17,-21674.3,59.5458,0.389333
12075000,49,213.96,-21670.7,40.1064,0.381867
12090000,58,247.408,-21683.1,56.3583,0.385653
12105000,64,283.857,-21676.1,59.1569,0.389067
12120000,51,203.549,-21681,41.8131,0.400733
12135000,40,177.673,-21675.7,28.1609,0.382133
12150000,40,166.008,-21670.2,42.6353,0.370067
12165000,46,181.358,-21683,39.4452,0.384479
12180000,61,257.119,-21668.7,54.0901,0.388467
12195000,46,208.909,-21696.5,47.9053,0.382289
12210000,55,245.315,-21695,50.0264,0.397733
12225000,58,261.302,-21699,69.317,0.396067
12240000,59,260.942,-21674.2,63.3794,0.393467
12255000,61,262.015,-21684.9,53.6351,0.4056
12270000,65,273.337,-21684,57.4401,0.398456
12285000,50,219.081,-21671.4,49.0215,0.3859
12300000,52,237.814,-21681.6,49.9153,0.3964
12315000,59,275.241,-21680,45.9051,0.382133
12330000,51,226.107,-21678.9,49.7586,0.37661
12345000,55,244.29,-21662.3,62.1943,0.3914
12360000,59,270.164,-21662,45.0823,0.3924
12375000,52,234.846,-21649.9,46.0108,0.392133
12390000,49,204.159,-21668,57.4349,0.371756
12405000,56,241.005,-21690.9,47.9455,0.388207
12420000,57,248.202,-21688.7,42.5733,0.404667
12435000,60,270.095,-21660.5,51.6581,0.390783
12450000,57,261.913,-21647.6,58.5167,0.389733
12465000,53,246.492,-21672.7,43.1632,0.374067
12480000,47,209.007,-21657.1,43.4359,0.377867
12495000,46,211.904,-21656.9,46.8324,0.371133
12510000,45,206.151,-21694.6,31.5009,0.375275
12525000,54,248.579,-21648.9,51.1488,0.372167
12540000,53,246.213,-21654.6,55.8023,0.383867
12555000,48,213.925,-21668,39.0751,0.370133
12570000,56,234.028,-21673.2,58.5058,0.372667
12585000,44,179.598,-21678.1,32.6068,0.392788
12600000,67,296.007,-21655.3,73.0681,0.371967
12615000,58,255.642,-21673.9,43.5548,0.394733
12630000,58,256.385,-21655.1,64.8329,0.393267
12645000,52,225.656,-21663.4,47.1212,0.382252
12660000,54,233.034,-21650.2,40.5907,0.391433
12675000,51,226.019,-21682.6,45.1155,0.377633
12690000,58,253.469,-21649.5,48.6927,0.379667
12705000,65,276.244,-21656,71.5675,0.3978
12720000,47,197.526,-21661.6,42.606,0.386267
12735000,57,244.592,-21664.1,54.95,0.396787
12750000,53,243.674,-21664.1,52.5671,0.3817
12765000,43,193.076,-21677.3,45.7578,0.367
12780000,56,241.499,-21644.4,56.5666,0.386053
12795000,58,259.758,-21652.4,62.0126,0.381067
12810000,58,268.503,-21651.1,59.4222,0.387733
12825000,67,293.839,-21659.1,65.0374,0.398933
12840000,61,263.279,-21666.2,62.5857,0.4054
12855000,69,310.321,-21666.2,59.6735,0.406622
12870000,54,259.349,-21647.6,57.486,0.383171
12885000,55,253.09,-21661.1,61.7624,0.399133
12900000,57,256.33,-21651.7,54.2395,0.402
12915000,68,311.26,-21671.5,79.2534,0.398133
12930000,48,204.022,-21667.6,41.6691,0.387867
12945000,50,223.151,-21672.5,47.0803,0.3992
12960000,53,238.158,-21659.3,54.862,0.382367
12975000,53,242.094,-21683.2,43.293,0.390215
12990000,52,217.285,-21666.6,50.0564,0.382
13005000,44,189.936,-21668.3,53.7511,0.368267
13020000,48,208.041,-21662.2,49.8697,0.367533
13035000,48,201.668,-21641.7,43.3514,0.384667
13050000,52,224.312,-21640.8,65.742,0.3778
13065000,50,214.681,-21675.9,57.4816,0.389717
13080000,48,215.72,-21670.9,57.1336,0.394133
13095000,46,201.615,-21652.6,47.4125,0.372133
13110000,56,246.62,-21656.1,50.7933,0.3806
13125000,63,262.949,-21664.6,61.7572,0.392447
13140000,59,267.569,-21674.9,63.9382,0.4141
13155000,59,273.421,-21654.9,53.2717,0.378857
13170000,51,231.501,-21680.2,55.464,0.378778
13185000,60,262.196,-21658,60.9949,0.379633
13200000,56,249,-21660.8,51.5157,0.3933
13215000,43,192.388,-21666.3,39.111,0.387578
13230000,54,233.841,-21664.1,44.7242,0.391233
13245000,52,235.91,-21661.5,47.9542,0.379433
13260000,48,212.585,-21665.4,49.3295,0.386173
13275000,59,255.8,-21685.9,62.4822,0.401533
13290000,48,214.195,-21671,43.9622,0.371933
13305000,45,200.469,-21683.4,44.6805,0.3829
13320000,36,167.978,-21699.9,43.0059,0.368467
13335000,41,184.756,-21692,37.7197,0.38595
13350000,53,223.109,-21655.8,53.4126,0.3808
13365000,60,273.804,-21659.2,63.1687,0.395133
13380000,66,279.734,-21658.6,64.8527,0.406067
13395000,62,267.737,-21650.4,55.2763,0.3978
13410000,56,234.931,-21645.7,55.0429,0.399933
13425000,60,250.552,-21676,54.8005,0.403333
13440000,43,177.883,-21680.5,47.0261,0.394352
13455000,65,288.806,-21674.6,69.2855,0.3975
13470000,54,230.574,-21656.1,53.6008,0.397333
13485000,50,219.256,-21660.5,43.5405,0.3752
13500000,50,223.173,-21656.9,51.4136,0.3716
13515000,59,263.854,-21655.3,59.1734,0.387533
13530000,60,257.116,-21656.8,69.9184,0.381795
13545000,50,220.901,-21670.5,42.3708,0.392
13560000,49,213.947,-21666.3,56.0761,0.3736
13575000,45,194.459,-21656.4,42.0772,0.386533
13590000,54,236.377,-21666.6,59.0503,0.387533
13605000,59,250.646,-21673.9,66.6932,0.3868
13620000,62,276.559,-21686.9,62.8644,0.394133
13635000,53,234.067,-21655.7,48.9391,0.386448
13650000,46,204.912,-21661.6,40.0681,0.3762
13665000,43,192.374,-21660,45.0099,0.377505
13680000,37,164.364,-21673.9,48.3245,0.3568
13695000,44,200.997,-21690.2,40.1243,0.3724
13710000,54,244.278,-21665.2,57.9806,0.378767
13725000,55,253.698,-21670.1,54.741,0.391933
13740000,53,246.315,-21669.8,59.189,0.3954
13755000,48,207.95,-21701.1,54.5234,0.382217
13770000,47,201.913,-21701.8,38.9623,0.389833
13785000,60,271.806,-21669.9,69.3108,0.378111
13800000,41,189.383,-21710.5,33.5484,0.383978
13815000,36,163.241,-21680.3,36.902,0.376733
13830000,41,178.767,-21688.3,47.445,0.358067
13845000,42,175.429,-21711.5,46.1651,0.372867
13860000,50,214.298,-21693.1,55.809,0.382556
13875000,55,231.654,-21662.6,66.0511,0.389622
13890000,63,283.463,-21658.1,60.0487,0.3896
13905000,69,318.505,-21649.2,74.4672,0.392467
13920000,52,234.041,-21696.1,47.692,0.386893
13935000,66,299.095,-21653.1,64.2519,0.4028
13950000,63,277.733,-21666.6,53.8143,0.392567
13965000,58,259.632,-21641.7,61.4039,0.400867
13980000,60,258.924,-21666.7,57.1136,0.384167
13995000,62,273.26,-21648.3,57.1151,0.389867
14010000,62,276.599,-21687.1,84.149,0.3971
14025000,56,241.146,-21667,62.7884,0.390133
14040000,62,264.088,-21683.2,60.7238,0.399783
14055000,38,180.749,-21676.2,49.6085,0.371033
14070000,43,182.72,-21666.1,43.4833,0.368
14085000,58,239.307,-21655.7,51.5,0.395444
14100000,49,204.041,-21653.2,48.0227,0.380467
14115000,65,281.59,-21669.7,57.2008,0.389267
14130000,49,211.235,-21701.3,56.5143,0.392883
14145000,42,165.776,-21696.8,46.1647,0.3866
14160000,45,190.164,-21667.5,42.2985,0.392756
14175000,42,179.138,-21672.8,42.8819,0.371
14190000,52,221.206,-21668.2,56.3797,0.3746
14205000,53,236.352,-21691,73.2816,0.368296
14220000,57,260.426,-21672.7,61.8771,0.3976
14235000,54,239.322,-21704.5,55.1968,0.396222
14250000,50,230.778,-21669.1,54.0283,0.382467
14265000,57,252.504,-21659.4,78.3235,0.4042
14280000,43,182.89,-21688,50.1527,0.399533
14295000,42,183.103,-21669.2,49.1968,0.387467
14310000,51,218.436,-21693.9,48.5631,0.36779
14325000,51,226.504,-21675.6,61.3583,0.393689
14340000,53,232.369,-21677.1,48.9731,0.372822
14355000,54,234.591,-21683.5,53.2418,0.384178
14370000,54,210.343,-21684.1,56.8096,0.394756
14385000,51,222.76,-21701.4,59.396,0.374622
14400000,52,227.606,-21673.1,56.8328,0.384
14415000,46,188.795,-21666.7,45.2969,0.369533
14430000,52,210.543,-21670.7,43.9428,0.368067
14445000,54,249.046,-21682.3,61.8081,0.357978
14460000,47,194.981,-21663.8,45.9623,0.3788
14475000,41,192.025,-21682.6,45.6274,0.375067
14490000,59,250.049,-21677.5,57.6457,0.353067
14505000,53,256.537,-21681,59.8056,0.3712
14520000,45,196.64,-21659.1,36.0322,0.379133
14535000,57,255.193,-21655.2,86.3851,0.38356
14550000,47,214.108,-21663.9,38.5994,0.366333
14565000,63,286.258,-21677.3,65.0304,0.3952
14580000,47,221.454,-21678.5,59.6792,0.391733
14595000,41,172.863,-21675.5,46.6265,0.371378
14610000,45,200.897,-21684.5,46.307,0.361667
14625000,52,239.231,-21669.9,49.4372,0.380267
14640000,50,218.592,-21664.6,61.1512,0.375533
14655000,64,284.705,-21651.9,63.9149,0.385533
14670000,63,268.94,-21668.1,50.2506,0.405467
14685000,63,284.389,-21659.3,54.7649,0.383267
14700000,38,169.5,-21700.5,36.0734,0.373368
14715000,54,249.46,-21678.9,65.4147,0.376095
14730000,58,266.289,-21659,55.2766,0.3804
14745000,31,135.024,-21720.7,26.085,0.391867
14760000,53,233.4,-21666.3,64.7282,0.3933
14775000,55,248.562,-21643.7,55.3825,0.378067
14790000,60,258.583,-21636.3,60.8653,0.375667
14805000,44,192.958,-21666,40.9279,0.392617
14820000,49,219.103,-21686.3,51.5087,0.387813
14835000,59,254.622,-21647.4,56.6198,0.3866
14850000,56,251.8,-21656.4,52.4364,0.387289
14865000,53,239.911,-21656,47.401,0.377933
14880000,48,220.672,-21664.8,43.54,0.3774
14895000,42,180.05,-21672.2,35.4119,0.377667
14910000,51,234.938,-21676.7,53.2997,0.383367
14925000,51,220.722,-21693.3,65.4881,0.3709
14940000,49,206.812,-21649.6,50.9438,0.38052
14955000,71,313.273,-21668.1,67.984,0.393633
14970000,40,175.893,-21681,37.5826,0.394483
14985000,68,291.415,-21651.8,74.5868,0.3975
15000000,68,294.338,-21650,74.1586,0.4016
15015000,44,195.339,-21643.5,56.3922,0.374053
15030000,71,290.929,-21640.2,58.5004,0.388133
15045000,64,295.926,-21674,51.2885,0.4124
15060000,50,224.264,-21673.4,57.3713,0.373067
15075000,74,341.601,-21639,80.4178,0.4037
15090000,69,316.219,-21635,67.6354,0.401867
15105000,69,320.108,-21659.2,85.2672,0.388756
15120000,53,229.831,-21665.7,56.4938,0.3802
15135000,61,282.595,-21667.8,54.4146,0.389576
15150000,60,276.58,-21653.8,66.6143,0.3976
15165000,59,255.479,-21653.4,63.7954,0.377244
15180000,72,314.142,-21646.7,84.8002,0.398833
15195000,65,311.201,-21643.3,68.8277,0.407489
15210000,72,336.409,-21641.7,77.3339,0.396733
15225000,56,266.633,-21641.7,46.3273,0.404867
15240000,55,249.35,-21677.3,69.0025,0.382333
15255000,51,231.106,-21665.6,46.7841,0.395667
15270000,50,214.243,-21650.5,40.5718,0.381333
15285000,50,213.585,-21654.2,67.5694,0.394267
15300000,49,214.261,-21668.5,47.047,0.379311
15315000,51,223.579,-21662,55.2879,0.3804
15330000,48,223.935,-21684.3,54.1698,0.384778
15345000,58,262.231,-21643.9,54.8052,0.386836
15360000,49,217.08,-21680.1,51.7873,0.390378
15375000,55,254.492,-21656,54.3167,0.386567
15390000,74,337.134,-21654.2,72.3636,0.402133
15405000,55,243.498,-21675,52.2168,0.397311
15420000,61,262.408,-21679.3,61.6338,0.404133
15435000,57,255.499,-21661.6,73.3391,0.3948
15450000,45,199.372,-21647.3,51.0442,0.404133
15465000,60,252.107,-21657.2,56.5342,0.396613
15480000,45,201.465,-21678.4,47.4437,0.391653
15495000,54,219.086,-21682.2,51.3412,0.3912
15510000,39,164.551,-21662.2,30.5723,0.377
15525000,45,197.607,-21672.2,42.0127,0.385467
15540000,38,172.071,-21685.4,43.2037,0.366733
15555000,51,222.433,-21658.3,43.6747,0.383693
15570000,49,230.123,-21668.9,43.4586,0.37945
15585000,61,273.81,-21690.7,74.5802,0.380178
15600000,47,209.03,-21677.9,36.8431,0.393
15615000,51,227.325,-21671.6,45.7737,0.380467
15630000,54,232.696,-21658.6,57.0311,0.376533
15645000,54,252.927,-21678.5,53.8287,0.3835
15660000,54,237.696,-21670.1,64.1156,0.384956
15675000,56,259.061,-21650.1,46.1472,0.382133
15690000,65,296.228,-21641.2,66.9127,0.3944
15705000,77,332.5,-21646.6,80.4258,0.408067
15720000,67,299.846,-21653.4,67.9162,0.414533
15735000,65,293.501,-21647.3,58.8777,0.4092
15750000,62,269.857,-21663.9,67.3629,0.3962
15765000,74,322.196,-21631.8,63.7358,0.388333
15780000,80,355.966,-21655.8,83.3634,0.405933
15795000,49,221.887,-21660.6,55.7969,0.389848
15810000,50,214.811,-21658,45.85,0.392715
15825000,67,288.448,-21661.6,62.6627,0.400067
15840000,53,236.723,-21663.9,53.0072,0.4068
15855000,46,196.69,-21690.2,45.0453,0.390311
15870000,52,237.061,-21667.8,46.4402,0.386167
15885000,60,270.507,-21669.1,54.877,0.384333
15900000,53,223.143,-21682.7,51.5359,0.386883
15915000,45,202.184,-21677.7,43.6983,0.395617
15930000,52,222.984,-21666.4,45.1547,0.380556
15945000,58,256.614,-21645.8,39.7997,0.380533
15960000,48,212.282,-21655,55.1364,0.380933
15975000,51,223.053,-21663.3,60.5211,0.363467
15990000,48,212.412,-21672.8,44.9268,0.391
16005000,45,195.388,-21687.9,49.1996,0.377619
16020000,58,261.372,-21657.7,54.3182,0.373067
16035000,54,248.989,-21692.5,67.1527,0.384008
16050000,48,218.348,-21657.3,46.0973,0.3879
16065000,50,225.102,-21663.9,50.4255,0.378167
16080000,54,237.188,-21671,54.1514,0.3677
16095000,45,194.393,-21674.2,37.2021,0.381133
16110000,59,277.783,-21669,61.6895,0.394156
16125000,55,232.035,-21655.6,61.0036,0.390667
16140000,37,161.109,-21694.3,32.4626,0.372511
16155000,39,165.816,-21684.1,40.9103,0.366467
16170000,42,196.903,-21667.6,51.4887,0.3562
16185000,54,242.499,-21686.9,55.2011,0.3688
16200000,49,205.869,-21690.5,46.895,0.378093
16215000,50,219.591,-21686.6,57.5178,0.376633
16230000,45,208.309,-21669.8,50.3582,0.381067
16245000,45,191.16,-21682.1,49.3743,0.382852
16260000,51,228.644,-21674.3,50.8148,0.3732
16275000,42,187.105,-21701.5,38.6977,0.368117
16290000,54,239.464,-21659.7,56.2888,0.3761
16305000,59,265.038,-21679,55.4653,0.391
16320000,55,239.231,-21667.8,57.414,0.393267
16335000,64,295.952,-21670.5,54.0672,0.389
16350000,40,185.588,-21694.4,59.6642,0.37588
16365000,44,201.738,-21675.2,44.721,0.388833
16380000,43,199.594,-21667,41.1728,0.366333
16395000,47,203.973,-21667.7,40.7762,0.384758
16410000,45,183.292,-21674.7,39.1548,0.381067
16425000,65,278.668,-21668.9,62.3783,0.3974
16440000,67,291.683,-21683.8,52.1432,0.406467
16455000,56,227.291,-21695.6,56.0961,0.4078
16470000,61,253.784,-21662.3,74.7189,0.395133
16485000,58,252.37,-21687.9,49.1392,0.396533
16500000,61,270.374,-21646.2,51.7324,0.405767
16515000,62,258.454,-21661.4,69.9575,0.406
16530000,56,234.331,-21658.1,59.0998,0.395133
16545000,67,288.654,-21676.1,50.7055,0.4053
16560000,73,318.283,-21664.3,73.3517,0.406133
16575000,62,268.687,-21675.8,61.4581,0.381622
16590000,52,227.174,-21663.8,53.9132,0.396317
16605000,55,240.024,-21688.5,46.568,0.3968
16620000,53,236.814,-21677.4,53.705,0.394667
16635000,54,247.885,-21652.4,47.5938,0.381383
16650000,56,241.468,-21682.9,75.7178,0.3843
16665000,60,265.393,-21660.8,53.5711,0.386767
16680000,57,254.71,-21662.9,55.5835,0.395067
16695000,48,218.15,-21687,54.3336,0.39359
16710000,58,251.542,-21694.5,62.9329,0.397967
16725000,55,237.822,-21666.9,67.116,0.371289
16740000,50,222.952,-21661.9,53.3707,0.375267
16755000,48,210.499,-21683.1,42.0553,0.387267
16770000,46,199.746,-21662.2,44.5131,0.366567
16785000,51,227.22,-21668.9,48.3339,0.380467
16800000,48,215.016,-21657.6,42.9389,0.373533
16815000,53,235.919,-21664.8,49.6504,0.379267
16830000,48,206.407,-21660.5,41.2777,0.369733
16845000,39,171.214,-21705.7,38.8435,0.387644
16860000,47,213.908,-21682,51.9277,0.364467
16875000,54,236.35,-21657.9,44.1792,0.3798
16890000,59,244.717,-21676.9,60.2845,0.392378
16905000,58,259.223,-21666.7,45.1918,0.396867
16920000,60,259.22,-21677.9,63.6491,0.4048
16935000,61,275.385,-21686.9,73.4732,0.3976
16950000,46,199.002,-21684,56.2968,0.3889
16965000,58,245.871,-21669.8,49.5478,0.409233
16980000,43,187.194,-21693.7,41.065,0.393356
16995000,54,245.046,-21658.2,45.7366,0.384267
17010000,55,230.776,-21676.7,62.5304,0.402667
17025000,66,283.76,-21664,69.376,0.3805
17040000,58,250.23,-21648,45.1725,0.378733
17055000,52,219.353,-21661,48.768,0.385733
17070000,53,235.473,-21670.8,69.2828,0.4084
17085000,52,226.059,-21651.2,52.0985,0.400933
17100000,40,177.548,-21677.6,51.165,0.3668
17115000,46,210.553,-21666.7,53.4221,0.360733
17130000,60,269.864,-21662.2,47.847,0.385667
17145000,43,189.489,-21674.9,39.299,0.384909
17160000,59,264.052,-21687.1,55.5429,0.383622
17175000,49,212.827,-21675.9,46.9944,0.373667
17190000,42,186.745,-21699.7,54.8076,0.381689
17205000,54,227.829,-21650.1,43.7408,0.3768
17220000,67,309.833,-21660.6,61.385,0.414667
17235000,43,185.732,-21652.7,40.7852,0.372867
17250000,61,282.829,-21658.6,58.5918,0.4212
17265000,50,229.95,-21676.4,49.8232,0.38792
17280000,58,254.782,-21658.6,47.27,0.400533
17295000,41,177.642,-21668.5,40.5346,0.361483
17310000,47,214.3,-21703.8,44.7417,0.390333
17325000,51,220.025,-21656.7,55.9888,0.3669
17340000,53,246.255,-21653.6,77.0454,0.388133
17355000,54,243.086,-21669.3,58.3277,0.389333
17370000,77,349.557,-21666.1,80.3264,0.396733
17385000,63,287.312,-21651.6,55.2399,0.413333
17400000,49,218.265,-21676.2,56.4065,0.389189
17415000,45,193.808,-21684.9,43.3652,0.3946
17430000,44,193.112,-21675.1,58.9268,0.398347
17445000,41,190.053,-21679.2,48.2831,0.3894
17460000,42,189.268,-21688.2,37.9443,0.36864
17475000,45,189.381,-21689.2,39.1706,0.371117
17490000,53,243.025,-21661.5,51.866,0.388822
17505000,60,251.732,-21660.8,61.1505,0.3992
17520000,56,248.193,-21648.6,60.1631,0.402133
17535000,68,292.871,-21657.9,73.7588,0.362667
17550000,44,196.955,-21683.7,36.7062,0.380667
17565000,45,179.35,-21679.8,39.1646,0.392111
17580000,52,216.41,-21671.8,51.1698,0.375622
17595000,57,227.879,-21656.8,65.5605,0.382533
17610000,58,235.504,-21644,54.3437,0.3932
17625000,41,174.967,-21699.5,43.5782,0.4041
17640000,61,245.023,-21633.8,53.3029,0.3788
17655000,55,253.822,-21665.8,69.3513,0.3981
17670000,61,289.575,-21662.7,65.9122,0.405667
17685000,70,303.037,-21653.3,63.6229,0.403267
17700000,73,314.107,-21659.3,88.9104,0.408
17715000,67,303.276,-21664.2,67.3695,0.414133
17730000,46,195.585,-21641.9,40.1882,0.385111
17745000,43,187.574,-21686.2,41.4938,0.382872
17760000,69,305.3,-21652.6,62.2088,0.406
17775000,52,219.563,-21669.1,53.6605,0.379333
17790000,51,212.567,-21651.7,54.9202,0.3776
17805000,44,180.403,-21681.2,43.9253,0.402933
17820000,59,257.263,-21659.5,54.768,0.3838
17835000,59,262.052,-21664.6,62.9202,0.395533
17850000,61,269.768,-21655.5,73.9195,0.386533
17865000,53,229.494,-21678.7,58.5012,0.3814
17880000,54,225.064,-21658.4,46.2676,0.38988
17895000,51,214.976,-21665.5,50.4197,0.375667
17910000,63,261.872,-21671,54.5069,0.388767
17925000,42,185.66,-21677.8,34.9171,0.375433
17940000,52,239.545,-21642.2,46.2141,0.37997
17955000,54,233.387,-21672.6,62.0825,0.396667
17970000,56,243.2,-21652.1,68.2669,0.374
17985000,56,244.002,-21678.2,66.6572,0.401967
18000000,52,222.488,-21674.9,35.8429,0.404
18015000,53,229.365,-21671.2,57.6815,0.389333
18030000,58,245.956,-21691,56.0185,0.38175
18045000,56,240,-21676.7,57.1706,0.3838
18060000,56,238.527,-21672.5,59.6644,0.378793
18075000,52,224.921,-21678.9,54.2236,0.3746
18090000,41,172.958,-21680,46.9803,0.37456
18105000,56,230.872,-21659.7,48.8669,0.3692
18120000,62,278.902,-21646.3,64.5919,0.386367
18135000,58,253.04,-21689.8,66.4278,0.371922
18150000,55,241.088,-21677.9,50.6125,0.382267
18165000,52,231.289,-21649.4,56.9493,0.378883
18180000,48,203.991,-21654.9,51.2799,0.38795
18195000,53,229.851,-21658.9,55.1102,0.377033
18210000,67,297.831,-21653.9,73.802,0.3781
18225000,61,268.152,-21660.5,71.6393,0.401133
18240000,56,242.87,-21635.1,50.3134,0.386289
18255000,44,187.353,-21672.9,39.8865,0.398433
18270000,57,254.101,-21676.7,53.1427,0.3836
18285000,46,210.107,-21696.4,45.3092,0.384
18300000,50,221.372,-21680.4,57.7271,0.391333
18315000,49,227.825,-21632.3,47.4345,0.392533
18330000,52,228.855,-21656.5,47.2251,0.3784
18345000,58,253.345,-21661.6,54.8663,0.379533
18360000,54,229.311,-21680.1,48.0689,0.387617
18375000,59,256.477,-21667.1,56.263,0.3902
18390000,57,257.349,-21671.9,60.2841,0.379558
18405000,53,223.449,-21623.9,54.8329,0.394267
18420000,47,212.277,-21693.5,45.0626,0.385767
18435000,58,254.473,-21656.5,72.5773,0.391067
18450000,52,219.923,-21654.4,42.4248,0.375644
18465000,53,245.839,-21676.9,68.0491,0.386967
18480000,51,223.599,-21659,53.4692,0.3848
18495000,47,206.602,-21651.3,43.3612,0.377111
18510000,46,200.533,-21702,45.6325,0.38522
18525000,38,158.697,-21691.5,37.8185,0.374533
18540000,37,169.183,-21667.9,35.1625,0.362933
18555000,53,253.476,-21664.2,42.1861,0.381583
18570000,54,243.789,-21678.2,61.5802,0.374156
18585000,44,201.793,-21663.4,48.7725,0.383
18600000,48,210.282,-21688.2,47.8176,0.376767
18615000,55,249.195,-21669.6,59.5025,0.388689
18630000,53,230.476,-21686.7,58.2299,0.389533
18645000,49,211.21,-21686.8,58.9287,0.384433
18660000,42,175.156,-21695.5,30.0013,0.38625
18675000,48,217.812,-21701.5,41.373,0.3737
18690000,48,208.375,-21678.6,42.7165,0.3968
18705000,40,178.319,-21695.2,47.5596,0.384787
18720000,53,222.15,-21693.4,61.372,0.390867
18735000,52,230.595,-21692.3,50.5778,0.3986
18750000,38,158.705,-21686.4,40.9888,0.391933
18765000,60,268.064,-21688.3,52.9478,0.385767
18780000,41,195.442,-21688.6,50.9221,0.3823
18795000,36,172.01,-21696.6,32.62,0.380067
18810000,49,219.085,-21671.4,70.5945,0.387089
18825000,54,241.257,-21697.4,46.9976,0.3991
18840000,35,155.836,-21682.2,27.8502,0.3858
18855000,55,250.141,-21673,43.1492,0.392467
18870000,47,219.48,-21682.5,48.8485,0.396267
18885000,44,207.624,-21680.9,36.503,0.393373
18900000,48,226.306,-21666.6,53.0336,0.383633
18915000,57,251.206,-21665.4,52.3623,0.3904
18930000,58,263.713,-21671.3,67.0693,0.382333
18945000,48,226.52,-21653.4,60.7434,0.388333
18960000,52,243.785,-21659.2,56.6912,0.382333
18975000,63,283.931,-21659,68.3396,0.383
18990000,47,218.405,-21659.6,46.9988,0.384933
19005000,55,233.812,-21644.1,50.2219,0.3907
19020000,44,190.875,-21717.6,49.5354,0.391738
19035000,56,254.354,-21649.9,57.6066,0.389367
19050000,49,213.307,-21673.6,54.3167,0.3906
19065000,42,177.284,-21658.1,49.6869,0.382
19080000,39,155.372,-21668.9,44.1996,0.368333
19095000,45,179.194,-21671.6,41.2258,0.387067
19110000,42,191.546,-21710.1,44.4117,0.375144
19125000,52,221.942,-21706.2,62.0705,0.401
19140000,45,199.441,-21683.6,47.8621,0.379778
19155000,54,256.233,-21677.4,41.2658,0.380333
19170000,62,266.07,-21664.6,61.5932,0.394
19185000,63,266.031,-21667.5,54.3392,0.3846
19200000,51,233.397,-21656.5,65.5996,0.3715
19215000,53,238.671,-21650.8,69.0917,0.387533
19230000,46,208.578,-21665.7,42.9519,0.366467
19245000,56,265.2,-21671,52.7412,0.38175
19260000,46,200.735,-21683.9,41.5672,0.3944
19275000,50,224.189,-21667.9,59.5621,0.3744
19290000,53,229.478,-21678,57.8643,0.380967
19305000,49,228.742,-21692.6,43.1687,0.376333
19320000,46,204.025,-21712.9,44.626,0.383472
19335000,44,198.576,-21684.5,30.4122,0.382533
19350000,54,229.663,-21658.5,60.0559,0.373733
19365000,50,226.753,-21669.3,41.6483,0.3676
19380000,42,184.578,-21670.8,34.5243,0.376333
19395000,54,253.996,-21676.6,52.6679,0.380167
19410000,54,247.15,-21680.3,63.2069,0.385489
19425000,45,199.637,-21695,52.7178,0.392533
19440000,63,283.003,-21654.1,74.0104,0.368817
19455000,54,227.083,-21684.5,72.8974,0.390067
19470000,50,226.471,-21665.2,45.8404,0.3724
19485000,47,208.384,-21679.8,47.3752,0.382533
19500000,45,200.347,-21678.9,47.4782,0.374467
19515000,48,210.504,-21672.5,46.9445,0.367483
19530000,53,250.314,-21668.7,59.7064,0.3752
19545000,47,202.98,-21675.7,37.4777,0.375978
19560000,33,152.655,-21735.9,25.9166,0.378919
19575000,48,216.632,-21670.7,40.6846,0.363467
19590000,52,235.878,-21682.6,63.4416,0.368667
19605000,52,236.218,-21669.6,55.4057,0.3864
19620000,45,206.736,-21657.9,59.2762,0.36556
19635000,41,190.584,-21666.7,36.3277,0.361333
19650000,53,245.561,-21679.3,51.3533,0.373467
19665000,54,227.627,-21671.5,43.9285,0.35885
19680000,43,182.749,-21655.3,42.8762,0.386267
19695000,52,237.031,-21667,49.5568,0.363667
19710000,43,184.356,-21693.8,46.8297,0.376033
19725000,43,187.998,-21680.6,40.0759,0.371867
19740000,43,181.715,-21694.7,47.5819,0.366973
19755000,37,169.915,-21684.3,40.4211,0.369
19770000,48,208.186,-21680.1,45.8926,0.3794
19785000,41,185.064,-21689.9,44.8723,0.3832
19800000,53,249.885,-21696.6,50.7203,0.36025
19815000,48,224.99,-21679,35.8445,0.384267
19830000,45,204.594,-21671,47.0347,0.396467
19845000,60,270.481,-21679.1,51.702,0.3934
19860000,59,243.415,-21630.5,61.0635,0.3669
19875000,51,211.491,-21650.4,59.5948,0.373067
19890000,51,210.533,-21646.4,42.5391,0.376
19905000,42,193.487,-21710.7,32.2848,0.389083
19920000,45,198.798,-21647.3,51.4285,0.377233
19935000,45,191.13,-21654.3,47.9487,0.359267
19950000,48,214.323,-21692.3,47.9739,0.3914
19965000,47,197.873,-21683,55.6198,0.379761
19980000,52,218.028,-21665.2,47.4238,0.364444
19995000,68,308.597,-21676.3,73.4045,0.3975
20010000,58,264.693,-21679.2,60.0946,0.407533
20025000,55,246.424,-21694.3,58.8073,0.4
20040000,48,211.647,-21674.7,42.485,0.38875
20055000,46,213.571,-21695.5,54.2823,0.386433
20070000,46,205.714,-21671,45.3323,0.381767
20085000,51,231.113,-21683.9,51.6736,0.393822
20100000,64,272.176,-21666.6,54.3657,0.383633
20115000,59,252.905,-21665.4,73.2895,0.417733
20130000,52,234.557,-21690.2,60.7562,0.393853
20145000,50,206.771,-21665.6,55.4011,0.393
20160000,47,192.126,-21712.7,56.4203,0.3887
20175000,57,249.391,-21675.4,57.3182,0.400067
20190000,46,206.981,-21676.3,40.477,0.3966
20205000,47,212.239,-21678.7,48.828,0.391933
20220000,45,192.729,-21668.3,42.5868,0.368467
20235000,49,220.993,-21682.1,39.2613,0.391
20250000,45,198.784,-21699.4,39.5883,0.387091
20265000,59,254.405,-21666.3,56.8708,0.390344
20280000,53,231.029,-21684.7,47.0696,0.388433
20295000,68,312.425,-21693.6,75.4811,0.409267
20310000,59,273.501,-21675.7,67.33,0.394467
20325000,73,315.337,-21676.1,85.6416,0.411067
20340000,50,211.852,-21687.1,48.1945,0.401
20355000,43,182.791,-21668.7,28.7962,0.387422
20370000,51,214.433,-21670.9,32.8003,0.383838
20385000,50,211.441,-21668,41.8618,0.3908
20400000,55,248.829,-21659.1,49.7979,0.374117
20415000,56,253.86,-21655.4,68.2853,0.397
20430000,48,215.817,-21640.8,58.8911,0.3768
20445000,55,231.257,-21653.8,69.9892,0.3734
20460000,43,191.867,-21666.9,31.5911,0.383467
20475000,56,253.21,-21634.1,77.5422,0.385033
20490000,69,292.903,-21652.3,69.6252,0.393933
20505000,60,264.887,-21668.9,59.0607,0.4096
20520000,59,264.045,-21660.9,65.5735,0.3809
20535000,52,241.508,-21688.4,64.9129,0.410867
20550000,62,277.86,-21681.6,58.7107,0.4114
20565000,53,236.283,-21687.8,45.8676,0.407667
20580000,54,234.306,-21679.8,53.7237,0.4072
20595000,53,229.827,-21683.7,52.1199,0.4052
20610000,61,271.78,-21671.7,64.9341,0.396533
20625000,56,241.935,-21670.4,60.7329,0.403733
20640000,54,242.73,-21669.4,43.6975,0.398733
20655000,64,267.365,-21648.4,64.5461,0.382989
20670000,66,294.409,-21639,65.0566,0.401467
20685000,64,288.927,-21635.8,65.2957,0.381667
20700000,65,283.053,-21619.2,86.3697,0.392667
20715000,49,214.284,-21703.3,35.1905,0.384954
20730000,72,324.644,-21626.9,75.5776,0.395567
20745000,55,238.093,-21681,49.9247,0.388567
20760000,65,266.178,-21610.6,75.8689,0.393367
20775000,54,243.276,-21694.2,50.7153,0.390548
20790000,82,346.354,-21629.4,84.4761,0.397133
20805000,58,261.183,-21682.8,63.9258,0.405067
20820000,82,359.699,-21634.9,97.8627,0.4131
20835000,60,253.944,-21616.1,49.2876,0.391133
20850000,44,200.059,-21661.2,37.251,0.364867
20865000,60,275.304,-21645,55.2571,0.356067
20880000,72,322.047,-21644.6,71.5955,0.376
20895000,63,275.219,-21624.2,61.0428,0.389467
20910000,59,265.749,-21637.6,63.6517,0.39
20925000,69,308.354,-21635.9,71.7246,0.3874
20940000,56,249.322,-21688.2,40.6848,0.387687
20955000,37,161.913,-21702.9,35.6617,0.38666
20970000,66,294.96,-21664.9,67.5514,0.394
20985000,64,292.073,-21680,59.7771,0.4
21000000,80,362.453,-21646.9,63.9679,0.398467
21015000,61,283.527,-21646.1,64.7586,0.402467
21030000,59,275.718,-21648.6,59.8331,0.398733
21045000,46,216.053,-21667.1,47.4472,0.395367
21060000,58,258.668,-21668.7,45.612,0.382067
21075000,47,214.39,-21641.4,46.5677,0.385044
21090000,55,245.909,-21646.9,64.4683,0.367533
21105000,52,233.237,-21667.1,44.9502,0.362
21120000,59,259.241,-21659.8,62.0926,0.384067
21135000,41,176.167,-21676.4,39.727,0.37916
21150000,59,267.198,-21658.4,48.8995,0.381467
21165000,68,301.485,-21644.4,63.0741,0.3814
21180000,64,293.207,-21649.5,68.378,0.394467
21195000,72,313.281,-21617.8,62.6009,0.389133
21210000,41,191.667,-21714.8,43.5467,0.399565
21225000,66,285.586,-21632.9,62.6158,0.384833
21240000,61,268.294,-21666.5,66.1824,0.38319
21255000,67,298.317,-21610,66.3673,0.3901
21270000,65,275.317,-21635.4,68.0606,0.384267
21285000,68,294.721,-21637.9,57.7339,0.401
21300000,50,211.806,-21669.6,59.074,0.374617
21315000,52,225.937,-21667.9,44.551,0.3706
21330000,53,236.59,-21688.6,57.1475,0.3764
21345000,50,222.671,-21671.8,43.9106,0.384267
21360000,63,285.215,-21623.5,68.9041,0.38516
21375000,49,219.617,-21680.2,51.1959,0.366767
21390000,63,267.419,-21648.3,55.3896,0.394733
21405000,51,220.126,-21713.6,53.7725,0.387538
21420000,40,182.225,-21672.1,48.3886,0.363711
21435000,65,306.157,-21658.4,57.0798,0.383022
21450000,65,285.83,-21640.5,53.9184,0.385667
21465000,41,180.628,-21684.6,49.633,0.369489
21480000,65,281.809,-21663,81.2722,0.379833
21495000,48,222.989,-21701.2,32.3515,0.3609
21510000,75,317.136,-21634.7,84.4772,0.3974
21525000,76,334.697,-21610.5,95.3483,0.4026
21540000,80,346.651,-21616.5,97.7787,0.411133
21555000,74,315.777,-21621.7,78.447,0.403333
21570000,70,312.496,-21626.1,86.1237,0.393867
21585000,88,361.772,-21623.2,95.5566,0.41
21600000,84,367.849,-21634,84.431,0.4126
21615000,76,355.952,-21640.4,76.9361,0.405733
21630000,56,243.598,-21683.3,57.9757,0.385519
21645000,72,299.128,-21614.1,63.5265,0.3966
21660000,66,275.985,-21634,65.6624,0.384733
21675000,52,238.189,-21700.8,44.18,0.372044
21690000,71,312.942,-21647,87.6813,0.395667
21705000,70,309.509,-21632,69.7246,0.403733
21720000,51,232.575,-21687.9,49.453,0.382213
21735000,54,251.995,-21640.2,60.7981,0.3842
21750000,49,224.762,-21659.2,50.8638,0.3788
21765000,49,212.408,-21643,47.0005,0.355533
21780000,54,255.132,-21654.6,53.476,0.370933
21795000,48,207.603,-21654.9,55.7925,0.3846
21810000,53,231.494,-21687.3,46.1468,0.383053
21825000,47,200.703,-21670.6,41.5477,0.370848
21840000,45,186.183,-21688.9,44.6401,0.373267
21855000,57,256.835,-21661.2,58.7085,0.364367
21870000,61,275.148,-21677.8,49.496,0.384733
21885000,64,290.132,-21669,53.2977,0.398173
21900000,64,263.871,-21661,61.1872,0.367511
21915000,49,203.894,-21655.3,50.2521,0.3658
21930000,84,367.79,-21680.5,80.8691,0.412622
21945000,57,256.016,-21670.4,49.9789,0.4192
21960000,53,223.634,-21696.2,63.8889,0.400333
21975000,63,275.915,-21645.8,60.6011,0.3736
21990000,54,245.087,-21664.9,51.337,0.391067
22005000,48,217.591,-21687.8,43.2695,0.371622
22020000,51,232.059,-21660.3,57.2488,0.378533
22035000,69,291.166,-21660,83.0874,0.396987
22050000,76,331.654,-21668.9,73.8267,0.4086
22065000,47,215.256,-21677.5,50.2888,0.378044
22080000,54,241.128,-21666.8,62.4871,0.3904
22095000,43,191.493,-21675.3,38.0576,0.3874
22110000,46,201.955,-21672.7,47.8794,0.388756
22125000,64,292.662,-21668.7,69.2189,0.40432
22140000,58,253.826,-21665,51.1752,0.404067
22155000,66,290.937,-21646.1,71.4025,0.402133
22170000,69,303.899,-21655.9,83.2866,0.410867
22185000,60,247.929,-21647.9,67.2448,0.38768
22200000,66,301.986,-21637.8,64.4111,0.3992
22215000,51,223.744,-21659.3,61.0703,0.393244
22230000,54,234.23,-21632.1,42.3648,0.374733
22245000,63,269.088,-21654.4,67.277,0.391
22260000,49,203.151,-21641.7,56.7662,0.386533
22275000,56,239.181,-21675.6,59.8649,0.379606
22290000,64,268.001,-21650.9,62.0693,0.388922
22305000,50,210.908,-21656.6,40.8769,0.3713
22320000,70,282.672,-21630.5,45.9061,0.392917
22335000,59,254.712,-21652.6,60.0775,0.395267
22350000,65,286.852,-21636.5,58.714,0.398533
22365000,58,251.338,-21652.2,48.5988,0.403689
22380000,61,285.402,-21657.5,59.1966,0.384693
22395000,51,217.816,-21673.5,49.8245,0.397067
22410000,55,246.863,-21649,43.8476,0.382733
22425000,62,254.048,-21645,53.4166,0.397883
22440000,60,261.511,-21657.6,58.0856,0.371633
22455000,62,267.086,-21655.3,64.9457,0.393633
22470000,49,220.612,-21686.7,44.7775,0.377933
22485000,51,215.958,-21678.7,51.6619,0.370044
22500000,43,177.02,-21678.8,36.736,0.374467
22515000,56,244.579,-21702.5,56.6929,0.382333
22530000,51,232.251,-21677.3,52.3511,0.376378
22545000,53,234.139,-21686.3,45.5776,0.391333
22560000,43,194.813,-21687.1,49.6632,0.369267
22575000,56,249.305,-21674.7,68.6899,0.388733
22590000,61,281.013,-21652.4,72.5014,0.377333
22605000,66,291.297,-21649.8,47.7275,0.402067
22620000,60,280.336,-21657.3,54.1397,0.4118
22635000,53,245.519,-21660.3,52.2331,0.387867
22650000,58,261.734,-21672,66.0759,0.3988
22665000,52,239.199,-21711.9,57.8298,0.39066
22680000,44,198.377,-21692.8,40.4424,0.400267
22695000,44,196.161,-21681.4,50.3595,0.386817
22710000,42,188.137,-21678,50.7804,0.381333
22725000,54,248.298,-21685.3,58.0813,0.38992
22740000,61,287.024,-21694.2,55.3149,0.389567
22755000,56,253.172,-21657,63.3817,0.383667
22770000,49,224.317,-21691.6,52.8612,0.393367
22785000,52,229.804,-21656.3,55.4144,0.3916
22800000,45,207.5,-21669.6,44.0289,0.379
22815000,52,231.303,-21663.5,46.7834,0.362733
22830000,52,243.046,-21665.7,52.1874,0.371867
22845000,55,240.544,-21710.6,62.2864,0.391347
22860000,52,230.802,-21678.5,51.4718,0.388867
22875000,41,189.097,-21695.9,38.7455,0.388277
22890000,43,174.893,-21692.7,43.7506,0.381867
22905000,50,215.841,-21670.7,65.9589,0.3706
22920000,53,206.589,-21680.3,44.1683,0.3804
22935000,60,246.975,-21654.6,64.9255,0.3768
22950000,49,228.347,-21679.2,48.4567,0.382987
22965000,43,200.369,-21688.6,33.442,0.3962
22980000,60,255.704,-21682.2,58.5218,0.391622
22995000,52,222.748,-21656.1,57.3399,0.380606
23010000,55,247.027,-21642.2,62.7804,0.370867
23025000,51,219.996,-21664.2,50.8774,0.3936
23040000,65,282.107,-21634.4,70.1787,0.377233
23055000,72,317.314,-21647.8,75.6189,0.391667
23070000,78,309.745,-21649.7,69.9535,0.401867
23085000,71,299.936,-21634,56.4955,0.388933
23100000,74,318.094,-21667.4,89.3137,0.3978
23115000,65,291.645,-21638.8,58.4282,0.395867
23130000,59,260.911,-21640.8,45.8757,0.3978
23145000,43,183.466,-21682.8,56.6982,0.395817
23160000,44,180.235,-21689,40.4713,0.3876
23175000,57,259.036,-21665.5,48.1195,0.378022
23190000,47,215.242,-21653.4,43.9547,0.361
23205000,56,242.146,-21648.6,64.4191,0.380533
23220000,45,195.372,-21709.9,39.5612,0.375337
23235000,54,228.852,-21659.9,51.4037,0.383633
23250000,53,243.249,-21665.7,46.2251,0.378933
23265000,56,254.726,-21678.9,68.5207,0.386867
23280000,52,225.304,-21633.1,56.2422,0.3862
23295000,58,255.436,-21645.5,51.2918,0.3804
23310000,43,193.831,-21709.5,46.0159,0.371356
23325000,86,387.104,-21642.8,83.7828,0.391833
23340000,71,317.149,-21635.2,83.0868,0.411467
23355000,63,286.034,-21675.4,58.7286,0.386697
23370000,57,241.927,-21660.2,58.2072,0.388733
23385000,46,195.675,-21662.2,45.1067,0.377733
23400000,48,202.511,-21652.1,58.9904,0.3819
23415000,57,245.85,-21671.3,49.7046,0.361467
23430000,62,267.08,-21677.9,53.8071,0.387978
23445000,53,232.261,-21682,49.2322,0.388
23460000,53,223.389,-21690.4,40.3398,0.377067
23475000,36,149.842,-21689.3,40.5459,0.3736
23490000,50,209.456,-21634.3,49.4048,0.383
23505000,69,294.249,-21654,65.6169,0.3852
23520000,63,277.392,-21648.6,62.5816,0.393933
23535000,55,236.45,-21654.2,42.0348,0.393933
23550000,48,206.306,-21664.9,49.8629,0.373333
23565000,34,148.522,-21724.4,25.7109,0.376773
23580000,48,216.578,-21684.4,54.711,0.376429
23595000,60,270.62,-21652.2,62.6354,0.370711
23610000,63,286.595,-21647,53.1771,0.380067
23625000,58,249.986,-21646.8,53.7858,0.384
23640000,37,154.844,-21696.2,46.5482,0.380717
23655000,45,199.076,-21662.6,37.226,0.3796
23670000,49,211.354,-21662.4,46.2846,0.3702
23685000,42,182.175,-21710.9,39.4357,0.369642
23700000,49,213.628,-21706.5,49.1301,0.392
23715000,55,235.12,-21641.9,57.7688,0.378422
23730000,41,178.515,-21729.7,72.5538,0.3769
23745000,45,204.153,-21698.2,48.6502,0.362467
23760000,65,274.546,-21653.1,62.2632,0.382733
23775000,54,237.601,-21678.3,56.3274,0.404
23790000,63,288.852,-21667.6,55.608,0.393667
23805000,64,275.27,-21671.5,74.0219,0.4044
23820000,57,263.58,-21651.4,52.7724,0.404
23835000,40,177.011,-21709.1,43.3892,0.384836
23850000,39,181.147,-21717.3,36.613,0.371038
23865000,58,250.938,-21660.8,54.3175,0.380356
23880000,57,238.144,-21657.2,61.473,0.406333
23895000,39,178.4,-21727.7,55.6641,0.382333
23910000,45,200.397,-21696.9,37.0666,0.3948
23925000,61,262.904,-21675.7,60.7591,0.395178
23940000,41,182.664,-21702.9,43.495,0.3815
23955000,61,277.21,-21676,70.6626,0.3923
23970000,50,227.911,-21689.9,58.4049,0.396367
23985000,53,250.478,-21702.4,35.947,0.397367
24000000,50,231.051,-21702.4,47.8824,0.3914
24015000,46,209.001,-21688.8,55.3697,0.3842
24030000,39,171.284,-21690.5,26.8217,0.364956
24045000,51,221.319,-21693,42.322,0.378333
24060000,50,231.487,-21673.4,56.4577,0.395467
24075000,49,226.826,-21702.7,68.6518,0.386767
24090000,57,255.958,-21683.9,59.0486,0.379933
24105000,53,232.376,-21687,62.0249,0.395867
24120000,49,228.234,-21683.2,39.2868,0.403111
24135000,59,267.555,-21663.5,60.1434,0.381867
24150000,59,280.763,-21663,60.7145,0.3954
24165000,46,216.394,-21661.8,50.8475,0.380867
24180000,52,250.481,-21673.3,46.304,0.3782
24195000,57,259.531,-21675.7,50.9486,0.378333
24210000,49,205.436,-21664.4,58.3233,0.380933
24225000,53,243.349,-21645.6,51.0855,0.3704
24240000,55,238.238,-21692.6,63.8049,0.394348
24255000,65,290.896,-21667.6,77.7841,0.398467
24270000,51,228.399,-21679.5,40.1251,0.4114
24285000,42,181.151,-21667.2,34.4434,0.383567
24300000,49,224.16,-21674.6,37.7391,0.37
24315000,58,261.498,-21661,43.3959,0.392422
24330000,62,277.916,-21676,66.0291,0.400267
24345000,53,240.605,-21679.5,42.4731,0.398133
24360000,57,250.386,-21661.4,46.7319,0.381549
24375000,52,230.997,-21685,47.0558,0.401233
24390000,62,269.824,-21656.7,53.2608,0.3955
24405000,65,287.189,-21669.6,65.1222,0.4004
24420000,44,199.575,-21678.9,44.1336,0.401133
24435000,54,237.902,-21708.1,48.1076,0.381133
24450000,43,208.608,-21674.5,38.462,0.392689
24465000,60,262.867,-21682.3,61.7052,0.395133
24480000,61,256.26,-21678.9,63.3831,0.407667
24495000,60,267.541,-21682.8,59.1488,0.403267
24510000,51,237.459,-21676.2,39.8727,0.395583
24525000,46,194.834,-21671.4,46.8598,0.397489
24540000,40,163.806,-21700.3,44.4735,0.372
24555000,45,191.783,-21673,53.6987,0.377533
24570000,56,245.76,-21662.1,85.4386,0.391773
24585000,58,249.709,-21672.4,63.8488,0.4012
24600000,50,216.219,-21688.1,46.2585,0.394987
24615000,56,248.852,-21662.6,58.5167,0.396933
24630000,71,314.733,-21661.4,69.1252,0.400244
24645000,53,240.983,-21661.6,58.2124,0.397067
24660000,52,237.65,-21653.7,37.8105,0.372238
24675000,52,234.098,-21668.7,54.254,0.398733
24690000,53,239.441,-21677.7,56.1695,0.382633
24705000,63,278.028,-21657.4,55.1526,0.395167
24720000,58,243.993,-21666.4,61.7265,0.407733
24735000,62,280.001,-21656.8,58.8836,0.399067
24750000,39,159.716,-21663.4,49.6339,0.366667
24765000,50,204.108,-21668.1,46.6364,0.355133
24780000,40,174.688,-21689.7,30.5932,0.3916
24795000,45,199.718,-21667.3,46.015,0.3671
24810000,49,199.539,-21667.2,58.8142,0.383467
24825000,49,222.757,-21708.4,51.5304,0.388178
24840000,48,212.559,-21689,60.7706,0.387733
24855000,51,227.394,-21680.7,61.4593,0.4054
24870000,59,250.031,-21657.9,57.3613,0.391502
24885000,49,212.017,-21653.4,47.6612,0.382133
24900000,62,265.077,-21655.5,77.3575,0.389667
24915000,64,277.27,-21673.4,63.4335,0.400533
24930000,48,204.146,-21668.1,63.0773,0.378767
24945000,42,162.927,-21687.1,34.935,0.4032
24960000,53,234.572,-21650.9,52.5331,0.3882
24975000,42,186.764,-21658.2,34.7677,0.3838
24990000,53,227.946,-21685.6,42.7285,0.387107
25005000,47,206.519,-21664.5,42.0014,0.376367
25020000,54,232.066,-21680.9,43.0544,0.400253
25035000,51,215.03,-21660.5,53.9188,0.364867
25050000,59,266.488,-21672.1,40.8703,0.385067
25065000,60,257.376,-21647.3,56.3267,0.403933
25080000,57,268.088,-21654.3,51.289,0.393067
25095000,78,350.091,-21672.7,91.4726,0.41424
25110000,68,299.27,-21679.9,60.7021,0.417133
25125000,50,225.132,-21655.8,49.6952,0.377211
25140000,61,281.565,-21665.9,64.9394,0.39695
25155000,46,198.934,-21672.5,57.5045,0.375033
25170000,61,260.153,-21657.5,74.5826,0.401333
25185000,53,233.86,-21670.7,48.6418,0.399133
25200000,57,255.476,-21666.6,53.8222,0.39
25215000,59,264.441,-21663.2,54.3334,0.404733
25230000,53,225.009,-21670.4,60.9348,0.3936
25245000,46,203.476,-21675.2,59.1494,0.388933
25260000,40,174.431,-21682.3,51.0585,0.3756
25275000,49,224.623,-21700.1,58.6209,0.384
25290000,58,234.01,-21657.6,65.7259,0.384767
25305000,47,193.32,-21682.9,43.3612,0.39
25320000,51,230.849,-21675.9,60.5707,0.377552
25335000,56,256.645,-21661.9,45.4303,0.376467
25350000,44,179.483,-21683.6,44.2387,0.372493
25365000,56,248.929,-21672.6,49.5938,0.3795
25380000,52,229.403,-21658.8,50.8124,0.379467
25395000,54,247.937,-21672.8,42.2619,0.387989
25410000,42,180.385,-21679.9,41.8546,0.385083
25425000,56,242.294,-21681.8,65.5107,0.387667
25440000,59,262.061,-21656.8,61.6648,0.378717
25455000,38,173.332,-21696.8,35.8582,0.3897
25470000,48,200.705,-21699.6,48.3019,0.381167
25485000,61,262.884,-21656.7,68.3286,0.376689
25500000,59,250.758,-21670.4,50.7121,0.397267
25515000,73,314.003,-21682.6,70.3892,0.408133
25530000,68,325.793,-21651.4,56.1311,0.3946
25545000,51,232.481,-21684.7,61.7924,0.379427
25560000,56,243.506,-21705,60.0908,0.410044
25575000,48,210.335,-21679.5,45.4266,0.394711
25590000,50,227.123,-21679.1,46.7356,0.388733
25605000,50,214.361,-21705.8,49.8479,0.3966
25620000,45,200.462,-21684.3,58.1483,0.380867
25635000,47,205.21,-21698.7,43.2202,0.379967
25650000,45,209.91,-21693.8,40.0038,0.392933
25665000,56,258.227,-21676,58.8545,0.379
25680000,63,279.746,-21686.4,63.3448,0.396933
25695000,52,244.7,-21673.1,63.2765,0.389333
25710000,48,219.182,-21669.7,49.5882,0.3798
25725000,48,195.578,-21681.1,57.3528,0.3836
25740000,50,225.061,-21672.6,52.3903,0.397867
25755000,45,200.521,-21684.4,48.3916,0.382667
25770000,48,211.347,-21680.3,45.8193,0.373383
25785000,59,243.154,-21652,75.2953,0.396333
25800000,52,226.462,-21670.8,49.3149,0.378267
25815000,53,233.877,-21678.3,56.3889,0.372267
25830000,36,150.708,-21695.6,37.6637,0.384462
25845000,44,198.17,-21689.4,43.4166,0.387033
25860000,40,186.335,-21714.1,40.4192,0.379286
25875000,47,195.848,-21705.2,41.1885,0.3763
25890000,42,182.537,-21707,42.3723,0.3813
25905000,42,187.56,-21686.9,41.9114,0.378578
25920000,39,172.724,-21697.8,39.7229,0.370267
25935000,47,185.297,-21710.2,43.3129,0.3754
25950000,58,269.27,-21682.3,54.1697,0.381947
25965000,57,262.158,-21657.3,69.3039,0.372267
25980000,69,305.556,-21680.9,69.878,0.3776
25995000,54,244.464,-21662.8,52.4641,0.385533
26010000,55,239.821,-21665.2,44.2936,0.389133
26025000,44,203.85,-21682.1,40.4302,0.380133
26040000,44,195.185,-21665,43.3281,0.3748
26055000,52,208.375,-21673.1,70.3311,0.387542
26070000,49,193.885,-21681,43.4088,0.400667
26085000,48,205.438,-21689.6,57.0597,0.399133
26100000,56,241.11,-21689.6,53.0139,0.388933
26115000,62,291.605,-21652.1,53.002,0.379053
26130000,55,259.848,-21650.8,53.7869,0.384267
26145000,54,230.538,-21683.7,56.0578,0.392892
26160000,48,211.898,-21657,49.3686,0.3802
26175000,39,171.659,-21684.2,33.6226,0.3851
26190000,49,218.215,-21711.7,54.8237,0.369933
26205000,47,201.513,-21710.2,56.3187,0.388067
26220000,48,218.211,-21700,43.8837,0.385808
26235000,56,250.643,-21686,60.4577,0.3945
26250000,61,270.163,-21696.4,50.8711,0.389333
26265000,60,266.265,-21688.1,77.9099,0.3996
26280000,55,222.753,-21697.5,51.7651,0.406467
26295000,45,198.418,-21679.5,42.6769,0.4018
26310000,52,241.641,-21680.1,48.2284,0.392333
26325000,53,234.607,-21681.5,54.2286,0.388533
26340000,56,244.799,-21655.9,54.8073,0.390622
26355000,63,284.438,-21695.9,64.1244,0.383119
26370000,58,260.096,-21671.8,71.0532,0.396467
26385000,59,256.896,-21672.2,57.8403,0.397333
26400000,66,288.179,-21670.2,52.2022,0.402747
26415000,70,303.266,-21677,73.52,0.413333
26430000,55,244.313,-21668.9,58.8873,0.403053
26445000,49,224.236,-21670.7,47.5771,0.402567
26460000,42,178.413,-21700.7,41.6883,0.370733
26475000,44,204.068,-21669.5,37.449,0.375989
26490000,39,181.598,-21689.5,35.9487,0.352533
26505000,54,242.185,-21694.3,58.6664,0.376578
26520000,54,226.267,-21665.4,54.4802,0.3746
26535000,41,182.61,-21689.8,48.5336,0.375167
26550000,46,205.943,-21684.9,44.4295,0.369867
26565000,48,223.545,-21689.1,48.8252,0.3924
26580000,48,205.393,-21672.2,42.8317,0.391083
26595000,57,258.89,-21675.3,50.2968,0.385222
26610000,40,176.267,-21697.4,39.46,0.379767
26625000,42,180.952,-21704.2,49.406,0.3803
26640000,44,193.137,-21682.4,44.948,0.367333
26655000,40,161.136,-21666.1,47.3126,0.373067
26670000,47,200.213,-21696,49.568,0.372622
26685000,56,234.351,-21695.1,37.4316,0.386967
26700000,58,249.949,-21660.5,61.1372,0.3879
26715000,65,284.592,-21672.4,54.6596,0.404
26730000,69,280.335,-21660,67.7722,0.406467
26745000,49,221.29,-21695.9,64.2226,0.3922
26760000,54,240.014,-21685.3,60.5328,0.394467
26775000,45,185.414,-21684.7,44.0988,0.393717
26790000,47,206.338,-21659,39.2434,0.389917
26805000,48,207.629,-21644.2,54.8812,0.378133
26820000,39,161.416,-21663.3,40.4192,0.376867
26835000,43,184.029,-21667.7,35.0053,0.357933
26850000,49,208.672,-21688.5,51.7823,0.370267
26865000,51,218.989,-21696.3,46.4902,0.382019
26880000,47,209.504,-21675.2,53.2838,0.3894
26895000,46,200.066,-21705,42.8328,0.370725
26910000,41,192.585,-21692.4,50.1461,0.3879
26925000,46,211.969,-21692.4,42.3343,0.392267
26940000,45,203.948,-21685.4,48.0023,0.388111
26955000,41,183.211,-21685.2,42.324,0.381667
26970000,38,160.158,-21696.8,30.8573,0.3704
26985000,35,162.297,-21701.7,35.1073,0.382833
27000000,49,221.011,-21695.4,49.9892,0.3848
27015000,54,238.257,-21681.6,61.1745,0.389333
27030000,46,201.864,-21705.8,39.6153,0.388244
27045000,52,226.994,-21660.3,58.9511,0.382867
27060000,38,166.15,-21696.7,46.4822,0.374533
27075000,57,246.097,-21672.3,75.0702,0.399133
27090000,51,226.594,-21683.6,48.0352,0.389533
27105000,54,237.763,-21712.6,56.8099,0.390373
27120000,56,242.454,-21691.5,58.399,0.404067
27135000,46,189.507,-21693.6,44.7466,0.376213
27150000,43,178.56,-21693.3,41.879,0.3818
27165000,44,194.982,-21679.2,40.1589,0.3988
27180000,63,292.083,-21670.5,64.8015,0.39915
27195000,66,293.953,-21659.9,57.7736,0.403467
27210000,65,302.039,-21666.4,59.1066,0.420933
27225000,50,236.674,-21673.5,52.6383,0.408133
27240000,51,233.678,-21676.1,58.3794,0.4122
27255000,42,179.998,-21680.8,45.5516,0.385022
27270000,51,228.418,-21692.8,32.0116,0.386533
27285000,47,212.55,-21696.2,46.3469,0.387267
27300000,43,194.517,-21672.4,38.8406,0.3907
27315000,45,209.391,-21684.7,35.5549,0.372
27330000,44,193.069,-21667.6,40.3185,0.3868
27345000,50,228.956,-21688.4,57.6031,0.376867
27360000,51,248.61,-21692.5,37.9839,0.390067
27375000,53,236.872,-21697,46.8067,0.3923
27390000,49,220.345,-21692.1,45.08,0.399533
27405000,50,227.352,-21692.5,39.576,0.393978
27420000,43,195.94,-21673.2,39.2968,0.380733
27435000,46,213.222,-21709.4,40.949,0.3732
27450000,60,265.061,-21701.7,73.2323,0.372508
27465000,47,198.863,-21679.4,57.4431,0.378767
27480000,52,229.835,-21666.2,46.429,0.380667
27495000,43,194.393,-21684.3,51.3655,0.377267
27510000,50,227.125,-21655.9,44.7314,0.3722
27525000,41,192.424,-21681.7,42.0126,0.369253
27540000,52,232.258,-21662.9,51.697,0.379367
27555000,47,201.417,-21685.1,38.8141,0.388285
27570000,37,167.629,-21678.6,34.5279,0.3684
27585000,42,192.01,-21672.1,43.9462,0.369711
27600000,49,222.586,-21707.9,47.8423,0.3855
27615000,56,264.174,-21654.2,57.1555,0.3709
27630000,50,229.127,-21661.2,35.0171,0.3678
27645000,45,191.134,-21701.4,33.8616,0.397333
27660000,48,203.505,-21689.1,48.6422,0.3906
27675000,54,229.343,-21676.8,63.6796,0.37354
27690000,49,235.329,-21675.4,48.6576,0.373133
27705000,52,208.121,-21657.7,49.5554,0.3884
27720000,47,201.391,-21665,37.1197,0.379067
27735000,50,217.658,-21666,54.3767,0.368467
27750000,48,203.196,-21676,43.928,0.384767
27765000,59,230.911,-21650.9,59.3394,0.3851
27780000,64,286.412,-21643.6,54.0289,0.387933
27795000,71,316.952,-21631.7,61.9671,0.3826
27810000,56,246.164,-21661.9,59.6641,0.372233
27825000,74,314.569,-21602.1,85.8732,0.403867
27840000,90,381.061,-21615.4,87.5245,0.408467
27855000,83,357.46,-21622.2,78.3083,0.4112
27870000,64,269.67,-21635.7,82.6786,0.403333
27885000,53,231.904,-21625.7,57.4559,0.3822
27900000,60,250.636,-21656.9,53.8051,0.377933
27915000,49,220.173,-21677.8,48.2709,0.397514
27930000,74,329.988,-21658.7,83.0639,0.3968
27945000,71,301.858,-21671.2,79.2908,0.392333
27960000,63,276.089,-21669.9,58.8729,0.3952
27975000,65,277.58,-21660.5,63.0679,0.404533
27990000,67,279.507,-21649,61.8452,0.397533
28005000,64,278.741,-21624,68.8444,0.401
28020000,66,271.425,-21629.9,73.7224,0.3934
28035000,80,352.08,-21650,89.1279,0.395267
28050000,54,247.497,-21680,51.6811,0.393081
28065000,47,195.675,-21662.5,49.5662,0.396167
28080000,56,235.13,-21681,54.6442,0.383667
28095000,65,284.798,-21659.3,65.6511,0.392333
28110000,49,215.572,-21672.9,44.6299,0.3879
28125000,66,269.638,-21639.7,67.5843,0.407733
28140000,51,217.639,-21684.1,53.0846,0.388015
28155000,71,311.55,-21673.6,56.1716,0.396133
28170000,50,226.571,-21680.1,45.5582,0.396317
28185000,45,202.064,-21704.6,41.2955,0.3946
28200000,59,266.311,-21662.9,70.9053,0.392133
28215000,61,271.534,-21656.7,47.5575,0.389
28230000,55,252.838,-21644.1,57.7392,0.393333
28245000,41,182.332,-21698.7,44.1606,0.387362
28260000,53,247.091,-21666.3,46.5468,0.3793
28275000,57,238.599,-21642.2,51.6667,0.3828
28290000,45,195.877,-21706.2,60.3788,0.390152
28305000,47,218.368,-21698.9,49.8166,0.3842
28320000,47,216.806,-21713.8,46.0715,0.391533
28335000,40,187.742,-21697,42.0434,0.390933
28350000,49,231.366,-21683.5,49.6676,0.379057
28365000,55,256.868,-21687.6,61.3945,0.391333
28380000,52,218.151,-21667.9,56.6755,0.38921
28395000,57,234.606,-21670.1,45.4917,0.3754
28410000,71,300.083,-21679,66.15,0.3852
28425000,54,226.266,-21698.6,54.5115,0.370667
28440000,66,271.937,-21650.5,80.9057,0.402967
28455000,57,246.802,-21669.2,51.0233,0.382044
28470000,59,249.685,-21635.7,47.8709,0.401433
28485000,47,198.899,-21660.5,38.9124,0.387567
28500000,64,279.224,-21669.8,66.305,0.3997
28515000,40,182.17,-21683.8,44.137,0.394467
28530000,48,220.277,-21671.3,50.9118,0.3896
28545000,54,240.338,-21689,51.4611,0.385275
28560000,53,222.464,-21677.2,41.9171,0.387
28575000,42,183.908,-21693.1,39.0514,0.387267
28590000,45,203.924,-21679.9,35.089,0.378067
28605000,62,262.407,-21675.9,68.9835,0.390989
28620000,53,222.79,-21672.1,56.9301,0.3778
28635000,44,211.755,-21686.9,37.1459,0.3742
28650000,42,189.037,-21669.6,40.9274,0.389444
28665000,42,176.72,-21669,38.0147,0.361133
28680000,49,228.799,-21679.5,48.2102,0.376067
28695000,55,244.824,-21656.4,55.2927,0.383067
28710000,62,274.429,-21660,53.693,0.391933
28725000,76,330.987,-21661.6,69.546,0.406933
28740000,65,283.774,-21657.9,46.8383,0.412133
28755000,49,222.363,-21681.6,39.3626,0.384143
28770000,53,227.961,-21665.4,45.485,0.382267
28785000,63,279.199,-21656.6,62.0956,0.3894
28800000,62,271.588,-21667.2,59.9887,0.3932
28815000,48,216.141,-21659.4,51.5245,0.381017
28830000,48,214.51,-21679.3,49.2022,0.390533
28845000,58,267.163,-21689.2,57.834,0.381733
28860000,37,163.389,-21728.9,28.1748,0.384012
28875000,48,219.593,-21690.7,48.5952,0.3822
28890000,69,292.165,-21642.1,74.3533,0.394044
28905000,68,308.773,-21641,60.0543,0.3988
28920000,65,306.417,-21629.7,82.1419,0.404533
28935000,64,281.296,-21659,84.2463,0.399733
28950000,54,254.014,-21674.2,45.164,0.381867
28965000,61,264.617,-21677.8,58.1278,0.393
28980000,57,254.801,-21649.2,62.6871,0.4034
28995000,42,184.947,-21680,45.564,0.380792
29010000,57,256.835,-21679.8,60.3413,0.3864
29025000,62,271.096,-21667.5,73.9509,0.3888
29040000,49,228.918,-21689.6,52.0736,0.382333
29055000,56,236.528,-21661.8,64.0068,0.393667
29070000,61,277.647,-21644.9,55.8544,0.3882
29085000,71,324.49,-21656.3,69.1105,0.405733
29100000,68,303.49,-21670.9,58.2795,0.409867
29115000,57,241.898,-21679.3,53.3595,0.390533
29130000,50,230.326,-21713.2,56.5806,0.391141
29145000,42,194.518,-21723,39.8162,0.402
29160000,43,183.4,-21726.7,46.3217,0.384667
29175000,54,243.049,-21677.3,42.262,0.389233
29190000,41,188.707,-21686.5,52.9492,0.372493
29205000,50,223.491,-21689.1,72.4013,0.373267
29220000,44,187.406,-21679.7,39.2058,0.369467
29235000,43,197.158,-21695.4,59.694,0.384733
29250000,43,182.017,-21711.3,53.6943,0.384856
29265000,50,214.577,-21711.6,47.1496,0.3926
29280000,45,186.479,-21669.9,50.6057,0.383733
29295000,43,198.624,-21674.3,49.7057,0.385733
29310000,50,224.698,-21662,46.0277,0.363
29325000,48,203.385,-21685.3,44.6686,0.379333
29340000,54,237.501,-21673,56.2399,0.379133
29355000,60,250.029,-21662,53.077,0.393533
29370000,61,273.184,-21658.8,64.6484,0.400133
29385000,60,268.999,-21670.8,56.0833,0.390933
29400000,42,181.818,-21701.3,34.1239,0.388681
29415000,41,175.78,-21709.5,41.4971,0.388667
29430000,54,239.328,-21680.1,49.9289,0.391889
29445000,57,258.937,-21656.4,49.3526,0.389958
29460000,43,179.31,-21701.9,30.5888,0.391422
29475000,57,255.018,-21671.3,47.0064,0.394267
29490000,61,275.767,-21656.2,60.8034,0.380867
29505000,45,194.138,-21700,29.0911,0.379889
29520000,38,158.543,-21704.5,40.0871,0.369867
29535000,42,182.738,-21674.8,40.1418,0.3896
29550000,46,191.527,-21692.2,42.1424,0.385575
29565000,31,126.316,-21715.8,37.1857,0.368978
29580000,36,156.704,-21673,30.5722,0.373
29595000,38,166.08,-21697.4,42.4207,0.369422
29610000,55,253.839,-21680.1,50.9017,0.383033
29625000,56,242.816,-21674.2,66.5247,0.400667
29640000,46,208.594,-21679.9,33.9116,0.365347
29655000,52,227.072,-21680,53.6766,0.388483
29670000,44,191.355,-21670.9,38.0633,0.386667
29685000,41,183.315,-21694.7,48.9617,0.377667
29700000,50,226.946,-21692,44.2016,0.381733
29715000,37,166.614,-21688.1,39.2546,0.365267
29730000,43,194.243,-21683.2,31.2029,0.3662
29745000,52,225.038,-21645.1,34.903,0.374667
29760000,55,236.281,-21663.2,54.2414,0.374
29775000,52,232.86,-21661.8,54.5409,0.380733
29790000,55,252.745,-21663.7,64.8664,0.3886
29805000,62,264.562,-21630.3,69.8338,0.390867
29820000,63,282.1,-21649.7,63.2477,0.394533
29835000,43,193.837,-21671.3,41.1563,0.382156
29850000,55,238.981,-21638.2,50.0571,0.394
29865000,50,218.153,-21642.4,48.1641,0.375267
29880000,48,202.02,-21688.2,54.5419,0.362133
29895000,63,275.518,-21639.2,74.0429,0.3797
29910000,44,183.55,-21660.1,40.0363,0.3721
29925000,39,168.187,-21688,30.2658,0.371253
29940000,48,219.6,-21683.3,49.1304,0.3756
29955000,55,241.81,-21666.9,49.1218,0.366467
29970000,51,207.28,-21657.5,58.2133,0.388587
29985000,42,191.401,-21671.8,36.7521,0.371733
