generation,N_shifts,logPrior,logLik,eventRate,acceptRate
0,0,0.641453,-24231.5,100,0
15000,1,4.68553,-22072.4,2.26229,0.1756
30000,1,2.87442,-22069.2,1.6347,0.191594
45000,3,12.4635,-22060.1,3.98327,0.3536
60000,3,8.46229,-22044.3,2.29257,0.315333
75000,1,5.21463,-22070.4,2.62814,0.196371
90000,2,12.8951,-22043.3,4.31315,0.335133
105000,2,12.0639,-22042.2,2.11997,0.3818
120000,4,12.4737,-22030.7,2.5785,0.327967
135000,5,18.9662,-22022.5,9.39319,0.350467
150000,5,23.2537,-21971.2,5.58726,0.320171
165000,7,33.3389,-21960.3,6.08933,0.306533
180000,9,40.7389,-21951.1,11.4873,0.3142
195000,10,38.1984,-21934.1,9.47061,0.342733
210000,19,93.6747,-21895.4,22.2284,0.335367
225000,20,88.8336,-21904.5,27.7978,0.355067
240000,19,80.9279,-21892.3,17.7712,0.3564
255000,12,42.8122,-21919.9,7.56581,0.329067
270000,24,104.245,-21879.8,28.692,0.353167
285000,24,97.0944,-21840.6,26.2148,0.3474
300000,12,52.3318,-21919.4,12.0444,0.319733
315000,37,167.61,-21827.5,33.5773,0.355367
330000,33,146.066,-21815.2,48.1024,0.387467
345000,39,180.79,-21790.6,35.2016,0.386133
360000,47,205.305,-21808.3,41.0706,0.401
375000,52,243.258,-21799.4,49.7375,0.4214
390000,34,157.265,-21789.9,44.5974,0.3876
405000,43,176.882,-21737.1,31.3723,0.3648
420000,46,191.753,-21758.1,41.0736,0.385267
435000,56,235.288,-21750.3,60.3242,0.388533
450000,52,235.613,-21736.5,48.9237,0.398533
465000,55,253.974,-21726.5,49.0651,0.404733
480000,50,224.796,-21737.9,53.7508,0.408267
495000,30,131.076,-21791.7,30.0719,0.355918
510000,55,241.46,-21714,38.9454,0.407767
525000,71,311.092,-21734.4,52.8595,0.4004
540000,66,307.764,-21718.6,62.3578,0.418867
555000,34,145.921,-21766.8,38.7497,0.385233
570000,66,292.629,-21721.7,64.263,0.405067
585000,54,235.38,-21719.5,58.3245,0.399733
600000,39,171.654,-21741.5,35.7626,0.373022
615000,66,287.83,-21685.1,65.3648,0.409867
630000,63,267.066,-21687.8,67.0028,0.3992
645000,51,206.784,-21705.1,42.1963,0.396
660000,46,187.723,-21710.2,44.6932,0.380667
675000,47,196.722,-21706.3,38.0884,0.377733
690000,45,197.309,-21742.3,66.1576,0.373422
705000,53,233.255,-21729.9,62.1165,0.370267
720000,58,261.129,-21730.3,51.6803,0.395667
735000,64,277.636,-21701.6,58.5088,0.394833
750000,54,236.58,-21695.3,50.0172,0.388267
765000,50,209.962,-21749.6,64.2506,0.398667
780000,64,278.47,-21734.1,63.3462,0.401533
795000,62,282.773,-21697.1,69.0915,0.395733
810000,64,280.71,-21719.4,64.813,0.397467
825000,59,251.868,-21721.7,73.3767,0.3949
840000,52,232.819,-21705.7,52.2573,0.395833
855000,62,285.047,-21705.2,72.3169,0.400467
870000,54,229.861,-21727.7,50.7574,0.406844
885000,52,208.587,-21741.8,57.4716,0.3945
900000,47,209.845,-21751.2,50.8852,0.398733
915000,61,280.072,-21715.9,56.6748,0.405
930000,53,220.998,-21747.9,54.554,0.391767
945000,56,238.276,-21719.5,52.347,0.406767
960000,57,256.942,-21729.9,62.1638,0.396733
975000,50,210.801,-21718.3,58.662,0.403067
990000,60,265.389,-21704.6,73.4423,0.37
1005000,66,293.891,-21736.9,58.7077,0.403467
1020000,58,246.31,-21731.5,54.2084,0.390133
1035000,68,291.845,-21728.5,51.7773,0.4164
1050000,64,275.954,-21727.5,55.4926,0.406533
1065000,58,252.969,-21723.7,67.2304,0.405889
1080000,62,269.724,-21680.5,60.6927,0.395933
1095000,58,266.789,-21707.8,62.2195,0.405033
1110000,55,237.428,-21695.6,58.0237,0.396267
1125000,57,262.135,-21707.4,44.2189,0.396367
1140000,60,262.846,-21704.9,52.0765,0.3985
1155000,52,232.307,-21693.6,73.9121,0.390933
1170000,55,251.972,-21695.2,62.6507,0.380467
1185000,81,360.758,-21691.7,66.1855,0.388633
1200000,79,339.02,-21675.8,85.3905,0.403267
1215000,60,268.66,-21709.5,55.4326,0.401033
1230000,72,315.002,-21667.3,59.7783,0.408767
1245000,60,260.702,-21706.8,62.578,0.387533
1260000,74,319.209,-21685.2,73.9753,0.367203
1275000,75,321.669,-21699,105.57,0.3982
1290000,60,271.67,-21695,51.5499,0.396733
1305000,75,314.059,-21666.9,70.4027,0.3954
1320000,73,321.669,-21705,86.2694,0.407367
1335000,66,301.592,-21682,80.4128,0.4154
1350000,71,313.173,-21664.4,65.072,0.406244
1365000,71,312.199,-21677.2,59.042,0.419333
1380000,50,224.223,-21746.7,49.8631,0.398837
1395000,80,346.838,-21669.7,92.0393,0.409667
1410000,75,314.607,-21676.1,87.9756,0.402987
1425000,78,340.978,-21680.5,69.7174,0.4021
1440000,77,319.865,-21672.5,70.5223,0.3978
1455000,67,293.165,-21681.2,77.9803,0.407833
1470000,80,349.424,-21662.5,82.486,0.401233
1485000,58,268.76,-21689.4,63.4731,0.406733
1500000,72,333.075,-21684.4,57.6991,0.399667
1515000,70,312.909,-21664.7,64.3449,0.4
1530000,67,304.76,-21662.1,61.2005,0.399467
1545000,55,235.992,-21694.5,67.581,0.380333
1560000,63,269.901,-21701,64.9473,0.393933
1575000,78,343.373,-21687.1,75.5489,0.4076
1590000,83,375.806,-21651,87.2937,0.406
1605000,94,422.128,-21659.8,93.457,0.4028
1620000,95,406.275,-21642.1,86.3344,0.417333
1635000,86,382.554,-21647.8,76.7175,0.418933
1650000,82,367.272,-21656.3,79.6863,0.412533
1665000,71,298.155,-21664,73.054,0.400933
1680000,77,335.044,-21668.8,92.6787,0.408233
1695000,65,279.02,-21672.8,78.426,0.388229
1710000,56,232.115,-21656.5,48.9134,0.397044
1725000,52,229.379,-21675.7,54.018,0.395378
1740000,67,276.085,-21668.1,64.4047,0.3785
1755000,59,234.714,-21730.8,59.6356,0.402517
1770000,63,275.462,-21662.3,61.4747,0.3889
1785000,84,358.529,-21625.8,86.7912,0.3978
1800000,81,357.543,-21643.2,74.6842,0.398267
1815000,75,331.645,-21629,68.3453,0.4078
1830000,70,296.028,-21627.2,87.817,0.404733
1845000,57,219.804,-21691.7,55.0861,0.401767
1860000,92,395.166,-21633.6,74.426,0.4099
1875000,87,384.316,-21658.2,72.7281,0.419533
1890000,79,352.53,-21638.6,72.5501,0.399267
1905000,64,258.37,-21698.8,75.1155,0.41005
1920000,70,314.584,-21670.5,65.4908,0.4023
1935000,71,303.331,-21673.3,63.7437,0.407333
1950000,68,302.534,-21683.2,84.22,0.4144
1965000,60,266.857,-21693.9,57.7441,0.40195
1980000,73,334.632,-21669.2,74.5758,0.402167
1995000,68,289.34,-21704.8,63.6817,0.407133
2010000,67,276.785,-21713.5,67.9045,0.4166
2025000,72,308.497,-21659.6,69.5184,0.402556
2040000,76,348.767,-21673.7,66.3424,0.402333
2055000,49,216.054,-21719.8,40.0258,0.388124
2070000,83,355.813,-21656.2,83.9156,0.405167
2085000,54,235.759,-21692.7,63.1982,0.39364
2100000,67,294.872,-21676.4,63.9372,0.396333
2115000,58,248.381,-21684.7,62.8786,0.3934
2130000,48,209.156,-21727.9,41.9606,0.37528
2145000,71,311.123,-21698.3,73.5515,0.391667
2160000,56,229.605,-21691.3,51.2684,0.386667
2175000,50,212.033,-21720.3,47.1127,0.377733
2190000,68,293.973,-21685.6,81.3434,0.405556
2205000,62,269.621,-21666.1,61.3172,0.3838
2220000,67,308.713,-21735,55.3239,0.392889
2235000,46,199.678,-21703.6,53.3986,0.394075
2250000,62,277.728,-21694.4,68.1053,0.398044
2265000,71,311.538,-21678.1,78.7513,0.414067
2280000,70,310.32,-21686,69.5169,0.4018
2295000,61,262.936,-21701.3,55.9941,0.39816
2310000,52,224.032,-21702.9,53.2285,0.4043
2325000,51,216.441,-21712.4,43.7861,0.404867
2340000,57,239.831,-21692.1,65.4548,0.3928
2355000,73,324.808,-21682.5,79.0096,0.392975
2370000,80,341.61,-21671.9,79.9302,0.398733
2385000,77,347.283,-21688.7,74.8835,0.411533
2400000,76,323.74,-21693.9,81.9848,0.411467
2415000,67,288.779,-21669.1,80.2845,0.404933
2430000,74,286.11,-21694.1,68.5371,0.399367
2445000,69,299.546,-21683.9,75.442,0.397867
2460000,62,275.073,-21698.5,58.9522,0.405533
2475000,65,288.056,-21694.1,52.9419,0.411
2490000,69,300.706,-21681.9,75.1389,0.399467
2505000,47,199.288,-21721.1,51.9399,0.389695
2520000,66,277.562,-21685.6,66.2534,0.39856
2535000,57,241.114,-21685.1,53.8589,0.3888
2550000,65,276.247,-21669.7,58.5504,0.395933
2565000,63,278.156,-21706,72.7173,0.391173
2580000,70,308.071,-21705.5,82.1181,0.4145
2595000,69,301.603,-21695.9,74.0727,0.405333
2610000,57,243.346,-21728.8,51.9909,0.3956
2625000,55,242.391,-21713.6,51.1361,0.3861
2640000,49,221.047,-21714.8,52.6183,0.3894
2655000,69,308.478,-21685.2,59.7111,0.388522
2670000,60,274.74,-21688,75.4055,0.390133
2685000,54,241.422,-21690.9,44.258,0.393267
2700000,54,247.913,-21706.7,51.1644,0.377067
2715000,52,234.397,-21711.3,57.1993,0.378733
2730000,52,220.171,-21681.1,48.7183,0.37796
2745000,61,275.687,-21670.2,76.038,0.381467
2760000,59,244.521,-21700,49.1608,0.391407
2775000,70,291.066,-21675,64.316,0.409733
2790000,64,265.598,-21675.3,60.2238,0.389867
2805000,59,254.879,-21718.4,64.8072,0.402233
2820000,56,248.16,-21718.6,76.7269,0.379133
2835000,46,202.24,-21699.9,48.7997,0.380822
2850000,47,202.714,-21714,47.1777,0.387667
2865000,52,229.254,-21701.1,42.3249,0.386133
2880000,74,348.526,-21717.6,68.5643,0.390947
2895000,73,333.106,-21693.7,77.9543,0.4074
2910000,64,298.525,-21684.5,55.7238,0.404333
2925000,50,222.918,-21699.3,48.9876,0.377933
2940000,49,226.104,-21689.2,44.5173,0.364533
2955000,52,236.119,-21695,45.9981,0.3732
2970000,56,240.785,-21697.7,56.9368,0.3754
2985000,61,267.769,-21705.3,78.6726,0.389667
3000000,58,260.079,-21680.7,65.3047,0.3893
3015000,58,244.825,-21718.2,48.0459,0.397567
3030000,56,235.308,-21687.9,55.7214,0.3858
3045000,52,230.031,-21700.7,59.1521,0.393667
3060000,48,216.587,-21749,50.3828,0.382323
3075000,57,259.722,-21705.9,65.3592,0.367667
3090000,57,251.645,-21674.7,59.4022,0.3938
3105000,56,239.511,-21701.5,51.1163,0.392844
3120000,56,244.911,-21691.8,55.3057,0.391667
3135000,54,227.645,-21670.6,47.973,0.376867
3150000,43,186.052,-21715.7,45.7203,0.372978
3165000,50,200.165,-21712.1,42.8358,0.384133
3180000,63,256.621,-21703.2,60.3593,0.392333
3195000,57,247.435,-21679.5,56.3635,0.387217
3210000,48,204.366,-21726.6,39.6852,0.383417
3225000,56,238.469,-21666.9,63.5146,0.380033
3240000,55,226.131,-21699.5,59.9305,0.38965
3255000,62,272.733,-21684.5,63.6611,0.3732
3270000,49,210.238,-21718.5,43.7827,0.38605
3285000,55,241.722,-21673.6,47.8234,0.377167
3300000,53,233.841,-21675.2,48.4325,0.365733
3315000,51,211.592,-21679.5,44.7656,0.365
3330000,61,268.812,-21688.4,54.0657,0.384222
3345000,66,298.136,-21679.3,61.6559,0.399533
3360000,81,344.465,-21686.3,79.8576,0.390867
3375000,68,297.76,-21706.5,58.5279,0.4142
3390000,70,303.162,-21725,74.1022,0.412667
3405000,57,254.107,-21683.1,67.5557,0.401867
3420000,54,240.198,-21683.8,42.0687,0.399453
3435000,58,258.524,-21709.6,47.9872,0.374567
3450000,78,331.317,-21694.1,102.557,0.402
3465000,80,338.188,-21697.1,69.2583,0.417267
3480000,67,287.61,-21688,61.8774,0.406911
3495000,55,241.226,-21677.9,54.4652,0.371333
3510000,55,229.657,-21678.6,57.1866,0.399356
3525000,66,293.962,-21688.4,59.6368,0.407267
3540000,76,329.984,-21657.4,75.8231,0.387378
3555000,71,318.372,-21658.4,73.9048,0.398267
3570000,46,201.138,-21682.2,37.8011,0.395556
3585000,52,219.609,-21699.7,47.9752,0.382989
3600000,75,337.405,-21673.3,77.0413,0.392578
3615000,47,213.747,-21694.6,56.9584,0.376689
3630000,67,299.217,-21696.1,74.4012,0.394533
3645000,75,349.21,-21680.2,69.3179,0.3842
3660000,79,350.816,-21672.4,80.0596,0.411067
3675000,50,212.087,-21719.3,48.5106,0.375933
3690000,58,278.908,-21681.7,52.6637,0.398867
3705000,73,335.267,-21665.6,70.1864,0.391333
3720000,79,345.252,-21639.5,78.5121,0.401267
3735000,91,413.414,-21642.4,94.5516,0.4182
3750000,95,426.349,-21627.2,102.549,0.4158
3765000,92,419.502,-21653.1,103.409,0.416133
3780000,51,221.842,-21685.2,59.9588,0.395627
3795000,80,377.77,-21656.1,83.3965,0.413033
3810000,64,281.526,-21708.8,70.4337,0.395767
3825000,82,371.043,-21659.8,79.3676,0.412733
3840000,73,334.04,-21681.8,79.7178,0.404867
3855000,73,315.095,-21686.6,76.9356,0.419133
3870000,64,267.934,-21676.3,64.6656,0.393133
3885000,78,340.949,-21668.8,97.8001,0.403083
3900000,78,336.225,-21674.7,71.0554,0.416133
3915000,76,325.74,-21673.9,65.8936,0.413
3930000,70,293.786,-21667.8,79.2245,0.411067
3945000,70,311.592,-21670.2,87.3746,0.395
3960000,65,293.26,-21708.4,57.5473,0.403256
3975000,73,305.747,-21684.2,65.2885,0.4075
3990000,67,305.464,-21683.9,78.8998,0.394633
4005000,70,293.551,-21645.9,77.2814,0.4019
4020000,79,338.567,-21665.6,86.9196,0.3964
4035000,82,346.01,-21654.1,75.1786,0.405733
4050000,88,386.205,-21635.3,81.2908,0.396667
4065000,53,246.356,-21654.3,58.1573,0.385556
4080000,61,265.159,-21666.7,59.5632,0.377133
4095000,63,269.689,-21653.9,73.7055,0.397333
4110000,78,360.879,-21676.8,77.5458,0.398017
4125000,71,303.957,-21677.2,88.6096,0.415867
4140000,71,317.948,-21665.8,78.6569,0.395867
4155000,62,280.452,-21676.9,65.2656,0.407833
4170000,58,250.978,-21666.8,54.334,0.403067
4185000,76,359.338,-21671.2,88.4737,0.3964
4200000,55,253.414,-21711.6,50.1419,0.389781
4215000,71,305.601,-21655.2,68.9803,0.3924
4230000,69,315.463,-21690.7,83.0474,0.402533
4245000,74,319.328,-21664.1,76.1122,0.402767
4260000,66,288.07,-21663.8,61.3821,0.385533
4275000,65,295.298,-21658.8,64.1023,0.387267
4290000,64,305.133,-21671.2,56.6354,0.38555
4305000,60,280.047,-21667.3,68.319,0.3948
4320000,65,286.107,-21650.8,52.2953,0.3866
4335000,65,286.842,-21684.7,77.3619,0.3962
4350000,64,277.043,-21714.6,54.3525,0.396195
4365000,74,325.589,-21674.2,68.0181,0.393833
4380000,87,379.606,-21655.8,80.3298,0.401886
4395000,82,349.381,-21653.6,75.9171,0.409733
4410000,92,410.02,-21646,99.9126,0.4124
4425000,93,412.818,-21645.2,89.0657,0.415867
4440000,77,357.933,-21673.5,69.863,0.411933
4455000,71,306.944,-21683.4,78.3714,0.405257
4470000,83,369.742,-21676.9,71.367,0.412467
4485000,65,287.404,-21657.3,63.6919,0.411233
4500000,63,282.957,-21661.6,69.4647,0.383933
4515000,60,254.337,-21683.4,50.6217,0.390489
4530000,72,314.736,-21667.8,65.6664,0.4008
4545000,71,326.788,-21693.7,84.9345,0.395833
4560000,61,260.282,-21684.4,48.3464,0.395313
4575000,74,316.448,-21673.4,77.855,0.4
4590000,54,246.509,-21679.3,51.4307,0.391967
4605000,71,310.111,-21669.2,63.486,0.38785
4620000,69,300.22,-21666.8,67.9047,0.397933
4635000,58,251.2,-21661.8,54.6474,0.397533
4650000,65,277.162,-21689.6,54.8299,0.4022
4665000,52,234.091,-21692.9,51.7784,0.38628
4680000,63,268.09,-21699.7,63.2226,0.386567
4695000,61,256.932,-21688.9,60.739,0.389
4710000,63,282.446,-21693.8,61.4366,0.392859
4725000,63,280.555,-21701.4,66.5529,0.3958
4740000,62,260.773,-21688.6,62.9624,0.38265
4755000,59,253.138,-21669.4,58.9112,0.408933
4770000,61,271.799,-21686.7,50.4965,0.388633
4785000,66,281.872,-21654,66.6644,0.402167
4800000,58,253.591,-21710.1,47.9385,0.3973
4815000,58,262.976,-21675.1,58.3304,0.400933
4830000,50,207.811,-21694.6,54.4705,0.389981
4845000,62,283.006,-21699.8,62.3617,0.382067
4860000,52,228.094,-21705.6,57.2729,0.389733
4875000,61,268.895,-21671.6,50.6448,0.397467
4890000,73,310.627,-21655.6,91.4663,0.395067
4905000,82,365.935,-21639.3,89.9831,0.404267
4920000,70,311.81,-21681,88.0221,0.398467
4935000,56,244.005,-21680.6,63.977,0.379467
4950000,53,247.382,-21682.7,47.2974,0.389653
4965000,56,254.741,-21673.2,60.3471,0.384133
4980000,59,261.265,-21677,54.3513,0.390422
4995000,53,214.944,-21697.5,42.8308,0.372
5010000,53,224.761,-21671.5,56.7045,0.376733
5025000,65,268.891,-21693.9,67.2605,0.376933
5040000,60,266.376,-21672.5,57.9573,0.3964
5055000,65,283.461,-21681,73.1219,0.386817
5070000,52,234.701,-21724.7,58.9604,0.386219
5085000,70,311.971,-21658.8,67.6122,0.396333
5100000,63,278.353,-21680.2,67.668,0.3882
5115000,54,236.406,-21690.3,62.8636,0.385933
5130000,58,234.602,-21693.1,56.1917,0.3908
5145000,60,284.777,-21701.8,48.481,0.393467
5160000,62,277.326,-21738.6,53.5197,0.3987
5175000,61,269.919,-21712.7,52.744,0.4061
5190000,46,206.074,-21706.8,34.7971,0.383187
5205000,64,285.201,-21698.5,59.1124,0.408089
5220000,71,318.081,-21697.2,80.1543,0.410533
5235000,59,262.7,-21706.1,70.4717,0.392956
5250000,61,284.599,-21687.3,68.5715,0.408133
5265000,68,309.021,-21691.5,56.5869,0.394133
5280000,74,325.44,-21709.2,79.2361,0.408867
5295000,70,309.986,-21705.2,69.0974,0.410933
5310000,70,302.88,-21708.8,66.4311,0.4034
5325000,69,302.23,-21677,66.9143,0.4011
5340000,54,228.48,-21711.8,58.818,0.394133
5355000,74,332.239,-21674.9,64.1417,0.392467
5370000,65,261.615,-21717.2,54.4458,0.4052
5385000,65,291.648,-21693.2,61.1438,0.392022
5400000,50,221.718,-21692.2,41.7769,0.395044
5415000,61,263.762,-21690.5,63.7547,0.4001
5430000,56,259.781,-21682.1,64.6801,0.382467
5445000,51,215.579,-21697.6,51.2266,0.3911
5460000,57,252.634,-21680.5,54.1659,0.3856
5475000,59,250.737,-21679,50.9506,0.387911
5490000,63,279.396,-21702.8,51.1187,0.387133
5505000,55,241.814,-21681.7,56.2136,0.385044
5520000,71,313.205,-21679.4,69.2789,0.39584
5535000,63,285.46,-21665.7,59.8802,0.390711
5550000,83,368.066,-21673.5,86.4237,0.4032
5565000,77,324.383,-21657.8,98.3207,0.407533
5580000,63,288.389,-21697.3,59.9522,0.394347
5595000,67,275.065,-21680.5,57.9797,0.402633
5610000,66,290.418,-21685.5,63.1829,0.385587
5625000,72,311.217,-21690.9,77.7175,0.390867
5640000,74,327.451,-21675.8,70.3231,0.397267
5655000,62,269.001,-21678.4,76.0888,0.409533
5670000,62,270.241,-21683.4,79.836,0.389567
5685000,68,292.954,-21687.7,63.2454,0.397667
5700000,46,191.438,-21699.2,55.7316,0.3856
5715000,58,245.322,-21693.7,69.143,0.389007
5730000,49,206.995,-21712.1,45.223,0.363233
5745000,67,302.697,-21692,67.6862,0.3948
5760000,61,280.694,-21694.7,50.98,0.391067
5775000,64,274.973,-21690.9,64.8016,0.395467
5790000,70,299.025,-21694.9,77.7441,0.406733
5805000,68,299.599,-21694.4,62.6963,0.410133
5820000,58,261.121,-21691.1,67.9152,0.3907
5835000,66,276.871,-21665.4,71.8412,0.385467
5850000,88,399.757,-21684,73.9583,0.403867
5865000,66,292.072,-21668,72.3029,0.412333
5880000,68,298.163,-21691.6,65.2749,0.391272
5895000,73,320.643,-21670.1,82.2587,0.405189
5910000,75,329.035,-21681.4,69.2953,0.409067
5925000,66,274.295,-21684.5,67.1723,0.395617
5940000,71,317.37,-21690.6,66.8862,0.392933
5955000,61,283.034,-21689.5,54.7557,0.402667
5970000,55,233.587,-21679.6,58.3864,0.3836
5985000,55,234.522,-21699,40.3598,0.369933
6000000,59,248.719,-21705.7,66.7848,0.380867
6015000,52,214.685,-21671.2,58.1728,0.38955
6030000,48,204.616,-21695,39.9522,0.388567
6045000,53,226.283,-21697.6,41.5268,0.374267
6060000,67,296.398,-21684.3,51.3145,0.382642
6075000,56,237.787,-21691.7,43.9774,0.393967
6090000,58,260.294,-21659,66.4964,0.3858
6105000,75,323.283,-21672.1,74.6901,0.388067
6120000,70,312.538,-21680.5,72.7309,0.391067
6135000,70,295.816,-21675.8,63.8071,0.380383
6150000,63,291.934,-21681.8,54.4472,0.38003
6165000,65,286.432,-21696.8,74.5989,0.398
6180000,64,291.407,-21671.2,59.8911,0.384867
6195000,57,248.038,-21674.5,58.9276,0.379
6210000,59,245.694,-21672.5,56.1159,0.387067
6225000,59,248.835,-21688.9,42.7655,0.395067
6240000,60,258.399,-21672.7,71.5122,0.385867
6255000,65,302.091,-21701,73.2765,0.4114
6270000,42,192.039,-21699.9,40.9001,0.38306
6285000,52,237.975,-21692.8,60.5292,0.368867
6300000,63,282.245,-21700.3,60.8358,0.379744
6315000,58,271.661,-21680.6,58.5454,0.386
6330000,63,287.663,-21711.1,57.9329,0.385867
6345000,53,233.036,-21700.9,46.2612,0.394733
6360000,64,290.745,-21701.5,63.2382,0.396733
6375000,56,246.494,-21709.8,67.7883,0.3982
6390000,62,278.102,-21698.8,74.161,0.391533
6405000,68,308.394,-21703.3,67.5797,0.395325
6420000,57,244.96,-21724.8,55.2176,0.39855
6435000,66,280.436,-21688.4,63.7965,0.402567
6450000,68,292.471,-21690.7,74.9727,0.397
6465000,61,273.665,-21697.8,54.6034,0.39496
6480000,52,225.759,-21691.2,46.7662,0.39755
6495000,67,282.004,-21687.8,67.1151,0.394933
6510000,64,263.989,-21692.8,72.9215,0.397
6525000,57,258.305,-21684.8,53.1201,0.399367
6540000,72,315.206,-21680.8,65.7043,0.4053
6555000,83,385.977,-21675.6,71.5945,0.408333
6570000,81,350.125,-21686.9,80.2431,0.412533
6585000,49,211.747,-21699.5,55.8019,0.395238
6600000,86,381.333,-21696.1,88.9465,0.402967
6615000,74,319.556,-21675,65.9913,0.414667
6630000,68,287.459,-21705.9,74.1684,0.395222
6645000,64,270.144,-21698.8,71.0923,0.3997
6660000,58,239.872,-21674.9,59.2672,0.398007
6675000,66,282.783,-21697.3,82.7848,0.3985
6690000,65,268.714,-21660.3,62.9482,0.3861
6705000,57,243.897,-21668.4,56.2879,0.378
6720000,60,251.325,-21658.1,59.5587,0.3738
6735000,54,239.411,-21669.1,51.5676,0.376867
6750000,71,311.332,-21675.4,74.5248,0.399093
6765000,67,293.584,-21679.5,61.7595,0.408667
6780000,71,315.708,-21685.7,66.1576,0.398333
6795000,64,277.285,-21687.8,67.2907,0.385733
6810000,56,250.985,-21696.6,77.188,0.396533
6825000,63,287.505,-21695.8,56.0883,0.386323
6840000,65,267.968,-21692.9,59.8149,0.4058
6855000,82,373.378,-21657.2,78.6002,0.396178
6870000,86,379.767,-21616.2,93.1491,0.410533
6885000,80,353.729,-21638.5,74.0427,0.406933
6900000,61,259.236,-21701.2,51.6607,0.394433
6915000,52,229.386,-21705.1,47.1666,0.393096
6930000,79,343.272,-21646.9,70.9086,0.395756
6945000,79,349.863,-21641.3,88.4161,0.395133
6960000,67,303.243,-21655.7,65.3095,0.392
6975000,77,349.257,-21655.6,104.695,0.4012
6990000,66,271.607,-21692.4,70.8388,0.403911
7005000,55,247.566,-21702,47.3142,0.404067
7020000,55,244.899,-21675.1,53.3052,0.390533
7035000,56,259.221,-21682.2,56.4395,0.392767
7050000,71,306.15,-21665.1,66.8294,0.3958
7065000,60,277.46,-21695.9,59.7472,0.4128
7080000,55,242.966,-21712.5,64.7693,0.405467
7095000,73,307.391,-21663.8,76.3127,0.403267
7110000,74,345.919,-21668.5,89.1446,0.400133
7125000,78,355.044,-21666.2,78.8494,0.3984
7140000,78,356.966,-21689.1,71.9728,0.414
7155000,67,285.201,-21680.4,73.1769,0.419733
7170000,67,291.698,-21671.9,75.075,0.399296
7185000,66,309.822,-21660,83.1276,0.4178
7200000,58,256.471,-21711.8,54.059,0.393756
7215000,72,308.607,-21662.9,65.4741,0.394267
7230000,73,333.014,-21642,63.8657,0.399767
7245000,68,302.082,-21664.4,53.7356,0.3994
7260000,71,312.717,-21655.9,85.7125,0.401267
7275000,67,289.254,-21651.9,70.3627,0.3958
7290000,67,274.828,-21671.5,67.1484,0.3977
7305000,58,241.202,-21673,65.7519,0.396
7320000,68,299.501,-21647,74.2452,0.396911
7335000,75,329.769,-21660.2,71.9218,0.395333
7350000,67,298.259,-21658.9,48.3643,0.411533
7365000,61,276.349,-21663.9,61.0087,0.385111
7380000,62,271.813,-21692.8,60.135,0.3816
7395000,58,258.018,-21661.3,57.6115,0.389
7410000,61,272.542,-21652.8,68.2828,0.379933
7425000,72,309.371,-21643.4,82.675,0.391267
7440000,62,279.771,-21661.7,57.7842,0.409067
7455000,61,271.505,-21661.5,54.8125,0.398143
7470000,84,373.114,-21647,72.0766,0.381333
7485000,86,344.472,-21648.5,87.1724,0.414667
7500000,73,321.465,-21650.9,83.135,0.407222
7515000,71,318.273,-21662,64.943,0.4038
7530000,52,235.409,-21700,45.8832,0.394589
7545000,62,262.751,-21662.4,62.3414,0.3991
7560000,60,277.658,-21681.1,59.5347,0.39548
7575000,58,261.443,-21677.4,63.9509,0.377933
7590000,60,265.319,-21678.9,46.5475,0.380444
7605000,59,264.871,-21688.7,54.0914,0.399867
7620000,60,263.404,-21662.9,67.9739,0.383578
7635000,46,222.163,-21714.8,45.6087,0.384867
7650000,59,241.956,-21673.9,50.7496,0.394167
7665000,55,241.024,-21672.8,51.3209,0.391933
7680000,49,207.756,-21698.5,43.3402,0.381511
7695000,48,211.539,-21707.1,44.837,0.3884
7710000,54,243.614,-21705.1,64.7346,0.4
7725000,63,284.333,-21673.7,64.6766,0.393583
7740000,67,313.255,-21667.7,60.1552,0.395333
7755000,63,284.846,-21694.2,86.8529,0.388062
7770000,77,312.172,-21672.4,77.1838,0.4026
7785000,82,365.833,-21672.1,65.448,0.409333
7800000,76,324.026,-21676.8,85.6175,0.418067
7815000,86,384.948,-21673.8,87.5629,0.415333
7830000,70,289.613,-21648.7,71.5326,0.401547
7845000,69,305.348,-21651.2,71.1025,0.399067
7860000,87,390.1,-21656.3,79.996,0.403533
7875000,79,354.268,-21650,83.6216,0.4135
7890000,68,293.412,-21662.8,76.639,0.404733
7905000,47,198.623,-21697.3,52.9056,0.400872
7920000,57,256.615,-21659,50.3556,0.382533
7935000,61,275.147,-21688.7,59.9582,0.396517
7950000,66,287.969,-21656.8,74.1514,0.388967
7965000,66,277.51,-21692.7,69.6403,0.38225
7980000,59,266.906,-21671.6,54.8443,0.405067
7995000,62,269.186,-21686.4,66.6155,0.412233
8010000,65,276.097,-21662.6,62.2995,0.389517
8025000,80,353.907,-21658.8,79.2319,0.400333
8040000,66,287.599,-21656.9,54.643,0.391367
8055000,73,310.711,-21658,65.5016,0.413133
8070000,80,353.793,-21676.5,106.265,0.406178
8085000,68,311.693,-21659.5,63.8508,0.406333
8100000,73,313.073,-21689.9,80.987,0.405778
8115000,75,344.164,-21665.1,81.5577,0.422867
8130000,66,289.959,-21641.9,70.0321,0.3948
8145000,74,335.773,-21646.7,71.5476,0.402333
8160000,78,355.534,-21668.9,61.1046,0.412867
8175000,79,349.56,-21641.7,74.9444,0.383067
8190000,71,315.878,-21694.4,72.3815,0.401462
8205000,70,305.983,-21629.3,81.9034,0.3915
8220000,59,269.312,-21700.6,64.017,0.398367
8235000,67,305.866,-21658.7,80.2373,0.384033
8250000,65,292.339,-21684.9,66.8787,0.400878
8265000,48,207.099,-21704,50.6474,0.388356
8280000,50,225.221,-21687.4,61.0028,0.386633
8295000,61,266.294,-21676.6,56.4202,0.391733
8310000,62,270.193,-21662.7,50.9168,0.393467
8325000,56,254.584,-21688.9,46.9131,0.388133
8340000,56,245.568,-21681.4,65.4395,0.399667
8355000,62,261.025,-21681.9,60.5372,0.403067
8370000,55,248.186,-21687.6,69.8588,0.3969
8385000,58,255.816,-21682.1,53.235,0.3979
8400000,68,295.004,-21674.7,70.9061,0.401533
8415000,70,306.032,-21662.5,60.2549,0.401111
8430000,61,263.219,-21671.9,72.9253,0.398067
8445000,63,296.157,-21655.5,69.7572,0.390733
8460000,59,277.617,-21677,56.6872,0.4033
8475000,66,290.021,-21666.3,64.0044,0.397533
8490000,66,275.079,-21668.9,65.4092,0.387844
8505000,72,337.712,-21680,72.6497,0.4165
8520000,69,308.411,-21674.9,69.5093,0.3998
8535000,62,275.768,-21656.1,62.8855,0.384667
8550000,58,258.855,-21693.7,54.2335,0.391173
8565000,69,294.78,-21656.8,80.1306,0.397
8580000,62,261.849,-21644.2,59.1645,0.401013
8595000,68,315.661,-21685.9,74.3447,0.401356
8610000,69,312.089,-21676.3,64.2629,0.408067
8625000,73,320.096,-21669.6,67.4086,0.395083
8640000,69,286.292,-21676.9,65.3674,0.4086
8655000,61,248.128,-21652.8,60.7436,0.3948
8670000,58,272.684,-21690.5,46.7895,0.399167
8685000,74,352.524,-21663.4,68.6189,0.405033
8700000,66,302.888,-21669.2,67.4427,0.399533
8715000,51,232.152,-21695.6,62.2541,0.386511
8730000,65,304.97,-21654.9,67.9001,0.3969
8745000,68,309.099,-21711,60.0751,0.412233
8760000,56,233.902,-21674.1,50.2682,0.397167
8775000,56,255.448,-21698,65.4926,0.400267
8790000,60,263.92,-21711.5,64.7943,0.390848
8805000,61,259.826,-21714.7,68.6771,0.400067
8820000,61,258.231,-21685.1,64.7574,0.4008
8835000,72,316.334,-21641.4,57.5637,0.384213
8850000,79,364.692,-21701.7,70.5306,0.406633
8865000,72,331.642,-21661.5,65.1524,0.392367
8880000,61,265.553,-21660.2,56.8882,0.386667
8895000,46,220.85,-21703.1,33.1786,0.401156
8910000,60,253.422,-21648.9,56.8558,0.366833
8925000,62,274.252,-21670.7,50.9374,0.367867
8940000,55,248.659,-21678.5,44.5175,0.372667
8955000,52,234.87,-21664.2,66.018,0.378533
8970000,66,281.066,-21698.1,64.8032,0.390853
8985000,63,284.055,-21689.3,56.8443,0.4004
9000000,52,227.287,-21697.7,45.3565,0.387867
9015000,50,209.04,-21713.6,56.5841,0.385267
9030000,45,197.903,-21708.5,37.869,0.382058
9045000,51,217.83,-21676.8,44.6507,0.377311
9060000,58,242.924,-21670,53.8392,0.3816
9075000,67,287.27,-21705.7,65.9325,0.386067
9090000,57,236.075,-21691.1,57.8278,0.392767
9105000,56,246.036,-21667.1,68.0132,0.384
9120000,50,236.828,-21697.3,47.3959,0.389156
9135000,55,235.978,-21697.2,58.2648,0.372642
9150000,47,212.175,-21696.5,38.8475,0.389
9165000,64,285.824,-21661.8,59.9441,0.3726
9180000,58,254.207,-21656.5,57.787,0.390533
9195000,77,340.825,-21666,74.9411,0.407133
9210000,55,242.029,-21689.2,52.5906,0.3869
9225000,68,293.781,-21673.5,64.3501,0.417833
9240000,60,252.17,-21663.3,71.8486,0.398667
9255000,70,300.175,-21670.3,61.3762,0.3986
9270000,73,317.99,-21663.2,69.2526,0.401233
9285000,67,298.598,-21725.3,88.2552,0.39404
9300000,70,312.963,-21674,81.4869,0.408956
9315000,79,339.782,-21682.6,86.7708,0.417267
9330000,71,309.748,-21666.1,75.7759,0.415733
9345000,75,333.46,-21667.4,74.7081,0.411533
9360000,90,410.572,-21676.1,86.51,0.4224
9375000,77,336.817,-21658.2,81.0609,0.418867
9390000,49,205.264,-21716.2,57.6411,0.391
9405000,54,252.27,-21724.6,55.5111,0.3925
9420000,74,310.138,-21644.2,68.3386,0.405333
9435000,78,336.175,-21641.7,68.9175,0.3978
9450000,75,314.467,-21647.7,86.313,0.402133
9465000,71,334.708,-21647.4,80.0267,0.4034
9480000,45,196.46,-21711.4,44.3452,0.367533
9495000,68,306.225,-21671.4,59.333,0.388967
9510000,87,395.934,-21678.5,86.9453,0.414667
9525000,76,333.535,-21688.4,75.8946,0.4162
9540000,67,301.118,-21677,76.7075,0.406867
9555000,79,359.945,-21658.4,68.9045,0.4046
9570000,66,285.551,-21671.9,59.2218,0.405333
9585000,71,308.404,-21702.6,63.8936,0.3972
9600000,63,268.656,-21688.2,50.4538,0.400333
9615000,44,183.243,-21692,46.6981,0.386104
9630000,57,255.773,-21692.6,55.3439,0.403167
9645000,50,218.872,-21722.5,68.6558,0.380333
9660000,56,233.562,-21681.1,49.8771,0.392067
9675000,60,262.598,-21684.5,61.177,0.384733
9690000,63,269.69,-21676.7,73.8708,0.398067
9705000,59,234.84,-21659.3,54.4297,0.384783
9720000,73,318.57,-21671.4,80.538,0.403133
9735000,66,276.628,-21677.1,72.5951,0.395533
9750000,67,307.432,-21665.1,62.3255,0.398833
9765000,68,296.037,-21713.8,66.8891,0.386761
9780000,87,390.711,-21682.2,97.0751,0.404367
9795000,90,404.252,-21660,87.7037,0.4168
9810000,89,400.637,-21663.2,92.3173,0.426333
9825000,83,362.657,-21690.1,82.1285,0.410467
9840000,66,281.928,-21668.4,77.3988,0.4008
9855000,56,239.263,-21680.4,50.0787,0.38695
9870000,63,278.05,-21680.4,77.6976,0.3921
9885000,52,216.181,-21695.9,67.9986,0.396542
9900000,70,311.875,-21711.1,74.1059,0.389511
9915000,71,308.82,-21696.5,74.5504,0.394889
9930000,68,296.171,-21670.6,74.4902,0.409
9945000,63,275.774,-21668,74.6829,0.390933
9960000,77,331.62,-21679.8,86.0767,0.408133
9975000,76,332.517,-21685.2,74.8619,0.3982
9990000,74,321.012,-21672.1,76.0922,0.407533
10005000,62,257.506,-21690.4,53.6109,0.396417
10020000,80,342.573,-21667.5,78.5507,0.402167
10035000,57,252.566,-21747.5,59.6361,0.385259
10050000,74,338.991,-21666.8,82.5029,0.404167
10065000,48,212.719,-21708.8,46.7074,0.386633
10080000,63,278.792,-21692.9,56.2969,0.386067
10095000,51,226.487,-21688,53.9177,0.3942
10110000,63,265.972,-21694.9,65.0573,0.380333
10125000,37,168.543,-21724.7,39.4828,0.381789
10140000,64,295.034,-21658.5,72.6828,0.3813
10155000,67,303.067,-21664.5,74.883,0.391933
10170000,56,232.072,-21710.9,75.0971,0.388956
10185000,69,309.22,-21671.4,64.2984,0.3911
10200000,68,304.909,-21682.6,63.5052,0.407733
10215000,62,275.614,-21677.8,66.8778,0.3926
10230000,60,263.939,-21692.2,53.1298,0.397733
10245000,58,255.47,-21667.7,54.7342,0.3802
10260000,51,224.094,-21668.9,53.7913,0.3676
10275000,53,214.354,-21646.7,51.7237,0.378933
10290000,44,195.256,-21728.6,37.3936,0.370164
10305000,42,191.357,-21738,45.1856,0.368267
10320000,72,310.633,-21662.3,76.6667,0.383467
10335000,72,323.164,-21650.4,77.5137,0.392333
10350000,66,283.091,-21669,85.6586,0.381881
10365000,70,296.808,-21647.8,62.1289,0.4042
10380000,58,255.187,-21729.7,51.9963,0.385227
10395000,76,325.982,-21656.6,85.8648,0.4065
10410000,77,348.122,-21642.1,68.7449,0.404533
10425000,67,308.329,-21706.2,74.1283,0.384347
10440000,55,246.898,-21696.7,60.4466,0.394617
10455000,52,223.385,-21672.7,55.5489,0.385867
10470000,42,189.965,-21708.8,37.0367,0.391311
10485000,77,320.838,-21655.4,76.2971,0.395627
10500000,65,283.674,-21647.8,61.1314,0.3982
10515000,66,279.366,-21661.9,81.0116,0.391133
10530000,87,379.248,-21680.8,100.045,0.411067
10545000,84,357.974,-21657,90.1137,0.4142
10560000,55,222.555,-21688.9,62.5695,0.39301
10575000,69,301.803,-21685.4,71.8568,0.389533
10590000,58,246.52,-21664,73.7866,0.386533
10605000,54,229.217,-21678.7,59.0101,0.3855
10620000,73,313.062,-21680.4,71.5444,0.397133
10635000,61,269.834,-21680,62.9048,0.383558
10650000,50,203.849,-21682.9,49.8304,0.388733
10665000,75,330.789,-21679.5,65.5983,0.393733
10680000,59,259.978,-21663.2,54.4549,0.387556
10695000,62,269.749,-21687.8,72.9919,0.394667
10710000,50,213.275,-21679.8,47.1695,0.3701
10725000,65,283.245,-21677.7,57.8587,0.381507
10740000,65,284.498,-21693.7,56.9172,0.3805
10755000,61,273.946,-21657.6,56.51,0.385567
10770000,61,257.61,-21684.5,57.4105,0.394067
10785000,61,258.18,-21668.2,65.1621,0.3894
10800000,80,360.343,-21656.3,74.4815,0.403
10815000,80,348.043,-21645,86.1277,0.4048
10830000,57,247.363,-21670.6,53.1233,0.39544
10845000,71,313.384,-21667.5,62.3516,0.4048
10860000,65,288.662,-21681.2,67.2411,0.407333
10875000,51,229.161,-21699.2,44.1986,0.392867
10890000,62,265.458,-21675.9,66.6657,0.394367
10905000,57,249.372,-21687,62.004,0.3936
10920000,52,235.492,-21709.9,47.8602,0.389483
10935000,57,229.564,-21667.3,55.3351,0.371467
10950000,67,299.392,-21682.2,59.7251,0.387947
10965000,61,273.203,-21670.4,65.6175,0.407711
10980000,63,268.832,-21679.8,58.1976,0.392022
10995000,58,260.576,-21671.3,53.8143,0.390622
11010000,55,228.224,-21671.1,50.9469,0.385533
11025000,54,242.386,-21659,70.8321,0.3802
11040000,58,251.25,-21677.9,66.6787,0.379089
11055000,66,295.245,-21717.2,57.3532,0.384267
11070000,72,325.417,-21694.7,68.5958,0.393911
11085000,64,291.726,-21672.9,63.8631,0.4022
11100000,58,258.175,-21669.6,54.8542,0.3896
11115000,57,245.586,-21683.7,62.1515,0.389817
11130000,56,249.46,-21700.9,51.1398,0.398583
11145000,57,259.089,-21674.8,66.3388,0.386289
11160000,51,225.715,-21676.5,50.7575,0.396889
11175000,58,258.287,-21695,60.4217,0.391
11190000,55,234.124,-21684.8,53.1995,0.393933
11205000,48,213.171,-21682.7,55.6034,0.378417
11220000,48,214.55,-21690.2,39.6057,0.374333
11235000,49,223.758,-21684,47.4761,0.3718
11250000,48,223.976,-21688.7,44.5571,0.376733
11265000,53,233.294,-21699.2,47.3682,0.372867
11280000,52,218.956,-21686,44.5724,0.378311
11295000,52,237.91,-21692.6,50.3988,0.368267
11310000,53,236.647,-21686.3,58.9782,0.388333
11325000,56,233.803,-21671.5,48.2125,0.376756
11340000,60,250.571,-21705,62.232,0.382
11355000,46,203.477,-21717.6,39.0915,0.386076
11370000,52,214.321,-21669.4,46.8171,0.384
11385000,58,234.99,-21681.3,61.3311,0.397933
11400000,71,307.446,-21673.5,80.3634,0.388733
11415000,62,289.076,-21659,54.7817,0.4014
11430000,60,263.438,-21682.2,43.6639,0.395333
11445000,55,247.4,-21681.5,77.1884,0.386933
11460000,54,240.735,-21664.1,49.0494,0.379067
11475000,51,217.757,-21680.4,51.4857,0.387378
11490000,74,329.651,-21694.7,90.7209,0.403533
11505000,54,243.431,-21685.6,47.8343,0.382
11520000,64,287.339,-21659.5,83.1533,0.385733
11535000,61,273.252,-21690.7,68.2012,0.400044
11550000,64,283.977,-21662.1,58.7394,0.393662
11565000,74,328.506,-21638.5,68.268,0.3954
11580000,74,311.832,-21678.8,81.5244,0.378133
11595000,73,314.409,-21664.3,90.144,0.3866
11610000,71,313.928,-21650.9,68.6268,0.397133
11625000,79,334.533,-21656.8,87.3804,0.391
11640000,60,270.651,-21687.2,66.4822,0.38125
11655000,71,271.469,-21680.9,82.2057,0.393333
11670000,90,405.738,-21666.6,98.4637,0.396667
11685000,70,307.407,-21682.2,71.3096,0.393187
11700000,68,298.891,-21662.9,42.8378,0.393289
11715000,69,284.316,-21649.5,68.6044,0.399467
11730000,93,384.89,-21643.5,99.3724,0.40265
11745000,75,340.492,-21645.9,64.4572,0.400583
11760000,79,348.906,-21615.1,87.0893,0.392133
11775000,69,302.492,-21652.2,80.7543,0.393417
11790000,66,284.721,-21643.6,51.0023,0.387667
11805000,69,315.175,-21662.1,73.5537,0.409883
11820000,74,334.274,-21632.8,84.5599,0.403867
11835000,80,332.246,-21661.7,67.0817,0.4058
11850000,87,362.027,-21653.1,100.01,0.407867
11865000,79,343.116,-21673.4,96.4621,0.418867
11880000,71,320.768,-21679.2,61.1961,0.400307
11895000,84,377.975,-21658.4,76.3243,0.3956
11910000,85,376.346,-21695.8,93.1417,0.412033
11925000,75,335.145,-21664.4,71.0238,0.412933
11940000,76,322.74,-21652.4,67.2157,0.407467
11955000,65,296.773,-21674.5,60.008,0.413067
11970000,63,255.596,-21639.8,54.2911,0.392987
11985000,62,269.376,-21673.2,60.2822,0.387867
12000000,53,232.303,-21683.2,51.1932,0.3952
12015000,47,216.999,-21704.3,40.3355,0.3995
12030000,65,286.846,-21687.6,78.5126,0.382467
12045000,57,247.592,-21691.6,48.5035,0.395867
12060000,66,274.936,-21650.5,82.6831,0.386893
12075000,63,270.598,-21708.2,70.3169,0.383483
12090000,63,264.836,-21641.2,57.9784,0.396833
12105000,48,193.562,-21707.8,47.6618,0.407833
12120000,54,219.351,-21660.3,47.7742,0.384133
12135000,63,268.299,-21675,54.3442,0.3862
12150000,59,252.697,-21690.1,58.1582,0.374533
12165000,67,278.451,-21632.5,51.8456,0.390033
12180000,63,265.233,-21675.3,62.7369,0.390667
12195000,62,282.991,-21670.8,69.1896,0.388533
12210000,63,279.048,-21670.6,60.1683,0.383489
12225000,66,287.294,-21644.9,72.2676,0.393867
12240000,62,255.715,-21668.2,67.9071,0.3964
12255000,60,271.337,-21655.4,69.5177,0.3848
12270000,66,270.527,-21668.2,68.948,0.391478
12285000,54,223.774,-21687.1,47.3726,0.386322
12300000,76,328.285,-21682.6,82.972,0.413333
12315000,87,369.573,-21657,96.6185,0.417867
12330000,62,258.353,-21689.5,60.5839,0.395311
12345000,72,308.711,-21668,74.5803,0.407067
12360000,58,244.427,-21673.9,51.6236,0.387086
12375000,71,323.737,-21644.1,66.7432,0.4104
12390000,68,285.444,-21636.4,63.4698,0.402
12405000,63,273.387,-21673,73.0792,0.382444
12420000,59,260.364,-21660.2,55.3417,0.3884
12435000,73,313.496,-21667.8,66.2938,0.405
12450000,61,270.151,-21683.6,79.8656,0.398933
12465000,54,240.585,-21697.3,59.7512,0.393133
12480000,57,243.615,-21671.1,41.405,0.3854
12495000,60,254.673,-21676.9,59.7945,0.4006
12510000,48,206.844,-21699.3,45.7956,0.38885
12525000,68,288.935,-21677,85.934,0.393567
12540000,57,230.736,-21697,75.8156,0.380533
12555000,65,275.647,-21664.2,52.9391,0.385633
12570000,70,310.085,-21666.3,63.0508,0.3968
12585000,68,310.03,-21674.4,58.6522,0.407067
12600000,76,330.097,-21672.6,79.1549,0.400267
12615000,83,372.038,-21673.3,85.2524,0.414067
12630000,72,315.352,-21674.9,85.6776,0.376867
12645000,67,294.996,-21682.6,65.9209,0.4136
12660000,59,258.078,-21667.6,63.0574,0.3957
12675000,57,244.743,-21691.1,56.4015,0.4003
12690000,58,258.16,-21670.4,61.7685,0.374133
12705000,60,267.85,-21649.1,64.8956,0.369067
12720000,49,221.932,-21668.3,51.4694,0.365533
12735000,58,233.438,-21687.2,51.9747,0.394917
12750000,58,252.55,-21677.6,47.7788,0.392438
12765000,56,231.42,-21670.4,61.493,0.379533
12780000,61,250.349,-21687.7,66.174,0.387
12795000,54,234.195,-21693.2,67.4128,0.379
12810000,58,253.197,-21693.6,57.696,0.394893
12825000,49,226.332,-21711.8,42.5086,0.388813
12840000,49,217.488,-21687.4,57.0363,0.388333
12855000,48,223.109,-21687.8,53.401,0.373733
12870000,52,217.983,-21693.9,52.0507,0.387167
12885000,55,251.537,-21672,52.0385,0.389233
12900000,63,275.964,-21694.6,63.6881,0.4022
12915000,53,240.505,-21689.4,49.2396,0.365317
12930000,48,218.398,-21689.6,46.8804,0.3913
12945000,40,181.118,-21714.3,42.7894,0.368633
12960000,66,281.14,-21652.6,67.3394,0.385978
12975000,67,288.283,-21680.1,61.1325,0.393467
12990000,67,292.532,-21703,63.9406,0.413267
13005000,83,355.896,-21637.1,102.082,0.406244
13020000,72,325.437,-21672,68.628,0.377867
13035000,70,306.768,-21640,73.2852,0.399767
13050000,88,393.075,-21637.6,88.8384,0.4038
13065000,77,344.662,-21655.8,67.2617,0.404467
13080000,67,291.495,-21669,81.547,0.3802
13095000,65,287.794,-21689,62.6596,0.399187
13110000,61,253.07,-21690.6,67.2041,0.3926
13125000,77,326.824,-21648.8,92.4166,0.404822
13140000,69,307.169,-21672.1,86.3984,0.409067
13155000,54,225.192,-21677.4,64.2645,0.3872
13170000,62,276.052,-21673,54.0837,0.389267
13185000,72,330.762,-21672.3,71.6183,0.404133
13200000,49,216.869,-21684.9,46.1167,0.394467
13215000,55,259.65,-21664.1,68.8093,0.3922
13230000,56,258.593,-21711.6,58.6325,0.393354
13245000,67,309.156,-21663.8,76.7985,0.3972
13260000,61,284.438,-21707.6,65.9635,0.392267
13275000,75,347.135,-21671.9,72.5893,0.397767
13290000,72,320.009,-21709.4,69.6137,0.411467
13305000,66,291.509,-21695.3,75.8693,0.384181
13320000,43,196.146,-21697,51.0935,0.38
13335000,66,290.498,-21687.5,79.2626,0.3958
13350000,65,295.587,-21684.4,57.8079,0.403333
13365000,69,320.053,-21696.7,65.5146,0.406667
13380000,60,267.632,-21691.8,60.9243,0.394267
13395000,43,170.808,-21702.8,43.0381,0.396956
13410000,63,268.954,-21672,76.6645,0.377833
13425000,86,390.161,-21658.2,97.1779,0.399215
13440000,69,307.1,-21654,70.9851,0.4138
13455000,61,265.499,-21678.1,55.5929,0.388083
13470000,78,351.117,-21666.3,82.5209,0.3954
13485000,65,298.55,-21663.6,58.6846,0.404133
13500000,60,260.52,-21659,63.4373,0.397033
13515000,60,271.828,-21655.3,53.3854,0.3956
13530000,65,306.246,-21648.7,70.8799,0.393067
13545000,61,257.341,-21700.2,61.5578,0.379289
13560000,61,268.574,-21685.9,73.0652,0.402867
13575000,66,294.324,-21672.9,63.6197,0.410867
13590000,64,277.133,-21653.2,57.712,0.394381
13605000,57,249.583,-21696.5,45.5943,0.408033
13620000,51,209.158,-21698.2,68.1324,0.387867
13635000,56,244.505,-21692.4,65.3431,0.393333
13650000,75,322.999,-21677.3,74.7748,0.391111
13665000,69,307.257,-21688.2,69.2639,0.408433
13680000,66,274.903,-21664.4,58.526,0.4004
13695000,70,306.652,-21678.3,71.9959,0.397133
13710000,69,292.359,-21673.9,65.3621,0.406733
13725000,69,303.157,-21699.2,69.1704,0.40804
13740000,59,256.11,-21651.8,61.133,0.392213
13755000,57,244.84,-21688.8,50.6261,0.406667
13770000,60,256.033,-21658.6,59.4214,0.394867
13785000,65,281.326,-21659.6,58.8442,0.390733
13800000,80,349.487,-21666.3,77.8125,0.412667
13815000,75,317.794,-21679.2,71.0656,0.410733
13830000,65,293.368,-21663.2,73.113,0.400467
13845000,54,237.873,-21693.3,57.0691,0.386817
13860000,68,290.826,-21653.6,64.5924,0.402467
13875000,60,248.432,-21650.3,56.939,0.39785
13890000,68,300.887,-21685.9,54.9801,0.400867
13905000,59,266.814,-21683,50.5639,0.4018
13920000,58,258.016,-21658.8,73.5722,0.396333
13935000,58,241.508,-21666.8,71.9021,0.376867
13950000,60,253.202,-21706.5,66.4266,0.395133
13965000,59,253.647,-21728.1,65.7693,0.4054
13980000,60,271.973,-21677.5,53.6439,0.389156
13995000,47,191.725,-21696.3,45.8642,0.384127
14010000,48,216.635,-21727.9,52.694,0.386333
14025000,48,222.723,-21728.2,52.3677,0.3903
14040000,48,218.073,-21691.5,63.6915,0.3745
14055000,55,245.248,-21698.4,57.8375,0.399111
14070000,48,216.52,-21724.1,35.0205,0.383978
14085000,63,266.855,-21671.1,65.243,0.381467
14100000,72,328.13,-21689,76.6146,0.399378
14115000,77,331.318,-21670.1,80.15,0.394267
14130000,81,335.688,-21652.7,86.8584,0.405733
14145000,80,334.837,-21644.8,80.4704,0.409
14160000,70,305.837,-21661.1,75.3877,0.4106
14175000,76,326.236,-21682.1,78.3029,0.404533
14190000,66,287.28,-21685.9,58.9838,0.398875
14205000,67,296.448,-21674.6,59.4995,0.408133
14220000,70,303.353,-21671.9,70.9792,0.406233
14235000,59,242.729,-21683.9,49.7492,0.399433
14250000,66,285.59,-21674.6,54.5939,0.4026
14265000,61,256.903,-21667.4,58.9538,0.385
14280000,68,301.296,-21660.5,60.6009,0.399733
14295000,71,312.487,-21674.9,83.2099,0.407533
14310000,62,269.543,-21672.1,64.2919,0.384667
14325000,50,212.874,-21703.6,41.4917,0.4016
14340000,54,225.707,-21677.6,57.3307,0.390507
14355000,62,260.805,-21681.7,62.6749,0.386733
14370000,64,289.683,-21673.4,64.35,0.393667
14385000,54,230.396,-21668.5,59.2411,0.3958
14400000,55,227.32,-21664.5,56.2297,0.372533
14415000,57,250.606,-21665.4,64.5556,0.388067
14430000,52,236.736,-21663.5,57.0462,0.376067
14445000,54,245.43,-21658,53.5041,0.376733
14460000,60,264.945,-21681.8,61.4329,0.375533
14475000,52,234.383,-21692.4,43.3694,0.384558
14490000,55,243.327,-21703.9,57.4753,0.376867
14505000,66,276.102,-21693.9,82.914,0.400267
14520000,67,297.33,-21713.4,54.0423,0.396267
14535000,50,230.178,-21689.2,51.4673,0.404667
14550000,59,247.634,-21670.4,54.9169,0.385933
14565000,60,264.396,-21682.1,69.2347,0.3895
14580000,78,358.498,-21679.9,77.3545,0.397833
14595000,73,311.689,-21671.7,54.7228,0.403067
14610000,76,342.212,-21668.6,77.7625,0.3958
14625000,71,302.353,-21666.5,72.6126,0.393133
14640000,69,306.3,-21692,62.7411,0.399276
14655000,74,330.638,-21660.6,81.413,0.4027
14670000,84,351.981,-21658.7,88.2444,0.407571
14685000,76,352.805,-21680,84.4434,0.4134
14700000,74,305.259,-21666.3,79.0765,0.414267
14715000,78,338.215,-21646.2,72.2156,0.398267
14730000,76,331.034,-21643.3,78.7015,0.388867
14745000,66,285.113,-21638.1,72.0237,0.393467
14760000,63,289.576,-21701.1,54.5009,0.408467
14775000,81,341.672,-21647.5,61.319,0.393267
14790000,72,322.894,-21655.6,79.5817,0.4044
14805000,77,335.226,-21656.8,63.2247,0.381133
14820000,89,413.184,-21645.8,97.0925,0.401933
14835000,76,332.516,-21653.7,85.1951,0.403933
14850000,67,300.535,-21662.4,63.1996,0.3892
14865000,53,222.583,-21682.3,53.462,0.392297
14880000,62,287.322,-21664.2,59.5368,0.384133
14895000,69,293.645,-21676.4,57.3968,0.3768
14910000,53,225.123,-21650.5,62.82,0.376133
14925000,62,270.367,-21658.7,78.4251,0.373067
14940000,67,300.205,-21669.6,75.0257,0.3956
14955000,73,297.005,-21660.1,76.1035,0.406333
14970000,69,297.109,-21681.7,73.7815,0.405267
14985000,66,283.652,-21648,52.6342,0.3992
15000000,76,325.726,-21655.5,81.2562,0.401067
15015000,67,288.575,-21637.5,64.7857,0.387533
15030000,66,286.526,-21648.7,74.0482,0.390533
15045000,53,226.546,-21691,50.7631,0.384277
15060000,62,276.286,-21655.1,68.9711,0.3853
15075000,63,254.815,-21700,66.1221,0.385205
15090000,74,332.943,-21641.6,72.8904,0.380333
15105000,64,290.86,-21694.6,69.4969,0.3962
15120000,70,309.891,-21664.1,64.3376,0.3982
15135000,61,260.351,-21693.4,53.6827,0.408933
15150000,69,301.612,-21633.9,54.7754,0.3949
15165000,65,284.438,-21676.4,71.3577,0.3836
15180000,66,267.667,-21634.4,74.5009,0.388967
15195000,63,260.919,-21644.6,52.5142,0.3844
15210000,68,270.656,-21652.3,79.4996,0.3848
15225000,77,325.703,-21681.1,75.6786,0.396
15240000,79,326.099,-21646.4,79.6927,0.392667
15255000,58,255.668,-21647.1,59.7037,0.394067
15270000,47,200.867,-21690.7,56.8505,0.387267
15285000,59,248.026,-21668.9,71.1371,0.387467
15300000,61,271.493,-21674.1,49.4839,0.382267
15315000,56,253.248,-21694.3,65.339,0.391133
15330000,46,185.896,-21694.5,46.005,0.3868
15345000,56,245.179,-21695.3,54.5712,0.3864
15360000,66,293.076,-21676.2,66.2007,0.386057
15375000,74,324.794,-21690.5,62.847,0.402711
15390000,71,313.258,-21653.3,86.7369,0.405378
15405000,72,329.773,-21655.1,76.9283,0.407733
15420000,69,310.327,-21683.6,70.0967,0.396911
15435000,91,418.263,-21658.2,85.8142,0.413233
15450000,78,339.446,-21641.8,96.5304,0.412333
15465000,84,379.307,-21663.1,77.6993,0.407733
15480000,80,360.791,-21663.9,79.7573,0.411133
15495000,79,346.968,-21672.9,93.1459,0.40792
15510000,83,336.443,-21659.9,72.0208,0.4098
15525000,81,349.313,-21642.5,66.2742,0.410422
15540000,72,305.773,-21682.5,74.2308,0.4057
15555000,86,371.555,-21645.9,68.9388,0.4049
15570000,86,370.007,-21645.1,95.7215,0.408133
15585000,85,388.218,-21632.5,91.9614,0.399
15600000,81,353.909,-21651.9,84.2529,0.407067
15615000,76,337.226,-21631.9,73.0588,0.399467
15630000,52,237.899,-21704,52.1018,0.402878
15645000,80,362.286,-21638,72.5114,0.396233
15660000,83,359.422,-21625.6,88.8269,0.408133
15675000,81,354.963,-21629.9,65.1677,0.405867
15690000,71,317.217,-21649.5,60.6129,0.410467
15705000,68,300.403,-21648.6,67.8073,0.3978
15720000,60,262.851,-21678.5,74.2743,0.387956
15735000,73,322.797,-21654.8,69.4205,0.3947
15750000,72,324.744,-21655.8,82.9014,0.403933
15765000,71,310.296,-21659.7,86.0523,0.398467
15780000,49,211.796,-21693.6,47.1737,0.378173
15795000,54,229.152,-21700.3,70.7285,0.392133
15810000,64,281.877,-21657.2,61.4243,0.3904
15825000,61,262.012,-21663.1,55.5799,0.396033
15840000,64,286.295,-21674.2,52.7518,0.378067
15855000,64,290.607,-21672.5,61.7516,0.394133
15870000,68,291.557,-21672.5,69.4852,0.390467
15885000,56,237.748,-21660.3,56.3216,0.392067
15900000,68,295.771,-21658.7,56.5534,0.3896
15915000,72,306.265,-21660,77.2009,0.3928
15930000,62,271.108,-21684.5,64.2385,0.398667
15945000,82,380.279,-21684.9,73.295,0.392516
15960000,74,329.898,-21654.7,69.7531,0.393933
15975000,82,362.242,-21657,82.9356,0.415667
15990000,72,309.01,-21683.6,68.9935,0.4128
16005000,61,270.696,-21688.7,53.6389,0.392029
16020000,59,253.611,-21701.6,55.4181,0.395067
16035000,66,278.6,-21694.4,77.6536,0.3932
16050000,69,283.671,-21668.1,55.7836,0.4032
16065000,64,277.994,-21670.9,56.4746,0.4134
16080000,54,246.964,-21706.9,48.366,0.394683
16095000,66,310.13,-21678.4,68.3606,0.3904
16110000,68,306.851,-21694.4,64.1198,0.400333
16125000,81,371.125,-21680.5,72.742,0.4042
16140000,68,308.914,-21674.8,72.882,0.4122
16155000,60,268.663,-21658,60.8218,0.386267
16170000,65,289.473,-21679.5,66.8714,0.375933
16185000,64,283.518,-21692,66.0143,0.391396
16200000,70,324.434,-21711.8,64.7577,0.4015
16215000,68,310.327,-21677.9,94.0985,0.397578
16230000,79,358.293,-21680.2,75.0313,0.4154
16245000,74,317.006,-21655.4,73.6878,0.411756
16260000,72,303.883,-21666.7,75.829,0.404867
16275000,67,284.48,-21663.6,64.897,0.395622
16290000,63,278.806,-21645.2,60.1473,0.385
16305000,68,285.551,-21676.6,61.1338,0.404978
16320000,59,254.231,-21682.6,44.6457,0.391733
16335000,65,298.478,-21684.7,63.4424,0.398733
16350000,66,297.371,-21680.4,69.8266,0.406067
16365000,55,232.511,-21697.6,54.8859,0.393489
16380000,60,269.421,-21685.1,58.9702,0.381733
16395000,65,285.56,-21691.5,74.2748,0.395422
16410000,67,268.989,-21687.5,70.6866,0.395167
16425000,55,245.556,-21692,63.6865,0.3946
16440000,54,253.237,-21695.7,52.8026,0.3828
16455000,69,292.093,-21676.3,67.8817,0.3925
16470000,57,250.799,-21662.5,53.4316,0.3896
16485000,61,259.01,-21687.6,57.7494,0.390911
16500000,65,266.226,-21683.9,57.0535,0.387287
16515000,66,278.365,-21657.9,62.0019,0.384978
16530000,60,263.852,-21648.3,53.8065,0.3826
16545000,67,286.734,-21676.1,72.4733,0.399
16560000,71,313.628,-21671,58.1823,0.397867
16575000,66,287.2,-21684.9,59.2543,0.4027
16590000,68,292.673,-21672.3,73.9413,0.4006
16605000,70,309.111,-21657.9,67.6416,0.3888
16620000,74,327.379,-21661.4,69.9088,0.400533
16635000,68,293.1,-21670.5,69.7195,0.380238
16650000,53,221.505,-21674.2,62.1031,0.386933
16665000,55,239.313,-21680.7,46.2558,0.3919
16680000,68,296.872,-21688.1,73.0939,0.40379
16695000,58,257.341,-21689.7,52.5985,0.399133
16710000,70,305.716,-21662.7,62.2516,0.385333
16725000,61,272.966,-21676.9,50.988,0.3958
16740000,80,344.711,-21635.9,84.2458,0.379373
16755000,77,347.569,-21653,73.8859,0.3948
16770000,66,292.923,-21672.7,54.6952,0.386708
16785000,58,244.786,-21687.5,51.8922,0.396017
16800000,66,278.953,-21687.3,71.6483,0.394367
16815000,62,261.872,-21702.8,56.6371,0.3922
16830000,64,267.728,-21655.9,63.1561,0.39308
16845000,66,282.512,-21691.5,69.273,0.3834
16860000,71,301.029,-21681.5,71.8758,0.404067
16875000,50,205.642,-21680.1,46.8326,0.396183
16890000,56,235.518,-21671.9,68.4357,0.3918
16905000,51,226.44,-21686.6,41.6527,0.375967
16920000,60,266.476,-21682.6,60.3939,0.383467
16935000,62,277.787,-21669.2,66.053,0.384978
16950000,56,236.282,-21680.6,47.3479,0.385689
16965000,67,294.78,-21684.8,72.4171,0.389333
16980000,61,245.637,-21678.5,57.691,0.3828
16995000,74,319.636,-21667.3,62.8205,0.3912
17010000,63,278.159,-21654.3,63.163,0.400733
17025000,62,274.87,-21651.1,71.1623,0.404333
17040000,52,223.142,-21686,48.6996,0.383133
17055000,49,211.958,-21685,47.8197,0.392686
17070000,58,263.495,-21689.4,51.9322,0.3884
17085000,65,274.587,-21686.5,61.3916,0.384233
17100000,55,237.936,-21669,54.274,0.3811
17115000,66,288.005,-21663.8,76.5325,0.381
17130000,61,264.499,-21651.2,49.8725,0.3808
17145000,61,273.575,-21675.5,62.8893,0.383533
17160000,70,322.737,-21657.8,75.0615,0.393
17175000,62,274.525,-21692,65.8895,0.391429
17190000,57,258.071,-21695,58.3126,0.402667
17205000,54,236.044,-21706.9,48.4835,0.3928
17220000,61,254.252,-21648.5,59.0559,0.397283
17235000,64,284.553,-21663.4,72.0003,0.403313
17250000,69,306.086,-21691.4,60.4176,0.3952
17265000,78,348.787,-21664.4,73.7283,0.393333
17280000,62,265.508,-21688.4,53.8773,0.384183
17295000,60,263.32,-21686.3,58.8129,0.3888
17310000,80,328.19,-21650.8,89.6496,0.412089
17325000,80,352.743,-21656.6,84.9773,0.424
17340000,71,315.805,-21689.6,71.4046,0.405267
17355000,76,353.649,-21676.7,67.7331,0.393493
17370000,61,264.568,-21685.2,55.9182,0.408267
17385000,57,251.986,-21669.3,55.6249,0.402467
17400000,66,289.297,-21678.8,71.5599,0.397333
17415000,45,201.374,-21668.5,45.5071,0.389867
17430000,56,243.731,-21682.2,55.0614,0.386033
17445000,54,240.623,-21648.4,61.2842,0.367633
17460000,57,252.716,-21658.6,59.0375,0.380733
17475000,72,317.178,-21664.8,65.9473,0.393133
17490000,61,264.092,-21667.6,47.6453,0.3962
17505000,48,204.022,-21690,54.8653,0.382474
17520000,57,251.436,-21692.1,53.6403,0.379011
17535000,60,273.284,-21635,67.4886,0.369133
17550000,52,236.552,-21688.8,50.7888,0.391756
17565000,78,342.12,-21627.3,72.2722,0.400567
17580000,94,398.099,-21623.5,84.9332,0.407667
17595000,75,325.098,-21640.5,72.3561,0.409067
17610000,60,254.881,-21671.1,61.407,0.402889
17625000,77,354.598,-21644.6,75.9889,0.389367
17640000,76,334.949,-21620.4,82.5775,0.405533
17655000,87,381.784,-21639.9,91.7027,0.412267
17670000,81,342.737,-21629.8,79.6847,0.415667
17685000,72,318.085,-21712.9,72.2957,0.4
17700000,75,333.993,-21641.4,65.6346,0.405667
17715000,88,382.698,-21640.8,105.854,0.4096
17730000,64,290.5,-21643.7,65.1593,0.404
17745000,80,361.523,-21641,85.1693,0.4038
17760000,84,384.46,-21668.5,73.5658,0.408667
17775000,84,378.473,-21658.7,88.1623,0.412667
17790000,88,408.996,-21668.4,76.7464,0.416867
17805000,76,346.554,-21646.5,69.8487,0.4162
17820000,57,252.758,-21733,58.6342,0.398319
17835000,56,252.783,-21726.6,57.1905,0.400867
17850000,53,240.571,-21698.7,52.8869,0.39975
17865000,61,273.285,-21662.1,69.781,0.402083
17880000,71,306.922,-21665.9,58.7092,0.386733
17895000,59,238.59,-21708.8,58.1813,0.393967
17910000,54,235.095,-21694.9,52.5236,0.37995
17925000,61,278.995,-21660.4,68.1991,0.383733
17940000,60,261.116,-21728.4,69.2941,0.390089
17955000,71,328.2,-21677.5,72.4716,0.400227
17970000,51,210.293,-21709.9,56.9445,0.3906
17985000,44,192.793,-21713.3,50.7016,0.3774
18000000,61,264.651,-21680.6,73.2436,0.389133
18015000,59,252.88,-21673.2,64.7564,0.384444
18030000,62,287.465,-21659.2,57.8728,0.388867
18045000,58,239.84,-21668.8,62.1646,0.389911
18060000,60,257.582,-21685.1,46.481,0.393933
18075000,56,239.622,-21679.5,67.2019,0.384511
18090000,62,278.871,-21687,57.6134,0.387733
18105000,65,279.9,-21681.7,59.9068,0.4022
18120000,67,301.1,-21680.4,64.4945,0.4124
18135000,60,249.905,-21657.9,50.0638,0.391911
18150000,64,276.616,-21688.8,56.3343,0.39117
18165000,64,262.746,-21707.3,69.8072,0.408133
18180000,61,266.647,-21680.7,54.8752,0.385556
18195000,68,295.359,-21719.7,56.6023,0.398433
18210000,52,220.553,-21697,60.9409,0.398833
18225000,46,214.595,-21709.4,52.0354,0.3806
18240000,49,218.418,-21696.3,50.4387,0.400644
18255000,67,290.362,-21667.4,60.9201,0.390227
18270000,56,259.088,-21721.2,63.3736,0.392033
18285000,52,232.142,-21721.7,64.002,0.402
18300000,73,326.612,-21684,73.375,0.388867
18315000,65,289.568,-21676.2,61.4735,0.400133
18330000,67,293.599,-21681.9,63.9582,0.402311
18345000,76,322.497,-21678.4,79.213,0.4078
18360000,73,316.952,-21680.2,77.8853,0.3886
18375000,59,264.501,-21686.2,73.661,0.3887
18390000,61,263.713,-21709.5,64.7903,0.392885
18405000,55,236.499,-21690.5,49.3688,0.393222
18420000,60,253.547,-21676.4,66.1779,0.3896
18435000,59,232.828,-21689.9,73.1819,0.3872
18450000,47,198.395,-21729.8,59.1882,0.375067
18465000,59,259.234,-21681,66.6994,0.3902
18480000,78,359.217,-21704.8,77.9939,0.410733
18495000,65,284.363,-21699,67.2411,0.395844
18510000,68,297.64,-21644.2,70.9185,0.408967
18525000,73,307.161,-21667.5,65.9487,0.411656
18540000,69,305.211,-21667,55.7298,0.4052
18555000,60,250.884,-21671.5,52.1606,0.390689
18570000,58,257.762,-21646.8,58.4973,0.3776
18585000,60,268.198,-21707.6,52.6225,0.393911
18600000,55,239.339,-21678,66.5938,0.383567
18615000,61,261.765,-21667.9,65.571,0.380933
18630000,57,245.481,-21694.2,57.766,0.385474
18645000,61,267.805,-21651.4,68.1161,0.393067
18660000,46,199.166,-21689.2,42.2099,0.394027
18675000,66,273.631,-21680.5,46.7133,0.393333
18690000,74,338.214,-21675.9,64.7233,0.400711
18705000,73,330.931,-21665.2,81.1765,0.410733
18720000,60,260.899,-21667,68.3039,0.391489
18735000,59,246.213,-21675,45.3046,0.375333
18750000,47,213.646,-21676.2,44.0573,0.388133
18765000,56,242.757,-21664.2,68.6866,0.3812
18780000,56,238.568,-21678.2,75.8148,0.3828
18795000,67,303.948,-21691.7,52.5492,0.397733
18810000,65,282.047,-21699.9,60.1043,0.415733
18825000,55,234.706,-21702.7,54.7421,0.389925
18840000,47,227.221,-21696.6,40.9716,0.389986
18855000,54,237.221,-21690.9,56.4305,0.397333
18870000,57,239.117,-21696,58.7761,0.393667
18885000,63,276.286,-21678.1,69.5629,0.396267
18900000,68,281.22,-21704.1,60.5174,0.392067
18915000,54,232.039,-21691.9,56.9322,0.3814
18930000,48,211.691,-21678.3,49.6884,0.372
18945000,48,212.202,-21662.7,34.7275,0.377267
18960000,54,233.856,-21690.1,56.1253,0.391753
18975000,60,254.527,-21687,63.3448,0.382433
18990000,50,212.679,-21702.2,51.3932,0.3854
19005000,53,239.533,-21727.8,49.9164,0.389829
19020000,57,248.962,-21738.5,57.5423,0.3974
19035000,71,304.448,-21685.2,72.9169,0.381067
19050000,66,268.071,-21686.2,71.047,0.3988
19065000,53,217.294,-21706.6,52.734,0.387667
19080000,48,207.27,-21712.2,63.5696,0.363933
19095000,62,264.515,-21682.8,64.8742,0.38652
19110000,69,288.02,-21707.1,55.9194,0.38396
19125000,63,290.104,-21681.6,71.8627,0.3855
19140000,56,240.95,-21681.3,52.1523,0.3898
19155000,55,240.256,-21705.4,70.8757,0.38812
19170000,62,267.626,-21695.5,58.1211,0.397267
19185000,56,249.474,-21722.7,55.53,0.391511
19200000,58,256.89,-21703.9,54.8872,0.387333
19215000,45,195.413,-21720.7,41.5802,0.396952
19230000,59,251.627,-21716.5,61.7764,0.396067
19245000,59,257.45,-21696,59.7848,0.3867
19260000,62,283.691,-21679.5,62.0582,0.403067
19275000,53,232.88,-21680.8,52.7746,0.393467
19290000,59,261.245,-21675.8,51.8616,0.378
19305000,56,236.366,-21700.5,60.694,0.40288
19320000,58,262.291,-21701.2,64.4806,0.393333
19335000,53,227.987,-21692.2,49.0642,0.376756
19350000,62,272.128,-21690.3,63.8176,0.382963
19365000,65,279.763,-21707.3,79.5182,0.405267
19380000,75,332.493,-21688.4,75.2328,0.397733
19395000,69,307.62,-21663.9,57.8498,0.397667
19410000,62,292.738,-21708.8,79.0507,0.39408
19425000,75,328.465,-21664,89.9375,0.396433
19440000,60,270.223,-21709.6,51.3273,0.4098
19455000,71,312.622,-21668.4,82.2191,0.401067
19470000,56,259.171,-21682.5,45.8091,0.3928
19485000,56,250.034,-21688,56.6425,0.3844
19500000,53,238.377,-21712.7,72.2198,0.396867
19515000,66,295.05,-21692.2,71.2801,0.409133
19530000,74,337.579,-21686.2,78.7584,0.4068
19545000,52,227.597,-21673.3,56.3557,0.3946
19560000,53,223.286,-21685.3,53.0322,0.393713
19575000,62,269.297,-21702.5,67.9474,0.387633
19590000,56,243.423,-21698.4,61.6262,0.380781
19605000,54,223.891,-21686.7,70.0924,0.3884
19620000,78,346.838,-21674.4,84.7127,0.401178
19635000,55,225.125,-21678.3,71.7565,0.3739
19650000,64,279.322,-21713.3,62.1929,0.391778
19665000,57,243.051,-21690.9,63.3255,0.4016
19680000,57,246.031,-21646,61.085,0.3764
19695000,67,303.413,-21668.8,66.0993,0.3918
19710000,73,317.653,-21655.7,71.2601,0.403133
19725000,63,272.388,-21687.2,66.6836,0.392933
19740000,64,284.059,-21651.7,65.3558,0.399
19755000,57,238.476,-21673.3,62.2107,0.381
19770000,60,257.902,-21667.3,51.1124,0.373667
19785000,66,285.405,-21662.5,67.5625,0.382533
19800000,61,257.821,-21680.3,59.4556,0.383667
19815000,57,255.306,-21712.3,53.2486,0.385367
19830000,69,299.957,-21704.3,74.519,0.400867
19845000,62,268.294,-21674,59.5318,0.392
19860000,54,231.963,-21669.4,51.4374,0.390333
19875000,55,231.768,-21673,59.7603,0.383333
19890000,68,295.346,-21678.9,61.8758,0.387733
19905000,71,317.77,-21681.7,62.9041,0.397833
19920000,69,301.021,-21688.9,63.0205,0.404333
19935000,76,337.924,-21699.8,80.0604,0.397244
19950000,72,318.552,-21687.2,79.821,0.4106
19965000,55,238.084,-21662.5,52.6873,0.395867
19980000,67,289.841,-21656.8,70.7036,0.376467
19995000,57,256.032,-21674.3,51.6862,0.386453
20010000,56,264.135,-21663,65.3214,0.400667
20025000,73,318.76,-21647.7,73.7792,0.3984
20040000,70,297.877,-21710.7,82.557,0.38935
20055000,63,275.223,-21644.3,47.6659,0.4029
20070000,60,257.304,-21698.7,58.9556,0.401933
20085000,63,271.693,-21673,57.9345,0.392767
20100000,80,324.462,-21655.1,69.9422,0.4091
20115000,70,302.404,-21671,89.4017,0.410667
20130000,63,258.056,-21684.5,63.9963,0.400867
20145000,64,268.619,-21664.3,61.1551,0.393533
20160000,68,315.502,-21665.7,77.892,0.385067
20175000,54,240.834,-21689.7,57.8696,0.404667
20190000,60,265.354,-21651.3,71.4271,0.3969
20205000,58,253.718,-21680,37.6752,0.389533
20220000,72,310.645,-21651.9,68.6076,0.397567
20235000,71,299.579,-21687.5,58.206,0.402033
20250000,76,330.544,-21672.8,61.9056,0.387967
20265000,65,282.762,-21688.6,52.5525,0.394648
20280000,55,237.851,-21680.6,62.3461,0.384733
20295000,55,243.79,-21683,51.111,0.379
20310000,63,272.262,-21674.4,55.3088,0.3911
20325000,54,241.975,-21708.1,50.0107,0.3851
20340000,69,306.897,-21667.7,70.9379,0.389
20355000,71,304.357,-21667.8,74.2491,0.393533
20370000,38,156.184,-21706.1,47.5322,0.39223
20385000,62,271.095,-21685.9,65.1178,0.389833
20400000,47,213.655,-21692.3,39.3192,0.387947
20415000,54,240.606,-21688.4,55.8804,0.383667
20430000,52,222.038,-21689.2,52.283,0.383517
20445000,62,275.708,-21671.9,64.8703,0.3956
20460000,63,265.694,-21690.4,67.398,0.393867
20475000,57,253.372,-21694.2,52.2943,0.394733
20490000,67,299.811,-21696.9,70.1112,0.395733
20505000,66,296.445,-21675.1,72.1169,0.396267
20520000,71,318.651,-21666.9,73.3687,0.407467
20535000,58,256.642,-21687,65.3039,0.401956
20550000,58,256.691,-21690.7,69.6369,0.395733
20565000,60,269.481,-21687.4,57.4942,0.399422
20580000,60,280.058,-21703.3,67.3413,0.4041
20595000,62,259.578,-21683.5,56.6904,0.397333
20610000,61,263.641,-21638.4,55.3699,0.389511
20625000,63,263.031,-21679,59.6868,0.385733
20640000,64,286.478,-21665.4,57.9008,0.394333
20655000,71,317.734,-21665.6,73.4775,0.397067
20670000,70,296.572,-21685.8,60.3539,0.395627
20685000,75,327.657,-21662.7,61.6822,0.411733
20700000,55,238.294,-21683.1,70.5433,0.396133
20715000,64,264.122,-21670.6,67.2893,0.380533
20730000,71,314.254,-21690.5,63.4727,0.419422
20745000,55,238.023,-21666.1,51.8953,0.392333
20760000,64,274.388,-21676.3,49.7668,0.393667
20775000,60,264.207,-21663.2,50.1427,0.398533
20790000,57,247.368,-21703.3,61.7425,0.399217
20805000,66,279.51,-21673.5,71.6415,0.4002
20820000,64,281.45,-21648.3,59.358,0.394267
20835000,75,338.743,-21676.2,61.8318,0.404
20850000,66,281.942,-21670,68.6279,0.400733
20865000,64,293.581,-21702.6,61.8032,0.399
20880000,60,257.357,-21657.5,55.7636,0.387662
20895000,60,243.468,-21654.5,62.7963,0.384933
20910000,58,256.866,-21681.5,68.4294,0.396244
20925000,68,303.322,-21683,56.6168,0.4024
20940000,65,270.502,-21682.1,78.6641,0.395556
20955000,68,299.608,-21659.7,69.0011,0.394629
20970000,67,304.385,-21647.9,68.5225,0.389
20985000,74,316.789,-21665.3,61.1944,0.392133
21000000,64,297.882,-21688.2,47.1862,0.400533
21015000,55,231.136,-21701,52.9104,0.392773
21030000,61,265.273,-21679,61.3294,0.404733
21045000,87,391.607,-21673.3,112.109,0.389444
21060000,61,262.736,-21658.9,63.9588,0.4018
21075000,66,295.826,-21671,69.5002,0.398667
21090000,57,249.756,-21644.8,46.7123,0.406
21105000,58,269.417,-21658.9,67.562,0.386467
21120000,60,265.929,-21665,62.5031,0.400933
21135000,62,269.51,-21670.4,51.7687,0.3958
21150000,60,254.474,-21670,67.5172,0.404733
21165000,77,341.754,-21659.2,104.098,0.3887
21180000,82,371.217,-21664.2,69.7879,0.420333
21195000,79,348.492,-21656,80.3825,0.420867
21210000,62,256.434,-21692.1,65.8247,0.408767
21225000,63,283.162,-21687.4,72.7651,0.390937
21240000,58,228.662,-21699.7,65.6594,0.398633
21255000,80,351.544,-21653.2,85.633,0.389217
21270000,76,347.014,-21665.2,72.7704,0.393067
21285000,63,263.547,-21697.9,59.4997,0.39595
21300000,68,274.5,-21661.8,68.3629,0.402617
21315000,78,341.362,-21664.1,81.4196,0.404667
21330000,72,327.31,-21659.1,74.2732,0.407467
21345000,77,331.381,-21665.2,75.8121,0.4038
21360000,73,322.941,-21650.2,69.8123,0.4022
21375000,74,316.963,-21655.7,65.8333,0.396467
21390000,62,274.842,-21659.1,68.0242,0.388983
21405000,82,369.119,-21663.1,81.9519,0.400867
21420000,79,329.839,-21658.6,81.1095,0.394
21435000,58,242.468,-21673.4,61.233,0.390089
21450000,59,259.126,-21688.7,54.2405,0.385933
21465000,75,336.518,-21651.4,71.641,0.396556
21480000,61,271.406,-21680.1,58.971,0.4104
21495000,78,340.254,-21664.4,73.2914,0.407333
21510000,68,303.989,-21687.6,70.091,0.408067
21525000,60,251.199,-21700.9,57.846,0.387475
21540000,55,245.725,-21685.6,69.5467,0.392167
21555000,63,254.976,-21679.4,64.569,0.389367
21570000,60,254.389,-21683.2,66.7918,0.382933
21585000,63,286.463,-21654.6,60.1635,0.386778
21600000,61,264.59,-21672,54.5072,0.3988
21615000,54,238.704,-21667.1,58.3292,0.389033
21630000,55,237.516,-21670.9,57.1126,0.383167
21645000,68,282.44,-21667.8,77.3018,0.396467
21660000,63,273.081,-21671.4,83.2368,0.373867
21675000,70,303.293,-21673.8,73.3315,0.3862
21690000,64,274.068,-21668.3,72.0021,0.389733
21705000,66,299.271,-21665,75.8083,0.391333
21720000,62,270.563,-21684.3,55.519,0.39136
21735000,57,241.359,-21694.7,67.3343,0.386133
21750000,59,251.345,-21668.9,59.2615,0.397233
21765000,67,296.855,-21668.8,64.5972,0.399717
21780000,54,237.438,-21692.4,56.2115,0.397667
21795000,48,215.068,-21699,49.3659,0.367
21810000,60,270.957,-21668.6,55.6063,0.392156
21825000,59,260.669,-21664.9,53.7296,0.386333
21840000,70,297.049,-21672.5,81.2929,0.3941
21855000,57,252.683,-21684.9,62.5256,0.4052
21870000,56,236.679,-21663.9,65.3254,0.387222
21885000,56,239.482,-21693.5,63.7383,0.382467
21900000,49,214.365,-21705.8,55.728,0.398133
21915000,74,333.632,-21678.9,88.1508,0.395583
21930000,85,386.126,-21677.3,86.0924,0.3968
21945000,77,354.521,-21673.4,72.165,0.408867
21960000,72,307.265,-21690.7,75.3293,0.401533
21975000,75,317.661,-21701.1,74.2817,0.403307
21990000,64,269.199,-21698.1,63.6696,0.407767
22005000,59,269.572,-21694.2,69.4885,0.402133
22020000,44,201.995,-21711.7,44.1486,0.3908
22035000,63,274.708,-21718.4,71.9381,0.40455
22050000,48,211.287,-21703.7,49.9287,0.382033
22065000,52,236.106,-21691.5,43.1201,0.36937
22080000,54,243.687,-21683.5,55.626,0.3838
22095000,51,211.062,-21724.3,58.238,0.408567
22110000,53,224.888,-21719.1,48.1434,0.3776
22125000,61,262.711,-21684.2,78.9539,0.387133
22140000,62,265.462,-21689.9,69.8315,0.3916
22155000,67,296.576,-21662.8,60.0806,0.3972
22170000,72,305.5,-21687.9,70.2651,0.4084
22185000,68,302.062,-21668.1,74.6761,0.4068
22200000,73,317.888,-21675.7,65.3865,0.4078
22215000,69,303.035,-21694.2,64.3108,0.401267
22230000,60,256.538,-21657.1,45.6054,0.393383
22245000,59,234.327,-21695.9,68.468,0.4027
22260000,65,273.58,-21695.9,76.6154,0.386533
22275000,49,197.718,-21712.6,57.963,0.386055
22290000,52,209.973,-21713.4,46.0367,0.389667
22305000,52,224.442,-21707.4,51.6056,0.3796
22320000,51,230.944,-21691.8,55.7577,0.3804
22335000,64,280.034,-21693.9,56.4533,0.373467
22350000,62,273.479,-21690.3,76.4255,0.3954
22365000,68,283.979,-21699.5,70.1058,0.3992
22380000,74,333.878,-21692.1,60.0397,0.412467
22395000,80,361.513,-21697,81.1625,0.414467
22410000,71,312.027,-21645.8,72.7415,0.394313
22425000,62,261.571,-21692.8,55.3831,0.394667
22440000,54,231.287,-21707.3,54.3693,0.402867
22455000,63,269.287,-21704.8,71.8519,0.3858
22470000,74,318.081,-21662.8,54.5397,0.393983
22485000,65,285.668,-21641.5,51.1509,0.3914
22500000,66,289.471,-21665.1,68.0195,0.401533
22515000,75,334.611,-21655,55.2075,0.408467
22530000,61,262.9,-21662.7,66.1881,0.400067
22545000,59,260.462,-21673.7,52.9776,0.4022
22560000,59,259.923,-21666.6,71.5243,0.384667
22575000,63,273.041,-21654.3,60.8282,0.392133
22590000,69,275.967,-21698.9,68.0177,0.401867
22605000,61,259.273,-21677.9,58.0328,0.393533
22620000,60,278.433,-21707.9,51.1978,0.390461
22635000,55,234.316,-21672.2,62.1476,0.3818
22650000,58,251.409,-21698.5,44.8207,0.385978
22665000,50,200.873,-21704.7,47.5108,0.3813
22680000,55,238.693,-21695.3,58.9972,0.394142
22695000,62,269.019,-21677.5,62.7438,0.390467
22710000,56,255.415,-21685.8,64.2182,0.3849
22725000,65,286.984,-21701.1,70.193,0.403067
22740000,58,247.49,-21704.8,58.7855,0.399533
22755000,58,258.981,-21667,57.3819,0.3948
22770000,52,216.982,-21665.9,45.9972,0.383867
22785000,44,189.052,-21698.6,56.6256,0.3644
22800000,70,312.409,-21684,75.0161,0.393893
22815000,62,270.382,-21688.9,64.9897,0.4068
22830000,56,252.421,-21677.2,53.2166,0.39292
22845000,63,292.963,-21723.1,64.0662,0.39345
22860000,66,307.81,-21667,77.0449,0.404967
22875000,64,301.528,-21686.6,56.0411,0.39645
22890000,59,247.542,-21693.3,64.5208,0.389133
22905000,47,201.693,-21702,54.646,0.389317
22920000,72,332.58,-21695.7,65.7303,0.407444
22935000,56,240.786,-21692.4,68.0777,0.3934
22950000,65,285.963,-21682.4,68.3678,0.395467
22965000,66,303.686,-21683.5,61.4754,0.393467
22980000,57,249.245,-21688.5,56.8131,0.381111
22995000,55,248.803,-21695,56.0086,0.3906
23010000,57,269.776,-21712.2,66.8867,0.386914
23025000,60,260.519,-21697.7,69.8819,0.390911
23040000,67,290.986,-21679.2,78.2311,0.3998
23055000,59,240.193,-21712.8,85.1361,0.393667
23070000,61,273.246,-21707.5,72.0832,0.391427
23085000,70,308.974,-21690.7,57.7153,0.413133
23100000,49,215.47,-21706.7,39.7774,0.390222
23115000,52,228.224,-21704.8,56.1252,0.385867
23130000,71,315.546,-21688.4,65.5842,0.393733
23145000,77,355.175,-21674.1,74.5524,0.400667
23160000,69,297.818,-21689.5,72.4864,0.397
23175000,47,209.826,-21700.2,49.2469,0.392358
23190000,66,292.197,-21706.3,65.914,0.392111
23205000,76,328.43,-21657.1,78.9423,0.401956
23220000,76,316.606,-21667.9,84.5631,0.3976
23235000,76,326.543,-21678.7,78.8294,0.413867
23250000,76,347.165,-21681.2,82.7801,0.410267
23265000,50,229.912,-21664.4,46.927,0.388533
23280000,58,249.987,-21720.1,47.0228,0.391933
23295000,64,279.291,-21690.8,75.1401,0.403244
23310000,66,269.493,-21680.8,67.1736,0.386289
23325000,53,221.935,-21684.7,53.9603,0.395733
23340000,52,236.35,-21694.7,42.9394,0.385067
23355000,64,292.87,-21687.1,63.436,0.393867
23370000,72,304.568,-21687.5,88.7386,0.397733
23385000,73,312.72,-21701.6,77.1837,0.414267
23400000,52,225.879,-21683.5,51.8711,0.394467
23415000,60,265.498,-21656.8,68.0989,0.393667
23430000,59,250.268,-21689.8,59.0955,0.381667
23445000,66,282.924,-21708.2,66.4633,0.3877
23460000,69,305.079,-21691.8,52.4734,0.393767
23475000,68,295.264,-21663.1,69.4721,0.3988
23490000,59,272.46,-21673.1,53.58,0.410533
23505000,75,333.451,-21705.1,67.7249,0.410467
23520000,66,284.232,-21660.4,75.8104,0.396937
23535000,78,321.716,-21655.9,74.67,0.4073
23550000,49,218.064,-21700.1,51.4912,0.397705
23565000,70,310.242,-21693.8,68.8401,0.397867
23580000,66,297.323,-21697.3,78.8363,0.397967
23595000,48,215.476,-21713.1,51.5804,0.3924
23610000,85,370.257,-21665.9,70.2716,0.405333
23625000,76,345.727,-21666.3,64.3866,0.420533
23640000,74,311.107,-21638.5,75.7681,0.406133
23655000,59,262.706,-21678.8,47.3806,0.39025
23670000,49,213.856,-21684.6,59.2296,0.3864
23685000,71,296.449,-21646.8,78.6549,0.4006
23700000,82,352.394,-21630.7,86.4958,0.402533
23715000,91,409.456,-21632.3,101.38,0.418933
23730000,96,415.926,-21630.5,84.1243,0.416067
23745000,84,362.193,-21651,81.2775,0.412933
23760000,79,344.875,-21673.8,77.8562,0.4126
23775000,83,367.103,-21671.2,85.7391,0.4088
23790000,69,304.891,-21671.8,80.0403,0.397971
23805000,74,320.098,-21668.3,75.1723,0.403933
23820000,82,368.716,-21661.6,85.7369,0.406667
23835000,73,332.496,-21669.5,72.8851,0.411867
23850000,71,308.211,-21648.8,69.8564,0.390467
23865000,79,335.233,-21644.8,79.3627,0.410133
23880000,70,315.271,-21660.4,61.3995,0.404333
23895000,57,248.607,-21677.6,74.7955,0.393649
23910000,59,265.151,-21704.2,60.4205,0.407533
23925000,75,322.91,-21658,98.5951,0.403022
23940000,68,307.088,-21676.6,80.2048,0.399
23955000,56,252.702,-21693.3,54.0445,0.399533
23970000,60,259.972,-21684.5,46.8414,0.408756
23985000,59,257.054,-21676.9,58.3759,0.387067
24000000,67,285.251,-21659.3,54.5088,0.390067
24015000,73,313.659,-21661.1,72.2832,0.4044
24030000,56,238.97,-21706.7,57.3124,0.383747
24045000,64,269.538,-21659.4,67.9149,0.3933
24060000,73,311.632,-21663.4,60.1055,0.395
24075000,58,248.59,-21679.3,59.5181,0.3906
24090000,53,226.193,-21681.5,51.4059,0.387478
24105000,69,311.261,-21677,80.5539,0.396833
24120000,55,256.213,-21694.6,62.352,0.395544
24135000,67,292.574,-21682.7,67.4969,0.393167
24150000,66,283.524,-21706.6,65.9996,0.396333
24165000,63,290.919,-21701.4,54.8694,0.397267
24180000,76,325.368,-21676.8,77.8226,0.403222
24195000,59,255.121,-21672.7,64.0926,0.384714
24210000,63,281.655,-21671.8,67.8284,0.398733
24225000,61,270.881,-21721.7,46.2845,0.396017
24240000,61,264.585,-21693.5,58.4999,0.398367
24255000,58,242.843,-21694.1,57.6932,0.396453
24270000,54,241.451,-21691.9,48.387,0.396467
24285000,68,298.653,-21679.1,76.2404,0.389978
24300000,72,314.047,-21684.9,75.2965,0.415267
24315000,52,227.53,-21692.8,45.5219,0.3946
24330000,50,210.784,-21688.3,53.2495,0.390133
24345000,70,314.212,-21701.6,77.5251,0.3936
24360000,64,275.872,-21695.1,71.6675,0.3966
24375000,64,283.743,-21689.4,82.1233,0.3982
24390000,62,264.164,-21688,65.8689,0.389933
24405000,57,260.171,-21685.4,73.8053,0.3812
24420000,61,265.646,-21682.2,60.9352,0.389933
24435000,49,218.848,-21701,45.8886,0.388933
24450000,46,194.516,-21706.8,47.395,0.360733
24465000,55,235.68,-21686.1,58.4957,0.378333
24480000,64,278.944,-21681.5,65.1932,0.388733
24495000,56,237.435,-21696.1,62.8127,0.389933
24510000,69,303.6,-21705.9,70.2894,0.397467
24525000,57,236.799,-21714.3,55.2784,0.389243
24540000,51,226.246,-21711.3,59.5739,0.3861
24555000,58,258.061,-21690.2,62.2523,0.3906
24570000,55,253.012,-21685.8,53.0601,0.389267
24585000,51,228.333,-21724.5,54.4512,0.385238
24600000,51,219.716,-21707.7,46.7915,0.378467
24615000,61,253.826,-21703.9,69.2459,0.393533
24630000,60,256.98,-21691,70.4794,0.389733
24645000,65,284.127,-21686.3,70.7411,0.388
24660000,74,328.352,-21654.4,69.5459,0.40088
24675000,60,265.251,-21654.1,63.3985,0.383233
24690000,66,300.054,-21675.8,54.5245,0.404767
24705000,71,317.141,-21665,72.7431,0.411067
24720000,72,318.792,-21686.9,77.1398,0.389407
24735000,87,392.827,-21650.2,102.372,0.415933
24750000,73,332.58,-21684.5,77.3351,0.396213
24765000,90,410.788,-21683,92.5146,0.4197
24780000,67,277.971,-21673.4,69.7724,0.407017
24795000,79,349.057,-21657.4,72.371,0.4139
24810000,76,343.259,-21695.7,70.5211,0.4116
24825000,63,269.123,-21692.9,60.7309,0.404333
24840000,71,311.47,-21682.3,72.1258,0.408133
24855000,70,308.007,-21684.2,80.0632,0.39539
24870000,51,222.68,-21696.1,58.8315,0.382978
24885000,72,321.553,-21673.9,79.6295,0.4048
24900000,71,307.851,-21674.3,73.7346,0.392567
24915000,68,307.777,-21670.4,73.9761,0.399433
24930000,58,248.031,-21689.4,56.5892,0.394733
24945000,64,286.408,-21669.1,70.4546,0.396867
24960000,65,262.504,-21666.6,70.9528,0.395833
24975000,74,334.646,-21677.7,84.2355,0.3972
24990000,66,303.879,-21679.8,66.0535,0.405333
25005000,61,287.99,-21690.7,58.3317,0.389707
25020000,60,265.63,-21682.6,62.9272,0.3968
25035000,57,249.161,-21684.6,50.32,0.399722
25050000,68,277.839,-21675.9,82.7335,0.392233
25065000,61,257.961,-21694.8,59.9873,0.385
25080000,57,237.237,-21703.1,58.4249,0.387311
25095000,57,231.57,-21681.9,57.3258,0.392467
25110000,56,245.766,-21671.3,59.9906,0.391667
25125000,53,235.061,-21673.6,47.4019,0.372933
25140000,68,301.963,-21684.4,59.5727,0.392914
25155000,57,251.938,-21685.9,54.5963,0.39465
25170000,53,234.083,-21684.7,74.1078,0.372156
25185000,52,245.484,-21682.1,63.1124,0.385833
25200000,61,275.714,-21702.2,61.4131,0.3784
25215000,68,303.703,-21665.4,69.8454,0.3812
25230000,63,276.286,-21681.9,56.7879,0.396722
25245000,57,256.861,-21682.3,40.8188,0.391667
25260000,56,241.993,-21672,50.6504,0.389317
25275000,68,316.437,-21662.9,61.8726,0.395
25290000,62,276.88,-21700.4,72.3545,0.377667
25305000,63,284.759,-21686.8,71.7348,0.399867
25320000,70,311.39,-21664.6,67.5419,0.394044
25335000,52,227.461,-21695.6,56.9667,0.390578
25350000,69,293.826,-21647.7,76.7334,0.403833
25365000,65,294.54,-21659.7,60.6138,0.38305
25380000,64,285.913,-21639.2,66.4822,0.391667
25395000,71,314.327,-21655.7,68.9313,0.3914
25410000,64,284.749,-21652.6,67.7072,0.395333
25425000,67,294.198,-21669.1,56.7253,0.392867
25440000,67,287.893,-21654.9,72.709,0.3867
25455000,70,305.271,-21677.3,71.2931,0.392975
25470000,82,346.146,-21641,89.7468,0.401067
25485000,84,361.297,-21666.7,84.7053,0.4058
25500000,66,281.864,-21690.6,66.7858,0.395387
25515000,61,275.459,-21678.6,55.3903,0.394333
25530000,69,310.004,-21675.3,68.7843,0.414067
25545000,71,313.499,-21685.1,77.8036,0.408133
25560000,72,314.111,-21658.4,78.9316,0.403867
25575000,83,368.955,-21667.6,86.1529,0.398867
25590000,79,339.588,-21673.3,61.6701,0.409433
25605000,79,357.134,-21638.5,92.1253,0.401942
25620000,70,313.212,-21643.6,71.9041,0.3978
25635000,66,284.112,-21647.2,72.5329,0.395067
25650000,65,276.737,-21676,73.2486,0.40988
25665000,64,290.522,-21657.7,68.8574,0.3932
25680000,66,280.925,-21675.8,75.1719,0.4052
25695000,75,341.777,-21667.1,78.0757,0.400978
25710000,71,291.539,-21654.7,60.231,0.412633
25725000,61,269.554,-21657.5,55.0454,0.391044
25740000,84,364.451,-21621.2,84.8231,0.390933
25755000,72,312.776,-21624.6,86.66,0.3908
25770000,74,329.588,-21600.3,66.3708,0.4026
25785000,82,369.205,-21621.8,74.7967,0.392067
25800000,76,325.039,-21654.3,63.9773,0.3996
25815000,75,352.205,-21653.5,74.9222,0.391411
25830000,79,335.942,-21667.3,82.6622,0.406733
25845000,75,342.093,-21677.9,69.4181,0.410867
25860000,52,225.746,-21672.5,48.5428,0.392048
25875000,59,275.478,-21671.8,47.3409,0.3967
25890000,64,283.583,-21658.1,74.0797,0.3834
25905000,81,356.386,-21636.7,75.3509,0.393971
25920000,76,332.325,-21613.8,73.0379,0.4032
25935000,63,271.449,-21635,66.6713,0.384533
25950000,82,355.618,-21650.3,107.023,0.392867
25965000,71,302.918,-21665.1,74.1327,0.3976
25980000,63,278.492,-21694.2,56.1416,0.386822
25995000,72,311.904,-21655.9,80.1437,0.3926
26010000,65,288.374,-21660.8,59.7756,0.389541
26025000,71,315.108,-21644.7,78.6254,0.3956
26040000,51,222.288,-21686.4,53.6687,0.383867
26055000,60,238.365,-21649.1,62.8014,0.394489
26070000,67,293.72,-21653.1,77.3586,0.386222
26085000,63,271.594,-21659.9,54.1388,0.3972
26100000,68,293.807,-21661.5,61.0147,0.388422
26115000,60,269.645,-21671.1,60.2184,0.3953
26130000,67,293.038,-21656.6,68.4899,0.378467
26145000,79,350.177,-21648.9,98.3323,0.396767
26160000,61,271.27,-21681.3,69.314,0.411267
26175000,59,259.185,-21696.8,42.1716,0.3966
26190000,67,299.998,-21674.1,57.1545,0.391917
26205000,69,304.052,-21679.8,65.0946,0.397133
26220000,59,259.175,-21681.3,68.6303,0.403467
26235000,56,246.577,-21690.1,66.0415,0.403667
26250000,58,256.589,-21675.3,65.5966,0.387067
26265000,57,245.364,-21716.4,49.366,0.38696
26280000,70,295.745,-21677.6,63.3684,0.395533
26295000,56,250.105,-21706,45.0167,0.390267
26310000,45,192.206,-21695.2,42.3129,0.372241
26325000,52,236.858,-21705.6,46.7827,0.3841
26340000,54,239.521,-21707.6,70.5457,0.386267
26355000,62,267.838,-21669,59.7213,0.38775
26370000,51,221.044,-21689.7,56.5259,0.3638
26385000,62,257.414,-21668.2,67.0281,0.385867
26400000,49,217.11,-21695.6,49.6807,0.362767
26415000,55,244.756,-21673.9,48.525,0.370733
26430000,55,248.61,-21677.6,51.4843,0.382
26445000,61,257.608,-21678,51.9939,0.3921
26460000,62,259.328,-21659.3,62.619,0.389667
26475000,58,242.894,-21663,48.4814,0.374567
26490000,58,244.267,-21663.4,63.3151,0.380267
26505000,79,353.005,-21653.3,60.8957,0.395227
26520000,65,303.047,-21638.8,71.9891,0.385517
26535000,80,363.937,-21648.3,84.3386,0.397
26550000,81,366.142,-21648.7,70.7737,0.3986
26565000,75,336.013,-21637.2,71.7969,0.402
26580000,83,339.39,-21628.5,71.8194,0.398107
26595000,89,395.704,-21626.4,119.071,0.4174
26610000,76,336.676,-21632.1,84.2712,0.4042
26625000,88,396.759,-21650.6,108.028,0.4206
26640000,87,384.026,-21656.3,83.5856,0.417733
26655000,60,280.285,-21719.7,73.5226,0.386388
26670000,80,364.887,-21644.7,82.8916,0.406633
26685000,88,370.607,-21669.5,92.1071,0.410533
26700000,54,242.073,-21680.8,57.7215,0.392533
26715000,90,384.923,-21642.6,88.9785,0.4089
26730000,69,327.608,-21686.6,66.2197,0.3776
26745000,78,339.207,-21648.2,72.2616,0.4157
26760000,59,259.233,-21678.1,60.52,0.378233
26775000,83,367.757,-21645.2,95.0767,0.404267
26790000,74,326.269,-21666.6,71.3863,0.4004
26805000,77,339.654,-21678.5,92.0925,0.412133
26820000,73,332.35,-21631.5,70.8598,0.417222
26835000,62,269.014,-21639.4,72.0718,0.391133
26850000,63,277.182,-21637.7,73.4198,0.4008
26865000,56,245.267,-21666.8,49.3431,0.379498
26880000,62,291.902,-21656.6,54.5685,0.382033
26895000,68,304.939,-21654.1,68.2529,0.396
26910000,69,295.096,-21651.4,74.5917,0.387133
26925000,62,261.022,-21676.1,52.4355,0.3886
26940000,62,276.38,-21668.9,72.494,0.385333
26955000,66,298.579,-21677.5,66.9887,0.3928
26970000,69,267.137,-21665.6,65.9496,0.404667
26985000,66,289.213,-21664.7,78.0105,0.4002
27000000,70,307.677,-21671.8,66.5296,0.388867
27015000,71,313.938,-21664.7,53.7653,0.385733
27030000,74,311.135,-21631.3,72.383,0.392067
27045000,48,207.913,-21710.5,51.2757,0.374511
27060000,65,281.664,-21655.1,73.6463,0.3927
27075000,66,283.575,-21667.9,76.6968,0.3884
27090000,61,275.146,-21670.3,54.4476,0.387133
27105000,61,277.76,-21674.1,65.1379,0.378533
27120000,55,235.179,-21697.7,54.9332,0.385613
27135000,63,270.127,-21721.5,75.0472,0.365622
27150000,77,334.146,-21680.7,86.1782,0.393756
27165000,53,231.12,-21691.5,50.2029,0.404511
27180000,81,364.884,-21650.3,87.0897,0.412733
27195000,55,240.036,-21691.4,68.1028,0.395567
27210000,67,295.14,-21689.3,78.2659,0.403633
27225000,47,197.12,-21696.8,41.741,0.395389
27240000,80,352.997,-21668.8,92.9629,0.396367
27255000,71,323.197,-21676.6,83.8873,0.3905
27270000,67,307.216,-21675.7,67.4856,0.393422
27285000,80,347.484,-21662.1,75.1573,0.4014
27300000,71,312.072,-21675.4,54.4855,0.3992
27315000,64,287.831,-21661.6,64.6997,0.405387
27330000,67,294.672,-21656,61.5627,0.3952
27345000,69,291.364,-21667,70.3351,0.403017
27360000,80,337.675,-21644.5,70.0491,0.408667
27375000,71,321.019,-21666.3,57.2752,0.389453
27390000,60,263.09,-21649.5,68.0983,0.393583
27405000,70,307.585,-21666.7,74.2,0.400933
27420000,55,233.273,-21673,51.5992,0.401689
27435000,64,278.967,-21646.4,57.1491,0.396511
27450000,59,252.015,-21686.5,60.4317,0.389367
27465000,71,294.507,-21686.7,76.199,0.395833
27480000,62,272.447,-21672.4,61.0556,0.3922
27495000,67,294.172,-21697.6,64.4413,0.395844
27510000,53,229.947,-21675,46.676,0.382733
27525000,50,227.033,-21684.2,45.2108,0.37952
27540000,51,225.732,-21687.5,46.0588,0.374
27555000,58,247.977,-21690.3,52.8697,0.389633
27570000,53,230.485,-21701.1,58.5292,0.382967
27585000,58,265.598,-21690.8,69.9721,0.3776
27600000,58,257.163,-21686.9,58.5059,0.400978
27615000,53,234.518,-21680.5,53.6609,0.3892
27630000,62,270.047,-21679.2,74.7885,0.396733
27645000,55,236.758,-21678.5,57.0903,0.389133
27660000,69,300.937,-21679.1,65.4127,0.39144
27675000,56,260.826,-21693,69.0357,0.4016
27690000,56,229.53,-21716.9,63.5086,0.393267
27705000,62,279.245,-21673.2,62.7988,0.411707
27720000,64,271.459,-21679.8,57.9221,0.4022
27735000,69,322.113,-21697.3,76.4428,0.405867
27750000,66,267.297,-21674,61.208,0.398133
27765000,60,259.637,-21671.7,68.8029,0.391467
27780000,59,256.838,-21690,52.6594,0.388933
27795000,55,244.788,-21693.5,52.2953,0.392133
27810000,46,188.316,-21705.9,38.4571,0.386624
27825000,62,270.21,-21661,64.5192,0.3965
27840000,58,235.982,-21674.2,51.2714,0.386333
27855000,59,250.833,-21689.4,51.241,0.3988
27870000,57,246.155,-21688.8,58.3803,0.397867
27885000,53,230.867,-21718.8,56.3061,0.391662
27900000,53,230.185,-21702.3,51.2195,0.386833
27915000,63,252.99,-21694.9,62.1118,0.400978
27930000,52,232.801,-21691.5,45.2769,0.3882
27945000,51,230.006,-21706.6,59.8328,0.3858
27960000,59,262.706,-21717.5,54.8431,0.398787
27975000,77,340.526,-21680.4,76.0093,0.393283
27990000,76,320.498,-21688,87.6522,0.4024
28005000,59,253.275,-21706.3,55.773,0.3952
28020000,53,243.465,-21694.9,45.0655,0.392107
28035000,45,200.606,-21712.3,46.4461,0.382533
28050000,50,226.784,-21721.9,49.1133,0.395183
28065000,50,219.682,-21711.7,51.7222,0.390983
28080000,48,205.062,-21711.1,44.4259,0.374933
28095000,54,239.227,-21706.5,69.034,0.3862
28110000,51,224.737,-21706.9,57.8009,0.390933
28125000,45,188.739,-21741.2,59.6609,0.382578
28140000,40,162.435,-21729.7,39.6482,0.380489
28155000,44,197.78,-21714,46.301,0.3806
28170000,44,198.782,-21727,43.8021,0.3792
28185000,58,257.848,-21722.8,51.6687,0.398867
28200000,59,262.031,-21733.2,55.4893,0.384433
28215000,46,199.545,-21703.9,47.467,0.3778
28230000,61,276.796,-21718.8,55.3672,0.3962
28245000,59,261.806,-21718.4,61.6074,0.392867
28260000,57,248.527,-21712.1,56.1001,0.402467
28275000,55,249.552,-21688.9,57.196,0.381844
28290000,57,251.058,-21685.8,68.854,0.392
28305000,53,250.815,-21699,68.121,0.3852
28320000,54,239.827,-21690.6,62.1427,0.409467
28335000,61,240.607,-21699.3,50.2858,0.402637
28350000,61,272.631,-21712.2,64.8646,0.402133
28365000,57,252.216,-21697.1,71.8427,0.398033
28380000,68,304.221,-21676.8,81.4624,0.406289
28395000,73,322.567,-21712.7,64.5747,0.408
28410000,61,259.35,-21657.5,57.3178,0.388
28425000,67,304.908,-21699.7,72.7121,0.4166
28440000,66,288.932,-21681.5,70.0317,0.386333
28455000,60,266.78,-21691.9,73.3716,0.412
28470000,67,302.689,-21670.8,70.908,0.3962
28485000,63,276.422,-21681.6,64.1652,0.3948
28500000,65,301.559,-21657,77.0652,0.392533
28515000,87,403.937,-21636.8,85.4542,0.408533
28530000,56,221.402,-21697.2,59.3,0.395053
28545000,73,310.878,-21644.1,57.8857,0.393033
28560000,75,327.411,-21628.8,78.8591,0.397933
28575000,70,307.359,-21628.2,61.2002,0.388267
28590000,78,346.714,-21620.7,65.6291,0.405067
28605000,60,260.468,-21677.7,53.7376,0.389813
28620000,86,364.564,-21642.8,76.2209,0.3993
28635000,83,389.991,-21647.9,88.974,0.402667
28650000,91,399.164,-21649.3,82.2725,0.4072
28665000,66,277.718,-21653.1,62.1437,0.406933
28680000,68,302.26,-21635.2,76.0588,0.398133
28695000,65,280.98,-21673.2,59.5039,0.386667
28710000,62,277.154,-21656,71.4593,0.3896
28725000,67,293.949,-21638.1,57.0192,0.395533
28740000,57,248.39,-21679.5,70.5146,0.391644
28755000,81,358.113,-21644.3,83.1268,0.4006
28770000,71,303.098,-21656.2,60.6433,0.419267
28785000,73,308.932,-21666.1,84.9145,0.413733
28800000,72,310.468,-21662.5,67.0415,0.4004
28815000,72,314.084,-21648.5,72.0168,0.401933
28830000,59,240.918,-21682.1,53.6346,0.393181
28845000,62,287.256,-21674.1,87.2857,0.393971
28860000,53,220.158,-21697.1,43.7968,0.3787
28875000,66,289.12,-21656.5,59.4285,0.3934
28890000,73,315.057,-21668.8,67.1245,0.401533
28905000,74,320.524,-21678,67.957,0.4054
28920000,56,247.889,-21686.9,59.2355,0.390667
28935000,71,324.647,-21651.4,64.543,0.407333
28950000,78,333.29,-21627.8,82.7178,0.398067
28965000,72,306.689,-21690.3,70.4871,0.39561
28980000,67,288.367,-21681.7,64.5783,0.405467
28995000,77,308.215,-21670.2,78.5347,0.3996
29010000,62,287.813,-21660.2,76.0846,0.400133
29025000,69,288.528,-21652.4,71.8077,0.396333
29040000,73,334.884,-21662.8,69.4817,0.3917
29055000,62,260.824,-21660.6,59.1562,0.391867
29070000,51,214.177,-21694.3,43.8593,0.38082
29085000,69,302.091,-21662,84.6205,0.39705
29100000,70,311.64,-21654.4,69.5889,0.3988
29115000,77,347.299,-21673.9,59.938,0.405133
29130000,61,265.044,-21682.1,58.8436,0.406467
29145000,69,308.166,-21692.5,81.7699,0.406722
29160000,70,319.95,-21677.5,84.9606,0.417667
29175000,62,275.39,-21642.7,68.7768,0.399311
29190000,72,302.899,-21663.5,82.4868,0.400933
29205000,69,298.464,-21667.3,72.9896,0.403
29220000,63,284.079,-21692.4,72.0421,0.407383
29235000,68,286.874,-21685.9,60.778,0.4086
29250000,60,264.398,-21696,59.2024,0.389944
29265000,59,250.647,-21693.2,59.3511,0.3935
29280000,66,299.26,-21679.6,63.4331,0.3916
29295000,62,281.72,-21665.7,59.6493,0.384867
29310000,79,343.514,-21671.3,58.8113,0.403707
29325000,64,286.421,-21700.5,61.8359,0.393133
29340000,68,300.456,-21683.8,63.1286,0.408833
29355000,74,329.851,-21678.8,75.4989,0.402619
29370000,68,298.359,-21677.4,74.7756,0.4122
29385000,77,339.179,-21679.7,70.0668,0.402933
29400000,86,380.038,-21660.8,92.1428,0.416133
29415000,81,365.44,-21650.6,96.1571,0.4194
29430000,78,358.459,-21668,70.8301,0.411067
29445000,72,303.181,-21649.9,73.3783,0.410133
29460000,80,360.507,-21666.3,97.9309,0.405267
29475000,75,339.965,-21665.6,91.0721,0.397108
29490000,71,303.268,-21685.9,76.0881,0.381321
29505000,65,279.86,-21689.3,64.2833,0.389733
29520000,70,310.372,-21647.1,64.9888,0.39155
29535000,74,322.524,-21656.1,63.7154,0.390267
29550000,73,342.672,-21653,63.8057,0.416
29565000,78,372.77,-21635.1,78.6955,0.403333
29580000,73,319.41,-21676.8,75.8582,0.394581
29595000,84,379.189,-21636.9,94.3992,0.414567
29610000,89,391.537,-21659.7,87.971,0.411333
29625000,71,304.355,-21654.9,69.9306,0.409467
29640000,82,382.407,-21667.7,85.2975,0.408067
29655000,78,343.442,-21646.5,79.323,0.417333
29670000,70,303.945,-21640.3,62.8847,0.398667
29685000,72,326.318,-21648.8,77.607,0.387933
29700000,63,284.204,-21646.8,61.932,0.386067
29715000,79,343.729,-21644.5,73.299,0.3984
29730000,68,290.79,-21698,76.7799,0.392347
29745000,71,294.441,-21694,75.0582,0.417333
29760000,76,334.805,-21652.5,83.73,0.408222
29775000,79,330.018,-21650.2,83.5067,0.410267
29790000,77,330.606,-21660.3,79.0824,0.404467
29805000,88,394.206,-21651.8,97.3763,0.410533
29820000,85,380.883,-21640.4,87.8865,0.404356
29835000,73,324.567,-21671.3,75.1159,0.412367
29850000,74,335.405,-21649.1,79.6869,0.396567
29865000,74,333.952,-21669.7,74.9998,0.404933
29880000,53,238.488,-21695.9,58.4737,0.396911
29895000,57,258.41,-21700.5,54.1706,0.3876
29910000,61,277.33,-21705.6,58.6122,0.401378
29925000,57,242.863,-21697.8,62.4939,0.3998
29940000,81,351.764,-21647.5,84.737,0.3886
29955000,68,287.649,-21646.6,70.5769,0.397867
29970000,73,311.112,-21664,87.1487,0.406067
29985000,77,331.889,-21649.7,79.76,0.395467
