generation,N_shifts,logPrior,logLik,eventRate,acceptRate
0,0,0.641453,-24225,100,0
15000,0,1.11975,-22057.5,0.390531,0.151667
30000,0,0.0380729,-22052.5,0.135841,0.179327
45000,0,0.727847,-22053.6,0.41481,0.1488
60000,0,0.533234,-22052.4,1.93537,0.163267
75000,1,4.7133,-22034.5,2.15154,0.2192
90000,3,15.0872,-22029.2,3.40914,0.184107
105000,5,25.7074,-21976.4,13.0214,0.276733
120000,5,20.94,-21952.5,8.92218,0.286444
135000,8,39.2176,-21926.4,12.0901,0.229072
150000,10,44.9636,-21921.2,7.82758,0.328
165000,9,43.3642,-21919.3,6.93565,0.344133
180000,7,24.6562,-21938,12.1902,0.2965
195000,13,52.7293,-21919,20.864,0.330267
210000,12,54.0859,-21890,17.4609,0.337653
225000,14,56.6266,-21895.2,11.5008,0.332533
240000,16,65.5349,-21905.1,22.4813,0.344289
255000,13,56.587,-21878.5,8.97148,0.3506
270000,15,70.3977,-21882.5,20.9914,0.3274
285000,16,77.2037,-21877.1,14.8621,0.320467
300000,15,66.1842,-21862.7,14.549,0.324707
315000,17,75.4393,-21862.6,12.7495,0.334267
330000,19,79.8561,-21869,26.0254,0.320467
345000,15,67.0429,-21877.6,13.3717,0.3326
360000,21,99.6332,-21870.2,28.3447,0.354067
375000,15,65.0734,-21870,13.2761,0.295195
390000,14,58.3711,-21853.6,12.1538,0.2844
405000,16,65.4902,-21842.5,18.6793,0.33892
420000,15,68.9394,-21858.5,14.6296,0.281067
435000,14,67.4249,-21880.5,8.17912,0.34396
450000,26,116.907,-21792.6,24.0648,0.352444
465000,28,127.374,-21803.2,31.8393,0.3686
480000,19,87.1689,-21870.5,17.5453,0.338533
495000,30,128.947,-21785.5,36.3102,0.3646
510000,35,152.114,-21764.7,36.0165,0.375533
525000,18,78.4503,-21835.3,18.9392,0.327171
540000,32,141.151,-21786.8,34.672,0.366533
555000,36,152.734,-21796.3,40.4449,0.385333
570000,35,141.157,-21803.5,26.9263,0.390267
585000,20,87.7709,-21867.6,16.5985,0.342295
600000,19,89.7623,-21815.4,20.6629,0.3446
615000,39,179.878,-21781.5,39.9491,0.387867
630000,20,88.1641,-21878.7,22.1129,0.352733
645000,28,116.981,-21783.9,27.576,0.365233
660000,37,145.458,-21777,39.7623,0.3828
675000,21,100.141,-21832.1,19.2965,0.3466
690000,47,217.919,-21773.6,42.232,0.371533
705000,42,197.836,-21774.4,36.896,0.401667
720000,36,169.748,-21760.6,44.4632,0.3688
735000,20,92.0956,-21832.4,25.5507,0.361705
750000,22,102.564,-21815.8,24.9577,0.330733
765000,37,171.502,-21785.1,35.2612,0.379511
780000,23,88.2136,-21806.6,24.9339,0.356978
795000,37,164.847,-21769.2,40.5223,0.3717
810000,43,197.767,-21774.2,47.9747,0.381933
825000,44,189.198,-21760.2,55.6831,0.386667
840000,45,207.613,-21756.5,53.5238,0.360433
855000,45,205.009,-21747.4,51.3788,0.372867
870000,46,199.656,-21747.3,45.8126,0.390067
885000,43,185.43,-21765.9,45.1669,0.386167
900000,42,174.638,-21743.7,39.8566,0.3861
915000,49,221.904,-21739.9,52.9296,0.383267
930000,43,201.715,-21738,41.9066,0.384533
945000,32,131.474,-21771.2,29.5347,0.360479
960000,46,204.463,-21743.5,45.189,0.380433
975000,37,149.663,-21742.1,34.9234,0.3702
990000,50,243.493,-21746.1,56.621,0.375267
1005000,37,162.698,-21772,29.9512,0.379371
1020000,43,207.968,-21747.4,43.2892,0.370267
1035000,47,209.295,-21763.8,63.3906,0.377333
1050000,45,203.015,-21747.9,33.5923,0.370067
1065000,31,144.264,-21752.5,33.6109,0.366608
1080000,35,147.262,-21756.3,39.6905,0.366133
1095000,32,131.934,-21764.3,35.1922,0.359867
1110000,35,154.494,-21721.3,35.8983,0.3612
1125000,42,193.621,-21740.8,38.6604,0.381108
1140000,41,188.054,-21743.1,43.0318,0.388733
1155000,64,286.306,-21701,62.5741,0.362289
1170000,56,246.955,-21697,57.7912,0.3928
1185000,55,228.247,-21717.7,63.1238,0.379733
1200000,51,213.389,-21679.6,48.2837,0.385333
1215000,35,153.723,-21752,32.2269,0.3702
1230000,48,209.239,-21700.9,48.7704,0.380167
1245000,55,218.384,-21695.8,46.3016,0.385267
1260000,41,181.102,-21746.6,42.8406,0.366333
1275000,55,243.026,-21697.7,62.7102,0.382741
1290000,54,245.543,-21717.6,49.9721,0.3924
1305000,53,214.068,-21687.6,52.5891,0.383233
1320000,64,274.226,-21705.2,70.0151,0.398
1335000,65,292.342,-21704.6,81.8074,0.393467
1350000,53,214.233,-21672.3,57.0679,0.379667
1365000,50,207.23,-21721.1,55.6323,0.384733
1380000,56,241.62,-21685.3,52.6694,0.373033
1395000,50,206.599,-21719.8,46.0032,0.401833
1410000,54,231.753,-21695.1,56.1709,0.376933
1425000,72,323.571,-21686.5,75.5874,0.392133
1440000,86,360.78,-21678.4,74.1066,0.4062
1455000,66,254.615,-21677.1,64.4721,0.408267
1470000,51,201.546,-21710.9,44.7023,0.379183
1485000,59,240.861,-21684.1,54.1029,0.397667
1500000,57,257.872,-21712.9,70.73,0.388767
1515000,49,202.774,-21696.2,51.5229,0.396467
1530000,49,210.82,-21693.2,53.8736,0.372733
1545000,59,244.526,-21704.3,46.0589,0.369067
1560000,55,246.792,-21684.9,54.8178,0.383267
1575000,47,197.592,-21705.3,49.3074,0.386456
1590000,61,268.359,-21717.4,55.4952,0.389133
1605000,65,288.153,-21686.1,72.9573,0.388667
1620000,61,269.998,-21682.4,49.3888,0.401467
1635000,56,268.382,-21732,54.5605,0.408667
1650000,42,169.131,-21694.4,42.2586,0.371367
1665000,46,203.858,-21695.5,55.0168,0.376467
1680000,52,235.356,-21658.3,43.3964,0.373667
1695000,34,138.403,-21746.4,32.3149,0.386717
1710000,53,234.509,-21677.5,43.2885,0.365567
1725000,60,243.054,-21679.1,67.9398,0.3822
1740000,56,227.144,-21685.8,46.5506,0.375267
1755000,50,221.38,-21698.4,48.6488,0.377933
1770000,46,191.323,-21748.5,32.7069,0.385093
1785000,43,191.323,-21755.1,40.5161,0.403
1800000,48,215.026,-21698.2,46.077,0.3738
1815000,56,225.947,-21678.9,55.7247,0.375267
1830000,50,204.969,-21691.7,52.9055,0.379467
1845000,48,209.62,-21725.1,49.9764,0.390567
1860000,41,185.632,-21723.3,35.4546,0.374133
1875000,55,246.791,-21675.8,54.8316,0.376822
1890000,57,255.232,-21730,55.6256,0.3973
1905000,52,234.36,-21727.6,51.1425,0.403133
1920000,41,173.113,-21672.7,49.012,0.356667
1935000,34,152.559,-21729.5,40.2873,0.3746
1950000,42,187.011,-21682.5,28.0868,0.345267
1965000,50,217.136,-21694.6,45.9816,0.361733
1980000,53,224.994,-21676.5,54.7966,0.3988
1995000,44,195.685,-21688.1,38.2707,0.3762
2010000,45,182.057,-21721.3,38.1103,0.369179
2025000,55,237.201,-21713.8,56.4197,0.386467
2040000,51,194.996,-21673.9,56.9627,0.360133
2055000,57,264.766,-21665,51.9165,0.3702
2070000,57,251.602,-21687.3,66.9964,0.397333
2085000,54,219.104,-21711.1,52.8481,0.394133
2100000,42,179.796,-21661,54.5259,0.358633
2115000,43,192.562,-21684.1,45.696,0.351733
2130000,45,192.839,-21680.6,47.9364,0.374133
2145000,45,200.487,-21702.7,48.9907,0.37379
2160000,59,246.305,-21709.2,60.7216,0.38328
2175000,61,263.096,-21704.7,53.6816,0.397067
2190000,51,225.852,-21723.1,47.5319,0.392467
2205000,57,232.923,-21655.9,50.6306,0.371773
2220000,34,158.195,-21727.2,35.6746,0.385733
2235000,35,157.064,-21734.2,34.4634,0.366133
2250000,47,198.325,-21656.2,51.2778,0.361467
2265000,61,283.643,-21679.6,61.6422,0.384989
2280000,47,182.784,-21633.5,46.1007,0.375533
2295000,53,233.061,-21679.9,48.9505,0.400967
2310000,66,285.399,-21668.3,64.9381,0.364867
2325000,72,320.867,-21633.1,70.9823,0.386867
2340000,63,274.601,-21685.8,52.869,0.399
2355000,60,255.236,-21643.5,66.0212,0.385533
2370000,54,232.564,-21685.4,59.4334,0.381533
2385000,63,269.453,-21667.9,50.7546,0.3695
2400000,56,227.789,-21703.7,60.6124,0.396967
2415000,59,260.615,-21671.2,72.7427,0.3872
2430000,57,246.249,-21657,59.4364,0.389667
2445000,42,172.891,-21734.6,35.6195,0.393462
2460000,69,303.711,-21638.2,72.0852,0.395533
2475000,69,287.92,-21649.5,69.4282,0.3934
2490000,74,328.163,-21655,79.6071,0.395467
2505000,58,242.629,-21692.7,66.4258,0.400219
2520000,51,206.958,-21686.3,44.5241,0.380667
2535000,49,217.237,-21666.5,45.662,0.370089
2550000,60,267.259,-21654.1,58.3668,0.380833
2565000,61,253,-21673.5,65.5158,0.380867
2580000,51,208.692,-21671.6,46.7176,0.369978
2595000,53,218.456,-21685.8,54.129,0.366867
2610000,56,239.194,-21695.6,56.0986,0.369733
2625000,54,226.199,-21694.9,45.4858,0.4052
2640000,50,218.589,-21664.1,38.5834,0.374933
2655000,58,242.565,-21692.6,62.0403,0.3852
2670000,61,278.554,-21663.7,58.1898,0.370733
2685000,59,244.511,-21670.7,53.3972,0.373133
2700000,56,243.121,-21692.6,47.4851,0.381289
2715000,52,228.362,-21672.1,60.502,0.376067
2730000,48,193.588,-21706.7,41.1242,0.372
2745000,58,239.034,-21674.3,68.5564,0.363983
2760000,68,303.339,-21669.4,65.5475,0.3776
2775000,61,273.606,-21697.8,55.8864,0.379889
2790000,69,278.818,-21640.6,75.7218,0.3919
2805000,55,246.32,-21677.4,55.5697,0.383367
2820000,52,213.11,-21664.2,74.8328,0.380467
2835000,64,274.5,-21668.7,67.4776,0.377
2850000,77,327.043,-21647.5,78.2107,0.392533
2865000,57,237.779,-21694.6,70.044,0.387924
2880000,58,259.256,-21681.7,55.2531,0.37575
2895000,55,230.742,-21675.1,69.0437,0.379
2910000,72,321.744,-21664.1,75.1885,0.398217
2925000,65,276.276,-21652.9,64.8021,0.378767
2940000,69,285.455,-21661.6,67.4457,0.397133
2955000,59,264.221,-21669.1,74.2582,0.386233
2970000,67,287.886,-21659.9,81.172,0.385633
2985000,52,218.472,-21687.5,54.894,0.382
3000000,71,309.348,-21686.2,93.0892,0.3928
3015000,59,264.545,-21696.4,53.3526,0.405067
3030000,61,272.8,-21686,72.5266,0.385956
3045000,56,251.606,-21672.4,48.787,0.3926
3060000,48,222.738,-21694.2,38.8961,0.376333
3075000,63,280.268,-21700.4,61.4967,0.4004
3090000,53,237.293,-21651.2,46.0562,0.379867
3105000,74,323.727,-21681.9,69.8294,0.400833
3120000,81,353.143,-21693.5,79.1687,0.415667
3135000,73,317.216,-21653.9,75.0178,0.412533
3150000,68,299.008,-21654.9,65.9434,0.403067
3165000,52,225.021,-21683.7,54.2726,0.376693
3180000,62,274.248,-21654.5,55.5448,0.395133
3195000,70,316.955,-21663.4,63.9086,0.382373
3210000,46,206.642,-21689.1,52.633,0.377822
3225000,75,338.08,-21635.5,90.381,0.400244
3240000,78,344.929,-21642.1,66.6431,0.4092
3255000,81,367.91,-21676.8,74.5729,0.409267
3270000,76,314.315,-21640.4,67.8602,0.41
3285000,68,302.198,-21664.2,72.6398,0.419067
3300000,81,350.825,-21659.2,88.2209,0.397
3315000,86,341.391,-21672.9,68.513,0.408067
3330000,90,392.151,-21693.9,81.9045,0.416867
3345000,59,258.438,-21699.8,66.0067,0.413467
3360000,53,223.153,-21687.2,54.6011,0.400733
3375000,52,226.033,-21708.7,53.5473,0.401333
3390000,38,155.55,-21719.5,32.3722,0.3982
3405000,49,227.718,-21691.5,43.398,0.378262
3420000,52,239.86,-21697.6,41.5192,0.382376
3435000,58,251.015,-21706.7,42.8659,0.3944
3450000,53,227.792,-21691.5,64.2207,0.390356
3465000,47,200.404,-21692.6,48.4172,0.368333
3480000,58,256.193,-21685,49.0615,0.394956
3495000,55,242.707,-21706.6,72.275,0.3974
3510000,58,257.96,-21709.8,55.6918,0.403267
3525000,58,246.634,-21719.1,56.0857,0.390363
3540000,46,204.764,-21701.9,60.8107,0.396533
3555000,55,250.978,-21674.9,61.4651,0.384622
3570000,50,227.846,-21691.8,52.1099,0.382067
3585000,63,279.272,-21680.1,68.8594,0.3866
3600000,51,218.661,-21701.4,48.1359,0.393133
3615000,61,264.34,-21692,49.6016,0.3947
3630000,63,256.643,-21702.5,78.7552,0.3937
3645000,64,271.713,-21669.7,72.5058,0.399267
3660000,45,183.794,-21690.6,45.3494,0.379267
3675000,44,191.782,-21686.6,41.315,0.391711
3690000,46,193.551,-21689.7,42.3861,0.3746
3705000,59,245.023,-21686.4,67.6132,0.405267
3720000,57,250.946,-21683.9,47.6364,0.413667
3735000,49,204.416,-21702.5,55.878,0.38155
3750000,68,296.305,-21656.4,54.3075,0.383714
3765000,60,256.436,-21692.4,68.9839,0.4002
3780000,50,200.268,-21695.3,61.9644,0.399111
3795000,49,215.543,-21684,41.6661,0.378933
3810000,45,178.882,-21717.2,51.9282,0.396244
3825000,41,180.905,-21690.5,34.1949,0.372111
3840000,71,312.36,-21657.7,69.7031,0.387222
3855000,66,288.47,-21653.5,71.9162,0.3876
3870000,64,287.134,-21667.5,75.2916,0.4054
3885000,76,338.399,-21665.8,88.7967,0.4026
3900000,42,183.156,-21704.6,47.5886,0.373773
3915000,73,307.654,-21649,93.2619,0.395633
3930000,64,266.054,-21692,57.6353,0.381192
3945000,67,294.747,-21664.2,55.2372,0.395067
3960000,60,259.867,-21664.2,61.5504,0.388267
3975000,67,300.529,-21642.7,75.2932,0.385733
3990000,78,335.566,-21662.2,69.5411,0.3914
4005000,89,371.251,-21627.4,82.9356,0.401667
4020000,78,332.107,-21629.7,66.2985,0.4006
4035000,77,328.532,-21664.2,79.6863,0.4034
4050000,78,360.415,-21644.4,73.96,0.400333
4065000,81,352.501,-21656.3,60.0502,0.399
4080000,84,375.333,-21665.6,74.7387,0.4006
4095000,54,226.398,-21689.6,56.8296,0.390206
4110000,70,301.636,-21646.2,73.0061,0.389833
4125000,78,335.979,-21643.7,67.0514,0.392933
4140000,81,337.253,-21630,73.3934,0.402533
4155000,74,339.14,-21639.4,70.6405,0.393267
4170000,72,318.932,-21636.9,80.6749,0.396467
4185000,62,267.883,-21685,59.1224,0.392811
4200000,73,306.258,-21641.6,60.4775,0.396267
4215000,75,303.03,-21668.3,79.7479,0.388667
4230000,91,394.886,-21638,91.7688,0.401267
4245000,74,314.528,-21647,59.7803,0.405333
4260000,51,207.141,-21651.9,57.4289,0.402893
4275000,62,266.525,-21685,53.5977,0.3936
4290000,60,261.601,-21669.5,64.5532,0.386689
4305000,63,277.141,-21675.5,73.5913,0.3809
4320000,63,286.007,-21675.9,51.8936,0.394467
4335000,64,287.165,-21668.5,63.3771,0.394933
4350000,62,274.91,-21662.7,61.1229,0.387317
4365000,51,226.404,-21659.4,44.6307,0.3941
4380000,63,270.196,-21678.5,64.9697,0.3884
4395000,62,273.103,-21662.1,57.1804,0.3954
4410000,68,287.246,-21657.9,84.0737,0.3986
4425000,56,221.788,-21699.8,60.0546,0.386173
4440000,74,322.387,-21651.6,77.0892,0.402567
4455000,66,277.458,-21648.2,67.0747,0.407467
4470000,87,371.177,-21657.9,93.0978,0.402133
4485000,94,423.965,-21644.3,85.0663,0.4118
4500000,93,413.701,-21638.7,90.5766,0.414533
4515000,53,232.06,-21680,51.415,0.387822
4530000,72,311.58,-21660.7,73.3537,0.4196
4545000,69,281.699,-21666.9,67.4551,0.4118
4560000,53,237.454,-21653.9,67.1902,0.373489
4575000,69,302.105,-21661,77.7327,0.3918
4590000,70,303.574,-21687.8,68.8644,0.390222
4605000,78,340.065,-21670.9,69.3561,0.405867
4620000,86,357.729,-21641.1,89.6778,0.409
4635000,78,338.527,-21639.9,73.6753,0.421267
4650000,74,323.703,-21655.1,69.9132,0.424533
4665000,64,279.101,-21640.4,63.5421,0.396667
4680000,56,239.29,-21669.9,66.5088,0.377994
4695000,57,243.694,-21669,60.0558,0.402967
4710000,59,252.471,-21678.5,62.8567,0.388733
4725000,50,221.142,-21680.3,39.7003,0.3856
4740000,67,288.388,-21675.6,69.9129,0.380533
4755000,55,234.198,-21666.5,53.7203,0.390367
4770000,51,212.19,-21694.2,44.0518,0.382
4785000,48,197.851,-21707,60.0994,0.384067
4800000,55,241.595,-21697.5,50.0269,0.378883
4815000,47,203.585,-21684.4,46.0706,0.375458
4830000,50,217.941,-21700.1,65.5268,0.385067
4845000,45,197.092,-21684.2,56.904,0.3907
4860000,60,243.845,-21704.8,61.4979,0.396467
4875000,47,211.434,-21690.6,44.6169,0.3755
4890000,54,239.862,-21696,37.4142,0.393183
4905000,47,210.599,-21690.5,32.0494,0.388956
4920000,54,226.563,-21703.4,43.0025,0.407867
4935000,59,267.581,-21700.8,53.5006,0.408267
4950000,54,229.913,-21689.8,50.6394,0.390533
4965000,58,235.359,-21681,69.6721,0.375778
4980000,57,244.018,-21676.4,57.7483,0.3946
4995000,72,320.502,-21708.8,78.4086,0.395422
5010000,55,240.049,-21672.9,60.5101,0.4009
5025000,59,263.747,-21680.5,45.1356,0.398667
5040000,48,208.698,-21680.7,59.1271,0.4062
5055000,51,230.587,-21714.6,45.7995,0.3967
5070000,54,243.35,-21697.6,70.318,0.373933
5085000,60,278.24,-21717.9,74.2184,0.403267
5100000,54,226.957,-21715.4,60.3948,0.407533
5115000,56,242.546,-21719.1,54.3294,0.392667
5130000,53,220.687,-21698.2,52.0595,0.385467
5145000,69,307.036,-21710,57.1437,0.3959
5160000,61,282.75,-21716.5,56.8647,0.404867
5175000,42,182.436,-21711.6,55.8909,0.383738
5190000,69,295.029,-21666.4,61.5158,0.384683
5205000,60,253.359,-21652,65.648,0.396067
5220000,59,256.57,-21632,63.4806,0.377533
5235000,67,299.361,-21644.7,75.8334,0.3964
5250000,62,253.937,-21636.5,61.9467,0.3866
5265000,47,203.344,-21697,63.1235,0.381333
5280000,58,256.4,-21659.3,49.9241,0.392
5295000,62,264.299,-21655.8,63.1436,0.379133
5310000,63,280.04,-21649.2,64.2004,0.391067
5325000,61,260.702,-21664.8,63.3754,0.393133
5340000,54,240.342,-21654.7,52.0919,0.387667
5355000,51,215.525,-21646.7,56.2449,0.371533
5370000,65,288.881,-21652.3,63.0388,0.3776
5385000,65,269.955,-21674.3,57.3255,0.395733
5400000,56,242.781,-21694.1,54.7364,0.384562
5415000,58,266.643,-21664.6,69.1294,0.406067
5430000,47,209.763,-21670.4,45.4584,0.359933
5445000,53,236.693,-21680.2,51.6078,0.3586
5460000,52,236.573,-21729.6,49.5,0.380913
5475000,58,242.514,-21697.4,62.1192,0.39876
5490000,55,252.326,-21683.9,48.2084,0.391378
5505000,46,203.154,-21710.2,46.6115,0.386311
5520000,57,249.592,-21688.8,60.4752,0.398711
5535000,40,173.891,-21700.7,37.5409,0.363933
5550000,46,205.801,-21698.7,47.1603,0.377667
5565000,57,255.167,-21698.3,59.2684,0.386089
5580000,61,281.222,-21684.5,45.2852,0.397133
5595000,70,311.166,-21666.8,71.1571,0.388378
5610000,63,291.859,-21634.2,82.4724,0.3768
5625000,66,284.235,-21632.7,53.861,0.377267
5640000,68,303.725,-21643.5,74.847,0.395667
5655000,62,278.031,-21649.2,54.9125,0.3754
5670000,82,351.476,-21606.5,88.3295,0.378267
5685000,72,310.516,-21628.3,89.9126,0.375133
5700000,65,285.282,-21642.8,80.9691,0.3708
5715000,56,251.105,-21694.1,65.815,0.383483
5730000,60,255.236,-21643.1,66.3827,0.3775
5745000,62,276.278,-21640.7,66.3011,0.380333
5760000,73,314.809,-21669.2,58.7106,0.375667
5775000,67,282.364,-21644.2,67.3624,0.394133
5790000,75,323.436,-21654.5,67.9029,0.383267
5805000,82,328.359,-21651,86.7594,0.387867
5820000,71,312.131,-21669,63.7189,0.398133
5835000,62,264.998,-21705.2,66.0588,0.391561
5850000,50,227.573,-21682.6,46.5149,0.379963
5865000,56,249.019,-21706.8,58.7001,0.393333
5880000,46,202.32,-21694.2,51.2932,0.377433
5895000,51,233.589,-21678.2,47.6398,0.3656
5910000,55,251.194,-21666.4,46.7081,0.385411
5925000,46,194.681,-21680.1,52.8419,0.3651
5940000,57,256.172,-21674.6,61.9926,0.386933
5955000,61,271.928,-21677.1,68.6194,0.386533
5970000,48,206.394,-21715.1,51.3204,0.383352
5985000,55,237.948,-21650.5,61.461,0.377467
6000000,51,222.306,-21676.2,54.881,0.3716
6015000,55,252.564,-21683.2,50.944,0.3668
6030000,45,192.523,-21686.6,42.6823,0.367819
6045000,47,210.428,-21702.6,58.8952,0.372267
6060000,59,263.34,-21681.6,57.8017,0.388156
6075000,60,258.771,-21679.9,63.983,0.386
6090000,48,200.149,-21673.4,57.9665,0.376756
6105000,52,222.326,-21699.7,67.9202,0.374478
6120000,52,209.147,-21670.6,51.7134,0.386044
6135000,52,211.729,-21687.7,66.8236,0.367889
6150000,54,237.303,-21661.7,48.9649,0.381367
6165000,48,198.396,-21680.7,37.2087,0.37355
6180000,49,211.499,-21690,46.0851,0.361022
6195000,56,249.706,-21663.6,67.6754,0.367778
6210000,51,201.811,-21677.5,43.5948,0.370978
6225000,48,214.921,-21679.3,48.6905,0.377867
6240000,42,189.284,-21683.2,47.4036,0.3482
6255000,63,265.548,-21665.7,54.5785,0.374933
6270000,63,255.138,-21682.8,65.7676,0.398267
6285000,62,284.164,-21667,69.1757,0.383533
6300000,61,258.999,-21650.1,61.88,0.386448
6315000,54,220.273,-21650.9,51.9728,0.379567
6330000,54,238.342,-21678.9,52.0887,0.3858
6345000,74,325.63,-21685.7,78.4492,0.3948
6360000,52,226.207,-21676,58.5166,0.389467
6375000,63,264.35,-21674,51.9716,0.4038
6390000,74,344.695,-21666.4,96.1551,0.37812
6405000,65,299.305,-21664.4,56.6018,0.394933
6420000,59,265.1,-21658.1,66.2581,0.401
6435000,55,240.362,-21666.4,47.6658,0.3862
6450000,68,283.183,-21672.7,73.1349,0.3924
6465000,51,223.919,-21675.9,49.1107,0.3772
6480000,65,291.758,-21665.3,78.4943,0.384267
6495000,88,377.738,-21642,97.2143,0.396556
6510000,72,310.227,-21659,74.6676,0.403
6525000,76,340.83,-21644,62.6887,0.410933
6540000,67,306.565,-21662.9,66.8368,0.392733
6555000,64,264.908,-21660.9,72.2234,0.394533
6570000,51,221.895,-21663.6,44.9455,0.373095
6585000,47,202.192,-21676.2,50.6909,0.3758
6600000,57,247.385,-21681.8,58.4796,0.3726
6615000,69,304.595,-21698.7,69.4438,0.389207
6630000,57,245.447,-21717.6,51.9149,0.408067
6645000,62,270.233,-21685.7,55.8271,0.3958
6660000,69,291.255,-21694.7,61.987,0.3897
6675000,48,201.029,-21677.3,43.1736,0.369143
6690000,50,217.298,-21651.9,51.5536,0.361133
6705000,47,175.518,-21684.2,52.5691,0.39085
6720000,80,370.971,-21649.3,94.3422,0.3729
6735000,70,297.289,-21674.2,66.6263,0.38824
6750000,66,272.648,-21667,82.2549,0.401333
6765000,64,283.944,-21655.3,57.263,0.403156
6780000,56,235.7,-21657.5,64.4179,0.3882
6795000,63,289.916,-21661.6,66.8645,0.394378
6810000,53,236.808,-21669.1,58.4476,0.398533
6825000,49,215.72,-21670.7,55.3488,0.368267
6840000,58,252.604,-21646.2,59.6702,0.377267
6855000,58,256.879,-21649.8,50.8795,0.374311
6870000,54,234.15,-21640.8,51.3899,0.378067
6885000,67,286.255,-21641.3,70.7884,0.388489
6900000,66,305.726,-21639.8,69.5238,0.397067
6915000,61,252.046,-21667.7,64.9124,0.375686
6930000,63,267.599,-21661.8,60.5515,0.385767
6945000,66,293.437,-21668.6,62.2714,0.3981
6960000,69,305.32,-21679.8,70.3445,0.406533
6975000,50,219.189,-21693.2,40.9304,0.3712
6990000,55,232.541,-21694.6,62.2068,0.377783
7005000,48,200.624,-21698.3,43.452,0.383652
7020000,49,219.068,-21691.6,45.3569,0.3695
7035000,58,254.912,-21649.1,62.6173,0.385383
7050000,50,219.351,-21691.1,46.5141,0.36
7065000,60,241.233,-21668,56.9213,0.37365
7080000,46,202.323,-21698.6,41.4911,0.3812
7095000,50,229.129,-21709.7,55.4998,0.388583
7110000,54,233.065,-21707.8,57.345,0.390067
7125000,42,176.238,-21704.6,51.6975,0.361756
7140000,56,226.248,-21683.4,40.868,0.390467
7155000,62,262.132,-21668.3,65.0135,0.391733
7170000,41,166.239,-21722.3,39.8878,0.371267
7185000,49,202.628,-21687.4,43.8437,0.378785
7200000,51,231.91,-21671,50.2293,0.373267
7215000,59,246.917,-21666.2,58.7802,0.3912
7230000,59,247.642,-21679.3,59.9629,0.389867
7245000,56,232.01,-21708.2,65.6238,0.378747
7260000,57,257.044,-21695,57.405,0.385533
7275000,58,248.122,-21709.1,77.3571,0.401067
7290000,53,236.859,-21705.1,45.0457,0.373867
7305000,59,252.773,-21697.4,47.3089,0.396747
7320000,60,262.78,-21680.7,58.9926,0.394333
7335000,67,300.213,-21672.9,63.6387,0.394867
7350000,68,307.186,-21635.5,63.355,0.391467
7365000,76,328.742,-21621.4,71.5837,0.394333
7380000,80,358.32,-21657.6,88.8597,0.397733
7395000,70,315.084,-21650.3,85.2378,0.394133
7410000,69,304.116,-21637.4,77.3469,0.3934
7425000,57,252.749,-21675.1,66.3196,0.378756
7440000,62,280.033,-21661.8,81.0158,0.386433
7455000,60,249.277,-21677.8,60.9736,0.3964
7470000,55,231.609,-21693.6,67.3163,0.4029
7485000,54,246.817,-21666.2,67.2044,0.391567
7500000,56,254.292,-21701,59.1753,0.385633
7515000,50,201.123,-21683.9,49.2728,0.383033
7530000,48,221.234,-21690.2,40.8026,0.37396
7545000,60,269.541,-21667.7,57.8897,0.391933
7560000,52,231.201,-21697.1,56.225,0.379033
7575000,59,259.094,-21674.4,48.6103,0.3941
7590000,63,275.749,-21670.6,52.2841,0.3854
7605000,55,252.123,-21704.2,60.9481,0.385533
7620000,49,221.487,-21687.7,47.1283,0.385133
7635000,45,201.106,-21687.9,43.2551,0.3902
7650000,53,233.484,-21704.1,56.1378,0.3724
7665000,57,242.376,-21694.9,72.8538,0.40044
7680000,45,191.58,-21705.8,43.0417,0.380633
7695000,45,182.548,-21684,56.8577,0.368867
7710000,55,227.197,-21675.5,62.694,0.383444
7725000,54,230.882,-21700.6,53.8231,0.39435
7740000,55,239.534,-21681,52.7977,0.376222
7755000,70,285.235,-21674.6,60.9791,0.393222
7770000,61,272.954,-21682.5,56.9871,0.390933
7785000,60,268.235,-21681,47.1238,0.388067
7800000,49,202.353,-21710,44.9452,0.387133
7815000,53,237.381,-21709.6,52.3076,0.3974
7830000,63,269.009,-21673.5,56.6916,0.388267
7845000,58,239.624,-21674.9,67.8256,0.390133
7860000,49,218.919,-21707,59.0263,0.380467
7875000,43,193.628,-21728.9,42.3759,0.389067
7890000,40,167.523,-21699,31.8731,0.384533
7905000,67,302.087,-21674.3,60.5207,0.385491
7920000,67,289.28,-21651.2,56.8909,0.385233
7935000,61,265.405,-21673.1,67.0058,0.383267
7950000,63,286.131,-21650.2,56.1882,0.383333
7965000,70,303.326,-21656.1,65.3325,0.3804
7980000,69,310.621,-21663.3,73.6409,0.406067
7995000,41,175.454,-21687.2,58.9085,0.377878
8010000,63,279.475,-21687.9,71.2053,0.3959
8025000,44,193.854,-21712.3,42.0118,0.361067
8040000,47,179.218,-21718.5,39.8453,0.388207
8055000,53,223.566,-21688,57.0614,0.390689
8070000,54,228.173,-21676.3,55.9501,0.392133
8085000,49,213.757,-21707.2,59.7385,0.390467
8100000,47,210.658,-21672,47.8781,0.363387
8115000,59,249.16,-21665.4,59.6803,0.386833
8130000,52,235.631,-21685.5,45.1126,0.396467
8145000,64,281.95,-21681.6,61.2497,0.391733
8160000,57,259.169,-21685.4,56.7901,0.394
8175000,51,221.89,-21689.7,56.6926,0.387556
8190000,50,206.369,-21673.1,55.1434,0.384267
8205000,51,233.908,-21707,51.7757,0.367086
8220000,56,257.177,-21684.6,53.0019,0.390267
8235000,55,230.111,-21691.6,54.4172,0.391933
8250000,49,208.716,-21687.7,54.1327,0.377067
8265000,58,221.778,-21685.4,60.16,0.40328
8280000,64,267.199,-21667,66.4351,0.392333
8295000,59,255.462,-21712.6,54.0546,0.37596
8310000,62,269.48,-21708,57.8317,0.405767
8325000,63,282.594,-21703,61.1558,0.409733
8340000,55,242.457,-21682.2,56.7971,0.397667
8355000,53,229.066,-21675.2,49.6976,0.374743
8370000,38,162.82,-21711.3,36.5338,0.367333
8385000,35,150.26,-21722.8,36.2882,0.348
8400000,63,259.139,-21672.5,71.8742,0.377844
8415000,48,212.882,-21681.2,52.3322,0.380267
8430000,58,252.804,-21664.3,48.3266,0.3878
8445000,66,287.157,-21677.5,71.6054,0.384438
8460000,65,288.739,-21656.1,55.0226,0.391333
8475000,58,249.643,-21642.4,48.9517,0.398667
8490000,59,265.914,-21644.8,62.3425,0.391
8505000,67,284.64,-21654.9,66.0441,0.409067
8520000,70,296.869,-21627.2,82.8618,0.412667
8535000,48,194.112,-21686.3,59.2088,0.37452
8550000,71,312.153,-21657.1,78.5367,0.387222
8565000,62,277.818,-21673.8,55.9871,0.3856
8580000,53,235.597,-21681.4,58.8131,0.392767
8595000,59,253.321,-21649.2,53.3316,0.384667
8610000,70,294.225,-21656.1,72.4474,0.393333
8625000,63,265.973,-21667.3,68.0814,0.394733
8640000,50,222.666,-21660.5,52.3284,0.383733
8655000,53,218.48,-21675.5,45.5517,0.383067
8670000,62,271.401,-21675.1,52.5219,0.397267
8685000,46,197.657,-21682.7,51.6711,0.387057
8700000,68,310.368,-21670.1,71.0642,0.387367
8715000,57,253.093,-21668.3,61.0927,0.398
8730000,54,237.894,-21690.3,55.092,0.382022
8745000,47,189.262,-21716.9,49.2204,0.385071
8760000,56,247.163,-21697.1,65.4598,0.3821
8775000,51,227.915,-21693.9,47.1692,0.378217
8790000,49,201.619,-21686.1,40.8979,0.3838
8805000,56,254.845,-21693.9,53.7603,0.3894
8820000,57,244.83,-21663.2,54.7305,0.3708
8835000,58,247.871,-21676.8,60.1746,0.38316
8850000,67,263.642,-21678.3,76.884,0.393433
8865000,51,235.794,-21700.7,59.2874,0.392367
8880000,63,265.015,-21660.9,67.8002,0.393267
8895000,55,237.995,-21688.2,64.7157,0.395467
8910000,74,322.235,-21673.9,91.5427,0.409733
8925000,55,234.391,-21682.5,61.1251,0.3878
8940000,80,332.719,-21675.9,76.2158,0.4037
8955000,72,312.523,-21677,76.6404,0.3976
8970000,71,309.966,-21682.9,67.6982,0.401267
8985000,62,280.596,-21688.3,67.9156,0.4014
9000000,65,265.867,-21683.1,50.8486,0.3944
9015000,47,200.27,-21677.6,45.58,0.372311
9030000,54,231.499,-21675.3,49.6987,0.3807
9045000,42,185.532,-21705.6,51.1335,0.37214
9060000,55,244.422,-21673.2,44.7923,0.379067
9075000,62,276.46,-21669.7,50.8425,0.399533
9090000,60,254.88,-21675,64.9353,0.387067
9105000,35,147.986,-21700.3,33.2504,0.372711
9120000,62,272.279,-21681.8,56.8894,0.374907
9135000,58,256.167,-21699,57.249,0.399822
9150000,57,250.903,-21689.7,55.9242,0.402133
9165000,55,238.773,-21696.3,47.1922,0.4044
9180000,63,256.95,-21711.7,75.0386,0.402817
9195000,35,161.27,-21701,44.8151,0.369933
9210000,55,238.22,-21709.2,54.5057,0.399
9225000,46,192.981,-21708,47.7893,0.389222
9240000,63,276.755,-21691.1,71.2641,0.3917
9255000,61,269.45,-21675.5,69.4672,0.403933
9270000,53,215.43,-21688.1,45.6897,0.385
9285000,65,276.611,-21693.7,54.0878,0.403783
9300000,66,289.571,-21676,63.7526,0.3968
9315000,50,206.444,-21692.7,52.8212,0.387
9330000,52,227.825,-21708.9,56.6587,0.391244
9345000,68,294.15,-21715.9,75.8611,0.406067
9360000,55,233.271,-21671.2,52.5285,0.389489
9375000,57,249.65,-21682.1,61.3992,0.393067
9390000,62,277.824,-21723.3,56.9223,0.400222
9405000,64,294.126,-21698.2,64.8082,0.378524
9420000,68,292.206,-21662.5,60.016,0.403778
9435000,62,279.475,-21703.7,74.8021,0.401889
9450000,61,266.506,-21664.4,60.4679,0.391467
9465000,60,261.12,-21666.6,64.6224,0.3802
9480000,57,241.011,-21681.3,53.422,0.392467
9495000,47,202.17,-21690.4,48.3199,0.372933
9510000,54,246.463,-21694.6,52.5009,0.374467
9525000,48,220.014,-21684.7,62.4656,0.392533
9540000,46,200.829,-21710.1,55.8956,0.3892
9555000,50,216.17,-21698.5,52.6549,0.375967
9570000,52,219.522,-21686.6,47.1993,0.3799
9585000,47,210.859,-21711.6,44.9982,0.377
9600000,43,182.629,-21701,32.5417,0.389133
9615000,65,280.57,-21687.7,61.3181,0.390333
9630000,70,309.919,-21684.2,75.3683,0.406
9645000,59,257.835,-21701.2,49.7648,0.398733
9660000,43,193.662,-21699.8,34.6861,0.386587
9675000,49,203.567,-21680.1,55.0156,0.382813
9690000,42,182.382,-21686.1,28.4654,0.389467
9705000,40,176.004,-21701.3,36.7704,0.3646
9720000,61,266.673,-21682.4,57.8981,0.381311
9735000,51,218.377,-21678.3,49.5217,0.3754
9750000,60,270.418,-21684.4,79.1762,0.396133
9765000,63,272.876,-21680.9,63.6872,0.3925
9780000,60,266.379,-21689.5,59.5485,0.376717
9795000,58,229.136,-21667.1,58.2905,0.397167
9810000,61,274.485,-21672.6,78.3741,0.38875
9825000,79,349.415,-21685.8,85.9556,0.411233
9840000,64,260.4,-21672.1,59.2931,0.4086
9855000,56,235.416,-21676.7,60.8482,0.390511
9870000,58,246.05,-21684.3,65.2302,0.395933
9885000,47,181.944,-21647.2,45.5223,0.376533
9900000,56,238.698,-21676.3,59.722,0.390008
9915000,46,191.784,-21686.8,43.9368,0.375089
9930000,57,231.344,-21660.7,74.4921,0.374167
9945000,65,291.822,-21624.4,59.1329,0.377617
9960000,70,308.284,-21653.3,74.1639,0.394667
9975000,72,304.929,-21661.5,70.5644,0.409867
9990000,67,276.34,-21637.3,66.3832,0.389956
10005000,63,264.042,-21638,59.0676,0.3913
10020000,57,239.051,-21668,68.4824,0.397
10035000,49,216.015,-21653,42.7079,0.371267
10050000,69,290.952,-21643,79.5113,0.384817
10065000,73,325.968,-21641.1,76.252,0.400333
10080000,49,214.919,-21668.9,45.4796,0.390188
10095000,45,188.537,-21681,42.2645,0.390783
10110000,49,209.224,-21677.8,61.1005,0.382956
10125000,51,211.064,-21669.3,47.0627,0.375067
10140000,75,308.376,-21661.9,76.8614,0.3788
10155000,54,229.417,-21670.4,49.4813,0.395133
10170000,63,259.422,-21658.6,74.2025,0.401733
10185000,51,215.647,-21689.6,43.3857,0.36425
10200000,42,166.531,-21685.1,46.3173,0.387833
10215000,59,270.196,-21705.3,53.2718,0.369633
10230000,51,209.941,-21700.9,47.9822,0.374427
10245000,66,282.869,-21678.3,53.7417,0.3956
10260000,65,276.604,-21661.7,80.2282,0.396133
10275000,72,318.464,-21649.4,66.4284,0.402187
10290000,53,221.168,-21678.5,49.888,0.3727
10305000,53,220.466,-21725.7,51.1627,0.390027
10320000,56,247.03,-21716.5,67.1047,0.412267
10335000,72,306.194,-21643.3,77.7225,0.40275
10350000,57,250.735,-21735.9,74.1687,0.405933
10365000,68,293.518,-21662.6,70.3393,0.401733
10380000,70,295.336,-21669.1,69.8532,0.399933
10395000,75,326.705,-21657.9,79.5954,0.387095
10410000,59,252.088,-21652.3,59.0941,0.378267
10425000,57,248.169,-21661,51.573,0.364
10440000,57,243.255,-21659.9,46.8259,0.399267
10455000,67,296.99,-21636.5,53.2457,0.380733
10470000,59,251.727,-21644.8,65.1044,0.384633
10485000,70,302.894,-21635.1,71.0373,0.380433
10500000,61,265.77,-21620.4,61.7555,0.374267
10515000,73,309.071,-21655.9,79.4764,0.387
10530000,75,327.909,-21648.3,66.062,0.4072
10545000,48,213.642,-21671.6,56.6141,0.38132
10560000,75,324.577,-21626.3,84.6293,0.387533
10575000,54,217.43,-21667.5,44.257,0.378267
10590000,63,254.566,-21649.3,70.014,0.3939
10605000,60,273.661,-21682.3,59.8008,0.382967
10620000,50,208.418,-21646.1,53.1954,0.368533
10635000,57,230.191,-21682.3,51.3964,0.368867
10650000,58,247.521,-21645.8,52.2992,0.379267
10665000,62,267.209,-21655,56.4002,0.3878
10680000,55,235.956,-21645.9,61.3508,0.3888
10695000,71,302.325,-21660.8,71.9102,0.387667
10710000,56,242.139,-21696.9,64.4187,0.3897
10725000,51,233.702,-21672.2,52.7798,0.385067
10740000,57,248.438,-21679.5,50.211,0.3898
10755000,55,243.4,-21678.1,44.7576,0.386733
10770000,64,274.443,-21661,56.5024,0.39616
10785000,57,246.388,-21662.3,63.5265,0.393933
10800000,49,212.897,-21733.6,47.2704,0.378604
10815000,41,186.798,-21750.7,43.4244,0.384
10830000,58,250.29,-21696.1,48.7348,0.392022
10845000,47,202.017,-21667.7,50.118,0.367733
10860000,57,255.357,-21674.6,76.5942,0.365933
10875000,52,228.305,-21659.7,49.1111,0.3778
10890000,55,243.794,-21666.7,46.7106,0.376333
10905000,54,232.455,-21697.3,46.4991,0.378987
10920000,62,274.253,-21662.1,58.5831,0.3948
10935000,65,281.268,-21644.8,78.76,0.394
10950000,41,179.352,-21722.8,36.5017,0.381615
10965000,62,259.091,-21675.8,69.1495,0.390733
10980000,44,188.247,-21721.7,54.6923,0.3867
10995000,55,224.326,-21695.8,47.5377,0.4006
11010000,60,249.203,-21663.6,68.5703,0.387311
11025000,66,292.613,-21657.5,67.2435,0.397933
11040000,52,218.273,-21691.8,47.5791,0.384437
11055000,74,321.652,-21683.1,100.164,0.396333
11070000,58,252.416,-21658.9,48.1175,0.382867
11085000,49,200.97,-21664.8,36.9007,0.376444
11100000,50,218.026,-21676,48.8705,0.370767
11115000,55,228.586,-21653.1,57.5365,0.382133
11130000,51,219.397,-21672.1,53.3084,0.3828
11145000,50,218.688,-21658.7,52.5251,0.358533
11160000,45,197.014,-21720.7,39.9788,0.390352
11175000,51,225.216,-21656.8,57.1188,0.360833
11190000,49,199.489,-21682.2,42.6079,0.370947
11205000,61,248.248,-21642.8,67.0136,0.368433
11220000,55,251.244,-21675.1,53.6789,0.3838
11235000,64,273.699,-21654.8,54.0633,0.3905
11250000,60,251.21,-21662.2,64.5404,0.400333
11265000,53,240.149,-21705.4,54.7624,0.380733
11280000,44,184.877,-21694.2,50.5361,0.372667
11295000,61,271.178,-21699.2,60.728,0.389667
11310000,58,255.268,-21690.6,52.898,0.392733
11325000,46,200.526,-21678.4,38.3499,0.372733
11340000,37,173.168,-21743.4,29.7313,0.375994
11355000,57,238.298,-21685.1,60.9486,0.397178
11370000,57,249.484,-21675,62.9207,0.405067
11385000,49,232.424,-21700.8,42.8876,0.377333
11400000,54,241.516,-21679.2,63.344,0.390367
11415000,45,205.706,-21691.7,43.2209,0.3709
11430000,44,186.954,-21710.4,45.0073,0.3754
11445000,57,234.544,-21664,61.1993,0.382
11460000,63,270.2,-21691.5,73.737,0.385567
11475000,70,316.318,-21680.5,64.6377,0.4155
11490000,54,235.71,-21689.1,66.9785,0.381
11505000,57,265.626,-21680.5,58.6878,0.390067
11520000,62,271.331,-21675.4,50.3616,0.391911
11535000,75,335.69,-21691.5,81.1221,0.391908
11550000,63,265.022,-21672.1,58.3185,0.4024
11565000,59,224.333,-21710.4,55.4673,0.4004
11580000,51,221.876,-21697.6,52.517,0.39005
11595000,43,188.981,-21705.4,40.1964,0.374011
11610000,56,246.846,-21683.8,40.4588,0.3786
11625000,41,172.637,-21711.3,36.2156,0.364567
11640000,61,256.242,-21665.2,70.1985,0.382933
11655000,49,208.754,-21680.2,49.8248,0.392933
11670000,50,218.33,-21695.9,46.8123,0.376933
11685000,50,225.513,-21686.2,60.3452,0.375695
11700000,53,227.45,-21691.6,54.0485,0.387633
11715000,49,218.931,-21674.4,43.9704,0.376133
11730000,52,229.743,-21669.6,43.5944,0.3716
11745000,57,253.859,-21685,52.245,0.3854
11760000,49,210.75,-21682.4,52.6798,0.3759
11775000,56,248.12,-21687.1,50.8484,0.383067
11790000,49,214.31,-21674.4,43.264,0.374163
11805000,53,222.377,-21683.7,56.7022,0.373089
11820000,57,258.802,-21701.1,53.3543,0.386311
11835000,53,237.59,-21691,49.3947,0.396467
11850000,52,240.466,-21667.8,45.4115,0.369817
11865000,56,250.366,-21690.8,59.8391,0.3765
11880000,60,265.093,-21675.9,75.2685,0.377167
11895000,56,260.58,-21667.7,57.9291,0.380067
11910000,57,237.124,-21673.2,73.5753,0.377533
11925000,49,216.43,-21692.2,47.1678,0.373133
11940000,52,225.492,-21672.7,47.1292,0.379467
11955000,64,279.269,-21652.9,63.5893,0.378478
11970000,46,190.109,-21678.3,52.012,0.382767
11985000,53,232.682,-21676.2,51.9341,0.3744
12000000,53,247.288,-21673.6,54.4658,0.383467
12015000,57,247.221,-21689,52.9593,0.372833
12030000,55,233.25,-21682.6,53.0594,0.390436
12045000,55,221.629,-21661.8,60.2276,0.381578
12060000,52,214.259,-21686.1,44.6773,0.372556
12075000,54,244.509,-21695.9,47.1713,0.385978
12090000,58,245.205,-21712.3,53.2596,0.391667
12105000,48,209.02,-21668.7,46.5524,0.381333
12120000,43,181.074,-21671.1,52.4524,0.355
12135000,54,231.361,-21670.1,52.4657,0.379111
12150000,60,264.799,-21660.4,54.721,0.3705
12165000,59,257.671,-21676.2,68.4903,0.371667
12180000,49,217.508,-21697.1,43.0021,0.395067
12195000,45,196.846,-21687.7,43.9744,0.378289
12210000,56,253.509,-21665,62.129,0.371733
12225000,63,265.691,-21680.7,60.1443,0.383967
12240000,63,283.191,-21666.7,63.4781,0.3996
12255000,59,257.736,-21663.5,76.4866,0.400067
12270000,52,215.278,-21689.3,61.1917,0.380367
12285000,62,287.542,-21657.3,59.3792,0.3883
12300000,55,246.542,-21653.1,39.8779,0.373967
12315000,52,222.602,-21679.1,59.9207,0.378333
12330000,63,273.625,-21642.1,60.8699,0.4006
12345000,54,223.153,-21664.9,60.5209,0.371667
12360000,45,206.191,-21657.8,42.5773,0.363067
12375000,60,273.298,-21668.8,63.3114,0.388133
12390000,68,293.966,-21690.7,70.4891,0.393283
12405000,54,226.664,-21686.8,48.1033,0.394733
12420000,52,236.619,-21691.5,58.602,0.3824
12435000,47,200.025,-21673.7,49.436,0.386417
12450000,42,173.652,-21676.9,40.2858,0.379067
12465000,47,216.324,-21679.5,42.9066,0.369233
12480000,52,205.624,-21689.2,59.7964,0.381095
12495000,63,276.917,-21675.7,64.2844,0.392711
12510000,64,275.696,-21679.1,62.6577,0.408533
12525000,56,234.914,-21697.1,51.1676,0.389167
12540000,60,247.198,-21689.6,55.7286,0.4074
12555000,57,241.196,-21693.4,62.0702,0.401867
12570000,57,248.078,-21690.4,65.0188,0.395333
12585000,52,215.282,-21661.1,52.1665,0.3956
12600000,63,278.321,-21664,67.5901,0.395067
12615000,65,262.035,-21632.1,70.8679,0.391319
12630000,73,318.074,-21625.8,57.0675,0.387733
12645000,77,332.221,-21648.4,63.2038,0.4104
12660000,61,267.888,-21674.4,54.6204,0.403533
12675000,72,328.302,-21649.5,71.6144,0.38872
12690000,55,239.382,-21661.1,60.3227,0.389167
12705000,67,283.281,-21650.8,72.6996,0.3835
12720000,54,230.669,-21677,41.8967,0.385367
12735000,44,185.016,-21705.1,39.8094,0.385727
12750000,60,253.866,-21707.6,44.0583,0.400133
12765000,61,269.151,-21654.6,53.8037,0.374533
12780000,61,265.686,-21684.9,67.2238,0.3929
12795000,57,250.436,-21646.7,66.577,0.369067
12810000,59,263.476,-21667.9,58.8162,0.372267
12825000,62,265.887,-21659.1,45.6254,0.371733
12840000,57,239.737,-21656.7,46.4571,0.3726
12855000,64,267.785,-21651.8,55.3256,0.370333
12870000,56,232.956,-21658.6,67.4917,0.3802
12885000,41,171.849,-21705.1,35.4136,0.393859
12900000,44,197.907,-21708.4,51.9363,0.385408
12915000,47,192.806,-21670.2,41.3208,0.362911
12930000,56,248.082,-21675.5,63.1173,0.374533
12945000,79,329.836,-21665.9,76.0356,0.377833
12960000,67,292.503,-21688.6,72.3803,0.4034
12975000,63,264.001,-21649.3,61.4354,0.402733
12990000,75,337.471,-21665.7,68.6407,0.412467
13005000,68,294.625,-21680.8,65.0967,0.416
13020000,72,322.742,-21675.3,76.8879,0.406067
13035000,54,242.287,-21665.6,52.0068,0.40175
13050000,63,286.051,-21663.3,64.345,0.385267
13065000,58,274.412,-21688.7,57.7439,0.375433
13080000,60,261.961,-21686.6,70.4593,0.40305
13095000,52,237.798,-21694.6,45.7759,0.389067
13110000,54,242.581,-21673.2,53.4254,0.3688
13125000,47,197.842,-21652.8,37.4995,0.388467
13140000,59,247.073,-21664.8,59.6262,0.384078
13155000,63,275.828,-21670.7,73.0961,0.3862
13170000,69,308.961,-21682.9,62.3766,0.398567
13185000,61,282.945,-21650.7,64.5564,0.398433
13200000,76,337.12,-21615.9,90.494,0.388433
13215000,75,327.127,-21606,73.9231,0.386333
13230000,83,374.816,-21612,97.5799,0.395467
13245000,64,286.463,-21633.2,56.8498,0.386333
13260000,61,268.834,-21606.9,53.5427,0.365533
13275000,61,239.09,-21666.4,73.7644,0.395222
13290000,67,288.86,-21629.5,57.9191,0.369367
13305000,81,372.81,-21642.8,81.5237,0.3836
13320000,75,312.892,-21676.4,86.9905,0.3916
13335000,76,334.867,-21634.3,87.878,0.394833
13350000,64,280.085,-21688.4,62.0199,0.394
13365000,63,253.796,-21648,64.7403,0.391033
13380000,59,240.128,-21650.5,56.5041,0.3754
13395000,63,259.85,-21662,63.9282,0.397653
13410000,55,235.772,-21663.9,52.0108,0.3923
13425000,46,189.785,-21675.3,50.9288,0.358533
13440000,61,240.451,-21664,78.4165,0.380222
13455000,60,278.164,-21683.8,62.9925,0.38821
13470000,64,271.825,-21677.2,64.8499,0.406533
13485000,74,334.978,-21689.5,87.4066,0.409
13500000,54,207.198,-21643.9,50.107,0.371973
13515000,53,227.86,-21684.5,60.1883,0.3925
13530000,55,228.472,-21646.8,55.9022,0.370167
13545000,55,238.554,-21656.8,45.0953,0.366333
13560000,72,300.626,-21660.5,71.7376,0.3934
13575000,67,279.797,-21668.4,86.6811,0.407533
13590000,61,268.117,-21667.5,72.6001,0.378244
13605000,61,266.398,-21674.1,63.5093,0.387967
13620000,52,228.774,-21698.1,51.3189,0.382733
13635000,54,230.864,-21678.4,52.5295,0.380133
13650000,61,275.382,-21695.3,55.5213,0.3772
13665000,48,213.624,-21665.7,50.3402,0.390333
13680000,47,205.666,-21687.1,52.7384,0.3732
13695000,50,211.79,-21666.5,43.6442,0.369267
13710000,49,229.067,-21687.4,37.742,0.3794
13725000,54,238.676,-21704.2,56.7564,0.377133
13740000,65,279.154,-21665,55.6009,0.3959
13755000,55,244.449,-21687.5,55.1298,0.3906
13770000,61,265.831,-21711.7,55.788,0.389511
13785000,59,269.924,-21674.6,56.0833,0.4041
13800000,55,239.563,-21688.2,62.9349,0.376033
13815000,61,280.827,-21675.5,70.8334,0.3981
13830000,53,234.109,-21697.6,41.6755,0.3742
13845000,64,291.113,-21654.2,64.8127,0.3911
13860000,69,296.705,-21688.4,63.7642,0.389467
13875000,59,246.513,-21693.4,60.4831,0.402933
13890000,54,225.414,-21688.8,69.365,0.3906
13905000,44,165.418,-21697,40.7477,0.369362
13920000,46,180.08,-21710.9,38.9338,0.3536
13935000,43,185.798,-21696.2,40.7605,0.377911
13950000,57,246.458,-21671.1,44.1755,0.37008
13965000,65,284.522,-21650,70.0308,0.3904
13980000,60,259.47,-21704.3,58.7105,0.36765
13995000,45,190.154,-21658.5,41.9335,0.3612
14010000,47,204.727,-21678.8,49.4691,0.374147
14025000,56,231.876,-21672.8,64.9198,0.362667
14040000,47,200.335,-21677.2,54.6727,0.386
14055000,49,210.554,-21692,39.6866,0.362067
14070000,46,194.674,-21679.3,36.6382,0.3656
14085000,58,249.232,-21655.5,54.5779,0.385933
14100000,44,186.174,-21687.8,40.9571,0.348333
14115000,54,241.958,-21654.9,51.7238,0.3726
14130000,49,220.826,-21658.8,41.0942,0.353167
14145000,69,300.279,-21663,77.216,0.379967
14160000,55,220.399,-21644.8,57.1858,0.367433
14175000,51,206.933,-21643.8,50.3435,0.365533
14190000,52,227.819,-21651.2,54.5357,0.354733
14205000,64,248.379,-21675.6,69.476,0.374783
14220000,44,185.19,-21680.3,51.8911,0.372257
14235000,51,218.799,-21701.1,41.0379,0.3776
14250000,80,317.229,-21651,77.6329,0.382067
14265000,80,337.562,-21664.2,86.6834,0.403533
14280000,57,251.462,-21687.6,48.2557,0.400311
14295000,58,263.777,-21687.9,49.8408,0.404133
14310000,64,267.41,-21679.5,54.4362,0.399978
14325000,57,235.63,-21661,38.7499,0.3945
14340000,68,287.505,-21668,61.2482,0.386333
14355000,57,249.871,-21679.6,59.2618,0.394333
14370000,72,311.978,-21665.8,72.8275,0.388
14385000,41,171.4,-21722.3,29.4179,0.372678
14400000,51,209.258,-21732.2,63.8543,0.369
14415000,67,295.259,-21666.8,54.8307,0.387833
14430000,63,282.459,-21653.7,64.8444,0.382
14445000,65,293.793,-21674.2,69.953,0.394333
14460000,50,214.172,-21694.1,45.3034,0.382478
14475000,53,213.622,-21708,62.6022,0.383733
14490000,49,214.973,-21675.7,46.5181,0.385933
14505000,57,262.605,-21680.1,55.3177,0.394657
14520000,58,255.726,-21650.1,62.117,0.376067
14535000,48,222.432,-21702.2,36.1871,0.376283
14550000,53,216.902,-21674.9,47.663,0.393233
14565000,60,263.007,-21680.7,61.2586,0.3916
14580000,46,205.702,-21693.6,36.6167,0.383378
14595000,61,255.384,-21699.1,44.6544,0.398733
14610000,58,247.443,-21665,61.7691,0.397667
14625000,46,194.681,-21671.5,46.2697,0.385867
14640000,61,255.959,-21676.3,62.8556,0.387067
14655000,54,222.014,-21684.8,52.5226,0.385373
14670000,64,273.286,-21685.9,54.4986,0.405533
14685000,68,304.128,-21671.4,57.8853,0.397244
14700000,60,260.462,-21670.2,66.4652,0.396667
14715000,51,229.967,-21667.4,48.1524,0.389867
14730000,58,245.097,-21699.7,50.1216,0.397417
14745000,59,256.112,-21664,56.3024,0.3795
14760000,63,275.919,-21685.7,59.408,0.389867
14775000,63,281.518,-21680.1,70.4899,0.397733
14790000,72,324.428,-21687.1,62.696,0.391333
14805000,75,327.545,-21685.1,67.2909,0.414867
14820000,63,267.575,-21683.4,58.9273,0.388508
14835000,56,229.747,-21678.6,56.1335,0.3967
14850000,65,288.727,-21686.4,61.9089,0.417467
14865000,45,184.056,-21676,50.0409,0.380917
14880000,57,241.409,-21691.5,57.0953,0.3893
14895000,60,259.696,-21671.5,60.298,0.380033
14910000,48,201.166,-21678,39.7374,0.38608
14925000,61,255.332,-21665.8,64.5053,0.391933
14940000,47,209.665,-21714.2,48.0639,0.392133
14955000,45,190.799,-21698,49.7318,0.37105
14970000,60,253.474,-21689.9,66.7465,0.386578
14985000,63,261.612,-21690.3,51.7405,0.4056
15000000,55,254.017,-21694,55.9899,0.374089
15015000,53,243.189,-21702.8,51.0977,0.38512
15030000,58,254.45,-21705.8,63.0452,0.383311
15045000,43,175.885,-21687.7,42.1656,0.376733
15060000,49,206.43,-21688.5,44.6237,0.383222
15075000,45,190.415,-21715.4,40.9391,0.381133
15090000,47,206.633,-21716,42.1206,0.3772
15105000,52,231.228,-21690.7,48.3485,0.390133
15120000,47,191.328,-21688.9,44.9807,0.378556
15135000,51,229.515,-21674.1,72.9632,0.373244
15150000,47,196.647,-21720.9,38.7331,0.3794
15165000,54,226.4,-21676.8,54.3322,0.3841
15180000,49,200.532,-21687.8,51.5211,0.368
15195000,45,196.812,-21703,49.6074,0.365422
15210000,40,167.984,-21703.9,46.7557,0.37201
15225000,58,244.779,-21698.6,63.538,0.394533
15240000,59,249.069,-21693.3,63.8448,0.399333
15255000,52,223.738,-21697,44.0253,0.388013
15270000,63,282.302,-21678.1,63.6937,0.391067
15285000,58,244.591,-21670.6,60.499,0.382867
15300000,47,185.482,-21682.1,43.6703,0.379844
15315000,58,246.075,-21670.2,51.8906,0.3876
15330000,61,272.431,-21656.3,69.674,0.399756
15345000,60,274.825,-21665.2,47.1334,0.379533
15360000,61,251.757,-21665,56.2273,0.381533
15375000,73,319.463,-21672.2,80.1837,0.394333
15390000,62,269.883,-21669,81.1031,0.400933
15405000,58,249.499,-21665.3,52.581,0.398133
15420000,62,275.504,-21679.1,65.1274,0.3958
15435000,47,199.565,-21683.8,51.3847,0.384067
15450000,45,186.321,-21681.8,35.8083,0.371652
15465000,55,230.738,-21683.6,59.5904,0.368067
15480000,54,222.607,-21689.6,57.3411,0.384533
15495000,54,246.916,-21689.7,42.0813,0.386217
15510000,43,187.186,-21725.1,36.8123,0.382504
15525000,42,181.723,-21728.7,27.9752,0.365067
15540000,45,182.455,-21672.5,45.148,0.377433
15555000,60,269.165,-21703.5,55.7486,0.399717
15570000,58,258.809,-21695.1,49.3743,0.398133
15585000,53,233.185,-21714.7,46.8302,0.393817
15600000,50,212.184,-21667.8,46.5005,0.402267
15615000,65,256.039,-21651.1,57.8952,0.395133
15630000,51,207.329,-21647.9,50.0789,0.379933
15645000,56,249.595,-21679.4,52.3092,0.3775
15660000,52,222.952,-21679.2,54.2395,0.3722
15675000,51,212.708,-21674,46.4172,0.370533
15690000,59,260.066,-21696.9,50.0282,0.380933
15705000,60,250.229,-21666.6,51.8284,0.393
15720000,44,179.435,-21686.5,48.5777,0.375867
15735000,62,275.653,-21665.9,69.1355,0.384924
15750000,53,220.532,-21684.7,53.4928,0.3594
15765000,64,265.295,-21674.5,58.7453,0.385867
15780000,49,215.968,-21690.7,43.3181,0.3723
15795000,48,214.197,-21669.3,41.9128,0.370133
15810000,54,225.992,-21666.5,40.5255,0.390686
15825000,62,274.121,-21667.8,68.2181,0.3908
15840000,68,305.022,-21669.3,66.0293,0.3902
15855000,68,279.221,-21689.8,51.2192,0.419267
15870000,71,282.461,-21687.9,64.5239,0.409533
15885000,51,230.302,-21662.5,49.1634,0.367667
15900000,50,214.502,-21690.5,45.4819,0.393633
15915000,40,179.868,-21708.5,39.3986,0.368042
15930000,48,214.914,-21709.8,50.4522,0.3913
15945000,45,194.992,-21699.6,49.3507,0.383533
15960000,50,222.125,-21688.7,64.0801,0.367667
15975000,55,237.915,-21693.7,51.7,0.379
15990000,47,195.159,-21669.2,41.6433,0.361686
16005000,49,207.995,-21656.9,55.9714,0.340667
16020000,48,200.279,-21669.4,50.8087,0.3574
16035000,55,249.048,-21717.7,64.6333,0.380383
16050000,70,297.626,-21686.6,63.1833,0.399133
16065000,59,242.277,-21671.4,59.3035,0.395933
16080000,60,259.393,-21686,69.8253,0.400333
16095000,47,201.662,-21701.3,64.3958,0.35668
16110000,51,205.478,-21705.8,44.0796,0.392
16125000,49,219.487,-21710.5,48.1849,0.395133
16140000,39,162.395,-21710.6,39.3276,0.366302
16155000,48,200.673,-21689,45.8155,0.352217
16170000,49,201.716,-21699.2,40.6672,0.377244
16185000,43,185.636,-21712,43.4587,0.3613
16200000,54,236.946,-21708.4,48.9771,0.384867
16215000,49,215.976,-21675.4,46.9579,0.397267
16230000,52,217.393,-21704.1,53.1993,0.3857
16245000,58,238.992,-21721,52.6251,0.408533
16260000,51,227.256,-21695.6,48.343,0.353507
16275000,56,235.745,-21718.3,62.6571,0.4004
16290000,51,233.262,-21671.5,64.1304,0.366667
16305000,58,266.851,-21667.1,54.7086,0.386533
16320000,66,285.99,-21710.4,47.1365,0.405467
16335000,53,223.285,-21691,59.9402,0.3833
16350000,54,242.162,-21690,52.2637,0.368267
16365000,50,204.305,-21714,60.9691,0.386467
16380000,61,271.837,-21670.7,59.3952,0.361787
16395000,52,221.78,-21680,55.2151,0.382644
16410000,65,290.775,-21679.3,61.6339,0.359733
16425000,63,282.362,-21683.2,74.4986,0.384333
16440000,58,255.007,-21655.8,46.1128,0.375733
16455000,64,294.198,-21653.5,59.0188,0.3686
16470000,61,248.837,-21654.6,66.259,0.396543
16485000,61,269.15,-21651.4,58.7693,0.3778
16500000,50,198.23,-21689.6,46.7266,0.3953
16515000,48,207.309,-21679.3,56.57,0.363433
16530000,52,232.201,-21672.1,53.2811,0.384267
16545000,66,303.068,-21669.9,75.2156,0.3762
16560000,50,218.974,-21665.1,52.0569,0.3882
16575000,59,242.26,-21678,61.1825,0.387027
16590000,56,257.739,-21691.7,45.1558,0.372217
16605000,65,285.061,-21689.7,64.9785,0.404733
16620000,67,302.696,-21671.3,66.8357,0.3898
16635000,54,240.044,-21683.2,39.9358,0.3936
16650000,58,253.014,-21673.2,52.7669,0.382344
16665000,46,201.546,-21677.9,44.5019,0.374133
16680000,45,178.783,-21688.6,52.3528,0.386248
16695000,64,277.54,-21675.9,54.4186,0.3882
16710000,56,239.088,-21674.4,64.2253,0.391933
16725000,58,263.439,-21709.7,67.4437,0.397067
16740000,43,187.682,-21699.4,50.3571,0.370562
16755000,70,308.875,-21673.3,84.6097,0.389627
16770000,68,309.844,-21684.2,68.6582,0.402533
16785000,73,312.101,-21680.4,70.8656,0.390283
16800000,59,265.212,-21677.4,60.2649,0.394867
16815000,56,255.023,-21713.4,60.6875,0.353533
16830000,48,190.308,-21671.9,40.3098,0.3799
16845000,51,229.706,-21691.7,54.7168,0.3692
16860000,69,299.496,-21653.5,61.3623,0.386567
16875000,70,297.084,-21643.8,83.8234,0.4132
16890000,69,286.897,-21661.4,61.9516,0.406
16905000,53,223.322,-21686.9,53.1207,0.389933
16920000,67,274.537,-21670.8,61.3172,0.391533
16935000,57,256.008,-21656.9,50.6801,0.381267
16950000,55,242.204,-21675.8,48.1187,0.393667
16965000,59,257.698,-21676.7,48.6315,0.389333
16980000,68,284.203,-21687.6,74.0341,0.389724
16995000,65,263.472,-21713.1,74.6901,0.403256
17010000,51,225.296,-21678.1,58.3774,0.408533
17025000,63,287.048,-21665.2,56.734,0.383111
17040000,63,255.239,-21662.6,51.9645,0.386067
17055000,52,219.544,-21679.5,63.1918,0.394022
17070000,56,246.279,-21678,45.115,0.385733
17085000,65,285.424,-21653.8,65.1015,0.398667
17100000,55,221.116,-21663.4,55.3883,0.379033
17115000,55,231.347,-21667.5,69.8817,0.388967
17130000,48,204.401,-21692.8,43.7016,0.369147
17145000,58,256.309,-21676.3,55.3608,0.387433
17160000,62,261.118,-21677.2,66.8792,0.37525
17175000,55,244.171,-21673.2,50.8336,0.378867
17190000,61,257.356,-21708.7,57.8911,0.381083
17205000,64,268.86,-21655.2,65.6481,0.396867
17220000,52,214.65,-21682.5,42.4099,0.402167
17235000,61,228.234,-21664.2,51.6214,0.392833
17250000,64,276.547,-21654.1,65.9355,0.391133
17265000,59,261.339,-21659.1,51.8259,0.388856
17280000,61,257.059,-21683.3,59.8109,0.390733
17295000,48,211.438,-21705.9,44.4413,0.3748
17310000,77,333.455,-21647.6,73.4446,0.3938
17325000,72,324.162,-21653.7,64.8381,0.3976
17340000,61,264.803,-21668.1,44.6288,0.391433
17355000,69,312.971,-21674.4,68.3875,0.386867
17370000,73,312.479,-21652.2,76.8578,0.399533
17385000,72,303.297,-21648.4,75.8319,0.403467
17400000,77,343.71,-21652.2,72.7947,0.400467
17415000,88,397.352,-21651.8,82.8393,0.4126
17430000,67,299.369,-21698.5,70.783,0.392133
17445000,80,369.275,-21660,79.7487,0.4119
17460000,71,301.436,-21673.2,77.3421,0.398533
17475000,52,214.357,-21678.6,44.2861,0.398044
17490000,70,309.678,-21651.1,53.3621,0.3903
17505000,55,235.703,-21659.5,55.6996,0.3856
17520000,67,291.103,-21671.1,75.367,0.3846
17535000,60,261.712,-21659.5,66.1973,0.3934
17550000,54,219.413,-21695.4,60.6831,0.392215
17565000,61,277.905,-21690.1,57.1696,0.384422
17580000,62,275.072,-21652.4,73.4106,0.394467
17595000,70,318.4,-21665.8,69.4964,0.379467
17610000,58,256.953,-21670.8,64.1792,0.394267
17625000,70,282.683,-21700.5,69.1867,0.3949
17640000,54,223.549,-21662.6,73.1531,0.404267
17655000,59,253.799,-21672,55.2035,0.397181
17670000,62,281.742,-21671.2,53.615,0.405933
17685000,47,214.717,-21676.6,43.2699,0.37304
17700000,69,287.337,-21646.2,79.8211,0.3884
17715000,59,260.013,-21654.3,50.2464,0.377973
17730000,67,317.134,-21654.4,68.2142,0.378667
17745000,57,239.183,-21659.6,65.9724,0.3766
17760000,50,212.218,-21692.1,56.0104,0.37732
17775000,61,266.059,-21667,66.9022,0.390333
17790000,50,209.143,-21673.3,58.8419,0.396278
17805000,54,236.507,-21687.6,52.3626,0.376978
17820000,58,262.807,-21669.1,62.175,0.383667
17835000,64,271.122,-21654.3,60.7203,0.382533
17850000,73,316.626,-21662.3,73.9768,0.392267
17865000,66,274.643,-21620.9,68.7377,0.3878
17880000,60,250.108,-21645.8,62.6008,0.376267
17895000,51,211.488,-21684.1,49.9292,0.377778
17910000,48,196.223,-21668.4,49.1232,0.3853
17925000,46,185.862,-21692.7,57.0174,0.365033
17940000,64,267.509,-21682.5,60.7636,0.380167
17955000,62,275.944,-21675.7,58.6069,0.3972
17970000,54,221.015,-21677.4,65.1015,0.387533
17985000,63,259.763,-21669.3,60.8173,0.386333
18000000,58,242.033,-21696,54.6565,0.38712
18015000,65,272.206,-21674.4,78.1107,0.392033
18030000,60,248.446,-21697.1,77.3546,0.390867
18045000,55,239.675,-21690,59.6824,0.381757
18060000,69,279.778,-21719.7,75.3831,0.404533
18075000,51,236.401,-21692.5,60.7048,0.386733
18090000,44,188.683,-21728,49.6593,0.378883
18105000,49,206.889,-21690.3,51.5476,0.386889
18120000,39,175.892,-21721.9,41.3873,0.375
18135000,43,183.006,-21709.9,31.7987,0.361667
18150000,41,171.983,-21717.5,45.1164,0.364033
18165000,54,239.502,-21702.8,48.6283,0.376311
18180000,40,168.246,-21718.9,43.5979,0.373044
18195000,53,231.792,-21701.8,45.7525,0.379733
18210000,65,277.902,-21708.5,76.6703,0.401978
18225000,51,220.59,-21700.5,48.2781,0.402733
18240000,55,225.401,-21701.1,46.8417,0.38935
18255000,51,213.452,-21712.9,55.3505,0.387667
18270000,54,238.945,-21717.5,49.622,0.393467
18285000,56,233.218,-21694,52.9129,0.3921
18300000,81,369.669,-21695.5,67.449,0.409233
18315000,76,333.428,-21688.1,86.1922,0.410667
18330000,51,212.319,-21667.2,54.0661,0.409867
18345000,57,247.759,-21671.2,63.9015,0.378867
18360000,53,233.241,-21688.9,37.2864,0.394667
18375000,55,241.996,-21689.3,64.2235,0.388722
18390000,68,285.018,-21670,73.5791,0.3889
18405000,72,309.625,-21689.3,73.651,0.402767
18420000,74,329.698,-21672.3,76.1203,0.408667
18435000,55,243.492,-21700.3,58.0278,0.393978
18450000,49,202.611,-21706.5,49.8086,0.383267
18465000,57,247.36,-21685.1,62.7433,0.384373
18480000,48,215.083,-21696.1,33.5742,0.390867
18495000,43,177.899,-21681.2,53.0772,0.377222
18510000,51,229.173,-21675.2,35.4973,0.3768
18525000,54,231.2,-21685.1,44.2656,0.383257
18540000,57,251.919,-21672.4,50.6109,0.395133
18555000,49,202.911,-21697.3,45.6183,0.36836
18570000,49,216.104,-21701.4,46.171,0.392156
18585000,42,188.784,-21711.4,41.0694,0.373267
18600000,42,179.58,-21694,52.5638,0.379133
18615000,56,239.527,-21700,47.7979,0.384967
18630000,58,247.889,-21706.9,51.7893,0.393667
18645000,58,248.21,-21703.6,58.9703,0.393057
18660000,52,213.518,-21686.2,47.4674,0.3936
18675000,56,234.115,-21700.7,59.233,0.3982
18690000,40,147.629,-21703.1,31.349,0.38665
18705000,52,220.284,-21695.1,49.2136,0.397333
18720000,53,215.353,-21728.3,77.5563,0.3843
18735000,60,270.932,-21727.8,63.7799,0.375096
18750000,50,218.994,-21724.1,56.7153,0.389911
18765000,49,190.168,-21708.8,50.9234,0.382133
18780000,55,221.324,-21711.8,45.7523,0.394867
18795000,49,205.437,-21691.7,44.5542,0.386222
18810000,65,268.504,-21677.4,69.4085,0.410467
18825000,50,204.498,-21731.4,43.7585,0.391533
18840000,43,193.016,-21681.4,40.5658,0.389038
18855000,50,212.71,-21709.1,50.3798,0.3859
18870000,55,224.674,-21675.4,58.5984,0.399667
18885000,56,221.656,-21699.5,47.6595,0.3656
18900000,48,207.691,-21679.4,48.6757,0.3743
18915000,49,207.788,-21685.8,34.9222,0.395133
18930000,50,210.171,-21685.4,52.4226,0.376967
18945000,58,255.322,-21674.8,59.4943,0.386067
18960000,59,254.462,-21658.9,52.259,0.3894
18975000,59,254.844,-21631.2,66.5781,0.385933
18990000,63,293.674,-21685.5,54.096,0.387683
19005000,55,234.57,-21683,60.6586,0.370625
19020000,62,276.415,-21674.1,50.4925,0.3846
19035000,84,381.856,-21646.9,102.885,0.397583
19050000,73,320.736,-21665.2,69.3966,0.399633
19065000,63,279.14,-21653.8,51.3215,0.394133
19080000,63,289.653,-21671.4,84.1137,0.392433
19095000,61,265.429,-21685.9,80.7695,0.3818
19110000,67,298.161,-21659.1,56.1348,0.401533
19125000,58,254.448,-21695.7,54.5876,0.390556
19140000,62,266.615,-21666.2,55.7232,0.393467
19155000,51,219.776,-21668,53.3257,0.398733
19170000,55,237.104,-21683.9,58.7671,0.394
19185000,60,259.038,-21666.7,66.1741,0.377587
19200000,51,225.213,-21694.6,45.2808,0.386867
19215000,71,300.35,-21641.8,70.3959,0.397724
19230000,66,288.049,-21671.5,66.9621,0.398067
19245000,55,232.203,-21671.3,46.471,0.3792
19260000,72,300.086,-21703.1,79.3136,0.389933
19275000,61,261.829,-21687.1,57.2345,0.3968
19290000,59,258.936,-21668,58.0089,0.386381
19305000,77,328.762,-21669.5,82.4874,0.3974
19320000,69,302.196,-21682.3,73.7765,0.413933
19335000,63,276.051,-21664.3,61.6499,0.389133
19350000,55,240.756,-21706.2,46.0627,0.380707
19365000,70,304.521,-21666.2,71.1037,0.384967
19380000,47,178.96,-21672.2,36.8074,0.381333
19395000,55,250.308,-21714.9,46.125,0.391311
19410000,48,209.995,-21726,34.7047,0.397067
19425000,58,247.978,-21693.5,66.6788,0.385053
19440000,51,214.355,-21714.9,50.12,0.393767
19455000,49,205.012,-21692.1,42.0612,0.3777
19470000,48,208.404,-21688.3,42.846,0.3798
19485000,47,207.46,-21695.3,46.0958,0.3824
19500000,54,227.764,-21690,51.8376,0.380033
19515000,50,214.736,-21695.5,46.2643,0.382237
19530000,60,260.968,-21676.2,62.7023,0.391467
19545000,54,237.161,-21686.7,55.3124,0.377667
19560000,73,325.477,-21687.8,69.9912,0.392911
19575000,57,256.436,-21688.2,47.9836,0.3916
19590000,54,223.274,-21673.9,46.8534,0.381867
19605000,51,231.016,-21676.3,46.6488,0.392689
19620000,56,245.224,-21677,57.5507,0.39692
19635000,64,275.63,-21667.7,62.5208,0.390967
19650000,75,333.271,-21658.7,65.9282,0.39685
19665000,75,337.75,-21676.3,70.6605,0.404778
19680000,68,283.574,-21656.5,78.7656,0.401367
19695000,71,295.248,-21667.8,79.1498,0.405367
19710000,54,231.922,-21657.2,55.4946,0.404533
19725000,53,240.991,-21699.5,45.3016,0.3824
19740000,63,266.441,-21660.8,56.2961,0.381733
19755000,59,256.952,-21690.2,59.6971,0.370267
19770000,69,289.185,-21681.8,65.758,0.3891
19785000,69,302.236,-21674.7,67.202,0.389889
19800000,66,301.134,-21688.9,49.1005,0.3929
19815000,71,302.522,-21668.1,68.8779,0.386017
19830000,64,276.992,-21660.7,59.605,0.398422
19845000,68,278.661,-21652.7,47.6106,0.389267
19860000,55,226.091,-21657.3,61.3801,0.385117
19875000,53,224.992,-21663.1,47.4853,0.369
19890000,66,292.349,-21656.5,70.8639,0.3868
19905000,59,246.854,-21658.5,74.6975,0.393467
19920000,50,211.501,-21700.3,45.1057,0.388467
19935000,64,276.2,-21690.3,69.9799,0.395467
19950000,51,215.912,-21690.9,67.3135,0.3914
19965000,47,195.333,-21691.4,52.4025,0.373467
19980000,51,227.569,-21686.7,58.938,0.383503
19995000,52,233.483,-21651.7,52.9072,0.376456
20010000,50,213.639,-21710.9,61.1971,0.3822
20025000,59,242.884,-21691.2,67.6889,0.388156
20040000,65,279.076,-21663.2,66.332,0.3792
20055000,51,218.323,-21711.3,49.2576,0.385367
20070000,66,279.879,-21686.5,78.3368,0.386467
20085000,49,209.767,-21714.8,45.1034,0.373667
20100000,50,206.046,-21694.7,40.9584,0.374322
20115000,56,233.36,-21671.8,51.2159,0.387
20130000,65,285.979,-21675.5,55.9858,0.40265
20145000,57,257.062,-21707.6,55.2314,0.40335
20160000,60,260.931,-21709.4,64.848,0.395333
20175000,56,243.298,-21655,58.509,0.393267
20190000,44,202.039,-21722,48.3643,0.3908
20205000,40,161.513,-21690.9,43.7075,0.387578
20220000,54,245.733,-21662.1,53.6729,0.387978
20235000,67,309.416,-21691.7,67.0512,0.3826
20250000,46,212.753,-21693.6,44.402,0.381644
20265000,45,183.095,-21704,51.4394,0.383333
20280000,61,259.546,-21663.8,54.2859,0.379778
20295000,53,226.441,-21678.1,58.2928,0.393267
20310000,59,254.162,-21662.2,58.35,0.391
20325000,52,221.552,-21700.9,46.5052,0.385185
20340000,50,218.132,-21666.2,46.7862,0.3753
20355000,56,235.761,-21662.3,58.6921,0.3722
20370000,57,243.419,-21697.2,69.821,0.380429
20385000,64,274.778,-21683.3,63.4812,0.3948
20400000,63,270.47,-21689,61.1065,0.406567
20415000,47,197.02,-21691.8,61.4762,0.392083
20430000,46,198.127,-21687.5,46.2575,0.359933
20445000,59,268.367,-21689.5,52.8741,0.3792
20460000,56,243.361,-21693.3,56.3391,0.392933
20475000,55,234.264,-21673.4,51.3004,0.3934
20490000,72,313.757,-21707.3,62.8732,0.390533
20505000,63,268.21,-21667.8,50.6446,0.4001
20520000,75,336.094,-21661.6,75.0462,0.394933
20535000,47,216.977,-21720.6,43.8639,0.396822
20550000,65,280.423,-21670,70.5071,0.404233
20565000,68,306.12,-21666.8,64.0675,0.394267
20580000,69,297.341,-21664.4,84.6607,0.401133
20595000,55,232.752,-21700.1,48.552,0.39601
20610000,59,258.526,-21668.4,61.1925,0.391267
20625000,51,228.174,-21674.9,58.9742,0.388767
20640000,51,201.057,-21713.1,46.7865,0.395981
20655000,43,179.252,-21704.3,44.5254,0.386467
20670000,71,314.032,-21640.4,66.0682,0.390633
20685000,79,337.975,-21665.5,69.9007,0.405133
20700000,59,258.649,-21698.8,61.6631,0.401311
20715000,54,236.269,-21683.4,45.45,0.389344
20730000,56,244.16,-21658.7,55.535,0.391756
20745000,57,245.078,-21642.2,70.0032,0.372133
20760000,58,255.194,-21703.9,52.1334,0.378756
20775000,63,273.999,-21670.7,61.1785,0.378367
20790000,66,274.586,-21675.5,75.5728,0.399867
20805000,45,187.444,-21737,34.7487,0.392324
20820000,40,167.785,-21734.9,47.559,0.381667
20835000,64,269.023,-21673.9,70.9711,0.381378
20850000,64,280.402,-21673.8,62.2281,0.386067
20865000,67,281.302,-21667.5,60.6066,0.388933
20880000,63,269.643,-21658.5,72.211,0.3974
20895000,40,166.534,-21710.2,50.2182,0.374363
20910000,66,288.574,-21646.5,64.1788,0.383867
20925000,60,258.654,-21700.5,44.9198,0.384771
20940000,69,300.049,-21654,64.0896,0.396167
20955000,70,303.404,-21665.9,74.3972,0.401467
20970000,64,283.052,-21641.1,72.8212,0.3964
20985000,67,277.463,-21669.4,76.8064,0.388933
21000000,64,280.838,-21655.9,72.3364,0.380733
21015000,67,287.894,-21675.2,64.6338,0.378858
21030000,71,296.972,-21684.1,68.3005,0.393833
21045000,65,300.602,-21690.8,67.6901,0.385733
21060000,66,296.143,-21692,69.5748,0.386133
21075000,53,223.576,-21675.5,45.3801,0.391133
21090000,58,248.777,-21683.4,46.7029,0.383
21105000,53,241.903,-21683.3,51.4332,0.389939
21120000,51,220.388,-21714.4,45.3123,0.394362
21135000,68,315.595,-21699,65.1117,0.385667
21150000,76,338.683,-21691.7,69.4372,0.404578
21165000,52,230.6,-21689.7,51.5234,0.4032
21180000,58,251.34,-21671.1,54.9166,0.394167
21195000,70,288.242,-21664.4,69.3467,0.391533
21210000,71,311.722,-21648.4,64.5238,0.394667
21225000,65,296.049,-21648.1,55.3026,0.400933
21240000,62,288.504,-21664.4,57.9143,0.3864
21255000,43,191.557,-21667.8,44.5667,0.385107
21270000,60,263.527,-21676.2,57.4188,0.387333
21285000,54,229.124,-21702,63.1124,0.4024
21300000,61,266.54,-21664.9,70.6193,0.381933
21315000,64,246.162,-21674.7,69.7424,0.400733
21330000,63,264.416,-21679.1,64.1504,0.397422
21345000,76,330.543,-21638.4,73.6422,0.378567
21360000,69,311.958,-21681.8,76.9805,0.408567
21375000,71,316.022,-21647.7,67.779,0.4006
21390000,58,277.801,-21680.5,66.741,0.407533
21405000,77,354.203,-21647.9,79.3916,0.384
21420000,77,333.064,-21634.5,73.8528,0.392267
21435000,67,296.26,-21628.4,57.2237,0.386133
21450000,51,212.161,-21685.2,52.1643,0.3872
21465000,47,198.387,-21681.1,52.3438,0.3822
21480000,58,253.842,-21666.8,60.5326,0.381622
21495000,44,173.09,-21698.6,34.5374,0.384111
21510000,54,239.119,-21657,56.4546,0.378967
21525000,48,211.968,-21699.2,51.0372,0.3634
21540000,77,350.285,-21673.6,69.2883,0.3794
21555000,62,276.322,-21663.6,69.6527,0.3898
21570000,62,270.248,-21639.8,49.9526,0.375067
21585000,57,237.998,-21660.8,48.1245,0.3864
21600000,44,183.997,-21719.4,38.3137,0.385457
21615000,53,230.264,-21669.6,57.4293,0.3851
21630000,58,238.432,-21673.4,50.8074,0.381952
21645000,62,266.83,-21682.9,59.4099,0.381533
21660000,62,254.418,-21682.8,58.4768,0.389267
21675000,51,218.278,-21677.9,52.2769,0.387587
21690000,61,261.89,-21667.4,57.4665,0.388533
21705000,50,220.581,-21730.1,48.3362,0.375333
21720000,52,216.191,-21695.1,55.4733,0.3922
21735000,48,192.189,-21689.3,42.6679,0.3746
21750000,65,293.552,-21701.1,69.8122,0.396933
21765000,50,227.496,-21671.4,39.3052,0.37912
21780000,58,238.901,-21682.1,75.4926,0.393267
21795000,49,208.948,-21688.9,49.8401,0.356533
21810000,50,215.599,-21707.1,50.8341,0.367743
21825000,46,199.73,-21694.5,43.6228,0.383267
21840000,53,236.363,-21677.7,58.7389,0.3758
21855000,36,160.956,-21678.6,34.6317,0.358433
21870000,44,186.527,-21700.2,47.7872,0.388844
21885000,44,181.624,-21705.8,55.9217,0.382
21900000,45,200.167,-21685.4,46.7617,0.368017
21915000,56,249.736,-21688.8,58.1109,0.376133
21930000,45,195.619,-21690,36.438,0.357573
21945000,64,272.665,-21662.1,66.2136,0.390833
21960000,48,191.589,-21706.7,62.6761,0.382267
21975000,43,175.673,-21715.8,46.6809,0.3826
21990000,50,219.323,-21681.1,55.9702,0.378156
22005000,52,226.388,-21680.8,56.7696,0.380667
22020000,57,255.387,-21671.2,55.3119,0.3854
22035000,67,277.045,-21632.9,62.3317,0.3934
22050000,57,255.804,-21665.6,61.0558,0.382733
22065000,55,224.792,-21698,54.123,0.386878
22080000,47,201.033,-21708.5,56.99,0.3946
22095000,57,262.7,-21665.1,69.9891,0.376889
22110000,47,208.419,-21685.3,49.1216,0.3648
22125000,54,239.067,-21687.5,51.9471,0.380333
22140000,52,228.619,-21691.6,54.1263,0.3807
22155000,51,224.892,-21671.7,30.4273,0.378
22170000,53,224.365,-21687.4,41.2166,0.3596
22185000,58,252.987,-21683.6,48.7186,0.385533
22200000,39,181.889,-21674.1,41.3462,0.365867
22215000,57,249.326,-21690.3,68.3059,0.3656
22230000,64,281.966,-21674.5,63.5896,0.386433
22245000,59,264.011,-21689.2,49.7862,0.3952
22260000,56,238.143,-21659.4,66.5422,0.367397
22275000,70,298.82,-21703.1,72.3542,0.400767
22290000,46,208.035,-21682.6,48.7852,0.38588
22305000,49,214.43,-21684.1,40.6813,0.383467
22320000,47,208.374,-21696.3,51.3138,0.381033
22335000,44,193.746,-21682.4,45.1505,0.380533
22350000,42,181.972,-21696.7,43.3137,0.368633
22365000,47,199.744,-21711.6,54.7979,0.380433
22380000,48,208.647,-21684.2,43.7974,0.363133
22395000,67,293.809,-21667.2,64.0036,0.381458
22410000,66,291.447,-21677.8,69.6031,0.399733
22425000,60,273.96,-21660.3,71.865,0.389267
22440000,61,263.406,-21671.6,75.2822,0.403
22455000,64,273.692,-21688.3,68.9548,0.392133
22470000,57,259.581,-21681.7,48.8901,0.393667
22485000,51,208.714,-21664.5,40.2383,0.370771
22500000,53,225.958,-21703.5,56.6947,0.402067
22515000,56,222.182,-21707.4,51.8247,0.376127
22530000,59,225.688,-21687.9,65.975,0.397067
22545000,61,259.531,-21681,54.5358,0.384117
22560000,52,223.692,-21662.1,55.9784,0.381356
22575000,59,250.476,-21656,60.2454,0.373333
22590000,40,163.531,-21698.5,35.4643,0.385083
22605000,52,228.676,-21663.4,58.2639,0.3892
22620000,64,282.222,-21704.4,60.9628,0.388067
22635000,73,323.837,-21679.3,66.9913,0.408933
22650000,58,245.675,-21671.3,49.2992,0.37528
22665000,59,264.107,-21652,58.9382,0.386533
22680000,65,293.126,-21646.6,63.6981,0.3858
22695000,47,217.381,-21667.8,44.3948,0.386167
22710000,64,259.883,-21642.8,64.702,0.371467
22725000,57,235.918,-21646.8,54.6628,0.375067
22740000,65,291.066,-21662.7,73.7817,0.3898
22755000,55,233.215,-21676.7,46.4882,0.3858
22770000,52,230.986,-21669.7,51.9041,0.358987
22785000,57,252.073,-21675.3,52.3599,0.386167
22800000,55,243.944,-21684,71.7864,0.375367
22815000,57,259.496,-21686.2,55.6348,0.376067
22830000,50,220.348,-21677.9,45.0211,0.379433
22845000,57,246.933,-21683.5,59.3866,0.3792
22860000,59,260.472,-21662.9,58.445,0.394733
22875000,53,245.497,-21691.8,56.0152,0.381267
22890000,56,227.896,-21663.6,55.0776,0.378173
22905000,69,305.151,-21700.8,58.1565,0.37987
22920000,47,208.63,-21692.1,45.3089,0.385844
22935000,61,273.962,-21666.8,49.0458,0.3966
22950000,43,183.846,-21677,55.6842,0.3709
22965000,60,270.137,-21712.5,78.1249,0.3762
22980000,52,227.702,-21670.3,45.7839,0.393733
22995000,51,220.705,-21676.5,50.2916,0.375
23010000,62,284.294,-21677.3,48.0698,0.373767
23025000,53,226.531,-21674,38.9126,0.387922
23040000,49,223.713,-21687.7,53.1664,0.377567
23055000,53,225.521,-21679.5,40.8886,0.384
23070000,61,282.388,-21673.7,60.3952,0.3809
23085000,55,233.476,-21684.1,58.6205,0.3968
23100000,51,219.928,-21663.3,57.8752,0.371286
23115000,62,275.059,-21686.4,60.4247,0.3887
23130000,58,250.743,-21703,58.2037,0.391053
23145000,68,285.287,-21659.3,72.639,0.3936
23160000,68,295.879,-21689.7,56.6798,0.398667
23175000,68,301.99,-21660.6,55.8546,0.391
23190000,51,232.322,-21692.9,47.5175,0.394033
23205000,55,237.828,-21686.1,51.0211,0.380011
23220000,63,267.133,-21673,62.3672,0.389289
23235000,57,258.356,-21695.7,65.9724,0.402933
23250000,55,229.495,-21682.4,56.0607,0.380578
23265000,64,290.427,-21698.8,58.2943,0.391733
23280000,52,236.612,-21695.1,50.1547,0.389956
23295000,50,223.603,-21707.3,53.5998,0.391933
23310000,56,245.046,-21691.8,64.3648,0.3982
23325000,64,273.442,-21657.6,58.5874,0.390417
23340000,38,155.167,-21709.2,28.2531,0.374622
23355000,52,228.668,-21694.7,54.0543,0.384622
23370000,49,218.582,-21684.9,48.8467,0.3876
23385000,44,182.19,-21688.9,43.2045,0.378483
23400000,49,217.058,-21692.9,39.1492,0.371867
23415000,47,216.165,-21696.5,53.003,0.387
23430000,48,213.416,-21709.2,47.0935,0.373778
23445000,54,235.834,-21711.2,64.9457,0.3887
23460000,56,246.671,-21708.8,61.7787,0.404867
23475000,53,225.547,-21698.4,59.2241,0.386489
23490000,46,186.963,-21717.6,40.2632,0.378647
23505000,55,242.51,-21657.2,58.1463,0.3814
23520000,66,288.217,-21668,67.3054,0.3874
23535000,44,194.754,-21714,33.9646,0.377267
23550000,51,212.094,-21691.3,47.7916,0.381967
23565000,55,247.531,-21677.8,46.3758,0.394822
23580000,70,290.181,-21679.9,64.411,0.404867
23595000,67,292.356,-21661.3,54.0657,0.408867
23610000,53,218.825,-21682.4,65.3767,0.385267
23625000,60,256.371,-21676.1,60.3259,0.387333
23640000,62,267.214,-21678.8,59.2204,0.3779
23655000,54,216.702,-21662.6,55.8947,0.375333
23670000,54,233.155,-21679.1,59.2311,0.369667
23685000,43,170.544,-21705.8,41.8283,0.383087
23700000,48,205.39,-21675.8,55.9034,0.384173
23715000,50,201.826,-21679.8,39.5035,0.376933
23730000,55,231.135,-21688.6,60.717,0.3986
23745000,55,246.521,-21676.6,47.3724,0.390156
23760000,51,217.733,-21704.7,58.6035,0.392978
23775000,64,282.817,-21666.5,62.6493,0.3836
23790000,57,234.466,-21696.1,56.4145,0.38465
23805000,49,221.712,-21660,41.507,0.3812
23820000,48,206.154,-21711.8,40.0678,0.386833
23835000,59,254.393,-21676.5,58.8646,0.378233
23850000,60,249.993,-21689.2,52.8014,0.385067
23865000,49,221.595,-21670,63.682,0.384267
23880000,60,256.771,-21674.3,53.0735,0.39
23895000,43,182.428,-21687,46.7233,0.385238
23910000,28,110.186,-21721.5,17.4293,0.382722
23925000,48,216.348,-21677.8,48.6491,0.365767
23940000,48,199.159,-21729.9,57.7525,0.384033
23955000,58,231.424,-21730.3,56.8525,0.394533
23970000,80,348.254,-21692.8,80.1553,0.386144
23985000,79,351.871,-21642.8,78.9182,0.39525
24000000,70,312.495,-21640.5,80.7989,0.392867
24015000,61,270.624,-21644,66.9662,0.391267
24030000,58,252.577,-21652.3,60.1937,0.387067
24045000,54,220.357,-21693.9,52.4344,0.3956
24060000,64,283.005,-21666.4,62.086,0.380222
24075000,71,328.812,-21660.5,72.0431,0.391467
24090000,72,328.726,-21642.9,70.1712,0.4024
24105000,65,284.855,-21666.9,76.1847,0.389467
24120000,63,260.826,-21677.8,60.1173,0.404867
24135000,70,312.08,-21662.3,69.1323,0.409422
24150000,78,346.83,-21659.5,79.9529,0.400867
24165000,54,227.42,-21684.3,47.846,0.388022
24180000,51,210.242,-21665.4,48.2774,0.382733
24195000,60,253.546,-21666.9,49.3827,0.375607
24210000,52,228.956,-21703.5,49.1347,0.390267
24225000,77,341.475,-21662.4,91.4993,0.391187
24240000,75,335.533,-21671.4,60.4671,0.4128
24255000,52,227.948,-21660,52.9183,0.368183
24270000,63,247.635,-21686.4,55.2863,0.384317
24285000,55,242.703,-21677.3,45.3284,0.390689
24300000,45,207.862,-21688.8,48.6373,0.4022
24315000,70,280.334,-21685.9,81.0869,0.405844
24330000,62,250.399,-21681.1,67.9997,0.408867
24345000,65,281.63,-21697.9,49.3128,0.411733
24360000,51,219.361,-21649.1,53.9168,0.363952
24375000,59,257.976,-21682.4,58.5786,0.38048
24390000,47,208.903,-21659.9,51.5363,0.372433
24405000,51,239.157,-21686.9,49.5496,0.3921
24420000,45,201.399,-21661.5,61.8493,0.369833
24435000,47,213.617,-21670.4,52.9547,0.3666
24450000,60,266.579,-21693.5,56.5681,0.385778
24465000,56,241.637,-21665.5,58.6902,0.398333
24480000,49,208.014,-21712.4,51.477,0.404015
24495000,80,353.543,-21666.5,77.3918,0.388133
24510000,69,299.704,-21678.6,65.8495,0.403267
24525000,57,244.76,-21662.7,42.5996,0.3874
24540000,61,250.792,-21675.3,54.8433,0.377
24555000,53,218.296,-21674.5,40.945,0.371733
24570000,49,201.733,-21687.9,48.6012,0.366281
24585000,56,243.944,-21696.4,62.7406,0.378267
24600000,51,225.511,-21705.7,59.089,0.390917
24615000,61,261.179,-21706.8,57.4201,0.408133
24630000,49,217.882,-21688.9,58.004,0.377689
24645000,55,234.266,-21694.6,50.9417,0.356027
24660000,46,195.108,-21692.1,42.9255,0.366867
24675000,66,261.059,-21688.7,67.8007,0.401067
24690000,55,220.216,-21668.8,35.2154,0.352467
24705000,63,249.174,-21676.4,70.5506,0.3848
24720000,58,234.133,-21673.4,58.9139,0.387667
24735000,61,265.133,-21679.1,53.6246,0.379552
24750000,56,245.265,-21682.3,49.591,0.3976
24765000,47,198.81,-21703.8,41.0981,0.393933
24780000,44,199.743,-21699,57.7681,0.386467
24795000,67,274.605,-21665.8,58.7727,0.377573
24810000,52,218.74,-21692.4,57.015,0.387633
24825000,71,296.624,-21670.8,60.6117,0.398467
24840000,50,219.201,-21686.5,38.7459,0.410667
24855000,55,231.005,-21679.5,58.4727,0.384733
24870000,51,224.904,-21656.6,52.1444,0.370067
24885000,48,197.742,-21706,30.9733,0.365027
24900000,62,249.259,-21659.6,63.2474,0.373433
24915000,62,271.573,-21648,78.2563,0.387867
24930000,57,227.605,-21701.3,59.7609,0.4042
24945000,52,229.029,-21667.9,57.5933,0.378233
24960000,58,255.268,-21690.1,61.8783,0.3991
24975000,62,269.123,-21657.8,73.0752,0.381433
24990000,57,246.015,-21640.1,56.4161,0.3912
25005000,60,243.161,-21655.9,75.7844,0.380467
25020000,58,228.735,-21670,60.9159,0.3618
25035000,47,205.139,-21704.4,41.7426,0.3876
25050000,47,195.712,-21662,47.4571,0.361033
25065000,58,242.194,-21667.7,51.6799,0.381133
25080000,60,263.786,-21679.6,54.4377,0.388867
25095000,60,250.684,-21663.3,66.2575,0.400533
25110000,57,248.468,-21675.2,58.3317,0.389067
25125000,40,165.066,-21697.2,43.7691,0.379021
25140000,48,198.109,-21652.8,55.5865,0.378347
25155000,44,192.553,-21686.6,49.59,0.367333
25170000,55,245.339,-21678.3,57.0456,0.372267
25185000,43,176.375,-21670.7,46.4441,0.366467
25200000,44,189.143,-21677.5,36.3962,0.351267
25215000,47,170.167,-21654.6,39.3593,0.357044
25230000,57,245.947,-21691.1,57.2581,0.385525
25245000,54,215.78,-21673.9,56.5706,0.367133
25260000,57,228.184,-21694.5,44.2823,0.383233
25275000,57,251.38,-21677.6,62.7852,0.3633
25290000,39,165.6,-21696.7,49.307,0.359989
25305000,50,225.62,-21723,46.9272,0.383022
25320000,47,183.422,-21694.3,47.1032,0.353889
25335000,44,182.089,-21718,44.9302,0.385667
25350000,43,195.592,-21686.4,43.7406,0.35025
25365000,45,178.651,-21686.3,49.0151,0.356222
25380000,44,194.799,-21681.6,43.7177,0.365667
25395000,50,209.895,-21674.5,43.2596,0.3668
25410000,61,243.371,-21705.1,69.7223,0.392253
25425000,52,223.261,-21703.5,61.4137,0.400267
25440000,45,195.086,-21707.6,41.6522,0.383
25455000,50,212.742,-21672.8,58.239,0.355867
25470000,45,208.782,-21709.1,51.3994,0.3915
25485000,49,200.733,-21669.4,45.4656,0.361367
25500000,63,259.077,-21662.7,57.7656,0.3748
25515000,59,256.23,-21686,62.0159,0.383822
25530000,48,201.271,-21699.3,49.2879,0.361927
25545000,43,177.426,-21706.2,41.9585,0.393867
25560000,42,168.631,-21704.1,27.0724,0.37
25575000,45,182.89,-21681.9,42.5465,0.369307
25590000,58,242.063,-21682,52.6706,0.380787
25605000,64,264.651,-21689.5,66.4125,0.397867
25620000,46,183.369,-21683.3,59.0306,0.355017
25635000,44,183.827,-21687.4,51.0955,0.354933
25650000,50,218.438,-21696.5,46.7726,0.377356
25665000,56,241,-21685.2,47.1317,0.363233
25680000,42,184.956,-21689.8,50.2315,0.370533
25695000,47,197.947,-21671.4,39.5336,0.3664
25710000,46,189.901,-21690.3,47.7517,0.353533
25725000,40,175.897,-21676.6,38.4998,0.352153
25740000,43,178.575,-21691.9,45.9952,0.353567
25755000,46,212.205,-21697.3,42.0525,0.373267
25770000,75,332.567,-21671.1,80.8217,0.396467
25785000,68,316.629,-21667,67.6195,0.396867
25800000,67,281.587,-21657,77.3156,0.398733
25815000,57,264.524,-21657.5,71.5794,0.393667
25830000,47,181.716,-21697.2,39.1889,0.369722
25845000,44,196.813,-21669.8,50.5558,0.347742
25860000,56,236.579,-21667.1,59.4421,0.3824
25875000,61,264.31,-21680.1,75.992,0.3812
25890000,61,257.378,-21658,63.2377,0.395667
25905000,64,277.844,-21674.2,65.7575,0.392867
25920000,65,284.796,-21652.8,87.5393,0.382667
25935000,42,190.467,-21663.2,44.1879,0.364
25950000,59,251.644,-21668.5,61.5547,0.383133
25965000,56,253.794,-21669.4,65.0314,0.374133
25980000,53,234.468,-21657.1,37.1801,0.364556
25995000,60,264.794,-21667.5,65.0104,0.374667
26010000,61,269.498,-21675.6,68.1452,0.386956
26025000,67,307.037,-21691.4,68.1841,0.410133
26040000,59,264.589,-21658.4,66.1425,0.385911
26055000,56,243.553,-21645.2,55.4491,0.388667
26070000,60,247.287,-21670.7,65.4394,0.389167
26085000,61,280.227,-21644.2,58.2962,0.376233
26100000,59,249.528,-21658.1,74.7318,0.383333
26115000,76,308.815,-21642.4,63.6597,0.393367
26130000,81,345.539,-21647,66.796,0.407667
26145000,86,395.286,-21636.6,88.8373,0.407267
26160000,84,368.959,-21657.1,70.5983,0.4096
26175000,72,323.463,-21653.7,78.3741,0.398
26190000,75,315.62,-21668.4,82.8978,0.387333
26205000,68,318.82,-21654.3,77.1112,0.391467
26220000,72,321.669,-21654.7,65.218,0.387067
26235000,61,275.887,-21678.1,56.5776,0.3936
26250000,45,196.864,-21682.3,58.5425,0.3634
26265000,63,264.933,-21625.1,83.8544,0.387889
26280000,77,326.737,-21632.9,82.4928,0.3848
26295000,78,327.397,-21625.1,82.5314,0.380733
26310000,80,347.311,-21647.6,91.999,0.393867
26325000,62,257.886,-21643.8,67.6942,0.4066
26340000,70,309.149,-21663.6,66.6513,0.390933
26355000,58,243.453,-21662.3,56.2357,0.367762
26370000,60,275.386,-21648.6,57.3542,0.3771
26385000,56,241.856,-21636.5,54.3569,0.3698
26400000,50,220.5,-21676.3,43.9833,0.367519
26415000,56,234.684,-21633.1,56.6167,0.3705
26430000,56,232.978,-21655.9,58.5576,0.359413
26445000,58,265.377,-21657.9,69.625,0.374733
26460000,63,290.378,-21664.2,68.097,0.380267
26475000,61,263.076,-21635,63.5198,0.383933
26490000,63,277.98,-21670.2,66.8804,0.376011
26505000,51,229.085,-21678.5,50.3942,0.3874
26520000,53,230.821,-21687.6,69.5919,0.389467
26535000,59,251.69,-21695,68.1797,0.3866
26550000,58,260.426,-21640.5,65.8559,0.376911
26565000,51,227.316,-21684.6,63.3457,0.365833
26580000,51,227.981,-21680.8,46.3237,0.362667
26595000,56,254.096,-21653.4,51.8447,0.371956
26610000,48,217.946,-21696.3,55.6475,0.3421
26625000,52,233.87,-21700.5,44.5339,0.375633
26640000,47,195.364,-21693.5,49.7081,0.379533
26655000,53,220.101,-21666.4,53.194,0.3774
26670000,56,247.183,-21680.6,60.7813,0.382733
26685000,74,335.335,-21676.3,72.0072,0.386467
26700000,60,255.251,-21659.4,66.4096,0.381267
26715000,67,277.349,-21682.1,60.9099,0.3908
26730000,61,274.75,-21668.4,53.3741,0.375185
26745000,51,216.128,-21648.4,42.2545,0.366867
26760000,53,223.644,-21646.4,44.7666,0.363667
26775000,64,278.689,-21671.7,56.097,0.379717
26790000,54,226.605,-21649.5,47.0008,0.368267
26805000,59,241.664,-21663.2,58.0079,0.377467
26820000,42,186.306,-21682.5,42.4676,0.354843
26835000,45,180.746,-21686.9,39.3198,0.3592
26850000,46,197.735,-21667.7,43.7311,0.369833
26865000,49,213.018,-21677.3,50.8609,0.358667
26880000,63,264.215,-21701.7,62.0204,0.361378
26895000,47,208.8,-21672.4,37.6264,0.3676
26910000,41,169.666,-21672.9,38.108,0.366167
26925000,45,186.481,-21668.1,56.291,0.341867
26940000,46,196.022,-21661.6,44.5139,0.357556
26955000,42,194.971,-21681.5,30.9876,0.350674
26970000,37,151.856,-21673.7,41.2028,0.3414
26985000,45,186.062,-21656.2,31.2557,0.3662
27000000,58,248.88,-21679.8,73.3955,0.369347
27015000,51,217.301,-21642.4,50.5041,0.362967
27030000,55,245.456,-21655.2,49.4846,0.367533
27045000,44,194.653,-21682,48.6083,0.373267
27060000,39,157.685,-21660.9,38.0494,0.3474
27075000,55,251.549,-21673,63.8343,0.345533
27090000,61,251.214,-21642.9,67.1096,0.368033
27105000,54,226.622,-21637,58.4556,0.368533
27120000,45,191.738,-21694.5,51.9804,0.355047
27135000,48,207.798,-21679.1,57.2685,0.375
27150000,53,230.307,-21654.1,60.3087,0.366267
27165000,58,252.772,-21694.1,49.1041,0.367778
27180000,47,212.011,-21691.2,49.1176,0.367711
27195000,56,240.457,-21660.1,65.0333,0.360044
27210000,65,260.004,-21660.5,64.0395,0.392333
27225000,46,201.561,-21717.4,38.0788,0.362289
27240000,60,269.753,-21667.1,55.0902,0.374187
27255000,53,233.815,-21653.2,57.5958,0.362333
27270000,50,209.404,-21655.9,39.9012,0.384567
27285000,56,255.111,-21657.3,48.7057,0.371867
27300000,64,290.891,-21646.7,58.6797,0.375933
27315000,61,276.288,-21665.1,62.8897,0.381333
27330000,46,191.846,-21665.4,54.4248,0.359911
27345000,42,183.506,-21671.2,48.9741,0.354
27360000,49,206.776,-21653.9,56.6027,0.363
27375000,51,219.439,-21652.1,50.444,0.3526
27390000,51,234.295,-21680.8,36.8292,0.363107
27405000,53,241.982,-21679.9,65.3739,0.3748
27420000,54,228.939,-21684,55.6388,0.377578
27435000,55,231.321,-21692.2,52.4524,0.374133
27450000,41,183.221,-21725.9,43.9959,0.361533
27465000,52,220.953,-21674.8,52.5359,0.3785
27480000,48,214.816,-21678.6,55.077,0.36928
27495000,52,232.042,-21713.6,41.8575,0.372467
27510000,49,226.129,-21666.5,40.501,0.3786
27525000,49,202.622,-21651.8,41.6518,0.360311
27540000,48,198.891,-21674.6,52.32,0.358
27555000,53,214.123,-21675.2,49.3155,0.349733
27570000,53,224.311,-21678,41.6674,0.367467
27585000,57,250.19,-21688.2,56.8659,0.37552
27600000,50,198.057,-21681.6,60.3758,0.381
27615000,57,246.703,-21698.8,52.8809,0.376333
27630000,56,242.011,-21696.9,61.6867,0.3761
27645000,61,265.26,-21705.3,64.4088,0.3938
27660000,59,259.646,-21689,49.7611,0.397133
27675000,54,235.391,-21679,75.0513,0.3844
27690000,53,235.678,-21707.6,59.1211,0.384672
27705000,62,279.342,-21678.1,61.4479,0.38824
27720000,49,214.524,-21680,39.9281,0.386867
27735000,54,214.697,-21704.1,49.995,0.391778
27750000,63,283.372,-21674.5,65.9286,0.380767
27765000,53,219.095,-21668.4,47.1169,0.388467
27780000,63,282.952,-21655.2,56.9632,0.395027
27795000,48,196.512,-21693.3,50.2549,0.382
27810000,63,279.631,-21671.8,67.0371,0.3863
27825000,62,261.695,-21647.7,60.3604,0.392533
27840000,56,247.885,-21646.4,45.0359,0.3786
27855000,65,282.024,-21674.5,56.9762,0.384867
27870000,54,232.539,-21696.3,43.7896,0.37564
27885000,64,273.65,-21660.8,74.9227,0.383733
27900000,49,215.734,-21693.3,49.5846,0.3884
27915000,53,233.745,-21690.3,47.9753,0.389533
27930000,67,296.311,-21677.6,70.1305,0.406378
27945000,48,219.105,-21701.8,58.0959,0.381
27960000,55,241.42,-21655.7,47.5184,0.381771
27975000,58,245.74,-21658.6,64.2731,0.385867
27990000,60,272.386,-21659.8,75.9998,0.3714
28005000,61,261.947,-21666.7,59.4636,0.384333
28020000,55,240.45,-21670.1,60.4405,0.388533
28035000,61,278.47,-21675.6,77.2444,0.387956
28050000,74,331.949,-21675.1,88.641,0.3905
28065000,70,296.998,-21682.9,52.2596,0.410667
28080000,54,234.124,-21667.8,45.7755,0.4008
28095000,57,247.841,-21679.6,58.381,0.385067
28110000,54,240.782,-21668.6,57.0541,0.389267
28125000,57,252.917,-21680.3,55.6036,0.3982
28140000,51,210.319,-21661.1,50.5207,0.386533
28155000,49,204.878,-21695.9,54.6562,0.38525
28170000,69,283.914,-21663.4,69.3257,0.381433
28185000,57,247.148,-21661.9,56.7507,0.383467
28200000,54,228.719,-21676.3,50.7319,0.3832
28215000,50,220.147,-21668.8,52.5853,0.379467
28230000,53,213.862,-21657.7,53.6821,0.380107
28245000,60,235.626,-21660.9,65.4696,0.383893
28260000,50,214.411,-21659.4,50.9122,0.3705
28275000,68,290.047,-21667,68.1737,0.377383
28290000,49,222.069,-21675.4,53.7782,0.3778
28305000,52,216.678,-21643.1,46.3735,0.380956
28320000,54,225.598,-21673.6,46.9507,0.378089
28335000,46,197.454,-21676.8,60.7343,0.368267
28350000,47,196.662,-21670.6,53.7415,0.374567
28365000,58,258.197,-21687.7,56.6451,0.3786
28380000,39,171.527,-21682.4,34.2036,0.375067
28395000,49,214.816,-21694.3,51.5309,0.3769
28410000,54,252.118,-21665.8,52.0212,0.386733
28425000,59,245.459,-21684.8,64.9149,0.373578
28440000,67,276.183,-21675.2,77.6987,0.3986
28455000,67,292.175,-21666.2,55.8508,0.37694
28470000,65,265.817,-21661.8,57.5631,0.3834
28485000,62,272.517,-21662.3,60.2379,0.392533
28500000,74,317.816,-21675.9,75.4664,0.399333
28515000,66,292.908,-21656,59.9131,0.394
28530000,48,207.546,-21694.5,38.9206,0.391567
28545000,56,256.215,-21678.7,63.9612,0.3858
28560000,70,316.736,-21653.3,72.5827,0.394867
28575000,51,212.659,-21670.3,57.3909,0.38685
28590000,49,210.466,-21676.4,46.8022,0.391311
28605000,54,234.565,-21675.7,58.2449,0.393333
28620000,54,239.931,-21670.7,45.0576,0.397067
28635000,67,294.789,-21680.5,71.0212,0.387773
28650000,56,254.381,-21648.2,63.8847,0.385289
28665000,59,249.572,-21687.1,66.3944,0.385067
28680000,58,270.926,-21669,40.148,0.375533
28695000,65,281.982,-21669.2,64.2782,0.3837
28710000,56,243.251,-21665.1,61.9001,0.3942
28725000,67,303.306,-21679.3,78.8002,0.397267
28740000,60,270.04,-21666.8,66.7671,0.383967
28755000,65,288.722,-21676.6,55.0892,0.389467
28770000,66,288.744,-21691.9,89.7787,0.389089
28785000,59,259.126,-21665.3,58.7402,0.383889
28800000,58,254.723,-21644.6,57.7537,0.3812
28815000,60,253.096,-21657.6,55.1682,0.39445
28830000,69,296.602,-21669.2,60.9629,0.394267
28845000,70,308.713,-21668.6,82.4546,0.3982
28860000,62,268.118,-21687.4,62.1937,0.399533
28875000,68,301.808,-21626.9,75.1104,0.388967
28890000,68,310.133,-21640.2,67.3161,0.391067
28905000,67,277.369,-21654.1,76.3747,0.3982
28920000,59,252,-21655.9,45.5479,0.3794
28935000,58,242.906,-21691.5,62.062,0.38357
28950000,59,254.472,-21641.9,51.6151,0.386667
28965000,59,252.334,-21679,50.5078,0.373133
28980000,63,277.257,-21678,66.7482,0.3936
28995000,67,291.668,-21672.5,69.5954,0.3852
29010000,58,258.72,-21661,64.2585,0.387467
29025000,51,232.798,-21694.6,56.5614,0.378289
29040000,54,229.87,-21643.5,55.9444,0.3806
29055000,54,226.765,-21664.9,59.204,0.372533
29070000,61,265.408,-21696,71.0605,0.390533
29085000,55,243.984,-21690.2,64.106,0.3904
29100000,58,253.322,-21694.4,57.7986,0.396133
29115000,51,216.304,-21663.8,59.6692,0.36775
29130000,55,235.791,-21672.1,50.9984,0.3698
29145000,52,226.593,-21686.2,58.256,0.380695
29160000,51,215,-21677.1,42.7126,0.370267
29175000,62,284.027,-21679.6,55.7368,0.39732
29190000,65,299.072,-21705.7,53.63,0.4058
29205000,72,316.173,-21687.1,84.9896,0.391467
29220000,67,296.819,-21681.3,74.4351,0.413733
29235000,53,224.715,-21659.5,47.8622,0.369848
29250000,57,244.641,-21652.2,50.4057,0.3612
29265000,48,211.517,-21679,40.5887,0.3926
29280000,50,218.717,-21665.8,51.7615,0.369
29295000,48,215.784,-21675.9,47.7576,0.373778
29310000,63,277.444,-21663.9,70.9985,0.390489
29325000,56,257.001,-21691.2,44.5027,0.370933
29340000,67,289.286,-21676.3,64.7704,0.407433
29355000,59,263.434,-21672,52.4323,0.395067
29370000,61,272.84,-21671.2,70.131,0.396267
29385000,60,249.473,-21658.6,75.4383,0.387533
29400000,77,321.771,-21679.6,90.1968,0.400667
29415000,61,250.525,-21676.2,64.6783,0.374183
29430000,55,235.273,-21688.2,62.1264,0.404933
29445000,43,185.051,-21679,40.4998,0.3647
29460000,70,322.616,-21692.2,60.0235,0.400867
29475000,52,221.594,-21689.9,45.3558,0.4158
29490000,45,180.289,-21663.4,53.048,0.3718
29505000,44,194.19,-21672,42.9095,0.345667
29520000,50,229.655,-21654.7,54.8161,0.357467
29535000,51,216.276,-21700.9,48.1072,0.384933
29550000,43,191.629,-21700.9,55.4064,0.372185
29565000,55,246.02,-21664.1,65.8079,0.372311
29580000,52,226.689,-21709.6,51.084,0.387667
29595000,50,213.626,-21716,48.0455,0.379311
29610000,53,219.262,-21681.7,60.8685,0.365822
29625000,61,261.989,-21701.4,63.8665,0.3826
29640000,38,164.948,-21701.6,38.7098,0.390133
29655000,47,208.8,-21659.1,43.4266,0.362733
29670000,57,245.108,-21703.8,53.6315,0.367633
29685000,56,241.581,-21665,58.9438,0.395
29700000,46,207.397,-21718.3,44.0956,0.375333
29715000,44,187.207,-21677.4,34.1871,0.350667
29730000,61,278.552,-21677.6,57.5859,0.388556
29745000,53,233.923,-21693,61.1866,0.3742
29760000,60,259.031,-21677.8,57.6471,0.385367
29775000,43,196.402,-21694.3,36.1657,0.345833
29790000,57,242.447,-21666.2,67.18,0.388633
29805000,69,310.365,-21639.6,68.5077,0.387267
29820000,59,259.383,-21660.2,52.4177,0.377733
29835000,64,279.809,-21638,66.7167,0.392
29850000,62,286.764,-21697.5,65.5288,0.382267
29865000,60,265.11,-21686.5,52.8948,0.394667
29880000,68,291.551,-21642.1,68.2787,0.399222
29895000,63,259.421,-21657.8,67.392,0.386267
29910000,57,237.672,-21694.9,73.2939,0.391956
29925000,46,210.286,-21686.5,45.9967,0.364693
29940000,56,254.799,-21685.2,53.8269,0.373733
29955000,53,222.737,-21679.4,53.9459,0.388333
29970000,55,232.748,-21678.9,55.2481,0.376833
29985000,44,191.056,-21678.1,37.6019,0.3702
