generation,N_shifts,logPrior,logLik,eventRate,acceptRate
0,0,0.641453,-24256,100,0
15000,2,10.3065,-22121.8,1.54583,0.212919
30000,3,15.3831,-22131.5,3.05983,0.277133
45000,2,8.13066,-22110.4,5.28246,0.296949
60000,3,13.5021,-22098.6,4.74064,0.328533
75000,6,27.72,-22099.6,7.26664,0.324667
90000,4,16.7275,-22099.3,4.63696,0.3276
105000,5,21.3524,-22064.7,9.48466,0.322867
120000,4,21.5401,-22103.5,8.29345,0.335867
135000,5,21.4587,-22066.9,7.81457,0.300167
150000,5,13.8894,-22044.3,7.945,0.295933
165000,4,14.1344,-22071.2,4.71602,0.324253
180000,7,29.9159,-22035.7,5.8868,0.3188
195000,7,34.0837,-22042.9,6.63786,0.313433
210000,6,29.2047,-22006.3,8.11174,0.2922
225000,15,64.2948,-21997.5,12.8284,0.28108
240000,5,22.8188,-22031.5,8.31599,0.312067
255000,19,82.299,-21937.9,21.0042,0.309933
270000,13,51.5926,-21932.7,18.2509,0.325267
285000,10,47.2996,-21986.5,19.5299,0.30336
300000,14,57.3358,-21965.1,16.5564,0.319717
315000,15,67.174,-21960.8,16.6668,0.3424
330000,17,74.6606,-21896,14.1362,0.324578
345000,18,82.6945,-21965.3,11.1092,0.353333
360000,24,104.157,-21882.9,23.2121,0.346033
375000,27,117.525,-21872.9,26.2681,0.392333
390000,22,86.3604,-21896.4,29.0944,0.342167
405000,23,102.87,-21899.2,12.2252,0.3665
420000,26,119.75,-21880,31.8989,0.342167
435000,31,138.288,-21856.7,38.9564,0.378867
450000,26,105.607,-21850.7,26.4795,0.353133
465000,48,213.323,-21838.3,50.1157,0.38775
480000,48,207.89,-21806.5,51.7966,0.399533
495000,44,199.875,-21814.7,39.7887,0.3948
510000,35,144.837,-21839.9,38.5834,0.390983
525000,49,223.886,-21800.4,57.9393,0.3787
540000,52,227.662,-21808.9,44.6173,0.393333
555000,33,146.17,-21806.7,32.423,0.377433
570000,43,187.96,-21800.5,34.2884,0.389633
585000,44,192.278,-21797.5,43.7863,0.389
600000,46,194.166,-21787.1,48.5545,0.383667
615000,51,211.252,-21799.2,45.3953,0.403933
630000,55,251.094,-21786.8,54.5022,0.4086
645000,45,201.904,-21772.9,49.5172,0.3938
660000,65,279.549,-21771.8,62.8816,0.4105
675000,70,314.595,-21749.8,73.2677,0.419133
690000,58,267.588,-21755.1,56.1837,0.408533
705000,56,254.646,-21764,66.0959,0.400067
720000,39,188.094,-21809.2,45.3041,0.374529
735000,48,201.778,-21736,54.2572,0.3935
750000,55,242.402,-21753.4,46.788,0.385533
765000,48,198.949,-21772.9,60.0801,0.400217
780000,66,286.103,-21756.3,59.1927,0.396033
795000,59,257.886,-21761.2,62.1557,0.407867
810000,66,307.028,-21753.4,64.4608,0.409533
825000,48,203.69,-21736.2,46.9324,0.401333
840000,64,272.062,-21739,82.9307,0.380933
855000,74,312.411,-21749.5,77.652,0.402
870000,77,328.672,-21726,69.3755,0.402867
885000,81,368.904,-21740,86.2633,0.4136
900000,62,267.838,-21745.6,72.682,0.4124
915000,57,238.916,-21786.4,47.2042,0.387836
930000,64,279.845,-21743.7,71.506,0.4063
945000,69,314.159,-21714.3,57.0949,0.4002
960000,74,328.336,-21743.2,70.228,0.398267
975000,57,231.532,-21772.7,61.7689,0.401624
990000,66,322.33,-21750.7,65.359,0.410267
1005000,58,266.518,-21750,52.6364,0.393533
1020000,54,223.112,-21753.5,53.3089,0.398178
1035000,56,246.219,-21770.7,48.9178,0.405033
1050000,65,288.508,-21751.9,55.1176,0.4054
1065000,52,218.71,-21753.1,40.9869,0.39074
1080000,56,242.811,-21762.2,44.0835,0.401433
1095000,69,304.538,-21740.4,60.2332,0.392067
1110000,53,247.111,-21764.5,52.1632,0.39436
1125000,64,287.196,-21742.3,58.5102,0.4173
1140000,60,280.877,-21735.7,53.4407,0.398533
1155000,71,299.422,-21737.2,68.0653,0.399733
1170000,69,308.584,-21757.7,53.4079,0.411244
1185000,59,263.777,-21753.6,60.2647,0.401293
1200000,59,261.307,-21734.7,58.6521,0.396133
1215000,68,272.482,-21745,73.9726,0.407533
1230000,75,326.712,-21756.3,69.8613,0.415467
1245000,59,248.569,-21742.1,45.4768,0.402053
1260000,59,259.903,-21743.2,80.7013,0.403733
1275000,60,279.621,-21735.5,66.6878,0.3992
1290000,65,286.356,-21725.7,70.1164,0.406733
1305000,57,270.237,-21763.1,63.8774,0.398487
1320000,69,306.563,-21746.1,68.4557,0.4004
1335000,53,237.613,-21724.5,55.6818,0.395311
1350000,63,284.408,-21730.2,68.9365,0.3935
1365000,64,293.146,-21739.4,57.3193,0.4004
1380000,63,289.77,-21721.4,52.8086,0.393267
1395000,50,227.011,-21742.5,48.8764,0.3931
1410000,51,233.566,-21768.9,55.8515,0.3775
1425000,45,191.076,-21757.1,41.0841,0.3759
1440000,54,233.603,-21749.9,55.9339,0.377867
1455000,51,223.241,-21773.9,42.2766,0.396347
1470000,59,255.188,-21753.2,66.6156,0.405667
1485000,61,282.079,-21771.7,50.1064,0.394827
1500000,69,311.192,-21773.2,57.1889,0.4012
1515000,63,262.32,-21775.3,65.4421,0.410533
1530000,66,298.142,-21731.6,73.3443,0.408467
1545000,55,225.445,-21748,65.7016,0.417867
1560000,47,207.2,-21766.2,56.9439,0.384181
1575000,49,211.393,-21759.8,51.1727,0.393767
1590000,52,219.25,-21754.7,50.7236,0.397633
1605000,63,277.122,-21751.7,66.1098,0.3962
1620000,40,178.703,-21809.4,35.0544,0.385617
1635000,49,213.883,-21761.1,49.6901,0.395917
1650000,55,247.918,-21741.2,55.9271,0.3826
1665000,58,263.915,-21727.3,49.8338,0.396467
1680000,49,211.178,-21754.5,55.5454,0.387533
1695000,56,251.058,-21767.8,49.4694,0.382133
1710000,48,215.501,-21774.2,48.1992,0.399267
1725000,71,313.816,-21734.2,64.7914,0.401475
1740000,67,297.946,-21708.5,59.4944,0.414133
1755000,77,322.386,-21719.9,85.7324,0.416533
1770000,71,306.763,-21727.1,70.0074,0.410667
1785000,46,211.143,-21806.1,52.3566,0.382739
1800000,76,333.456,-21733.7,70.2337,0.407133
1815000,58,250.013,-21759,57.8982,0.387219
1830000,71,319.105,-21704,69.985,0.404267
1845000,53,221.682,-21771.3,66.9264,0.391867
1860000,68,276.713,-21758.3,56.4569,0.395867
1875000,60,261.452,-21753.2,66.0063,0.409567
1890000,52,212.049,-21794,43.5808,0.392362
1905000,53,218.19,-21770.2,54.2016,0.3971
1920000,71,323.192,-21716.6,63.8622,0.408983
1935000,76,331.688,-21715.2,73.3748,0.4004
1950000,58,252.197,-21757.4,53.9807,0.386022
1965000,68,291.311,-21725.2,75.7649,0.400933
1980000,60,260.486,-21763.1,54.9423,0.399889
1995000,56,245.517,-21745.9,57.1652,0.388633
2010000,51,219.231,-21774.8,55.6642,0.3925
2025000,57,248.209,-21767.7,43.8149,0.38388
2040000,55,240.283,-21753.8,54.9354,0.382533
2055000,62,284.369,-21742.5,58.8482,0.398689
2070000,49,225.007,-21778.6,55.3155,0.390133
2085000,53,226.682,-21754.4,58.8259,0.3935
2100000,53,232.635,-21751.9,50.0527,0.382347
2115000,49,219.531,-21771.9,43.9363,0.394956
2130000,52,233.271,-21770.8,52.1492,0.3916
2145000,59,257.96,-21750.1,53.7926,0.385933
2160000,64,290.737,-21802.2,82.7164,0.393567
2175000,59,249.137,-21772.7,57.3423,0.403033
2190000,58,265.312,-21783.4,52.5086,0.406267
2205000,68,297.016,-21785.7,68.8992,0.4098
2220000,64,282.54,-21742.9,62.461,0.40136
2235000,60,273.12,-21734.2,58.8656,0.390667
2250000,62,277.871,-21753.5,60.4923,0.390267
2265000,53,206.493,-21727.4,54.0456,0.3894
2280000,59,249.52,-21744.9,67.38,0.394
2295000,45,190.812,-21779.6,41.2545,0.3978
2310000,55,243.4,-21746.6,58.747,0.391867
2325000,40,181.892,-21755.9,37.6324,0.395633
2340000,36,149.409,-21780.1,33.194,0.393133
2355000,56,253.306,-21780.5,54.5568,0.3802
2370000,66,286.138,-21763.8,60.3273,0.405
2385000,66,289.641,-21757.1,64.5858,0.4046
2400000,56,247.609,-21778.8,58.8646,0.3874
2415000,53,232.674,-21774.2,62.764,0.3934
2430000,75,322.559,-21769.9,55.7875,0.403933
2445000,62,259.943,-21755.8,60.1459,0.3974
2460000,56,242.967,-21757.6,56.2199,0.384867
2475000,52,226.39,-21746.6,46.1597,0.387933
2490000,63,269.104,-21736.3,67.7446,0.3906
2505000,68,308.732,-21744.2,72.4118,0.407122
2520000,52,226.498,-21793.7,63.5939,0.387756
2535000,54,226.722,-21757.9,47.0766,0.404133
2550000,64,280.178,-21726.1,57.8352,0.399733
2565000,60,252.198,-21724.1,59.7977,0.397267
2580000,38,172.414,-21808,25.0694,0.40155
2595000,59,246.328,-21730.9,72.8054,0.3918
2610000,55,235.24,-21772.6,66.3979,0.397427
2625000,60,249.187,-21738.2,62.4399,0.3878
2640000,74,304.188,-21743.8,70.3592,0.397267
2655000,66,270.81,-21724.5,64.438,0.399067
2670000,53,224.176,-21790.6,49.7604,0.396144
2685000,67,297.309,-21734.1,64.5285,0.40508
2700000,64,270.555,-21739.5,53.8227,0.405933
2715000,50,200.529,-21766.7,45.1147,0.4004
2730000,58,252.645,-21778.7,54.9291,0.3946
2745000,50,212.716,-21756.5,48.6888,0.393089
2760000,66,296.419,-21728.9,61.5464,0.394924
2775000,70,319.004,-21804,69.8169,0.412444
2790000,51,229.612,-21745.8,53.7486,0.412356
2805000,52,231.004,-21730.2,57.4125,0.3996
2820000,74,302.172,-21720.2,71.0968,0.40285
2835000,67,287.713,-21702,71.4049,0.398
2850000,47,190.898,-21752.6,51.8301,0.392689
2865000,50,210.223,-21746.8,78.2802,0.380633
2880000,72,321.342,-21743.9,66.3525,0.3962
2895000,81,322.718,-21730.7,79.6622,0.4092
2910000,75,324.491,-21731.4,82.4461,0.410933
2925000,56,250.358,-21757.3,52.9132,0.392427
2940000,54,238.201,-21779.4,47.7236,0.392333
2955000,71,335.526,-21739.6,72.6389,0.406333
2970000,61,269.736,-21766.2,46.0419,0.4008
2985000,64,286.51,-21734.8,56.5652,0.407267
3000000,55,243.471,-21769.5,50.6279,0.391783
3015000,74,318.321,-21726.7,64.8041,0.417967
3030000,68,288.849,-21762.6,56.2682,0.401502
3045000,73,323.265,-21733.3,95.9007,0.403767
3060000,68,299.372,-21706.8,69.1322,0.408133
3075000,70,302.371,-21741.1,62.4968,0.3992
3090000,58,256.718,-21769.7,54.5321,0.405111
3105000,63,275.713,-21757.3,61.997,0.4182
3120000,75,297.713,-21711.7,82.6021,0.408133
3135000,64,276.063,-21761.7,77.4551,0.402086
3150000,78,337.466,-21730.9,69.4552,0.401733
3165000,61,258.376,-21783.9,62.7562,0.414933
3180000,57,240.127,-21760.4,46.0081,0.406833
3195000,57,256.234,-21741.1,51.2966,0.406417
3210000,63,276.055,-21759.8,65.2909,0.411733
3225000,59,247.67,-21765.4,57.7982,0.4053
3240000,56,239.753,-21743.4,49.9041,0.400333
3255000,64,271.149,-21741,75.9346,0.39748
3270000,61,267.901,-21736.2,65.6461,0.3996
3285000,60,261.955,-21738,70.8348,0.400633
3300000,54,226.777,-21739.3,58.4464,0.3992
3315000,59,259.557,-21778.1,65.8459,0.389133
3330000,52,234.408,-21763.4,49.1628,0.392833
3345000,51,209.282,-21736.8,48.9797,0.395783
3360000,50,221.059,-21747.3,59.2144,0.396644
3375000,66,294.066,-21751.6,57.2557,0.382733
3390000,50,221.453,-21758.1,51.0156,0.385133
3405000,53,239.555,-21757,55.4382,0.395933
3420000,57,238.338,-21733.4,46.0688,0.391667
3435000,52,223.595,-21742.4,50.54,0.387956
3450000,58,238.256,-21744.2,44.2859,0.382733
3465000,53,222.762,-21745.4,52.5054,0.392489
3480000,41,180.023,-21765.7,32.0842,0.391467
3495000,42,189.12,-21767.9,35.9913,0.3826
3510000,51,216.959,-21768.9,44.8344,0.367333
3525000,62,260.194,-21759.5,55.1103,0.401359
3540000,56,243.686,-21764.2,46.4669,0.398133
3555000,61,259.793,-21743.1,61.0971,0.411533
3570000,53,233.91,-21752.7,48.6963,0.388367
3585000,53,234.347,-21746.2,48.0162,0.381333
3600000,50,206.231,-21756.6,55.5451,0.379267
3615000,64,260.729,-21755.6,51.8709,0.385267
3630000,66,274.968,-21743.8,61.5722,0.404267
3645000,47,197.894,-21782.4,48.3969,0.375639
3660000,47,210.464,-21761.4,43.4319,0.3937
3675000,41,158.635,-21797.5,48.6824,0.373667
3690000,49,213.572,-21761.6,52.5068,0.374267
3705000,63,270.673,-21782.7,64.8238,0.398267
3720000,48,206.24,-21765,50.0898,0.392233
3735000,57,252.745,-21778.4,49.4536,0.4048
3750000,52,217.486,-21764.9,48.3222,0.374667
3765000,52,226.765,-21793.4,51.5372,0.405067
3780000,52,219.294,-21777.3,64.1833,0.403133
3795000,50,225.757,-21751,40.649,0.3838
3810000,46,209.051,-21749.9,50.3631,0.376267
3825000,50,225.765,-21774.1,49.1293,0.404867
3840000,63,271.96,-21764.9,53.841,0.4018
3855000,56,244.489,-21767.2,59.1159,0.404933
3870000,56,240.02,-21765.1,57.1675,0.3958
3885000,60,252.723,-21771.6,61.9719,0.379773
3900000,43,185.466,-21766.2,50.1661,0.378
3915000,48,207.301,-21776.8,55.8662,0.388342
3930000,61,280.057,-21754.7,73.8918,0.4016
3945000,48,216.658,-21794.5,40.6982,0.398267
3960000,44,195.299,-21762.2,39.5603,0.369683
3975000,46,199.651,-21781,55.0643,0.392233
3990000,56,236.699,-21780.9,52.1994,0.388392
4005000,57,253.504,-21775.1,60.8154,0.3842
4020000,56,243.815,-21771.6,50.1483,0.3978
4035000,49,190.655,-21774.3,53.1142,0.394178
4050000,59,260.745,-21770.8,64.812,0.395
4065000,61,262.189,-21743.3,58.9478,0.409067
4080000,63,286.405,-21767.5,60.6773,0.399733
4095000,50,218.636,-21773.8,55.3448,0.4106
4110000,55,236.615,-21739.6,56.2249,0.384333
4125000,51,235.954,-21738.7,52.4167,0.384248
4140000,62,261.679,-21768,57.9397,0.4046
4155000,55,236.392,-21735.3,51.773,0.386733
4170000,54,226.804,-21758,56.2819,0.4082
4185000,45,208.018,-21741.5,43.5672,0.385267
4200000,53,235.626,-21739.3,54.1339,0.373163
4215000,47,197.375,-21772.1,44.2797,0.387978
4230000,64,277.411,-21757.7,60.3359,0.414667
4245000,53,230.729,-21743.8,49.8271,0.370517
4260000,60,252.663,-21762.3,61.772,0.4142
4275000,48,217.389,-21752.4,62.4574,0.403133
4290000,48,210.949,-21771.6,50.7877,0.391333
4305000,43,191.049,-21751.2,31.5856,0.368783
4320000,59,260.717,-21763.1,55.4328,0.384733
4335000,66,308.678,-21744.8,71.0766,0.40435
4350000,57,246.976,-21739,54.4839,0.421867
4365000,52,236.943,-21757.2,41.9178,0.396378
4380000,53,240.633,-21759.8,64.7493,0.363507
4395000,56,243.518,-21742.5,57.6056,0.395933
4410000,61,261.282,-21761.2,57.1146,0.3974
4425000,67,306.678,-21752,57.4534,0.399733
4440000,69,314.571,-21744.4,79.7646,0.4094
4455000,58,272.29,-21726.3,57.9592,0.397086
4470000,64,297.238,-21745.1,49.2484,0.399233
4485000,57,270.09,-21751,50.0348,0.4046
4500000,37,173.652,-21768.8,34.8596,0.361517
4515000,50,221.04,-21776,47.5759,0.401733
4530000,51,233.926,-21765.4,48.0881,0.382133
4545000,41,179.952,-21774.8,37.0132,0.344133
4560000,52,225.874,-21766.5,54.9986,0.382467
4575000,64,276.844,-21781.7,64.0889,0.406467
4590000,59,252.315,-21755.6,56.3783,0.410533
4605000,53,238.148,-21747.1,42.8387,0.373567
4620000,58,258.646,-21747.4,62.301,0.3776
4635000,58,249.995,-21739.4,45.6019,0.384473
4650000,60,265.104,-21736,51.1104,0.392133
4665000,72,311.671,-21742.3,72.1611,0.393533
4680000,64,294.097,-21727.7,55.8171,0.4114
4695000,58,255.517,-21745.5,61.6182,0.397533
4710000,56,262.685,-21737.7,55.1002,0.3786
4725000,48,212.735,-21773.9,43.4765,0.36941
4740000,41,187.096,-21755.1,32.215,0.359933
4755000,59,249.509,-21706.9,56.4357,0.388511
4770000,60,244.377,-21761.3,64.8296,0.407328
4785000,70,324.843,-21735.5,59.0317,0.392433
4800000,61,264.314,-21778.2,52.4625,0.402167
4815000,54,225.057,-21751.5,59.912,0.404667
4830000,66,280.08,-21732.5,61.4352,0.393178
4845000,58,239.566,-21732.2,50.9578,0.4008
4860000,66,291.807,-21749.3,67.9945,0.407422
4875000,44,171.739,-21769.9,46.941,0.362496
4890000,40,179.524,-21769.9,34.6001,0.356733
4905000,57,258.246,-21757.3,55.4957,0.393483
4920000,50,220.231,-21744.1,54.9555,0.388667
4935000,58,251.629,-21750.6,66.9311,0.4056
4950000,65,274.404,-21745.3,52.383,0.397067
4965000,67,296.773,-21724.3,72.2314,0.401
4980000,69,299.86,-21743.8,71.9672,0.398333
4995000,52,226.964,-21752.8,46.5663,0.383373
5010000,58,246.668,-21752.7,61.9426,0.404567
5025000,50,211.63,-21779.3,51.319,0.3902
5040000,59,259.854,-21756.8,73.9507,0.3995
5055000,62,262.279,-21725.1,76.2385,0.414533
5070000,51,230.38,-21767.6,43.4811,0.388422
5085000,78,339.168,-21735.6,70.2677,0.411367
5100000,69,310.953,-21725.3,52.84,0.405267
5115000,63,271.17,-21727.6,63.0737,0.404133
5130000,61,263.117,-21735.7,71.2607,0.402933
5145000,77,328.836,-21743.6,79.0812,0.403
5160000,83,362.916,-21776,87.5933,0.428133
5175000,58,241.737,-21695.9,63.1094,0.366558
5190000,59,247.629,-21721,55.0337,0.383533
5205000,52,216.263,-21740.6,54.7897,0.372
5220000,65,287.583,-21726.2,56.7801,0.39072
5235000,59,272.39,-21723.8,47.7035,0.392733
5250000,57,247.166,-21729.4,55.6755,0.401867
5265000,58,235.3,-21726.3,52.5973,0.3932
5280000,55,239.714,-21736.3,62.2543,0.373627
5295000,57,258.033,-21765.3,48.7509,0.4156
5310000,47,205.907,-21763.4,45.7586,0.368433
5325000,64,281.644,-21735.7,77.3851,0.394483
5340000,49,223.71,-21733.2,42.7453,0.375
5355000,57,251.317,-21735.1,56.5944,0.405433
5370000,66,298.432,-21750,88.5918,0.401533
5385000,61,261.71,-21742.6,80.8305,0.385867
5400000,68,298.153,-21737.3,54.8874,0.391867
5415000,44,186.886,-21759.9,46.0587,0.3925
5430000,67,271.035,-21730.5,70.0403,0.3987
5445000,70,304.591,-21707.7,67.6804,0.412333
5460000,79,339.538,-21734.9,93.3725,0.422933
5475000,74,315.061,-21732.2,85.1131,0.418267
5490000,57,243.684,-21759.7,73.3739,0.410667
5505000,63,266.338,-21746.8,60.8481,0.405033
5520000,54,221.912,-21744.3,52.0732,0.401
5535000,70,313.777,-21738,61.3604,0.401767
5550000,69,300.425,-21736,81.9629,0.4038
5565000,57,254.183,-21757.9,52.745,0.402467
5580000,50,214.925,-21759.2,52.4683,0.400533
5595000,61,267.257,-21758.6,70.8726,0.4007
5610000,61,258.256,-21761.4,57.755,0.4053
5625000,58,255.843,-21771.8,58.9685,0.399867
5640000,43,190.806,-21730.8,40.34,0.375025
5655000,60,255.973,-21728.1,50.8055,0.3956
5670000,58,239.284,-21762.2,59.8017,0.404378
5685000,59,272.619,-21757.5,48.8297,0.410467
5700000,51,226.267,-21740.3,53.8069,0.3745
5715000,61,263.395,-21747,64.966,0.4094
5730000,50,217.227,-21749.4,36.1051,0.375933
5745000,61,264.427,-21766.1,64.5023,0.3976
5760000,70,310.155,-21742.4,67.2841,0.4208
5775000,70,291.511,-21746.4,71.272,0.4138
5790000,58,270.553,-21759,73.5806,0.3856
5805000,62,257.134,-21753.7,54.6195,0.4076
5820000,60,249.728,-21755.4,68.6766,0.386111
5835000,56,250.052,-21754.2,54.3628,0.400289
5850000,70,307.645,-21764,73.9901,0.406622
5865000,47,205.625,-21749.1,37.9948,0.376289
5880000,41,177.748,-21769.8,41.6128,0.3706
5895000,49,215.305,-21740.3,39.0994,0.373133
5910000,54,211.995,-21729.9,50.8536,0.388067
5925000,51,210.721,-21765.5,54.9011,0.396493
5940000,50,211.222,-21734.6,40.6721,0.381533
5955000,42,181.835,-21756.1,52.1379,0.3612
5970000,46,191.8,-21745.8,65.5632,0.384422
5985000,52,235.336,-21744.9,55.3403,0.3757
6000000,52,228.656,-21737.1,58.0073,0.372667
6015000,47,213.751,-21759.8,38.5688,0.389956
6030000,72,307.231,-21765.3,61.8804,0.400438
6045000,50,222.424,-21735.5,46.736,0.375178
6060000,48,209.118,-21726.6,48.5282,0.376733
6075000,57,249.858,-21738.3,49.9375,0.386267
6090000,75,345.607,-21763.3,82.801,0.405533
6105000,56,249.763,-21750,57.4785,0.383033
6120000,73,327.799,-21767.1,73.4081,0.421833
6135000,65,274.777,-21758,67.2842,0.4112
6150000,56,247.554,-21773.4,63.5746,0.401333
6165000,61,251.141,-21743.4,54.6874,0.395567
6180000,52,232.445,-21766.7,73.9405,0.381467
6195000,42,189.985,-21775.8,39.2335,0.369067
6210000,42,186.672,-21744.7,45.6859,0.347267
6225000,47,203.832,-21756.9,51.0942,0.39655
6240000,48,225.423,-21726.4,46.8569,0.3592
6255000,55,246.528,-21737.5,57.1942,0.382267
6270000,48,210.488,-21731.7,44.0413,0.3812
6285000,47,211.734,-21779.6,47.3692,0.399726
6300000,77,339.61,-21697.1,73.4678,0.39432
6315000,59,252.626,-21717,52.492,0.401533
6330000,57,249.573,-21732.3,61.3045,0.4046
6345000,52,226.203,-21755,48.1659,0.384653
6360000,65,270.283,-21736.3,68.5617,0.3976
6375000,50,210.002,-21725.8,68.8407,0.399844
6390000,58,246.355,-21755.8,63.5505,0.396933
6405000,49,211.6,-21753.7,48.2756,0.370333
6420000,42,187.935,-21757.2,44.435,0.362667
6435000,44,183.618,-21733.4,32.4473,0.376911
6450000,40,175.712,-21729.9,43.1978,0.3614
6465000,60,261.767,-21726.7,67.0889,0.375667
6480000,50,221.688,-21732,48.2289,0.388267
6495000,57,243.823,-21736.2,57.9248,0.3804
6510000,48,196.917,-21747.3,55.9534,0.376333
6525000,46,208.183,-21765.7,41.3124,0.369613
6540000,44,188.758,-21758.9,37.2699,0.384867
6555000,49,221.829,-21759.7,47.4349,0.381933
6570000,50,219.938,-21768.8,46.1931,0.390467
6585000,48,194.293,-21759.9,41.4497,0.373333
6600000,56,244.249,-21763,58.8839,0.389
6615000,46,190.891,-21767.3,41.2639,0.380989
6630000,53,226.724,-21744,56.1133,0.379033
6645000,59,249.167,-21763,68.6396,0.3889
6660000,69,292.482,-21761.2,59.2519,0.399727
6675000,62,253.329,-21758.2,58.7265,0.411867
6690000,55,224.371,-21754.8,55.1803,0.401533
6705000,57,235.043,-21749.8,58.3565,0.386133
6720000,68,284.574,-21742.3,56.916,0.413067
6735000,53,237.177,-21739.2,58.2427,0.3806
6750000,68,286.702,-21754.7,72.9461,0.390808
6765000,56,252.141,-21747,56.6038,0.407667
6780000,51,235.165,-21748.7,54.7872,0.380533
6795000,67,261.105,-21732.4,73.1513,0.40776
6810000,63,251.974,-21754.1,78.8259,0.410378
6825000,54,228.452,-21718.1,57.9999,0.400667
6840000,70,287.18,-21751.1,63.9549,0.395633
6855000,60,262.549,-21736.8,81.5436,0.384067
6870000,53,233.232,-21756.2,56.5364,0.385867
6885000,42,188.625,-21760.3,35.0045,0.376562
6900000,52,224.031,-21756.2,54.5065,0.393173
6915000,54,248.875,-21747.8,43.8513,0.388067
6930000,43,194.974,-21746,45.8241,0.382133
6945000,51,206.331,-21735.8,50.3754,0.364467
6960000,65,274.532,-21761.2,57.4623,0.389467
6975000,66,279.199,-21734.4,68.9947,0.4072
6990000,48,211.849,-21745,56.0323,0.367289
7005000,72,310.118,-21730.8,75.6264,0.408633
7020000,76,328.327,-21701,73.9659,0.400467
7035000,71,316.459,-21712.1,63.7541,0.405733
7050000,57,259.713,-21727.4,81.813,0.3928
7065000,64,271.606,-21734.5,52.4808,0.399667
7080000,73,327.797,-21751.8,72.9083,0.418133
7095000,79,338.246,-21739.3,74.4789,0.412133
7110000,80,346.988,-21712.3,99.0043,0.411467
7125000,46,198.099,-21760.9,59.2375,0.359311
7140000,50,221.404,-21772.3,45.634,0.390596
7155000,47,204.44,-21761.2,47.5379,0.397667
7170000,51,220.866,-21768.4,65.5061,0.387733
7185000,46,194.502,-21757,49.4589,0.387
7200000,52,229.443,-21753,47.4809,0.359907
7215000,52,221.6,-21759.1,47.488,0.387967
7230000,66,284.28,-21733.4,65.4099,0.405567
7245000,44,191.766,-21744.7,49.2437,0.369511
7260000,54,228.943,-21714.9,45.3392,0.4016
7275000,65,293.005,-21712.7,54.3854,0.400667
7290000,68,301.512,-21731.2,84.877,0.399267
7305000,45,207.585,-21758,50.5589,0.398733
7320000,52,228.191,-21767.1,49.8656,0.396933
7335000,67,293.794,-21745.1,66.7966,0.410844
7350000,51,225.519,-21752.9,55.5408,0.397233
7365000,53,234.441,-21744.6,79.297,0.410633
7380000,46,194.366,-21760.2,53.2178,0.3929
7395000,53,245.82,-21756.6,41.3312,0.398267
7410000,59,250.122,-21728.7,63.1918,0.395178
7425000,61,273.132,-21730.5,60.8469,0.397067
7440000,68,296.049,-21745.1,73.9067,0.3938
7455000,55,238.074,-21747.3,51.308,0.396467
7470000,54,239.121,-21747.9,54.2076,0.396267
7485000,54,233.105,-21764.5,65.6554,0.397267
7500000,64,272.558,-21733.1,62.7162,0.393867
7515000,68,290.285,-21757.8,89.5387,0.412067
7530000,55,244.753,-21761.7,46.7867,0.378642
7545000,67,311.154,-21741.3,70.7057,0.417567
7560000,57,253.196,-21757.7,56.539,0.404467
7575000,57,247.646,-21752.7,41.958,0.407467
7590000,57,257.807,-21762.8,62.5087,0.404267
7605000,61,271.122,-21738,74.732,0.400612
7620000,63,296.126,-21745.4,64.6353,0.403733
7635000,55,230.933,-21729,61.3471,0.3946
7650000,69,313.83,-21743.1,59.7471,0.4046
7665000,53,224.723,-21748.9,54.733,0.386013
7680000,58,247.949,-21754.2,56.2848,0.3963
7695000,65,280.238,-21728.8,76.9206,0.405
7710000,50,209.516,-21774.5,42.6912,0.386622
7725000,60,234.61,-21750.7,51.9732,0.390152
7740000,54,240.246,-21748.7,55.7147,0.394911
7755000,52,217.842,-21748.7,63.3168,0.396333
7770000,57,251.699,-21754.1,53.0366,0.396289
7785000,56,236.68,-21778.1,57.8136,0.38552
7800000,62,276.432,-21749.9,67.8063,0.397689
7815000,44,196.007,-21776.9,38.664,0.392933
7830000,60,265.203,-21754.5,58.6744,0.403467
7845000,54,241.777,-21755.7,42.0364,0.389133
7860000,49,220.391,-21745.3,43.9226,0.3902
7875000,62,258.923,-21737.4,58.8003,0.392383
7890000,46,195.184,-21764.6,47.3902,0.390717
7905000,62,265.401,-21758.9,68.5802,0.392367
7920000,64,297.331,-21746.8,72.8188,0.4006
7935000,57,246.424,-21726,63.3582,0.40096
7950000,63,284.153,-21731.5,67.0821,0.4028
7965000,68,273.514,-21732.2,76.8866,0.402
7980000,58,247.364,-21740,43.2675,0.402507
7995000,68,291.903,-21727,67.438,0.405467
8010000,61,270.064,-21727.7,58.4778,0.392867
8025000,72,299.78,-21731.5,78.7732,0.411533
8040000,75,324.09,-21738.7,73.6147,0.408333
8055000,65,282.489,-21748.7,67.0682,0.400627
8070000,53,232.183,-21744.5,48.1855,0.413467
8085000,54,246.276,-21757.5,53.2429,0.388367
8100000,55,220.589,-21746.9,55.3353,0.400233
8115000,56,241.038,-21745.3,49.1385,0.398867
8130000,54,237.588,-21735.9,50.5463,0.4102
8145000,50,219.616,-21789.6,56.7182,0.398302
8160000,53,231.386,-21717.3,51.3057,0.386213
8175000,57,259.567,-21742.7,61.9306,0.388933
8190000,55,246.778,-21757,48.0205,0.39395
8205000,60,269.475,-21753.6,52.5656,0.388733
8220000,61,272.737,-21755.4,74.8156,0.403133
8235000,63,264.449,-21741.3,49.1461,0.3898
8250000,57,253.194,-21744.6,64.7805,0.398914
8265000,67,279.752,-21719.3,69.965,0.402311
8280000,60,288.378,-21757.2,54.0833,0.4009
8295000,55,242.54,-21730.7,53.6865,0.395967
8310000,61,251.618,-21746.1,57.2487,0.400756
8325000,56,233.696,-21773.3,48.9374,0.401889
8340000,65,274.886,-21731.6,77.7093,0.398967
8355000,53,217.745,-21750.3,52.0746,0.3933
8370000,76,317.429,-21734.6,75.5893,0.400967
8385000,57,244.967,-21760.8,60.6898,0.3929
8400000,50,205.477,-21737.3,54.63,0.404367
8415000,52,228.522,-21738.4,54.1844,0.3844
8430000,64,281.998,-21763.7,64.1706,0.3964
8445000,52,239.764,-21749.3,45.0936,0.3992
8460000,45,199.374,-21756.7,45.4964,0.388947
8475000,64,275.769,-21727.7,79.7211,0.39385
8490000,49,202.786,-21737.1,44.1456,0.387311
8505000,59,259.469,-21721.2,50.8088,0.3913
8520000,54,232.023,-21750.1,54.8753,0.3919
8535000,55,241.022,-21756.7,59.4462,0.393
8550000,72,305.798,-21727.3,80.2094,0.3992
8565000,62,285.645,-21732.6,56.2087,0.4226
8580000,62,273.883,-21737.4,58.0221,0.402413
8595000,69,309.686,-21719.9,78.2782,0.397033
8610000,65,274.67,-21775.4,67.7261,0.4067
8625000,44,197.214,-21769,37.4129,0.384709
8640000,62,264.67,-21752.9,67.4491,0.399956
8655000,60,260.04,-21738,67.3229,0.396133
8670000,59,262.625,-21762.9,47.0705,0.38835
8685000,49,212.756,-21756,47.2619,0.386767
8700000,50,213.694,-21780,56.7446,0.392356
8715000,57,244.38,-21773.4,50.0649,0.409289
8730000,50,229.598,-21756.4,58.4009,0.382222
8745000,52,240.909,-21762.4,54.4636,0.3736
8760000,58,252.074,-21775.1,60.1852,0.391267
8775000,52,208.731,-21774.6,46.7346,0.413267
8790000,63,279.828,-21738.2,53.1836,0.393978
8805000,60,263.484,-21734.5,54.2563,0.4064
8820000,50,228.451,-21754.8,38.5628,0.3879
8835000,56,248.027,-21726.4,56.4083,0.3856
8850000,59,257.183,-21732.3,45.8417,0.382733
8865000,61,274.816,-21739.4,70.4598,0.396467
8880000,61,273.109,-21751.5,57.4034,0.4094
8895000,59,252.614,-21767.5,62.0395,0.402642
8910000,55,237.098,-21745.5,56.1884,0.403633
8925000,59,242.938,-21738.4,53.2422,0.403333
8940000,49,219.212,-21740.1,54.3436,0.393067
8955000,52,232.545,-21776.9,69.3426,0.381147
8970000,49,225.689,-21758.9,45.053,0.399267
8985000,50,224.26,-21773.2,51.5271,0.391667
9000000,58,276.855,-21790.4,54.2484,0.394857
9015000,47,200.305,-21744.9,52.6917,0.395233
9030000,51,226.523,-21739.1,53.7246,0.372133
9045000,65,285.176,-21749,68.3172,0.391533
9060000,60,257.947,-21753.4,65.5723,0.4104
9075000,53,210.577,-21776.3,57.9054,0.390053
9090000,62,272.732,-21732.6,59.4873,0.402033
9105000,62,278.589,-21750.8,44.3988,0.396303
9120000,73,318.571,-21717.3,52.857,0.4013
9135000,57,256.771,-21777.9,65.743,0.4029
9150000,72,320.045,-21708.7,70.8103,0.3974
9165000,73,322.83,-21719.1,73.8314,0.406933
9180000,65,277.687,-21707.4,61.1863,0.398733
9195000,76,313.257,-21710.3,85.556,0.4024
9210000,81,354.688,-21718.9,78.945,0.395267
9225000,79,355.877,-21695.2,86.048,0.424
9240000,84,369.567,-21721.9,84.3,0.4192
9255000,78,344.682,-21726,63.6932,0.419733
9270000,57,246.313,-21735.7,60.9107,0.416733
9285000,65,292.096,-21722.1,56.1545,0.394361
9300000,63,289.708,-21743.3,74.8386,0.411267
9315000,65,290.672,-21737.9,69.5595,0.402733
9330000,61,263.947,-21720,51.2014,0.400467
9345000,65,286.715,-21742.7,61.1182,0.4026
9360000,61,267.633,-21751.8,58.0878,0.3968
9375000,54,231.297,-21783.3,44.2506,0.405296
9390000,53,230.446,-21758.5,50.1897,0.402356
9405000,55,233.543,-21729.4,56.4682,0.394244
9420000,70,312.482,-21720.8,67.9862,0.3984
9435000,59,267.648,-21736.3,73.6287,0.402467
9450000,51,231.62,-21749.2,64.5314,0.3941
9465000,64,282.834,-21761,78.9779,0.411433
9480000,58,251.695,-21763.1,55.4332,0.417667
9495000,55,236.107,-21767.4,46.0435,0.401133
9510000,67,300.19,-21742.3,68.1898,0.389317
9525000,50,216.163,-21765.6,54.4406,0.400367
9540000,58,260.236,-21729.1,53.2882,0.394533
9555000,59,262.408,-21729.7,54.4397,0.385133
9570000,59,258.781,-21769.5,73.2096,0.392089
9585000,61,260.934,-21714,60.3653,0.4019
9600000,56,248.933,-21777.6,54.6723,0.390325
9615000,61,265.273,-21738.4,71.7897,0.395533
9630000,66,285.759,-21753.2,63.6226,0.400667
9645000,51,234.883,-21740.9,43.2254,0.392787
9660000,50,228.13,-21757.1,60.2515,0.377733
9675000,56,260.8,-21744.5,64.3108,0.387267
9690000,63,287.805,-21752.1,59.9123,0.4048
9705000,65,290.431,-21762.4,79.5239,0.399507
9720000,57,240.836,-21761.7,56.6054,0.4
9735000,52,217.854,-21737.9,57.7946,0.391133
9750000,51,219.844,-21760,54.2375,0.384067
9765000,58,226.62,-21766,50.0851,0.407827
9780000,68,292.341,-21740.1,65.0133,0.4032
9795000,69,302.742,-21736.3,76.0936,0.402
9810000,55,240.821,-21749.8,64.1966,0.38925
9825000,51,217.771,-21754.8,42.0821,0.375333
9840000,50,207.513,-21756.8,39.4307,0.4034
9855000,63,276.976,-21733.9,65.3538,0.3947
9870000,57,259.584,-21731.9,57.203,0.386467
9885000,48,225.85,-21789,53.4511,0.404289
9900000,61,261.662,-21798.4,62.2525,0.389707
9915000,61,275.893,-21767.5,58.8169,0.407067
9930000,53,228.077,-21752.6,45.9118,0.397017
9945000,59,269.427,-21781.2,64.7791,0.399
9960000,45,189.288,-21762.6,43.8943,0.396667
9975000,61,267.118,-21773.3,64.1675,0.4124
9990000,47,209.846,-21795.7,55.8452,0.405933
10005000,67,288.621,-21757.1,78.6155,0.408422
10020000,63,283.865,-21740.5,53.1208,0.410667
10035000,60,266.584,-21735.3,62.9193,0.411133
10050000,54,245.009,-21754.7,42.4443,0.3942
10065000,56,252.229,-21773.2,65.1146,0.394289
10080000,65,288.039,-21754.5,62.0907,0.412133
10095000,57,253.737,-21761.9,43.3668,0.411
10110000,66,282.888,-21719.6,71.5159,0.411433
10125000,64,265.751,-21734.1,73.3507,0.403867
10140000,44,199.221,-21790.2,44.0143,0.413156
10155000,68,287.896,-21731,76.3894,0.405733
10170000,64,297.25,-21763.6,50.4833,0.4015
10185000,53,230.598,-21731.6,57.8345,0.404167
10200000,69,291.922,-21746.2,84.4484,0.408433
10215000,69,297.468,-21752.3,72.045,0.415867
10230000,67,302.567,-21739.1,62.474,0.416133
10245000,64,284.789,-21730.4,82.9728,0.397917
10260000,55,223.325,-21740.3,44.002,0.402933
10275000,61,263.364,-21752,50.9639,0.391533
10290000,59,254.578,-21735.8,55.5503,0.407733
10305000,60,272.374,-21748.3,60.5836,0.392333
10320000,37,156.21,-21800.2,31.9775,0.389906
10335000,50,217.77,-21744.5,69.0618,0.397167
10350000,53,241.074,-21773.6,49.4443,0.397867
10365000,45,207.799,-21790.3,43.6305,0.3986
10380000,67,285.313,-21735.2,62.8567,0.404278
10395000,65,270.117,-21729,80.186,0.395933
10410000,47,204.469,-21750.3,40.8419,0.389117
10425000,65,280.454,-21728.5,72.7354,0.397567
10440000,63,258.276,-21709.4,76.1598,0.395467
10455000,55,247.421,-21759,51.4998,0.385222
10470000,63,269.968,-21724,60.8921,0.397233
10485000,46,198.003,-21770.5,42.5211,0.403617
10500000,52,236.393,-21756,36.7933,0.388156
10515000,62,280.051,-21747.6,69.6602,0.407267
10530000,64,266.47,-21765.5,58.2424,0.3895
10545000,53,223.205,-21758.5,46.8343,0.406267
10560000,56,246.614,-21732.6,54.7695,0.406822
10575000,52,232.939,-21786.1,61.0269,0.398156
10590000,51,212.836,-21766.7,50.9135,0.3943
10605000,56,240.1,-21770,50.6544,0.4038
10620000,51,224.913,-21717.5,60.7799,0.380467
10635000,62,252.575,-21759.7,77.6276,0.4042
10650000,63,262.892,-21754.3,57.897,0.3994
10665000,73,311.433,-21761.5,75.0385,0.401333
10680000,56,242.142,-21758.7,50.4239,0.3986
10695000,59,239.952,-21759.8,41.526,0.412922
10710000,62,272.905,-21755.2,63.8191,0.389167
10725000,62,285.009,-21754.2,59.9782,0.397244
10740000,48,220.323,-21754.8,45.4228,0.3946
10755000,55,247.191,-21759.2,63.8475,0.387867
10770000,51,227.991,-21747.8,45.7105,0.3872
10785000,57,249.916,-21747.1,58.1863,0.397267
10800000,32,132.499,-21803.6,34.976,0.369922
10815000,50,218.452,-21751.7,59.3931,0.390442
10830000,69,302.869,-21754,68.0386,0.400067
10845000,54,238.156,-21755.5,66.5809,0.3954
10860000,61,261.608,-21744.1,64.2312,0.408667
10875000,54,240.175,-21764.2,45.1641,0.386467
10890000,39,177.917,-21791.1,50.1584,0.3893
10905000,40,173.798,-21743.5,35.0892,0.381167
10920000,56,235.325,-21758.1,49.5476,0.393556
10935000,55,223.685,-21758,48.3087,0.398667
10950000,51,224.51,-21798.2,58.7955,0.381467
10965000,54,245.293,-21763.8,54.7123,0.404517
10980000,51,230.355,-21764.8,48.2473,0.409133
10995000,38,167.105,-21778.3,38.7213,0.381933
11010000,39,167.105,-21763.9,38.7778,0.373467
11025000,51,232.322,-21758.9,47.0844,0.401867
11040000,62,270.936,-21738.3,50.8139,0.388
11055000,57,241.766,-21743.2,52.9998,0.3852
11070000,57,237.673,-21756.5,56.6145,0.412133
11085000,51,221.007,-21749.8,43.1475,0.406267
11100000,67,300.145,-21750.5,74.0143,0.399844
11115000,74,319.719,-21729.2,69.8619,0.3943
11130000,66,287.2,-21773.3,70.2762,0.3986
11145000,51,223.949,-21746.4,55.5632,0.407233
11160000,55,251.219,-21733.2,51.8068,0.387333
11175000,68,300.778,-21745.4,70.9507,0.403867
11190000,73,326.206,-21728.9,75.1346,0.386233
11205000,83,400.861,-21726.3,81.0145,0.420267
11220000,71,322.346,-21725.9,75.8043,0.400133
11235000,56,252.497,-21770.1,65.4881,0.413029
11250000,65,290.956,-21736.3,75.1921,0.411733
11265000,52,232.665,-21783.6,56.6319,0.398733
11280000,69,286.391,-21725.1,67.3199,0.404467
11295000,69,306.079,-21701.7,62.8898,0.4098
11310000,85,363.838,-21724.8,79.4031,0.4082
11325000,72,303.341,-21777.2,71.9232,0.4032
11340000,98,449.209,-21704.8,97.2497,0.413833
11355000,87,369.433,-21726.5,91.9767,0.425267
11370000,68,273.812,-21739.9,74.934,0.391627
11385000,78,345.586,-21728.9,64.6333,0.418267
11400000,88,410.777,-21747.4,94.2517,0.421444
11415000,73,314.165,-21731.6,83.8583,0.422333
11430000,57,245.794,-21732.2,51.5027,0.397489
11445000,76,337.949,-21758.1,88.6162,0.405433
11460000,56,240.856,-21746.2,52.512,0.3881
11475000,58,238.847,-21733.3,61.2843,0.385533
11490000,53,215.28,-21756.7,58.3065,0.408756
11505000,53,215.689,-21750,61.1519,0.393033
11520000,37,161.849,-21781.1,42.3695,0.401323
11535000,52,215.87,-21778.8,55.6857,0.396889
11550000,43,186.773,-21771.9,39.2599,0.3925
11565000,60,254.07,-21751.2,61.9753,0.403767
11580000,50,212.563,-21764,48.9343,0.397667
11595000,61,275.624,-21748.9,59.7614,0.409167
11610000,51,215.054,-21772.4,55.5507,0.4014
11625000,65,285.591,-21743.2,72.5561,0.399907
11640000,61,278.162,-21757.1,60.7866,0.4112
11655000,46,216.213,-21774.5,44.7136,0.403889
11670000,57,222.542,-21767.9,47.5444,0.403767
11685000,69,299.277,-21745.8,70.4817,0.407311
11700000,69,295.768,-21738.8,62.5978,0.4088
11715000,71,309.212,-21726.4,77.515,0.4158
11730000,73,313.253,-21732.5,74.3609,0.410267
11745000,54,223.661,-21746.1,55.5299,0.402667
11760000,59,252.41,-21771.4,75.7801,0.416267
11775000,55,243.129,-21774.9,46.9064,0.394233
11790000,65,287.08,-21771.1,66.769,0.4082
11805000,60,243.194,-21772.5,57.9591,0.413467
11820000,64,282.872,-21757.7,66.8063,0.406667
11835000,49,203.156,-21783.2,58.6762,0.410133
11850000,75,318.51,-21775.7,81.1732,0.423033
11865000,61,267.899,-21788,62.5179,0.416267
11880000,50,214.199,-21791,48.2786,0.405667
11895000,59,252.545,-21769.9,59.7233,0.40135
11910000,59,242.915,-21777.4,59.5063,0.3998
11925000,50,220.677,-21764.3,47.7628,0.404367
11940000,68,300.69,-21732.6,71.4598,0.398274
11955000,69,318.94,-21742.5,68.4387,0.407433
11970000,74,319.864,-21722.2,71.124,0.4144
11985000,63,284.318,-21749.6,53.2184,0.419167
12000000,62,274.065,-21722.3,55.2587,0.403133
12015000,54,234.227,-21774.1,50.7992,0.4034
12030000,63,272.439,-21724,72.6545,0.400633
12045000,51,219.124,-21753.1,49.517,0.394067
12060000,51,225.064,-21748.3,48.4419,0.410293
12075000,49,197.757,-21773.3,55.2826,0.394267
12090000,58,243.703,-21739,72.2218,0.395533
12105000,59,256.603,-21777.6,65.6435,0.4031
12120000,56,252.408,-21740,54.3793,0.418533
12135000,60,241.13,-21725.7,72.374,0.406333
12150000,61,247.389,-21760.9,75.2861,0.4077
12165000,67,290.327,-21756.8,65.7341,0.408267
12180000,56,251.889,-21761,61.0992,0.393158
12195000,54,234.156,-21753.6,46.3353,0.407933
12210000,63,286.548,-21757.8,53.5156,0.403578
12225000,57,239.191,-21752.6,51.1725,0.398267
12240000,50,218.95,-21765.1,34.1155,0.395
12255000,52,222.447,-21744.1,48.7446,0.407
12270000,58,229.377,-21763.7,75.0831,0.3986
12285000,59,254.327,-21754.3,54.683,0.401533
12300000,58,246.895,-21768.8,54.8467,0.4037
12315000,64,267.527,-21744.7,81.0446,0.39595
12330000,60,265.849,-21735.2,56.7948,0.3972
12345000,57,245.665,-21753.5,73.7268,0.411578
12360000,55,253.088,-21762.2,53.8544,0.391333
12375000,60,252.388,-21769.7,68.7273,0.403067
12390000,57,257,-21773,52.0127,0.403867
12405000,60,270.875,-21750.4,68.6003,0.402711
12420000,74,306.771,-21757.4,69.6113,0.4114
12435000,64,281.036,-21751.1,63.2198,0.409367
12450000,55,226.462,-21763.2,52.1213,0.412533
12465000,53,222.333,-21773.3,43.8121,0.40624
12480000,70,311.079,-21754,67.5186,0.4079
12495000,52,231.282,-21743.3,58.5178,0.3952
12510000,61,256.646,-21744,63.1849,0.396267
12525000,72,321.385,-21759.4,74.9455,0.412644
12540000,65,298.968,-21749.5,59.2887,0.410033
12555000,66,301.124,-21719.3,55.6403,0.412467
12570000,52,218.202,-21755.6,42.1547,0.398813
12585000,60,262.689,-21732.2,55.399,0.401533
12600000,50,211.076,-21762.9,60.3431,0.392507
12615000,62,270.474,-21718.5,67.6799,0.4044
12630000,58,252.775,-21724.9,43.5785,0.395
12645000,61,254.305,-21725.5,53.8015,0.399133
12660000,62,265.741,-21764.5,63.3628,0.401
12675000,58,250.654,-21735.4,65.2694,0.3936
12690000,52,225.283,-21762.8,51.0838,0.392044
12705000,51,215.225,-21734,41.2626,0.388667
12720000,41,184.195,-21795.9,50.3903,0.396147
12735000,51,197.54,-21758.5,52.1073,0.375711
12750000,55,237.976,-21714,57.3555,0.388467
12765000,50,213.884,-21762.5,37.8579,0.388267
12780000,66,288.799,-21723.7,74.3602,0.397067
12795000,66,277.676,-21720.2,69.559,0.3928
12810000,69,297.4,-21724,67.6896,0.404467
12825000,76,319.517,-21739.5,75.5216,0.403467
12840000,78,326.876,-21723.2,82.9565,0.415533
12855000,54,229.611,-21779.2,56.5795,0.401
12870000,77,315.021,-21735.7,84.6906,0.409733
12885000,70,311.288,-21750,73.999,0.4136
12900000,69,298.883,-21739.9,75.3539,0.417867
12915000,67,282.883,-21749.3,69.1468,0.4002
12930000,48,211.935,-21756.7,56.6107,0.393833
12945000,49,211.808,-21771.2,44.2478,0.3995
12960000,52,207.879,-21762,44.7368,0.3979
12975000,63,286.916,-21758.2,79.7231,0.401867
12990000,61,264.614,-21758,74.3098,0.397967
13005000,54,238.458,-21770,65.3447,0.3893
13020000,63,273.338,-21738.5,59.8952,0.400867
13035000,65,285.545,-21724.5,78.17,0.400133
13050000,67,297.211,-21746.3,75.0886,0.405267
13065000,57,240.54,-21767.7,68.1917,0.39408
13080000,60,264.381,-21735.2,47.9236,0.411467
13095000,52,228.684,-21784.1,60.2471,0.389033
13110000,63,279.986,-21729.2,62.6902,0.412433
13125000,51,217.282,-21743.6,60.9596,0.3948
13140000,56,271.555,-21769.2,65.1609,0.393644
13155000,74,351.928,-21752.3,76.1233,0.400533
13170000,66,272.614,-21726.3,75.3215,0.412333
13185000,59,261.488,-21741.3,66.6387,0.4076
13200000,67,291.611,-21738.1,78.9671,0.416533
13215000,67,289.758,-21749.4,71.9061,0.398733
13230000,63,288.915,-21761.5,65.7401,0.386211
13245000,87,382.023,-21726.1,106.471,0.417467
13260000,52,228.337,-21739.8,47.7365,0.404574
13275000,65,291.399,-21713.1,62.0642,0.4246
13290000,44,177.45,-21779.5,49.4852,0.399067
13305000,41,175.891,-21783.9,44.7479,0.4034
13320000,56,239.34,-21737.7,56.7501,0.395511
13335000,61,260.695,-21737,65.1642,0.394467
13350000,57,231.402,-21742.4,56.0539,0.390125
13365000,61,245.942,-21733.7,64.7749,0.407333
13380000,65,286.069,-21755.9,62.5994,0.401307
13395000,69,292.379,-21722.8,77.0727,0.40535
13410000,50,200.845,-21741.5,54.8598,0.3982
13425000,65,279.023,-21728.9,68.0749,0.385867
13440000,54,228.42,-21740.9,67.5841,0.3924
13455000,64,274.429,-21743.5,49.995,0.4007
13470000,52,219.704,-21742.7,54.0808,0.396781
13485000,57,253.679,-21742.3,49.4332,0.4025
13500000,72,322.484,-21730,63.1604,0.399
13515000,78,339.433,-21734.7,77.7338,0.409533
13530000,55,231.568,-21732,58.1414,0.3921
13545000,76,330.796,-21707.2,68.1919,0.403467
13560000,81,340.335,-21700.2,84.0396,0.4154
13575000,66,281.996,-21714.6,68.2084,0.402867
13590000,51,215.593,-21729.8,44.8871,0.38785
13605000,86,374.105,-21692.5,77.7408,0.401533
13620000,72,316.049,-21713.6,71.3088,0.4142
13635000,61,257.642,-21772.5,85.0182,0.408103
13650000,69,312.892,-21742.7,67.7468,0.4006
13665000,79,330.311,-21683.7,79.6788,0.405444
13680000,55,238.476,-21754,60.5227,0.391233
13695000,95,414.692,-21688,77.8369,0.4139
13710000,90,397.734,-21701.3,89.7003,0.4144
13725000,90,393.635,-21690.9,104.283,0.422133
13740000,73,318.973,-21753.4,71.8281,0.411019
13755000,101,455.454,-21706.4,115.379,0.4238
13770000,63,256.15,-21741.3,63.3802,0.391122
13785000,94,411.633,-21712.4,82.6191,0.420533
13800000,82,332.47,-21714.1,85.1867,0.424333
13815000,76,324.705,-21733.7,72.3426,0.414067
13830000,46,203.804,-21760,43.3879,0.3945
13845000,82,373.639,-21726.8,68.643,0.407467
13860000,74,325.2,-21733.5,75.5732,0.422733
13875000,38,164.811,-21773.8,34.9127,0.381956
13890000,56,235.327,-21728.3,52.7376,0.4025
13905000,54,240.887,-21742.2,59.3181,0.383833
13920000,57,258.945,-21765.6,58.593,0.404928
13935000,76,332.581,-21734,86.3324,0.408756
13950000,69,311.119,-21734.9,64.8456,0.4084
13965000,43,196.83,-21778,39.3861,0.390267
13980000,61,269.771,-21751.4,65.695,0.402867
13995000,59,248.667,-21752.9,57.8597,0.392533
14010000,59,257.242,-21741.4,67.5913,0.411933
14025000,62,279.643,-21757.5,64.049,0.3808
14040000,61,270.743,-21731.8,51.7837,0.398467
14055000,54,243.312,-21745.8,53.1179,0.404956
14070000,61,260.881,-21759.5,61.2381,0.4038
14085000,56,242.026,-21777.3,50.2766,0.411233
14100000,64,282.523,-21763.9,53.8973,0.4035
14115000,68,313.574,-21767.1,83.2586,0.399644
14130000,61,274.544,-21760.9,63.6532,0.420267
14145000,58,275.187,-21757.8,56.2901,0.414356
14160000,48,213.558,-21763.6,42.5414,0.384867
14175000,58,256.731,-21762.2,47.9155,0.402956
14190000,75,342.683,-21761.2,77.0074,0.403633
14205000,69,295.767,-21740.4,74.7804,0.419133
14220000,64,278.749,-21744.3,60.1267,0.407556
14235000,74,307.973,-21728.3,88.515,0.420267
14250000,75,334.618,-21748.6,69.9954,0.414733
14265000,58,256.539,-21728.3,60.6912,0.408217
14280000,65,290.629,-21718.1,76.1867,0.3974
14295000,68,293.301,-21757.2,89.0821,0.404156
14310000,61,255.204,-21734.1,66.4003,0.402067
14325000,82,358.615,-21735.1,82.1603,0.413067
14340000,84,376.65,-21752.7,65.4593,0.426333
14355000,69,282.71,-21734.1,65.0151,0.4188
14370000,72,317.204,-21720.2,72.2761,0.413022
14385000,77,333.529,-21693.9,91.6982,0.413133
14400000,74,316.262,-21709.3,67.4251,0.417667
14415000,87,379.593,-21724.4,85.6406,0.409733
14430000,84,374.145,-21726.5,90.3642,0.4262
14445000,72,297.842,-21755.9,63.3849,0.4094
14460000,64,267.584,-21740.9,68.5393,0.399684
14475000,76,324.439,-21764,81.6006,0.415311
14490000,67,297.908,-21727.6,66.3869,0.42
14505000,59,258.353,-21744.6,62.6796,0.407556
14520000,47,199.953,-21765.3,44.1305,0.4082
14535000,63,259.547,-21755.4,51.7108,0.4025
14550000,59,239.651,-21772.4,59.6239,0.41479
14565000,48,198.987,-21759.8,48.0721,0.408433
14580000,79,340.802,-21731.9,77.903,0.4138
14595000,70,283.63,-21730,81.6526,0.430067
14610000,64,264.96,-21744.4,51.4832,0.406933
14625000,75,335.778,-21738.7,56.9373,0.412933
14640000,76,328.79,-21759.4,78.5471,0.417333
14655000,60,251.483,-21748.4,58.1689,0.405689
14670000,66,291.423,-21720.4,69.354,0.4173
14685000,68,299.794,-21723.2,59.5353,0.411133
14700000,53,203.574,-21744.3,58.1022,0.409156
14715000,54,239.41,-21752.3,62.1907,0.396
14730000,54,237.768,-21749.9,50.1272,0.406224
14745000,54,217.995,-21761.8,50.3544,0.4086
14760000,70,307.288,-21740.6,95.0334,0.410433
14775000,58,253.643,-21773.6,58.5732,0.410833
14790000,54,217.542,-21775.1,68.7376,0.401733
14805000,84,344.975,-21744.4,85.4664,0.418767
14820000,63,264.271,-21723.2,60.019,0.40495
14835000,64,288.424,-21765.5,57.0603,0.4082
14850000,62,257.161,-21735.7,64.6844,0.406933
14865000,63,270.9,-21743.3,66.0754,0.397933
14880000,71,301.401,-21747.4,69.7118,0.406933
14895000,69,305.423,-21745.7,66.1706,0.4184
14910000,52,217.141,-21770.1,53.9644,0.405733
14925000,58,255.547,-21743.2,53.5421,0.39803
14940000,66,283.14,-21729.9,76.258,0.410733
14955000,73,311.386,-21719.5,68.9017,0.408117
14970000,69,292.334,-21735.8,58.1855,0.415067
14985000,64,290.309,-21720.4,55.6485,0.414133
15000000,42,178.599,-21789.7,34.9712,0.395067
15015000,55,239.479,-21752.7,63.9552,0.39716
15030000,71,302.914,-21731.7,76.2495,0.397311
15045000,68,288.096,-21732.9,66.2716,0.407667
15060000,70,292.41,-21736.1,66.2533,0.4054
15075000,62,267.363,-21750.7,71.7472,0.393833
15090000,89,379.275,-21722.2,78.8247,0.402567
15105000,92,367.511,-21710.6,93.0622,0.4226
15120000,69,288.926,-21730.8,71.4528,0.400983
15135000,86,377.626,-21742.6,92.1826,0.418767
15150000,77,343.898,-21724,95.3644,0.423467
15165000,62,272.839,-21754.7,52.083,0.410189
15180000,83,369.776,-21726.3,97.4337,0.412883
15195000,91,377.151,-21701.7,87.1311,0.415333
15210000,80,333.135,-21703.5,77.7977,0.414183
15225000,79,325.277,-21697.3,61.6486,0.411767
15240000,77,339.397,-21723.7,83.6894,0.401467
15255000,91,401.231,-21742.3,74.6595,0.4144
15270000,76,325.765,-21704.2,71.2897,0.402067
15285000,78,339.778,-21688.7,106.131,0.414333
15300000,75,345.999,-21705.9,78.8334,0.4164
15315000,60,272.041,-21729.8,65.6967,0.409867
15330000,72,319.983,-21739.8,81.0848,0.406258
15345000,77,324.56,-21748.8,77.6018,0.409467
15360000,53,239.652,-21745.8,45.1843,0.4096
15375000,64,272.725,-21727.2,57.6325,0.389367
15390000,60,261.232,-21766.9,77.5721,0.403653
15405000,65,297.199,-21758,55.301,0.402
15420000,72,299.797,-21721.8,67.8744,0.412067
15435000,61,273.606,-21759.3,58.9973,0.4053
15450000,73,327.074,-21714.5,79.0656,0.407233
15465000,74,311.022,-21748.3,72.3425,0.405133
15480000,64,252.537,-21762.2,81.817,0.398933
15495000,79,338.927,-21675.1,75.0917,0.4076
15510000,54,226.698,-21751.6,45.121,0.401142
15525000,57,258.74,-21764.5,63.5613,0.3836
15540000,70,290.306,-21719.1,81.4555,0.400622
15555000,78,324.846,-21730.2,76.9048,0.410467
15570000,70,310.46,-21728.7,94.0373,0.405433
15585000,58,234.732,-21725.1,50.3947,0.404933
15600000,54,238.027,-21770.8,53.9956,0.400347
15615000,72,304.389,-21688.6,77.8836,0.403133
15630000,83,367.317,-21715.1,70.4238,0.4062
15645000,61,269.819,-21727.6,51.0513,0.404867
15660000,63,275.925,-21748,58.5767,0.411733
15675000,48,207.64,-21754.3,41.9394,0.394456
15690000,51,220.11,-21760.2,55.4576,0.387867
15705000,54,245.874,-21767.5,55.1408,0.395533
15720000,64,277.158,-21727.7,68.5925,0.397183
15735000,66,271.741,-21725.2,58.0702,0.405
15750000,73,299.935,-21729.5,80.5788,0.404133
15765000,81,368.305,-21747.3,83.3334,0.4032
15780000,69,311.649,-21724,64.8696,0.409267
15795000,84,388.541,-21727.7,88.3333,0.411667
15810000,69,306.614,-21743.8,65.0732,0.398362
15825000,74,304.678,-21722.1,90.2268,0.4071
15840000,74,329.355,-21717.9,74.0344,0.400133
15855000,68,298.258,-21755.8,63.2652,0.4056
15870000,63,281.148,-21744.3,77.4787,0.401617
15885000,73,330.07,-21736,69.4238,0.399933
15900000,66,294.766,-21728.5,64.6311,0.4128
15915000,61,259.773,-21732.3,61.7414,0.4048
15930000,68,286.384,-21767.2,77.9692,0.40868
15945000,64,280.766,-21764.5,67.1846,0.414133
15960000,49,208.105,-21767.5,49.6163,0.4038
15975000,64,273.792,-21772.5,68.537,0.408933
15990000,60,256.375,-21746.7,54.7054,0.403947
16005000,76,343.512,-21761.7,59.1415,0.390602
16020000,65,262.974,-21786.2,78.9206,0.414
16035000,55,250.7,-21749.2,56.8859,0.40625
16050000,52,245.312,-21752.4,35.8717,0.394383
16065000,59,251.306,-21749.8,58.7009,0.3934
16080000,67,291.18,-21750.6,66.2602,0.392356
16095000,63,267.805,-21754.6,72.4203,0.408867
16110000,61,274.95,-21765.1,73.1039,0.4038
16125000,43,177.298,-21791.9,45.8405,0.401238
16140000,43,181.953,-21781.3,57.0201,0.406711
16155000,49,220.193,-21750.7,55.7431,0.387667
16170000,57,247.428,-21761.3,51.6911,0.4044
16185000,56,239.053,-21748.5,59.5819,0.409533
16200000,70,322.866,-21743.3,68.738,0.406467
16215000,62,275.348,-21756.5,76.3006,0.407133
16230000,60,266.785,-21747.3,58.1459,0.399
16245000,43,188.691,-21792.4,35.1911,0.390817
16260000,45,199.288,-21756.6,37.6874,0.394067
16275000,59,245.638,-21790.7,59.0585,0.4127
16290000,53,239.726,-21768.5,49.7623,0.396367
16305000,64,281.005,-21762.3,63.2122,0.413867
16320000,53,225.952,-21763.9,37.0727,0.3986
16335000,59,241.829,-21747.9,63.842,0.391467
16350000,58,253.263,-21799.4,54.1721,0.4034
16365000,68,296.497,-21768.2,87.195,0.408867
16380000,54,230.282,-21773.9,61.3697,0.399415
16395000,78,343.329,-21748.7,76.7822,0.419167
16410000,44,186.307,-21768.8,45.3363,0.401667
16425000,58,251.461,-21747.2,60.288,0.4107
16440000,56,230.759,-21742.1,49.6535,0.405433
16455000,51,225.428,-21738.7,42.1596,0.403333
16470000,68,301.682,-21739.7,77.3127,0.403289
16485000,61,262.21,-21730.9,65.5621,0.408167
16500000,71,319.606,-21741,52.7076,0.403267
16515000,83,344.539,-21742.2,76.1101,0.4202
16530000,90,386.719,-21723.7,82.0983,0.404425
16545000,88,406.117,-21740,95.1034,0.426933
16560000,78,342.867,-21739.2,85.3902,0.420627
16575000,67,301.814,-21704.9,58.3539,0.421233
16590000,73,329.992,-21735.5,71.058,0.416227
16605000,71,308.034,-21717.1,88.7516,0.420133
16620000,68,308.47,-21726.8,67.154,0.401844
16635000,65,285.118,-21730.9,74.2106,0.405667
16650000,72,312.353,-21729.3,71.8536,0.4194
16665000,57,233.986,-21738.8,60.4277,0.41745
16680000,73,303.507,-21699,74.8878,0.406133
16695000,67,269.817,-21714.1,76.0834,0.412933
16710000,82,323.931,-21706.4,81.3846,0.3962
16725000,71,315.225,-21721.6,83.5998,0.401933
16740000,81,340.646,-21731,80.972,0.4124
16755000,64,279.399,-21731,62.9332,0.4022
16770000,62,260.924,-21751.8,81.9608,0.40899
16785000,52,235.136,-21765.8,47.5328,0.41208
16800000,76,330.164,-21744.8,74.0812,0.406233
16815000,68,281.1,-21742,68.1825,0.414333
16830000,53,232.115,-21764.2,49.0382,0.396093
16845000,64,271.32,-21761.2,69.406,0.409367
16860000,38,165.349,-21783.3,32.147,0.388567
16875000,73,328.971,-21749.3,64.0231,0.411567
16890000,63,266.844,-21761.3,54.3778,0.415533
16905000,57,240.011,-21748.4,66.2825,0.408556
16920000,57,260.777,-21732.3,63.6942,0.391933
16935000,59,262.864,-21743.3,62.0874,0.407133
16950000,47,192.788,-21754.9,46.7181,0.4024
16965000,63,281.429,-21749,70.3156,0.4064
16980000,58,268.268,-21758.6,54.8446,0.405
16995000,47,194.228,-21754.3,55.369,0.400711
17010000,60,277.246,-21769.9,58.4562,0.4082
17025000,52,228.238,-21729.3,54.7508,0.394967
17040000,58,273.33,-21730.4,63.1764,0.4108
17055000,67,296.052,-21746,59.7773,0.394667
17070000,63,276.72,-21722.8,63.0553,0.398933
17085000,67,292.03,-21748.4,62.6895,0.4028
17100000,62,268.989,-21735,62.9268,0.4134
17115000,51,237.008,-21755.3,58.2605,0.393511
17130000,53,222.724,-21763,47.1442,0.403363
17145000,61,269.31,-21758.1,58.1922,0.402844
17160000,43,189.726,-21761.7,49.9091,0.392422
17175000,77,349.643,-21736.5,74.5814,0.401367
17190000,72,317.435,-21758.1,58.4934,0.4218
17205000,55,218.828,-21762.2,48.5789,0.39904
17220000,68,306.231,-21741.9,79.2072,0.406233
17235000,59,272.299,-21745.2,59.4623,0.400533
17250000,57,250.179,-21767.3,63.446,0.3898
17265000,47,208.572,-21768.4,40.2438,0.38939
17280000,55,244.423,-21752.4,65.2849,0.395867
17295000,44,180.123,-21802.5,53.535,0.3816
17310000,53,219.216,-21758.6,69.1206,0.3893
17325000,47,202.402,-21788.4,41.8209,0.388667
17340000,61,270.937,-21757.1,60.089,0.403433
17355000,46,202.282,-21789.5,48.6186,0.38188
17370000,62,270.008,-21741,63.4484,0.407533
17385000,63,273.899,-21749.2,69.5089,0.388533
17400000,53,232.665,-21746.5,58.6528,0.387747
17415000,51,222.114,-21775.9,60.0509,0.38405
17430000,48,200.201,-21764.3,56.4999,0.399444
17445000,66,284.858,-21728.9,73.7594,0.3882
17460000,63,257.83,-21716.3,68.5283,0.4226
17475000,50,208.207,-21750.7,47.7975,0.390683
17490000,51,225.917,-21756.6,50.7528,0.398233
17505000,51,219.834,-21756.9,56.5721,0.383667
17520000,53,230.361,-21731.3,53.8088,0.400867
17535000,48,214.128,-21760,42.1651,0.39432
17550000,63,283.452,-21729,56.2123,0.397067
17565000,60,271.826,-21733.8,44.9296,0.396733
17580000,73,308.378,-21745,67.0628,0.405267
17595000,68,296.031,-21737.7,56.8155,0.388658
17610000,71,322.414,-21732.3,75.8042,0.407333
17625000,66,279.237,-21714.7,67.0061,0.409333
17640000,65,294.694,-21763.8,53.5662,0.404022
17655000,82,348.811,-21715.7,92.191,0.4119
17670000,68,296.822,-21743.5,62.1595,0.416
17685000,62,265.896,-21684.6,67.6491,0.4046
17700000,71,287.966,-21691.9,72.0182,0.382267
17715000,47,203.031,-21783.5,49.8819,0.390467
17730000,62,272.043,-21731.6,68.1477,0.396233
17745000,60,249.843,-21705.4,54.256,0.389133
17760000,59,265.829,-21774.6,62.809,0.391556
17775000,81,349.248,-21705.5,83.6985,0.401233
17790000,84,372.4,-21704.4,72.9721,0.4162
17805000,65,273.973,-21733.9,59.9678,0.400067
17820000,81,358.076,-21721.9,79.0221,0.417633
17835000,49,211.552,-21771.8,47.2786,0.406183
17850000,70,277.376,-21714.9,79.6814,0.395067
17865000,85,356.475,-21703.4,76.777,0.4052
17880000,54,227.679,-21732.7,58.1991,0.386893
17895000,72,316.817,-21717.8,59.5089,0.415467
17910000,43,178.902,-21723.6,44.8703,0.385233
17925000,52,229.281,-21748.8,42.5809,0.391367
17940000,52,235.404,-21760,54.6686,0.377633
17955000,66,275.167,-21734.6,63.1695,0.398667
17970000,69,298.404,-21762.1,68.6397,0.401022
17985000,83,367.026,-21741.4,90.3708,0.424567
18000000,55,241.236,-21768.9,59.4937,0.39225
18015000,68,280.436,-21741.4,62.6679,0.417533
18030000,63,274.211,-21752.1,60.9308,0.406467
18045000,78,339.982,-21733.6,81.8071,0.422533
18060000,59,266.06,-21760,51.1529,0.401678
18075000,70,287.665,-21758.8,81.1878,0.411867
18090000,60,265.788,-21743.8,70.2304,0.387489
18105000,62,248.714,-21754.6,43.8032,0.4066
18120000,58,226.163,-21769.5,57.8375,0.399683
18135000,56,237.302,-21751.3,51.5695,0.403089
18150000,72,311.705,-21742.2,83.9272,0.4082
18165000,82,362.335,-21755.3,94.9816,0.4138
18180000,62,276.705,-21733.8,74.372,0.406333
18195000,65,280.038,-21769.1,63.112,0.404133
18210000,56,256.56,-21754,60.8323,0.40592
18225000,50,200.49,-21759.4,44.7885,0.41545
18240000,60,254.427,-21746.1,61.1211,0.404844
18255000,56,237.043,-21734.4,67.2168,0.395667
18270000,51,222.299,-21751.9,50.4132,0.406667
18285000,45,189.038,-21756.6,42.6381,0.3896
18300000,44,187.821,-21769.7,39.1151,0.397644
18315000,56,251.799,-21752.9,74.0924,0.400433
18330000,49,215.495,-21781.5,37.9471,0.3914
18345000,65,276.502,-21750.7,56.1057,0.4094
18360000,47,187.97,-21747.8,59.4706,0.4092
18375000,49,218.991,-21765.1,45.3788,0.392733
18390000,51,223.888,-21778.9,55.6702,0.3898
18405000,61,255.931,-21757.7,61.3038,0.397067
18420000,56,233.636,-21773.4,58.9717,0.414267
18435000,49,205.07,-21763.8,73.8443,0.403067
18450000,45,200.138,-21763.3,43.2767,0.391358
18465000,45,204.14,-21768,47.7909,0.3826
18480000,46,218.466,-21755.9,49.6052,0.387
18495000,47,205.865,-21792.4,52.4265,0.375617
18510000,53,235.454,-21764.1,59.0751,0.410133
18525000,57,265.014,-21774.5,62.0378,0.405
18540000,55,235.797,-21753.1,57.0262,0.388571
18555000,68,309.023,-21761.9,69.2525,0.415033
18570000,56,245.652,-21761.8,51.3226,0.402833
18585000,55,237.289,-21763.9,53.5578,0.4126
18600000,61,272.389,-21762.4,59.7441,0.4048
18615000,75,331.36,-21737.1,86.7156,0.412867
18630000,71,309.388,-21757.9,74.0411,0.419333
18645000,60,272.475,-21745.8,63.2343,0.410667
18660000,62,272.453,-21759.8,59.4824,0.404267
18675000,43,182.525,-21766.6,42.9639,0.399858
18690000,64,286.034,-21790.4,57.0469,0.407533
18705000,48,188.899,-21785.5,35.5064,0.411467
18720000,43,184.439,-21773.2,37.9903,0.388304
18735000,44,188.321,-21757.2,38.4962,0.386267
18750000,58,260.834,-21744.4,56.978,0.4018
18765000,74,332.744,-21756.2,65.3641,0.407933
18780000,84,375.16,-21739.8,91.8021,0.425533
18795000,77,348.989,-21751.4,78.6432,0.422667
18810000,73,319.099,-21771.6,79.3039,0.422867
18825000,73,301.984,-21741.7,72.5435,0.406587
18840000,50,209.301,-21783.6,50.8703,0.404481
18855000,37,143.015,-21778.9,40.7265,0.388533
18870000,66,283.737,-21718.8,63.7717,0.399778
18885000,63,289.51,-21719.7,54.4932,0.410867
18900000,68,304.793,-21721.8,91.31,0.409333
18915000,74,313.459,-21738.8,61.7472,0.4048
18930000,59,246.216,-21748.8,63.7045,0.407867
18945000,51,228.113,-21746,58.4775,0.393067
18960000,53,232.158,-21756,56.6822,0.407267
18975000,45,196.776,-21766.3,42.3045,0.390836
18990000,54,243.62,-21746.3,63.7016,0.398833
19005000,46,199.192,-21779.3,50.1761,0.397733
19020000,47,212.089,-21745.7,45.5228,0.395467
19035000,46,206.392,-21757.2,53.922,0.3948
19050000,59,234.518,-21778.1,45.9345,0.400844
19065000,51,217.339,-21781.4,42.176,0.420733
19080000,47,212.159,-21757,39.857,0.390048
19095000,60,258.394,-21755.9,55.346,0.402483
19110000,57,254.775,-21753.8,55.5011,0.4124
19125000,60,259.275,-21756,59.1134,0.409667
19140000,66,294.872,-21775.1,63.621,0.416747
19155000,52,209.964,-21751.3,53.039,0.407633
19170000,58,251.523,-21770.3,52.0049,0.402467
19185000,51,200.014,-21751.2,72.7468,0.394433
19200000,53,234.295,-21775.9,45.3086,0.39175
19215000,56,237.581,-21749.5,62.2074,0.404511
19230000,55,223.202,-21753.7,53.1927,0.3978
19245000,65,275.32,-21752.3,69.222,0.411
19260000,44,185.969,-21775.8,34.596,0.399187
19275000,42,191.612,-21787.6,44.978,0.383813
19290000,56,225.81,-21756.6,49.6565,0.3899
19305000,65,272.363,-21763.9,57.8884,0.398717
19320000,52,240.461,-21751.2,60.6792,0.405
19335000,46,172.027,-21772.1,42.2212,0.389383
19350000,46,211.393,-21749.4,42.2625,0.402822
19365000,57,251.827,-21772.6,55.1317,0.396
19380000,48,215.848,-21753,57.6182,0.395467
19395000,43,192.443,-21774.7,44.7719,0.398733
19410000,42,168.207,-21775,39.7831,0.3938
19425000,52,221.514,-21755.4,45.9526,0.3934
19440000,52,239.604,-21794.9,61.4651,0.392533
19455000,52,214.228,-21765.2,54.4761,0.3912
19470000,59,245.047,-21729.3,68.684,0.386467
19485000,66,288.99,-21740.8,65.7548,0.3978
19500000,49,222.727,-21794.8,47.6691,0.396783
19515000,57,260.996,-21752.2,58.4984,0.398533
19530000,54,236.949,-21765.7,53.0138,0.392733
19545000,61,267.188,-21747.6,59.4961,0.4002
19560000,66,289.58,-21748.1,66.9064,0.410667
19575000,61,259.644,-21722.6,53.6054,0.4026
19590000,67,288.35,-21743.3,75.5939,0.3996
19605000,63,277.358,-21730.8,68.983,0.4172
19620000,67,286.986,-21723.5,70.5046,0.415
19635000,56,222.835,-21736.2,60.1454,0.389356
19650000,70,307.042,-21722.3,70.5956,0.418167
19665000,70,282.701,-21743.3,74.1725,0.413233
19680000,47,204.459,-21777.5,53.2524,0.391298
19695000,57,252.384,-21734.6,55.441,0.394133
19710000,54,242.882,-21747.2,46.3418,0.390778
19725000,40,172.661,-21788.2,36.4895,0.384178
19740000,65,284.615,-21736.7,65.1968,0.395644
19755000,57,241.684,-21794.1,61.911,0.404267
19770000,56,244.863,-21739.8,52.3761,0.3982
19785000,41,182.877,-21809.4,43.7837,0.401867
19800000,58,263.072,-21751.3,48.8432,0.396833
19815000,46,199.559,-21787.5,47.2897,0.3909
19830000,47,215.693,-21786.1,36.5492,0.411667
19845000,48,211.083,-21788.3,53.9429,0.3886
19860000,48,226.653,-21796.5,36.2279,0.388933
19875000,67,296.934,-21734,80.8949,0.398
19890000,78,341.954,-21724.8,91.2144,0.414467
19905000,78,324.148,-21721,77.9564,0.424667
19920000,58,238.115,-21728.8,54.82,0.403133
19935000,50,228.452,-21764.1,46.6686,0.40336
19950000,40,182.42,-21760.1,41.567,0.385444
19965000,60,250.615,-21730.5,56.4393,0.401067
19980000,60,256.516,-21766.3,63.3432,0.397956
19995000,67,299.398,-21758.1,56.4519,0.393067
20010000,58,270.067,-21752.8,58.4354,0.3996
20025000,59,272.089,-21764.3,57.3452,0.396133
20040000,59,266.464,-21734.4,46.8468,0.408533
20055000,58,256.338,-21759.2,54.8697,0.399133
20070000,49,208.536,-21797.5,53.1609,0.38865
20085000,58,257.977,-21750.5,58.3958,0.3989
20100000,75,334.257,-21739,84.0508,0.404689
20115000,63,272.023,-21724,62.125,0.392033
20130000,75,317.36,-21710.4,59.3344,0.409467
20145000,48,209.299,-21774.2,49.8647,0.40788
20160000,84,391.468,-21736.9,60.4258,0.400267
20175000,76,329.097,-21720.6,71.4882,0.418067
20190000,76,346.922,-21725.1,84.5416,0.4084
20205000,71,319.562,-21726,70.7187,0.399
20220000,64,280.762,-21714.6,60.5932,0.404067
20235000,65,310.547,-21720.1,72.7617,0.405533
20250000,75,324.536,-21725.3,81.2545,0.397733
20265000,56,234.522,-21782.3,62.0645,0.408745
20280000,71,303.858,-21727.6,81.2101,0.401833
20295000,60,267.845,-21713.9,46.7147,0.392533
20310000,56,252.814,-21738.5,51.1627,0.391733
20325000,55,256.886,-21768.1,44.1333,0.404367
20340000,58,249.849,-21759.2,58.9794,0.399862
20355000,69,301.923,-21747.3,75.6347,0.401911
20370000,79,344.498,-21747.9,73.035,0.424
20385000,66,297.721,-21749.5,62.3779,0.41
20400000,71,297.246,-21753.4,67.914,0.415517
20415000,61,276.908,-21741.1,52.812,0.416744
20430000,64,291.145,-21760,61.7948,0.4118
20445000,60,263.987,-21763.9,70.2744,0.4091
20460000,60,265.02,-21760.7,64.388,0.398967
20475000,63,259.706,-21750.9,51.401,0.400533
20490000,47,210.706,-21770.5,51.7019,0.395067
20505000,60,249.733,-21752.5,55.6224,0.400667
20520000,55,230.366,-21749.9,46.6387,0.398992
20535000,67,306.345,-21751.7,56.8671,0.403822
20550000,52,226.451,-21770.5,44.7073,0.410667
20565000,55,247.997,-21785.9,54.9247,0.3968
20580000,55,261.225,-21767.3,55.6092,0.399213
20595000,46,202.768,-21772.9,44.6568,0.370733
20610000,59,252.64,-21776.1,56.1064,0.405
20625000,47,213.233,-21783.2,51.1498,0.392267
20640000,80,350.404,-21745.2,98.8609,0.414667
20655000,72,301.624,-21759.7,59.3523,0.429267
20670000,48,207.548,-21773.3,44.7919,0.398489
20685000,58,252.016,-21763.9,74.4813,0.397667
20700000,60,259.644,-21752.5,57.8446,0.413689
20715000,55,221.845,-21759.5,49.9356,0.400733
20730000,45,194.853,-21781.1,46.5394,0.396133
20745000,56,245.219,-21771.2,65.0414,0.399267
20760000,55,245.147,-21783.3,63.6194,0.374333
20775000,52,225.325,-21782.4,61.4858,0.414333
20790000,36,142.139,-21801.6,30.8347,0.38315
20805000,54,252.707,-21790.9,34.5179,0.4094
20820000,51,228.137,-21783.8,58.9552,0.38716
20835000,40,178.815,-21792.3,37.0137,0.39
20850000,52,240.461,-21776.7,56.8643,0.399983
20865000,44,210.533,-21778.7,40.3623,0.3711
20880000,44,201.445,-21784.7,41.6785,0.372333
20895000,53,226.525,-21778.1,49.4845,0.387089
20910000,52,214.155,-21744,53.1898,0.3897
20925000,56,250.914,-21763.3,49.9888,0.394933
20940000,56,239.597,-21774.4,58.33,0.3988
20955000,51,215.91,-21766.1,61.6015,0.406233
20970000,59,242.247,-21751.6,57.8326,0.408433
20985000,54,232.81,-21762.3,49.9979,0.409667
21000000,56,231.157,-21766.4,63.4397,0.4132
21015000,61,267.536,-21741.3,68.696,0.404733
21030000,64,279.39,-21740,71.5932,0.410667
21045000,41,167.01,-21775.5,41.2845,0.408187
21060000,60,255.205,-21754.5,68.0593,0.4152
21075000,54,210.596,-21722.4,54.5007,0.401067
21090000,55,241.425,-21717.5,58.9214,0.3992
21105000,70,311.304,-21728,68.5818,0.410267
21120000,57,249.868,-21727.8,49.904,0.410467
21135000,54,222.054,-21772,50.7305,0.402427
21150000,64,258.859,-21719.6,84.156,0.396267
21165000,58,259.167,-21767.7,56.1547,0.394576
21180000,68,280.301,-21718.7,72.8459,0.396033
21195000,74,300.398,-21715.8,73.5768,0.4018
21210000,69,281.487,-21733.7,76.967,0.417
21225000,64,272.323,-21725.2,75.9879,0.4038
21240000,69,298.526,-21714.7,75.5139,0.402067
21255000,65,265.178,-21746.6,54.8434,0.405733
21270000,58,244.065,-21718.9,57.2213,0.3913
21285000,76,333.891,-21697.4,79.9471,0.3878
21300000,65,273.472,-21752.4,63.1105,0.403067
21315000,80,349.671,-21750.4,66.7014,0.4196
21330000,71,287.06,-21695.6,64.4669,0.397022
21345000,73,329.175,-21695.6,81.0239,0.401133
21360000,77,341.858,-21692.9,74.166,0.399067
21375000,88,404.604,-21688.2,83.1439,0.404467
21390000,61,268.135,-21735.6,58.6956,0.398253
21405000,73,303.945,-21699.1,57.6102,0.4104
21420000,76,328.594,-21727.3,73.5398,0.394133
21435000,64,286.249,-21733.5,64.677,0.398
21450000,71,314.603,-21716.2,68.3337,0.3998
21465000,72,317.536,-21721,65.2965,0.4068
21480000,70,319.905,-21723.9,71.9129,0.409667
21495000,78,337.213,-21702.2,69.4812,0.404
21510000,80,358.704,-21723.3,83.0214,0.413133
21525000,67,287.957,-21715.6,72.4208,0.4066
21540000,53,231.47,-21706,54.3167,0.397467
21555000,71,293.606,-21711.4,68.6243,0.398933
21570000,64,270.557,-21703.2,66.2144,0.398533
21585000,57,237.023,-21759.6,59.9052,0.400185
21600000,79,322.019,-21718.2,82.9918,0.403267
21615000,57,247.813,-21751.8,57.028,0.4
21630000,68,299.358,-21718.1,67.8963,0.398367
21645000,63,280.739,-21719.6,61.2427,0.397467
21660000,60,268.858,-21751,57.3627,0.398743
21675000,59,249.031,-21744.7,52.7893,0.394367
21690000,61,279.006,-21740.7,55.1967,0.393933
21705000,47,187.965,-21741,43.7065,0.388633
21720000,53,244.52,-21747.9,52.3372,0.39245
21735000,64,283.736,-21757,60.4208,0.398933
21750000,59,262.277,-21735.8,53.9816,0.3985
21765000,55,235.429,-21744.1,48.798,0.396867
21780000,53,242.532,-21738.7,44.6897,0.4085
21795000,83,375.487,-21761.2,67.7841,0.405533
21810000,67,280.488,-21741.8,59.4442,0.394756
21825000,54,237.564,-21739.2,53.0209,0.408667
21840000,67,286.181,-21728.3,62.5314,0.415178
21855000,72,294.043,-21745.1,75.879,0.406767
21870000,80,355.196,-21731.7,76.6035,0.4193
21885000,67,291.702,-21746,80.0277,0.397293
21900000,60,260.328,-21751.6,45.7892,0.409489
21915000,81,338.498,-21755.9,74.7801,0.419822
21930000,74,318.155,-21733.2,82.0674,0.408467
21945000,59,250.589,-21760.4,65.768,0.4069
21960000,68,295.97,-21744.7,59.6971,0.4032
21975000,73,326.946,-21741.6,70.3548,0.411667
21990000,60,252.442,-21724.3,57.8486,0.401356
22005000,46,194.363,-21743.6,41.6468,0.385867
22020000,39,174.897,-21781.6,29.9744,0.396467
22035000,47,202.129,-21756.1,45.8888,0.40085
22050000,55,244.202,-21758.4,49.1388,0.403333
22065000,44,198.951,-21793.8,42.1289,0.3984
22080000,68,291.339,-21749,75.0003,0.394893
22095000,47,196.766,-21763.5,44.3807,0.406644
22110000,50,207.282,-21785,43.0219,0.401444
22125000,53,235.555,-21793.9,51.7855,0.410267
22140000,52,224.045,-21793.2,46.7953,0.401267
22155000,55,229.436,-21761.6,52.9584,0.39808
22170000,67,295.106,-21754.4,68.2155,0.3936
22185000,50,224.285,-21764.2,42.5251,0.3968
22200000,46,188.042,-21774.6,41.8988,0.400433
22215000,42,190.821,-21779.3,29.5516,0.388633
22230000,42,187.047,-21798.9,42.696,0.3908
22245000,52,229.327,-21769.3,52.8264,0.394573
22260000,62,271.355,-21767.5,49.4728,0.4112
22275000,61,264.645,-21761.5,49.4464,0.415067
22290000,67,291.421,-21750.5,80.5911,0.397533
22305000,71,298.228,-21754.8,76.9127,0.4136
22320000,59,258.124,-21775,50.9704,0.394117
22335000,57,244.311,-21766,53.8136,0.404914
22350000,47,206.614,-21778.9,65.4027,0.387333
22365000,48,201.935,-21766.7,44.2323,0.410333
22380000,58,239.11,-21762.7,58.5691,0.406067
22395000,66,276.568,-21759.6,67.0238,0.4118
22410000,67,277.084,-21726.2,60.4529,0.414467
22425000,77,329.417,-21758.1,68.6566,0.417733
22440000,67,295.429,-21740,82.175,0.405141
22455000,50,224.924,-21757.5,52.2088,0.400867
22470000,73,314.42,-21735.3,66.9349,0.421622
22485000,59,267.548,-21773.7,71.6273,0.404267
22500000,59,237.341,-21735.2,63.2419,0.411833
22515000,51,216.826,-21745.3,42.2931,0.389967
22530000,54,242.018,-21773.3,57.9551,0.402433
22545000,55,233.85,-21757.8,57.4011,0.388067
22560000,58,242.931,-21748.3,65.8668,0.406267
22575000,58,245.471,-21728.6,50.6185,0.397733
22590000,62,274.965,-21766.4,79.6976,0.398274
22605000,61,253.352,-21733.9,54.1359,0.3942
22620000,51,224.159,-21766.9,54.5271,0.391333
22635000,51,226.109,-21764.6,54.0024,0.393867
22650000,57,250.67,-21756.1,66.2907,0.387867
22665000,54,242.173,-21785.3,49.4803,0.4162
22680000,47,209.312,-21782.5,62.0768,0.3942
22695000,50,222.832,-21775.4,57.156,0.401874
22710000,46,206.759,-21780.5,32.3993,0.387233
22725000,52,227.844,-21762.7,50.7104,0.406733
22740000,46,205.711,-21785.8,48.0795,0.3962
22755000,37,173.033,-21798.3,36.0251,0.387
22770000,65,280.657,-21754,62.5642,0.401133
22785000,75,338.077,-21760.1,77.9411,0.4146
22800000,36,162.72,-21798,31.3271,0.382578
22815000,47,201.293,-21742.5,37.0866,0.395967
22830000,58,256.386,-21771.6,58.0456,0.3946
22845000,58,240.19,-21775.8,68.0163,0.408
22860000,48,217.278,-21747.6,46.1956,0.38285
22875000,54,246.558,-21747.8,54.0048,0.396
22890000,63,281.881,-21776.6,69.7832,0.404044
22905000,65,280.693,-21774.8,61.6205,0.395847
22920000,56,239.877,-21780.6,75.0304,0.402833
22935000,47,203.669,-21764.3,47.6463,0.3949
22950000,48,191.338,-21798.9,68.3716,0.396833
22965000,53,219.393,-21749.2,54.5,0.388667
22980000,50,216.511,-21763.7,58.229,0.385267
22995000,57,247.185,-21730.5,49.7327,0.379592
23010000,58,241.334,-21750.5,58.6578,0.4006
23025000,67,296.613,-21739.1,69.5744,0.402267
23040000,52,218.035,-21735.7,49.7569,0.402617
23055000,69,297.944,-21748.5,65.8336,0.393533
23070000,50,201.996,-21781.6,48.7381,0.3993
23085000,55,233.609,-21737.6,70.3899,0.407433
23100000,65,294.625,-21768.3,55.9469,0.400467
23115000,64,280.396,-21746,71.022,0.408467
23130000,55,250.003,-21761.6,49.7252,0.3914
23145000,51,220.506,-21782.9,56.3496,0.3928
23160000,62,286.378,-21740.4,56.8007,0.410244
23175000,60,255.882,-21764.3,51.4122,0.406305
23190000,48,188.364,-21775,50.3472,0.391556
23205000,45,184.631,-21785.2,43.636,0.3876
23220000,72,317.865,-21737.7,65.0669,0.4023
23235000,68,307.286,-21739.2,58.5446,0.416867
23250000,78,335.382,-21727.8,77.4695,0.411467
23265000,46,208.97,-21769.3,41.1859,0.38715
23280000,51,221.9,-21754.3,48.2771,0.389267
23295000,53,239.529,-21765,57.9542,0.390133
23310000,55,232.091,-21774.9,53.627,0.400911
23325000,60,255.637,-21737.9,63.1836,0.395573
23340000,63,268.677,-21755.7,77.9423,0.403333
23355000,60,272.429,-21762.4,60.233,0.409933
23370000,69,294.967,-21717.4,68.2747,0.399733
23385000,68,294.274,-21730.7,74.794,0.406467
23400000,68,278.656,-21738.5,74.9906,0.411267
23415000,55,236.765,-21753.8,48.8551,0.4029
23430000,55,238.227,-21713.1,50.2596,0.386067
23445000,62,262.838,-21718.4,56.6326,0.386333
23460000,61,266.283,-21766.8,58.9609,0.404978
23475000,63,284.684,-21769,65.1735,0.4246
23490000,67,288.921,-21767.4,68.2154,0.4096
23505000,52,230.824,-21750.6,58.3666,0.397733
23520000,49,212.157,-21740,50.3398,0.381067
23535000,50,225.861,-21755.2,52.3776,0.372733
23550000,58,252.644,-21747.9,60.8088,0.392424
23565000,57,255.6,-21743.8,56.3666,0.3871
23580000,55,254.625,-21757.5,48.3844,0.397533
23595000,56,241.063,-21753.6,61.8485,0.387833
23610000,54,214.959,-21770.8,56.5834,0.395617
23625000,69,290.859,-21732.9,69.6696,0.397167
23640000,61,289.418,-21740.7,53.6223,0.3972
23655000,48,191.646,-21786,51.5815,0.386
23670000,62,267.201,-21749,60.8888,0.3901
23685000,67,289.612,-21771,71.4191,0.4028
23700000,75,309.455,-21765,73.0176,0.4196
23715000,73,295.156,-21741.9,78.9607,0.420867
23730000,68,291.705,-21769.7,77.3518,0.4022
23745000,84,372.363,-21753.3,77.9868,0.426067
23760000,64,289.024,-21743.3,75.47,0.408494
23775000,70,296.815,-21765.5,64.8398,0.424133
23790000,62,277.436,-21743.2,64.2473,0.4011
23805000,45,196.934,-21782.3,47.4263,0.3971
23820000,50,221.58,-21748.7,66.5786,0.3911
23835000,62,243.758,-21746.4,62.0843,0.412389
23850000,52,241.843,-21772.6,60.3031,0.387822
23865000,42,175.556,-21766.2,33.6805,0.397333
23880000,48,207.812,-21763.7,43.7706,0.384017
23895000,53,236.863,-21747.6,53.72,0.395467
23910000,69,299.716,-21725.3,57.6247,0.406867
23925000,47,226.394,-21752.7,47.8327,0.394633
23940000,86,370.954,-21727.9,97.2238,0.406767
23955000,73,321.362,-21734.1,74.4679,0.415667
23970000,79,327.848,-21739.9,87.9121,0.419333
23985000,81,364.853,-21711.6,91.0099,0.409
24000000,79,336.438,-21712.9,75.702,0.409333
24015000,76,322.425,-21718.8,80.5578,0.403133
24030000,55,250.914,-21730.9,55.7691,0.390771
24045000,62,282.411,-21747.9,59.2434,0.398733
24060000,56,237.366,-21746.3,56.3516,0.403315
24075000,67,291.836,-21731.2,65.0409,0.403167
24090000,66,292.176,-21747.1,61.1138,0.396667
24105000,58,248.199,-21732.4,47.8406,0.397917
24120000,69,297.991,-21726.7,66.9273,0.402089
24135000,80,344.307,-21735.4,83.5056,0.413867
24150000,77,353.949,-21730,78.1227,0.4076
24165000,70,315.006,-21745.3,66.8465,0.412733
24180000,46,208.109,-21743.1,50.1605,0.389013
24195000,60,253.598,-21708.4,61.7516,0.393467
24210000,61,260.483,-21698.7,75.0341,0.399717
24225000,73,323.751,-21703.7,69.0578,0.3864
24240000,70,312.577,-21693.6,69.9203,0.408533
24255000,70,302.828,-21687.2,87.9715,0.388383
24270000,79,333.179,-21692.1,78.3924,0.4076
24285000,66,284.153,-21693.3,54.9494,0.401289
24300000,73,310.947,-21691.8,73.9936,0.379867
24315000,66,285.09,-21711.2,68.9965,0.400422
24330000,60,260.809,-21712.1,65.3386,0.3868
24345000,72,309.779,-21714.8,79.7842,0.405022
24360000,67,270.503,-21689.3,63.2271,0.400467
24375000,67,304.961,-21715.8,84.582,0.4
24390000,84,363.561,-21717.2,96.854,0.412244
24405000,75,330.387,-21728.5,68.002,0.399567
24420000,66,291.346,-21740.4,56.9824,0.393733
24435000,68,281.519,-21728.5,71.7304,0.396867
24450000,63,271.125,-21744.5,65.0943,0.392533
24465000,71,310.028,-21730.4,77.3227,0.410333
24480000,64,283.614,-21749.6,57.8061,0.400333
24495000,66,299.688,-21739.6,72.0969,0.4032
24510000,69,311.902,-21734,61.5101,0.408667
24525000,71,313.137,-21747.1,57.562,0.408067
24540000,67,286.685,-21737.8,69.9212,0.410333
24555000,60,263.316,-21728.5,56.0538,0.404
24570000,52,225.05,-21755.4,54.7781,0.397067
24585000,37,151.054,-21790.7,30.8784,0.388419
24600000,56,246.418,-21737,74.8032,0.386733
24615000,78,348.943,-21726,84.1231,0.4084
24630000,64,293.351,-21731.8,70.9672,0.402067
24645000,70,300.789,-21734.5,71.2619,0.408267
24660000,63,276.571,-21745.5,68.046,0.3992
24675000,57,255.503,-21760.7,49.0267,0.39724
24690000,69,289.112,-21727.2,68.9042,0.3943
24705000,81,364.635,-21737.5,74.6206,0.415667
24720000,72,309.447,-21731.7,81.9334,0.4084
24735000,56,247.162,-21762.2,57.3997,0.40625
24750000,58,248.279,-21761.2,65.5465,0.4065
24765000,56,243.084,-21777,58.6076,0.4084
24780000,71,301.067,-21746.7,73.8172,0.412467
24795000,58,238.337,-21780,59.5706,0.399733
24810000,48,205.111,-21777,52.1497,0.396911
24825000,53,239.089,-21755.3,57.4256,0.390667
24840000,56,236.381,-21768.3,56.4596,0.395533
24855000,47,204.395,-21775.9,43.7998,0.4034
24870000,52,217.599,-21762.9,45.0588,0.384483
24885000,49,198.872,-21760.7,50.6332,0.395467
24900000,72,320.71,-21775.4,75.1751,0.404037
24915000,57,235.452,-21778.6,62.4856,0.403567
24930000,41,169.866,-21785.6,40.6403,0.4072
24945000,48,198.475,-21799.9,41.4385,0.4012
24960000,47,210.334,-21772.8,37.4404,0.389667
24975000,55,238.148,-21760.8,52.2739,0.402133
24990000,53,227.548,-21768.4,51.3711,0.388173
25005000,39,169.779,-21771.5,34.4489,0.391667
25020000,67,281.38,-21737.7,57.8346,0.409511
25035000,62,263.216,-21737.7,64.6727,0.4158
25050000,60,252.413,-21729.9,68.2976,0.404667
25065000,79,333.591,-21727.7,73.9674,0.411667
25080000,74,335.978,-21733.8,60.7942,0.415667
25095000,65,285.516,-21745.7,72.8911,0.409333
25110000,62,264.547,-21757.3,60.524,0.395286
25125000,56,251.688,-21766.9,62.1966,0.4079
25140000,54,235.78,-21758.2,50.3723,0.4016
25155000,57,258.545,-21757.2,67.3585,0.397822
25170000,48,204.971,-21747,43.672,0.385273
25185000,42,180.111,-21775.3,40.1934,0.3834
25200000,48,205.441,-21772.9,39.3527,0.3888
25215000,64,270.464,-21750.7,60.4627,0.407053
25230000,45,176.894,-21778.6,42.7903,0.384333
25245000,56,240.523,-21761.7,61.161,0.399367
25260000,48,207.461,-21760.1,56.5784,0.381233
25275000,53,216.479,-21759.9,52.8769,0.403833
25290000,42,187.375,-21767.6,38.3017,0.3729
25305000,61,273.751,-21773.6,64.7035,0.402767
25320000,56,234.695,-21747.8,57.7429,0.390224
25335000,44,188.844,-21752.9,49.1001,0.390867
25350000,61,262.674,-21759.1,69.8179,0.410778
25365000,42,180.547,-21751.7,39.4752,0.392933
25380000,58,257.104,-21736.9,62.1772,0.410467
25395000,68,293.564,-21764.4,80.1114,0.414
25410000,68,295.099,-21752.8,67.3735,0.4202
25425000,70,321.042,-21737.7,92.3929,0.419467
25440000,70,303.143,-21768.4,68.563,0.428133
25455000,61,271.432,-21743.3,65.2643,0.416133
25470000,70,316.96,-21749.4,62.5006,0.407133
25485000,63,265.948,-21763.2,81.4416,0.390508
25500000,50,218.343,-21777.9,43.836,0.408933
25515000,71,321.62,-21740.9,66.9091,0.39806
25530000,73,321.986,-21726.3,59.7715,0.409933
25545000,60,251.289,-21745.3,53.6497,0.405733
25560000,64,276.243,-21749.4,69.0259,0.413133
25575000,64,285.03,-21731.2,62.5325,0.404311
25590000,56,242.702,-21738.6,53.1031,0.393
25605000,57,255.931,-21749.3,58.1048,0.386867
25620000,49,192.916,-21747.6,44.7699,0.406273
25635000,50,204.286,-21779.3,57.6769,0.401147
25650000,57,240.948,-21763.6,52.6578,0.394333
25665000,52,221.982,-21772.7,44.2191,0.401733
25680000,55,226.537,-21751,47.3615,0.403578
25695000,52,223.884,-21752.9,51.2427,0.389667
25710000,43,173.361,-21759.7,43.1666,0.397811
25725000,56,243.167,-21743.1,62.8216,0.3947
25740000,53,229.809,-21764.7,54.4403,0.38352
25755000,75,303.859,-21727.6,92.3255,0.392978
25770000,75,319.677,-21752.1,73.5504,0.410933
25785000,56,243.726,-21749.4,55.0541,0.400778
25800000,59,258.693,-21763.8,65.9921,0.409693
25815000,67,307.581,-21750.4,65.9814,0.405533
25830000,54,242.176,-21734.9,48.0743,0.4068
25845000,61,267.13,-21763.6,54.9468,0.39564
25860000,38,157.017,-21800.1,31.48,0.38156
25875000,56,240.801,-21787,57.0428,0.395467
25890000,61,259.645,-21774.2,47.2782,0.407
25905000,55,221.285,-21762.7,53.0954,0.4026
25920000,63,273.992,-21759.9,60.4582,0.411933
25935000,43,176.002,-21790.4,44.332,0.38368
25950000,62,275.568,-21761.9,54.6682,0.408038
25965000,59,259.1,-21763.2,73.6911,0.4194
25980000,51,221.692,-21773.8,58.497,0.415667
25995000,38,149.134,-21771.9,44.2772,0.402493
26010000,52,235.324,-21749.5,48.8541,0.393133
26025000,50,217.337,-21783.1,41.646,0.373767
26040000,49,208.126,-21801.7,50.5898,0.391133
26055000,51,212.422,-21768.4,44.9733,0.380158
26070000,41,172.84,-21777.1,42.227,0.39025
26085000,44,172.315,-21777.6,39.6309,0.387633
26100000,55,247.792,-21767.2,62.5526,0.392467
26115000,41,170.83,-21780.9,44.7872,0.368107
26130000,51,224.798,-21772.6,64.0548,0.3973
26145000,54,233.772,-21755.1,49.7524,0.403867
26160000,53,224.349,-21772.1,47.2918,0.387511
26175000,43,189.44,-21763,35.307,0.3942
26190000,50,201.995,-21760.1,48.8856,0.383933
26205000,54,252.644,-21754.6,46.7048,0.396867
26220000,50,221.695,-21759.9,56.7899,0.3911
26235000,51,216.089,-21771.5,53.9535,0.388067
26250000,53,232.246,-21772.2,49.2446,0.399222
26265000,67,289.713,-21766.4,54.6456,0.393333
26280000,56,249.454,-21783.3,53.7564,0.403495
26295000,49,215.597,-21784.2,60.8499,0.3882
26310000,48,201.084,-21779.8,50.7344,0.406567
26325000,41,180.19,-21782.1,35.9307,0.395133
26340000,60,271.896,-21785,63.6428,0.381044
26355000,56,260.63,-21764.2,53.7898,0.408933
26370000,46,195.447,-21759.5,55.0222,0.384567
26385000,61,262.97,-21743,56.6134,0.397
26400000,62,263.741,-21760.4,66.1027,0.3998
26415000,63,292.662,-21763.6,65.372,0.407467
26430000,45,192.585,-21772.3,46.1482,0.38528
26445000,66,293.22,-21756.7,66.3372,0.396433
26460000,80,371.261,-21762.6,85.7497,0.410267
26475000,66,286.091,-21778.8,64.6912,0.412222
26490000,53,227.307,-21779.2,61.5464,0.406867
26505000,59,269.769,-21741.9,64.0399,0.400907
26520000,53,227.958,-21750,52.0492,0.402017
26535000,68,301.922,-21767.2,78.2029,0.3965
26550000,56,245.384,-21760.8,44.0517,0.402133
26565000,37,163.601,-21775.6,36.0585,0.391427
26580000,57,262.173,-21769.9,68.686,0.403767
26595000,47,216.627,-21759.4,55.4549,0.386533
26610000,52,237.182,-21755.3,48.2818,0.392622
26625000,56,251.298,-21795.8,61.3792,0.39335
26640000,52,216.386,-21786.2,57.786,0.404
26655000,60,254.464,-21778.2,68.3069,0.413067
26670000,60,270.265,-21776.8,74.0669,0.407053
26685000,57,256.124,-21766.2,56.7091,0.427867
26700000,52,231.563,-21772.8,57.0254,0.403344
26715000,54,215.245,-21761.8,57.0228,0.413267
26730000,49,213.619,-21783.5,45.6418,0.398733
26745000,64,280.941,-21768.8,69.5192,0.407833
26760000,57,254.742,-21759.7,50.7071,0.3992
26775000,69,321.916,-21726,59.3497,0.39536
26790000,63,243.78,-21763.3,59.9621,0.409333
26805000,79,344.919,-21687.8,75.0111,0.397733
26820000,84,330.605,-21692.7,83.2509,0.404733
26835000,69,278.298,-21722.2,82.303,0.394867
26850000,81,356.035,-21725.9,98.8366,0.392467
26865000,77,340.022,-21706,87.9631,0.417933
26880000,77,344.378,-21694.1,82.2043,0.404333
26895000,78,347.452,-21711.6,76.6127,0.407533
26910000,69,303.577,-21713.7,60.2524,0.4036
26925000,56,237.356,-21757.7,53.7877,0.399163
26940000,57,254.744,-21743.7,60.956,0.3911
26955000,58,250.795,-21755.5,47.9202,0.393467
26970000,52,218.605,-21777.5,54.2387,0.399044
26985000,54,231.771,-21759.5,55.4167,0.3912
27000000,49,222.919,-21759.5,66.4098,0.399133
27015000,60,262.089,-21761.6,51.2065,0.3964
27030000,53,229.558,-21744.7,47.5888,0.393133
27045000,66,296.234,-21752.7,69.3443,0.403533
27060000,65,282.27,-21747.9,72.0694,0.395733
27075000,55,235.522,-21753.7,61.4833,0.383267
27090000,56,250.316,-21746.6,48.8292,0.3984
27105000,61,267.931,-21732,58.9524,0.407933
27120000,77,333.827,-21741.8,67.6473,0.421
27135000,68,302.666,-21717.5,72.4026,0.3972
27150000,67,278.549,-21736.5,71.4106,0.413167
27165000,72,316.399,-21711.9,80.5753,0.406267
27180000,65,290.954,-21739.9,51.3518,0.413
27195000,84,357.219,-21738.6,85.759,0.415511
27210000,76,327.219,-21743.6,91.0257,0.405467
27225000,74,331.444,-21728,69.0175,0.414267
27240000,63,277.135,-21741.5,53.2828,0.401583
27255000,58,250.764,-21753,49.5519,0.407767
27270000,70,315.512,-21732,75.9711,0.3896
27285000,53,226.563,-21775.6,46.9302,0.398913
27300000,61,279.942,-21749.6,56.0152,0.406533
27315000,50,213.937,-21763.2,39.1677,0.4132
27330000,65,274.097,-21751.6,66.8028,0.405453
27345000,47,193.538,-21763.2,47.917,0.388367
27360000,56,229.745,-21786.3,52.0441,0.3958
27375000,62,266.377,-21763.9,45.3332,0.388267
27390000,59,257.848,-21762.8,63.4831,0.400467
27405000,57,250.298,-21748.6,51.4567,0.3949
27420000,58,262.945,-21764.8,61.1437,0.3848
27435000,47,218.689,-21788.7,47.908,0.407622
27450000,39,145.968,-21757.5,34.4049,0.375467
27465000,41,164.294,-21795.6,52.7233,0.375433
27480000,56,236.13,-21760.8,57.4355,0.39328
27495000,46,202.386,-21777.1,59.3781,0.370533
27510000,59,250.48,-21759.4,54.9184,0.398667
27525000,77,342.105,-21761.4,76.3212,0.405867
27540000,69,282.58,-21752.8,64.1669,0.4124
27555000,64,285.667,-21723.8,63.2439,0.404978
27570000,67,291.038,-21738.3,58.2665,0.4204
27585000,49,218.902,-21767.7,41.0063,0.385678
27600000,80,351.54,-21728.7,99.7063,0.4063
27615000,73,320.588,-21771.7,60.4038,0.406893
27630000,82,356.022,-21733.9,73.5675,0.432233
27645000,59,245.964,-21750.3,55.0193,0.428233
27660000,75,336.158,-21739,72.8356,0.4198
27675000,76,319.716,-21738.5,77.1659,0.4228
27690000,64,286.795,-21766.1,51.9016,0.409622
27705000,82,351.511,-21732.1,89.8413,0.4229
27720000,76,322.525,-21730.2,72.9657,0.4134
27735000,64,252.804,-21715,88.9712,0.404667
27750000,73,297.398,-21723.4,78.9843,0.395667
27765000,66,266.747,-21735.9,72.2287,0.415333
27780000,51,229.451,-21800.3,52.2938,0.404185
27795000,64,292.845,-21751.2,58.5163,0.407552
27810000,67,296.776,-21769,78.3718,0.413733
27825000,72,318.96,-21712.5,80.9335,0.4127
27840000,48,204.176,-21773.2,48.2155,0.394733
27855000,56,235.874,-21716.5,50.7147,0.405867
27870000,67,276.006,-21724.9,68.2719,0.391267
27885000,66,276.105,-21742.4,60.8872,0.409867
27900000,60,259.73,-21768.5,71.6077,0.406367
27915000,67,274.41,-21723.3,63.5508,0.413733
27930000,64,270.507,-21735.6,66.583,0.412233
27945000,57,243.354,-21734.7,55.7058,0.401067
27960000,81,361.738,-21699.6,72.0569,0.402267
27975000,68,288.3,-21701.4,67.9325,0.390667
27990000,84,335.231,-21706,80.5396,0.400067
28005000,87,371.501,-21696.6,85.4103,0.407267
28020000,78,342.282,-21706.1,78.7263,0.4294
28035000,57,237.359,-21727.9,53.8432,0.4076
28050000,51,237.906,-21770.5,55.1305,0.391381
28065000,53,237.868,-21753,64.9,0.3992
28080000,44,188.386,-21741.1,39.4728,0.3962
28095000,45,204.315,-21769.3,38.3506,0.372844
28110000,61,258.718,-21725.4,56.5734,0.3882
28125000,69,302.317,-21748.1,61.5307,0.4146
28140000,63,284.734,-21764.9,47.3927,0.40016
28155000,60,284.952,-21736.4,70.2765,0.387233
28170000,60,262.062,-21776.1,52.2104,0.391333
28185000,72,319.098,-21725.7,70.9508,0.413317
28200000,80,331.491,-21715,86.2315,0.412667
28215000,73,322.932,-21727.5,71.0646,0.403667
28230000,84,368.699,-21717,92.7512,0.423367
28245000,67,275.08,-21725.3,65.5677,0.406267
28260000,63,281.524,-21738.9,72.6164,0.4068
28275000,52,229.844,-21747.3,46.1907,0.4054
28290000,46,199.533,-21779.4,57.979,0.4003
28305000,48,205.834,-21771,44.9924,0.39895
28320000,61,274.572,-21747.2,47.6854,0.397667
28335000,54,238.162,-21739.7,46.1032,0.391867
28350000,60,254.209,-21772.9,50.2431,0.39075
28365000,73,327.876,-21725.7,78.5476,0.410311
28380000,74,312.364,-21739.7,70.3663,0.419867
28395000,48,206.478,-21761.1,44.396,0.389489
28410000,62,269.292,-21727.1,68.0192,0.403387
28425000,68,310.89,-21731.9,62.8135,0.402267
28440000,54,246.89,-21750.1,64.4339,0.410817
28455000,58,256.407,-21778.9,47.3103,0.3974
28470000,39,167.633,-21760.6,32.7365,0.3952
28485000,55,218.149,-21765.2,59.4839,0.411567
28500000,49,205.334,-21791.3,57.7414,0.396133
28515000,53,236.08,-21764.2,68.5344,0.406667
28530000,61,260.81,-21745.1,63.9909,0.403667
28545000,55,234.436,-21775.1,51.6426,0.4111
28560000,62,254.277,-21734,58.2719,0.401307
28575000,66,300.158,-21740.7,59.0224,0.399778
28590000,71,314.233,-21737.3,74.1461,0.415633
28605000,70,306.149,-21725.9,81.1874,0.413367
28620000,72,327.211,-21722.6,66.4286,0.404967
28635000,67,280.245,-21735.1,69.2547,0.4038
28650000,47,193.263,-21749.2,61.5569,0.386924
28665000,62,253.193,-21758.7,58.803,0.399767
28680000,71,313.389,-21730.4,66.0502,0.412987
28695000,64,271.646,-21741.1,65.0941,0.404067
28710000,66,298.279,-21732.8,60.2416,0.403867
28725000,64,300.937,-21753.6,77.213,0.397867
28740000,72,311.433,-21728.9,66.2172,0.411333
28755000,62,264.062,-21741.2,58.0901,0.412267
28770000,67,295.987,-21745.9,72.1581,0.404933
28785000,54,221.325,-21750.7,50.8691,0.406867
28800000,63,262.564,-21723.6,55.6729,0.400362
28815000,69,286.373,-21734.1,63.4621,0.3872
28830000,70,288.934,-21723.6,65.9681,0.403
28845000,67,281.702,-21712.8,56.6804,0.403067
28860000,80,365.488,-21751.1,66.8554,0.398095
28875000,72,326.95,-21731.5,70.4112,0.407422
28890000,69,309.288,-21753,71.6492,0.4183
28905000,71,311.031,-21725.4,67.7769,0.4104
28920000,65,258.339,-21727.2,60.0402,0.403867
28935000,73,300.61,-21733.4,77.6163,0.405667
28950000,67,288.006,-21722.7,69.0593,0.413733
28965000,66,286.82,-21754.6,60.0951,0.396542
28980000,58,255.365,-21725,56.463,0.4028
28995000,47,203.136,-21764.6,37.4582,0.398825
29010000,67,289.029,-21716.7,78.6927,0.3924
29025000,61,273.173,-21746.8,65.7308,0.39785
29040000,71,310.203,-21736.7,78.1702,0.4044
29055000,56,243.614,-21724.8,54.0936,0.3911
29070000,78,335.831,-21736.7,86.3682,0.402033
29085000,76,330.811,-21752.3,83.3925,0.405933
29100000,49,222.948,-21768.5,50.459,0.402227
29115000,68,297.462,-21748.6,90.8086,0.397067
29130000,61,270.837,-21759.4,66.3654,0.4118
29145000,59,254.792,-21740.2,65.7631,0.400267
29160000,54,229.717,-21756.9,60.8171,0.396907
29175000,64,278.831,-21740.7,77.4549,0.404667
29190000,60,262.811,-21768.9,61.2213,0.386933
29205000,47,200.545,-21762.9,41.9376,0.393167
29220000,53,225.573,-21724.3,61.1351,0.383233
29235000,56,226.48,-21760.6,49.3489,0.396233
29250000,49,206.792,-21787.1,37.7403,0.400653
29265000,57,260.841,-21753.4,66.7711,0.388156
29280000,50,225.618,-21767.2,60.788,0.393867
29295000,50,232.856,-21787,43.3868,0.386022
29310000,58,260.098,-21756.2,68.832,0.397373
29325000,59,282.423,-21745.9,45.9145,0.409133
29340000,63,273.717,-21751.2,62.6542,0.409333
29355000,64,282.807,-21754.5,74.6144,0.402267
29370000,57,251.722,-21795.3,62.1159,0.407867
29385000,59,260.909,-21783.5,58.2334,0.397989
29400000,50,226.731,-21753.2,58.9155,0.399533
29415000,42,181.718,-21790.7,39.7374,0.386244
29430000,46,209.337,-21780.1,44.614,0.394156
29445000,49,215.633,-21760.2,54.0344,0.391444
29460000,55,249.077,-21763.3,54.3861,0.391067
29475000,63,263.728,-21780,67.8661,0.424867
29490000,53,222.164,-21752,66.4418,0.422667
29505000,75,326.698,-21738.3,78.5853,0.404173
29520000,63,279.623,-21760.3,67.1005,0.39661
29535000,55,248.693,-21743.9,49.1925,0.399489
29550000,63,262.424,-21738.9,68.9415,0.395467
29565000,72,300.956,-21741.7,62.7624,0.413933
29580000,77,336.792,-21750.7,78.145,0.414133
29595000,75,328.463,-21760.8,80.1553,0.4124
29610000,48,219.661,-21775.1,47.4062,0.413533
29625000,52,229.16,-21735.3,52.3659,0.400317
29640000,56,249.535,-21761.5,68.8849,0.39355
29655000,67,281.246,-21732,71.5995,0.3952
29670000,59,260.055,-21741.9,76.5567,0.392133
29685000,52,224.944,-21757.2,39.845,0.402267
29700000,63,274.297,-21747.2,58.7358,0.388867
29715000,63,296.616,-21735,60.393,0.403533
29730000,55,242.104,-21725.5,52.8096,0.3978
29745000,60,275.725,-21739.5,73.9715,0.390733
29760000,54,244.822,-21756.7,49.3195,0.404867
29775000,56,244.483,-21726.5,54.8779,0.394067
29790000,53,231.148,-21722.8,59.8644,0.391267
29805000,65,289.73,-21735.9,54.4114,0.390467
29820000,69,278.622,-21734.7,71.3892,0.397333
29835000,41,177.563,-21783.5,39.2495,0.394426
29850000,71,304.275,-21725.5,67.6318,0.394733
29865000,68,292.932,-21725.1,65.1558,0.402333
29880000,69,299.542,-21736.7,77.2921,0.401867
29895000,79,358.854,-21727.5,75.7143,0.4138
29910000,58,242.772,-21741.9,61.2759,0.400067
29925000,53,240.073,-21763.2,59.3306,0.387368
29940000,81,345.936,-21746.4,78.7969,0.4056
29955000,49,207.78,-21779.3,59.6548,0.398675
29970000,50,230.566,-21771.6,55.0495,0.386333
29985000,65,285.355,-21739.2,66.4817,0.402978
