generation,N_shifts,logPrior,logLik,eventRate,acceptRate
0,0,1.31709,-24209.6,32.4358,1
15000,1,4.61203,-21996.9,1.66067,0.201853
30000,2,6.21922,-21989.5,3.92338,0.192527
45000,3,16.5425,-21948,5.28822,0.259833
60000,3,12.3037,-21950.1,7.43488,0.2504
75000,7,33.4023,-21899.9,7.67238,0.246556
90000,8,33.744,-21874.6,7.4844,0.322533
105000,6,25.246,-21863.5,5.71208,0.3066
120000,12,40.802,-21827.8,12.947,0.332267
135000,7,30.0816,-21855.9,9.81822,0.3304
150000,21,92.7858,-21776.1,25.6808,0.332733
165000,20,88.7569,-21769.3,25.5607,0.337133
180000,19,73.7546,-21767.1,18.0325,0.352867
195000,20,91.5119,-21771.8,15.1859,0.313467
210000,24,101.891,-21773.1,23.4104,0.349133
225000,14,71.7893,-21784.4,21.4939,0.3061
240000,19,81.3347,-21753.9,27.2984,0.345667
255000,23,107.939,-21742.9,27.2184,0.342967
270000,26,107.188,-21729.9,27.5874,0.3604
285000,22,97.848,-21722.5,31.7864,0.365167
300000,24,109.626,-21724.1,36.3603,0.341267
315000,21,93.1008,-21730.2,23.7349,0.339644
330000,18,70.5599,-21729.1,14.1894,0.294915
345000,23,95.1884,-21721.3,25.3671,0.3404
360000,34,147.412,-21673.5,35.6656,0.367867
375000,39,168.352,-21663.5,36.0161,0.401667
390000,37,158.508,-21680.1,36.3836,0.3952
405000,43,177.742,-21668.4,40.7632,0.378133
420000,46,195.181,-21626.8,50.3458,0.374333
435000,33,135.89,-21648.5,36.4688,0.384767
450000,47,206.886,-21604.4,51.2207,0.379567
465000,44,194.713,-21617.8,44.2425,0.380333
480000,53,225.78,-21618.8,43.3684,0.3974
495000,48,213.443,-21598.3,52.447,0.3926
510000,66,274.816,-21597.3,74.7782,0.38228
525000,64,274.638,-21591.7,51.3806,0.3987
540000,60,263.629,-21589.6,55.3483,0.389233
555000,55,239.348,-21610.3,47.6294,0.3902
570000,65,282.49,-21608.9,63.8048,0.392467
585000,58,254.059,-21586.5,54.8532,0.3896
600000,57,244.944,-21582.1,67.396,0.394533
615000,62,262.15,-21587.8,55.1444,0.392333
630000,55,233.927,-21592.3,44.3429,0.391267
645000,46,209.958,-21634.5,47.9773,0.353777
660000,60,263.349,-21585.9,57.3103,0.3979
675000,67,294.692,-21591.3,69.9125,0.379467
690000,67,288.558,-21564.1,71.5638,0.389533
705000,60,259.766,-21576.6,60.9365,0.401133
720000,58,257.917,-21599.6,68.5095,0.397756
735000,70,290.878,-21579.6,69.2883,0.390722
750000,67,290.943,-21600.6,79.6742,0.411367
765000,60,256.602,-21585.1,46.7008,0.3998
780000,56,241.899,-21605.9,58.7554,0.405067
795000,65,274.392,-21594,69.9047,0.393133
810000,54,239.593,-21605.7,43.614,0.403067
825000,59,255.048,-21606.9,67.9418,0.39
840000,59,254.393,-21608.3,67.5323,0.391133
855000,62,263.472,-21600.9,60.3038,0.410733
870000,64,271.214,-21600.6,65.404,0.399467
885000,55,252.948,-21587.7,63.0354,0.395067
900000,64,269.719,-21590.3,54.0838,0.400178
915000,50,215.45,-21603.6,49.4551,0.39197
930000,58,254.262,-21602.4,65.3779,0.379867
945000,73,305.744,-21589.1,63.5476,0.402367
960000,49,190.293,-21578.6,48.2906,0.388833
975000,63,256.983,-21602.8,60.5502,0.394653
990000,67,310.497,-21577.4,78.1489,0.400844
1005000,69,286.909,-21587.2,57.7751,0.381422
1020000,51,236.52,-21585.9,59.1788,0.406467
1035000,49,197.409,-21580.9,56.1641,0.394533
1050000,48,196.651,-21588,51.663,0.378967
1065000,62,268.234,-21563.6,60.7927,0.389333
1080000,49,195.178,-21577.7,56.2611,0.3787
1095000,59,244.47,-21572.4,57.0694,0.387933
1110000,66,287.232,-21570,68.7319,0.398133
1125000,55,232.728,-21571.6,49.685,0.379533
1140000,63,268.75,-21582.5,55.0115,0.3958
1155000,68,279.565,-21610.6,72.665,0.4082
1170000,76,326.421,-21572.4,74.8024,0.396217
1185000,60,265.14,-21572.8,47.4133,0.3981
1200000,66,276.126,-21569.2,70.4696,0.3974
1215000,66,273.32,-21566.6,75.2945,0.393533
1230000,74,312.261,-21587.5,80.2398,0.3954
1245000,67,249.961,-21563.6,71.5407,0.394
1260000,73,323.257,-21554.9,76.5797,0.392067
1275000,67,290.601,-21557.2,76.0566,0.400486
1290000,61,255.25,-21568.2,51.6215,0.4017
1305000,82,350.807,-21567.2,73.4929,0.413167
1320000,60,264.195,-21606.9,55.4906,0.390045
1335000,62,276.684,-21569.4,68.3422,0.396667
1350000,72,295.52,-21552.6,65.2151,0.411689
1365000,74,311.577,-21540.1,80.5026,0.4022
1380000,67,289.039,-21536.2,80.1329,0.387333
1395000,63,270.618,-21565.9,63.1614,0.387267
1410000,64,280.581,-21579,69.9894,0.394167
1425000,81,341.31,-21545.7,74.8069,0.4047
1440000,75,297.555,-21552.6,61.3469,0.406933
1455000,66,274.238,-21556.4,70.2557,0.3922
1470000,63,262.638,-21558.9,70.128,0.390317
1485000,71,304.721,-21561.9,78.8771,0.38866
1500000,70,279.054,-21575.3,61.9611,0.380556
1515000,70,294.226,-21574.1,70.5152,0.391267
1530000,53,215.337,-21569.4,44.8873,0.381333
1545000,58,243.018,-21567.6,64.754,0.391867
1560000,60,252.042,-21565.3,49.0051,0.3944
1575000,69,309.922,-21557.9,68.8342,0.383867
1590000,63,278.552,-21541.8,71.8145,0.397133
1605000,56,245.901,-21566.4,61.1584,0.385467
1620000,52,224.05,-21595.7,71.2753,0.376022
1635000,51,216.937,-21580.5,64.658,0.394182
1650000,53,234.387,-21575.1,61.981,0.377933
1665000,55,237.743,-21555.2,52.2272,0.376622
1680000,56,246.339,-21576.9,53.2795,0.390367
1695000,63,271.016,-21581,74.3253,0.386
1710000,57,261.877,-21582.2,60.837,0.396133
1725000,65,279.79,-21580.8,88.3071,0.382556
1740000,64,273.147,-21582.1,50.5168,0.419533
1755000,62,255.636,-21571.8,64.5626,0.391627
1770000,64,258.649,-21575.9,71.3413,0.4001
1785000,61,256.407,-21569.4,63.6747,0.3923
1800000,72,312.127,-21566.4,69.8574,0.4134
1815000,82,372.035,-21574.6,83.3446,0.409733
1830000,62,285.95,-21555.4,61.7941,0.397367
1845000,49,216.994,-21590.2,61.9041,0.390741
1860000,60,253.537,-21565.3,62.4652,0.386
1875000,50,216.405,-21603.9,56.4917,0.3888
1890000,54,235.404,-21570.8,42.183,0.384167
1905000,54,227.318,-21590.8,52.3744,0.384967
1920000,49,223.043,-21595.4,38.813,0.3734
1935000,42,183.618,-21615.5,44.0886,0.376467
1950000,60,261.916,-21580.3,64.1583,0.383467
1965000,61,258.79,-21564.9,62.9807,0.380187
1980000,73,323.04,-21553.5,79.591,0.400733
1995000,67,286.313,-21544.2,60.1829,0.407067
2010000,59,256.857,-21577.8,57.3673,0.388152
2025000,55,228.063,-21554.4,36.1824,0.387733
2040000,51,223.124,-21587.1,50.2725,0.375967
2055000,58,249.177,-21571,56.7631,0.3781
2070000,58,253.726,-21580.9,52.4926,0.376467
2085000,69,287.372,-21541.8,63.5791,0.391433
2100000,61,261.748,-21564.5,70.7298,0.385733
2115000,55,224.603,-21552.3,51.6774,0.366467
2130000,54,219.71,-21525.5,59.1689,0.353933
2145000,62,254.302,-21522.4,59.9837,0.370733
2160000,65,289.28,-21529,66.5363,0.377267
2175000,68,282.997,-21533.3,80.2682,0.374333
2190000,69,307.384,-21536.1,56.915,0.387
2205000,62,252.737,-21538.6,59.2515,0.375533
2220000,62,255.032,-21537.4,78.9419,0.369267
2235000,63,263.861,-21528.8,57.6653,0.380467
2250000,67,275.822,-21554.9,63.5992,0.387
2265000,71,283.408,-21535.5,77.2145,0.398867
2280000,56,242.218,-21561.1,61.27,0.397067
2295000,54,225.125,-21557.6,48.3404,0.361733
2310000,67,267.254,-21560.2,70.8142,0.381867
2325000,64,261.48,-21573.9,69.8093,0.3836
2340000,53,211.641,-21601.9,52.1173,0.37733
2355000,70,304.077,-21543.5,75.9633,0.395533
2370000,68,291.226,-21554.1,62.2258,0.402067
2385000,78,341.224,-21557.7,74.8999,0.403467
2400000,79,336.96,-21535.7,85.9883,0.4026
2415000,72,298.872,-21511.7,80.384,0.3906
2430000,79,334.484,-21538.3,78.6231,0.3902
2445000,80,326.957,-21569.4,77.0362,0.404848
2460000,75,300.137,-21557.4,92.0752,0.406167
2475000,68,301.413,-21574.5,62.5839,0.401967
2490000,76,319.552,-21563,107.71,0.397467
2505000,84,347.543,-21546.5,87.0304,0.404067
2520000,76,312.327,-21558,80.0711,0.403933
2535000,71,296.829,-21547.2,74.7782,0.4014
2550000,90,408.081,-21562.4,88.0645,0.417533
2565000,83,352.073,-21540.1,79.6836,0.416267
2580000,89,381.835,-21533.1,77.6875,0.407533
2595000,78,332.167,-21541.9,84.519,0.403933
2610000,49,209.24,-21619.3,62.3577,0.385273
2625000,72,309.714,-21541.7,64.0075,0.407567
2640000,70,309.519,-21548.4,77.3184,0.406667
2655000,72,300.974,-21541.6,74.8531,0.402
2670000,61,283.459,-21587,54.0805,0.385887
2685000,61,258.8,-21553.5,65.8761,0.39112
2700000,67,295.606,-21581,79.3698,0.401733
2715000,77,332.754,-21545.9,72.4599,0.3935
2730000,90,389.371,-21511.8,73.8547,0.394867
2745000,115,476.114,-21507.7,95.6387,0.4158
2760000,86,371.485,-21510.5,75.8015,0.414067
2775000,64,286.897,-21573.4,64.189,0.407627
2790000,86,361.937,-21509.8,88.8265,0.406033
2805000,74,319.149,-21567.8,72.9416,0.388726
2820000,66,282.5,-21568.7,72.6787,0.4102
2835000,83,368.276,-21534.6,85.0027,0.395867
2850000,85,380.423,-21509.4,81.5338,0.3964
2865000,98,411.289,-21520.5,93.6792,0.401067
2880000,85,354.175,-21513.8,81.821,0.400133
2895000,85,351.807,-21526.9,96.2323,0.392
2910000,86,376.516,-21533.3,97.8373,0.391267
2925000,87,378.98,-21543.6,93.7106,0.402133
2940000,77,338.583,-21520.5,93.5638,0.409667
2955000,57,237.262,-21528.2,59.4423,0.3874
2970000,63,268.303,-21545.3,73.5554,0.3776
2985000,75,322.95,-21533.6,65.6498,0.386467
3000000,59,258.302,-21587.2,58.0951,0.392028
3015000,61,249.608,-21566.7,76.0403,0.396933
3030000,76,335.119,-21533.4,64.9443,0.393044
3045000,72,317.575,-21542.5,62.6528,0.4002
3060000,73,326.861,-21528.7,67.62,0.392667
3075000,78,326.626,-21523.5,81.4457,0.391
3090000,73,320.448,-21530.8,68.2654,0.389533
3105000,80,326.241,-21530.3,68.588,0.398533
3120000,90,394.888,-21545,95.2148,0.414133
3135000,61,250.136,-21587.5,63.0024,0.398456
3150000,75,314.999,-21543,76.5064,0.404867
3165000,67,283.321,-21588.7,74.3565,0.396533
3180000,72,284.053,-21567.2,66.2437,0.4022
3195000,75,314.957,-21568.9,61.7867,0.411267
3210000,79,312.72,-21537.2,72.8258,0.401617
3225000,62,269.177,-21565.4,72.8074,0.410633
3240000,66,288.513,-21580.5,55.8451,0.399467
3255000,62,264,-21564.8,61.1394,0.392858
3270000,66,269.023,-21568.7,58.5272,0.399967
3285000,59,251.306,-21551.6,59.388,0.392167
3300000,64,286.065,-21553.7,52.3919,0.3878
3315000,63,268.2,-21557.2,47.0617,0.384933
3330000,61,274.746,-21560.1,61.6502,0.40265
3345000,74,312.979,-21579.3,64.8536,0.416467
3360000,82,352.864,-21568.8,85.0413,0.39964
3375000,59,248.358,-21566.8,55.7539,0.38905
3390000,78,337.854,-21512.8,73.3157,0.402433
3405000,65,269.182,-21574.7,57.8782,0.4026
3420000,83,343.957,-21506.9,84.3039,0.383667
3435000,90,378.274,-21520.8,94.8373,0.406667
3450000,87,376.095,-21519.9,68.0706,0.409133
3465000,75,302.316,-21565,74.5855,0.401833
3480000,77,336.853,-21542.2,79.3424,0.404867
3495000,55,245.894,-21571.9,44.6866,0.386125
3510000,74,306.827,-21536.5,74.3624,0.403167
3525000,68,299.843,-21542.2,63.0954,0.400267
3540000,70,309.455,-21554.1,78.5987,0.403133
3555000,66,281.236,-21545.2,70.5168,0.400333
3570000,70,310.848,-21550.2,78.1524,0.392133
3585000,50,227.698,-21592,51.6164,0.376011
3600000,45,189.82,-21564.6,37.8281,0.3668
3615000,75,324.172,-21553.7,84.0359,0.398778
3630000,69,286.352,-21545.3,79.2115,0.403
3645000,58,248.71,-21571.8,57.8414,0.387911
3660000,72,322.707,-21542.3,68.0031,0.403733
3675000,81,367.034,-21538.7,94.8782,0.4092
3690000,86,373.44,-21554.1,77.6401,0.408067
3705000,78,352.173,-21532.5,86.8418,0.4162
3720000,82,361.903,-21543.9,71.911,0.409667
3735000,75,313.596,-21550.4,63.1121,0.399867
3750000,67,287.709,-21525.1,64.4624,0.3948
3765000,81,359.487,-21525.7,78.9969,0.393133
3780000,63,263.102,-21566.5,54.3423,0.385993
3795000,67,279.178,-21550.5,77.1174,0.393067
3810000,79,315.36,-21548.5,67.4864,0.4084
3825000,98,423.876,-21561.2,99.5727,0.417567
3840000,79,348.977,-21560.9,84.5581,0.407833
3855000,77,336.675,-21524.5,68.6603,0.408367
3870000,81,329.361,-21510.8,76.2527,0.397533
3885000,85,368.611,-21510.6,85.6078,0.3974
3900000,88,375.957,-21521.1,84.024,0.4056
3915000,80,349.033,-21522.1,66.0091,0.416
3930000,69,292.161,-21547.1,66.739,0.386507
3945000,65,268.81,-21537.1,65.2265,0.397
3960000,72,303.713,-21555.8,78.1489,0.3996
3975000,69,293.811,-21556.9,66.9942,0.4034
3990000,78,333.034,-21530.3,94.627,0.377889
4005000,77,325.616,-21522.2,64.2693,0.414
4020000,88,382.316,-21527.7,85.2668,0.3958
4035000,78,355.29,-21532.6,77.938,0.397467
4050000,72,329.79,-21563.4,68.8123,0.410044
4065000,75,332.072,-21527.3,58.2123,0.390533
4080000,69,299.109,-21523.7,58.0829,0.4084
4095000,85,384.01,-21542.4,87.1951,0.406333
4110000,83,354.908,-21553.1,98.9607,0.395578
4125000,73,311.212,-21564.1,71.5013,0.389467
4140000,71,301.812,-21534.9,56.836,0.400311
4155000,81,347.174,-21534.5,105.067,0.402333
4170000,56,225.891,-21572.4,56.4841,0.397409
4185000,69,284.494,-21534.3,80.8881,0.392867
4200000,83,348.121,-21546.3,87.5167,0.396867
4215000,78,318.432,-21542.9,72.8965,0.404667
4230000,67,296.054,-21555.3,69.8807,0.400067
4245000,58,235.229,-21528.5,44.8519,0.387683
4260000,51,211.173,-21565.5,48.2932,0.381033
4275000,56,247.66,-21547.7,59.1762,0.379533
4290000,46,194.29,-21564.4,42.9703,0.38485
4305000,64,273.547,-21555.9,63.8172,0.372933
4320000,59,238.445,-21545,48.007,0.378733
4335000,59,254.101,-21583.1,49.2014,0.391511
4350000,60,227.751,-21580.3,51.4486,0.394967
4365000,58,245.912,-21576.3,51.5207,0.378425
4380000,60,248.84,-21546,68.2216,0.382
4395000,54,229.796,-21579.6,50.3076,0.38375
4410000,55,223.74,-21558,61.463,0.378467
4425000,55,223.602,-21556.5,52.8208,0.378133
4440000,65,279.416,-21565.4,60.6184,0.389422
4455000,60,255.436,-21543.6,60.3604,0.384533
4470000,65,282.693,-21551.2,55.7777,0.403867
4485000,63,261.507,-21528.9,59.3357,0.379533
4500000,70,282.656,-21534.8,63.912,0.383267
4515000,64,262.067,-21563.3,64.8322,0.393578
4530000,76,316.108,-21521.6,79.9013,0.3884
4545000,50,199.721,-21556.2,51.5797,0.382727
4560000,75,331.108,-21571.6,61.2864,0.3826
4575000,68,272.029,-21558.8,77.1543,0.399067
4590000,60,244.671,-21547.2,55.0014,0.387893
4605000,70,299.898,-21560.6,73.5467,0.3916
4620000,72,302.631,-21549.7,80.8268,0.406
4635000,70,303.131,-21546.9,61.7061,0.398667
4650000,60,256.3,-21553.7,64.6568,0.390467
4665000,55,235.204,-21566.7,51.9686,0.392175
4680000,73,334.208,-21546.9,88.6513,0.385867
4695000,55,239.248,-21562.2,58.5827,0.402867
4710000,51,218.656,-21575.5,50.0556,0.3734
4725000,53,230.118,-21562.1,61.9468,0.38296
4740000,76,310.129,-21543.1,62.3507,0.405133
4755000,73,308.41,-21551.5,66.25,0.4086
4770000,74,302.482,-21533.6,72.7599,0.401
4785000,76,317.024,-21567.9,75.7834,0.395893
4800000,89,391.674,-21539.6,87.6719,0.409833
4815000,80,356.121,-21554.2,61.5923,0.421333
4830000,56,243.954,-21566.1,59.0287,0.384325
4845000,70,309.948,-21548,79.6491,0.402867
4860000,64,285.801,-21549.3,70.1019,0.4014
4875000,66,291.096,-21570.4,58.468,0.382267
4890000,62,258.435,-21576,55.0307,0.385033
4905000,62,261.413,-21550.7,55.8289,0.391933
4920000,69,284.771,-21580.6,77.0697,0.377267
4935000,61,254.994,-21545.1,58.7581,0.3907
4950000,57,247.37,-21559.9,57.3683,0.380267
4965000,70,293.606,-21543.1,73.068,0.397333
4980000,60,243.803,-21539.2,61.6785,0.3962
4995000,61,251.332,-21542.9,65.9603,0.3792
5010000,63,267.062,-21532.2,69.6889,0.381333
5025000,55,241.873,-21580.5,53.7198,0.37661
5040000,55,228.921,-21554.8,71.5344,0.390533
5055000,63,253.862,-21535.1,59.1496,0.385444
5070000,66,294.837,-21536.4,70.1943,0.3842
5085000,70,280.745,-21541.2,56.8644,0.399667
5100000,45,181.727,-21556.1,46.0658,0.366767
5115000,77,339.153,-21543.2,76.135,0.391767
5130000,75,325.489,-21558.2,73.0769,0.397467
5145000,62,259.792,-21571.6,66.6674,0.378178
5160000,62,270.477,-21572.2,56.6343,0.3993
5175000,58,248.609,-21573.5,56.0085,0.385415
5190000,72,307.029,-21565.2,75.4791,0.394333
5205000,67,289.993,-21548.5,56.9828,0.39645
5220000,73,326.387,-21551,71.9301,0.398483
5235000,67,296.054,-21523.4,70.932,0.393133
5250000,77,327.66,-21546.9,77.5924,0.402867
5265000,71,310.523,-21544.3,66.6866,0.401333
5280000,64,282.918,-21551.1,61.0042,0.3942
5295000,63,281.707,-21559.8,53.8071,0.394933
5310000,69,296.257,-21553.1,69.3697,0.3946
5325000,67,289.026,-21573.3,59.7431,0.395
5340000,63,288.056,-21544.8,60.5457,0.395893
5355000,58,253.792,-21562.9,55.8191,0.370733
5370000,75,328.496,-21549.9,64.7781,0.396867
5385000,80,343.055,-21542.8,78.0387,0.406267
5400000,67,291.506,-21553.5,64.5282,0.3866
5415000,59,246.572,-21541.7,72.257,0.388552
5430000,54,232.81,-21545,40.6687,0.375933
5445000,51,217.694,-21606.8,51.0771,0.377825
5460000,82,351.977,-21525.6,76.3863,0.384067
5475000,62,270.577,-21551.6,61.858,0.379907
5490000,68,272.715,-21551.2,57.5932,0.396733
5505000,55,242.823,-21560.7,63.6864,0.392667
5520000,72,296.518,-21558.3,77.5874,0.400517
5535000,65,284.659,-21550,74.4777,0.380067
5550000,68,295.812,-21559,65.9699,0.407
5565000,73,308.544,-21523,70.4185,0.398578
5580000,77,334.54,-21527.6,81.8534,0.392667
5595000,55,241.048,-21567.5,50.5424,0.387156
5610000,69,290.048,-21566.8,70.9549,0.4006
5625000,63,262.262,-21572.3,67.9595,0.403133
5640000,64,240.862,-21552.8,77.0355,0.4036
5655000,68,288.45,-21551.1,67.5256,0.38511
5670000,73,309.857,-21530.4,70.0545,0.394467
5685000,61,263.041,-21569.2,56.7317,0.3916
5700000,51,198.787,-21575.5,53.7477,0.380133
5715000,73,326.7,-21567.7,79.833,0.390489
5730000,59,246.648,-21561.1,61.1729,0.380333
5745000,76,336.749,-21568.5,77.174,0.3995
5760000,79,355.664,-21548.4,75.249,0.400867
5775000,72,298.78,-21548.6,75.8987,0.403022
5790000,60,235.426,-21565.8,39.3491,0.3999
5805000,64,268.306,-21549.3,54.0671,0.390385
5820000,64,268.696,-21556.3,61.1649,0.4046
5835000,73,294.732,-21566.4,77.3586,0.399
5850000,75,314.222,-21554.1,65.8094,0.38775
5865000,59,217.601,-21545.9,55.9254,0.390133
5880000,69,306.581,-21583.2,70.3164,0.404733
5895000,66,290.926,-21556.4,61.5286,0.3954
5910000,76,316.783,-21527.9,85.5957,0.397556
5925000,78,330.496,-21535.5,68.811,0.3924
5940000,82,355.498,-21568.5,87.2919,0.3992
5955000,65,267.854,-21552.8,53.2373,0.3986
5970000,63,259.243,-21559.3,76.0704,0.39564
5985000,61,260.425,-21529.7,69.6601,0.387467
6000000,60,256.793,-21553.5,56.943,0.391467
6015000,41,178.669,-21582.2,39.4158,0.375437
6030000,51,211.253,-21568.5,43.5868,0.362067
6045000,43,171.728,-21576.4,46.3182,0.360467
6060000,60,259.795,-21524.7,58.7549,0.388883
6075000,51,218.839,-21573.7,51.1174,0.390095
6090000,58,247.181,-21573.3,63.661,0.3758
6105000,46,195.964,-21554.8,46.5032,0.380533
6120000,72,291.25,-21535.9,69.5315,0.389817
6135000,86,387.624,-21560.9,92.1352,0.397933
6150000,77,332.346,-21543.2,85.4964,0.412567
6165000,76,325.076,-21537.1,71.5374,0.3976
6180000,80,342.951,-21550.4,76.4695,0.407133
6195000,75,318.826,-21559.2,67.5909,0.3942
6210000,71,287.016,-21529.6,82.9725,0.394067
6225000,69,291.357,-21554.9,49.4203,0.394022
6240000,75,312.605,-21530.3,76.1532,0.389333
6255000,68,296.877,-21531.5,61.2014,0.395467
6270000,70,307.842,-21546.5,66.8447,0.400333
6285000,60,248.876,-21538.5,64.3464,0.399533
6300000,59,245.223,-21589.3,60.1671,0.378016
6315000,45,205.607,-21596.9,38.4434,0.381733
6330000,54,234.324,-21597.9,57.4627,0.386067
6345000,54,231.963,-21569.2,54.1648,0.395875
6360000,62,261.785,-21580.5,69.1105,0.3909
6375000,71,305.585,-21590,75.7337,0.406867
6390000,64,267.425,-21551.9,63.3433,0.395644
6405000,65,270.215,-21559.6,79.5954,0.3752
6420000,69,300.583,-21555.4,61.3954,0.383133
6435000,72,293.054,-21522.6,66.2119,0.397667
6450000,72,317.587,-21552,78.2466,0.397242
6465000,61,269.664,-21557.2,51.572,0.391067
6480000,65,281.891,-21568.7,62.2766,0.397111
6495000,78,305.215,-21545.4,86.6692,0.388367
6510000,67,278.502,-21562.7,69.3183,0.3964
6525000,55,230.775,-21569.5,54.4731,0.3966
6540000,57,228.976,-21574.9,47.8589,0.391467
6555000,79,337.908,-21540,86.09,0.400967
6570000,78,334.852,-21543.6,70.5218,0.4066
6585000,51,215.62,-21595.3,52.0614,0.385111
6600000,67,292.17,-21546.3,66.5892,0.407533
6615000,75,315.93,-21550.1,78.723,0.3992
6630000,75,331.433,-21549.5,84.7974,0.408533
6645000,74,326.589,-21542.8,66.6433,0.415467
6660000,62,278.133,-21563.3,61.6528,0.386533
6675000,66,262.58,-21558.5,70.6054,0.387533
6690000,50,212.63,-21577.2,48.6093,0.378524
6705000,67,289.668,-21567.9,64.3389,0.390267
6720000,50,200.388,-21592.2,51.9001,0.38623
6735000,61,247.536,-21600,56.6714,0.384333
6750000,70,295.774,-21566.7,79.5712,0.392511
6765000,69,291.436,-21532,72.4729,0.4066
6780000,70,284.579,-21570.9,77.7344,0.386244
6795000,50,207.556,-21575.9,43.0906,0.398433
6810000,67,282.852,-21552.3,60.805,0.392867
6825000,63,278.239,-21557.6,56.7214,0.392933
6840000,54,230.803,-21573.9,53.0048,0.3864
6855000,62,258.555,-21556.9,62.5291,0.393222
6870000,68,299.788,-21579.3,57.4196,0.398067
6885000,72,309.327,-21567.1,56.9669,0.388033
6900000,87,387.255,-21547.9,90.4161,0.4167
6915000,80,356.764,-21549.5,92.1757,0.402133
6930000,59,262.86,-21565.7,55.5674,0.387889
6945000,60,256.835,-21567.3,50.0389,0.385933
6960000,57,245.067,-21588.9,40.3732,0.3922
6975000,72,321.342,-21533.3,71.9164,0.38895
6990000,63,270.925,-21572.1,64.3853,0.4011
7005000,78,329.269,-21550.5,78.1213,0.396033
7020000,68,293.669,-21581.9,70.7083,0.399167
7035000,76,314.44,-21554.9,72.499,0.4057
7050000,64,278.307,-21560.5,70.7667,0.390578
7065000,66,289.038,-21555.3,69.7918,0.387533
7080000,85,383.184,-21540.6,79.8552,0.406333
7095000,78,355.543,-21546,65.413,0.409267
7110000,61,274.117,-21557.6,44.2591,0.391356
7125000,68,285.431,-21539.4,58.4595,0.4026
7140000,79,330.93,-21537.4,84.0927,0.393838
7155000,78,328.055,-21528.2,69.9845,0.3948
7170000,80,327.041,-21535.1,67.8309,0.402033
7185000,69,288.593,-21546.9,62.4862,0.404333
7200000,78,325.413,-21542.6,82.751,0.3922
7215000,54,229.682,-21577.6,48.7265,0.387133
7230000,55,249.453,-21573.5,49.3325,0.39525
7245000,65,281.308,-21557.1,49.1173,0.393444
7260000,62,265.153,-21558.2,83.3515,0.386533
7275000,55,241.976,-21583.4,54.1611,0.3929
7290000,48,195.243,-21571,49.5128,0.378367
7305000,58,258.4,-21575.8,64.2629,0.378667
7320000,60,270.64,-21569.9,60.4471,0.387844
7335000,49,216.089,-21556.5,58.3527,0.3794
7350000,63,262.641,-21567.1,77.8241,0.382333
7365000,57,241.317,-21574.4,66.9879,0.3784
7380000,61,253.474,-21575.5,66.7455,0.396217
7395000,63,273.229,-21549.8,64.6836,0.39632
7410000,61,256.168,-21564,73.1776,0.390467
7425000,62,257.375,-21552.2,61.7977,0.386267
7440000,78,340.294,-21556.5,78.5769,0.383773
7455000,74,311.37,-21556.3,81.4043,0.402933
7470000,79,344.404,-21554.7,78.1737,0.415467
7485000,69,301.579,-21570.5,66.6567,0.3902
7500000,66,288.422,-21555.1,67.787,0.408067
7515000,67,285.972,-21561.3,77.4425,0.394648
7530000,67,283.645,-21560.6,64.94,0.39361
7545000,70,281.042,-21567,78.8432,0.399467
7560000,61,247.899,-21532.1,63.8034,0.3814
7575000,60,258.014,-21564.5,55.8643,0.383
7590000,66,303.329,-21577.8,58.6127,0.4008
7605000,73,296.449,-21559.6,75.6388,0.395733
7620000,64,279.811,-21566.2,58.8248,0.3888
7635000,68,294.489,-21576.4,58.6022,0.4
7650000,56,233.971,-21582.6,48.6543,0.394075
7665000,64,277.537,-21532.5,49.3831,0.401933
7680000,76,323.636,-21535.7,78.7803,0.397267
7695000,55,224.042,-21571.6,65.2253,0.390207
7710000,87,374.377,-21505.1,84.6177,0.397033
7725000,75,304.932,-21521.9,72.5406,0.392267
7740000,69,287.457,-21535.6,72.2772,0.398333
7755000,59,254.163,-21584.6,55.4289,0.386571
7770000,78,346.883,-21527,81.7491,0.404267
7785000,83,369.851,-21542.8,68.3396,0.403467
7800000,67,288.95,-21555.2,62.6315,0.408067
7815000,63,254.541,-21562.5,56.4359,0.387492
7830000,58,253.643,-21570.8,53.9702,0.393707
7845000,70,268.96,-21599.1,71.1723,0.393367
7860000,74,312.251,-21537.9,58.4139,0.396333
7875000,62,271.579,-21564,50.9898,0.396333
7890000,61,267.018,-21556.9,60.0287,0.3942
7905000,60,251.803,-21561.1,63.1755,0.382467
7920000,58,238.284,-21570.7,59.9303,0.391733
7935000,62,265.727,-21557.4,60.1535,0.389833
7950000,60,263.894,-21531.2,61.1945,0.384156
7965000,63,270.851,-21549.8,68.2656,0.381333
7980000,68,302.907,-21564,56.1576,0.389333
7995000,67,293.71,-21566.2,55.1313,0.389767
8010000,78,341.591,-21529.2,83.8812,0.390767
8025000,59,262.661,-21579.7,57.4607,0.375543
8040000,58,242.041,-21581.4,49.925,0.3968
8055000,56,227.617,-21557.6,56.4194,0.389467
8070000,53,225.462,-21547.8,52.304,0.3612
8085000,64,261.062,-21527,61.0206,0.387333
8100000,86,377.678,-21506.8,96.6113,0.385856
8115000,96,428.475,-21517.4,94.439,0.392467
8130000,84,352.266,-21509.3,73.8795,0.409667
8145000,88,387.847,-21534.7,95.1417,0.404733
8160000,84,359.268,-21506.2,76.8067,0.4134
8175000,86,366.079,-21513.1,96.709,0.414267
8190000,72,314.433,-21532.9,84.1566,0.417333
8205000,52,227.197,-21573.2,51.7415,0.394515
8220000,66,290.701,-21539.7,65.2942,0.388967
8235000,73,331.441,-21545.4,82.8391,0.390733
8250000,73,317.459,-21555.9,81.2606,0.399022
8265000,74,304.77,-21544.7,77.6578,0.3972
8280000,49,203.698,-21559.1,50.1686,0.381641
8295000,57,238.41,-21578.3,54.3665,0.389667
8310000,58,275.071,-21590.5,59.9205,0.391133
8325000,68,280.656,-21569.1,70.8647,0.3658
8340000,64,280.978,-21536.5,59.9088,0.391453
8355000,54,219.737,-21592.9,60.3121,0.396911
8370000,49,212.079,-21589.5,48.9959,0.381733
8385000,76,306.225,-21525.3,72.5779,0.3966
8400000,77,333.428,-21523.7,95.9454,0.406467
8415000,81,354.991,-21530.8,78.3957,0.3986
8430000,66,288.035,-21528.5,81.2776,0.395533
8445000,56,247.149,-21573.4,60.8347,0.383867
8460000,71,293.218,-21560.6,79.8502,0.3775
8475000,62,260.089,-21585.9,58.7575,0.383486
8490000,74,325.875,-21555.3,71.6304,0.388167
8505000,67,296.784,-21579.4,58.546,0.3945
8520000,66,288.308,-21574.6,75.8596,0.3903
8535000,70,307.076,-21549.7,63.2751,0.399933
8550000,68,290.648,-21567.8,55.9193,0.405444
8565000,83,346.524,-21532.1,81.322,0.4068
8580000,62,276.683,-21554.7,72.7716,0.3985
8595000,64,280.099,-21541.1,68.4026,0.403033
8610000,44,171.004,-21586.6,41.035,0.392067
8625000,40,162.59,-21592.3,46.1705,0.359467
8640000,51,208.783,-21557.7,63.5121,0.3742
8655000,39,165.383,-21593.7,42.2121,0.3792
8670000,48,198.745,-21577.9,53.6324,0.374222
8685000,59,237.911,-21577.2,57.2166,0.394
8700000,55,228.103,-21572.4,47.601,0.378556
8715000,70,305.508,-21539.7,70.1372,0.38844
8730000,60,258.995,-21569.6,70.2043,0.399889
8745000,70,318,-21559.1,56.0996,0.389267
8760000,68,294.892,-21543.7,69.0787,0.402067
8775000,68,294.987,-21558,56.3522,0.388467
8790000,58,250.707,-21589.2,56.7963,0.386522
8805000,62,273.298,-21560.1,68.841,0.392733
8820000,60,253.756,-21571.8,58.6962,0.393067
8835000,71,320.019,-21564.8,64.312,0.396867
8850000,77,337.014,-21543.3,74.9713,0.382027
8865000,69,293.179,-21520.1,64.753,0.381867
8880000,69,274.305,-21526.8,61.9582,0.384733
8895000,64,285.143,-21572.6,79.1371,0.397794
8910000,58,266.762,-21592.2,61.6873,0.384067
8925000,82,353.719,-21556,80.7059,0.387889
8940000,71,307.57,-21562.9,72.3931,0.386552
8955000,78,335.597,-21529.4,77.6168,0.4094
8970000,85,368.636,-21526.9,80.6204,0.3984
8985000,77,336.307,-21543.4,73.5756,0.4068
9000000,85,366.168,-21535.1,82.6854,0.404133
9015000,63,265.284,-21563,67.3073,0.400705
9030000,58,264.196,-21569.1,60.4233,0.391667
9045000,52,209.447,-21582,57.3099,0.396124
9060000,52,212.292,-21603,44.5428,0.3748
9075000,60,257.287,-21585.9,60.6131,0.404867
9090000,66,283.131,-21570,58.2164,0.390589
9105000,63,264.053,-21555,55.9333,0.394067
9120000,62,272.377,-21545.1,51.4856,0.394089
9135000,65,298.476,-21581.2,72.8828,0.388962
9150000,54,245.765,-21548.1,60.6118,0.3891
9165000,60,253.555,-21568.9,61.7812,0.384817
9180000,67,290.028,-21567.2,59.7433,0.383267
9195000,58,248.732,-21567.3,65.6526,0.394667
9210000,80,351.09,-21555.5,70.1604,0.397173
9225000,65,293.924,-21557,63.7475,0.395587
9240000,80,348.644,-21547.6,71.732,0.420367
9255000,74,324.903,-21537.1,64.9815,0.409
9270000,60,262.074,-21583.6,50.5204,0.406307
9285000,57,243.755,-21546.4,58.8222,0.387967
9300000,60,265.291,-21549.5,64.5295,0.394667
9315000,79,348.607,-21546.8,84.1695,0.401667
9330000,76,341.982,-21527,66.2058,0.406067
9345000,79,342.536,-21537.4,73.3649,0.398467
9360000,63,262.655,-21524.2,69.5123,0.391333
9375000,55,238.825,-21601.6,50.3105,0.3832
9390000,61,254.216,-21524.7,54.7104,0.3848
9405000,61,255.62,-21555.4,57.8508,0.383133
9420000,65,271.88,-21569.1,48.0875,0.389467
9435000,54,232.064,-21608.3,62.3001,0.394127
9450000,54,230.299,-21580,53.1095,0.4032
9465000,58,236.879,-21559.5,65.1713,0.387933
9480000,58,252.318,-21588.7,61.0354,0.3854
9495000,69,302.335,-21537.4,67.6075,0.3983
9510000,74,304.88,-21552,68.2393,0.3976
9525000,63,276.093,-21614,69.0334,0.383
9540000,64,287.572,-21603.8,63.3359,0.409267
9555000,54,210.417,-21626.3,50.4349,0.396933
9570000,58,233.197,-21594.4,56.305,0.373267
9585000,52,214.868,-21597.1,42.4728,0.401563
9600000,61,253.402,-21606.8,63.4734,0.393433
9615000,51,209.327,-21621.1,64.4558,0.394
9630000,56,239.661,-21607.6,61.1634,0.394
9645000,69,269.267,-21584.3,65.554,0.404956
9660000,57,232.536,-21567.9,62.0063,0.3902
9675000,75,326.753,-21547.5,68.9935,0.401067
9690000,59,241.054,-21559,52.4749,0.403029
9705000,66,282.619,-21553.7,73.5082,0.4042
9720000,68,279.936,-21581.1,59.717,0.3992
9735000,59,262.765,-21591,55.7271,0.401067
9750000,59,232.834,-21580.7,45.5158,0.390711
9765000,85,350.541,-21577.9,83.1679,0.395867
9780000,62,251.495,-21576.9,62.8662,0.407156
9795000,57,232.594,-21579.8,45.5816,0.387844
9810000,59,249.873,-21571.3,68.2404,0.3783
9825000,70,283.956,-21567.5,62.1459,0.3818
9840000,60,247.823,-21584.9,56.3163,0.401347
9855000,62,274.428,-21577.9,63.1559,0.3964
9870000,75,326.581,-21563.7,74.7614,0.395133
9885000,46,193.505,-21572.7,33.7814,0.3887
9900000,84,358.324,-21577.2,78.0026,0.4055
9915000,62,239.148,-21570.1,62.8473,0.4116
9930000,64,265.54,-21569.2,79.1071,0.398267
9945000,81,343.926,-21560,69.8394,0.398
9960000,72,304.242,-21572.7,73.534,0.402267
9975000,43,191.656,-21558.6,40.0803,0.381233
9990000,66,279.299,-21576,64.2252,0.38619
10005000,50,198.979,-21569.7,54.9242,0.3998
10020000,56,235.607,-21574.3,58.9814,0.3888
10035000,51,208.908,-21572.6,57.9152,0.370583
10050000,68,294.45,-21563.4,57.7355,0.378333
10065000,74,322.491,-21560.4,69.9759,0.4034
10080000,65,292.912,-21557.6,59.6019,0.381922
10095000,76,322.58,-21545.5,84.3705,0.395833
10110000,74,304.958,-21549.3,71.7402,0.417667
10125000,79,330.771,-21539.3,89.8446,0.404067
10140000,66,279.038,-21556.5,66.9518,0.398833
10155000,62,270.893,-21570.5,72.6609,0.390267
10170000,65,267.445,-21563.1,69.0898,0.397607
10185000,70,291.413,-21555.9,74.0571,0.398083
10200000,68,296.513,-21543.6,75.4718,0.3966
10215000,55,237.631,-21561.7,53.1277,0.400783
10230000,63,277.69,-21550.2,65.5729,0.389567
10245000,71,304.03,-21551.1,74.5727,0.407933
10260000,77,324.401,-21539.5,82.0683,0.4068
10275000,76,333.84,-21549,87.0636,0.4082
10290000,54,215.154,-21579.7,42.5563,0.37916
10305000,72,308.604,-21558.2,63.9044,0.399033
10320000,69,296.275,-21531.8,65.6364,0.387867
10335000,69,283.35,-21575.1,82.0436,0.383044
10350000,53,210.629,-21583.5,46.2008,0.390256
10365000,72,311.136,-21572.5,55.904,0.385367
10380000,67,284.112,-21569.2,64.8534,0.384967
10395000,68,309.821,-21553.3,78.9293,0.39392
10410000,53,222.265,-21570,49.1378,0.381844
10425000,75,328.89,-21565.6,77.1839,0.392067
10440000,67,276.315,-21562.8,60.4708,0.404667
10455000,61,262.212,-21589.5,49.2908,0.389627
10470000,73,300.835,-21574.2,57.3169,0.382317
10485000,64,268.073,-21567.9,61.179,0.401867
10500000,70,277.636,-21561.9,75.0034,0.408711
10515000,62,254.368,-21575.6,62.7261,0.401533
10530000,64,272.388,-21562.7,71.9144,0.390978
10545000,55,233.316,-21573.1,50.2195,0.396467
10560000,86,366.198,-21544.5,78.3956,0.396217
10575000,84,358.156,-21548.3,72.7161,0.4052
10590000,71,301.826,-21560.7,52.4722,0.39575
10605000,72,298.405,-21572.7,63.4631,0.40385
10620000,77,345.342,-21562.8,77.616,0.414778
10635000,66,298.167,-21572.6,79.3436,0.406867
10650000,84,356.785,-21571.7,85.1551,0.404833
10665000,76,298.571,-21565.8,69.3629,0.408667
10680000,63,258.325,-21561.2,65.2098,0.3904
10695000,56,243.37,-21552.2,69.4128,0.390867
10710000,62,248.936,-21548.4,63.6764,0.3958
10725000,58,237.756,-21555.5,40.5653,0.388667
10740000,75,318.66,-21571.2,70.9316,0.399683
10755000,55,229.519,-21600.9,59.3667,0.39182
10770000,72,301.002,-21575.9,66.7475,0.391733
10785000,66,274.846,-21598.4,65.5132,0.4049
10800000,60,251.955,-21600.6,65.2568,0.398733
10815000,63,263.391,-21553.1,54.4637,0.395911
10830000,65,283.776,-21590.6,67.6797,0.3993
10845000,57,241.491,-21575.7,63.2732,0.389667
10860000,58,267.665,-21587.4,67.6378,0.401067
10875000,54,225.621,-21587.8,36.4796,0.378167
10890000,57,232.473,-21575.5,75.079,0.3909
10905000,54,212.362,-21577.3,53.7903,0.402267
10920000,74,321.297,-21570.5,76.8167,0.402867
10935000,56,228.429,-21558.4,55.5089,0.389152
10950000,49,203.501,-21597.8,46.0673,0.392267
10965000,61,261.284,-21576.8,79.8525,0.390111
10980000,77,311.153,-21561.1,93.1132,0.393967
10995000,67,281.66,-21580.5,57.1377,0.407733
11010000,61,249.679,-21582.7,58.6268,0.404667
11025000,56,223.618,-21606.5,40.251,0.386227
11040000,60,251.853,-21601.7,53.2652,0.393433
11055000,68,286.433,-21582.9,55.8014,0.392533
11070000,63,279.648,-21605.9,54.0012,0.3907
11085000,75,329.002,-21543.8,77.6629,0.406033
11100000,53,213.447,-21577.7,53.4916,0.386633
11115000,56,231.825,-21564.3,58.9434,0.3966
11130000,63,275.382,-21594.1,59.1724,0.397314
11145000,56,236.364,-21570.7,52.3443,0.401556
11160000,50,215.13,-21590.6,43.6308,0.397
11175000,63,261.612,-21601.1,84.9958,0.393933
11190000,57,244.613,-21581.2,56.1211,0.375173
11205000,51,206.811,-21616.3,52.857,0.385867
11220000,59,251.073,-21586.9,54.5067,0.390533
11235000,59,252.197,-21569.3,69.5633,0.3758
11250000,66,291.36,-21564.5,68.8866,0.379467
11265000,53,223.206,-21550.2,53.1491,0.386533
11280000,56,242.835,-21546.6,50.2487,0.392133
11295000,67,267.183,-21576.3,60.7792,0.387921
11310000,69,300.39,-21608.3,82.5037,0.401067
11325000,76,313.67,-21575,85.6617,0.418067
11340000,66,291.399,-21555.4,63.5458,0.403933
11355000,59,245.699,-21608.8,67.4066,0.397763
11370000,52,223.404,-21594.2,49.3875,0.399067
11385000,74,337.809,-21586.3,78.4061,0.403733
11400000,71,307.454,-21578.1,73.0031,0.4032
11415000,56,226.775,-21588.3,64.2978,0.399889
11430000,60,255.683,-21571.6,53.8513,0.388133
11445000,73,322.471,-21570.1,78.7005,0.399889
11460000,70,315.796,-21577.1,76.1611,0.400667
11475000,54,222.515,-21544.2,57.9457,0.398022
11490000,61,253.477,-21570.4,55.54,0.386933
11505000,65,276.558,-21563.4,70.0841,0.390033
11520000,75,303.461,-21571.3,87.2354,0.410933
11535000,57,241.625,-21557.2,44.965,0.3988
11550000,59,245.864,-21553.5,72.9569,0.3872
11565000,59,252.241,-21551.8,53.8766,0.385667
11580000,54,220.164,-21574.9,54.0322,0.383533
11595000,65,293.222,-21581.3,53.1253,0.397095
11610000,51,221.159,-21551.4,68.0976,0.384567
11625000,74,321.625,-21574.9,77.1077,0.4001
11640000,68,292.429,-21602.3,63.2902,0.399227
11655000,69,299.581,-21571.5,71.8917,0.401267
11670000,61,249.512,-21580.2,84.4925,0.38405
11685000,56,240.81,-21586.3,45.6039,0.386356
11700000,51,234.123,-21578.6,56.4408,0.386333
11715000,50,217.985,-21586.3,54.0361,0.377067
11730000,49,203.797,-21584.9,46.6339,0.393587
11745000,58,258.672,-21577.6,63.9773,0.384333
11760000,66,288.952,-21577.6,62.7152,0.391511
11775000,52,222.304,-21561.4,51.338,0.3906
11790000,58,231.697,-21574.9,55.9797,0.394467
11805000,60,249.974,-21585.2,51.6087,0.395933
11820000,60,266.694,-21601.8,64.6226,0.370689
11835000,60,247.634,-21587.2,61.4149,0.3889
11850000,54,217.477,-21548.6,55.9445,0.395067
11865000,71,292.115,-21584.4,78.8446,0.3918
11880000,67,307.253,-21574.6,75.3279,0.39435
11895000,67,292.189,-21576.8,72.5446,0.4043
11910000,72,317.473,-21577.4,51.9768,0.4005
11925000,67,289.534,-21540.4,76.2032,0.389333
11940000,53,223.345,-21565.8,64.5291,0.3938
11955000,57,256.301,-21553.4,48.1108,0.379
11970000,54,235.074,-21570.8,42.5808,0.379867
11985000,60,246.462,-21574.9,52.4027,0.39
12000000,84,357.107,-21547.6,73.9801,0.400267
12015000,70,304.232,-21556.3,63.2058,0.4134
12030000,48,208.788,-21575.9,44.9114,0.393214
12045000,56,229.729,-21586.8,67.2512,0.396133
12060000,64,256.849,-21568.3,56.2668,0.3914
12075000,82,348.485,-21569.4,75.8713,0.4008
12090000,61,268.505,-21576.1,67.8028,0.402683
12105000,51,211.32,-21580.6,59.2504,0.387723
12120000,59,236.897,-21571.4,52.5569,0.395267
12135000,53,229.75,-21591.7,58.6499,0.376367
12150000,51,216.028,-21582.4,49.8839,0.3944
12165000,60,249.202,-21562.1,60.5002,0.394867
12180000,64,270.196,-21599.8,65.6202,0.400289
12195000,64,272.435,-21553.6,59.4902,0.398367
12210000,62,271.636,-21589.2,51.709,0.38616
12225000,58,242.515,-21576.7,43.5987,0.398833
12240000,57,252.032,-21576.6,40.6847,0.379533
12255000,50,211.811,-21567.2,47.9727,0.383333
12270000,69,291.381,-21580.6,75.6787,0.396644
12285000,59,257.221,-21552.9,55.0938,0.392057
12300000,68,295.215,-21542.5,67.6536,0.391267
12315000,67,291.065,-21553.8,67.3166,0.399733
12330000,61,259.304,-21568.1,72.9826,0.393787
12345000,76,323.704,-21589.2,83.5529,0.393267
12360000,64,285.885,-21577.9,64.2149,0.397067
12375000,69,297.032,-21564,68.8118,0.404067
12390000,69,295.136,-21555.9,72.962,0.3918
12405000,64,255.217,-21566.3,69.0535,0.404033
12420000,63,258.428,-21564.1,57.1841,0.3956
12435000,68,303.952,-21561.7,70.4095,0.389691
12450000,62,271.28,-21577.9,59.3154,0.397867
12465000,57,236.498,-21573.3,56.4792,0.397467
12480000,65,284.216,-21613.4,49.4956,0.392547
12495000,58,256.528,-21567.2,62.9429,0.401583
12510000,64,260.413,-21565.3,47.3633,0.395633
12525000,70,276.934,-21549.8,73.8225,0.40115
12540000,68,290.329,-21558.6,62.1134,0.3974
12555000,69,279.247,-21558.7,68.9063,0.398711
12570000,66,281.385,-21557.9,57.3068,0.3937
12585000,74,320.227,-21528.6,77.458,0.403867
12600000,81,352.931,-21549.8,75.4705,0.4002
12615000,82,341.73,-21520.7,86.1092,0.3984
12630000,91,384.081,-21543,116.346,0.4102
12645000,73,312.816,-21520.7,64.6885,0.397173
12660000,73,308.882,-21517.4,71.8416,0.378867
12675000,82,366.761,-21497.3,75.799,0.393467
12690000,62,256.808,-21561.5,84.7481,0.393958
12705000,80,358.513,-21565.4,81.9322,0.395133
12720000,86,383.573,-21520.7,86.7683,0.408356
12735000,85,361.078,-21532.5,81.7224,0.399467
12750000,96,393.111,-21510.6,109.998,0.405
12765000,97,415.321,-21540.1,94.2454,0.412
12780000,87,379.789,-21546.6,88.2239,0.405867
12795000,84,364.962,-21551.8,101.55,0.4148
12810000,91,406.055,-21545.5,88.1723,0.417333
12825000,72,313.814,-21544,62.9674,0.398733
12840000,78,324.085,-21545,85.7515,0.39191
12855000,58,239.913,-21549.1,55.5715,0.39174
12870000,65,292.75,-21578.9,59.5681,0.387556
12885000,66,276.559,-21581,60.5146,0.3984
12900000,68,284.765,-21553.2,75.4276,0.38055
12915000,65,278.43,-21571.7,66.7678,0.399067
12930000,62,231.79,-21570.5,57.5575,0.390333
12945000,81,341.877,-21580.8,97.8395,0.393083
12960000,59,247.155,-21556.1,45.9901,0.398067
12975000,65,264.78,-21567.7,65.6025,0.395533
12990000,60,256.371,-21577.2,63.5181,0.407689
13005000,65,282.051,-21577.3,67.8434,0.391067
13020000,54,238.882,-21591.3,57.9314,0.384867
13035000,56,231.528,-21571.2,43.4892,0.3928
13050000,55,236.101,-21554.3,47.6527,0.393978
13065000,70,306.813,-21548.9,72.2366,0.386733
13080000,64,260.719,-21586.4,67.9495,0.396533
13095000,73,339.219,-21539.2,83.808,0.397033
13110000,70,287.314,-21559.3,65.4308,0.406267
13125000,75,331.474,-21586.9,77.4715,0.399911
13140000,64,280.244,-21552.5,71.2799,0.4038
13155000,64,274.608,-21574.7,52.6469,0.398585
13170000,60,260.461,-21563.5,57.1235,0.406467
13185000,57,244.465,-21575.3,57.6744,0.380733
13200000,63,279.263,-21560.1,59.8275,0.401567
13215000,72,317.166,-21572.7,67.0587,0.391933
13230000,58,246.277,-21567.2,53.6808,0.386067
13245000,58,245.551,-21556.8,62.8599,0.388633
13260000,69,307.82,-21569.4,75.8285,0.402267
13275000,66,298.355,-21561.8,78.2275,0.389388
13290000,73,303.634,-21558.4,74.9469,0.395917
13305000,68,299.715,-21567.9,75.5288,0.401289
13320000,51,214.757,-21582.5,56.1233,0.3918
13335000,55,235.001,-21578.9,58.1937,0.388533
13350000,71,306.795,-21540.3,74.1537,0.4006
13365000,63,263.082,-21540.3,58.5286,0.394173
13380000,66,291.018,-21549.5,54.0448,0.3931
13395000,60,261.574,-21548.1,58.8008,0.384133
13410000,70,301.644,-21546.3,75.6962,0.3899
13425000,77,323.821,-21557.1,82.6454,0.3948
13440000,71,321.341,-21583.9,65.0547,0.392467
13455000,49,205.524,-21569.8,56.5444,0.401067
13470000,55,240.97,-21566.1,54.6083,0.39297
13485000,53,224.155,-21563.5,55.0546,0.383767
13500000,45,178.785,-21587.3,48.0386,0.3924
13515000,77,334.048,-21566.9,80.6287,0.389489
13530000,87,381.603,-21556.6,89.8698,0.408533
13545000,79,336.058,-21541.6,71.8329,0.410667
13560000,56,241.969,-21557.2,69.9129,0.38483
13575000,71,316.079,-21575.2,88.9367,0.396533
13590000,55,221.27,-21562.6,58.7643,0.376067
13605000,57,252.126,-21572.7,51.6807,0.384771
13620000,68,285.199,-21551.9,60.1476,0.404644
13635000,56,245.582,-21558.8,59.9297,0.3935
13650000,57,249.032,-21578.7,51.3189,0.38505
13665000,74,311.769,-21549.9,86.5963,0.384033
13680000,69,293.378,-21551,73.9258,0.403333
13695000,64,277.511,-21553.1,65.778,0.391667
13710000,64,282.47,-21553.4,62.5031,0.398933
13725000,59,246.051,-21550.4,62.6779,0.402133
13740000,70,298.587,-21541.7,57.1085,0.4
13755000,66,287.298,-21521.5,63.4008,0.401
13770000,86,381.367,-21536.3,81.6754,0.403867
13785000,68,276.81,-21574.2,60.3463,0.396945
13800000,67,305.077,-21561.8,75.6739,0.38836
13815000,67,303.838,-21555.5,70.5423,0.3882
13830000,64,277.909,-21568.1,74.0868,0.373933
13845000,80,333.105,-21547.8,56.089,0.389333
13860000,89,382.795,-21572.9,96.062,0.398867
13875000,63,269.621,-21573.7,65.4069,0.391971
13890000,80,361.217,-21539.2,70.8653,0.4072
13905000,61,268.318,-21560.2,75.4822,0.393808
13920000,59,238.478,-21559.3,50.2033,0.390089
13935000,60,254.955,-21572.2,50.8419,0.3982
13950000,64,279.576,-21580.2,56.8059,0.390378
13965000,59,245.677,-21577.5,61.2127,0.4064
13980000,67,269.357,-21582.9,63.5206,0.3911
13995000,61,256.232,-21556.9,65.0323,0.39055
14010000,67,293.972,-21562.1,66.5739,0.392911
14025000,67,286.124,-21556.3,64.5455,0.398711
14040000,61,265.133,-21547.1,61.8073,0.3975
14055000,78,335.87,-21542,88.1037,0.394567
14070000,77,347.983,-21549.8,74.2869,0.408933
14085000,58,254.224,-21561.5,71.338,0.392333
14100000,63,268.977,-21566.4,59.8386,0.3806
14115000,68,278.639,-21568.8,68.4669,0.3956
14130000,56,230.971,-21590.4,55.008,0.387705
14145000,61,266.113,-21556.3,73.2063,0.382511
14160000,66,275.296,-21572.1,87.0773,0.3892
14175000,55,235.77,-21580.2,71.0327,0.388517
14190000,55,242.027,-21562.9,71.8734,0.389267
14205000,67,287.539,-21568.9,70.4848,0.395133
14220000,46,199.459,-21585.9,47.7794,0.385422
14235000,60,247.972,-21566.2,63.9362,0.377378
14250000,55,235.137,-21554.8,50.947,0.391533
14265000,66,281.865,-21543.8,71.3852,0.398133
14280000,60,252.981,-21545.9,58.5637,0.3836
14295000,65,293.41,-21586.1,54.0902,0.3878
14310000,63,271.664,-21569.4,47.5102,0.391267
14325000,61,264.542,-21552.1,65.4364,0.383
14340000,70,299.999,-21601.4,69.1523,0.397267
14355000,62,249.62,-21564.8,62.6109,0.3904
14370000,75,320.486,-21588.9,59.4591,0.397967
14385000,63,266.59,-21544.1,75.9358,0.3854
14400000,79,331.29,-21539.6,95.0327,0.393467
14415000,90,389.97,-21539.8,93.5835,0.408933
14430000,102,471.383,-21550.5,91.8408,0.429
14445000,103,462.849,-21552.9,96.8382,0.434133
14460000,55,242.364,-21584.4,55.9963,0.395978
14475000,53,225.366,-21606.4,51.9511,0.391933
14490000,50,203.679,-21589.7,51.3255,0.385719
14505000,56,222.971,-21561.1,50.5236,0.404517
14520000,50,214.469,-21603.9,52.0257,0.373133
14535000,71,286.963,-21568.8,90.541,0.3934
14550000,67,267.108,-21565.5,55.8251,0.394
14565000,58,241.999,-21587.6,79.5358,0.392911
14580000,58,246.174,-21556,60.5666,0.397067
14595000,57,241.05,-21609.5,65.9905,0.39692
14610000,56,235.807,-21587,45.7654,0.3868
14625000,61,241.489,-21556.4,62.2326,0.390044
14640000,52,206.328,-21582.9,46.3968,0.385453
14655000,68,271.367,-21595.1,75.9779,0.3934
14670000,68,292.402,-21567.6,72.9436,0.398833
14685000,56,234.582,-21552,66.3447,0.389133
14700000,65,268.907,-21560.4,67.3915,0.3918
14715000,51,216.46,-21568.6,57.79,0.3856
14730000,70,298.025,-21546.4,80.5442,0.3892
14745000,49,208.478,-21586.6,53.4678,0.385533
14760000,54,233.325,-21578.7,49.6027,0.391067
14775000,58,246.453,-21564.4,58.2946,0.386733
14790000,61,268.026,-21594.2,60.9628,0.402067
14805000,60,263.926,-21593.2,61.3512,0.415
14820000,61,268.055,-21596.7,61.0647,0.3928
14835000,61,256.215,-21546.5,61.152,0.38365
14850000,68,294.57,-21550.5,60.8511,0.383867
14865000,59,249.704,-21574.3,79.0854,0.391286
14880000,55,231.924,-21556.9,71.9508,0.383933
14895000,57,221.982,-21571.5,51.9296,0.384067
14910000,52,213.259,-21606.3,42.8591,0.382311
14925000,49,197.106,-21613.3,51.9819,0.385238
14940000,55,234.667,-21582.7,46.6826,0.395267
14955000,57,225.958,-21576.3,46.8999,0.36685
14970000,59,231.55,-21586.9,60.8411,0.376667
14985000,66,281.793,-21568.8,69.1008,0.38916
15000000,69,287.396,-21552.9,59.4142,0.3973
15015000,68,299.704,-21566.9,60.3356,0.390667
15030000,61,271.827,-21562.9,48.847,0.391144
15045000,66,291.256,-21562.3,69.2864,0.399
15060000,71,299.396,-21586.3,59.4254,0.4032
15075000,59,254.578,-21578.1,56.7098,0.3994
15090000,80,329.68,-21553.8,81.9985,0.397886
15105000,65,274.038,-21575.9,76.1643,0.378044
15120000,71,306.701,-21566.4,80.1437,0.4065
15135000,60,259.443,-21583.9,44.4357,0.391467
15150000,65,269.656,-21565.8,56.0535,0.4062
15165000,55,228.042,-21588.5,58.2389,0.393889
15180000,65,279.254,-21570.3,57.788,0.403333
15195000,50,195.596,-21598,51.1867,0.386033
15210000,79,320.637,-21541.9,84.1715,0.397267
15225000,81,356.828,-21553.2,71.4882,0.415467
15240000,67,297.123,-21564.3,65.496,0.399867
15255000,54,222.488,-21590.7,56.9968,0.401267
15270000,65,270.547,-21556.9,74.0777,0.3867
15285000,56,240.808,-21551.7,58.3149,0.382667
15300000,58,226.121,-21556.1,60.0256,0.3818
15315000,62,261.459,-21571,51.7674,0.3808
15330000,57,241.395,-21598.9,69.6719,0.388187
15345000,59,238.022,-21572.2,46.781,0.382333
15360000,70,300.166,-21549,65.8968,0.3924
15375000,62,262.503,-21561.5,61.5861,0.385783
15390000,60,269.863,-21606.1,51.2909,0.3996
15405000,72,319.304,-21553.4,86.8371,0.407067
15420000,69,287.687,-21544.6,67.3351,0.389017
15435000,65,274.018,-21540.3,66.9269,0.392933
15450000,69,289.353,-21537.2,70.1592,0.400733
15465000,71,289.444,-21534.7,66.6733,0.386767
15480000,65,264.086,-21550.8,67.1339,0.4025
15495000,68,294.112,-21558,67.7823,0.397514
15510000,58,252.749,-21567.9,52.9232,0.397733
15525000,54,227.028,-21554,43.809,0.388133
15540000,67,284.417,-21532.1,76.9388,0.393827
15555000,74,296.836,-21537.4,56.2885,0.3862
15570000,69,292.988,-21565.4,79.0883,0.390467
15585000,73,306.721,-21557,68.9612,0.3992
15600000,67,297.346,-21582.1,60.2002,0.398289
15615000,54,218.166,-21570.8,56.128,0.3948
15630000,58,243.203,-21551.7,60.7991,0.387089
15645000,64,272.466,-21558.1,49.7297,0.3824
15660000,69,300.944,-21564.8,62.6815,0.394733
15675000,67,306.405,-21555,65.3374,0.402067
15690000,64,274.515,-21548.5,53.3484,0.402667
15705000,61,265.486,-21570.9,66.0189,0.400511
15720000,59,243.911,-21568.7,56.6426,0.3843
15735000,67,277.669,-21572.9,51.9006,0.395867
15750000,53,214.624,-21569.7,59.1049,0.384533
15765000,56,240.426,-21555.4,60.4351,0.383033
15780000,56,250.269,-21580.9,74.3807,0.388733
15795000,62,268.591,-21579.3,67.9813,0.397533
15810000,57,256.625,-21569.8,52.0683,0.393267
15825000,69,297.497,-21585.5,80.7752,0.410133
15840000,67,280.927,-21580.3,67.3878,0.406133
15855000,65,275.785,-21594,63.1215,0.38825
15870000,65,271.975,-21531.1,64.2711,0.389817
15885000,76,326.168,-21540.1,71.5591,0.398667
15900000,79,347.058,-21533.9,64.7942,0.388133
15915000,64,264.193,-21525.6,56.8135,0.396933
15930000,77,327.001,-21536.5,66.4565,0.384267
15945000,61,254.311,-21579.9,69.434,0.394933
15960000,67,262.434,-21575.1,66.9839,0.387533
15975000,67,288.678,-21538.4,55.3578,0.384689
15990000,74,312.627,-21557.9,85.2306,0.388667
16005000,76,322.997,-21542.2,66.5711,0.400467
16020000,67,291.589,-21554.7,77.0409,0.405533
16035000,67,283.01,-21585.3,74.7148,0.394413
16050000,78,344.387,-21542.5,82.9046,0.3942
16065000,83,393.283,-21524,88.5543,0.406067
16080000,85,356.262,-21536.2,71.229,0.409267
16095000,74,295.225,-21565.3,73.9755,0.3958
16110000,75,321.265,-21544.7,83.1061,0.407227
16125000,77,327.988,-21562.8,63.7011,0.4056
16140000,69,310.193,-21544.8,76.1354,0.395756
16155000,79,348.76,-21563.2,90.8844,0.4112
16170000,76,309.59,-21554.3,87.4672,0.416133
16185000,82,349.668,-21536.8,88.6208,0.415167
16200000,98,438.489,-21544.3,96.2516,0.417
16215000,69,299.16,-21556.7,62.7777,0.397675
16230000,79,354.125,-21562.2,84.426,0.4212
16245000,64,275.366,-21532.8,72.1713,0.411427
16260000,55,242.85,-21568,50.2679,0.3928
16275000,58,230.709,-21555.7,56.1577,0.371733
16290000,53,220.413,-21574,50.2013,0.383467
16305000,47,188.766,-21577.9,38.9313,0.376617
16320000,57,245.126,-21577.5,77.0005,0.378733
16335000,58,242.802,-21594.9,57.5934,0.38879
16350000,55,247.586,-21573.2,48.1958,0.395267
16365000,59,253.028,-21584.2,68.6865,0.386844
16380000,65,273.067,-21587.3,76.4438,0.393222
16395000,73,310.046,-21574.3,74.4814,0.392978
16410000,75,316.94,-21552.9,65.9039,0.396333
16425000,74,311.453,-21592.2,71.939,0.401311
16440000,74,318.854,-21543.9,81.6342,0.398767
16455000,80,340.602,-21559.9,78.6914,0.4038
16470000,64,277.68,-21541.3,68.4799,0.406933
16485000,60,237.347,-21551.4,61.8172,0.391733
16500000,51,208.958,-21603.9,46.5329,0.391044
16515000,75,303.527,-21540.3,67.6529,0.3958
16530000,75,307.343,-21560.9,60.8504,0.4018
16545000,63,274.627,-21564,67.973,0.397683
16560000,59,245.702,-21554.4,71.6589,0.393967
16575000,56,232.565,-21538.9,45.6176,0.396467
16590000,59,245.002,-21611.5,46.7958,0.393922
16605000,63,269.588,-21549.4,65.4408,0.39005
16620000,57,235.626,-21550.1,55.1697,0.3918
16635000,58,246.416,-21565.5,61.8499,0.3823
16650000,66,283.211,-21553.5,58.8104,0.3938
16665000,80,349.392,-21545.8,94.1111,0.394267
16680000,84,365.243,-21560.2,87.8436,0.411533
16695000,58,259.782,-21568.6,58.7061,0.40201
16710000,62,262.664,-21585.6,58.5126,0.415533
16725000,68,293.878,-21549.3,68.7609,0.411933
16740000,69,275.081,-21537.2,80.6123,0.392044
16755000,66,284.632,-21560.6,62.1015,0.3947
16770000,74,303.141,-21559,79.9002,0.399733
16785000,71,290.14,-21524.8,71.5066,0.387511
16800000,65,274.239,-21571.8,62.7681,0.394967
16815000,60,252.605,-21577.4,65.4866,0.4002
16830000,72,296.545,-21562.8,53.7513,0.390667
16845000,59,247.094,-21561.5,62.3042,0.3886
16860000,56,215.863,-21592.6,49.7655,0.392433
16875000,64,270.504,-21556.7,66.0716,0.396044
16890000,56,231.642,-21575.7,55.1005,0.392433
16905000,54,223.724,-21586.5,56.1213,0.385267
16920000,65,277.369,-21561.1,63.4256,0.395978
16935000,69,296.95,-21555.2,71.2085,0.410133
16950000,77,327.481,-21560.7,93.8926,0.412867
16965000,67,285.564,-21560.8,72.4763,0.396767
16980000,62,259.702,-21583.3,61.1814,0.397933
16995000,66,284.218,-21581.5,69.7283,0.398407
17010000,70,297.453,-21561,69.8168,0.402233
17025000,69,310.057,-21552.4,69.2772,0.386733
17040000,73,311.897,-21544.5,70.9448,0.394667
17055000,77,331.908,-21550.2,80.4368,0.386267
17070000,86,365.563,-21529.3,66.502,0.409667
17085000,71,314.35,-21570,88.544,0.401622
17100000,72,306.842,-21562.2,63.5396,0.4103
17115000,88,367.288,-21564.9,111.6,0.423
17130000,81,353.667,-21531.3,70.2052,0.411133
17145000,104,450.124,-21519,89.7949,0.423767
17160000,88,378.9,-21500.4,94.7114,0.414267
17175000,93,402.235,-21511,100.452,0.406
17190000,77,320.716,-21531.8,76.4653,0.409267
17205000,70,300.453,-21576,72.3478,0.40972
17220000,89,396.685,-21521.4,89.9667,0.4137
17235000,84,378.783,-21535.2,88.2046,0.410867
17250000,90,373.515,-21531.4,81.9534,0.397467
17265000,84,360.022,-21539.6,97.1978,0.416
17280000,80,344.237,-21550.3,80.1891,0.407467
17295000,69,295.354,-21562.5,77.3169,0.404858
17310000,79,345.289,-21549.8,87.9425,0.401767
17325000,63,264.228,-21539.3,52.4967,0.390533
17340000,80,328.34,-21539.9,61.4539,0.390067
17355000,77,319.139,-21565.5,84.3202,0.400667
17370000,66,275.667,-21578.7,65.7513,0.398491
17385000,72,315.208,-21556.4,66.7624,0.399167
17400000,71,290.92,-21565.9,66.9142,0.394978
17415000,87,365.862,-21568.8,91.8666,0.408333
17430000,71,301.544,-21568.1,84.7184,0.415667
17445000,80,339.462,-21562.6,80.202,0.403867
17460000,68,291.922,-21578,66.8663,0.408633
17475000,82,342.844,-21550.6,75.2701,0.422933
17490000,82,345.845,-21542.6,77.311,0.4082
17505000,78,349.264,-21559.4,81.7643,0.412356
17520000,73,294.393,-21543.6,61.1919,0.408433
17535000,58,243.414,-21564.9,52.2551,0.413067
17550000,58,235.894,-21546.8,59.3216,0.388333
17565000,49,195.597,-21564.8,48.1384,0.389667
17580000,41,173.993,-21578.5,36.498,0.385222
17595000,58,239.382,-21561.3,61.1718,0.398453
17610000,43,180.28,-21603.7,51.0861,0.378467
17625000,40,143.666,-21566.4,45.0992,0.375867
17640000,56,244.585,-21561.7,61.3153,0.384467
17655000,56,248.789,-21584.9,55.4744,0.378867
17670000,56,233.411,-21556.7,48.201,0.3838
17685000,64,256.682,-21573.2,74.5226,0.3984
17700000,65,270.568,-21551,73.0646,0.3972
17715000,63,272.943,-21595.7,69.0048,0.395
17730000,60,248.159,-21571.3,59.8631,0.398133
17745000,57,229.671,-21574,64.288,0.392
17760000,63,268.735,-21571.8,54.2723,0.3947
17775000,63,279.581,-21580,65.8271,0.384333
17790000,51,216.834,-21575,60.095,0.378976
17805000,56,237.873,-21569.6,72.6048,0.378183
17820000,52,225.108,-21578.1,48.0085,0.379533
17835000,52,236.601,-21585.1,56.0218,0.391067
17850000,65,281.97,-21566.4,72.5631,0.394067
17865000,60,249.501,-21571.2,55.7843,0.375453
17880000,77,318.972,-21600.3,82.562,0.38985
17895000,66,251.084,-21549.6,64.277,0.398133
17910000,76,302.363,-21544.4,59.4789,0.393133
17925000,61,256.153,-21556,47.8363,0.391933
17940000,66,288.636,-21563.5,54.0653,0.403578
17955000,60,255.112,-21582.4,65.4524,0.392
17970000,64,280.353,-21583.7,62.5523,0.392533
17985000,85,376.266,-21530.2,74.6525,0.408417
18000000,71,327.598,-21568.8,59.5017,0.398642
18015000,56,234.692,-21571.7,42.2051,0.396667
18030000,75,318.422,-21564.1,79.0687,0.415933
18045000,63,264.14,-21553.5,71.5254,0.392
18060000,47,197.615,-21588.4,42.7419,0.40425
18075000,51,221.245,-21568.5,53.2646,0.382267
18090000,49,208.792,-21591.4,57.1133,0.390733
18105000,60,260.288,-21596.2,64.1009,0.377367
18120000,52,203.72,-21574.1,59.5201,0.3884
18135000,63,273.059,-21585,54.5787,0.3795
18150000,58,251.424,-21588.1,68.4377,0.387283
18165000,63,263.559,-21562.9,65.512,0.398333
18180000,60,267.648,-21593.8,57.0261,0.398833
18195000,48,206.697,-21585.5,71.4214,0.378333
18210000,58,233.616,-21549.2,51.4583,0.395111
18225000,45,196.3,-21587.8,41.0932,0.3834
18240000,68,279.215,-21572.1,70.5689,0.38555
18255000,61,251.387,-21578.9,51.2946,0.387933
18270000,57,233.366,-21570.7,55.3958,0.39835
18285000,48,192.08,-21595,54.2451,0.391367
18300000,59,250.594,-21579.4,57.3623,0.383133
18315000,56,226.532,-21561.8,66.6957,0.383689
18330000,68,290.259,-21567.3,60.462,0.396
18345000,73,321.533,-21553.7,72.8575,0.416733
18360000,56,240.775,-21549.2,51.8831,0.403367
18375000,55,234.588,-21557.6,50.7961,0.375867
18390000,64,290.696,-21577.7,64.3286,0.38577
18405000,64,266.085,-21573.1,81.7708,0.3954
18420000,50,204.222,-21567.8,50.2819,0.388147
18435000,54,223.921,-21571,60.9248,0.378933
18450000,55,240.543,-21566,60.6116,0.37945
18465000,66,273.405,-21576.7,68.2237,0.392117
18480000,61,253.32,-21568.8,63.5927,0.400022
18495000,79,323.479,-21569.3,86.0268,0.4077
18510000,51,224.882,-21597.3,49.5679,0.400767
18525000,64,283.038,-21568.1,56.4287,0.409867
18540000,53,223.02,-21584.4,51.2439,0.3896
18555000,61,254.926,-21610.7,77.5823,0.389489
18570000,66,297.12,-21614.3,75.9817,0.395333
18585000,66,276.96,-21582.8,64.0607,0.3964
18600000,47,216.198,-21622.2,61.7834,0.394467
18615000,65,255.21,-21553.4,67.0779,0.395822
18630000,61,246.09,-21551.6,65.5698,0.3932
18645000,67,278.756,-21554.5,76.4473,0.386467
18660000,72,319.695,-21549.6,71.12,0.391933
18675000,70,285.216,-21575.1,88.3605,0.394267
18690000,70,283.578,-21556.6,78.4279,0.394333
18705000,69,303.328,-21546.4,69.7173,0.3852
18720000,66,272.511,-21560.6,61.9534,0.4036
18735000,63,250.648,-21557.9,83.1545,0.3996
18750000,61,264.991,-21564.8,61.6468,0.400467
18765000,55,227.66,-21574.4,56.62,0.386497
18780000,77,344.54,-21572.3,69.4179,0.387767
18795000,75,329.328,-21555.1,73.939,0.417
18810000,70,295.217,-21588.2,82.0297,0.405533
18825000,66,278.889,-21574.1,66.0846,0.393333
18840000,71,322.245,-21572.1,53.1252,0.393933
18855000,60,245.856,-21558.1,85.6217,0.391333
18870000,63,276.662,-21583.8,74.8355,0.3866
18885000,68,316.929,-21579.9,78.0317,0.400933
18900000,54,240.961,-21571.4,50.4766,0.387619
18915000,65,269.463,-21572.8,54.0075,0.394667
18930000,61,264.022,-21593.1,56.6442,0.3866
18945000,60,258.408,-21593.8,66.7051,0.400467
18960000,58,260.929,-21603.4,71.2227,0.3986
18975000,62,265.214,-21575.6,64.7323,0.3916
18990000,57,232.757,-21578.1,58.269,0.394107
19005000,62,252.327,-21590.9,62.6246,0.376667
19020000,60,263.375,-21572.7,51.804,0.393533
19035000,73,308.505,-21557.6,71.1613,0.405067
19050000,48,210.851,-21603.8,51.8083,0.393911
19065000,45,194.447,-21593,36.9823,0.3936
19080000,57,248.678,-21587.3,54.2589,0.379933
19095000,60,250.367,-21597.2,59.3003,0.391278
19110000,58,261.479,-21557.2,49.4311,0.391033
19125000,52,221.02,-21565.2,53.2229,0.387967
19140000,69,290.814,-21580.1,74.9217,0.400733
19155000,63,267.658,-21567.1,61.5979,0.401333
19170000,71,299.989,-21571.3,91.5613,0.403967
19185000,75,332.213,-21535.3,82.4207,0.410733
19200000,82,354.375,-21543.7,95.3693,0.411333
19215000,66,287.274,-21553.6,75.2291,0.395117
19230000,62,257.719,-21556.4,68.5579,0.402567
19245000,69,306.794,-21537.7,76.5904,0.39599
19260000,60,264.492,-21534.4,63.6989,0.3946
19275000,63,286.246,-21544.3,69.2434,0.3912
19290000,63,272.73,-21572.1,62.3977,0.3957
19305000,43,176.126,-21583.9,43.8129,0.395933
19320000,67,278.702,-21556.3,60.5705,0.396667
19335000,66,272.558,-21543.7,68.9213,0.4026
19350000,64,272.788,-21553.5,77.1735,0.3852
19365000,67,278.299,-21546.9,75.2025,0.3972
19380000,55,237.807,-21575.6,66.3138,0.38208
19395000,55,242.125,-21575.2,53.8283,0.379575
19410000,64,282.123,-21558.9,60.6144,0.388422
19425000,53,231.44,-21586.9,55.0051,0.403533
19440000,56,246.181,-21581.4,50.4008,0.397
19455000,52,234.563,-21578.4,51.7726,0.378844
19470000,68,288.479,-21557.5,70.5313,0.397467
19485000,65,302.446,-21572.8,53.8373,0.3928
19500000,57,253.086,-21553.4,52.3503,0.384067
19515000,77,313.702,-21544.9,67.8443,0.398242
19530000,62,264.24,-21583.7,62.957,0.389633
19545000,73,324.27,-21522.8,66.7221,0.4025
19560000,82,370.134,-21532.3,98.9219,0.393667
19575000,76,307.749,-21523,69.4419,0.400467
19590000,79,328.867,-21527.2,58.6074,0.395867
19605000,65,275.211,-21570.7,67.1718,0.4
19620000,62,247.303,-21589.9,57.2582,0.395933
19635000,75,314.105,-21536.8,74.3701,0.391978
19650000,56,234.348,-21587.1,67.2811,0.397567
19665000,77,333.187,-21534.8,70.5389,0.400633
19680000,78,341.441,-21568.2,92.3679,0.403333
19695000,55,241.237,-21565.6,67.294,0.391933
19710000,67,292.095,-21561.2,63.1255,0.39
19725000,61,242.962,-21584.5,77.6339,0.396547
19740000,67,285.945,-21548.9,75.0786,0.3985
19755000,66,283.311,-21571.4,63.4049,0.396533
19770000,76,342.224,-21555.4,69.8453,0.404533
19785000,71,327.561,-21569.2,75.3722,0.4024
19800000,54,228.454,-21599.9,45.7237,0.389626
19815000,74,327.746,-21562.2,59.8424,0.404167
19830000,67,281.831,-21550.2,68.9825,0.409533
19845000,63,274.815,-21559.2,55.1015,0.391067
19860000,67,280.458,-21572.7,66.543,0.4026
19875000,59,248.067,-21571,66.8468,0.392333
19890000,58,259.877,-21591.3,49.2825,0.3879
19905000,51,225.323,-21586.1,42.1508,0.3866
19920000,62,261.98,-21545.1,51.381,0.3942
19935000,61,258.553,-21564.4,60.0957,0.398983
19950000,64,271.854,-21581,66.4067,0.388133
19965000,70,288.75,-21582.3,65.1849,0.409733
19980000,57,240.118,-21575.3,61.7312,0.385867
19995000,56,252.298,-21565,47.6959,0.4022
20010000,87,385.585,-21534.9,86.9323,0.402167
20025000,61,271.538,-21572.8,50.6191,0.402633
20040000,65,269.915,-21559.6,68.9536,0.3998
20055000,61,260.416,-21570.1,79.4798,0.395333
20070000,65,280.19,-21571.5,59.7533,0.398778
20085000,66,286.87,-21553.4,58.6911,0.384067
20100000,68,294.932,-21560,74.4953,0.399667
20115000,49,221.534,-21619.5,60.3177,0.384471
20130000,66,287.451,-21553.6,62.8863,0.401067
20145000,68,306.292,-21577.5,65.4557,0.3956
20160000,70,291.749,-21585,73.4961,0.410867
20175000,77,325.566,-21583.6,73.7898,0.4108
20190000,78,317.379,-21565.1,85.0074,0.403533
20205000,74,303.727,-21569.1,69.7348,0.398533
20220000,60,257.049,-21564.4,53.0945,0.395467
20235000,53,224.589,-21570.3,48.9238,0.387428
20250000,58,248.469,-21568,52.8752,0.391333
20265000,65,271.754,-21569,68.6952,0.409556
20280000,62,271.564,-21611.8,62.1881,0.389527
20295000,48,201.934,-21603.1,55.8165,0.395933
20310000,51,236.673,-21620.2,49.6127,0.401133
20325000,47,206.91,-21591.2,53.6687,0.38792
20340000,87,375.606,-21530.3,91.8878,0.39852
20355000,71,309.681,-21556.4,56.4638,0.402867
20370000,73,310.365,-21565,88.0621,0.400867
20385000,57,259.912,-21605.8,48.076,0.3904
20400000,69,299.491,-21550.1,60.9103,0.4048
20415000,67,288.915,-21560.4,73.4821,0.4016
20430000,59,253.877,-21584.4,59.6443,0.39101
20445000,66,287.905,-21548,54.4711,0.3987
20460000,77,343.695,-21543.8,75.4668,0.405333
20475000,74,342.262,-21570.4,75.1426,0.399267
20490000,76,319.906,-21575.8,75.0311,0.405267
20505000,72,300.174,-21551.5,88.0733,0.4022
20520000,72,286.973,-21571.1,82.8088,0.412267
20535000,61,267.034,-21574.5,68.5515,0.392733
20550000,61,259.813,-21569.1,62.0351,0.390333
20565000,69,287.712,-21564.8,64.0466,0.405867
20580000,52,225.968,-21595.1,45.4898,0.394593
20595000,55,239.985,-21587.7,52.0855,0.3866
20610000,56,238.11,-21568,54.3323,0.3996
20625000,61,263.065,-21557.7,59.5702,0.404433
20640000,42,186.018,-21628.5,43.0823,0.391102
20655000,65,285.777,-21603.1,74.604,0.395533
20670000,71,286.329,-21558.3,77.8801,0.392867
20685000,72,306.793,-21553.7,81.9984,0.402467
20700000,65,293.625,-21616.9,78.998,0.394417
20715000,63,265.929,-21586.3,57.0185,0.395533
20730000,57,248.901,-21597.3,44.5303,0.404833
20745000,62,253.062,-21580.6,49.698,0.402967
20760000,56,249.858,-21615.6,71.0583,0.390733
20775000,63,289.116,-21599.7,65.7606,0.394617
20790000,59,257.51,-21602,78.9381,0.405933
20805000,55,224.535,-21587.5,54.1686,0.402533
20820000,56,228.191,-21602.2,68.2014,0.399267
20835000,57,233.476,-21569.1,48.7401,0.397522
20850000,50,219.883,-21573.4,54.1596,0.387107
20865000,56,234.91,-21599.6,62.0601,0.384889
20880000,51,203.116,-21568.9,56.143,0.393911
20895000,64,266.234,-21554,62.7799,0.389533
20910000,61,267.122,-21577,44.1963,0.392467
20925000,62,272.069,-21595,41.9845,0.402933
20940000,63,280.631,-21582.5,58.6434,0.398733
20955000,65,274.865,-21579.2,81.8907,0.389933
20970000,68,292.949,-21564.9,58.5406,0.398767
20985000,59,266.158,-21580.1,42.7866,0.395067
21000000,57,252.638,-21598.6,56.0272,0.3967
21015000,52,229.914,-21589.4,53.8688,0.390017
21030000,50,206.605,-21583.1,50.1406,0.3974
21045000,53,227.503,-21562.1,54.7605,0.389633
21060000,53,197.699,-21579.3,50.686,0.392867
21075000,69,278.175,-21570.5,65.5147,0.384733
21090000,58,250.376,-21578.9,48.6252,0.387778
21105000,70,281.143,-21559.6,67.5836,0.406633
21120000,68,296.995,-21550.8,71.6225,0.391667
21135000,56,237.831,-21581.2,70.575,0.388048
21150000,64,288.026,-21573.8,67.4709,0.408633
21165000,65,260.856,-21567.7,61.4295,0.408133
21180000,56,234.111,-21568.8,52.3464,0.394533
21195000,53,231.821,-21571.6,53.1605,0.384333
21210000,48,215.299,-21580.5,47.4459,0.396258
21225000,57,247.639,-21571,58.6093,0.386467
21240000,56,235.177,-21570.6,60.8559,0.392229
21255000,59,244.86,-21577.8,58.9552,0.380433
21270000,60,255.892,-21579.4,74.8138,0.3923
21285000,65,270.247,-21553.2,65.5981,0.397033
21300000,70,296.483,-21567.5,58.5198,0.393467
21315000,68,297.345,-21561.9,57.6606,0.392648
21330000,67,280.354,-21558.5,59.9835,0.395044
21345000,66,282.784,-21566.3,57.7044,0.4116
21360000,56,243.491,-21563.2,57.9614,0.378333
21375000,51,218.709,-21577.8,46.0338,0.380933
21390000,51,224.576,-21581.8,46.8156,0.382267
21405000,60,263.106,-21557.6,58.3628,0.3742
21420000,60,265.764,-21568.1,64.6357,0.3884
21435000,63,266.612,-21576.3,64.406,0.395305
21450000,62,260.232,-21560.8,47.9357,0.393067
21465000,45,204.137,-21584.5,45.6407,0.382611
21480000,51,236.037,-21577.3,40.2826,0.393667
21495000,58,255.413,-21543.8,51.729,0.389333
21510000,67,295.62,-21539.2,73.0301,0.380533
21525000,66,284.339,-21556,57.6306,0.391067
21540000,73,314.4,-21545.4,79.2299,0.395167
21555000,76,307.196,-21522.6,66.5464,0.398067
21570000,56,249.293,-21590.2,61.8807,0.392467
21585000,70,308.05,-21548,83.4783,0.3995
21600000,88,364.516,-21538,94.2154,0.412467
21615000,83,358.673,-21518.6,72.4087,0.4284
21630000,77,349.798,-21522.1,61.947,0.4024
21645000,80,341.065,-21530.1,91.7223,0.407133
21660000,66,298.721,-21582.8,61.5127,0.396611
21675000,59,257.237,-21562.5,61.2435,0.396533
21690000,68,298.88,-21532.8,61.6584,0.395222
21705000,58,263.476,-21538.2,50.9171,0.394333
21720000,68,293.132,-21569.7,54.5847,0.3952
21735000,60,254.215,-21570.3,55.0393,0.398324
21750000,73,329.518,-21564.8,66.5427,0.394022
21765000,85,391.689,-21561.1,75.0952,0.403567
21780000,69,301.795,-21545.8,79.0079,0.401667
21795000,77,338.248,-21549,85.6046,0.395333
21810000,75,330.265,-21524.6,79.3377,0.400867
21825000,75,334.903,-21523.7,82.5671,0.393267
21840000,87,387.789,-21521.7,105.779,0.409467
21855000,50,225.888,-21572.2,39.5676,0.387733
21870000,58,251.519,-21561.9,66.3107,0.399495
21885000,59,249.21,-21586.1,51.5346,0.397333
21900000,76,336.536,-21580.4,73.6782,0.407267
21915000,60,246.043,-21562,49.9157,0.393213
21930000,52,228.047,-21584,58.4347,0.389307
21945000,52,232.618,-21558.2,47.2679,0.3772
21960000,65,272.514,-21595.3,58.796,0.388417
21975000,76,330.316,-21535.8,64.6375,0.388367
21990000,66,293.192,-21550.8,63.784,0.396267
22005000,73,313.251,-21544.9,76.7277,0.3988
22020000,54,235.794,-21563.6,39.5813,0.392867
22035000,59,244.357,-21572.5,56.8899,0.393493
22050000,52,227.451,-21570.5,50.8225,0.389058
22065000,51,225.57,-21595.8,52.7652,0.3782
22080000,50,223.861,-21575.1,41.0566,0.377333
22095000,51,219.618,-21571,50.0993,0.3808
22110000,56,246.668,-21556.7,49.5699,0.3982
22125000,67,299.574,-21558.2,63.835,0.383143
22140000,73,322.96,-21573.5,77.7519,0.410733
22155000,62,262.076,-21568.5,75.9353,0.387808
22170000,57,228.363,-21576.8,60.6047,0.402533
22185000,66,272.97,-21585.8,66.7617,0.398733
22200000,61,257.062,-21585.3,60.4775,0.398533
22215000,68,275.761,-21592.6,69.2211,0.393333
22230000,62,272.025,-21572.7,64.0513,0.392356
22245000,67,315.29,-21568.2,69.3687,0.388985
22260000,46,212.397,-21577.7,36.7496,0.390533
22275000,55,223.818,-21592.8,46.7247,0.395933
22290000,49,212.442,-21568.7,43.0913,0.396833
22305000,59,274.574,-21563.5,70.4393,0.394022
22320000,66,293.675,-21593.1,66.6104,0.3847
22335000,57,245.802,-21586.9,54.2886,0.383083
22350000,68,303.372,-21552.8,75.5291,0.4052
22365000,76,327.76,-21577.3,84.0164,0.399683
22380000,75,329.588,-21553.4,90.8953,0.398333
22395000,78,317.365,-21531.4,73.2478,0.39965
22410000,81,319.412,-21548.1,77.4173,0.404533
22425000,86,360.838,-21521.2,87.5194,0.405667
22440000,77,312.424,-21530.4,73.2823,0.405933
22455000,55,235.263,-21579.3,69.5084,0.395648
22470000,75,335.484,-21532.7,93.4798,0.406867
22485000,71,309.373,-21546,68.443,0.3928
22500000,61,260.464,-21530.4,58.9167,0.379
22515000,63,279.888,-21549.4,49.3842,0.3942
22530000,74,310.294,-21553.1,76.2486,0.400683
22545000,89,388.811,-21568.5,89.8308,0.405679
22560000,80,352.286,-21556.7,75.4655,0.422533
22575000,76,338.242,-21573.9,69.6903,0.4152
22590000,75,326.765,-21588.2,66.4872,0.413667
22605000,64,252.697,-21560.1,75.2915,0.408667
22620000,68,305.366,-21562.6,70.4374,0.40101
22635000,74,321.945,-21541,87.6026,0.3948
22650000,52,213.438,-21546.4,49.7384,0.390178
22665000,59,267.455,-21566,69.2756,0.398387
22680000,70,325.617,-21567.7,87.4278,0.401022
22695000,51,214.624,-21541.5,50.5658,0.382578
22710000,61,270.295,-21560.6,57.0952,0.389633
22725000,51,217.681,-21558,48.291,0.386883
22740000,76,344.244,-21581.8,79.3548,0.389733
22755000,71,323.046,-21567.1,59.5864,0.398467
22770000,62,254.975,-21550.3,61.7153,0.399467
22785000,49,211.126,-21561.9,41.0076,0.391733
22800000,48,199.658,-21572,45.6083,0.38616
22815000,50,203.79,-21585.3,48.1865,0.386067
22830000,52,233.013,-21579,59.5004,0.38135
22845000,54,225.905,-21571,61.9239,0.381883
22860000,54,227.433,-21574.5,52.842,0.387267
22875000,47,171.063,-21580.9,44.6567,0.383317
22890000,57,242.689,-21570.6,57.5073,0.383833
22905000,60,257.045,-21583.7,55.2603,0.388933
22920000,56,242.799,-21601.9,41.8744,0.378756
22935000,74,312.43,-21543.5,81.1623,0.401367
22950000,75,314.229,-21516.4,74.0923,0.395133
22965000,79,341.452,-21527.1,77.2889,0.3972
22980000,88,363.985,-21530.4,94.5288,0.400533
22995000,57,254.182,-21593.4,46.6158,0.388358
23010000,81,369.853,-21579.4,74.6878,0.404067
23025000,62,274.299,-21558.4,59.9569,0.402133
23040000,67,297.825,-21579.7,70.1059,0.393933
23055000,53,207.992,-21569.8,49.0922,0.387067
23070000,56,238.238,-21571.7,66.714,0.391133
23085000,59,257.563,-21565.3,54.5951,0.401533
23100000,56,238.753,-21591.4,62.1488,0.384544
23115000,62,271.28,-21568.7,56.7495,0.403933
23130000,58,255.968,-21555.4,52.9503,0.396933
23145000,56,232.89,-21616.6,50.9268,0.38942
23160000,40,179.377,-21607.3,33.9354,0.369867
23175000,70,305.31,-21562.5,66.0197,0.3998
23190000,69,278.87,-21541,68.0662,0.394333
23205000,71,285.294,-21551.1,94.9569,0.400333
23220000,65,283.572,-21570.1,62.7394,0.404133
23235000,74,331.083,-21554.6,68.5883,0.4056
23250000,74,297.932,-21563.3,92.7323,0.4124
23265000,71,312.294,-21566.1,76.3524,0.411
23280000,60,261.251,-21574.2,52.6735,0.392953
23295000,49,217.107,-21583.6,54.456,0.386533
23310000,50,216.651,-21601.8,53.5429,0.3774
23325000,70,301.765,-21564.1,71.5115,0.39735
23340000,67,297.629,-21585.5,72.3752,0.401333
23355000,61,253.415,-21577.6,52.2589,0.393378
23370000,62,271.107,-21578.4,52.8462,0.397733
23385000,50,224.408,-21581.3,54.176,0.388219
23400000,56,260.382,-21580.3,54.491,0.3788
23415000,70,300.92,-21554.5,80.8583,0.409533
23430000,74,321.997,-21533.5,68.6873,0.4062
23445000,61,256.363,-21559.4,61.21,0.396744
23460000,57,246.268,-21568.9,53.0079,0.3916
23475000,55,226.113,-21584,54.7415,0.394124
23490000,54,233.784,-21598.4,41.5898,0.401433
23505000,66,289.229,-21578,56.9698,0.400289
23520000,52,233.477,-21562.1,34.6781,0.383033
23535000,69,322.408,-21576.2,54.4818,0.4117
23550000,60,262.911,-21594.2,59.0845,0.398747
23565000,62,280.464,-21583.5,67.1553,0.402667
23580000,65,288.283,-21597.3,73.6716,0.4066
23595000,73,315.333,-21572.7,67.0062,0.395517
23610000,77,334.132,-21562,72.6005,0.4164
23625000,68,288.72,-21574.3,62.4459,0.3984
23640000,50,214.279,-21560.8,52.3635,0.386717
23655000,62,275.309,-21574.3,56.9127,0.379
23670000,49,207.978,-21590.3,51.7126,0.399778
23685000,51,212.36,-21607.2,43.4292,0.3904
23700000,61,269.526,-21564.3,74.2543,0.389578
23715000,66,281.144,-21540.1,78.0303,0.395067
23730000,46,184.198,-21582.4,58.7923,0.386527
23745000,49,215.429,-21561.4,60.3417,0.381033
23760000,45,175.041,-21588.3,35.2789,0.374667
23775000,57,219.37,-21566.9,52.2457,0.384533
23790000,64,276.728,-21562.6,62.5104,0.399867
23805000,60,244.199,-21577.7,63.3789,0.384173
23820000,63,274.037,-21557.1,74.8848,0.394733
23835000,65,281.963,-21562.7,69.5982,0.389133
23850000,59,242.547,-21550.6,58.4977,0.380333
23865000,63,276.438,-21570.9,73.1478,0.3992
23880000,57,246.454,-21575.2,42.8097,0.397267
23895000,54,222.938,-21590.1,43.9428,0.3904
23910000,61,251.818,-21583,62.2733,0.376916
23925000,69,286.772,-21555.8,61.2713,0.393967
23940000,54,241.897,-21579.3,45.8332,0.38426
23955000,58,252.742,-21579.7,52.6952,0.397867
23970000,71,298.876,-21583.4,76.71,0.389622
23985000,62,267.732,-21583.5,57.0518,0.3966
24000000,66,279.566,-21558.4,55.9666,0.393
24015000,62,264.797,-21598.2,72.1833,0.393829
24030000,61,246.754,-21563.8,60.2682,0.385733
24045000,64,271.676,-21598.1,59.2407,0.401167
24060000,68,283.077,-21560.4,70.6667,0.395267
24075000,52,233.426,-21565.5,59.3605,0.389483
24090000,72,278.727,-21568.4,73.6079,0.398133
24105000,58,249.012,-21567.4,55.8067,0.3926
24120000,52,224.66,-21588,42.0039,0.390133
24135000,58,266.644,-21557.8,60.8747,0.386933
24150000,61,264.557,-21568.7,55.0181,0.396783
24165000,74,312.736,-21538.2,75.4533,0.399467
24180000,68,294.667,-21564.5,69.773,0.397667
24195000,55,232.424,-21601.2,61.8109,0.38936
24210000,48,209.186,-21578.6,49.5616,0.389187
24225000,61,260.511,-21559.2,47.6478,0.392956
24240000,60,239.595,-21568.5,55.1036,0.389
24255000,58,253.084,-21585.1,65.3872,0.389911
24270000,63,252.582,-21542.1,53.179,0.399667
24285000,68,285.004,-21556.6,69.0179,0.396667
24300000,80,346.564,-21577.9,74.9994,0.39761
24315000,85,354.686,-21569,94.5236,0.4102
24330000,66,286.827,-21542.7,69.6334,0.409467
24345000,64,271.17,-21569.2,65.4505,0.4062
24360000,78,336.95,-21553,90.2093,0.408267
24375000,47,199.332,-21607.1,41.5194,0.398107
24390000,71,303.646,-21562.1,59.3781,0.4024
24405000,73,311.757,-21563.9,68.9268,0.410467
24420000,63,281.126,-21568.3,52.1415,0.393388
24435000,61,273.287,-21556.4,74.7266,0.408
24450000,57,249.253,-21557.2,52.3936,0.383333
24465000,84,355.906,-21561.6,89.5549,0.40365
24480000,68,285.219,-21553,55.1557,0.401267
24495000,48,212.429,-21567.3,46.8252,0.389511
24510000,58,221.974,-21573.9,68.4557,0.3843
24525000,46,193.593,-21589.7,42.7597,0.391533
24540000,65,279.949,-21567.5,71.4994,0.379667
24555000,65,284.922,-21575.5,76.2955,0.401
24570000,50,211.497,-21592.8,58.975,0.3768
24585000,70,302.319,-21551.1,71.3959,0.4018
24600000,73,306.729,-21541,88.878,0.405533
24615000,62,276.531,-21541.1,58.5035,0.384533
24630000,74,318.359,-21551.8,80.8285,0.389867
24645000,70,304.821,-21567.3,71.6097,0.404067
24660000,62,274.695,-21561.7,61.5548,0.404533
24675000,60,239.864,-21558.4,71.5608,0.395267
24690000,56,239.677,-21549.4,54.6698,0.383133
24705000,67,269.177,-21569.1,64.5025,0.3878
24720000,69,288.176,-21547.1,76.3775,0.405533
24735000,62,264.979,-21595.1,63.7172,0.390267
24750000,63,277.587,-21571.3,64.4854,0.398867
24765000,54,244.527,-21565.1,48.6805,0.371538
24780000,54,236.597,-21557.3,56.3036,0.371867
24795000,63,282.487,-21553.4,65.0673,0.390133
24810000,65,273.766,-21585.7,70.8337,0.385211
24825000,63,275.657,-21575.3,57.0271,0.3907
24840000,75,335.219,-21577.2,70.5814,0.396333
24855000,50,207.755,-21574.1,60.6008,0.389511
24870000,68,307.137,-21548.5,79.0031,0.4013
24885000,53,231.387,-21545.1,55.1286,0.3848
24900000,63,271.879,-21556.4,63.0101,0.3786
24915000,68,301.311,-21548.3,71.7616,0.387467
24930000,64,261.605,-21563.3,69.1833,0.3966
24945000,64,270.695,-21577.4,56.42,0.389667
24960000,62,267.169,-21553,62.243,0.405067
24975000,56,240.83,-21576.5,67.9297,0.3852
24990000,57,235.952,-21554.6,52.5934,0.391133
25005000,60,271.136,-21539.8,70.0344,0.397733
25020000,51,221.722,-21608.8,51.1954,0.388196
25035000,57,256.985,-21566.8,58.7437,0.384533
25050000,60,257.602,-21540.7,62.0376,0.397781
25065000,67,269.571,-21523.4,62.5483,0.3852
25080000,55,234.188,-21567.1,64.5506,0.381578
25095000,74,315.958,-21549.1,76.7859,0.396833
25110000,90,383.549,-21538.8,107.45,0.408533
25125000,84,361.286,-21535.1,82.0782,0.405333
25140000,52,236.631,-21604.6,45.5043,0.392967
25155000,89,383.888,-21538.1,75.4097,0.410433
25170000,55,231.129,-21604.3,36.8941,0.386933
25185000,72,292.243,-21547.8,75.2724,0.408233
25200000,54,233.941,-21549.1,59.2872,0.383933
25215000,61,251.234,-21571.9,70.7327,0.377867
25230000,52,230.219,-21589.2,51.1546,0.380067
25245000,66,295.05,-21545.5,88.6997,0.387152
25260000,71,312.283,-21553.3,60.6629,0.3994
25275000,65,267.519,-21548.3,75.1492,0.38405
25290000,74,323.917,-21556.4,70.6481,0.3995
25305000,70,310.062,-21565.5,61.4293,0.394667
25320000,63,267.716,-21560.1,72.0146,0.396522
25335000,46,187.69,-21544.5,47.9119,0.3927
25350000,63,280.328,-21577.8,57.7511,0.391947
25365000,64,268.939,-21597.6,64.0368,0.388711
25380000,69,296.781,-21546.4,60.7852,0.3969
25395000,74,311.458,-21558.4,81.9135,0.404933
25410000,67,287.169,-21535.8,72.718,0.378667
25425000,71,307.749,-21557.4,71.1942,0.3954
25440000,71,320.616,-21540.6,83.1979,0.3892
25455000,73,293.884,-21535.5,83.5838,0.401956
25470000,66,270.169,-21544.8,74.7963,0.384067
25485000,80,344.26,-21548,79.9364,0.393733
25500000,82,359.351,-21548.3,70.5398,0.409
25515000,67,289.673,-21565.2,75.5044,0.388813
25530000,63,254.093,-21561.6,83.7344,0.390033
25545000,52,211.539,-21560.9,46.861,0.394467
25560000,61,258.361,-21573.2,59.6456,0.3923
25575000,51,238.935,-21580.5,57.2455,0.3933
25590000,71,307.834,-21560.6,84.4476,0.383933
25605000,55,238.782,-21597.5,65.2344,0.390233
25620000,67,295.632,-21588.6,62.7761,0.390311
25635000,52,222.559,-21570.4,50.256,0.384289
25650000,44,189.402,-21587.3,44.4399,0.377644
25665000,62,278.173,-21573.3,51.5616,0.385133
25680000,62,269.224,-21566.3,78.3467,0.3896
25695000,61,265.446,-21593.4,68.1079,0.385933
25710000,55,232.662,-21556.3,59.5429,0.388833
25725000,66,278.453,-21558.9,64.5025,0.380667
25740000,64,276.51,-21544.3,65.2663,0.3862
25755000,73,305.31,-21556.7,71.3707,0.387333
25770000,79,347.642,-21555.4,87.5183,0.3907
25785000,45,198.57,-21587.9,35.4047,0.378033
25800000,71,305.249,-21548,75.6124,0.382467
25815000,65,283.043,-21532.1,58.9416,0.383667
25830000,48,213.08,-21585.7,41.8265,0.370511
25845000,42,184.938,-21584.4,48.4577,0.367067
25860000,58,241.851,-21554.6,70.7246,0.391089
25875000,65,280.98,-21576.6,74.6858,0.39716
25890000,65,273.406,-21565.2,64.8669,0.375511
25905000,56,238.825,-21582.7,52.3262,0.393633
25920000,54,230.44,-21577.4,45.4056,0.375933
25935000,51,220.344,-21599.7,52.7017,0.379622
25950000,49,211.58,-21592.3,56.0435,0.389344
25965000,42,182.514,-21580.3,30.6465,0.380033
25980000,55,231.941,-21545.5,54.6576,0.37225
25995000,51,211.261,-21565.5,56.478,0.373767
26010000,64,266.193,-21533.5,63.4456,0.361067
26025000,64,288.733,-21545.6,47.51,0.377
26040000,58,264.188,-21578.5,65.4186,0.379244
26055000,71,304.004,-21531.5,67.4886,0.392433
26070000,53,226.132,-21580.7,44.1303,0.382567
26085000,58,255.688,-21590.2,77.7786,0.385363
26100000,57,248.137,-21583.5,63.1918,0.383467
26115000,85,375.995,-21540.7,83.6758,0.39695
26130000,88,368.917,-21541.7,86.6663,0.4002
26145000,79,359.002,-21544,82.2542,0.407733
26160000,87,379.557,-21546.7,106.76,0.411133
26175000,92,404.639,-21539.6,75.5291,0.413733
26190000,78,344.54,-21580.6,73.764,0.406311
26205000,67,288.884,-21566.8,66.4533,0.4108
26220000,72,306.734,-21566.5,84.524,0.4142
26235000,74,334.658,-21526,65.2548,0.395217
26250000,68,296.362,-21531.4,86.9412,0.381733
26265000,66,303.773,-21550.7,69.6505,0.384733
26280000,70,303.887,-21525.8,77.6033,0.3898
26295000,71,292.962,-21536.1,69.5492,0.386133
26310000,73,321.806,-21548.5,70.759,0.401133
26325000,77,334.697,-21546,74.8376,0.4122
26340000,68,278.929,-21576.3,65.1528,0.3971
26355000,61,261.486,-21530,54.483,0.389633
26370000,67,297.923,-21552.5,69.2332,0.3848
26385000,51,223.593,-21585.6,48.4459,0.378978
26400000,75,314.149,-21542.2,67.1019,0.392133
26415000,67,275.888,-21525.8,76.6982,0.396333
26430000,82,351.483,-21552.2,77.2073,0.398333
26445000,72,306.164,-21537.6,84.4741,0.4002
26460000,74,336.524,-21568,71.5303,0.3884
26475000,74,331.83,-21527.1,72.977,0.3964
26490000,77,339.358,-21519.1,86.2269,0.3878
26505000,77,328.122,-21513.1,103.85,0.393667
26520000,88,381.579,-21525.1,81.8276,0.3968
26535000,77,322.388,-21512.2,78.0062,0.3946
26550000,51,216.218,-21577.5,41.2079,0.384083
26565000,89,372.615,-21553.7,109.276,0.397633
26580000,89,381.282,-21528,106.158,0.423533
26595000,71,286.384,-21539.5,63.5972,0.4026
26610000,79,346.788,-21539,86.5635,0.399067
26625000,94,429.771,-21538,86.7845,0.410467
26640000,74,324.935,-21538.5,74.4042,0.404533
26655000,76,337.507,-21533,77.9341,0.415267
26670000,55,232.714,-21580.2,62.6171,0.389676
26685000,67,298.159,-21536.1,54.7897,0.3957
26700000,61,269.22,-21551.2,68.3669,0.39292
26715000,69,304.166,-21529.2,52.8352,0.392567
26730000,66,290.633,-21533.6,65.0429,0.3966
26745000,63,273.816,-21530.3,68.416,0.396778
26760000,76,336.812,-21544.3,69.5101,0.401767
26775000,63,263.977,-21555.2,53.4836,0.3983
26790000,69,293.709,-21545.1,83.0026,0.394467
26805000,70,308.845,-21570.5,93.455,0.400667
26820000,65,276.45,-21564.6,60.7206,0.402467
26835000,70,308.743,-21535.8,62.6513,0.400147
26850000,58,261.639,-21568.3,73.4207,0.394356
26865000,49,219.415,-21601,54.2488,0.403178
26880000,60,263.632,-21549.9,47.9336,0.388733
26895000,73,331.6,-21552.4,80.1404,0.388933
26910000,62,272.423,-21544.4,63.043,0.3842
26925000,63,262.882,-21593.2,76.0677,0.387227
26940000,64,277.203,-21567.2,61.2173,0.390733
26955000,67,298.078,-21545.4,62.9824,0.383578
26970000,66,296.869,-21556.8,69.0235,0.387095
26985000,63,265.454,-21559.9,70.311,0.395867
27000000,61,273.057,-21533.2,57.0249,0.402889
27015000,57,266.597,-21567.6,54.4035,0.392093
27030000,63,271.618,-21560.1,53.6566,0.393633
27045000,57,248.428,-21531.9,50.6613,0.393267
27060000,60,254.019,-21578.8,48.1085,0.38
27075000,78,350.662,-21569.8,79.8031,0.408133
27090000,64,292.675,-21565.9,76.1377,0.4076
27105000,73,317.342,-21567.5,69.2848,0.390867
27120000,77,328.038,-21566,80.5082,0.396933
27135000,68,301.355,-21568.4,74.7316,0.407333
27150000,67,260.064,-21561.6,67.2588,0.396156
27165000,56,234.738,-21552.5,52.5824,0.388067
27180000,64,279.045,-21557.4,74.8007,0.400433
27195000,66,275.136,-21551.3,75.5908,0.3952
27210000,56,238.806,-21588.6,50.0785,0.393947
27225000,63,275.183,-21567,55.4945,0.400533
27240000,70,290.694,-21579.3,74.9618,0.401367
27255000,68,296.089,-21575.4,80.7253,0.418567
27270000,58,233.83,-21574.3,55.1608,0.3928
27285000,61,256.362,-21578.3,52.6171,0.396067
27300000,55,238.21,-21546.9,51.7916,0.389696
27315000,59,258.765,-21578.2,60.8563,0.402867
27330000,69,294.992,-21546.7,59.5127,0.386333
27345000,58,247.924,-21588.8,45.1069,0.387533
27360000,94,373.416,-21535.1,88.7637,0.404033
27375000,59,237.765,-21613.1,49.76,0.397533
27390000,58,222.694,-21559.1,68.3921,0.400133
27405000,62,268.352,-21573,57.7026,0.39872
27420000,67,295.57,-21573,82.1346,0.389667
27435000,65,283.261,-21581.7,58.5161,0.4034
27450000,60,266.847,-21555.2,59.4393,0.389053
27465000,65,283.368,-21564,55.2433,0.39424
27480000,60,265.47,-21560.9,57.9837,0.409233
27495000,60,264.576,-21564.7,50.933,0.391867
27510000,60,273.181,-21572.1,57.1202,0.386
27525000,45,194.545,-21586,43.5602,0.380356
27540000,64,277.693,-21570.9,63.7789,0.3878
27555000,52,217.401,-21550.5,55.2212,0.381033
27570000,58,259.541,-21557.4,41.3908,0.383067
27585000,70,292.9,-21540.6,61.2246,0.393543
27600000,83,364.7,-21534.8,100.302,0.4088
27615000,60,277.762,-21551.9,65.1821,0.39135
27630000,85,377.988,-21538.6,77.1317,0.415067
27645000,81,353.105,-21562.5,89.972,0.4042
27660000,53,219.365,-21560.9,49.9238,0.386556
27675000,76,322.501,-21582,86.3552,0.400767
27690000,74,319.876,-21549.9,71.8536,0.391242
27705000,65,283.5,-21554.7,64.5402,0.394933
27720000,69,309.398,-21552.9,79.2925,0.397556
27735000,73,332.248,-21563.5,68.0732,0.398367
27750000,61,264.236,-21570.4,58.5305,0.397933
27765000,57,258.366,-21545.9,62.7032,0.38976
27780000,62,252.299,-21549.9,65.8844,0.374267
27795000,52,211.496,-21558.6,53.1898,0.376733
27810000,56,232.237,-21549.3,54.0186,0.3732
27825000,54,224.631,-21594.6,44.7944,0.37641
27840000,70,299.921,-21529.5,85.6413,0.392533
27855000,52,214.341,-21555.3,50.3767,0.386267
27870000,62,271.128,-21537,82.7308,0.385433
27885000,58,253.339,-21585.1,51.9174,0.386111
27900000,72,316.033,-21576,76.1612,0.380133
27915000,76,331.105,-21561.8,73.4491,0.4102
27930000,75,331.289,-21549.4,63.4003,0.413133
27945000,81,355.348,-21527.7,63.7482,0.3903
27960000,64,275.817,-21545.1,71.4523,0.403767
27975000,70,282.549,-21508.3,85.4906,0.3887
27990000,79,348.727,-21507.1,72.4384,0.397933
28005000,80,329.005,-21502.7,83.6909,0.404533
28020000,74,322.79,-21526.4,77.2954,0.393133
28035000,67,282.495,-21527.6,71.9675,0.3948
28050000,71,312.197,-21517.9,79.5378,0.391067
28065000,62,259.157,-21609,50.3629,0.400483
28080000,56,251.481,-21582,54.6901,0.401733
28095000,67,282.476,-21522.8,68.5009,0.393844
28110000,61,248.38,-21527,63.998,0.393
28125000,65,242.882,-21538.8,68.1608,0.386667
28140000,47,198.529,-21586.5,56.0907,0.3971
28155000,69,312.926,-21540.7,58.8157,0.392867
28170000,66,287.946,-21578.7,83.0864,0.385476
28185000,60,258.922,-21525.7,65.8493,0.390633
28200000,69,300.083,-21539.2,70.9474,0.381733
28215000,47,212.343,-21586.9,56.0354,0.384667
28230000,49,209.328,-21565.3,40.2741,0.399967
28245000,44,179.065,-21559.6,37.9678,0.389667
28260000,50,222.689,-21561.5,47.5552,0.3842
28275000,61,261.647,-21549.2,66.4725,0.386933
28290000,54,229.634,-21579.9,53.5593,0.386467
28305000,70,302.041,-21550.9,67.4508,0.38476
28320000,74,302.224,-21541,60.2157,0.392
28335000,68,295.147,-21563.3,69.9661,0.402956
28350000,60,264.783,-21569.1,69.825,0.394147
28365000,72,317.535,-21563.2,67.8101,0.401133
28380000,66,266.156,-21565.2,76.5212,0.4014
28395000,69,296.874,-21544,64.1334,0.4039
28410000,64,281.244,-21556.9,59.5904,0.392833
28425000,59,259.664,-21564.6,67.2796,0.382533
28440000,62,275.85,-21572.3,61.9158,0.3964
28455000,51,220.806,-21573.5,59.1516,0.391607
28470000,66,270.474,-21548.2,64.6349,0.395533
28485000,57,232.654,-21584.4,60.8772,0.389417
28500000,57,257.541,-21566.6,53.0096,0.39945
28515000,53,233.854,-21608.6,56.6964,0.391867
28530000,53,215.664,-21570.9,58.7561,0.387933
28545000,55,239.217,-21578.4,60.9658,0.389933
28560000,63,262.809,-21552.8,66.8827,0.388033
28575000,58,254.058,-21558,62.2812,0.389833
28590000,69,292.498,-21577.4,76.3377,0.382987
28605000,88,388.279,-21534.6,84.7623,0.4048
28620000,93,417.548,-21537.6,94.7469,0.421667
28635000,70,321.584,-21529.8,65.553,0.416267
28650000,64,302.088,-21561.7,59.5874,0.407
28665000,57,252.986,-21571.2,58.3732,0.401457
28680000,57,251.299,-21569.4,59.9426,0.399933
28695000,68,284.503,-21553.2,75.9093,0.3914
28710000,61,266.052,-21531.8,53.4736,0.386467
28725000,60,257.72,-21548.6,67.5829,0.377689
28740000,73,303.183,-21542.6,66.759,0.397
28755000,83,368.827,-21560.3,86.3394,0.395333
28770000,74,321.477,-21541.6,79.8261,0.3987
28785000,71,315.598,-21569.3,51.6779,0.3864
28800000,74,330.489,-21555.6,61.1895,0.406133
28815000,73,313.564,-21547.7,90.5958,0.400933
28830000,75,331.807,-21534.6,79.992,0.401283
28845000,73,314.521,-21540.1,61.4866,0.397667
28860000,53,229.787,-21564.4,50.6651,0.39564
28875000,66,284.032,-21542.6,56.4088,0.386733
28890000,69,304.355,-21535,66.0913,0.3906
28905000,67,308.587,-21553,69.8687,0.390244
28920000,58,263.709,-21568.6,66.1975,0.387333
28935000,54,233.579,-21564.7,60.0066,0.3944
28950000,59,257.655,-21557.1,54.5754,0.386267
28965000,53,220.454,-21558.8,53.1535,0.387295
28980000,69,305.212,-21571.6,77.754,0.386022
28995000,72,329.256,-21545.2,67.7921,0.401967
29010000,52,200.213,-21585,45.454,0.3963
29025000,67,295.788,-21564.3,71.0947,0.40104
29040000,68,302.552,-21564,71.5625,0.403333
29055000,59,264.923,-21580.9,48.8485,0.393578
29070000,77,334.062,-21579.9,72.3175,0.407933
29085000,67,296.092,-21555,77.7819,0.403333
29100000,58,250.185,-21584.7,60.8599,0.393622
29115000,50,219.384,-21584.3,44.3313,0.386267
29130000,64,290.079,-21561.3,72.7426,0.383156
29145000,53,223.865,-21577.7,44.9206,0.4011
29160000,64,269.824,-21568.4,63.0102,0.406467
29175000,47,202.741,-21597.6,49.1781,0.394467
29190000,58,256.175,-21554.1,51.2302,0.385533
29205000,54,240.604,-21606.2,63.2105,0.385322
29220000,50,234.241,-21588.1,50.5565,0.383689
29235000,69,305.522,-21524.9,78.3674,0.388911
29250000,62,269.041,-21553,55.1016,0.393267
29265000,50,211.602,-21575.6,63.4986,0.388333
29280000,63,289.675,-21543,58.6759,0.3846
29295000,49,214.182,-21526.9,49.5189,0.376133
29310000,64,274.85,-21550.9,66.4658,0.364467
29325000,65,274.937,-21531.1,77.9565,0.390867
29340000,68,295.19,-21553.2,82.5225,0.3884
29355000,55,249.35,-21587.8,55.2412,0.380722
29370000,73,311.303,-21530.6,67.3016,0.387467
29385000,66,282.625,-21533.1,65.4983,0.3922
29400000,49,211.353,-21559.9,60.802,0.371267
29415000,46,199.207,-21585.7,39.9801,0.369948
29430000,58,238.518,-21582.8,55.3191,0.3788
29445000,59,252.859,-21566.3,62.5355,0.3756
29460000,57,259.749,-21584,50.0575,0.396267
29475000,46,200.876,-21595.6,46.8693,0.383156
29490000,48,204.301,-21579,44.8871,0.390748
29505000,58,241.143,-21571.4,65.9251,0.383378
29520000,57,256.173,-21582.3,52.1683,0.395333
29535000,59,249.405,-21577.3,60.0243,0.401333
29550000,50,227.491,-21576.5,50.2827,0.386987
29565000,59,274.134,-21586.1,60.381,0.4016
29580000,49,210.855,-21574.8,63.5737,0.3755
29595000,68,312.501,-21565.6,74.9332,0.404
29610000,71,301.671,-21556.5,80.2401,0.4052
29625000,68,298.357,-21584.7,70.4336,0.407067
29640000,63,266.21,-21566.3,56.8059,0.390793
29655000,68,304.826,-21556.9,54.9011,0.399067
29670000,80,368.633,-21555.7,79.0334,0.3952
29685000,82,368.222,-21560.7,74.3715,0.4208
29700000,63,276.811,-21559.5,58.4913,0.396067
29715000,69,300.921,-21556,66.385,0.408533
29730000,68,296.559,-21552.1,65.5053,0.390267
29745000,69,292,-21566.4,61.1786,0.399156
29760000,54,221.139,-21566,40.509,0.396133
29775000,53,228.767,-21577.6,58.8296,0.3866
29790000,60,266.235,-21547,60.7986,0.3884
29805000,81,363.159,-21544,87.1614,0.38336
29820000,69,305.797,-21552.5,74.4677,0.398667
29835000,62,252.748,-21587.1,43.6337,0.396978
29850000,78,338.095,-21548.2,84.4721,0.4053
29865000,75,327.396,-21536.4,70.5848,0.399867
29880000,75,321.813,-21547.6,62.0812,0.405267
29895000,64,271.656,-21583.2,70.7955,0.382663
29910000,76,332.733,-21548.2,76.48,0.4065
29925000,66,284.925,-21571.6,78.7581,0.4078
29940000,67,293.354,-21584.2,72.9598,0.4056
29955000,58,243.375,-21561.7,60.9768,0.403289
29970000,63,278.813,-21543.5,54.8473,0.389267
29985000,67,281.477,-21543.5,70.9605,0.390933
