generation,N_shifts,logPrior,logLik,eventRate,acceptRate
0,0,0.655726,-24133.8,100,1
15000,2,3.11143,-22003.3,2.04233,0.213386
30000,4,11.1798,-21977.5,6.0412,0.280157
45000,7,29.995,-21977.5,6.37262,0.349733
60000,5,21.7394,-21955.9,1.96797,0.293089
75000,4,17.8854,-21954.9,2.41632,0.282333
90000,6,24.3917,-21965.6,7.04715,0.309078
105000,6,20.4739,-21952.3,8.33444,0.316533
120000,6,19.4542,-21929.3,11.2144,0.3052
135000,8,30.7315,-21885.3,12.096,0.301533
150000,10,46.0959,-21877.9,12.4215,0.3122
165000,5,25.0738,-21930.6,5.90322,0.282956
180000,10,41.1665,-21908.7,10.5686,0.314017
195000,11,57.9264,-21912.2,10.3574,0.310267
210000,19,84.8147,-21831.8,15.006,0.331233
225000,22,102.039,-21807.4,27.4314,0.3432
240000,24,105.429,-21801.3,33.3859,0.366133
255000,31,142.464,-21787.1,26.4133,0.385533
270000,34,151.01,-21796.7,31.764,0.384133
285000,33,147.465,-21732.6,30.145,0.3826
300000,19,79.204,-21796.7,14.0152,0.337067
315000,45,189.224,-21719.6,49.0891,0.3881
330000,36,160.786,-21718.4,39.1403,0.401
345000,29,119.256,-21768.8,27.1819,0.354867
360000,41,171.25,-21713.4,43.1052,0.394133
375000,46,186.145,-21695.3,40.2948,0.389667
390000,34,137.459,-21754.1,36.8721,0.346903
405000,50,201.319,-21746.5,47.2847,0.395483
420000,58,237.789,-21688.5,64.3978,0.397978
435000,60,265.643,-21704,67.7141,0.401733
450000,64,281.828,-21690.6,72.9204,0.409733
465000,38,159.528,-21736.4,40.002,0.403033
480000,56,267.974,-21686.2,52.5492,0.407333
495000,52,237.86,-21664.7,58.0434,0.398667
510000,45,203.105,-21702.3,39.0393,0.379025
525000,52,233.334,-21697.7,44.6189,0.392267
540000,34,146.729,-21748,47.3163,0.379227
555000,65,292.476,-21647.5,58.9858,0.38675
570000,37,170.418,-21731.1,35.3079,0.3827
585000,60,267.048,-21667.3,59.8366,0.402533
600000,62,278.463,-21660.4,61.8248,0.379613
615000,61,265.844,-21663.3,56.0781,0.391667
630000,63,293.987,-21680.6,48.9815,0.3834
645000,51,215.28,-21670.5,50.9651,0.39125
660000,59,259.853,-21673.9,65.4511,0.397933
675000,54,241.711,-21696.6,52.6161,0.394333
690000,52,232.119,-21674.1,54.6659,0.3906
705000,48,207.632,-21698.7,47.5714,0.393459
720000,50,231.332,-21685.6,57.7387,0.382
735000,57,266.992,-21694.5,56.7248,0.389222
750000,56,223.28,-21666.2,47.3772,0.3941
765000,55,234.087,-21665,51.9605,0.375333
780000,51,227.966,-21696.5,44.766,0.403707
795000,51,204.156,-21715.7,41.1899,0.391467
810000,50,215.847,-21691.9,47.0159,0.395567
825000,61,274.441,-21675.1,50.8138,0.4072
840000,40,165.513,-21712.2,41.633,0.400089
855000,55,241.772,-21662.5,50.0396,0.394733
870000,46,197.242,-21666.2,49.8708,0.3762
885000,59,271.214,-21676,58.739,0.392733
900000,64,281.282,-21667.2,66.5027,0.394533
915000,66,307.785,-21678.1,67.321,0.404667
930000,54,238.001,-21669.6,61.0682,0.394378
945000,43,190.186,-21671.2,42.1763,0.373533
960000,61,275.012,-21650.8,58.7331,0.390267
975000,53,226.92,-21667.6,50.3975,0.391933
990000,60,263.689,-21677.4,68.3839,0.3996
1005000,41,179.859,-21680.6,32.4593,0.370533
1020000,51,230.236,-21694.3,66.254,0.395367
1035000,41,169.704,-21674.8,39.9162,0.367433
1050000,51,216.882,-21701.9,38.0012,0.384629
1065000,49,230.355,-21666,37.6797,0.384556
1080000,59,252.75,-21678.7,57.8136,0.4024
1095000,55,231.98,-21689.7,74.212,0.399867
1110000,50,226.886,-21693.7,56.971,0.395367
1125000,57,238.489,-21677.3,41.359,0.384722
1140000,50,215.258,-21688,46.45,0.397289
1155000,49,214.223,-21692.2,40.8263,0.399022
1170000,46,196.532,-21681.6,48.6721,0.385267
1185000,43,182.256,-21659.2,46.5436,0.3805
1200000,49,205.454,-21668,69.6665,0.368067
1215000,54,216.964,-21695.2,44.4104,0.395653
1230000,47,188.89,-21664.9,52.5368,0.3771
1245000,45,182.885,-21710.1,49.3006,0.3866
1260000,60,266.323,-21671.7,66.2357,0.3819
1275000,60,274.323,-21656.3,65.379,0.3832
1290000,60,269.837,-21651,48.0481,0.3974
1305000,44,191.207,-21713.9,44.7397,0.392583
1320000,49,214.35,-21706.2,54.3398,0.393067
1335000,55,251.134,-21688.3,56.0275,0.392289
1350000,50,217.098,-21678.5,52.7544,0.3824
1365000,48,211.735,-21682.6,45.9989,0.384467
1380000,49,216.267,-21670.8,48.1336,0.384267
1395000,46,202.878,-21702.1,47.9234,0.39072
1410000,67,289.535,-21668.8,59.4324,0.398133
1425000,62,269.374,-21671.7,56.2978,0.3906
1440000,64,294.678,-21667.5,63.6565,0.4012
1455000,65,288.389,-21661.6,68.6339,0.4026
1470000,67,299.151,-21677.7,83.3076,0.393783
1485000,75,320.858,-21638.9,67.2737,0.417533
1500000,74,301.994,-21658.5,91.6916,0.39797
1515000,72,305.642,-21642.7,59.9533,0.4142
1530000,67,297.925,-21635.8,80.6293,0.403067
1545000,61,272.71,-21637.6,73.4579,0.3888
1560000,68,297.051,-21648.4,57.2522,0.398707
1575000,58,252.296,-21635.7,58.5072,0.378533
1590000,43,195.397,-21703.8,36.7951,0.386633
1605000,50,217.335,-21655.4,49.0558,0.379867
1620000,53,220.782,-21648.3,58.0752,0.377
1635000,69,314.941,-21644.6,74.6886,0.387989
1650000,66,290.703,-21653.2,88.0845,0.4022
1665000,66,269.585,-21650.2,70.3935,0.4081
1680000,46,193.219,-21707.8,60.6537,0.384522
1695000,68,300.338,-21636.2,59.6935,0.397467
1710000,81,343.728,-21630.7,94.2707,0.409467
1725000,88,403.172,-21643.6,94.9782,0.425133
1740000,82,338.583,-21654.6,96.9305,0.404889
1755000,72,312.884,-21646.7,74.4676,0.418167
1770000,83,362.747,-21645.8,78.6423,0.4098
1785000,72,323.902,-21657.7,82.7631,0.412133
1800000,66,302.998,-21649.6,63.9973,0.405067
1815000,68,302.919,-21656.4,47.6266,0.397133
1830000,71,312.997,-21658.9,74.9893,0.407533
1845000,80,336.121,-21664.9,76.3836,0.409067
1860000,79,329.701,-21637.3,68.6141,0.393392
1875000,77,340.322,-21637.1,67.1343,0.4064
1890000,69,300.126,-21644.1,69.1928,0.417422
1905000,69,290.367,-21659.3,67.1798,0.396467
1920000,58,265.653,-21643.9,53.5178,0.400667
1935000,57,239.076,-21693.5,67.0456,0.394306
1950000,62,243.779,-21654.8,61.4873,0.3818
1965000,65,287.879,-21664,66.5402,0.397333
1980000,69,305.9,-21650.5,71.4164,0.400267
1995000,53,229.812,-21656.8,51.8578,0.3826
2010000,68,294.39,-21674.1,71.7015,0.395
2025000,71,284.045,-21634,74.3762,0.391608
2040000,60,258.216,-21674.6,72.4489,0.397433
2055000,57,231.828,-21650.6,65.0358,0.397433
2070000,64,274.097,-21698.6,57.6245,0.400059
2085000,56,251.619,-21673.8,57.088,0.411067
2100000,54,236.429,-21659.5,49.5606,0.389689
2115000,70,302.016,-21659.1,67.3594,0.392533
2130000,68,290.862,-21675.6,79.1071,0.407067
2145000,59,244.326,-21652,72.677,0.3896
2160000,50,220.627,-21672.7,46.5407,0.388653
2175000,62,269.802,-21656.7,46.0108,0.3967
2190000,78,322.249,-21651.1,80.354,0.398667
2205000,61,267.114,-21682.8,65.776,0.389
2220000,54,223.754,-21639.9,52.2473,0.385
2235000,76,331.136,-21632.1,78.9156,0.406933
2250000,58,239.666,-21715.6,47.7209,0.389056
2265000,61,261.336,-21712.4,60.2696,0.424333
2280000,66,282.865,-21654.3,62.1203,0.407733
2295000,65,290.146,-21666.2,62.668,0.395533
2310000,63,285.327,-21662.1,54.5443,0.4008
2325000,89,387.594,-21638.8,100.973,0.405552
2340000,57,255.713,-21657.7,65.8093,0.403267
2355000,60,247.773,-21672.8,72.3298,0.396711
2370000,70,324.839,-21647.8,69.9568,0.407333
2385000,72,307.82,-21637.4,67.2889,0.396067
2400000,65,282.181,-21667.7,66.1265,0.402689
2415000,55,244.257,-21651.2,49.0864,0.391667
2430000,73,321.603,-21634.6,79.4077,0.400822
2445000,81,341.419,-21661.3,74.5894,0.405333
2460000,66,285.837,-21666.9,64.6524,0.388617
2475000,52,210.888,-21679.2,44.8085,0.385617
2490000,50,202.485,-21687,42.8855,0.406822
2505000,49,211.787,-21678,38.1112,0.395089
2520000,64,250.395,-21673.9,68.6781,0.3966
2535000,60,286.341,-21674.7,54.3073,0.3921
2550000,56,254.998,-21673.3,58.5685,0.400889
2565000,58,261.932,-21667.6,71.0573,0.401
2580000,58,253.039,-21651.8,61.7524,0.399083
2595000,54,241.476,-21663.9,61.5485,0.400033
2610000,63,280.386,-21649.3,68.036,0.3922
2625000,61,257.195,-21648.2,58.9183,0.382933
2640000,70,305.197,-21646.7,61.6773,0.3982
2655000,66,295.886,-21651.5,71.6518,0.40144
2670000,73,318.939,-21643.3,71.7557,0.4014
2685000,67,294.681,-21680,70.8621,0.4067
2700000,52,228.763,-21666.6,59.2601,0.385067
2715000,57,248.779,-21654.6,48.4709,0.3766
2730000,58,253.084,-21680.8,67.7549,0.377383
2745000,58,255.439,-21652.9,60.9361,0.3918
2760000,60,266.434,-21682,68.2455,0.396267
2775000,53,233.248,-21654.3,60.711,0.386267
2790000,61,271.933,-21651.8,66.7408,0.387022
2805000,71,305.064,-21653.3,75.7106,0.398067
2820000,61,266.103,-21661.8,51.5807,0.387844
2835000,61,275.507,-21650.3,63.5302,0.400667
2850000,49,220.839,-21672.2,67.4964,0.3965
2865000,65,272.194,-21659.1,65.9173,0.4102
2880000,59,259.299,-21710.9,58.5161,0.409467
2895000,56,251.84,-21671.6,55.7605,0.387733
2910000,57,251.338,-21663.8,59.1801,0.3998
2925000,62,274.828,-21679,65.1587,0.388683
2940000,60,259.251,-21658.7,59.1009,0.3986
2955000,47,212.114,-21700,45.0969,0.396387
2970000,64,274.76,-21686.9,63.9466,0.388556
2985000,78,344.893,-21668.3,79.419,0.413133
3000000,67,307.027,-21650.9,69.8919,0.410933
3015000,68,284.176,-21654,58.7451,0.409633
3030000,72,307.442,-21649.4,67.738,0.393333
3045000,70,294.569,-21658.3,60.865,0.402644
3060000,65,285.114,-21656.2,62.2623,0.396467
3075000,61,284.112,-21656.7,48.9828,0.4095
3090000,57,254.361,-21661.4,52.4546,0.394533
3105000,59,265.923,-21681,66.6149,0.396287
3120000,61,267.717,-21632.6,60.2619,0.39195
3135000,58,257.858,-21631.3,65.4778,0.379667
3150000,51,210.463,-21683.2,34.3302,0.399422
3165000,54,244.918,-21652.9,46.2638,0.387067
3180000,80,377.741,-21643.8,82.169,0.390822
3195000,71,324.256,-21616.8,64.9843,0.4038
3210000,69,305.847,-21680.1,63.7882,0.395444
3225000,62,263.861,-21622.7,61.8012,0.391767
3240000,63,262.041,-21675.2,61.6223,0.401533
3255000,76,338.352,-21595,71.82,0.388867
3270000,68,317.397,-21626.8,67.8294,0.388933
3285000,65,277.664,-21632.9,58.3158,0.3914
3300000,68,279.569,-21661,64.7196,0.407267
3315000,76,327.334,-21645.5,79.7175,0.399633
3330000,70,317.468,-21650.7,60.8087,0.413867
3345000,67,300.527,-21638.4,56.5253,0.391833
3360000,68,297.031,-21673.8,71.468,0.400933
3375000,69,298.255,-21637.1,85.2605,0.4015
3390000,67,308.728,-21662.6,60.7734,0.404767
3405000,63,275.35,-21650.7,65.7883,0.413267
3420000,67,279.262,-21667.4,53.0381,0.394844
3435000,60,253.441,-21693.5,53.4067,0.406233
3450000,73,314.025,-21670.2,75.9367,0.405067
3465000,55,237.832,-21672,40.7271,0.403667
3480000,50,227.954,-21682.7,51.6462,0.388
3495000,57,242.329,-21651.6,66.9877,0.388467
3510000,75,312.469,-21662.2,65.9506,0.396333
3525000,78,348.929,-21671,76.6607,0.420533
3540000,69,290.419,-21657.8,66.4852,0.413467
3555000,56,238.41,-21669.4,54.6902,0.389053
3570000,53,224.571,-21665.4,48.0194,0.3968
3585000,51,225.92,-21665.5,46.0857,0.388867
3600000,54,236.083,-21681,69.1524,0.390867
3615000,43,191.518,-21687.8,57.8722,0.389
3630000,51,209.669,-21686.9,51.1008,0.3924
3645000,47,209.184,-21658,51.3461,0.393133
3660000,54,221.402,-21696.6,59.629,0.391433
3675000,60,258.013,-21688.5,70.6918,0.380867
3690000,62,278.413,-21674.9,50.0854,0.4022
3705000,53,234.565,-21690.4,48.4086,0.396156
3720000,60,251.564,-21700.1,53.9959,0.401733
3735000,65,289.849,-21651.5,63.098,0.406133
3750000,56,242.89,-21690.3,50.6765,0.4023
3765000,61,257.623,-21639.6,56.3146,0.404567
3780000,64,281.849,-21651.8,56.28,0.3908
3795000,67,299.381,-21633.2,72.102,0.405667
3810000,49,216.327,-21676.2,57.2818,0.399908
3825000,59,250.685,-21674.9,58.1696,0.381667
3840000,65,285.959,-21651,72.6178,0.3914
3855000,77,345.11,-21665.6,81.1517,0.413267
3870000,67,307.396,-21672.7,70.1497,0.410267
3885000,60,262.536,-21678.3,63.0278,0.3948
3900000,62,271.171,-21699.6,60.1974,0.39164
3915000,54,239.148,-21675.3,60.7161,0.389033
3930000,63,282.137,-21671.7,66.3477,0.389533
3945000,65,289.12,-21686.8,73.8467,0.4026
3960000,52,217.882,-21694.1,61.3476,0.389567
3975000,55,233.196,-21662.8,41.6627,0.4026
3990000,48,216.343,-21658.3,51.5921,0.3854
4005000,62,270.521,-21674.4,61.2819,0.373867
4020000,60,263.881,-21668.1,63.0661,0.398733
4035000,59,266.674,-21668.9,56.366,0.393333
4050000,56,240.729,-21651.4,63.2304,0.395067
4065000,57,241.018,-21668.2,58.4063,0.379333
4080000,51,213.76,-21679.8,45.3949,0.399036
4095000,50,205.383,-21651.9,45.5295,0.384733
4110000,43,181.691,-21700.1,44.6779,0.398667
4125000,47,184.389,-21663.1,40.1481,0.385044
4140000,49,216.154,-21682.7,72.4159,0.389867
4155000,54,232.729,-21710.8,58.4952,0.398489
4170000,57,247.787,-21673.4,54.0683,0.392893
4185000,57,254.963,-21664.1,67.2647,0.3844
4200000,63,270.924,-21664.9,60.7857,0.391933
4215000,55,238.511,-21663.2,56.6358,0.3856
4230000,65,296.932,-21648.3,58.1004,0.394444
4245000,68,274.897,-21683.5,80.9935,0.4061
4260000,52,221.087,-21692,60.9254,0.395686
4275000,64,287.038,-21673.6,78.0408,0.414333
4290000,55,239.874,-21658.9,54.9692,0.398833
4305000,59,254.571,-21676.3,56.0538,0.4042
4320000,55,235.867,-21656.6,48.7472,0.388367
4335000,53,228.054,-21666.3,54.61,0.3928
4350000,59,251.952,-21665.2,68.4131,0.383933
4365000,57,249.977,-21685.2,55.7054,0.388978
4380000,46,207.939,-21690.2,44.5991,0.402067
4395000,54,242.226,-21674.4,62.2347,0.393704
4410000,50,202.572,-21698,56.3631,0.39785
4425000,58,262.505,-21665.5,49.0272,0.397556
4440000,55,227.548,-21667.4,63.1269,0.383067
4455000,62,265.539,-21657.6,67.3505,0.4006
4470000,61,263.265,-21637.4,64.7635,0.3936
4485000,64,287.005,-21639,64.169,0.399733
4500000,62,274.681,-21638.7,53.3774,0.386267
4515000,63,271.308,-21650.6,64.893,0.413533
4530000,73,335.89,-21650.5,71.9249,0.411267
4545000,49,226.662,-21685.6,50.6654,0.39044
4560000,66,291.997,-21683.7,57.7795,0.403933
4575000,64,280.312,-21672.1,67.2463,0.406367
4590000,66,288.403,-21678.7,56.5199,0.402267
4605000,66,271.906,-21662.4,57.0616,0.410967
4620000,64,265.392,-21689,63.52,0.414667
4635000,52,216.437,-21675.3,69.9319,0.3912
4650000,62,271.022,-21706.3,53.4952,0.408
4665000,66,296.547,-21665.2,71.9688,0.396233
4680000,71,308.075,-21670.5,65.4615,0.407133
4695000,63,262.814,-21685.2,66.9573,0.4068
4710000,52,231.526,-21665.5,40.8267,0.395603
4725000,56,250.234,-21681.5,41.5208,0.3929
4740000,53,214.653,-21695.6,63.7652,0.386867
4755000,54,235.287,-21694.3,36.6042,0.4038
4770000,71,297.754,-21707.3,74.1219,0.395433
4785000,52,223.361,-21706.1,56.3449,0.401767
4800000,56,242.662,-21695.9,49.3557,0.406889
4815000,49,202.853,-21668.5,47.1157,0.3864
4830000,62,253.836,-21671.1,64.312,0.382267
4845000,53,235.039,-21652.4,53.8839,0.3906
4860000,51,227.372,-21679.4,61.7967,0.379
4875000,47,197.043,-21664.1,49.5325,0.3874
4890000,59,242.849,-21674.3,63.5737,0.381733
4905000,61,251.616,-21661.5,64.637,0.391067
4920000,44,188.318,-21708.3,43.0175,0.38916
4935000,44,187.636,-21708.2,45.7634,0.394207
4950000,41,181.767,-21678.2,45.935,0.3866
4965000,43,188.001,-21690,38.9422,0.378267
4980000,53,234.684,-21669.6,63.3959,0.389253
4995000,57,252.94,-21675.1,45.5542,0.385267
5010000,46,199.213,-21730.7,53.3579,0.390653
5025000,41,181.546,-21692.3,33.6807,0.371917
5040000,59,242.675,-21653.8,68.1147,0.391667
5055000,67,257.09,-21667,60.7495,0.388067
5070000,63,271.501,-21663.9,62.157,0.390267
5085000,66,301.051,-21676.5,67.0427,0.399067
5100000,62,286.28,-21683.7,63.5379,0.4054
5115000,46,188.684,-21691.8,52.8476,0.382378
5130000,49,213.802,-21703.5,52.0087,0.397467
5145000,41,185.728,-21717.1,47.7127,0.392267
5160000,47,215.169,-21719.6,55.2306,0.39148
5175000,50,220.803,-21699.4,70.9126,0.397433
5190000,57,246.41,-21704.9,51.2645,0.4106
5205000,47,199.696,-21693.2,51.1854,0.39656
5220000,50,199.527,-21692,50.6909,0.385333
5235000,61,275.205,-21676.5,58.8803,0.400733
5250000,61,254.806,-21672.7,74.6304,0.421333
5265000,62,262.255,-21683.8,53.1181,0.409533
5280000,62,288.145,-21691.7,81.1559,0.406067
5295000,55,243.267,-21669.8,44.8484,0.396333
5310000,60,259.58,-21677.5,58.8661,0.3983
5325000,58,259.1,-21677.4,52.7585,0.409933
5340000,57,249.539,-21689.5,53.3593,0.395778
5355000,56,249.227,-21688.1,50.1433,0.3956
5370000,66,290.763,-21670.3,66.4647,0.3984
5385000,49,200.335,-21698.2,56.1654,0.386698
5400000,52,242.103,-21683.3,42.7216,0.39544
5415000,62,281.039,-21679.8,59.8335,0.403556
5430000,65,280.507,-21691,60.4393,0.418333
5445000,66,287.001,-21682.3,61.4223,0.4098
5460000,67,306.008,-21695.5,54.4034,0.412533
5475000,41,170.589,-21707.1,38.2986,0.407707
5490000,53,227.85,-21687.8,60.4531,0.3898
5505000,54,235.278,-21661.9,48.5366,0.394467
5520000,51,215.005,-21709.6,41.6795,0.395141
5535000,60,262.198,-21665.8,63.2948,0.397556
5550000,66,296.358,-21682.9,56.7467,0.412133
5565000,64,285.469,-21697.8,52.9266,0.410911
5580000,61,263.597,-21678,42.1006,0.412733
5595000,40,174.907,-21702.2,42.1153,0.398183
5610000,59,254.62,-21694.7,63.3923,0.3934
5625000,50,216.793,-21702.4,57.743,0.3914
5640000,51,229.392,-21682.5,52.0707,0.404133
5655000,59,268.973,-21684,56.1471,0.398533
5670000,58,266.834,-21684.6,63.4663,0.404705
5685000,52,225.271,-21693.8,61.7118,0.395733
5700000,49,209.432,-21717.9,51.5738,0.399767
5715000,58,248.632,-21688,51.2174,0.407133
5730000,49,222.611,-21684.5,58.394,0.391733
5745000,51,243.242,-21689.4,53.2235,0.394933
5760000,39,171.977,-21721.1,37.1421,0.391933
5775000,46,207.543,-21730.1,46.354,0.389133
5790000,62,259.108,-21680,56.7469,0.398467
5805000,78,360.078,-21689.7,59.288,0.409533
5820000,70,315.304,-21675.6,84.6514,0.418933
5835000,68,301.507,-21684.2,65.7013,0.4024
5850000,68,282.25,-21669.6,56.7914,0.407
5865000,78,348.069,-21657.5,77.6013,0.4108
5880000,67,307.954,-21655.5,62.6605,0.421933
5895000,79,340.141,-21669.9,80.6177,0.403225
5910000,65,294.164,-21683.5,54.0519,0.411167
5925000,51,222.97,-21675.8,47.361,0.397275
5940000,50,228.55,-21690.6,63.6382,0.414556
5955000,53,236.204,-21682.4,60.5327,0.389467
5970000,72,305.309,-21655.5,77.1909,0.4004
5985000,57,248.178,-21698.5,68.5785,0.4023
6000000,62,274.091,-21656.9,74.7013,0.4086
6015000,53,227.877,-21695.8,54.7495,0.395333
6030000,54,233.793,-21705.1,59.4982,0.401067
6045000,66,285.738,-21663,75.9983,0.40175
6060000,67,296.29,-21649.8,62.1419,0.40785
6075000,67,295.344,-21707.8,63.9264,0.413933
6090000,61,270.918,-21672.7,64.0188,0.4222
6105000,58,256.348,-21676.2,60.8396,0.3978
6120000,71,310.649,-21679.9,76.2337,0.416333
6135000,55,250.14,-21689.3,77.0491,0.401848
6150000,59,250.716,-21683.4,47.7186,0.378867
6165000,62,253.914,-21666.6,52.82,0.3936
6180000,76,318.193,-21662,72.0178,0.406942
6195000,63,275.773,-21687.5,60.1841,0.399333
6210000,70,310.997,-21649.6,57.9742,0.4125
6225000,67,286.066,-21673.1,61.7042,0.4057
6240000,51,214.217,-21684.7,63.7458,0.407333
6255000,58,258.328,-21701.2,50.6867,0.4082
6270000,55,242.456,-21706.9,47.5415,0.412267
6285000,56,260.229,-21671,70.8735,0.4016
6300000,60,271.635,-21680.5,55.5364,0.404867
6315000,57,247.425,-21683.2,70.6378,0.3914
6330000,54,223.501,-21656.1,51.9496,0.3846
6345000,58,252.5,-21658.9,55.3372,0.407222
6360000,71,306.239,-21650,85.0365,0.394167
6375000,69,297.736,-21630.8,73.3937,0.3972
6390000,65,281.262,-21665.7,66.0875,0.404533
6405000,65,287.258,-21662.3,64.5893,0.410867
6420000,68,291.576,-21652.9,56.7192,0.4028
6435000,61,276.619,-21667.7,66.2401,0.400867
6450000,69,287.143,-21685.6,77.8649,0.414333
6465000,54,231.742,-21686.8,63.9015,0.407533
6480000,46,198.272,-21667.2,52.0243,0.393414
6495000,58,251.274,-21683.3,59.4187,0.405542
6510000,64,279.775,-21665.6,59.1856,0.3906
6525000,67,300.822,-21682.2,75.0536,0.407133
6540000,51,214.815,-21670.9,57.9615,0.396067
6555000,51,202.004,-21688.3,42.1117,0.376083
6570000,51,220.109,-21667.5,60.8453,0.373533
6585000,67,286.965,-21702.4,64.6124,0.402292
6600000,51,213.844,-21664.9,40.7864,0.384667
6615000,42,182.522,-21711.1,43.8143,0.396033
6630000,50,223.525,-21672.3,49.4762,0.3886
6645000,68,305.354,-21673.5,78.2102,0.39819
6660000,55,235.321,-21690.6,52.7971,0.3947
6675000,56,226.559,-21682.7,49.3149,0.398533
6690000,59,236.184,-21696.3,45.8354,0.399267
6705000,59,266.871,-21695.9,54.2991,0.395333
6720000,50,193.724,-21697.4,62.2919,0.393267
6735000,59,263.356,-21690.6,60.1463,0.396183
6750000,52,223.695,-21680.9,47.3397,0.3982
6765000,50,199.497,-21686.7,57.9656,0.3908
6780000,49,217.102,-21695.2,48.2995,0.396767
6795000,51,229.641,-21691.3,60.4352,0.399
6810000,51,223.48,-21668.6,42.154,0.3962
6825000,43,190.314,-21680,62.5963,0.388822
6840000,46,213.247,-21698.9,40.5556,0.399267
6855000,48,207.311,-21707.5,55.194,0.398333
6870000,51,214.554,-21683.5,40.9617,0.382622
6885000,60,243.675,-21690.9,71.9997,0.403167
6900000,76,318.862,-21687.6,72.296,0.4164
6915000,47,204.413,-21706.8,62.7356,0.3968
6930000,69,298.139,-21716.4,61.986,0.426833
6945000,58,249.233,-21689.3,61.6513,0.419067
6960000,56,252.61,-21711.7,63.051,0.393756
6975000,46,192.029,-21688.9,53.3371,0.386352
6990000,68,301.377,-21646.4,70.58,0.413044
7005000,72,337.396,-21659.8,64.5131,0.403867
7020000,88,392.227,-21677,90.3793,0.4134
7035000,50,220.154,-21680.5,59.7095,0.387933
7050000,51,222.472,-21659,44.8454,0.372933
7065000,83,360.495,-21681.7,99.1783,0.411067
7080000,77,333.537,-21687.6,101.221,0.421133
7095000,50,216.657,-21683.8,44.99,0.390667
7110000,67,291.234,-21672.4,55.4325,0.404833
7125000,70,310.449,-21657.8,62.7175,0.401133
7140000,52,225.999,-21690.6,50.5329,0.407533
7155000,58,248.518,-21695.8,58.2831,0.391067
7170000,45,209.956,-21686.6,54.4495,0.3926
7185000,58,239.374,-21709.4,46.7978,0.400013
7200000,47,206.001,-21679,47.7131,0.398242
7215000,58,254.273,-21683.5,52.6782,0.412133
7230000,64,284.359,-21689.7,72.8864,0.4264
7245000,47,199.856,-21736.1,43.1927,0.389267
7260000,62,282.191,-21698,65.957,0.413967
7275000,65,272.779,-21672.8,65.6173,0.389067
7290000,51,223.866,-21682.7,55.2836,0.401667
7305000,53,236.895,-21702.2,55.9574,0.39945
7320000,59,263.924,-21703.8,63.5178,0.40705
7335000,67,300.595,-21664.1,65.491,0.389244
7350000,57,272.117,-21669.7,62.2218,0.405867
7365000,65,278.754,-21687.4,68.5098,0.395533
7380000,56,242.575,-21692.7,40.04,0.402987
7395000,61,268.203,-21692,55.7566,0.4018
7410000,63,261.123,-21714.6,55.4911,0.410311
7425000,60,265.903,-21691.2,63.3273,0.416667
7440000,70,292.736,-21669.6,65.5107,0.397029
7455000,76,321.928,-21685.7,61.1385,0.402867
7470000,81,355.12,-21685.9,90.6401,0.411444
7485000,62,270.816,-21678.7,63.1172,0.4178
7500000,48,212.523,-21684.8,48.3631,0.389622
7515000,45,185.285,-21692.3,50.4592,0.386933
7530000,50,211.579,-21687.1,47.2848,0.400267
7545000,45,197.158,-21657.4,48.3929,0.387356
7560000,62,261.075,-21672.4,65.8647,0.395467
7575000,56,257.395,-21709.4,54.1128,0.4076
7590000,51,241.244,-21700.1,33.2709,0.407133
7605000,50,218.674,-21696.8,48.2875,0.3864
7620000,50,227.099,-21685,66.6496,0.391152
7635000,47,202.196,-21689.4,44.3266,0.3898
7650000,54,243.072,-21690.4,51.4898,0.377158
7665000,53,231.397,-21689.6,49.552,0.3906
7680000,50,213.982,-21679.2,35.113,0.40004
7695000,63,281.177,-21695.7,69.838,0.401967
7710000,61,273.219,-21687.4,55.0735,0.416667
7725000,61,268.851,-21676.7,60.7244,0.4084
7740000,60,249.913,-21685.4,55.7645,0.389907
7755000,53,235.93,-21650.5,52.1845,0.4045
7770000,54,229.338,-21696,51.9256,0.382544
7785000,57,249.365,-21683,51.9274,0.393556
7800000,59,263.323,-21684.5,63.3525,0.412
7815000,49,208.703,-21665.5,51.0275,0.388511
7830000,56,243.617,-21646.1,61.8268,0.399267
7845000,65,289.965,-21642.6,68.5103,0.387867
7860000,72,312.62,-21657.3,65.8358,0.416667
7875000,71,314.068,-21658.7,64.7156,0.405533
7890000,65,294.503,-21652.1,61.5152,0.403333
7905000,41,184.26,-21697.4,42.1566,0.380227
7920000,67,304.941,-21662.5,59.8479,0.4066
7935000,65,306.077,-21662.5,77.7211,0.411267
7950000,70,308.264,-21653.4,70.416,0.401267
7965000,77,342.702,-21651,70.9121,0.420733
7980000,45,200.79,-21718.3,47.6302,0.379733
7995000,63,262.557,-21697.1,61.7091,0.391811
8010000,46,201.532,-21704.7,47.2696,0.399867
8025000,66,302.497,-21668.5,67.8492,0.4143
8040000,73,334.861,-21657.3,62.8204,0.418133
8055000,64,287.176,-21685.1,72.6924,0.396093
8070000,67,283.559,-21636.3,75.1867,0.411333
8085000,53,233.914,-21685.4,47.8978,0.404173
8100000,57,266.737,-21678,76.6359,0.380533
8115000,74,318.486,-21634.1,84.4658,0.401467
8130000,54,240.653,-21686.9,56.271,0.384233
8145000,47,199.89,-21687.1,54.5491,0.385333
8160000,71,317.726,-21655.7,57.2337,0.405844
8175000,71,313.552,-21660.7,60.7838,0.402667
8190000,52,239.13,-21693.5,63.0249,0.395178
8205000,58,245.207,-21680,53.076,0.403
8220000,53,246.557,-21688.9,48.3527,0.387133
8235000,57,242.922,-21676.8,59.7787,0.391422
8250000,48,223.703,-21706.6,51.2177,0.394292
8265000,58,263.446,-21674.9,75.3472,0.395133
8280000,56,240.464,-21676.4,48.638,0.4124
8295000,61,257.176,-21658.3,71.8577,0.413867
8310000,57,256.553,-21676.7,53.545,0.393667
8325000,62,267.656,-21673,54.9252,0.403533
8340000,77,322.363,-21668.9,71.5693,0.4104
8355000,67,279.154,-21647.6,56.878,0.4136
8370000,65,284.842,-21667.6,62.1101,0.4224
8385000,74,335.253,-21653.1,69.9882,0.4208
8400000,58,263.215,-21682.4,63.0144,0.403548
8415000,76,326.253,-21691.6,72.6084,0.4263
8430000,48,195.877,-21696.7,45.6924,0.3959
8445000,57,244.494,-21692.4,56.6505,0.400644
8460000,54,241.928,-21693.8,42.9945,0.393667
8475000,53,222.094,-21660.7,60.929,0.40815
8490000,65,286.431,-21693.3,70.1235,0.3972
8505000,67,286.441,-21680.3,69.1982,0.417333
8520000,76,342.276,-21679.3,72.4039,0.416133
8535000,58,256.159,-21691.1,59.2447,0.402627
8550000,77,342.098,-21641.8,75.7607,0.410667
8565000,77,337.542,-21660.7,73.1461,0.414067
8580000,78,353.758,-21671.2,84.3357,0.4188
8595000,55,257.663,-21684.9,49.0891,0.40215
8610000,39,163.736,-21692.7,34.3984,0.387011
8625000,72,304.877,-21660.2,88.9295,0.415111
8640000,70,294.793,-21670.1,65.5606,0.412867
8655000,63,279.234,-21674.9,68.4287,0.418333
8670000,54,232.839,-21674.6,54.9085,0.406533
8685000,56,235.583,-21672.1,52.0608,0.388933
8700000,51,215.117,-21699.6,61.0317,0.376476
8715000,41,178.161,-21713.4,40.9903,0.3838
8730000,41,171.356,-21702.1,40.6754,0.372133
8745000,39,167.021,-21700.6,35.61,0.3877
8760000,66,290.688,-21723.2,52.8523,0.399222
8775000,46,192.773,-21706.4,41.9692,0.407533
8790000,44,170.777,-21732.7,43.9083,0.390289
8805000,55,248.85,-21707.5,62.8938,0.392267
8820000,53,241.598,-21700.5,70.7563,0.402767
8835000,60,239.269,-21687.4,57.9551,0.409667
8850000,55,243.287,-21689.6,60.754,0.400067
8865000,62,271.796,-21663.7,66.0867,0.409467
8880000,59,272.696,-21664.4,47.9639,0.3978
8895000,59,255.759,-21677.4,74.4796,0.3936
8910000,49,206.258,-21695.3,44.6979,0.372133
8925000,50,221.306,-21680.1,34.7581,0.387538
8940000,50,214.869,-21684.2,47.8785,0.392133
8955000,39,164.077,-21711.1,47.6089,0.402657
8970000,47,194.776,-21673.3,49.8622,0.393222
8985000,53,228.187,-21705.2,55.3095,0.387333
9000000,60,257.608,-21680.5,63.9902,0.384067
9015000,74,325.247,-21686.3,81.2081,0.4118
9030000,57,254.654,-21698.4,56.4682,0.393833
9045000,60,263.747,-21679.2,69.2847,0.416533
9060000,62,270.394,-21692.3,72.628,0.411667
9075000,48,222.314,-21686.1,53.5714,0.39455
9090000,60,261.076,-21661.2,59.0649,0.409667
9105000,59,265.844,-21680.6,64.5361,0.4156
9120000,57,238.45,-21687.6,55.595,0.416067
9135000,64,280.669,-21681.2,59.4201,0.408467
9150000,63,271.971,-21672.3,59.5803,0.4042
9165000,59,258.643,-21715.1,46.0895,0.4002
9180000,46,202.168,-21733.7,49.1983,0.4094
9195000,57,242.253,-21699.3,48.9186,0.404911
9210000,59,266.359,-21688.7,75.0242,0.402533
9225000,59,259.327,-21713.6,63.1712,0.395547
9240000,50,232.932,-21667.6,49.3891,0.404
9255000,38,167.666,-21698.5,39.9571,0.406767
9270000,47,222.789,-21697.9,48.5481,0.390733
9285000,48,215.533,-21739.2,47.4915,0.3758
9300000,57,248.992,-21661.3,52.0876,0.404133
9315000,61,269.092,-21685.1,65.5002,0.402667
9330000,68,292.711,-21657.2,72.397,0.402133
9345000,53,218.006,-21664.5,42.9492,0.3934
9360000,49,196.776,-21710.9,53.5276,0.388893
9375000,64,278.438,-21697,65.5084,0.410033
9390000,54,231.654,-21720,67.9487,0.394181
9405000,49,219.414,-21717,36.743,0.404267
9420000,47,197.545,-21715.6,49.1587,0.391317
9435000,67,299.13,-21705,73.4894,0.415483
9450000,55,243.748,-21690.4,49.7926,0.410933
9465000,42,172.351,-21684.4,44.2926,0.375622
9480000,49,232.005,-21688.9,43.0101,0.4029
9495000,45,190.29,-21699.4,37.0486,0.386922
9510000,59,239.132,-21682.1,55.8179,0.414367
9525000,47,194.037,-21706.8,47.7025,0.396467
9540000,42,194.898,-21687.1,33.2738,0.365067
9555000,51,233.985,-21680.4,45.4597,0.397444
9570000,57,233.613,-21673.4,66.1671,0.390981
9585000,45,205.681,-21698.2,43.659,0.381644
9600000,55,234.164,-21704.1,54.9475,0.407022
9615000,51,225.359,-21699.3,47.605,0.393367
9630000,55,225.363,-21711,53.6254,0.407167
9645000,50,208.89,-21681,59.2719,0.39096
9660000,53,228.852,-21699.4,61.577,0.401422
9675000,51,218.244,-21707.2,59.8773,0.4056
9690000,57,258.461,-21702.9,55.2295,0.40855
9705000,61,260.647,-21682.7,68.3329,0.408667
9720000,69,310.393,-21676.3,65.492,0.39404
9735000,82,349,-21673.8,81.4756,0.421467
9750000,66,290.373,-21669.7,60.6031,0.423133
9765000,67,281.755,-21673.9,55.4904,0.411156
9780000,55,245.066,-21661,53.7897,0.406724
9795000,51,220.327,-21684.9,53.2925,0.389767
9810000,62,258.325,-21680.7,61.7402,0.384133
9825000,58,260.301,-21685.9,61.5599,0.3962
9840000,39,172.195,-21701.3,31.5707,0.386417
9855000,45,203.819,-21706.7,37.2724,0.384667
9870000,50,219.553,-21677,61.0064,0.392467
9885000,61,242.577,-21674.1,60.2857,0.40123
9900000,65,300.762,-21688,51.3596,0.401267
9915000,59,257.241,-21674,62.7196,0.404133
9930000,58,238.181,-21681,59.7659,0.395314
9945000,60,257.777,-21661.6,65.0641,0.3938
9960000,67,285.837,-21680.6,64.8791,0.402367
9975000,58,249.849,-21651.4,70.005,0.395867
9990000,60,259.957,-21660.3,62.2071,0.396467
10005000,56,235.003,-21638.2,55.9325,0.39376
10020000,51,229.206,-21695.5,62.2575,0.4034
10035000,49,208.271,-21698.2,46.9918,0.385267
10050000,57,255.638,-21665.8,58.3379,0.384867
10065000,55,235.537,-21680.2,46.8836,0.393253
10080000,61,256.735,-21682.1,61.0382,0.398633
10095000,55,226.476,-21674.1,50.653,0.393967
10110000,48,206.941,-21697.1,51.6028,0.3952
10125000,54,228.466,-21666.1,50.0708,0.3972
10140000,62,272.215,-21691,58.6554,0.386
10155000,50,212.235,-21693.8,55.683,0.396178
10170000,54,227.22,-21679.3,52.1729,0.399633
10185000,56,255.915,-21683.8,49.3492,0.3858
10200000,52,231.853,-21670.3,66.5444,0.386533
10215000,52,201.083,-21694.8,52.5737,0.383733
10230000,59,224.447,-21692.9,57.4716,0.390933
10245000,58,233.767,-21699.6,54.5477,0.398267
10260000,52,227.589,-21664.3,50.4234,0.390486
10275000,52,229.387,-21700.9,53.2096,0.403667
10290000,51,224.099,-21679.9,50.5533,0.3894
10305000,45,180.456,-21688,47.2323,0.392167
10320000,55,242.578,-21693.5,56.6092,0.380367
10335000,49,208.636,-21667.5,46.4782,0.391071
10350000,54,241.951,-21675.4,52.2569,0.390333
10365000,59,246.112,-21700.7,57.4883,0.3822
10380000,54,230.267,-21672,40.2941,0.37844
10395000,60,267.384,-21657.5,73.6593,0.384033
10410000,54,245.059,-21678.9,52.0185,0.402733
10425000,59,258.666,-21683,48.5953,0.4074
10440000,47,191.871,-21694.7,47.0577,0.381962
10455000,59,270.104,-21666.1,59.734,0.394
10470000,50,222.578,-21708.7,43.4664,0.3797
10485000,76,330.073,-21663.3,73.6797,0.399667
10500000,55,227.063,-21675.4,47.3452,0.398667
10515000,46,205.638,-21673.1,48.8716,0.388133
10530000,64,283.865,-21640.8,72.8076,0.401178
10545000,51,220.477,-21680.7,48.1075,0.383038
10560000,61,264.789,-21681.5,65.944,0.388578
10575000,66,291.759,-21683,71.4166,0.411067
10590000,58,275.082,-21666,57.0959,0.399867
10605000,60,251.183,-21671.1,69.1537,0.4026
10620000,69,310.952,-21694.5,72.1262,0.4054
10635000,57,238.053,-21665.9,63.5967,0.393181
10650000,70,293.774,-21647.7,68.906,0.388333
10665000,51,221.315,-21684.3,50.3569,0.391111
10680000,61,271.206,-21662,69.1819,0.397333
10695000,66,289.7,-21689.8,79.7849,0.410467
10710000,66,301.093,-21645.2,71.3963,0.390467
10725000,53,221.148,-21662.2,44.7001,0.3942
10740000,67,289.605,-21659.4,69.6027,0.408667
10755000,69,301.987,-21665.3,70.7899,0.4152
10770000,58,261.005,-21673.1,49.108,0.400111
10785000,55,243.913,-21694,62.9153,0.3978
10800000,61,259.106,-21677.7,53.0443,0.405867
10815000,35,143.663,-21733.4,29.4533,0.378941
10830000,46,197.025,-21670.1,40.4906,0.393844
10845000,59,261.881,-21654.5,66.3339,0.388956
10860000,82,356.318,-21652.6,92.0676,0.393633
10875000,70,307.719,-21641.6,74.6008,0.414267
10890000,73,322.948,-21645.8,73.3172,0.403533
10905000,59,253.269,-21663.8,64.2539,0.40135
10920000,67,282.807,-21648.7,72.0541,0.4016
10935000,58,249.868,-21637.2,70.1005,0.395333
10950000,59,259.981,-21682.1,62.5676,0.387867
10965000,53,225.665,-21713.5,45.5408,0.39684
10980000,49,216.243,-21678.6,47.3836,0.392422
10995000,59,248.307,-21686.5,70.3751,0.399711
11010000,65,282.723,-21702.9,72.186,0.406067
11025000,44,186.854,-21663.4,46.747,0.4016
11040000,50,224.701,-21713,62.0795,0.395333
11055000,54,235.5,-21667.7,57.3996,0.392933
11070000,49,210.825,-21727.7,44.2389,0.389233
11085000,73,317.723,-21661.7,87.7889,0.398367
11100000,59,256.733,-21678.4,53.0938,0.397144
11115000,49,219.574,-21665.3,44.0943,0.3921
11130000,50,218.56,-21668.7,44.9969,0.382867
11145000,62,284.607,-21663.7,47.6369,0.377267
11160000,42,165.012,-21700.5,40.156,0.394083
11175000,54,220.038,-21685.6,61.6505,0.403633
11190000,52,230.242,-21675.3,51.8991,0.404733
11205000,46,189.085,-21703.4,44.4537,0.377533
11220000,42,182.693,-21710.6,50.9407,0.390767
11235000,45,191.157,-21722.8,47.7268,0.387133
11250000,50,212.641,-21679,49.3216,0.395089
11265000,66,270.399,-21665.6,60.1888,0.3958
11280000,63,260.762,-21675,57.9659,0.38104
11295000,61,264.253,-21666.9,54.1941,0.4128
11310000,76,341.373,-21679.6,91.4603,0.4118
11325000,54,230.824,-21677.1,51.5527,0.3864
11340000,69,301.904,-21668.9,83.6459,0.398467
11355000,44,191.786,-21694.6,50.7336,0.403756
11370000,65,279.233,-21658.6,63.5556,0.390567
11385000,45,202.181,-21707.8,39.1,0.397227
11400000,52,219.845,-21695.1,58.7591,0.401533
11415000,64,283.238,-21667.8,62.4025,0.397244
11430000,51,234.609,-21673.4,52.5529,0.397733
11445000,60,268.68,-21669.3,73.5834,0.397367
11460000,49,210.774,-21710.9,50.4668,0.3914
11475000,59,268.817,-21669.4,62.0628,0.399022
11490000,43,187.659,-21684.4,29.9669,0.383252
11505000,44,165.483,-21673.9,40.5942,0.3892
11520000,66,271.608,-21674.3,60.4907,0.3954
11535000,76,325.737,-21661.4,66.123,0.405533
11550000,73,314.684,-21649.7,82.6591,0.4036
11565000,48,196.41,-21688.9,53.1335,0.395819
11580000,63,252.799,-21661.6,47.1787,0.407567
11595000,56,247.448,-21680.5,42.0554,0.387933
11610000,51,217.251,-21699.1,49.8116,0.386015
11625000,55,240.667,-21686.6,55.5456,0.3848
11640000,56,239.599,-21663.3,53.3486,0.3918
11655000,46,212.719,-21706.7,47.9778,0.399833
11670000,70,317.6,-21678.6,69.5472,0.3961
11685000,47,206.194,-21719.5,50.7666,0.400733
11700000,46,190.164,-21700.8,44.3559,0.3996
11715000,44,179.9,-21709.9,59.2551,0.3906
11730000,53,223.222,-21712.2,64.6495,0.3914
11745000,45,192.474,-21695,44.7736,0.382367
11760000,48,201.334,-21717.4,41.875,0.4015
11775000,44,180.384,-21693.1,46.7686,0.381038
11790000,42,184.503,-21702.8,36.915,0.376667
11805000,61,274.264,-21684.4,74.4081,0.388583
11820000,55,248.285,-21675.1,57.3082,0.4262
11835000,57,238.147,-21640.5,44.2045,0.4004
11850000,58,241.398,-21686.3,61.228,0.414867
11865000,55,247.441,-21690,58.2846,0.3952
11880000,49,221.358,-21703.8,50.8371,0.3876
11895000,51,201.201,-21691.6,42.9704,0.397785
11910000,58,254.35,-21701.1,46.9815,0.398067
11925000,63,279.853,-21680.8,59.471,0.4018
11940000,55,228.554,-21657.3,66.545,0.3994
11955000,63,286.292,-21677.2,56.8579,0.401967
11970000,72,319.717,-21673.3,80.3654,0.405133
11985000,56,251.571,-21681.3,55.4139,0.414667
12000000,73,323.826,-21668.8,80.2006,0.409967
12015000,84,376.646,-21662.4,87.5239,0.406267
12030000,99,451.507,-21660.6,111.589,0.4272
12045000,79,352.073,-21653.4,100.212,0.4206
12060000,65,291.547,-21678.5,57.4431,0.408133
12075000,60,269.213,-21651.2,63.4757,0.407333
12090000,55,226.162,-21692.7,49.4571,0.404333
12105000,64,286.792,-21649.9,63.6607,0.402933
12120000,75,325.251,-21651.7,85.0835,0.4078
12135000,78,345.957,-21645.5,71.8695,0.416133
12150000,84,370.371,-21646.5,97.4396,0.418667
12165000,63,272.305,-21640.1,66.7523,0.415133
12180000,60,270.833,-21639.8,69.0143,0.397133
12195000,69,299.61,-21642,75.1845,0.4022
12210000,55,249.276,-21697,44.1873,0.390367
12225000,72,303.729,-21639.6,75.1039,0.414533
12240000,54,233.804,-21666.4,50.6903,0.40162
12255000,71,326.596,-21646,64.2994,0.4075
12270000,78,336.404,-21647.5,83.8098,0.410267
12285000,84,385.741,-21626.8,92.7758,0.412067
12300000,77,346.444,-21630.4,81.7692,0.410733
12315000,77,334.295,-21672.5,68.4868,0.401427
12330000,79,353.978,-21666.4,79.6553,0.4178
12345000,76,345.161,-21625.5,74.0983,0.401756
12360000,77,324.988,-21671.2,63.3051,0.407333
12375000,75,329.372,-21670.5,97.8643,0.408156
12390000,78,321.888,-21654.6,84.7794,0.4002
12405000,98,425.704,-21642.9,104.175,0.410867
12420000,97,431.559,-21670.7,119.139,0.4186
12435000,86,388.782,-21665,92.2243,0.420267
12450000,78,357.666,-21663.6,68.3529,0.413867
12465000,81,349.917,-21650.9,87.3922,0.423933
12480000,72,326.005,-21643.8,76.2001,0.4152
12495000,73,325.46,-21683.8,77.4818,0.399119
12510000,66,308.643,-21648.4,63.4533,0.4077
12525000,74,329.355,-21674.5,72.8447,0.401267
12540000,82,353.349,-21649.4,82.6457,0.4078
12555000,63,281.647,-21673.4,57.9741,0.400467
12570000,67,293.382,-21659.2,75.6333,0.406567
12585000,62,276.555,-21645.7,56.1698,0.404733
12600000,67,295.67,-21654.8,80.8584,0.381933
12615000,53,225.604,-21659.7,60.9292,0.39685
12630000,43,194.296,-21713.6,30.222,0.394148
12645000,52,232.972,-21668.9,49.2361,0.398822
12660000,61,255.613,-21661.4,50.0017,0.388467
12675000,42,180.448,-21718.7,48.7665,0.397178
12690000,60,265.628,-21665.4,57.8304,0.398367
12705000,71,315.349,-21638.5,78.4832,0.403667
12720000,72,296.458,-21647.8,70.2581,0.420467
12735000,63,261.023,-21663.2,79.7711,0.412533
12750000,52,228.298,-21653.9,65.0861,0.397267
12765000,69,326.418,-21665.7,70.7829,0.39
12780000,39,170.465,-21703.6,43.1563,0.3914
12795000,75,322.131,-21642.9,69.6273,0.3934
12810000,66,283.27,-21659.3,59.9916,0.406933
12825000,73,322.858,-21644,69.7835,0.406117
12840000,69,305.544,-21654.9,58.1395,0.4118
12855000,67,305.434,-21690.7,52.9992,0.400213
12870000,73,316.572,-21646.9,81.1638,0.407089
12885000,64,286.097,-21677.2,57.5948,0.4147
12900000,64,284.14,-21654.4,57.5705,0.4026
12915000,72,322.598,-21658,60.0594,0.412833
12930000,52,212.07,-21662.5,64.7516,0.396878
12945000,68,292.161,-21657.4,57.0927,0.402533
12960000,52,214.703,-21672.3,46.4711,0.390817
12975000,52,229.986,-21681.2,47.3468,0.390444
12990000,63,277.852,-21657.3,68.8396,0.382833
13005000,47,203.121,-21680.1,41.7043,0.39605
13020000,59,274.008,-21660.7,52.2853,0.388467
13035000,58,252.175,-21667.1,49.1642,0.3918
13050000,52,221.083,-21681,47.2531,0.3678
13065000,48,211.93,-21687.7,40.8931,0.385367
13080000,63,265.125,-21677.7,62.3397,0.380367
13095000,60,266.797,-21673.4,59.3825,0.3888
13110000,55,244.285,-21711.2,57.3036,0.402078
13125000,47,224.747,-21720.6,55.4277,0.393667
13140000,58,250.683,-21686.7,66.8269,0.397133
13155000,61,253.793,-21675.9,57.2171,0.398493
13170000,67,296.899,-21672.9,55.1744,0.3962
13185000,69,306.551,-21634.1,71.7516,0.404111
13200000,60,252.28,-21640.6,58.0059,0.400733
13215000,63,277.277,-21668.8,69.0488,0.392933
13230000,70,285.787,-21651.8,72.0136,0.392433
13245000,56,242.753,-21671.1,44.1362,0.389633
13260000,45,191.732,-21676.5,44.1718,0.377467
13275000,48,202.548,-21671.6,74.9953,0.381867
13290000,50,208.993,-21667.5,52.5678,0.370867
13305000,51,217.772,-21700.3,46.5752,0.380556
13320000,51,211.548,-21709.3,55.8424,0.383867
13335000,57,241.117,-21650.1,57.0749,0.3806
13350000,48,219.544,-21665.6,48.918,0.382933
13365000,50,220.305,-21688.2,46.5902,0.387229
13380000,53,238.728,-21686.7,55.3318,0.398867
13395000,59,255.703,-21661.9,62.0774,0.392178
13410000,60,249.772,-21668.8,75.1876,0.404333
13425000,53,222.706,-21680.5,61.0636,0.384724
13440000,48,188.612,-21710.7,42.5346,0.402533
13455000,63,268.55,-21657.2,64.7116,0.405533
13470000,59,257.538,-21658.9,75.1909,0.386067
13485000,61,273.054,-21654.5,69.6467,0.383
13500000,50,215.547,-21685.6,41.1447,0.39215
13515000,55,246.056,-21667.1,59.2987,0.384433
13530000,56,233.703,-21660.6,43.1305,0.400133
13545000,53,220.335,-21654.7,56.4857,0.3803
13560000,56,245.271,-21712.9,63.3224,0.39285
13575000,55,220.976,-21659.9,58.1877,0.373233
13590000,67,289.968,-21676.6,63.2594,0.404483
13605000,54,235.502,-21658.5,47.6521,0.380933
13620000,56,241.131,-21714.6,53.5335,0.3999
13635000,44,190.697,-21713,35.8174,0.40856
13650000,57,246.137,-21656.1,67.9398,0.385578
13665000,62,262.456,-21667.2,57.7255,0.384
13680000,57,244.366,-21642.9,50.1951,0.389667
13695000,59,268.21,-21655.9,50.5463,0.374333
13710000,59,271.99,-21641.6,59.7513,0.3964
13725000,42,173.659,-21695.5,36.3478,0.390543
13740000,66,290.503,-21652.2,60.2759,0.397767
13755000,79,345.421,-21667.5,69.6149,0.3986
13770000,81,368.605,-21671.3,75.9414,0.411933
13785000,58,246.307,-21714.8,54.2067,0.39745
13800000,72,315.459,-21656,71.6844,0.393433
13815000,70,303.355,-21656.6,60.5361,0.405067
13830000,55,242.047,-21675.7,55.0517,0.411089
13845000,61,258.204,-21672.6,68.6399,0.399033
13860000,54,218.694,-21670.7,55.3959,0.390667
13875000,56,244.141,-21708.8,62.241,0.383192
13890000,44,183.582,-21671.4,40.934,0.383333
13905000,61,255.681,-21668.2,75.3653,0.390867
13920000,65,277.563,-21668.5,71.8011,0.411267
13935000,60,233.879,-21670.6,55.3238,0.4148
13950000,58,251.253,-21677.6,60.017,0.392133
13965000,51,211.82,-21679.4,40.6529,0.399267
13980000,57,235.483,-21681.2,53.9587,0.407667
13995000,43,194.031,-21697.7,47.3556,0.388373
14010000,49,221.846,-21680.2,41.6404,0.386
14025000,50,216.509,-21702,59.7641,0.380367
14040000,53,224.29,-21679.2,52.3463,0.413467
14055000,50,205.703,-21708,64.1512,0.400667
14070000,46,206.282,-21681.2,55.3888,0.3948
14085000,46,202.872,-21679.8,44.2412,0.387576
14100000,46,207.53,-21687.5,53.7427,0.392433
14115000,43,185.488,-21689.5,35.284,0.378933
14130000,62,267.607,-21684,68.5396,0.397133
14145000,52,227.841,-21713.3,51.1644,0.404
14160000,47,200.678,-21707.1,53.6321,0.409933
14175000,37,160.368,-21734.4,36.0439,0.38316
14190000,59,244.696,-21688.7,60.7489,0.409144
14205000,59,244.295,-21685.2,53.239,0.404667
14220000,53,227.15,-21679.9,49.465,0.3936
14235000,61,253.179,-21681.6,60.5499,0.397
14250000,53,235.994,-21672,50.7047,0.397067
14265000,58,247.051,-21702.2,52.5867,0.399
14280000,49,224.205,-21694.5,48.6562,0.399458
14295000,53,239.163,-21692.3,51.6843,0.392067
14310000,44,194.307,-21708,39.9604,0.3876
14325000,48,208.005,-21713.9,50.8659,0.38828
14340000,48,211.632,-21711.5,53.7552,0.373633
14355000,50,208.423,-21691.3,61.3408,0.403478
14370000,59,241.896,-21668.4,60.3706,0.394044
14385000,57,251.284,-21702.6,55.3295,0.4037
14400000,54,231.357,-21676.9,52.1522,0.405667
14415000,57,256.269,-21647.9,59.2803,0.397667
14430000,64,274.523,-21652.2,66.7117,0.412844
14445000,72,308.394,-21677.4,78.8042,0.416533
14460000,59,262.128,-21695,61.9554,0.409467
14475000,72,331.727,-21663,66.1596,0.4019
14490000,65,288.236,-21656.3,48.7803,0.413733
14505000,58,262.601,-21686.3,61.4867,0.397703
14520000,66,294.104,-21693.2,53.7319,0.408917
14535000,59,251.009,-21658.6,59.2271,0.402156
14550000,58,259.821,-21664.7,44.8355,0.4062
14565000,55,238.529,-21678.1,63.9911,0.394933
14580000,57,253.256,-21673.8,66.2034,0.40735
14595000,46,196.062,-21683.6,42.9425,0.386333
14610000,46,202.562,-21696.4,38.2716,0.3968
14625000,61,261.103,-21665.6,56.5175,0.3911
14640000,57,249.055,-21697.6,47.4141,0.385367
14655000,68,293.637,-21664.6,62.9305,0.398167
14670000,67,285.285,-21669,70.8814,0.414933
14685000,79,346.923,-21668.6,89.5213,0.404667
14700000,56,240.817,-21669.6,52.9747,0.401
14715000,69,291.613,-21660.5,89.3488,0.3872
14730000,69,309.516,-21665.5,81.4881,0.392333
14745000,64,268.019,-21693.3,66.2773,0.397324
14760000,71,306.542,-21650.9,84.1527,0.4064
14775000,63,266.777,-21646,59.704,0.400133
14790000,55,223.845,-21659.4,53.0371,0.390933
14805000,70,304.304,-21674.5,68.4257,0.405733
14820000,72,310.379,-21664,69.9806,0.4028
14835000,67,295.151,-21675.2,77.7187,0.404933
14850000,66,283.985,-21664.9,77.4916,0.401622
14865000,65,290.987,-21653.5,72.4137,0.406733
14880000,63,248.485,-21662.4,79.8974,0.402
14895000,68,293.699,-21660.3,75.8473,0.3996
14910000,79,348.94,-21642.9,75.0525,0.413267
14925000,47,200.416,-21668.2,53.6237,0.391111
14940000,63,274.517,-21653.5,78.3126,0.4081
14955000,40,169.119,-21703.3,46.3346,0.38776
14970000,72,326.374,-21684.1,74.4879,0.404178
14985000,58,246.758,-21662.8,60.2788,0.409356
15000000,66,282.066,-21662.6,64.9608,0.416033
15015000,76,327.983,-21652.8,84.2228,0.406
15030000,77,333.487,-21639.3,86.6495,0.419533
15045000,72,321.362,-21642.6,77.5442,0.418733
15060000,74,312.839,-21660,67.4225,0.4108
15075000,73,320.58,-21665.2,73.0833,0.401044
15090000,74,332.299,-21658.6,65.3909,0.410067
15105000,72,310.759,-21658.3,70.6677,0.409378
15120000,70,290.299,-21632,63.5185,0.407667
15135000,69,282.373,-21635,74.8672,0.397667
15150000,60,259.937,-21666,53.7335,0.40215
15165000,44,181.756,-21683.8,49.1556,0.388924
15180000,65,270.21,-21659.5,71.8522,0.398222
15195000,64,273.557,-21662.1,57.887,0.397333
15210000,56,244.933,-21665.9,58.2949,0.390133
15225000,48,203.084,-21686.6,49.1828,0.392067
15240000,54,224.206,-21678.1,45.4282,0.385122
15255000,49,210.692,-21666,51.6198,0.386156
15270000,50,214.309,-21665.8,41.6473,0.3716
15285000,65,278.23,-21671.8,64.174,0.3932
15300000,55,227.746,-21665.4,52.434,0.396511
15315000,57,255.033,-21675.4,50.4077,0.401733
15330000,60,259.778,-21655.7,62.0444,0.388833
15345000,58,264.389,-21669.8,64.9355,0.401733
15360000,68,292.973,-21680.3,69.3354,0.405667
15375000,83,375.415,-21656.8,88.3411,0.423533
15390000,67,302.282,-21642.4,67.2016,0.408733
15405000,55,239.683,-21655.2,66.6351,0.397333
15420000,51,216.277,-21651.8,44.666,0.388333
15435000,50,220.34,-21672,48.1882,0.381
15450000,56,242.357,-21680.4,43.9331,0.3796
15465000,53,227.482,-21653.9,49.5333,0.389667
15480000,67,295.381,-21685.8,59.3516,0.377733
15495000,41,174.155,-21713.1,44.8579,0.384967
15510000,58,254.812,-21672.6,58.1975,0.392133
15525000,55,249.007,-21679.7,47.2803,0.38251
15540000,63,268.678,-21676.9,49.0954,0.402133
15555000,63,255.873,-21642.2,64.8243,0.387378
15570000,56,252.235,-21657.9,52.4567,0.393467
15585000,58,243.43,-21658.5,61.0134,0.395133
15600000,55,242.014,-21666.6,43.136,0.387467
15615000,40,167.069,-21696.4,40.8763,0.389773
15630000,50,233.227,-21667,40.6743,0.369767
15645000,48,212.797,-21691.3,42.0341,0.378933
15660000,50,238.4,-21695.1,47.33,0.38
15675000,44,196.207,-21723.7,38.8071,0.375228
15690000,54,232.152,-21662.3,41.8639,0.378183
15705000,59,260.69,-21687.2,58.1754,0.392133
15720000,56,251.322,-21679.9,54.6229,0.3898
15735000,56,247.962,-21706.6,42.6347,0.402167
15750000,65,292.705,-21646.2,52.7851,0.409333
15765000,63,275.55,-21653.8,70.2952,0.4002
15780000,59,264.235,-21645.2,58.8904,0.3898
15795000,64,288.31,-21657.8,68.5184,0.404667
15810000,34,145.117,-21725.5,36.0287,0.395447
15825000,48,205.898,-21711.3,47.6309,0.4142
15840000,30,118.171,-21740.7,30.2185,0.3882
15855000,52,227.985,-21682.4,60.2401,0.388617
15870000,54,240.424,-21682.7,51.9876,0.3892
15885000,63,272.764,-21661.3,70.1594,0.3884
15900000,41,171.276,-21692.8,35.5977,0.39208
15915000,63,292.119,-21677.9,60.4793,0.3907
15930000,37,169.881,-21729,23.9263,0.3765
15945000,73,328.738,-21669.4,67.1318,0.407367
15960000,68,293.168,-21670.8,74.5643,0.40835
15975000,56,246.681,-21683.6,41.7266,0.418667
15990000,52,235.824,-21667,51.673,0.391467
16005000,63,287.355,-21652.9,74.9744,0.399417
16020000,76,350.106,-21648.5,84.7221,0.410933
16035000,68,300.278,-21654.7,79.9117,0.403267
16050000,63,275.272,-21672.1,67.7256,0.4045
16065000,78,336.31,-21641.8,96.7081,0.395067
16080000,79,331.087,-21686,90.9577,0.4176
16095000,75,315.95,-21636.6,73.2072,0.400033
16110000,72,308.984,-21639.8,68.3322,0.409
16125000,56,233.998,-21657.9,52.6138,0.4
16140000,69,292.941,-21668.8,70.1249,0.398467
16155000,56,238.444,-21652.8,42.0838,0.3868
16170000,84,380.817,-21656.2,72.6901,0.395667
16185000,69,313.739,-21645.2,73.6389,0.406733
16200000,61,250.526,-21691.5,70.9286,0.404783
16215000,59,266.952,-21653.3,59.6002,0.405967
16230000,57,234.35,-21675.8,48.0135,0.402367
16245000,57,236.899,-21667.3,61.3498,0.401733
16260000,52,216.641,-21652.8,60.7872,0.387511
16275000,60,258.642,-21663.1,65.8783,0.389067
16290000,60,256.936,-21663.3,56.4587,0.384933
16305000,45,197.464,-21658.5,46.278,0.391933
16320000,57,243.193,-21668.6,60.8474,0.404756
16335000,61,280.469,-21646,57.7712,0.382467
16350000,63,276.836,-21652.4,67.6842,0.3968
16365000,68,301.687,-21691.3,68.3011,0.406311
16380000,73,312.822,-21684.1,61.5479,0.403733
16395000,67,278.848,-21658.7,58.0799,0.4004
16410000,31,129.586,-21736.1,23.2305,0.382869
16425000,53,237.89,-21681.2,49.231,0.378
16440000,52,228.426,-21677.9,57.5807,0.406827
16455000,53,220.731,-21660.5,42.152,0.396767
16470000,56,252.942,-21644.6,60.3226,0.3686
16485000,34,137.289,-21724.7,37.7842,0.38764
16500000,61,281.955,-21637.3,61.3255,0.399567
16515000,71,304.448,-21628.5,77.199,0.398933
16530000,74,333.565,-21644.7,75.9742,0.408733
16545000,61,261.781,-21654.5,71.1972,0.399229
16560000,82,367.385,-21627.5,74.8362,0.405633
16575000,68,286.517,-21671.7,56.3093,0.4093
16590000,88,376.326,-21639.5,83.888,0.4062
16605000,75,333.513,-21680.3,68.1741,0.409733
16620000,76,332.555,-21630.7,90.0647,0.404
16635000,67,296.795,-21660.2,70.0673,0.409567
16650000,58,256.55,-21676.3,75.0685,0.408133
16665000,64,270.288,-21671.9,59.9988,0.391
16680000,65,283.863,-21659.6,65.0317,0.408733
16695000,72,308.61,-21632.2,70.2997,0.400333
16710000,66,285.386,-21646.8,70.2329,0.393467
16725000,65,302.526,-21644.1,66.3852,0.394333
16740000,65,276.311,-21635.1,75.5235,0.390267
16755000,62,275.926,-21636,41.4752,0.3898
16770000,63,277.924,-21617.6,64.1014,0.39718
16785000,69,304.31,-21645.4,70.2459,0.393267
16800000,70,324.392,-21634.8,58.6998,0.394067
16815000,71,313.072,-21625.5,55.8234,0.397867
16830000,80,352.997,-21633.5,98.6841,0.393067
16845000,61,280.098,-21704.9,57.8319,0.396561
16860000,80,342.068,-21656,78.6469,0.408933
16875000,79,333.532,-21620.4,83.6064,0.3954
16890000,67,275.984,-21661.9,73.832,0.394295
16905000,82,347.937,-21660.8,83.0795,0.418733
16920000,57,245.227,-21666.8,67.4618,0.392453
16935000,63,269.849,-21655.6,66.397,0.391333
16950000,62,266.389,-21668.4,55.8122,0.396533
16965000,77,346.56,-21635,76.6914,0.4152
16980000,75,329.772,-21666.4,82.3673,0.422467
16995000,69,298.194,-21653.4,58.6101,0.414111
17010000,58,260.288,-21681.3,53.5263,0.409733
17025000,63,259.68,-21650.4,67.6249,0.388215
17040000,70,315.143,-21690.7,68.103,0.406533
17055000,56,239.421,-21647.7,60.3373,0.383567
17070000,57,251.184,-21670.3,57.3231,0.397883
17085000,66,280.3,-21651.8,61.8258,0.412133
17100000,75,317.87,-21639.9,72.4353,0.409267
17115000,49,208.596,-21675.4,40.942,0.391222
17130000,69,299.348,-21637.1,74.5249,0.4035
17145000,67,289.451,-21643.6,59.0784,0.4038
17160000,74,312.204,-21653.2,65.8494,0.407333
17175000,60,260.547,-21662.6,75.1813,0.373675
17190000,63,272.482,-21668.3,54.586,0.396933
17205000,56,245.324,-21692.7,45.4534,0.389744
17220000,68,279.175,-21657.6,80.3493,0.407083
17235000,57,246.728,-21667.7,62.5804,0.396333
17250000,67,280.923,-21645.1,73.8433,0.38745
17265000,65,289.61,-21661.6,76.8277,0.406467
17280000,67,285.986,-21659.2,56.0516,0.421333
17295000,65,279.322,-21669.6,68.8737,0.396
17310000,65,289.837,-21660.2,71.4418,0.395867
17325000,60,250.648,-21667.7,68.2461,0.406289
17340000,66,288.896,-21677,65.9584,0.4092
17355000,68,303.756,-21650.7,77.6256,0.396819
17370000,51,237.147,-21674.8,42.8911,0.403183
17385000,55,236.442,-21671.6,64.6027,0.382467
17400000,63,272.094,-21666.2,64.0922,0.399483
17415000,67,287.838,-21669.5,64.93,0.395267
17430000,76,336.365,-21669,80.1303,0.409633
17445000,69,313.471,-21668.3,74.7114,0.4042
17460000,52,230.916,-21656.4,67.7065,0.391067
17475000,51,226.078,-21652.2,43.3868,0.3686
17490000,72,320.836,-21671.1,68.4207,0.405162
17505000,66,292.106,-21666.1,66.586,0.4206
17520000,75,334.252,-21678,79.9057,0.418133
17535000,62,291.078,-21664.1,60.3901,0.384317
17550000,63,279.244,-21681.3,48.1876,0.400883
17565000,63,249.493,-21654.9,68.8687,0.416267
17580000,54,223.512,-21675.8,54.1749,0.407533
17595000,51,219.873,-21663,54.0918,0.39055
17610000,65,299.273,-21634.4,65.1035,0.389
17625000,62,279.72,-21608.4,66.2478,0.382933
17640000,62,265.839,-21688.7,62.0012,0.392567
17655000,71,320.254,-21660.7,67.2881,0.3942
17670000,56,232.391,-21680.5,61.0111,0.395233
17685000,72,315.95,-21638.3,72.1281,0.400233
17700000,58,268.544,-21647.7,56.0843,0.395
17715000,64,286.462,-21644.2,55.006,0.379867
17730000,78,343.622,-21659,73.4727,0.393067
17745000,52,223.737,-21690,47.9589,0.404576
17760000,65,292.891,-21657,76.8227,0.392033
17775000,68,306.812,-21643.8,73.0926,0.398267
17790000,53,226.754,-21707,41.2232,0.385617
17805000,48,199.96,-21698.3,45.8164,0.399267
17820000,63,278.015,-21652.3,57.8457,0.387
17835000,63,288.495,-21656,65.4628,0.3818
17850000,62,274.472,-21656.9,66.6326,0.3826
17865000,45,188.738,-21702,41.778,0.386783
17880000,64,270.747,-21631.5,64.3023,0.383667
17895000,65,291.062,-21651.5,62.8231,0.399867
17910000,66,311.147,-21645.9,51.0047,0.402
17925000,58,258.619,-21643,53.0884,0.400133
17940000,71,316.353,-21641.6,78.6778,0.398533
17955000,59,257.499,-21662.3,58.5079,0.4034
17970000,47,196.857,-21699.2,57.8467,0.40239
17985000,62,283.44,-21659,63.3655,0.387533
18000000,47,208.464,-21693.4,47.5386,0.401467
18015000,40,174.585,-21714,42.3427,0.403533
18030000,58,248.903,-21694.6,68.1786,0.403467
18045000,43,182.769,-21715.1,32.3679,0.378233
18060000,61,260.466,-21633.8,69.2864,0.3794
18075000,50,211.082,-21707.4,52.0373,0.387967
18090000,60,266.646,-21641.1,53.3972,0.392767
18105000,55,231.159,-21687.8,52.8565,0.390981
18120000,64,297.687,-21663.8,64.1303,0.3892
18135000,51,234.69,-21689.6,50.4639,0.4034
18150000,70,288.226,-21674.7,67.3697,0.4037
18165000,69,307.695,-21660.3,62.8218,0.396267
18180000,62,267.23,-21694.9,62.9622,0.408511
18195000,62,264.643,-21648,59.1332,0.392067
18210000,67,290.918,-21655,89.0116,0.3956
18225000,69,303.977,-21630.8,70.5114,0.393
18240000,75,336.078,-21649.9,73.0139,0.392067
18255000,72,328.319,-21617.7,66.1918,0.406133
18270000,54,237.631,-21700.8,64.0855,0.420678
18285000,58,260.157,-21697.2,72.9693,0.404733
18300000,60,261.866,-21695.6,49.0012,0.3908
18315000,76,329.725,-21639.2,68.2563,0.402367
18330000,60,270.434,-21630.8,69.3288,0.391133
18345000,66,293.655,-21647.9,65.3448,0.386067
18360000,59,262.468,-21650.1,68.7925,0.393867
18375000,38,168.332,-21714,35.8725,0.397078
18390000,56,258.856,-21659.2,63.152,0.380933
18405000,65,286.731,-21638,68.0994,0.397133
18420000,59,261.302,-21637.3,53.6501,0.385533
18435000,68,313.39,-21644.2,64.3919,0.3808
18450000,68,303.188,-21618.3,61.8369,0.3884
18465000,69,317.075,-21641.7,73.6653,0.3976
18480000,69,316.525,-21644.5,78.7904,0.4018
18495000,68,298.136,-21642.2,68.3737,0.393667
18510000,63,281.282,-21644.4,58.2691,0.388
18525000,37,152.388,-21708.7,33.7198,0.386113
18540000,51,218.731,-21727.8,54.1149,0.398537
18555000,58,238.356,-21725.5,51.9411,0.410867
18570000,42,177.969,-21711.5,43.3724,0.388733
18585000,55,245.863,-21662.6,46.3888,0.398853
18600000,47,200.679,-21702.5,36.9228,0.421578
18615000,53,232.832,-21665,61.9354,0.3941
18630000,48,196.491,-21661.1,57.6784,0.3996
18645000,50,234.025,-21671.2,55.2773,0.382533
18660000,52,230.506,-21652.9,42.0797,0.3984
18675000,60,259.143,-21653.8,72.2434,0.391733
18690000,50,224.603,-21696.8,49.1607,0.394789
18705000,71,291.68,-21661.2,69.9232,0.394733
18720000,82,360.302,-21663.1,91.8973,0.412867
18735000,62,270.265,-21684,51.7967,0.396
18750000,64,282.914,-21679.2,58.8565,0.409933
18765000,66,270.946,-21652.6,65.5283,0.408933
18780000,49,211.381,-21676.9,48.2784,0.397233
18795000,71,327.962,-21649.8,67.0836,0.3979
18810000,76,340.653,-21642.8,74.5569,0.4016
18825000,55,215.206,-21661.9,66.4427,0.399711
18840000,64,285.627,-21687.4,67.0349,0.4063
18855000,72,315.801,-21685.5,89.7516,0.411342
18870000,55,227.757,-21664.7,42.3996,0.398978
18885000,62,266.595,-21677.8,81.549,0.393667
18900000,63,272.329,-21649.7,63.5477,0.397033
18915000,57,230.726,-21668.2,48.363,0.378867
18930000,58,255.054,-21669.7,57.9939,0.397027
18945000,58,241.565,-21653.9,46.6941,0.385183
18960000,54,238.181,-21673.2,62.1426,0.403133
18975000,80,349.088,-21680.9,73.6662,0.412933
18990000,59,268.527,-21670.4,64.1439,0.39228
19005000,85,385.005,-21644.7,85.6811,0.420667
19020000,77,318.819,-21667.5,78.4196,0.436933
19035000,81,338.8,-21650.2,87.8325,0.403178
19050000,91,392.334,-21662.5,99.4605,0.4221
19065000,85,340.773,-21636.8,81.8128,0.4224
19080000,87,362.491,-21654.4,89.5332,0.419733
19095000,69,287.811,-21654.6,55.5681,0.409333
19110000,77,351.523,-21653.7,75.7705,0.421667
19125000,56,224.242,-21679.8,53.4401,0.405556
19140000,73,315.663,-21658,66.8508,0.416567
19155000,53,221.113,-21656.2,43.3184,0.394633
19170000,73,326.236,-21666.7,57.1333,0.412
19185000,62,276.885,-21648.3,53.8556,0.411
19200000,66,292.818,-21661.9,52.5748,0.400667
19215000,74,298.001,-21675.1,63.9691,0.419733
19230000,54,243.587,-21674.4,55.8869,0.398108
19245000,69,317.773,-21671.2,73.7229,0.4174
19260000,68,292.677,-21673.5,74.9659,0.4066
19275000,62,281.483,-21664.7,78.1794,0.383342
19290000,82,328.875,-21658.3,84.3962,0.4056
19305000,77,317.535,-21663.3,88.2748,0.402253
19320000,56,245.942,-21671.7,68.0118,0.410733
19335000,70,332.791,-21647.5,71.4949,0.3986
19350000,71,314.02,-21641.8,74.1438,0.409667
19365000,66,277.66,-21659.7,66.6877,0.3944
19380000,54,230.544,-21661.1,50.6106,0.3953
19395000,68,296.501,-21643.8,76.7077,0.394933
19410000,72,291.084,-21655.6,61.2692,0.400333
19425000,61,261.689,-21673.4,64.7203,0.392667
19440000,61,255.76,-21665.4,53.1686,0.39395
19455000,55,247.473,-21671.5,55.4707,0.396033
19470000,54,239.125,-21690.4,67.0817,0.387533
19485000,50,225.874,-21696.2,44.935,0.391795
19500000,60,263.663,-21647.6,64.776,0.389967
19515000,51,227.825,-21675.8,37.4405,0.385733
19530000,51,211.246,-21673.2,58.2618,0.3896
19545000,61,258.021,-21658.5,63.3687,0.3867
19560000,71,299.997,-21666.9,79.8268,0.412133
19575000,72,307.185,-21671.6,60.0806,0.416333
19590000,73,313.164,-21656.4,72.151,0.400733
19605000,73,314.352,-21639.2,69.7721,0.4168
19620000,62,273.117,-21634.8,59.6463,0.405867
19635000,66,298.841,-21651.2,61.9662,0.396667
19650000,59,268.48,-21679.8,68.0486,0.383828
19665000,66,284.377,-21656.6,76.6161,0.4024
19680000,64,273.035,-21666.4,67.3544,0.410933
19695000,44,197.447,-21700.1,40.0172,0.3852
19710000,53,227.271,-21686.3,49.9757,0.386733
19725000,58,253.541,-21674.9,65.7123,0.388133
19740000,54,250.428,-21668,50.2375,0.404133
19755000,62,287.488,-21678.3,65.7767,0.3998
19770000,65,267.661,-21715.9,56.0368,0.4006
19785000,64,284.833,-21684.3,75.5645,0.391267
19800000,49,222.166,-21685.7,52.4186,0.407233
19815000,66,289.723,-21657.3,61.9274,0.406017
19830000,69,277.94,-21667.2,87.142,0.3996
19845000,58,247.669,-21690.5,64.0926,0.391467
19860000,64,289.695,-21688.7,69.6427,0.3966
19875000,63,279.74,-21669.7,59.5782,0.389667
19890000,69,308.812,-21679.3,63.9781,0.399933
19905000,52,216.79,-21671.1,46.7472,0.4022
19920000,53,218.895,-21696.1,45.7128,0.395407
19935000,57,251.864,-21664.5,54.7002,0.4048
19950000,60,249.328,-21694.2,55.9256,0.406533
19965000,55,225.796,-21694.7,52.7223,0.395
19980000,61,268.816,-21685.1,67.0562,0.391467
19995000,40,179.118,-21707.6,40.7781,0.385046
20010000,56,226.13,-21703.5,59.1867,0.402311
20025000,45,205.637,-21671.2,60.4028,0.401178
20040000,60,269.072,-21668.6,52.6273,0.3814
20055000,54,207.242,-21684.9,51.764,0.381511
20070000,56,249.354,-21686.9,68.679,0.377667
20085000,67,282.586,-21662.5,69.3159,0.402311
20100000,56,238.031,-21690.4,61.4398,0.3879
20115000,59,266.812,-21664,52.9693,0.406633
20130000,71,310.753,-21666.7,66.2182,0.4194
20145000,57,246.936,-21683.9,60.4644,0.391189
20160000,51,221.117,-21689.7,54.718,0.3997
20175000,50,221.761,-21682.8,50.6031,0.3903
20190000,56,229.017,-21686.5,60.2351,0.3828
20205000,63,286.663,-21678.1,74.7842,0.391933
20220000,48,210.172,-21667.7,55.9866,0.389444
20235000,57,260.125,-21687.4,70.0567,0.4067
20250000,60,257.464,-21687.2,66.3333,0.38065
20265000,61,279.945,-21655.1,55.5303,0.3968
20280000,69,307.072,-21640.6,68.3881,0.388733
20295000,57,228.791,-21685.1,58.0263,0.385893
20310000,56,252.197,-21703.4,48.1229,0.391467
20325000,66,297.702,-21643.5,61.4518,0.392133
20340000,44,203.72,-21691,47.7193,0.397967
20355000,52,242.334,-21689.7,43.9266,0.376133
20370000,68,294.666,-21665.3,63.1078,0.398667
20385000,58,275.668,-21660,72.8372,0.3968
20400000,57,252.718,-21678.2,55.3638,0.4032
20415000,65,303.297,-21665.5,58.6334,0.395333
20430000,63,288.938,-21659.6,63.4949,0.407956
20445000,63,286.406,-21655.7,66.4982,0.404067
20460000,63,272.966,-21667.1,57.6986,0.4092
20475000,61,265.545,-21659.3,54.8722,0.3998
20490000,75,344.302,-21630,70.0184,0.397311
20505000,74,328.298,-21674.5,74.34,0.403067
20520000,69,301.732,-21670.3,79.3247,0.404733
20535000,63,279.097,-21662.5,55.1327,0.3974
20550000,54,238.593,-21684.5,45.3455,0.386316
20565000,55,252.124,-21660.4,41.2176,0.397733
20580000,47,200.061,-21688.8,55.728,0.402033
20595000,67,301.476,-21667.1,76.6215,0.4027
20610000,58,265.857,-21675.7,66.7027,0.410333
20625000,47,201.446,-21667.9,49.717,0.395333
20640000,53,234.64,-21656.8,67.0278,0.3894
20655000,47,194.81,-21669,55.3445,0.3716
20670000,37,155.495,-21707.7,44.3713,0.378489
20685000,51,224.943,-21669.1,57.822,0.383433
20700000,52,228.976,-21702.3,51.5445,0.403067
20715000,55,233.66,-21670.2,62.2782,0.386467
20730000,67,273.489,-21679,68.981,0.391778
20745000,54,233.326,-21686.5,60.5237,0.400333
20760000,52,226.33,-21691,40.464,0.397844
20775000,58,249.283,-21681.9,61.2964,0.395
20790000,43,187.845,-21687.2,39.8464,0.397122
20805000,62,278.093,-21676.4,59.9555,0.407289
20820000,61,281.855,-21682.9,75.4545,0.393933
20835000,70,297.738,-21657.6,95.281,0.408867
20850000,80,328.356,-21661,73.3234,0.4176
20865000,72,303.043,-21636.5,70.5518,0.396733
20880000,72,311.52,-21639.2,75.0032,0.411667
20895000,71,290.827,-21656.8,71.4888,0.399333
20910000,59,262.695,-21660.2,56.9534,0.3898
20925000,64,260.052,-21643.6,63.9447,0.3906
20940000,57,243.225,-21672.7,59.3804,0.397485
20955000,52,217.455,-21664.8,47.1563,0.373767
20970000,53,233.819,-21689.9,63.2669,0.397727
20985000,57,246.887,-21663,52.7884,0.398667
21000000,65,283.265,-21661.8,53.5316,0.395583
21015000,49,210.394,-21677.2,61.3314,0.392433
21030000,60,263.714,-21661.1,65.0217,0.400187
21045000,60,262.74,-21681.7,60.0434,0.3806
21060000,65,297.514,-21636.8,68.2843,0.387433
21075000,68,304.5,-21651.4,77.7135,0.4104
21090000,70,306.799,-21665.3,61.6755,0.4064
21105000,64,253.266,-21676.3,62.1212,0.4076
21120000,72,328.601,-21636.6,79.9729,0.410667
21135000,71,311.844,-21659.4,70.0446,0.403733
21150000,50,204.848,-21678,49.7227,0.393089
21165000,79,345.43,-21656.8,89.3756,0.4122
21180000,70,296.735,-21676,54.0687,0.4018
21195000,72,316.498,-21686,54.6298,0.417267
21210000,68,308.849,-21668.8,60.3747,0.418867
21225000,53,231.43,-21680.2,60.879,0.406533
21240000,53,213.408,-21666.5,56.2158,0.399567
21255000,54,232.505,-21699.7,42.2621,0.375967
21270000,67,293.337,-21634.8,80.12,0.3976
21285000,59,249.739,-21684.4,63.4813,0.3966
21300000,62,272.747,-21675.4,72.8649,0.391156
21315000,46,196.271,-21702.9,44.3755,0.402667
21330000,65,279.894,-21644.6,64.9028,0.394183
21345000,69,293.693,-21647.3,70.5731,0.399733
21360000,45,192.902,-21709.3,52.0729,0.396422
21375000,61,271.743,-21659.8,58.8785,0.398293
21390000,53,232.049,-21659.3,70.8937,0.389533
21405000,59,256.9,-21654.9,55.5715,0.3952
21420000,44,182.313,-21698.5,49.7626,0.393867
21435000,53,230.499,-21676,53.777,0.392133
21450000,40,177.853,-21675,39.6479,0.378422
21465000,50,219.75,-21695.4,60.4098,0.3772
21480000,50,216.928,-21681.6,62.4702,0.384027
21495000,59,258.489,-21663.4,47.8982,0.379867
21510000,66,288.694,-21667.3,52.9344,0.38
21525000,54,229.349,-21667.6,52.1623,0.374067
21540000,47,208.789,-21686.8,45.3741,0.396486
21555000,50,228.128,-21699.1,57.0732,0.387333
21570000,61,268.508,-21688.6,60.7329,0.396378
21585000,61,264.872,-21682,59.1551,0.393
21600000,62,265.847,-21668.9,65.248,0.413667
21615000,62,282.568,-21685.4,76.9098,0.393667
21630000,52,224.976,-21676.4,45.9469,0.4046
21645000,41,184.745,-21708.5,45.9376,0.391183
21660000,55,234.437,-21677.6,50.0708,0.3963
21675000,63,292.597,-21698.6,57.6609,0.405367
21690000,49,219.051,-21696.7,47.1105,0.402133
21705000,61,277.206,-21679.8,57.1323,0.396067
21720000,53,220.756,-21689.9,60.9232,0.398133
21735000,53,234.845,-21686.1,55.9441,0.4089
21750000,67,284.954,-21671.7,69.9039,0.3945
21765000,56,241.944,-21689.5,57.5661,0.4004
21780000,68,300.495,-21657.7,68.3503,0.392467
21795000,60,266.376,-21716.5,61.6339,0.4056
21810000,58,233.666,-21697.8,53.6339,0.4284
21825000,51,215.567,-21687.4,44.8013,0.405933
21840000,43,171.299,-21700.8,34.5036,0.402267
21855000,75,328.923,-21657.6,91.4544,0.399867
21870000,73,305.495,-21660.9,82.6575,0.420667
21885000,66,277.05,-21661.6,59.2526,0.402622
21900000,61,263.065,-21664.5,51.6946,0.403333
21915000,60,246.862,-21660.4,59.6762,0.399667
21930000,80,355.175,-21673.7,71.3257,0.40275
21945000,58,261.08,-21678.4,54.334,0.413667
21960000,62,256.962,-21668.8,59.33,0.388333
21975000,67,282.957,-21671,74.7918,0.4008
21990000,66,277.664,-21686.2,60.1668,0.40024
22005000,52,226.46,-21733.5,49.1009,0.386597
22020000,41,167.096,-21706.7,34.9204,0.387667
22035000,46,193.947,-21695.5,47.305,0.375533
22050000,44,195.787,-21719.9,36.0435,0.383378
22065000,55,232.486,-21695.1,60.2259,0.399907
22080000,62,264.913,-21688.5,61.4792,0.397333
22095000,70,302.854,-21684,60.3552,0.405867
22110000,67,299.703,-21689.7,60.7902,0.4152
22125000,63,276.064,-21674.1,60.7197,0.422267
22140000,54,233.695,-21674.8,66.634,0.414667
22155000,57,250.205,-21680.9,59.0949,0.422733
22170000,53,228.356,-21688.5,52.7044,0.3836
22185000,55,246.367,-21677.4,43.5403,0.4036
22200000,48,215.849,-21680.8,38.8069,0.400933
22215000,57,246.609,-21680.2,53.9656,0.3914
22230000,38,146.588,-21694.4,36.1868,0.3796
22245000,54,232.558,-21671.1,60.2392,0.392733
22260000,48,193.863,-21686,60.3555,0.402217
22275000,51,206.129,-21694.5,48.4877,0.3978
22290000,57,248.873,-21670.8,51.3705,0.3974
22305000,69,307.946,-21636.4,78.644,0.3907
22320000,83,355.075,-21638.9,75.0533,0.3958
22335000,81,338.96,-21622.7,74.4606,0.411133
22350000,60,270.175,-21663.2,53.6899,0.401467
22365000,67,292.254,-21653.7,63.9623,0.3995
22380000,58,250.49,-21690.2,55.9728,0.392167
22395000,60,252.16,-21691.5,81.4913,0.390033
22410000,57,238.932,-21680,68.8452,0.401
22425000,65,278.472,-21664,70.9148,0.406333
22440000,56,237.523,-21671.5,55.3255,0.395305
22455000,59,237.425,-21664.8,56.5457,0.396333
22470000,47,194.652,-21703,45.2142,0.388556
22485000,44,201.488,-21717.5,45.0505,0.389533
22500000,62,268.893,-21668.6,62.851,0.403511
22515000,56,229.913,-21694.8,62.1625,0.406867
22530000,72,304.166,-21661.7,66.3938,0.401867
22545000,77,346.274,-21664.3,59.178,0.4146
22560000,70,299.186,-21663.2,88.2082,0.391306
22575000,65,273.034,-21678.1,61.9445,0.411567
22590000,53,236.144,-21713.2,54.4093,0.393914
22605000,52,229.839,-21670.3,58.4851,0.402367
22620000,48,195.378,-21661.9,46.4192,0.39825
22635000,51,212.316,-21695.7,49.4292,0.4019
22650000,60,259.645,-21669.9,60.0524,0.390867
22665000,60,257.441,-21683.9,54.747,0.397633
22680000,48,214.176,-21690.2,40.1206,0.386244
22695000,46,207.739,-21677.5,37.2405,0.388533
22710000,53,233.471,-21678.3,64.7107,0.3841
22725000,48,216.101,-21695.7,45.0135,0.385933
22740000,48,206.734,-21688.6,53.3572,0.385267
22755000,57,239.341,-21665.8,51.1905,0.408611
22770000,60,254.221,-21658.7,67.5033,0.397987
22785000,50,193.84,-21699.5,53.2152,0.382511
22800000,59,262.397,-21686,58.6624,0.395511
22815000,50,203.025,-21675.7,49.9708,0.392133
22830000,52,214.918,-21695.9,48.0068,0.385378
22845000,42,176.051,-21689.5,38.7165,0.374067
22860000,42,188.165,-21707,49.1255,0.395433
22875000,70,302.937,-21689.6,76.6736,0.3889
22890000,53,223.306,-21696.8,43.2532,0.38112
22905000,55,236.088,-21688.2,60.2638,0.400333
22920000,55,243.925,-21670,59.8244,0.402767
22935000,58,243.421,-21672.7,54.0795,0.388956
22950000,46,196.644,-21701.3,51.6299,0.393267
22965000,58,249.379,-21681.2,58.3542,0.387933
22980000,57,233.2,-21668.1,52.405,0.404667
22995000,53,229.017,-21690.2,52.2884,0.392578
23010000,47,216.856,-21670,48.5905,0.392829
23025000,61,268.697,-21670.4,61.9575,0.3976
23040000,48,212.442,-21689,50.8804,0.394
23055000,55,242.494,-21649.6,46.4388,0.3941
23070000,55,234.311,-21702.4,59.7777,0.406253
23085000,66,290.077,-21668.7,61.4687,0.39
23100000,51,219.069,-21677,53.4185,0.399967
23115000,58,258.08,-21698.4,54.5324,0.396667
23130000,60,253.585,-21673.9,78.1779,0.403
23145000,50,214.766,-21689.2,42.0745,0.396933
23160000,41,179.855,-21701.3,37.7014,0.403911
23175000,44,182.309,-21683,48.4306,0.389222
23190000,42,186.147,-21709.3,44.5762,0.378433
23205000,52,215.028,-21693.9,63.5276,0.389733
23220000,56,235.762,-21679.4,48.2825,0.370987
23235000,62,276.742,-21686.2,58.0631,0.4036
23250000,51,230.355,-21694.4,48.9135,0.397
23265000,54,237.715,-21693.6,55.9158,0.388
23280000,68,308.867,-21655.1,72.4558,0.399173
23295000,66,279.644,-21649.4,67.3681,0.387
23310000,49,216.992,-21686.2,47.0664,0.390867
23325000,58,246.348,-21667.8,68.8788,0.395733
23340000,39,160.549,-21704.1,29.3695,0.389467
23355000,70,312.794,-21668.3,76.4632,0.3925
23370000,54,222.073,-21679.9,55.4348,0.413733
23385000,58,243.561,-21681.8,59.8024,0.407733
23400000,51,217.776,-21706.4,39.5442,0.385717
23415000,60,260.558,-21681.5,48.0571,0.397333
23430000,54,238.774,-21709.3,54.4531,0.3983
23445000,53,231.337,-21677.1,50.3991,0.394833
23460000,52,232.06,-21691.5,54.4178,0.3876
23475000,55,235.907,-21705.3,48.2757,0.396067
23490000,66,286.349,-21658.1,75.3695,0.390417
23505000,64,273.957,-21682.5,67.9347,0.4068
23520000,63,278.413,-21665.4,52.1826,0.406533
23535000,74,334.886,-21690.8,74.2024,0.411267
23550000,61,273.62,-21678.2,63.2897,0.404733
23565000,54,231.016,-21683.5,63.028,0.399667
23580000,53,230.806,-21648.1,57.9985,0.400653
23595000,52,212.5,-21712.4,54.0094,0.396902
23610000,54,224.041,-21682.5,56.6679,0.383844
23625000,52,235.681,-21680.7,54.9862,0.385333
23640000,57,237.401,-21698.3,50.8143,0.402133
23655000,57,251.279,-21704.6,56.0932,0.403133
23670000,59,243.553,-21686.9,59.4855,0.3948
23685000,50,221.296,-21693.3,51.4075,0.415067
23700000,60,255.58,-21696.7,73.1566,0.4006
23715000,55,227.566,-21680.4,55.5365,0.398667
23730000,57,245.575,-21676.2,45.5586,0.400867
23745000,69,310.667,-21691.8,71.156,0.395842
23760000,72,322.438,-21688.3,60.168,0.400867
23775000,62,280.587,-21683.3,62.601,0.403467
23790000,59,243.27,-21671.4,45.801,0.403453
23805000,51,222.592,-21701.2,44.8942,0.393233
23820000,62,264.028,-21689.7,60.2427,0.400533
23835000,66,305.698,-21678.5,69.3085,0.411933
23850000,64,288.335,-21649.1,71.8782,0.3998
23865000,62,288.54,-21669.7,60.5595,0.403307
23880000,58,235.527,-21664.1,78.0893,0.401233
23895000,45,180.871,-21696.6,44.5965,0.401588
23910000,61,254.212,-21666.7,77.421,0.398311
23925000,65,276.104,-21695.2,63.6513,0.413267
23940000,64,280.503,-21683.9,59.0753,0.390767
23955000,65,299.555,-21678.5,77.76,0.402067
23970000,67,283.423,-21664.1,55.3358,0.408644
23985000,74,318.656,-21646.1,76.4054,0.407933
24000000,70,306.978,-21682,72.7116,0.407733
24015000,70,297.045,-21694.8,84.3873,0.407467
24030000,65,294.92,-21670.8,69.4039,0.414467
24045000,74,309.521,-21664.2,66.7357,0.3941
24060000,65,248.647,-21653.6,66.0517,0.397067
24075000,63,273.146,-21639.2,70.3191,0.403011
24090000,79,343.78,-21670.9,69.3945,0.40595
24105000,68,287.475,-21659,67.9896,0.403233
24120000,73,305.839,-21648.8,71.0224,0.40425
24135000,66,268.23,-21651.1,51.0321,0.387667
24150000,65,279.842,-21638,56.8075,0.393067
24165000,60,247.056,-21666.3,67.2814,0.391467
24180000,58,262.921,-21667.3,65.3441,0.403922
24195000,64,264.882,-21656.2,56.1349,0.397267
24210000,62,262.694,-21675.6,62.7889,0.390029
24225000,55,225.881,-21663,63.8635,0.396217
24240000,52,231.413,-21654.8,58.207,0.385844
24255000,58,271.959,-21644.4,54.0536,0.379644
24270000,73,304.604,-21658.2,64.8708,0.393067
24285000,62,263.659,-21683.8,73.3516,0.409867
24300000,55,233.293,-21656.1,55.2348,0.387133
24315000,56,250.473,-21620.9,51.2313,0.385317
24330000,61,274.879,-21624.2,59.473,0.385733
24345000,66,286.129,-21696.2,79.9888,0.396044
24360000,59,260.894,-21647,60.095,0.393833
24375000,57,250.29,-21678.3,50.8037,0.4085
24390000,53,240.315,-21636.5,47.2385,0.389667
24405000,64,276.24,-21632.9,85.1401,0.381667
24420000,50,207.847,-21680.7,44.6097,0.38437
24435000,55,238.02,-21685.3,53.8665,0.385233
24450000,56,262.546,-21653.9,62.6808,0.389822
24465000,62,273.922,-21659.3,62.1256,0.388311
24480000,49,221.375,-21684,41.5619,0.386533
24495000,48,208.97,-21696.8,46.1837,0.384533
24510000,56,261.405,-21648.9,55.3495,0.393933
24525000,53,239.876,-21643.4,56.8667,0.392133
24540000,67,279.265,-21623.8,53.1482,0.380867
24555000,62,272.983,-21627.1,61.8508,0.3852
24570000,65,291.362,-21639.2,64.3056,0.379467
24585000,80,335.174,-21627.8,75.3941,0.3892
24600000,76,342.989,-21627.5,66.4844,0.390053
24615000,77,338.967,-21627.4,79.6896,0.385533
24630000,47,219.277,-21668.1,41.9288,0.384969
24645000,58,253.841,-21671.8,55.7471,0.392267
24660000,64,289.611,-21634.7,74.8607,0.399267
24675000,67,292.787,-21632.9,92.4547,0.393583
24690000,80,349.44,-21624.8,80.0355,0.403667
24705000,55,250.453,-21657,57.0008,0.394378
24720000,64,268.641,-21636.2,68.3889,0.396767
24735000,50,225.382,-21682.3,54.399,0.396944
24750000,60,266.404,-21659.1,62.2302,0.3936
24765000,57,264.109,-21707.1,69.7693,0.414767
24780000,55,250.971,-21680.8,63.2799,0.413333
24795000,72,311.158,-21621.8,76.7173,0.388667
24810000,72,323.913,-21632.2,74.0759,0.393333
24825000,56,240.058,-21702.5,69.87,0.401044
24840000,53,252.706,-21642,46.8026,0.389456
24855000,51,229.562,-21690.7,56.1447,0.391967
24870000,58,249.133,-21646.8,60.5498,0.388533
24885000,54,247.413,-21650.5,57.0462,0.37548
24900000,74,319.318,-21646.4,70.795,0.3882
24915000,77,318.639,-21652.7,66.4732,0.404133
24930000,60,264.158,-21661.7,58.1764,0.393622
24945000,64,280.344,-21630.6,55.555,0.407767
24960000,65,274.181,-21637.1,78.5462,0.3952
24975000,65,249.464,-21685.8,65.6182,0.398783
24990000,67,290.362,-21637.4,77.0982,0.388983
25005000,67,274.414,-21628.7,75.4725,0.4048
25020000,68,284.804,-21641.5,57.6479,0.4032
25035000,66,287.417,-21633.5,61.885,0.391844
25050000,59,265.746,-21640.3,67.2496,0.396867
25065000,55,230.162,-21646.5,56.8557,0.387267
25080000,59,260.527,-21662,50.5297,0.380667
25095000,61,258.646,-21674.4,64.7975,0.388533
25110000,60,257.539,-21651,57.2026,0.393533
25125000,65,294.573,-21687.2,69.0158,0.405793
25140000,59,258.391,-21661.9,56.3768,0.391878
25155000,63,270.913,-21666.6,58.5286,0.398267
25170000,74,334.739,-21656.4,77.332,0.4024
25185000,67,287.092,-21651.9,67.5189,0.415133
25200000,75,323.635,-21653.7,75.1133,0.402333
25215000,63,273.714,-21668.5,69.3772,0.400911
25230000,70,323.675,-21638.7,68.2822,0.4081
25245000,73,335.247,-21651.2,79.0947,0.414533
25260000,69,291.327,-21676,71.9866,0.408889
25275000,70,295.979,-21663.3,64.8076,0.404933
25290000,63,292.399,-21666.3,63.1732,0.3984
25305000,65,298.371,-21654.9,58.4531,0.3968
25320000,52,208.375,-21663.2,72.9708,0.389467
25335000,80,345.319,-21656.5,84.5199,0.407767
25350000,65,282.022,-21688.4,62.1357,0.4085
25365000,65,278.989,-21679.2,51.0227,0.4094
25380000,66,297.883,-21673,72.1681,0.4152
25395000,63,271.426,-21669.1,47.4128,0.408133
25410000,59,261.245,-21659.3,64.2127,0.409533
25425000,50,226.174,-21677.1,52.4034,0.386702
25440000,62,272.873,-21676.4,65.5227,0.390267
25455000,58,241.011,-21644.8,53.2092,0.393067
25470000,53,207.945,-21662,50.5924,0.399667
25485000,67,281.724,-21667,58.393,0.401667
25500000,58,246.198,-21659.3,47.3603,0.393222
25515000,72,311.548,-21633,67.5451,0.386156
25530000,64,281.703,-21657,81.331,0.395133
25545000,67,301.183,-21665.5,66.9378,0.387533
25560000,77,341.689,-21673.6,76.6922,0.400683
25575000,57,254.941,-21657.9,65.4607,0.388667
25590000,60,257.454,-21651.9,61.6779,0.4032
25605000,56,255.14,-21691.8,63.9313,0.409667
25620000,50,218.225,-21672.1,58.6924,0.374733
25635000,67,294.777,-21652.7,60.0176,0.389133
25650000,72,305.429,-21677.2,61.9113,0.402667
25665000,80,346.856,-21660.6,92.5608,0.390947
25680000,72,310,-21641.7,83.2581,0.405467
25695000,64,283.421,-21642.5,53.4346,0.398867
25710000,73,324.549,-21653.6,68.7113,0.400333
25725000,91,403.358,-21626.6,84.8063,0.417867
25740000,99,439.408,-21631.1,84.2635,0.406983
25755000,81,362.333,-21644.2,70.082,0.4204
25770000,75,309.193,-21637.1,76.8988,0.411533
25785000,79,330.278,-21633.6,98.3248,0.408533
25800000,86,365.897,-21616.3,85.4026,0.402733
25815000,78,358.19,-21627.7,72.7871,0.397733
25830000,69,308.886,-21646.7,64.8047,0.409629
25845000,83,376.752,-21641.4,86.6197,0.414867
25860000,67,283.032,-21626.8,76.2123,0.398133
25875000,60,260.217,-21632.8,56.517,0.396533
25890000,72,332.629,-21649.2,61.1325,0.3974
25905000,67,300.15,-21641.8,60.912,0.4086
25920000,54,239.352,-21679.4,56.188,0.404467
25935000,69,279.472,-21657.1,59.3116,0.403183
25950000,77,325.676,-21636.2,77.5934,0.3926
25965000,60,252.954,-21677.7,73.5862,0.390111
25980000,67,284.16,-21661.3,72.6296,0.385267
25995000,62,263.132,-21663.2,56.6701,0.402867
26010000,56,241.081,-21686.1,63.1915,0.3896
26025000,55,242.385,-21659.7,46.5398,0.381889
26040000,71,300.947,-21670.1,72.0833,0.409933
26055000,72,317.793,-21676.9,85.352,0.419933
26070000,57,235.523,-21646.9,61.1048,0.397137
26085000,56,245.37,-21670.6,48.3135,0.392
26100000,61,262.919,-21680,60.2156,0.392267
26115000,61,260.705,-21688.2,65.8171,0.39155
26130000,59,269.114,-21682.7,41.2795,0.397033
26145000,60,249.055,-21651,62.4371,0.392
26160000,63,266.478,-21662.8,74.4236,0.38803
26175000,64,291.923,-21673.4,60.259,0.403889
26190000,77,321.175,-21655.9,75.3329,0.411667
26205000,91,406.169,-21644.1,77.306,0.410756
26220000,78,347.098,-21673.6,80.62,0.424867
26235000,74,340.744,-21659.4,64.6664,0.416533
26250000,53,233.133,-21693.9,45.4658,0.41084
26265000,73,321.489,-21651.5,76.7987,0.410956
26280000,78,336.04,-21628.3,79.7332,0.406867
26295000,83,356.407,-21626.5,83.0802,0.414
26310000,89,381.307,-21628.9,90.1892,0.421133
26325000,92,390.703,-21628.6,81.5247,0.407933
26340000,56,233.042,-21674.7,50.7439,0.402056
26355000,63,271.271,-21675.2,57.7013,0.409992
26370000,57,254.807,-21652.4,65.9292,0.396822
26385000,58,260.42,-21666.3,62.417,0.401333
26400000,64,274.731,-21686.4,71.7664,0.404778
26415000,73,319.614,-21690.5,75.0228,0.421667
26430000,76,318.64,-21654.9,78.9752,0.406356
26445000,66,272.519,-21642.3,61.1307,0.398483
26460000,57,263.072,-21644.3,59.1299,0.395933
26475000,75,352.426,-21638.7,106.063,0.416667
26490000,72,330.578,-21641.8,65.246,0.392667
26505000,65,288.406,-21658.8,82.7981,0.414833
26520000,71,302.257,-21653.1,78.2617,0.418724
26535000,76,329.313,-21688.3,72.6019,0.419633
26550000,69,309.563,-21646,72.4472,0.40785
26565000,74,337.295,-21651.9,73.3302,0.4076
26580000,72,320.67,-21625.1,78.8221,0.404067
26595000,59,264.123,-21642.3,47.9671,0.409213
26610000,68,299.226,-21672,63.0199,0.3996
26625000,68,322.653,-21675.4,64.8194,0.394133
26640000,69,287.334,-21663.1,72.9762,0.412733
26655000,67,291.665,-21643.3,86.2028,0.4087
26670000,49,207.42,-21675.6,66.0325,0.401726
26685000,70,302.705,-21658.7,68.4174,0.407233
26700000,57,260.465,-21653.1,54.8044,0.388667
26715000,47,204.914,-21701.4,47.1518,0.393222
26730000,73,325.153,-21646.7,77.6206,0.3845
26745000,66,279.106,-21654.4,75.2824,0.3948
26760000,43,186.336,-21698.5,51.6607,0.388267
26775000,55,240.372,-21650.1,49.3302,0.3729
26790000,63,287.807,-21627.1,62.6534,0.385
26805000,76,330.247,-21644,74.9894,0.3966
26820000,66,279.578,-21627,67.2967,0.389467
26835000,68,314.49,-21634.1,62.4041,0.393867
26850000,71,319.571,-21658.1,86.9909,0.389714
26865000,76,331.826,-21633.1,69.9218,0.398067
26880000,70,323.926,-21632.9,80.8651,0.384733
26895000,72,331.232,-21649.1,83.9187,0.406467
26910000,63,284.78,-21651,57.9796,0.390567
26925000,39,173.714,-21720.1,42.6401,0.384642
26940000,68,296.721,-21668.2,84.8746,0.3776
26955000,69,307.628,-21658,79.7325,0.398133
26970000,68,298.169,-21618.9,62.1495,0.413307
26985000,75,316.327,-21636.4,69.3459,0.408667
27000000,58,248.579,-21680,56.0173,0.394333
27015000,62,269.568,-21657.7,57.0276,0.3913
27030000,74,310.353,-21649.9,62.3047,0.390467
27045000,72,318.986,-21644.9,75.577,0.397867
27060000,80,354.019,-21636.7,86.2067,0.401133
27075000,93,419.174,-21631.9,86.2711,0.405
27090000,83,359.62,-21623.8,92.7089,0.418667
27105000,71,308.077,-21618.1,61.7623,0.394467
27120000,67,276.366,-21626.5,63.2201,0.391267
27135000,60,266.128,-21635.2,59.9505,0.382
27150000,67,294.746,-21654.3,62.4032,0.393533
27165000,64,271.705,-21633.4,67.116,0.387133
27180000,63,276.557,-21626.1,59.9315,0.389667
27195000,56,232.669,-21629.2,47.2697,0.3936
27210000,58,253.802,-21628,61.9897,0.393533
27225000,45,200.395,-21692.4,42.8271,0.39025
27240000,51,206.314,-21654.6,54.1396,0.382192
27255000,52,220.997,-21667.9,47.6315,0.365467
27270000,64,279.724,-21642,64.8209,0.373033
27285000,70,310.386,-21652.3,59.2582,0.3773
27300000,84,371.635,-21640.2,101.111,0.3976
27315000,54,221.9,-21680.7,38.812,0.398089
27330000,64,267.54,-21651.2,62.0679,0.414844
27345000,65,285.239,-21689.6,62.4018,0.411
27360000,75,320.412,-21622.2,100.144,0.406183
27375000,52,232.18,-21672.1,54.5571,0.403567
27390000,83,368.311,-21627.5,75.9576,0.4087
27405000,86,389.884,-21588.4,79.4665,0.399733
27420000,93,402.351,-21606.2,97.549,0.408733
27435000,92,396.272,-21605.3,92.1147,0.404667
27450000,78,339.473,-21603.3,76.1976,0.399533
27465000,75,339.114,-21605.2,71.6421,0.398667
27480000,74,322.119,-21607.1,76.7766,0.3976
27495000,75,302.37,-21616.1,76.1136,0.400303
27510000,65,293.654,-21633.8,62.2555,0.378267
27525000,55,247.914,-21638.1,52.239,0.385333
27540000,65,280.535,-21649.1,64.5539,0.3872
27555000,80,341.041,-21631.7,76.6635,0.398147
27570000,70,300.172,-21633.9,72.3268,0.3858
27585000,66,279.6,-21651,53.9187,0.394733
27600000,71,312.007,-21643.9,72.2326,0.386
27615000,54,225.44,-21646,42.9125,0.386547
27630000,61,280.278,-21672.7,49.4776,0.391133
27645000,77,324.602,-21630.8,79.1965,0.394467
27660000,60,263.211,-21661.3,71.1305,0.3874
27675000,75,320.48,-21639.6,74.4047,0.402
27690000,77,329.754,-21636,74.0736,0.399733
27705000,55,215.775,-21671.4,63.0125,0.382867
27720000,72,305.206,-21656.4,76.4016,0.405033
27735000,65,288.141,-21650.1,67.7193,0.403133
27750000,62,259.06,-21648.4,61.1942,0.3864
27765000,66,296.421,-21663.3,69.9094,0.3866
27780000,73,324.979,-21670.5,65.0542,0.392
27795000,65,269.95,-21659.4,70.9788,0.385
27810000,58,256.19,-21687.7,59.5301,0.392108
27825000,79,346.453,-21663.9,67.8557,0.408511
27840000,79,348.337,-21641.8,53.031,0.403867
27855000,64,280.252,-21661.8,68.1527,0.40485
27870000,70,293.638,-21658.9,59.6869,0.3944
27885000,66,287.671,-21623.8,67.2237,0.401111
27900000,59,264.302,-21686.3,53.955,0.3945
27915000,83,345.94,-21636.5,83.9931,0.399833
27930000,81,352.882,-21652.3,85.781,0.396333
27945000,74,336.461,-21655.5,78.4026,0.408111
27960000,60,248.212,-21609.9,51.3498,0.396267
27975000,61,278.66,-21655.6,52.5835,0.397067
27990000,51,210.044,-21637.9,52.4582,0.372933
28005000,56,246.042,-21644.3,45.3074,0.363267
28020000,61,259.726,-21639.3,51.6059,0.38335
28035000,58,241.748,-21652.4,68.9765,0.384033
28050000,56,240.273,-21631.6,62.8258,0.3825
28065000,72,324.616,-21671.4,65.2502,0.394567
28080000,66,296.698,-21653.8,62.7707,0.396367
28095000,75,326.525,-21644.9,83.2065,0.3968
28110000,56,256.839,-21711.2,60.7939,0.398363
28125000,67,299.325,-21674.7,65.4303,0.4008
28140000,57,255.446,-21700.6,58.7172,0.4036
28155000,57,258.941,-21670.8,51.9667,0.3849
28170000,64,274.511,-21655.4,68.2714,0.3892
28185000,53,226.723,-21689.9,45.3811,0.404244
28200000,72,307.942,-21662.3,65.9852,0.403133
28215000,59,263.503,-21664.2,56.2497,0.381
28230000,45,176.152,-21661.4,45.6215,0.376867
28245000,54,232.384,-21660.1,66.4094,0.3937
28260000,49,213.416,-21670.4,45.367,0.388387
28275000,47,207.611,-21684.3,57.1968,0.380267
28290000,52,242.526,-21681.1,67.6399,0.374183
28305000,47,207.209,-21660.6,49.8417,0.377567
28320000,52,232.201,-21668.5,49.5514,0.384067
28335000,64,287.089,-21664,66.686,0.377867
28350000,53,238.656,-21679.3,39.5292,0.3825
28365000,55,251.624,-21656.3,58.4069,0.384467
28380000,59,258.021,-21647.5,63.3224,0.386256
28395000,63,289.895,-21656.3,75.916,0.389467
28410000,58,244.079,-21642.1,52.1611,0.3924
28425000,63,284.9,-21645.5,56.0931,0.385
28440000,70,297.367,-21644.3,66.4285,0.392244
28455000,59,259.531,-21659.9,61.7769,0.385
28470000,59,262.097,-21653.1,58.4397,0.392183
28485000,68,308.556,-21653.1,70.1317,0.397689
28500000,60,264.222,-21655.1,72.0485,0.399267
28515000,57,247.847,-21678.2,68.5736,0.384033
28530000,61,258.413,-21634.2,59.1376,0.396883
28545000,67,283.541,-21646,65.8615,0.3932
28560000,57,250.007,-21643.7,52.9134,0.3961
28575000,60,255.587,-21674.1,64.3402,0.386867
28590000,61,263.616,-21684.3,65.0508,0.3926
28605000,52,230.357,-21645.5,57.7919,0.389667
28620000,47,223.044,-21642.5,53.742,0.372067
28635000,66,301.837,-21644.1,66.6322,0.391233
28650000,70,294.794,-21660.7,73.8071,0.4086
28665000,61,241.406,-21649.5,67.993,0.401333
28680000,56,236.955,-21675,55.3564,0.381017
28695000,47,219.04,-21659.7,47.5576,0.401533
28710000,53,242.6,-21664.6,54.606,0.378567
28725000,63,270.351,-21682.1,62.7204,0.387681
28740000,62,263.239,-21660.8,50.7531,0.394433
28755000,51,221.961,-21654.2,50.6685,0.3888
28770000,60,277.002,-21647.3,47.7755,0.382893
28785000,66,287.248,-21687.2,62.1861,0.3953
28800000,53,235.628,-21652.9,48.4328,0.3834
28815000,49,225.452,-21661.3,60.5813,0.370167
28830000,64,289.56,-21638.8,68.3682,0.400967
28845000,59,266.774,-21663.9,53.0563,0.384367
28860000,56,253.455,-21669.7,60.7163,0.387467
28875000,60,271.764,-21637.2,58.3139,0.3746
28890000,59,248.445,-21658.2,51.4683,0.388767
28905000,50,218.109,-21704,47.7266,0.400167
28920000,51,217.628,-21668.4,53.2319,0.369733
28935000,48,215.078,-21674.2,46.2745,0.389533
28950000,60,266.379,-21664.6,64.2966,0.397933
28965000,59,265.7,-21667.7,50.1518,0.404333
28980000,69,296.782,-21663.5,62.7887,0.413733
28995000,55,239.093,-21678.2,51.3877,0.385222
29010000,67,299.644,-21681.9,59.0354,0.415033
29025000,72,304.638,-21647.8,68.6621,0.4055
29040000,61,250.005,-21650.8,62.0924,0.372133
29055000,57,230.841,-21648.8,69.1195,0.3738
29070000,64,280.058,-21661.1,76.552,0.41475
29085000,71,296.565,-21658.3,74.3037,0.388467
29100000,55,228.401,-21667.5,50.9334,0.386867
29115000,59,253.958,-21676.8,62.715,0.405444
29130000,61,261.62,-21654.2,51.8943,0.39801
29145000,66,292.526,-21648.3,59.9525,0.400733
29160000,51,218.034,-21705.5,45.112,0.394689
29175000,73,319.342,-21657.8,70.8569,0.3956
29190000,65,279.962,-21644,55.2451,0.3996
29205000,61,270.27,-21674.6,57.3574,0.374514
29220000,59,264.788,-21650.9,48.3888,0.377933
29235000,60,251.203,-21679.5,49.7736,0.389356
29250000,59,262.351,-21656.7,56.889,0.375433
29265000,57,248.023,-21648.5,47.9664,0.3736
29280000,37,147.88,-21703.3,29.4486,0.394408
29295000,68,306.88,-21682.8,73.425,0.383067
29310000,61,246.692,-21687.4,55.5623,0.397733
29325000,54,242.792,-21695.3,79.0024,0.398956
29340000,40,177.737,-21710.7,49.8651,0.387533
29355000,49,203.788,-21722.8,52.3805,0.4016
29370000,46,212.645,-21703.7,48.4616,0.385967
29385000,49,217.217,-21705.2,41.1865,0.3982
29400000,50,218.345,-21688.2,52.8872,0.388503
29415000,55,238.995,-21673.4,49.3564,0.3898
29430000,54,236.665,-21692.9,56.5101,0.389333
29445000,59,262.209,-21683.4,68.9844,0.39325
29460000,59,242.018,-21668.2,59.5774,0.411333
29475000,53,233.543,-21662.9,44.9407,0.395533
29490000,48,195.704,-21703.2,57.2889,0.386917
29505000,49,209.066,-21698.7,46.7077,0.401767
29520000,44,195.725,-21684.1,37.0647,0.380933
29535000,60,254.6,-21713.3,51.7068,0.403767
29550000,54,243.348,-21704.4,53.5465,0.411667
29565000,61,253.297,-21717.6,75.3248,0.413533
29580000,51,210.149,-21690.3,49.1884,0.391489
29595000,45,192.917,-21709.7,47.6193,0.38544
29610000,59,250.609,-21696.1,55.1303,0.416489
29625000,36,142.3,-21700.2,30.3103,0.385733
29640000,43,197.102,-21709.5,35.0606,0.389778
29655000,61,264.208,-21717.9,74.9098,0.4108
29670000,39,166.368,-21709.3,35.0228,0.392889
29685000,53,234.933,-21714.8,53.0058,0.389756
29700000,49,203.425,-21720.5,55.245,0.399133
29715000,59,267.061,-21676.9,53.7283,0.4082
29730000,58,238.16,-21681,56.1975,0.404333
29745000,55,242.471,-21674.7,53.4655,0.3998
29760000,50,211.694,-21701.5,54.5835,0.3886
29775000,61,277.416,-21666.6,52.8681,0.395867
29790000,50,213.156,-21692.1,50.6353,0.389244
29805000,54,209.959,-21667.3,52.9669,0.393133
29820000,78,334.696,-21667.6,83.1455,0.403333
29835000,73,323.953,-21705,73.4532,0.412
29850000,58,255.861,-21685,62.9534,0.39932
29865000,64,281.353,-21694.4,88.4373,0.417033
29880000,60,270.78,-21687.1,65.3794,0.4053
29895000,63,281.016,-21669.9,64.3609,0.407833
29910000,54,241.427,-21700.9,59.4637,0.400833
29925000,50,198.834,-21660.8,48.4333,0.396533
29940000,61,263.292,-21660.9,54.4138,0.3868
29955000,50,217.534,-21679.2,41.6291,0.389612
29970000,47,200.724,-21700.7,53.4433,0.3932
29985000,49,222.448,-21699.5,55.4463,0.391467
