generation,N_shifts,logPrior,logLik,eventRate,acceptRate
0,0,0.641453,-24237.8,100,0
15000,1,3.04537,-22069.4,1.10323,0.261249
30000,2,6.86493,-22051.3,4.07769,0.260458
45000,8,25.9751,-21990.8,13.1741,0.294978
60000,7,25.8468,-22018.8,6.5777,0.294567
75000,10,46.6883,-21950.2,18.5185,0.3212
90000,6,25.1397,-22010,9.56289,0.280167
105000,9,41.6657,-21945.3,7.10065,0.320733
120000,13,56.0303,-21968.7,14.4049,0.3155
135000,17,70.5072,-21913.4,11.9014,0.335467
150000,6,30.7021,-21971.1,6.62439,0.3155
165000,14,62.9928,-21889,13.2198,0.346967
180000,17,79.3954,-21894.6,23.86,0.33
195000,20,84.8517,-21889.3,17.3123,0.343467
210000,20,85.7761,-21880.7,22.1686,0.3576
225000,30,125.598,-21844.6,29.8769,0.3664
240000,24,103.417,-21847.1,29.0112,0.353933
255000,29,102.506,-21826.8,34.2461,0.360133
270000,41,179.467,-21805.7,39.1664,0.375067
285000,26,113.378,-21864.4,28.0947,0.328052
300000,43,178.455,-21799.9,47.6708,0.3877
315000,49,204.106,-21785.5,46.9243,0.3816
330000,32,134.526,-21827.9,29.6948,0.374333
345000,44,190.349,-21791.8,48.4503,0.3731
360000,54,244.897,-21790.7,42.7485,0.382733
375000,40,180.954,-21794.1,33.4388,0.390822
390000,49,217.278,-21786.1,49.2294,0.3908
405000,59,269.669,-21779.5,66.6252,0.3895
420000,56,251.866,-21786.9,60.8578,0.4053
435000,52,242.138,-21767.8,55.4599,0.3908
450000,55,239.449,-21767.5,59.4638,0.386867
465000,58,252.178,-21736.5,60.0128,0.393467
480000,62,269.602,-21739.6,57.5082,0.3942
495000,47,216.156,-21765.8,53.0638,0.393933
510000,40,189.835,-21790,34.9272,0.380783
525000,49,213.33,-21756.6,54.5595,0.383567
540000,56,243.213,-21744.2,59.3346,0.392733
555000,60,263.978,-21756,57.2673,0.395267
570000,40,179.802,-21764.4,37.6461,0.382917
585000,51,225.266,-21777.6,55.7516,0.376133
600000,80,363.042,-21729.7,91.2113,0.404911
615000,50,211.695,-21779,54.0161,0.4018
630000,54,241.862,-21732.7,66.5772,0.4208
645000,56,250.581,-21750.4,62.7549,0.394467
660000,56,249.077,-21753.6,53.1367,0.3882
675000,57,252.739,-21737.6,42.5625,0.387333
690000,31,136.072,-21829,31.9964,0.344923
705000,60,257.496,-21713.3,76.251,0.389967
720000,47,212.762,-21759,57.0125,0.383714
735000,34,143.412,-21810.7,33.0422,0.376244
750000,54,226.289,-21734.1,58.3725,0.3808
765000,58,263.229,-21745,48.0842,0.371378
780000,48,212.889,-21750.6,50.4034,0.374
795000,61,266.387,-21740.9,65.2514,0.380133
810000,66,282.183,-21754.2,61.692,0.398817
825000,68,276.725,-21730.2,75.9532,0.396033
840000,25,108.145,-21825.9,25.4808,0.388238
855000,60,265.883,-21732.9,56.726,0.3847
870000,55,234.423,-21728.5,43.5757,0.3846
885000,54,236.704,-21770.3,60.2895,0.397853
900000,61,265.712,-21729.9,81.1098,0.3966
915000,71,310.534,-21710.2,74.4649,0.407933
930000,64,275.598,-21721.4,51.1351,0.398267
945000,46,204.664,-21771,39.4837,0.39525
960000,49,203.901,-21759.8,50.2409,0.381333
975000,55,249.26,-21769.8,68.5985,0.387333
990000,54,244.474,-21735.6,63.8941,0.381733
1005000,51,223.447,-21748.4,50.0986,0.376067
1020000,66,285.641,-21762.9,55.3478,0.393867
1035000,62,277.74,-21759.3,69.5852,0.386667
1050000,48,197.343,-21744.8,53.6105,0.386367
1065000,56,237.524,-21763.9,46.1516,0.394067
1080000,49,217.396,-21741.6,50.5514,0.394889
1095000,44,201.855,-21764.6,38.5753,0.378933
1110000,56,238.513,-21815.7,66.6834,0.383004
1125000,59,254.683,-21739.1,60.5852,0.381333
1140000,43,180.95,-21795,34.9527,0.402867
1155000,61,269.245,-21722.4,68.7728,0.387467
1170000,64,297.56,-21732.6,59.281,0.404733
1185000,66,301.463,-21737.5,81.23,0.395733
1200000,60,274.994,-21720.7,55.7806,0.393333
1215000,57,265.767,-21738.8,61.1208,0.390733
1230000,49,203.292,-21774.6,50.2018,0.400111
1245000,55,249.978,-21745,53.6331,0.3837
1260000,52,228.981,-21772.2,41.8112,0.395115
1275000,39,176.69,-21758.5,45.8493,0.403933
1290000,64,280.658,-21781.3,69.8137,0.399233
1305000,41,175.761,-21768.3,37.6375,0.3854
1320000,47,218.443,-21764.7,59.4495,0.399967
1335000,51,222.562,-21766.5,48.6794,0.392333
1350000,46,202.541,-21756.8,39.1283,0.386705
1365000,49,233.045,-21761.3,48.3497,0.380467
1380000,58,265.311,-21762.4,50.3005,0.389333
1395000,50,230.778,-21760,49.5353,0.394644
1410000,55,238.156,-21768.7,45.5357,0.3806
1425000,48,213.73,-21787.8,47.7149,0.402467
1440000,51,221.133,-21748.8,64.5052,0.382876
1455000,42,179.068,-21788.5,48.0337,0.38692
1470000,46,190.046,-21758.7,56.6602,0.390633
1485000,47,198.606,-21739.6,53.6772,0.400933
1500000,49,209.196,-21763.6,45.8515,0.388667
1515000,48,210.181,-21758.7,38.1922,0.387733
1530000,49,211.517,-21766.2,56.3098,0.395267
1545000,50,232.298,-21774.9,52.0378,0.387408
1560000,49,216.965,-21764.1,37.9634,0.3868
1575000,49,202.756,-21745.3,63.773,0.3824
1590000,44,180.396,-21744.7,45.5412,0.3856
1605000,47,208.526,-21748.6,44.2919,0.377156
1620000,54,250.103,-21758.5,48.0067,0.379667
1635000,65,278.728,-21758.5,62.4748,0.381689
1650000,61,279.101,-21740.1,60.0877,0.3909
1665000,60,253.291,-21749.4,53.2919,0.3943
1680000,35,152.017,-21799.5,39.8648,0.380062
1695000,53,241.989,-21742.5,51.5779,0.393911
1710000,49,201.959,-21736.4,45.1709,0.390222
1725000,39,171.622,-21788.9,51.6262,0.379578
1740000,36,157.253,-21794.7,32.3554,0.3974
1755000,72,326.485,-21753.7,65.5881,0.4053
1770000,62,281.652,-21750.2,53.9265,0.404867
1785000,49,226.789,-21745.8,50.8795,0.402933
1800000,44,194.756,-21748.9,41.9015,0.3764
1815000,35,145.323,-21770.9,35.4841,0.383613
1830000,45,186.708,-21746,44.8288,0.370917
1845000,58,248.222,-21749.6,54.2943,0.383133
1860000,38,160.264,-21764.5,37.079,0.38435
1875000,46,208.823,-21776.9,49.0049,0.360867
1890000,41,173.428,-21757.4,46.409,0.396444
1905000,47,208.627,-21775.1,49.2338,0.377367
1920000,46,203.093,-21743.9,38.2971,0.3879
1935000,44,189.745,-21756.6,45.4032,0.3738
1950000,38,165.846,-21795.5,45.7532,0.365533
1965000,51,227.447,-21749.5,60.4104,0.3812
1980000,40,165.925,-21795.4,53.6881,0.382133
1995000,57,244.816,-21759.1,49.6952,0.390633
2010000,49,212.319,-21775.8,47.1731,0.391367
2025000,65,295.449,-21731.1,76.5153,0.386167
2040000,54,243.244,-21728.4,48.6055,0.399667
2055000,70,309.201,-21698,77.3123,0.414467
2070000,67,277.122,-21732.5,58.1665,0.4176
2085000,55,251.826,-21756.9,38.7427,0.3886
2100000,45,189.765,-21726.4,45.2169,0.397033
2115000,48,199.212,-21757.6,38.0841,0.38504
2130000,57,247.722,-21740.6,65.8927,0.397044
2145000,50,217.088,-21743.1,39.5799,0.392533
2160000,43,189.716,-21776.4,37.3421,0.381633
2175000,47,194.764,-21745.1,47.3636,0.3679
2190000,37,155.453,-21744,29.0172,0.364333
2205000,49,213,-21760.3,46.7965,0.378171
2220000,50,221.773,-21732.7,51.5418,0.369733
2235000,48,210.56,-21724.2,52.3659,0.385267
2250000,58,261.791,-21747.5,57.3463,0.385444
2265000,62,273.058,-21740,70.8483,0.383233
2280000,50,200.794,-21741.6,47.6583,0.391033
2295000,49,209.541,-21735.7,53.9451,0.382433
2310000,47,210.368,-21744.6,48.7662,0.3841
2325000,37,172.771,-21764.4,40.983,0.384267
2340000,47,197.562,-21763.9,50.7512,0.376467
2355000,42,172.001,-21745.8,43.4789,0.3832
2370000,50,212.727,-21756.5,50.3099,0.3686
2385000,40,180.754,-21762.4,30.2484,0.382367
2400000,51,229.997,-21748.5,54.1618,0.376967
2415000,49,216.878,-21775.3,58.0487,0.390667
2430000,39,168.969,-21793.3,35.2875,0.380467
2445000,39,171.9,-21773.8,32.2488,0.3747
2460000,39,181.269,-21769.8,33.4465,0.360167
2475000,64,265.6,-21766.5,53.3184,0.405267
2490000,51,231.125,-21772.2,42.4646,0.402333
2505000,53,236.595,-21755,38.0396,0.383991
2520000,44,198.567,-21751.3,57.6317,0.383667
2535000,49,205.905,-21735.6,43.6917,0.402578
2550000,54,238.689,-21746.2,49.3299,0.391067
2565000,51,207.164,-21761.7,63.2655,0.379876
2580000,50,219.227,-21737.6,45.5578,0.37715
2595000,62,269.29,-21742.5,67.8104,0.3852
2610000,44,212.344,-21769.1,39.4191,0.391178
2625000,50,216.736,-21739.4,55.782,0.392033
2640000,65,288.755,-21747.1,71.2753,0.3968
2655000,67,293.077,-21747.9,55.4236,0.403333
2670000,50,223.76,-21759.2,50.6903,0.386822
2685000,48,223.339,-21768.9,49.8305,0.399667
2700000,58,250.513,-21749.9,65.6693,0.408956
2715000,59,258.622,-21726,67.3375,0.414667
2730000,62,257.44,-21738.7,62.8496,0.3902
2745000,56,232.145,-21737.8,61.4029,0.392467
2760000,55,237.322,-21733.3,57.6183,0.4008
2775000,52,234.505,-21735.9,43.5462,0.407317
2790000,54,231.487,-21736.7,45.2638,0.391633
2805000,48,197.527,-21758.6,51.8271,0.3951
2820000,48,201.075,-21770,47.5886,0.395342
2835000,58,234.577,-21741,50.5439,0.395178
2850000,54,250.406,-21752.6,48.9883,0.378756
2865000,52,229.932,-21747.3,60.6065,0.389133
2880000,47,199.367,-21735,45.1592,0.392356
2895000,41,177.905,-21742.9,41.0014,0.379867
2910000,50,228.887,-21736.6,33.3913,0.382378
2925000,57,238.525,-21742.4,57.4109,0.382467
2940000,49,216.189,-21760.7,46.1616,0.388333
2955000,47,198.471,-21760.2,42.8618,0.395733
2970000,49,205.388,-21741.3,53.4905,0.381273
2985000,47,200.167,-21720.6,51.0542,0.394733
3000000,38,168.174,-21769.9,50.3912,0.389489
3015000,40,182.409,-21762.6,40.6859,0.386733
3030000,41,181.097,-21757.9,36.2224,0.378467
3045000,42,190.489,-21756.9,41.3945,0.379276
3060000,56,242.454,-21760.5,65.6839,0.38776
3075000,48,206.263,-21772.5,43.706,0.3858
3090000,42,195.442,-21761.7,34.0586,0.391733
3105000,44,206.022,-21760.9,45.7847,0.398444
3120000,37,155.087,-21768.9,30.2469,0.376667
3135000,38,165.435,-21753.8,37.9227,0.381144
3150000,44,191.165,-21772.3,47.5639,0.373289
3165000,42,178.476,-21750.1,36.936,0.397667
3180000,49,206.969,-21754.2,61.199,0.390689
3195000,46,184.999,-21769.6,50.8955,0.391867
3210000,54,234.107,-21754,56.8199,0.401267
3225000,49,209.729,-21750.8,50.6922,0.403067
3240000,33,148.613,-21782.8,28.4799,0.384707
3255000,33,142.368,-21796,26.1574,0.364067
3270000,37,159.847,-21806.9,37.5141,0.376853
3285000,49,218.641,-21739.6,51.8089,0.387
3300000,51,223.042,-21786.2,39.7654,0.378511
3315000,51,237.584,-21772.4,52.5136,0.385378
3330000,63,261.68,-21728.2,58.2043,0.404356
3345000,48,208.819,-21725.7,54.7065,0.385667
3360000,48,212.352,-21775.2,54.8393,0.389967
3375000,49,212.386,-21744.7,45.7379,0.377267
3390000,67,288.449,-21738.9,59.74,0.408133
3405000,56,233.572,-21746.5,59.8857,0.404133
3420000,55,227.084,-21736.1,56.2424,0.404067
3435000,56,230.383,-21724.4,51.8503,0.4006
3450000,46,196.367,-21745,47.6245,0.392
3465000,59,247.444,-21751.6,68.3654,0.380467
3480000,45,199.726,-21743.3,41.0933,0.3928
3495000,38,167.542,-21776.9,34.4193,0.382859
3510000,42,189.802,-21772,45.9794,0.382267
3525000,44,192.868,-21764.6,47.6691,0.391222
3540000,43,187.723,-21790,46.3346,0.388133
3555000,43,187.03,-21743.7,39.0576,0.377571
3570000,42,183.071,-21759,49.6736,0.383333
3585000,48,221.906,-21766.8,49.0301,0.38568
3600000,41,196.828,-21750.8,32.4374,0.3978
3615000,47,203.238,-21781.4,58.0245,0.381747
3630000,45,208.332,-21760.5,46.6433,0.394167
3645000,40,178.712,-21764.8,41.6481,0.388533
3660000,36,155.439,-21760.5,33.3948,0.377667
3675000,42,176.4,-21761.6,37.3455,0.393152
3690000,43,176.373,-21771.2,48.3941,0.386267
3705000,50,215.642,-21773.7,53.8834,0.384133
3720000,63,291.145,-21757.6,50.6037,0.4075
3735000,60,243.392,-21739.7,51.2254,0.414733
3750000,45,199.469,-21781.5,47.837,0.401844
3765000,42,174.263,-21766.1,40.0457,0.394305
3780000,54,244.803,-21751.9,49.362,0.3906
3795000,50,213.545,-21762.1,51.1572,0.388489
3810000,58,256.03,-21757.7,61.4541,0.399493
3825000,67,292.082,-21764.5,60.0871,0.413933
3840000,43,190.443,-21777,40.8403,0.393622
3855000,64,294.771,-21731,76.8148,0.407067
3870000,65,296.241,-21738.2,65.6415,0.397333
3885000,67,289.516,-21707.9,67.1072,0.398667
3900000,44,196.181,-21775.6,43.4451,0.39115
3915000,52,234.625,-21744.7,44.4037,0.4091
3930000,56,247.631,-21725.2,71.5346,0.390933
3945000,63,291.523,-21738.8,58.4298,0.408733
3960000,42,176.772,-21776.8,32.0518,0.391275
3975000,36,154.283,-21770,32.2934,0.381507
3990000,42,184.581,-21752.1,41.9096,0.383778
4005000,58,250.107,-21732.8,55.8865,0.381867
4020000,53,227.817,-21733.2,57.3662,0.3962
4035000,42,176.476,-21786.8,35.3515,0.37716
4050000,46,203.584,-21742.1,30.7761,0.386967
4065000,51,231.612,-21757.7,52.1356,0.384933
4080000,63,279.747,-21760.9,50.2751,0.416267
4095000,52,236.693,-21757.9,44.1799,0.406933
4110000,63,290.97,-21749.9,61.1963,0.407067
4125000,43,183.924,-21770.2,47.3114,0.382478
4140000,58,253.072,-21741,62.9606,0.401767
4155000,48,214.423,-21745.8,43.7519,0.394533
4170000,58,266.408,-21759,58.5688,0.398933
4185000,46,198.616,-21758.2,41.0955,0.3982
4200000,50,223.254,-21780.8,42.7503,0.399133
4215000,35,163.35,-21767.6,39.8419,0.386467
4230000,51,202.268,-21742.9,49.1876,0.373233
4245000,61,274.311,-21759.4,71.9742,0.4004
4260000,61,265.429,-21756.7,60.9327,0.4018
4275000,59,262.087,-21750.1,60.321,0.401933
4290000,46,207.243,-21738.9,49.0578,0.394933
4305000,45,205.145,-21757.8,44.7209,0.39027
4320000,43,183.847,-21747.3,48.5282,0.383667
4335000,52,232.808,-21769.2,54.802,0.390958
4350000,36,161.772,-21751.9,48.4003,0.377333
4365000,47,210.756,-21764.3,48.8313,0.3816
4380000,35,142.024,-21749.6,29.8737,0.3749
4395000,49,206.717,-21765.3,49.349,0.3832
4410000,56,236.699,-21781.5,53.9997,0.386422
4425000,38,156.489,-21753.5,29.9376,0.3855
4440000,53,227.908,-21779.5,55.3377,0.3878
4455000,44,189.607,-21753.4,39.1197,0.396689
4470000,50,223.467,-21739.6,54.3704,0.406933
4485000,57,229.361,-21737.8,63.9623,0.3944
4500000,45,205.395,-21767.8,44.2652,0.38488
4515000,50,224.243,-21766.4,54.6226,0.3874
4530000,50,206.524,-21759.9,38.1075,0.4018
4545000,55,241.282,-21755.4,54.0744,0.400667
4560000,60,255.077,-21774.3,64.657,0.398033
4575000,56,239.923,-21753.2,47.4175,0.39135
4590000,48,214.703,-21755.6,49.8283,0.392667
4605000,38,173.095,-21754.4,42.2743,0.3802
4620000,45,194.962,-21754.8,47.2809,0.3778
4635000,44,195.045,-21731.3,55.9523,0.383333
4650000,47,217.277,-21758.2,60.1769,0.394967
4665000,60,248,-21760.8,50.7173,0.388467
4680000,55,247.209,-21760.5,55.4885,0.4022
4695000,43,188.591,-21784.3,39.1642,0.395747
4710000,35,148.988,-21770.8,40.5355,0.390333
4725000,36,148.831,-21768,37.2119,0.3756
4740000,40,160.621,-21766.1,42.4906,0.3702
4755000,43,195.376,-21779.3,51.3417,0.38555
4770000,38,167.714,-21784.7,41.7675,0.379067
4785000,43,193.053,-21768,51.6271,0.384476
4800000,44,195.493,-21758.6,42.9609,0.384667
4815000,55,240.479,-21771.4,45.7905,0.394867
4830000,41,188.289,-21742.3,49.1653,0.371289
4845000,50,208.755,-21774.9,59.845,0.390173
4860000,45,201.458,-21735.2,45.9982,0.3852
4875000,51,219.727,-21763,59.2513,0.397267
4890000,50,214.943,-21766.3,48.5028,0.392822
4905000,45,205.746,-21717.8,48.4223,0.390833
4920000,41,195.662,-21751.4,43.5383,0.3781
4935000,45,199.619,-21769.9,41.2301,0.397942
4950000,50,214.676,-21734.4,51.9494,0.368822
4965000,66,286.749,-21751.5,66.5297,0.405633
4980000,52,225.6,-21742.6,57.5876,0.3962
4995000,39,170.048,-21738,48.4044,0.3834
5010000,51,220.591,-21753.8,55.1118,0.368667
5025000,52,221.294,-21766.3,56.0462,0.390617
5040000,57,243.082,-21722.6,56.5598,0.379533
5055000,57,264.357,-21758.3,57.6037,0.37897
5070000,74,328.937,-21736.4,79.3278,0.4088
5085000,77,332.99,-21714.3,70.6088,0.415
5100000,59,264.777,-21711.8,57.1977,0.4104
5115000,54,240.706,-21756.1,47.5513,0.394867
5130000,60,262.591,-21759,43.6226,0.400933
5145000,46,197.144,-21750.7,38.14,0.403533
5160000,49,226.393,-21772.2,56.975,0.401633
5175000,53,231.415,-21764.6,53.8641,0.390325
5190000,37,164.117,-21782.9,32.6806,0.378067
5205000,36,174.591,-21794.3,38.0429,0.387333
5220000,52,234.454,-21760.6,39.5454,0.390233
5235000,53,246.395,-21755.1,44.8344,0.379889
5250000,51,222.782,-21765.2,49.0198,0.401733
5265000,53,225.264,-21746,53.2989,0.389733
5280000,47,213.409,-21746.4,59.6977,0.408533
5295000,37,180.398,-21790,37.7926,0.382556
5310000,53,237.725,-21755,63.9365,0.402433
5325000,51,221.78,-21768.1,44.4448,0.409067
5340000,34,149.817,-21773.9,36.1964,0.396822
5355000,42,192.666,-21775.2,46.3534,0.394733
5370000,61,285.879,-21780.3,61.1911,0.393933
5385000,62,274.757,-21776.5,55.8012,0.419867
5400000,51,222.793,-21746.3,45.7483,0.395789
5415000,56,238.17,-21758.3,45.04,0.401133
5430000,34,155.687,-21770.2,43.941,0.389011
5445000,54,235.118,-21764.3,56.1989,0.383044
5460000,53,231.42,-21764.3,49.3643,0.385033
5475000,54,235.077,-21741.3,57.2139,0.3851
5490000,60,267.752,-21733.3,44.3136,0.3966
5505000,46,199.06,-21754.8,37.317,0.388556
5520000,57,234.503,-21743.4,61.3927,0.390467
5535000,70,309.261,-21755.6,65.6978,0.417067
5550000,53,231.387,-21765.1,53.4284,0.39485
5565000,49,204.545,-21737.4,52.1919,0.398533
5580000,49,236.003,-21754.7,44.8211,0.3856
5595000,50,216.01,-21753.7,53.3876,0.395
5610000,46,205.425,-21769.3,45.0693,0.390418
5625000,57,260.409,-21743.4,58.6339,0.3936
5640000,50,219.195,-21783.5,45.4025,0.391983
5655000,45,195.697,-21777,39.9352,0.395733
5670000,49,207.928,-21736.2,58.4964,0.397067
5685000,40,179.173,-21762.1,39.0337,0.390667
5700000,42,175.388,-21756.4,44.4713,0.383883
5715000,48,219.467,-21771.3,48.7175,0.3841
5730000,51,220.34,-21761.6,46.1652,0.402467
5745000,54,232.427,-21781,54.8443,0.3876
5760000,34,153.405,-21764.5,37.615,0.385638
5775000,39,170.201,-21758.7,39.7941,0.381956
5790000,41,167.385,-21758.4,32.4854,0.3682
5805000,44,195.191,-21765.2,41.7498,0.382556
5820000,38,176.564,-21759.3,50.6743,0.376133
5835000,57,242.357,-21776.5,55.7606,0.38475
5850000,54,232.91,-21759.2,41.7366,0.394067
5865000,43,192.884,-21778.7,51.019,0.40265
5880000,45,193.04,-21798.2,51.8889,0.387533
5895000,62,278.693,-21748.2,64.7642,0.393167
5910000,65,294.751,-21734.3,72.147,0.405667
5925000,42,190.387,-21755.8,42.8063,0.398356
5940000,46,190.479,-21754.3,55.0692,0.396744
5955000,50,214.857,-21761,39.7538,0.388833
5970000,55,224.265,-21768.3,51.0602,0.3882
5985000,65,309.525,-21743.4,68.7206,0.418733
6000000,57,260.41,-21763.4,65.8229,0.415867
6015000,45,196.602,-21763.6,47.2374,0.39941
6030000,41,168.588,-21770.5,35.3543,0.383233
6045000,48,216.017,-21775.4,49.8221,0.367533
6060000,54,226.631,-21766.8,44.7049,0.380022
6075000,41,178.789,-21785.3,52.1991,0.383167
6090000,46,188.581,-21744.1,51.4284,0.388083
6105000,51,230.821,-21770.8,47.8545,0.383333
6120000,47,208.797,-21762.5,40.8792,0.391433
6135000,60,264.036,-21741.7,54.8842,0.389
6150000,49,216.924,-21736.2,42.2549,0.398133
6165000,63,293.64,-21760.9,74.2048,0.40284
6180000,41,185.2,-21779.3,26.6382,0.399733
6195000,51,231.657,-21775.4,52.3839,0.393133
6210000,56,255.395,-21768.6,78.5271,0.3866
6225000,47,215.712,-21791.3,43.5473,0.3945
6240000,45,196.219,-21783.1,48.3272,0.374
6255000,41,177.55,-21736.6,47.3892,0.390476
6270000,51,210.531,-21746.2,52.7747,0.388133
6285000,48,217.066,-21746.8,49.8878,0.376733
6300000,57,255.394,-21743.3,64.1177,0.398733
6315000,52,240.057,-21754.6,55.0244,0.3992
6330000,50,217.553,-21750,51.8875,0.388267
6345000,49,214.152,-21731.7,51.6528,0.381333
6360000,46,195.581,-21781.2,54.2435,0.384242
6375000,48,207.793,-21745.1,49.4653,0.387867
6390000,57,257.687,-21764.5,47.3392,0.3898
6405000,53,230.092,-21763.4,67.5511,0.401333
6420000,60,253.499,-21749.5,65.8986,0.3853
6435000,45,191.508,-21768.3,50.8526,0.390233
6450000,34,145.359,-21750.8,25.0064,0.383242
6465000,49,202.896,-21766.9,37.2785,0.385
6480000,57,249.722,-21756.3,55.6875,0.403867
6495000,46,210.314,-21758.1,57.7167,0.396
6510000,54,210.192,-21750.6,50.5507,0.406333
6525000,57,250.898,-21724.5,47.6782,0.3894
6540000,70,316.478,-21734.3,73.0521,0.400133
6555000,52,221.424,-21761.3,46.3707,0.385742
6570000,71,310.328,-21711.2,65.2234,0.409767
6585000,71,324.085,-21747.4,74.8707,0.414
6600000,65,284.285,-21721.7,68.4961,0.408667
6615000,55,233.626,-21716.2,41.4193,0.4098
6630000,42,184.914,-21762,39.9385,0.391533
6645000,75,322.123,-21700.5,61.7008,0.395833
6660000,66,293.011,-21734.2,60.443,0.409
6675000,68,297.534,-21742.3,66.7402,0.402933
6690000,74,330.378,-21735.6,70.7552,0.428267
6705000,59,261.023,-21726.4,56.9257,0.413067
6720000,69,305.707,-21719.5,69.0828,0.3864
6735000,55,248.807,-21743.6,46.2422,0.386829
6750000,67,295.197,-21713.7,66.9245,0.398867
6765000,47,202.274,-21743.9,46.7429,0.3969
6780000,66,281.347,-21727.9,68.5264,0.406033
6795000,45,185.59,-21742.4,49.6451,0.3852
6810000,52,222.677,-21724.6,59.4203,0.384533
6825000,65,267.249,-21716.4,73.6785,0.403267
6840000,67,284.913,-21723.7,60.376,0.3898
6855000,77,325.492,-21733.8,69.7402,0.4068
6870000,74,305.699,-21730.8,92.7119,0.419467
6885000,67,291.138,-21717.2,64.1393,0.413933
6900000,55,252.148,-21736.8,44.3977,0.395689
6915000,51,230.682,-21747.5,53.4869,0.387733
6930000,63,280.387,-21730.8,67.4921,0.389889
6945000,66,297.402,-21733.9,84.1168,0.394667
6960000,75,318.74,-21729.7,78.4209,0.407967
6975000,82,351.179,-21726.4,85.5698,0.408333
6990000,55,236.111,-21722.6,47.8709,0.416067
7005000,68,305.17,-21713,58.8009,0.400267
7020000,60,250.609,-21718.1,70.1273,0.4
7035000,58,260.118,-21776.2,65.2517,0.394342
7050000,39,177.121,-21750.1,39.6336,0.39221
7065000,47,203.55,-21752,48.2072,0.383067
7080000,58,270.236,-21751.9,64.8978,0.388844
7095000,68,295.059,-21737.8,65.1375,0.380756
7110000,68,312.009,-21741.8,59.5304,0.406333
7125000,58,246.646,-21738.3,60.7538,0.408067
7140000,63,278.491,-21732,59.72,0.39748
7155000,71,305.942,-21714.2,68.2958,0.399
7170000,75,349.92,-21728.5,74.7389,0.412133
7185000,86,389.892,-21733.6,93.459,0.4208
7200000,49,205.569,-21746.3,53.8081,0.400933
7215000,37,148.644,-21767,39.4025,0.390944
7230000,60,254.713,-21752.1,49.9241,0.3916
7245000,63,272.495,-21740.4,59.8354,0.406533
7260000,56,216.931,-21745.4,70.1434,0.406933
7275000,53,240.033,-21738.6,62.9395,0.386492
7290000,63,268.46,-21742.4,61.6021,0.400333
7305000,57,257.687,-21762.4,55.3962,0.3946
7320000,61,255.962,-21755.2,60.1499,0.4012
7335000,57,236.927,-21754.3,58.9956,0.406533
7350000,57,243.382,-21755,48.0921,0.3912
7365000,50,221.374,-21767.2,45.8992,0.394878
7380000,47,205.27,-21764.3,57.5067,0.402167
7395000,41,181.485,-21788.3,51.2476,0.376822
7410000,54,237.926,-21764.5,59.5296,0.401711
7425000,57,244.072,-21757.6,38.2663,0.3994
7440000,48,200.088,-21769.8,54.892,0.4012
7455000,46,197.224,-21761.4,50.766,0.396533
7470000,44,199.571,-21769.2,44.2836,0.376973
7485000,43,190.432,-21777,40.7734,0.389233
7500000,45,198.648,-21769.5,42.9819,0.379967
7515000,45,201.268,-21743.9,39.8804,0.389467
7530000,47,209.538,-21757.7,37.5118,0.3874
7545000,38,171.041,-21785.4,39.4072,0.387289
7560000,54,245.352,-21770.4,48.9722,0.403
7575000,44,203.744,-21766.1,40.8407,0.381389
7590000,42,193.197,-21763.3,36.9984,0.3867
7605000,42,195.696,-21780.8,51.6536,0.393633
7620000,34,153.57,-21793.2,28.6306,0.378383
7635000,36,142.874,-21799.5,39.1641,0.378667
7650000,39,171.953,-21799.9,36.8322,0.381089
7665000,48,217.571,-21797.8,57.5871,0.379147
7680000,42,164.858,-21795.4,48.7564,0.388967
7695000,49,226.396,-21769.1,51.7845,0.3955
7710000,62,271.681,-21766.2,65.7316,0.410133
7725000,51,197.475,-21733.8,43.7356,0.4114
7740000,60,253.225,-21757.2,61.3128,0.385067
7755000,37,160.199,-21787.6,43.476,0.387
7770000,60,268.418,-21742.3,59.3447,0.393367
7785000,57,248.878,-21758.6,38.5714,0.393067
7800000,46,202.759,-21766.2,51.7617,0.406867
7815000,50,227.187,-21778.3,46.5865,0.387117
7830000,50,228.454,-21747.5,47.5237,0.396433
7845000,44,198.274,-21750.2,46.3006,0.3998
7860000,39,174.125,-21758.1,38.9055,0.381133
7875000,51,229.261,-21748.3,47.7737,0.400233
7890000,37,173.152,-21796.3,51.0039,0.389012
7905000,35,163.654,-21799.6,36.5689,0.400067
7920000,41,170.936,-21744.5,40.3125,0.386067
7935000,36,160.844,-21776.4,35.2357,0.377
7950000,36,154.453,-21793,41.4744,0.371111
7965000,46,208.504,-21769.2,46.0751,0.382756
7980000,50,205.3,-21757,56.4899,0.388467
7995000,40,176.142,-21806.9,58.3335,0.390267
8010000,44,181.845,-21775,57.197,0.369147
8025000,48,209.526,-21768.3,50.6463,0.3892
8040000,49,221.049,-21765.1,59.6449,0.397533
8055000,44,193.04,-21765.9,47.4868,0.4004
8070000,52,226.744,-21766.4,52.8097,0.404556
8085000,46,200.105,-21783.7,37.7308,0.385533
8100000,37,164.278,-21764.4,33.6169,0.3924
8115000,42,172.04,-21764.6,44.7118,0.3712
8130000,48,212.198,-21783.1,52.6325,0.390933
8145000,48,202.386,-21762.7,53.5672,0.3964
8160000,48,221.126,-21783.8,52.8452,0.399333
8175000,51,209.931,-21772.7,43.3274,0.389067
8190000,41,193.374,-21786.1,43.5793,0.393595
8205000,45,193.701,-21764.7,38.8013,0.388022
8220000,58,233.582,-21754,66.8695,0.392267
8235000,39,173.546,-21772.1,38.774,0.389633
8250000,37,150.017,-21770.3,49.2863,0.387317
8265000,50,206.961,-21748.1,51.0107,0.371178
8280000,63,265.578,-21736.3,67.4136,0.403533
8295000,57,246.54,-21762,48.121,0.389467
8310000,65,290.259,-21762.5,70.568,0.4144
8325000,61,257.133,-21754.7,53.3431,0.413133
8340000,70,304.173,-21744.5,90.9361,0.417667
8355000,79,342.832,-21728.8,73.3548,0.4112
8370000,55,249.46,-21757.8,55.2236,0.390683
8385000,49,216.505,-21743.6,54.3355,0.397133
8400000,49,213.335,-21748.1,55.0668,0.3886
8415000,68,308.221,-21746.5,57.6581,0.4174
8430000,47,203.525,-21748,60.6091,0.396246
8445000,54,249.808,-21747.1,53.8396,0.413267
8460000,63,279.805,-21752.9,54.54,0.415933
8475000,43,201.635,-21765.4,52.0995,0.399289
8490000,47,207.187,-21755.4,43.0938,0.394567
8505000,52,228.48,-21761.1,65.3107,0.392467
8520000,45,211.957,-21752.8,48.3586,0.394508
8535000,46,185.453,-21758.6,55.8398,0.391667
8550000,38,163.313,-21766.4,31.077,0.384733
8565000,46,197.335,-21778.8,41.0612,0.371667
8580000,45,197.644,-21774.7,37.6272,0.390133
8595000,52,230.483,-21762.4,62.591,0.396133
8610000,50,218.169,-21757.3,52.4985,0.401622
8625000,55,238.513,-21755.9,45.5191,0.402467
8640000,56,228.344,-21753.6,53.1086,0.389852
8655000,39,174.868,-21755.9,47.8591,0.3996
8670000,73,322.61,-21739.4,73.4697,0.399833
8685000,57,248.532,-21743.9,51.9327,0.412667
8700000,55,237.028,-21745.9,50.4897,0.405
8715000,51,212.123,-21717.5,55.4816,0.390467
8730000,67,291.249,-21737.5,74.0593,0.402
8745000,60,262.645,-21759.1,75.816,0.409917
8760000,60,264.132,-21738.5,62.0113,0.397367
8775000,39,177.406,-21780.5,44.4695,0.394353
8790000,58,255.512,-21751.4,50.7524,0.398333
8805000,56,240.284,-21722.2,75.2528,0.3996
8820000,51,235.069,-21757.7,45.1588,0.388333
8835000,55,232.132,-21767.8,58.8453,0.403333
8850000,57,249.754,-21753,70.5322,0.401733
8865000,47,204.564,-21789,47.0519,0.379333
8880000,52,223.829,-21770.5,59.5685,0.401133
8895000,48,218.447,-21756.9,43.0069,0.386111
8910000,46,197.452,-21778.8,53.6895,0.383467
8925000,46,208.432,-21777.1,36.064,0.396667
8940000,50,224.91,-21771.6,39.6086,0.391983
8955000,46,205.938,-21775,47.7892,0.3976
8970000,38,156.087,-21780.9,38.6873,0.385133
8985000,33,128.483,-21784.2,26.5761,0.392993
9000000,49,206.766,-21797.4,44.4064,0.382733
9015000,59,274.62,-21766.6,63.7885,0.395233
9030000,38,175.95,-21793.2,53.3559,0.390724
9045000,47,201.141,-21772.7,55.0864,0.395511
9060000,45,203.675,-21778.6,35.9897,0.399667
9075000,47,195.059,-21768.3,57.1561,0.396883
9090000,46,210.608,-21752.9,45.9218,0.399267
9105000,50,237.945,-21787.1,50.2711,0.400917
9120000,55,247.259,-21750.4,45.3942,0.4123
9135000,41,176.113,-21774.5,39.5403,0.392183
9150000,46,212.44,-21770.3,51.9452,0.38
9165000,53,241.933,-21750.3,58.7867,0.391689
9180000,34,158.599,-21779.8,36.9789,0.40096
9195000,52,221.822,-21757.1,49.4179,0.3754
9210000,42,192.256,-21754.5,42.2405,0.400956
9225000,53,240.552,-21740.9,49.2854,0.390667
9240000,57,245.736,-21759.2,50.1503,0.399467
9255000,41,182.745,-21781.7,58.9819,0.386183
9270000,46,204.999,-21764.7,37.6206,0.386767
9285000,37,160.94,-21786.3,43.7494,0.368567
9300000,51,226.248,-21769.8,47.9472,0.397217
9315000,48,214.34,-21767.4,44.6702,0.398711
9330000,58,252.437,-21750.9,67.1112,0.405367
9345000,48,220.744,-21771.8,43.3342,0.400667
9360000,53,247.515,-21770,54.356,0.395333
9375000,48,205.489,-21751.2,54.54,0.393889
9390000,46,196.445,-21741.1,57.759,0.388133
9405000,49,221.037,-21745.8,50.0629,0.3712
9420000,47,212.46,-21783.4,43.6711,0.380452
9435000,45,200.367,-21766.6,40.0373,0.383733
9450000,57,241.194,-21759.9,46.0839,0.389333
9465000,47,194.881,-21777.5,35.4007,0.3777
9480000,50,235.563,-21767.1,64.7705,0.402733
9495000,43,190.204,-21774.2,39.2326,0.389147
9510000,57,252.952,-21773.7,54.4177,0.391133
9525000,56,257.665,-21765.5,64.5462,0.407667
9540000,62,272.099,-21767.9,57.0508,0.4116
9555000,45,205.892,-21768.5,42.5308,0.4022
9570000,35,136.609,-21765.8,33.6058,0.380467
9585000,34,144.056,-21780.2,36.4177,0.356267
9600000,36,162.835,-21776.5,41.9569,0.351333
9615000,38,178.308,-21798.2,43.6324,0.389407
9630000,38,163.928,-21756.1,36.0069,0.384044
9645000,42,188.029,-21770.5,47.5663,0.371067
9660000,41,170.531,-21769.8,41.7037,0.372311
9675000,43,187.246,-21790.6,38.4871,0.361907
9690000,50,206.874,-21748.2,60.6798,0.384133
9705000,59,245.48,-21745.1,80.1699,0.3868
9720000,66,285.615,-21727.9,56.8257,0.4146
9735000,60,262.713,-21732.7,71.859,0.4106
9750000,53,235.708,-21749.1,53.5789,0.3912
9765000,43,178.511,-21778,38.3737,0.372744
9780000,73,325.295,-21734.7,73.7533,0.410967
9795000,64,266.529,-21735.3,61.7962,0.413
9810000,69,315.966,-21736,76.2783,0.412667
9825000,62,276.783,-21721.1,59.8391,0.4198
9840000,55,258.464,-21744.2,64.1918,0.4074
9855000,55,251.46,-21750.8,47.4345,0.403067
9870000,36,168.845,-21793.6,21.8919,0.391952
9885000,57,250.323,-21756.2,56.2068,0.389567
9900000,58,248.465,-21754.9,58.5178,0.390333
9915000,31,131.263,-21810.5,33.9877,0.378626
9930000,41,188.951,-21757.7,43.7134,0.39295
9945000,52,223.676,-21750,54.0883,0.398156
9960000,57,248.513,-21743.5,56.2989,0.3898
9975000,61,266.382,-21740,70.7926,0.405667
9990000,47,219.832,-21748,53.7365,0.3768
10005000,53,241.026,-21742.2,49.3432,0.3964
10020000,63,279.458,-21774.6,72.1032,0.396771
10035000,64,293.178,-21757.4,70.6966,0.408733
10050000,60,263.247,-21737.3,43.3285,0.4102
10065000,75,326.488,-21750,75.6131,0.413333
10080000,78,326.917,-21763.4,74.6505,0.411667
10095000,76,330.125,-21743.4,75.8796,0.412133
10110000,69,300.968,-21733,86.195,0.407933
10125000,59,258.016,-21724.4,61.9141,0.3878
10140000,50,221.17,-21763.8,41.4869,0.395108
10155000,72,305.966,-21731.8,77.4914,0.388767
10170000,62,260.869,-21741.5,52.7501,0.3942
10185000,63,283.063,-21735.2,60.659,0.395867
10200000,69,300.402,-21711.8,58.9251,0.404133
10215000,71,310.009,-21715,90.9639,0.399867
10230000,74,346.307,-21719.2,85.1971,0.411333
10245000,79,350.075,-21684.1,68.6098,0.395333
10260000,91,403.312,-21699.3,94.4707,0.406467
10275000,74,341.104,-21705.1,72.4421,0.4288
10290000,68,308.53,-21701.9,63.6726,0.396733
10305000,82,368.002,-21703.4,84.4042,0.417
10320000,71,301.518,-21723.1,69.2072,0.418467
10335000,55,240.027,-21762.7,69.2037,0.392104
10350000,51,233.164,-21768.8,36.357,0.398133
10365000,49,227.207,-21786,43.0887,0.388462
10380000,63,283.198,-21728.9,58.066,0.397017
10395000,45,193.79,-21762.9,41.1551,0.401778
10410000,49,209.557,-21768,56.1303,0.407867
10425000,55,250.772,-21749.3,61.7386,0.399367
10440000,54,229.582,-21736.3,63.786,0.396533
10455000,50,219.247,-21743.4,49.5255,0.407067
10470000,56,235.374,-21732,60.7607,0.3944
10485000,63,273.639,-21763.7,50.7416,0.393756
10500000,44,205.443,-21782.2,40.841,0.3945
10515000,60,262.474,-21757,74.7772,0.3992
10530000,44,187.519,-21779.1,36.9199,0.384917
10545000,55,237.084,-21756.3,51.8413,0.393333
10560000,61,259.983,-21752.6,53.8748,0.395867
10575000,58,241.411,-21729.8,50.7633,0.399133
10590000,39,177.107,-21762.3,36.5238,0.392717
10605000,52,231.152,-21746.3,45.9156,0.397933
10620000,58,239.242,-21734.2,52.1072,0.3846
10635000,42,186.075,-21763.2,41.234,0.372422
10650000,64,283.221,-21742.8,60.1243,0.396333
10665000,51,224.477,-21758.6,41.8725,0.402867
10680000,35,162.114,-21776.3,39.6926,0.376667
10695000,53,252.41,-21767.9,46.5087,0.381933
10710000,56,232.91,-21732,44.3457,0.389533
10725000,41,180.051,-21754.1,50.2542,0.388373
10740000,61,282.621,-21760,64.7064,0.4059
10755000,41,186.412,-21780.6,40.3757,0.384417
10770000,59,249.888,-21730.4,63.0267,0.407567
10785000,49,220.836,-21739.2,49.2132,0.398267
10800000,51,217.133,-21745.5,57.4213,0.382667
10815000,51,203.753,-21742.3,43.8653,0.3856
10830000,47,190.423,-21740,44.5993,0.396733
10845000,35,147.348,-21781.4,36.6705,0.381533
10860000,48,207.84,-21744.8,48.9288,0.3835
10875000,52,234.721,-21781.4,41.5538,0.3902
10890000,56,248.452,-21739,57.4088,0.401733
10905000,48,216.452,-21738.8,43.7464,0.386667
10920000,44,192.002,-21739.4,41.7382,0.3672
10935000,52,221.83,-21743,55.3714,0.366333
10950000,49,208.854,-21755.3,55.9067,0.388967
10965000,51,236.956,-21758.9,56.9549,0.3638
10980000,53,218.575,-21743.9,53.4248,0.3834
10995000,70,306.081,-21750.8,62.5008,0.399133
11010000,63,261.528,-21747.4,74.2116,0.4036
11025000,64,295.631,-21758.9,66.4815,0.399133
11040000,77,363.722,-21750.4,91.2756,0.419133
11055000,48,209.779,-21759.3,60.2295,0.383622
11070000,56,248.489,-21758.2,57.5817,0.4216
11085000,48,219.785,-21789.7,56.4377,0.39939
11100000,50,211.084,-21783.9,54.1354,0.390433
11115000,61,273.502,-21761.1,60.0274,0.400467
11130000,59,267.356,-21741.5,69.4595,0.402867
11145000,55,235.793,-21749.9,49.134,0.402
11160000,52,230.666,-21747.2,54.6639,0.386695
11175000,55,254.077,-21759.4,59.6238,0.39
11190000,54,249.934,-21756,65.2814,0.398067
11205000,42,193.482,-21749.3,41.2626,0.395467
11220000,48,216.413,-21735.3,55.6132,0.361933
11235000,34,153.285,-21784.8,33.6156,0.391313
11250000,38,165.458,-21769.8,47.1828,0.387022
11265000,51,232.37,-21770.6,42.0482,0.378
11280000,47,210.531,-21728.4,54.4178,0.384267
11295000,47,188.18,-21762.4,52.8434,0.375117
11310000,47,188.169,-21766.3,55.7236,0.382044
11325000,61,289.177,-21762.7,58.259,0.401444
11340000,52,233.107,-21776.3,52.1931,0.403667
11355000,39,175.335,-21754.3,38.996,0.386644
11370000,37,167.67,-21756.7,41.3512,0.369267
11385000,40,172.532,-21772,49.1412,0.388022
11400000,42,181.178,-21772.4,48.7215,0.382219
11415000,48,202.219,-21768.1,49.8879,0.391
11430000,62,273.553,-21762.3,71.2195,0.393133
11445000,50,226.877,-21766,59.0062,0.375827
11460000,40,189.976,-21779.9,56.3768,0.401173
11475000,42,193.443,-21777.7,35.4148,0.378133
11490000,48,216.395,-21754.2,40.5287,0.413467
11505000,41,178.592,-21765.1,46.2856,0.393347
11520000,55,247.149,-21745.6,50.9325,0.399293
11535000,38,154.552,-21779,44.1997,0.3973
11550000,44,192.708,-21761.9,41.0429,0.38735
11565000,52,232.486,-21736.2,47.9637,0.3854
11580000,47,222.046,-21746.3,49.9731,0.393533
11595000,63,294.388,-21727.8,79.6397,0.395067
11610000,48,224.483,-21782.8,53.7452,0.3878
11625000,50,231.635,-21722.9,57.2456,0.3831
11640000,53,225.543,-21754.4,62.5902,0.3808
11655000,45,199.795,-21780,53.1306,0.390733
11670000,42,184.471,-21752.2,44.3531,0.382467
11685000,45,209.286,-21750,41.1459,0.383533
11700000,37,174.082,-21786,35.0161,0.366378
11715000,38,175.946,-21782.5,38.016,0.386038
11730000,39,181.076,-21787.6,38.9399,0.379067
11745000,41,168.889,-21772,37.1516,0.381667
11760000,46,206.96,-21777.1,60.2631,0.3924
11775000,36,166.218,-21771.5,42.6442,0.3872
11790000,43,195.409,-21760.7,39.9994,0.389867
11805000,61,274.525,-21753.3,68.421,0.403333
11820000,57,250.839,-21752.6,57.1886,0.390787
11835000,58,259.537,-21754.7,61.535,0.3964
11850000,57,245.913,-21764.9,57.0577,0.399333
11865000,51,231.676,-21760.7,48.4752,0.380561
11880000,62,285.236,-21749,61.2558,0.403747
11895000,69,322.46,-21740.2,69.8146,0.4094
11910000,68,324.629,-21748.4,77.0382,0.4122
11925000,47,207.03,-21762.8,48.1892,0.388467
11940000,58,257.183,-21759.3,48.4863,0.406967
11955000,49,221.489,-21739.3,51.8358,0.3819
11970000,47,217.363,-21777.4,40.4947,0.374619
11985000,49,235.324,-21780.8,49.5465,0.390067
12000000,48,204.09,-21750.2,48.8226,0.385283
12015000,53,240.411,-21747.9,47.4642,0.376467
12030000,69,302.241,-21746.5,66.9503,0.406067
12045000,53,236.421,-21737.3,41.9575,0.390444
12060000,71,315.295,-21718,73.8207,0.402067
12075000,82,359.322,-21736,95.5816,0.4058
12090000,74,327.406,-21744.3,70.9974,0.4098
12105000,36,168.657,-21756.6,31.8786,0.373825
12120000,47,223.502,-21787.3,42.9551,0.397173
12135000,41,178.792,-21769.4,47.8003,0.3906
12150000,51,232.314,-21747.6,48.2159,0.398317
12165000,49,224.54,-21753.5,44.0051,0.393067
12180000,56,235.619,-21748.3,59.1928,0.384267
12195000,50,221.938,-21733.5,55.8552,0.392817
12210000,46,207.513,-21757.1,41.8992,0.371914
12225000,44,193.913,-21776.5,42.6306,0.378467
12240000,39,186.011,-21760.2,33.4724,0.373633
12255000,43,195.417,-21733.1,28.8958,0.381617
12270000,46,211.47,-21748.7,43.4679,0.383533
12285000,53,239.074,-21736.6,48.6002,0.392933
12300000,56,252.435,-21740,53.0956,0.393644
12315000,43,187.233,-21781.8,40.3238,0.382467
12330000,57,257.37,-21756.7,59.9152,0.387133
12345000,54,226.564,-21741.3,37.6135,0.385667
12360000,42,186.703,-21765.7,28.7935,0.389933
12375000,53,219.014,-21729,71.6125,0.374633
12390000,50,227.358,-21749.6,41.4191,0.363947
12405000,70,312,-21719,65.4598,0.382667
12420000,53,220.75,-21755.8,63.7705,0.365333
12435000,50,222.639,-21736.4,61.304,0.3722
12450000,54,247.341,-21738.3,56.6042,0.388422
12465000,56,244.352,-21754.1,55.7957,0.375567
12480000,50,227.12,-21751.2,40.5772,0.383933
12495000,51,220.102,-21749.9,50.4574,0.398489
12510000,50,222.358,-21752.9,44.2009,0.39
12525000,44,179.85,-21742.2,44.7039,0.389667
12540000,47,201.4,-21765.7,58.9536,0.388133
12555000,49,223.084,-21735.5,33.4086,0.38792
12570000,56,248.036,-21753.4,70.0105,0.399733
12585000,47,221.801,-21743.4,51.2728,0.380667
12600000,47,212.254,-21746.3,42.2313,0.366933
12615000,51,223.568,-21766.8,46.6265,0.389318
12630000,56,249.548,-21740.5,47.5871,0.386033
12645000,44,185.767,-21765.5,45.3377,0.3594
12660000,58,243.747,-21746.7,65.3628,0.381244
12675000,45,210.215,-21737.7,46.5492,0.358167
12690000,63,260.306,-21743.6,67.6181,0.396133
12705000,58,251.012,-21742,60.7086,0.400467
12720000,60,249.529,-21735.2,63.5358,0.396933
12735000,66,275.975,-21730.4,58.6044,0.4098
12750000,46,194.747,-21765.3,53.1284,0.387928
12765000,59,256.462,-21723.5,53.5315,0.403267
12780000,50,226.382,-21723.5,50.8617,0.393
12795000,46,215.408,-21741.2,42.6299,0.3692
12810000,43,184.905,-21760.6,40.4866,0.393533
12825000,45,172.758,-21774.5,44.9641,0.384667
12840000,42,199.124,-21771.2,43.7737,0.356733
12855000,46,200.246,-21764.2,51.2552,0.366467
12870000,49,216.699,-21751.6,49.7708,0.381575
12885000,51,221.643,-21741.3,48.5427,0.404133
12900000,55,239.124,-21719.3,58.7612,0.396333
12915000,59,263.655,-21738.1,58.8095,0.4102
12930000,71,298.761,-21724.9,74.9915,0.41
12945000,62,270.338,-21766.6,58.656,0.382808
12960000,60,266.526,-21727.2,70.0321,0.380886
12975000,66,298.681,-21765.3,61.2063,0.4155
12990000,73,323.584,-21714.6,85.6059,0.394933
13005000,64,267.998,-21745.2,60.3349,0.41604
13020000,59,250.293,-21722.8,60.0284,0.412733
13035000,52,213.955,-21767.8,56.2156,0.3987
13050000,47,210.546,-21753.9,49.4987,0.394833
13065000,49,218.188,-21742.1,55.1264,0.378107
13080000,43,185.594,-21763.7,51.5142,0.387222
13095000,61,271.876,-21737.9,54.9665,0.397333
13110000,52,236.384,-21740.3,52.4947,0.370467
13125000,59,263.354,-21763,62.2638,0.39816
13140000,41,186.409,-21747.9,31.9289,0.3696
13155000,50,215.201,-21754.7,41.9494,0.402333
13170000,56,253.859,-21767.8,67.6402,0.401933
13185000,47,205.325,-21723.5,52.0042,0.387933
13200000,48,214.412,-21741.8,54.426,0.383067
13215000,38,180.907,-21771.1,32.2591,0.364893
13230000,40,174.978,-21758.7,39.4364,0.3582
13245000,40,174.407,-21763,42.7277,0.3699
13260000,52,228.749,-21761.4,47.7597,0.375967
13275000,57,246.779,-21757.6,62.7735,0.396
13290000,61,250.093,-21763.7,73.5708,0.37561
13305000,54,232.687,-21773.2,54.9214,0.396533
13320000,45,187.756,-21763.6,55.9859,0.3856
13335000,51,224.329,-21771.2,55.8351,0.3888
13350000,50,220.891,-21754,45.2989,0.387067
13365000,65,291.79,-21743.6,76.0209,0.3949
13380000,51,227.196,-21776.5,44.0323,0.390011
13395000,55,235.261,-21759.5,69.1925,0.381044
13410000,55,252.743,-21752.7,50.4022,0.374644
13425000,57,256.141,-21765,49.1046,0.393022
13440000,51,226.526,-21754.8,42.0713,0.398978
13455000,43,199.917,-21757,43.8373,0.3818
13470000,46,210.088,-21768.6,45.9224,0.387822
13485000,41,175.786,-21763.2,35.2383,0.376533
13500000,48,207.511,-21745.7,49.4864,0.383133
13515000,46,208.833,-21766.8,52.0416,0.389333
13530000,43,173.634,-21771,53.4371,0.392867
13545000,58,241.349,-21764.7,51.983,0.385067
13560000,44,192.496,-21771,44.0632,0.37834
13575000,49,230.362,-21773.4,60.031,0.391367
13590000,53,228.612,-21739.1,43.4546,0.393133
13605000,38,160.674,-21778.5,47.9886,0.380556
13620000,68,306.536,-21737,71.1372,0.402133
13635000,36,150.702,-21785.3,37.5542,0.382762
13650000,54,233.669,-21738.9,50.4051,0.410533
13665000,51,232.968,-21747.8,42.9305,0.400267
13680000,44,188.538,-21770.6,49.7689,0.378
13695000,31,141.052,-21790.4,37.4578,0.377267
13710000,41,189.223,-21746.3,41.8151,0.376133
13725000,40,175.229,-21757.7,34.5554,0.380067
13740000,41,187.919,-21745.1,37.5579,0.375333
13755000,40,179.376,-21761.9,33.2022,0.375867
13770000,49,225.432,-21747.6,51.8156,0.373867
13785000,43,190.865,-21771.7,41.2965,0.367256
13800000,52,222.04,-21733.4,49.6008,0.387874
13815000,45,201.171,-21744.6,32.6854,0.398333
13830000,48,210.088,-21746.1,46.3024,0.385867
13845000,56,233.012,-21768.9,62.9997,0.382733
13860000,47,211.891,-21740.7,47.8282,0.401033
13875000,56,241.566,-21737.7,66.6486,0.377333
13890000,55,231.473,-21752.4,52.8583,0.380044
13905000,42,183.886,-21749.5,39.8674,0.383942
13920000,75,319.26,-21724.5,74.4755,0.398889
13935000,65,280.142,-21709.3,56.8102,0.407467
13950000,54,234.225,-21725.9,58.0358,0.395
13965000,42,179.323,-21778.2,42.5426,0.381427
13980000,52,228.968,-21766.2,49.843,0.38768
13995000,37,169.405,-21805.3,45.6711,0.3811
14010000,57,257.071,-21767.5,67.4865,0.4007
14025000,75,317.109,-21728.9,78.686,0.403067
14040000,60,242.602,-21717.2,84.0136,0.413133
14055000,65,275.364,-21746.6,66.5802,0.40105
14070000,63,277.266,-21729.2,55.1011,0.397067
14085000,62,271.8,-21730.8,61.2413,0.389267
14100000,73,315.452,-21749.3,54.6508,0.398733
14115000,46,184.238,-21744,35.9049,0.395333
14130000,45,198.747,-21760.7,48.025,0.387867
14145000,51,217.416,-21756.9,47.0618,0.384767
14160000,51,226.052,-21753.1,53.6048,0.3836
14175000,49,211.91,-21759.1,65.8579,0.3852
14190000,44,200.049,-21758.7,44.3163,0.386967
14205000,55,259.396,-21736.5,65.6958,0.409933
14220000,37,157.13,-21792,36.1366,0.392167
14235000,41,183.052,-21796.9,45.2815,0.3824
14250000,44,186.507,-21767.7,49.5146,0.37704
14265000,53,232.58,-21752.5,66.2521,0.391867
14280000,74,340.688,-21719.3,67.6675,0.38804
14295000,61,276.705,-21728.8,63.618,0.409333
14310000,56,246.231,-21721.7,54.5558,0.3924
14325000,57,253.649,-21737,56.1395,0.400667
14340000,48,206.371,-21752.7,56.0783,0.39132
14355000,51,217.22,-21720.6,59.2955,0.3758
14370000,42,185.567,-21743.9,33.2313,0.383933
14385000,54,246.49,-21717.2,63.7818,0.3799
14400000,67,300.571,-21696,80.29,0.390933
14415000,68,304.473,-21705.9,75.7927,0.3966
14430000,72,308.667,-21717.8,88.5371,0.403467
14445000,65,281.48,-21715.1,56.1931,0.412933
14460000,64,287.087,-21718.2,54.1229,0.4018
14475000,40,183.278,-21770.2,48.5445,0.3952
14490000,73,321.93,-21725.4,62.6838,0.407233
14505000,67,296.924,-21724,65.755,0.407733
14520000,62,288.329,-21717.9,63.4741,0.408867
14535000,65,288.892,-21704.5,51.16,0.398533
14550000,62,266.218,-21726.2,53.5493,0.412467
14565000,64,278.832,-21731.6,54.0392,0.3942
14580000,59,249.552,-21725.5,77.8307,0.391333
14595000,46,202.441,-21740.2,53.6429,0.387733
14610000,50,224.097,-21782.1,49.3078,0.381319
14625000,41,180.777,-21775.3,32.8032,0.385572
14640000,49,218.713,-21748.8,46.6408,0.382933
14655000,44,187.198,-21776.4,51.5128,0.393767
14670000,57,260.447,-21744.4,65.8054,0.3961
14685000,51,238.492,-21746.8,38.0675,0.401867
14700000,54,228.927,-21753.2,47.4107,0.411867
14715000,71,324.664,-21744.7,74.9842,0.396857
14730000,68,293.39,-21752.1,51.2758,0.4096
14745000,58,260.89,-21749.1,67.8793,0.409644
14760000,47,208.237,-21730.7,50.5306,0.391867
14775000,48,212.678,-21729.4,36.8162,0.397267
14790000,36,161.883,-21795.9,32.3968,0.392504
14805000,52,234.577,-21722.6,49.4086,0.3826
14820000,56,252.28,-21731,52.9749,0.402933
14835000,51,220.118,-21724.2,53.4577,0.379333
14850000,54,232.441,-21740.1,52.3456,0.384667
14865000,44,192.552,-21773.5,45.5845,0.38408
14880000,57,260.461,-21744.3,56.2591,0.3824
14895000,49,223.676,-21766.4,41.0738,0.406267
14910000,49,221.747,-21757.1,61.5786,0.396267
14925000,57,257.766,-21777,66.4423,0.402333
14940000,72,313.127,-21750.9,70.1689,0.406078
14955000,54,231.413,-21736.8,67.9566,0.407967
14970000,61,251.701,-21724.8,69.2854,0.416333
14985000,44,200.783,-21771.6,34.3011,0.391133
15000000,52,232.002,-21773.6,59.9931,0.398333
15015000,50,218.834,-21745.1,46.8488,0.380017
15030000,40,185.345,-21750.1,37.5181,0.3831
15045000,45,198.601,-21751.5,51.5574,0.380733
15060000,60,266.645,-21745.9,52.403,0.3909
15075000,59,249.094,-21727.5,67.6201,0.419467
15090000,60,269.934,-21750,56.5801,0.384133
15105000,50,222.923,-21724.8,43.3932,0.399633
15120000,49,214.847,-21756.2,51.964,0.390749
15135000,50,227.034,-21745.7,52.4664,0.391822
15150000,46,189.351,-21766.3,51.1891,0.3898
15165000,54,243.961,-21731.5,47.5294,0.402167
15180000,53,234.515,-21740.6,50.1361,0.3912
15195000,62,266.556,-21735,69.4722,0.393
15210000,56,239.29,-21727.8,58.3658,0.411067
15225000,57,252.494,-21730.9,63.1318,0.393267
15240000,58,252.749,-21731.2,57.0725,0.376633
15255000,47,199.874,-21759.7,43.3033,0.3962
15270000,56,251.848,-21742.7,45.0493,0.378933
15285000,56,253.912,-21766.1,53.7765,0.389533
15300000,67,304.845,-21744.6,70.4362,0.401022
15315000,54,235.692,-21736.6,54.0333,0.409667
15330000,48,224.824,-21766.5,57.8397,0.380956
15345000,45,181.905,-21723.1,41.3578,0.3956
15360000,48,202.92,-21743.5,55.5148,0.379
15375000,57,253.69,-21740.5,63.7735,0.399333
15390000,52,232.449,-21776.7,64.0905,0.380367
15405000,55,242.692,-21751.8,62.9395,0.4046
15420000,62,277.707,-21735,66.7816,0.407644
15435000,57,247.039,-21757.5,62.5814,0.382967
15450000,68,292.924,-21728.4,68.3882,0.399533
15465000,83,371.599,-21709.6,88.4913,0.421133
15480000,58,258.946,-21707.1,47.9093,0.40735
15495000,55,256.073,-21722.7,58.8616,0.400867
15510000,62,263.96,-21748.9,65.8251,0.3877
15525000,66,277.546,-21719.2,55.674,0.396333
15540000,64,261.496,-21717.6,48.4683,0.388467
15555000,51,241.145,-21738.6,60.9244,0.38265
15570000,70,300.523,-21712,71.7446,0.409733
15585000,64,290.774,-21733.3,66.0627,0.391233
15600000,51,228.274,-21726.8,62.3593,0.399433
15615000,51,222.819,-21730.3,52.9345,0.3957
15630000,48,193.439,-21755.9,49.773,0.378967
15645000,61,259.56,-21735,60.5778,0.3937
15660000,60,263.395,-21776.6,62.7247,0.411533
15675000,51,212.455,-21764.9,43.9903,0.402467
15690000,47,192.067,-21783.8,38.2914,0.3942
15705000,40,167.906,-21792.6,32.6373,0.393602
15720000,62,273.949,-21736.9,68.8147,0.391344
15735000,46,207.904,-21752.4,40.9312,0.386111
15750000,57,242.136,-21725.5,45.1937,0.387833
15765000,49,187.655,-21729.8,46.4648,0.3848
15780000,43,174.782,-21791.3,43.6769,0.378756
15795000,42,174.326,-21765.2,40.6381,0.382533
15810000,54,229.866,-21721.6,55.6101,0.388378
15825000,42,193.526,-21770.2,41.9206,0.389633
15840000,59,268.701,-21738.6,51.0213,0.389733
15855000,57,250.291,-21742.6,52.7495,0.402933
15870000,57,256.525,-21755.6,66.0176,0.393467
15885000,53,252.797,-21759,49.6459,0.3886
15900000,48,216.707,-21756.3,52.7454,0.3882
15915000,54,244.264,-21716.9,50.7617,0.392933
15930000,50,214.826,-21758.7,41.5532,0.381613
15945000,48,225.941,-21758.1,51.4544,0.3828
15960000,48,218.497,-21779.5,43.3476,0.383496
15975000,56,251.246,-21747.2,60.3399,0.391333
15990000,41,181.399,-21768.3,49.3876,0.3868
16005000,46,195.344,-21763.1,46.3366,0.382033
16020000,42,188.031,-21781.5,42.6649,0.384067
16035000,43,198.567,-21776.7,43.2509,0.38692
16050000,42,186.924,-21781.5,35.5559,0.38635
16065000,48,211.87,-21774.1,52.6487,0.3992
16080000,41,183.151,-21770.7,34.2632,0.388333
16095000,36,164.397,-21748.6,53.0252,0.363233
16110000,63,264.149,-21742.6,64.8335,0.395022
16125000,57,242.827,-21760.4,45.8306,0.411467
16140000,54,230.179,-21753.8,72.8338,0.390533
16155000,48,211.893,-21772.9,50.2652,0.3794
16170000,42,178.795,-21771.9,46.0638,0.402133
16185000,48,213.365,-21765.1,50.3186,0.385448
16200000,49,221.185,-21778.9,49.9449,0.382933
16215000,48,209.143,-21773,49.8548,0.3768
16230000,39,185.246,-21760,32.8083,0.378356
16245000,48,207.727,-21756.1,45.844,0.378827
16260000,40,171.967,-21764.2,48.1375,0.369844
16275000,55,230.29,-21730.2,69.0826,0.394556
16290000,51,217.207,-21758,64.0404,0.394467
16305000,54,221.011,-21725.2,53.6315,0.362956
16320000,60,251.197,-21740,65.8598,0.381067
16335000,65,277.508,-21742.3,57.6326,0.382533
16350000,47,197.352,-21743.5,45.0951,0.388413
16365000,47,184.658,-21725.4,44.8061,0.39064
16380000,61,264.164,-21714.3,57.6898,0.376111
16395000,47,198.294,-21752.4,59.7866,0.383489
16410000,57,242.178,-21738.1,53.5685,0.380367
16425000,57,247.91,-21749.7,50.7921,0.3806
16440000,54,222.402,-21726.8,51.3485,0.385667
16455000,62,271.913,-21727.9,67.2327,0.392833
16470000,63,269.302,-21719.1,67.1345,0.405333
16485000,68,310.541,-21731.7,79.0368,0.403667
16500000,54,239.143,-21762.9,53.1188,0.39719
16515000,46,200.903,-21735.5,40.3773,0.388373
16530000,58,244.835,-21758.6,56.651,0.3768
16545000,67,296.136,-21716.4,73.3378,0.380333
16560000,59,254.972,-21696.8,61.2319,0.396367
16575000,55,253.449,-21719.1,59.3482,0.3841
16590000,55,243.921,-21725.3,44.6773,0.387683
16605000,58,243.672,-21714.8,54.002,0.393244
16620000,64,290.845,-21707.2,62.5676,0.394133
16635000,56,256.179,-21729.5,43.8051,0.3893
16650000,59,261.827,-21732.8,51.6195,0.390767
16665000,44,195.111,-21758.1,38.7089,0.38488
16680000,49,213.324,-21751.3,48.773,0.3877
16695000,54,231.557,-21752.9,53.957,0.401067
16710000,52,229.654,-21755.3,47.419,0.392633
16725000,56,235.026,-21737.1,61.2115,0.406033
16740000,55,239.952,-21750.9,54.6162,0.402933
16755000,51,230.61,-21759.8,49.5958,0.403733
16770000,54,235.365,-21754.9,56.6872,0.396052
16785000,60,254.668,-21752.7,64.166,0.4
16800000,63,281.304,-21745.1,86.2645,0.405667
16815000,68,308.881,-21741.9,55.4562,0.40768
16830000,61,266.236,-21737,54.9471,0.412567
16845000,56,260.065,-21736.6,66.4282,0.41105
16860000,49,216.45,-21718.6,47.8086,0.39
16875000,51,245.242,-21754.4,36.4329,0.389
16890000,45,187.635,-21749.9,56.3515,0.386947
16905000,52,242.784,-21761.3,55.7463,0.401467
16920000,46,197.478,-21751.3,49.1893,0.376367
16935000,55,237.823,-21751.2,63.6931,0.395933
16950000,41,175.43,-21761.6,40.2953,0.370567
16965000,54,235.898,-21756.2,42.0197,0.3995
16980000,35,149.126,-21771.5,31.8731,0.385867
16995000,42,193.568,-21785.8,48.3884,0.3724
17010000,38,158.755,-21768.6,34.8041,0.389689
17025000,40,172.906,-21775.6,44.0937,0.366613
17040000,39,169.737,-21809.1,43.9628,0.369622
17055000,44,180.994,-21764.2,49.1265,0.374433
17070000,56,256.723,-21751.5,58.0116,0.387433
17085000,48,219.181,-21748.4,50.556,0.396067
17100000,50,206.794,-21752.1,54.8131,0.375778
17115000,52,229.648,-21762.8,46.3762,0.399067
17130000,45,205.494,-21749.6,55.9597,0.374633
17145000,40,177.757,-21747.9,36.6593,0.370267
17160000,56,247.004,-21750.9,54.7042,0.388444
17175000,48,199.133,-21775.5,40.2249,0.391167
17190000,52,223.535,-21754.2,45.705,0.385807
17205000,53,224.943,-21768.4,57.6239,0.4028
17220000,50,217.133,-21733.1,42.0701,0.401417
17235000,39,177.205,-21787.8,40.0861,0.38195
17250000,50,210.15,-21765.7,51.5905,0.398667
17265000,49,226.798,-21743.3,53.0254,0.402067
17280000,52,241.315,-21749.2,53.1329,0.3918
17295000,41,170.078,-21753.6,32.7234,0.378767
17310000,47,203.401,-21752.2,54.216,0.387033
17325000,44,202.515,-21735.5,44.557,0.384244
17340000,58,244.53,-21724.6,53.7477,0.3758
17355000,52,225.773,-21756.8,36.4303,0.383033
17370000,58,249.331,-21733.5,56.7028,0.4049
17385000,51,209.716,-21759.3,45.0981,0.398133
17400000,50,218.919,-21769.8,59.2071,0.377833
17415000,45,200.125,-21772,33.7703,0.3988
17430000,58,236.003,-21766.7,54.7298,0.401044
17445000,46,196.113,-21761.3,52.9881,0.394967
17460000,47,200.657,-21746.3,35.1755,0.389533
17475000,44,188.324,-21734.4,43.9665,0.380617
17490000,55,249.859,-21757.5,54.6868,0.378267
17505000,46,191.178,-21779.6,51.0195,0.386533
17520000,60,264.865,-21739,57.5295,0.38655
17535000,51,234.702,-21782,45.5573,0.384956
17550000,50,224.032,-21745.1,50.066,0.3971
17565000,41,175.116,-21761.5,44.2428,0.389433
17580000,38,169.399,-21774.1,46.9693,0.393333
17595000,59,245.619,-21771.6,54.7088,0.386689
17610000,46,199.72,-21775.3,47.6943,0.386911
17625000,52,228.5,-21746.3,65.2885,0.388367
17640000,48,197.932,-21770.7,50.8727,0.397467
17655000,42,169.399,-21760.2,38.1511,0.3862
17670000,58,274.887,-21732.5,64.7642,0.397511
17685000,60,281.444,-21732.2,48.6632,0.391933
17700000,66,285.271,-21725.4,72.4666,0.3962
17715000,71,309.465,-21744.6,67.0987,0.398933
17730000,61,265.023,-21747.6,56.3085,0.396667
17745000,63,280.527,-21739.4,62.3274,0.4068
17760000,50,230.849,-21755.4,54.2943,0.3788
17775000,49,225.45,-21758.2,42.4639,0.393667
17790000,45,198.595,-21768.5,45.8531,0.379933
17805000,57,253.1,-21767.6,60.4467,0.384988
17820000,54,239.35,-21756.8,57.4687,0.390733
17835000,42,195.274,-21769.8,52.2841,0.38788
17850000,39,166.05,-21767.3,29.4171,0.385978
17865000,43,191.762,-21778.3,35.0489,0.3672
17880000,50,218.198,-21763.1,52.2201,0.388556
17895000,54,239.305,-21764.3,41.2221,0.395333
17910000,45,192.582,-21735.1,48.5597,0.391478
17925000,61,260.123,-21732.4,69.9629,0.3888
17940000,61,276.58,-21750.1,57.6762,0.402333
17955000,64,296.057,-21751.6,80.9376,0.402667
17970000,55,262.975,-21751.1,51.1883,0.388013
17985000,43,193.044,-21769.6,33.4255,0.385771
18000000,58,257.815,-21781.4,70.6373,0.384733
18015000,51,217.654,-21766.3,59.6654,0.4078
18030000,45,194.927,-21743.6,37.0816,0.379067
18045000,48,204.359,-21745.3,46.5652,0.380133
18060000,42,193.831,-21781.7,40.5756,0.381
18075000,45,190.719,-21766.9,46.6274,0.390933
18090000,36,166.443,-21799.3,31.0617,0.360533
18105000,38,174.82,-21760.8,35.2891,0.386883
18120000,60,260.262,-21772.8,55.2256,0.385156
18135000,45,194.943,-21760,55.7195,0.386633
18150000,47,234.087,-21753.7,43.4338,0.380133
18165000,44,208.804,-21758.3,43.3073,0.393244
18180000,50,231.891,-21757.6,54.3702,0.395367
18195000,53,223.853,-21756.9,51.4133,0.3735
18210000,52,232.141,-21782.5,59.7594,0.4025
18225000,39,162.693,-21788.3,31.524,0.375948
18240000,39,161.419,-21772.4,39.4278,0.3908
18255000,53,235.266,-21761.5,56.033,0.38285
18270000,36,158.481,-21787.1,36.964,0.391556
18285000,58,274.129,-21761.6,64.3999,0.381533
18300000,63,270.548,-21739.6,70.9778,0.3996
18315000,41,184.256,-21777.5,40.6793,0.410978
18330000,52,235.324,-21731.6,52.1578,0.4015
18345000,56,245.745,-21759.6,66.2806,0.3934
18360000,56,246.746,-21737,49.8367,0.39861
18375000,42,191.511,-21799.6,45.8117,0.393617
18390000,53,243.276,-21746.1,40.3478,0.3938
18405000,44,205.045,-21777.6,41.5199,0.3977
18420000,49,206.576,-21794.9,40.3146,0.3976
18435000,51,222.312,-21744.6,44.5926,0.386444
18450000,47,221.033,-21756.1,41.0505,0.3968
18465000,54,238.818,-21761.4,57.23,0.396933
18480000,51,211.327,-21717,49.4792,0.387022
18495000,68,296.567,-21703.9,73.6116,0.394
18510000,59,249.646,-21712.5,67.109,0.404333
18525000,40,183.466,-21764.4,53.1821,0.380433
18540000,42,193.707,-21748,40.9353,0.389733
18555000,59,241.373,-21724.6,89.616,0.392556
18570000,61,275.154,-21735.6,58.965,0.400867
18585000,47,206.374,-21726.6,47.6266,0.3918
18600000,52,216.081,-21730.5,52.1827,0.378867
18615000,66,281.443,-21757.5,61.576,0.406733
18630000,52,221.819,-21755.5,51.4644,0.4014
18645000,48,224.918,-21735.3,42.8713,0.389086
18660000,60,264.598,-21745.2,61.4573,0.3888
18675000,48,204.064,-21742.9,56.6213,0.385356
18690000,62,287.999,-21715.6,69.6079,0.394
18705000,41,188.839,-21765.8,53.7735,0.38033
18720000,55,238.688,-21735.8,56.0062,0.376267
18735000,49,227.908,-21758.9,49.615,0.375967
18750000,56,239.89,-21743.1,65.176,0.400967
18765000,51,237.444,-21731.5,45.1769,0.401
18780000,48,208.777,-21748.8,60.4677,0.377867
18795000,48,215.05,-21758.3,49.7291,0.379067
18810000,51,224.345,-21768.5,45.4435,0.37448
18825000,42,180.686,-21767.6,57.614,0.3804
18840000,57,244.632,-21732,68.6523,0.393267
18855000,53,221.551,-21765.3,45.1985,0.375567
18870000,48,225.573,-21770.5,62.2654,0.3832
18885000,50,226.123,-21775.8,45.7512,0.373267
18900000,55,251.712,-21765.6,54.1831,0.390633
18915000,60,276.112,-21742.2,63.184,0.406867
18930000,62,283.941,-21751.8,87.6972,0.382911
18945000,52,235.843,-21799.7,59.7476,0.3863
18960000,44,197.788,-21777.3,43.4137,0.399533
18975000,48,209.607,-21747.9,49.8821,0.393978
18990000,47,211.271,-21794.2,44.4879,0.389567
19005000,53,238.485,-21753.1,45.9609,0.392067
19020000,50,226.521,-21773.1,47.5078,0.399067
19035000,44,192.032,-21765.3,39.4659,0.388244
19050000,45,204.017,-21767.8,49.2038,0.386133
19065000,41,181.969,-21750,39.6655,0.371222
19080000,45,194.079,-21733.6,55.1735,0.369067
19095000,43,195.739,-21759.2,47.2795,0.353378
19110000,58,253.977,-21739.4,61.5253,0.396621
19125000,59,239.152,-21743.4,50.2479,0.386933
19140000,58,245.207,-21751,53.5626,0.395222
19155000,51,207.584,-21751.3,56.5752,0.397133
19170000,49,204.041,-21752.6,56.6001,0.383933
19185000,54,221.966,-21740.4,50.0995,0.389933
19200000,58,259.376,-21754.9,54.9974,0.384067
19215000,51,197.189,-21745.6,55.0539,0.404133
19230000,45,201.023,-21761.9,56.7154,0.395173
19245000,43,186.938,-21750.8,47.1347,0.385067
19260000,48,216.337,-21767.9,45.5817,0.395578
19275000,48,197.054,-21743.1,55.6428,0.3914
19290000,47,208.442,-21740.1,45.7242,0.3744
19305000,52,218.893,-21764.9,58.4855,0.3859
19320000,60,275.194,-21745.7,59.9248,0.3873
19335000,43,190.396,-21746.8,47.3596,0.393567
19350000,45,190.773,-21768.1,40.3923,0.390133
19365000,41,184.404,-21770.3,47.0877,0.37468
19380000,54,242.766,-21719.7,48.6376,0.381217
19395000,58,261.509,-21735.7,60.9605,0.394333
19410000,56,250.021,-21740.7,49.5359,0.385467
19425000,64,272.501,-21742.5,70.4615,0.3904
19440000,68,294.203,-21729.8,72.97,0.411533
19455000,66,283.654,-21726.8,65.4285,0.404067
19470000,74,311.132,-21731,92.3562,0.412
19485000,70,288.548,-21745.5,69.695,0.41
19500000,69,311.228,-21718.8,69.9672,0.410533
19515000,76,343.299,-21715.2,70.6742,0.409933
19530000,56,243.835,-21767.8,71.4185,0.394644
19545000,72,307,-21706.6,73.2893,0.4072
19560000,67,282.548,-21693.8,67.5271,0.387133
19575000,56,232.315,-21699,47.3919,0.3924
19590000,47,211.865,-21756.4,39.22,0.3994
19605000,71,310.335,-21714.3,61.6543,0.393733
19620000,46,195.223,-21763.7,48.6204,0.399
19635000,76,324.309,-21699.9,80.7449,0.407967
19650000,69,294.61,-21704.1,64.457,0.4086
19665000,70,298.43,-21696,69.4776,0.397933
19680000,84,373.599,-21715,82.9763,0.416467
19695000,79,324.504,-21740.5,71.9313,0.414467
19710000,79,345.965,-21723.8,65.3833,0.412467
19725000,66,288.716,-21746.2,66.3066,0.4022
19740000,43,180.471,-21767.8,56.9585,0.375152
19755000,45,194.533,-21760.5,43.8646,0.397133
19770000,63,264.25,-21741.5,79.9562,0.395667
19785000,61,242.273,-21742.3,58.0567,0.404733
19800000,51,226.73,-21738.4,31.4279,0.388867
19815000,59,237.956,-21730.7,56.2974,0.389
19830000,80,348.862,-21738,83.8489,0.4112
19845000,47,217.134,-21742.8,42.844,0.39608
19860000,53,243.634,-21760.5,46.6571,0.394333
19875000,74,311.677,-21758.6,94.3831,0.407644
19890000,62,277.639,-21759.9,56.5558,0.403733
19905000,59,255.398,-21723.7,74.2941,0.394556
19920000,55,248.016,-21732.3,57.9679,0.391533
19935000,53,234.434,-21767.2,47.8236,0.394222
19950000,50,220.166,-21748.2,75.5837,0.3897
19965000,52,218.891,-21751.5,50.6629,0.3984
19980000,59,265.381,-21757.3,57.2668,0.400311
19995000,65,286.344,-21740.5,64.8803,0.396067
20010000,50,204.174,-21745.9,54.839,0.399933
20025000,49,213.474,-21751.4,42.4228,0.389067
20040000,58,245.214,-21759.4,64.6555,0.383433
20055000,53,225.207,-21758.3,56.7043,0.397133
20070000,52,232.697,-21758.8,54.0893,0.391867
20085000,42,194.45,-21747.9,47.771,0.362533
20100000,42,177.349,-21766.7,35.8028,0.401147
20115000,58,248.506,-21746,66.3913,0.3848
20130000,59,265.581,-21760.1,59.8954,0.406
20145000,56,246.522,-21767.2,57.3337,0.391622
20160000,46,198.115,-21779,43.0331,0.3802
20175000,49,228.267,-21760.7,49.9211,0.379181
20190000,40,172.333,-21764.6,48.5121,0.397067
20205000,60,256.629,-21738.4,65.4411,0.3785
20220000,67,299.759,-21739.4,63.7263,0.3761
20235000,63,264.386,-21727.4,66.6523,0.3968
20250000,72,323.329,-21745.1,49.6519,0.412622
20265000,76,349.535,-21731.6,90.2987,0.3918
20280000,60,259.057,-21727.2,73.4681,0.4001
20295000,68,291.475,-21732.3,75.3796,0.400533
20310000,73,330.108,-21750.9,73.3088,0.4052
20325000,74,330.894,-21726.8,75.7453,0.418933
20340000,74,318.686,-21727.8,76.122,0.401978
20355000,49,226.05,-21777,53.1268,0.39457
20370000,68,292.99,-21699.7,75.3004,0.407967
20385000,76,344.023,-21711.5,76.7258,0.409667
20400000,73,349.769,-21734.4,70.7055,0.407467
20415000,65,292.207,-21734.8,47.8273,0.404867
20430000,60,262.518,-21730.7,51.84,0.397333
20445000,62,259.595,-21721.8,57.6138,0.391367
20460000,56,254.214,-21743.3,61.7654,0.391333
20475000,66,282.918,-21737.3,64.1148,0.408667
20490000,47,197.844,-21723.2,55.505,0.389767
20505000,59,258.071,-21758.1,44.7985,0.392867
20520000,68,298.863,-21721.7,77.526,0.401689
20535000,59,258.61,-21734.6,58.2048,0.400067
20550000,67,277.764,-21700,62.3468,0.403
20565000,54,223.03,-21722.2,48.4906,0.394133
20580000,60,262.862,-21716.8,59.5422,0.370467
20595000,65,294.993,-21711.8,43.2375,0.387667
20610000,58,262.573,-21752,55.9453,0.382768
20625000,62,275.335,-21722.1,49.427,0.4008
20640000,67,308.136,-21731,61.8198,0.404
20655000,57,259.061,-21733,49.7799,0.390867
20670000,49,221.924,-21770.3,42.2203,0.40435
20685000,54,234.344,-21744.6,62.4059,0.395967
20700000,40,182.526,-21765.2,25.1974,0.3757
20715000,40,186.133,-21719.1,43.9332,0.379167
20730000,61,273.399,-21717.3,70.5174,0.384733
20745000,48,205.7,-21772.3,46.3098,0.395978
20760000,67,296.545,-21710.9,59.249,0.3913
20775000,58,254.403,-21729.5,56.317,0.397267
20790000,45,187.741,-21756.2,38.4914,0.392333
20805000,55,225.377,-21756.9,55.4918,0.4002
20820000,56,258.009,-21751.5,53.9121,0.408267
20835000,54,240.343,-21741.2,49.9866,0.3925
20850000,56,243.367,-21746.2,69.8326,0.403733
20865000,46,211.211,-21768.2,43.7323,0.391218
20880000,55,238.427,-21733,56.452,0.398167
20895000,60,265.317,-21726.2,54.4171,0.407333
20910000,68,292.931,-21722.8,67.6545,0.413867
20925000,50,236.162,-21762.3,57.0834,0.393833
20940000,70,324.523,-21769,61.9726,0.392133
20955000,65,295.02,-21746.2,69.2192,0.405867
20970000,53,222.262,-21735.8,55.5922,0.396933
20985000,59,268.325,-21729,60.9942,0.379733
21000000,66,288.751,-21720.2,68.1509,0.393733
21015000,72,337.8,-21723.6,77.0576,0.409333
21030000,64,288.109,-21707.2,65.9153,0.401067
21045000,55,241.001,-21745.8,61.5203,0.390229
21060000,62,284.047,-21732.3,69.0761,0.396533
21075000,54,223.338,-21750,50.6255,0.391518
21090000,63,284.731,-21736.3,62.2461,0.4035
21105000,56,240.904,-21741.8,41.2351,0.399633
21120000,50,217.982,-21774.2,47.1376,0.384547
21135000,71,315.297,-21735.6,59.1767,0.4
21150000,76,315.829,-21742.7,57.2647,0.402867
21165000,61,258.787,-21749.2,52.4711,0.405433
21180000,67,300.574,-21732.5,54.6984,0.407867
21195000,69,320.518,-21753.5,65.2646,0.422233
21210000,61,276.071,-21751.8,59.9462,0.405167
21225000,55,251.685,-21742.7,49.8607,0.4012
21240000,59,269.14,-21740.8,76.4281,0.394267
21255000,52,203.359,-21797.4,59.607,0.395415
21270000,54,243.554,-21752.7,56.5002,0.3893
21285000,63,285.695,-21751.6,57.0653,0.421533
21300000,59,277.944,-21743.6,67.2801,0.406267
21315000,51,219.759,-21746.4,39.8499,0.401533
21330000,58,266.149,-21737.3,56.0717,0.3852
21345000,60,268.393,-21734.3,59.932,0.393867
21360000,53,242.004,-21740.3,62.8033,0.393333
21375000,56,260.656,-21755.5,82.5265,0.3932
21390000,43,194.128,-21785.6,39.0819,0.392923
21405000,43,204.908,-21738.9,40.2969,0.377767
21420000,52,227.978,-21729.9,55.8572,0.362333
21435000,51,231.685,-21745.4,38.3732,0.380067
21450000,51,225.792,-21783.4,59.0975,0.391749
21465000,48,224.13,-21787.5,38.6359,0.405533
21480000,61,273.072,-21730.5,73.9121,0.379756
21495000,46,193.341,-21732.2,39.964,0.371229
21510000,53,242.175,-21724.1,50.8523,0.3872
21525000,62,275.454,-21738.5,64.0594,0.391689
21540000,53,215.321,-21722.3,47.1327,0.3822
21555000,53,231.523,-21738.3,62.9207,0.379633
21570000,58,241.198,-21724.9,50.146,0.3823
21585000,66,264.576,-21738.7,63.6846,0.393333
21600000,55,242.716,-21751.3,46.5318,0.397459
21615000,68,283.257,-21701.9,70.8077,0.404367
21630000,67,286.695,-21764.5,68.1404,0.400433
21645000,62,270.545,-21706.2,63.5977,0.3928
21660000,62,270.977,-21774.7,66.5184,0.402033
21675000,51,231.713,-21773.4,45.9517,0.409667
21690000,72,310.126,-21702.6,77.7542,0.397222
21705000,53,245.459,-21758.5,57.4196,0.39612
21720000,52,226.716,-21750.8,50.873,0.379
21735000,79,346.923,-21715.1,75.5833,0.404667
21750000,73,313.774,-21694.3,72.2677,0.4026
21765000,59,235.18,-21695.4,49.76,0.395333
21780000,62,256.021,-21699.5,66.1418,0.3726
21795000,50,202.882,-21767.6,61.0908,0.382907
21810000,67,287.048,-21722.3,65.5823,0.397467
21825000,48,194.157,-21728.3,36.8243,0.393933
21840000,44,187.032,-21772.4,47.7494,0.404448
21855000,44,200.586,-21759.4,51.631,0.38925
21870000,45,198.872,-21783.5,41.2877,0.412667
21885000,52,214.248,-21739.7,46.2088,0.381
21900000,52,216.437,-21773.2,58.6194,0.3947
21915000,43,180.662,-21784.2,51.5839,0.396867
21930000,49,205.05,-21736.8,44.5617,0.384711
21945000,47,195.37,-21766.7,39.1653,0.401622
21960000,49,206.029,-21733.8,49.4796,0.374267
21975000,49,205.584,-21737.4,52.0785,0.382067
21990000,46,194.095,-21750.4,50.8471,0.376467
22005000,48,207.029,-21753.4,39.8851,0.364133
22020000,36,162.8,-21790,33.9547,0.396293
22035000,42,179.338,-21753.6,35.1853,0.375633
22050000,55,238.984,-21739.1,48.8047,0.373467
22065000,64,280.655,-21739.4,58.282,0.395067
22080000,65,277.703,-21723,60.0695,0.399333
22095000,54,248.197,-21738.4,51.1748,0.4088
22110000,32,150.425,-21801.3,26.751,0.377913
22125000,53,239.029,-21761.3,50.9617,0.383967
22140000,40,176.186,-21798.7,37.0429,0.379633
22155000,41,180.323,-21797.6,35.1006,0.3862
22170000,37,163.181,-21766,26.764,0.387207
22185000,40,165.889,-21758.1,28.1823,0.38195
22200000,39,166.639,-21796.8,42.049,0.379711
22215000,43,198.685,-21773.3,41.0966,0.371667
22230000,39,164.918,-21761,41.3589,0.376244
22245000,45,199.727,-21752.6,38.7673,0.373867
22260000,50,209.912,-21740.8,47.6901,0.392933
22275000,58,259.104,-21732,56.1989,0.390867
22290000,42,185.322,-21763.9,37.951,0.39016
22305000,49,225.797,-21756.6,44.3184,0.4014
22320000,72,317.533,-21740.3,64.6842,0.408222
22335000,62,264.861,-21728.3,65.945,0.405
22350000,65,287.497,-21721.2,72.0444,0.392067
22365000,47,223.025,-21770.9,46.4002,0.404983
22380000,60,265.525,-21734.4,52.5966,0.396
22395000,64,279.851,-21738.9,72.6591,0.403
22410000,57,259.742,-21731,53.6794,0.4078
22425000,63,291.281,-21759.1,62.6085,0.391483
22440000,57,251.233,-21735.1,50.3044,0.402367
22455000,51,233.215,-21761.4,42.4021,0.4068
22470000,51,227.265,-21750.3,50.6319,0.392933
22485000,63,277.685,-21751.7,86.3763,0.408067
22500000,57,249.017,-21748.4,51.8861,0.405267
22515000,53,227.532,-21733.5,57.3466,0.391067
22530000,46,193.289,-21764.4,33.5744,0.394317
22545000,47,204.091,-21762.8,40.6746,0.391792
22560000,40,179.107,-21746.1,44.6078,0.378444
22575000,56,244.4,-21740.4,59.8608,0.381633
22590000,59,262.883,-21781,42.4826,0.3969
22605000,58,251.998,-21728.1,73.7487,0.393
22620000,63,265.216,-21767.3,60.7458,0.414533
22635000,59,259.34,-21728.1,52.3689,0.400533
22650000,58,241.869,-21727.6,63.8872,0.396
22665000,63,280.482,-21733.8,64.2146,0.399267
22680000,68,284.36,-21759.2,56.6341,0.404514
22695000,64,265.346,-21736.2,67.8688,0.402933
22710000,37,179.667,-21781.6,29.0721,0.392456
22725000,48,218.901,-21731.1,50.8365,0.399111
22740000,54,254.051,-21750.4,60.5966,0.4098
22755000,62,268.603,-21747.4,57.7172,0.39775
22770000,58,265.242,-21745.8,57.1984,0.406067
22785000,58,259.055,-21742.2,63.4423,0.4162
22800000,60,258.085,-21744.2,57.7534,0.407133
22815000,55,245.845,-21738.9,54.627,0.405533
22830000,49,214.37,-21728.7,58.8787,0.390489
22845000,53,223.06,-21726.3,41.4044,0.381133
22860000,60,270.415,-21739.7,55.1713,0.395489
22875000,69,312.761,-21722.7,76.7545,0.4024
22890000,54,241.626,-21739.2,67.5693,0.399067
22905000,43,179.904,-21766.7,40.6148,0.39821
22920000,49,211.818,-21749.9,38.4836,0.3878
22935000,53,225.972,-21733.5,58.7786,0.392089
22950000,49,210.07,-21752.4,53.4397,0.3936
22965000,56,245.814,-21743.2,64.8269,0.389978
22980000,69,309.68,-21727.2,69.2709,0.385233
22995000,62,282.225,-21719.5,65.9373,0.415267
23010000,61,262.659,-21715.8,66.3503,0.4016
23025000,59,272.589,-21712.7,69.6702,0.39625
23040000,67,312.028,-21731.6,66.5537,0.413833
23055000,74,325.214,-21718.2,59.9813,0.406067
23070000,55,257.892,-21786.7,53.4797,0.398939
23085000,58,255.965,-21712.4,57.9265,0.400533
23100000,54,240.565,-21706.9,59.6146,0.382067
23115000,68,316.147,-21716.9,57.6888,0.396044
23130000,60,265.815,-21703.4,43.7068,0.392667
23145000,51,217.121,-21714.9,61.1745,0.3886
23160000,77,349.558,-21707,68.2794,0.406167
23175000,65,296.521,-21712.4,83.6273,0.393167
23190000,67,304.476,-21701.6,54.1584,0.413033
23205000,64,281.919,-21716.7,62.2626,0.401
23220000,74,333.477,-21717.5,62.552,0.409333
23235000,68,288.031,-21716.6,71.572,0.390017
23250000,71,317.716,-21705,68.9172,0.4006
23265000,54,240.801,-21716.1,50.4715,0.406033
23280000,65,300.348,-21717.7,59.8811,0.3912
23295000,52,231.076,-21727.8,44.8964,0.397578
23310000,62,267.295,-21700.8,64.2872,0.407267
23325000,68,298.918,-21703.7,75.5542,0.398067
23340000,55,239.733,-21718.1,53.9071,0.392867
23355000,47,215.969,-21790.2,48.976,0.381021
23370000,53,219.005,-21715.6,63.1751,0.384767
23385000,50,221.622,-21747.5,36.8143,0.381714
23400000,60,259.68,-21751.4,65.9433,0.405133
23415000,70,300.359,-21726.2,83.0634,0.411467
23430000,64,286.825,-21712,67.1996,0.4048
23445000,45,212.151,-21772.6,39.5121,0.389011
23460000,62,267.971,-21731.4,64.8071,0.395656
23475000,70,317.181,-21691.5,83.1806,0.394133
23490000,62,265.5,-21717.4,57.8602,0.394017
23505000,63,265.01,-21734.8,68.9764,0.410133
23520000,43,188.735,-21757.2,33.3631,0.397427
23535000,55,248.873,-21735.5,67.1198,0.39685
23550000,51,216.494,-21723.6,47.1427,0.381333
23565000,48,211.286,-21752.2,49.3411,0.383067
23580000,54,250.216,-21735.2,45.4725,0.383133
23595000,61,262.504,-21731.2,57.5162,0.388311
23610000,60,268.383,-21722.9,54.4554,0.395
23625000,51,236.19,-21752.4,49.4678,0.387033
23640000,64,274.299,-21716.9,57.6203,0.400067
23655000,59,260.872,-21708.6,67.169,0.390933
23670000,61,283.971,-21718.9,61.2953,0.3832
23685000,70,310.454,-21726.7,59.406,0.398467
23700000,68,311.269,-21715.8,62.6787,0.397133
23715000,54,236.271,-21757,50.7893,0.391504
23730000,62,285.383,-21723.1,61.1996,0.394467
23745000,63,286.399,-21723.4,58.155,0.397
23760000,57,275.31,-21741.5,58.7083,0.390667
23775000,50,208.151,-21747.9,59.3292,0.3922
23790000,55,255.946,-21750.4,57.8294,0.400667
23805000,66,277.121,-21748.7,74.3807,0.4048
23820000,53,244.186,-21755.7,48.4844,0.407267
23835000,58,259.816,-21744.5,61.241,0.392547
23850000,50,207.815,-21749.1,52.8338,0.384533
23865000,44,197.999,-21758.3,42.586,0.379956
23880000,49,218.829,-21747.2,43.3788,0.384463
23895000,56,250.103,-21756,59.1373,0.395511
23910000,57,237.965,-21746.6,50.9688,0.392578
23925000,44,206.923,-21743.5,36.2989,0.3894
23940000,53,238.022,-21766.8,47.1892,0.383822
23955000,57,259.964,-21741.9,49.837,0.380667
23970000,47,204.983,-21750.3,54.5668,0.385867
23985000,45,205.777,-21747.3,46.5755,0.369867
24000000,55,236.989,-21754,61.2634,0.374467
24015000,48,204.093,-21746.5,46.559,0.3812
24030000,64,268.821,-21757.4,74.7009,0.382886
24045000,52,218.181,-21737.6,50.1501,0.401167
24060000,37,160.684,-21755.2,27.2305,0.387967
24075000,51,230.352,-21743.2,51.2295,0.3825
24090000,48,207.767,-21729,55.94,0.37
24105000,57,260.034,-21711.4,57.5772,0.370133
24120000,46,186.495,-21764.4,43.5524,0.386267
24135000,57,248.404,-21728.6,49.9396,0.3895
24150000,66,292.268,-21726,70.4023,0.3882
24165000,64,300.303,-21732.9,58.6068,0.397733
24180000,56,243.458,-21725,55.5604,0.403467
24195000,48,217.463,-21777.5,42.9148,0.380321
24210000,47,197.182,-21769.1,35.1699,0.4088
24225000,56,242.658,-21772.7,68.061,0.4064
24240000,43,191.368,-21760,55.158,0.383033
24255000,41,181.022,-21769.8,35.1583,0.3874
24270000,41,170.684,-21739.9,49.2472,0.375133
24285000,53,235.859,-21741.8,41.5758,0.3922
24300000,54,235.222,-21763.3,50.0831,0.3838
24315000,49,213.576,-21770.7,51.1008,0.38481
24330000,51,241.332,-21758.4,60.6062,0.3954
24345000,42,176.191,-21762.1,37.9151,0.395067
24360000,49,236.022,-21759.7,56.6713,0.38
24375000,64,286.072,-21751.5,63.326,0.395067
24390000,53,230.925,-21747.9,59.9967,0.4024
24405000,43,200.583,-21754.6,48.7734,0.391933
24420000,49,222.359,-21755.4,48.8757,0.384667
24435000,50,225.174,-21743.3,53.7168,0.383667
24450000,49,217.359,-21771.9,42.7204,0.404167
24465000,53,231.19,-21738.3,48.1771,0.38895
24480000,72,322.558,-21751,65.0139,0.400533
24495000,36,160.848,-21763.5,33.0454,0.379283
24510000,70,306.254,-21747.1,72.7654,0.409167
24525000,46,216.718,-21742.7,55.9779,0.394717
24540000,52,228.482,-21773.9,48.2048,0.383
24555000,50,225.841,-21753.9,52.7651,0.396867
24570000,55,243.213,-21750.2,63.3354,0.39215
24585000,43,202.412,-21757.6,42.1407,0.371033
24600000,65,292.231,-21759.9,62.8984,0.405067
24615000,53,224.428,-21755.5,48.0137,0.3969
24630000,50,211.771,-21751.5,49.6126,0.392844
24645000,58,254.421,-21723.9,46.8053,0.398967
24660000,53,236.7,-21739.7,57.231,0.386683
24675000,61,282.019,-21736.1,48.7522,0.400367
24690000,70,290.272,-21725.7,78.4222,0.389
24705000,70,313.177,-21724.2,86.1725,0.404533
24720000,69,304.212,-21733.4,60.981,0.414533
24735000,46,206.191,-21776.9,36.3874,0.391124
24750000,73,328.147,-21752.1,68.9312,0.413067
24765000,39,171.042,-21769.2,39.4279,0.391333
24780000,63,288.644,-21745.2,55.9976,0.4177
24795000,49,220.808,-21752.4,58.718,0.398667
24810000,48,212.357,-21738.2,52.2504,0.387667
24825000,55,251.829,-21732.6,68.6478,0.397188
24840000,60,272.279,-21725,57.3595,0.407933
24855000,69,299.651,-21749.9,76.1219,0.402489
24870000,69,308.438,-21765.2,56.2172,0.4232
24885000,68,306.158,-21751.5,91.8197,0.416
24900000,63,276.579,-21731.9,57.7576,0.405533
24915000,58,244.474,-21728.3,64.812,0.403053
24930000,65,272.014,-21718.1,63.9215,0.391167
24945000,59,268.435,-21708.9,68.1368,0.3999
24960000,62,262.788,-21723,80.3885,0.3768
24975000,36,155.383,-21792.6,28.2271,0.393757
24990000,54,242.506,-21728,55.2945,0.391
25005000,51,236.388,-21710.9,53.1744,0.381667
25020000,45,198.608,-21766.2,44.3644,0.369556
25035000,61,246.25,-21733.2,60.2965,0.392633
25050000,65,289.347,-21701.2,60.443,0.38935
25065000,71,329.992,-21710.9,64.5276,0.401467
25080000,68,301.832,-21710.9,65.1394,0.411533
25095000,58,255.46,-21732.1,60.6695,0.401067
25110000,58,249.224,-21727.5,62.2756,0.383667
25125000,53,240.592,-21733.2,34.0818,0.385933
25140000,49,203.649,-21739.5,45.8625,0.387044
25155000,65,268.353,-21729.6,69.9242,0.382267
25170000,50,235.667,-21769.8,49.5738,0.387173
25185000,63,266.044,-21708.2,57.8799,0.392422
25200000,56,234.364,-21723.2,56.9974,0.388333
25215000,57,247.383,-21715.1,68.8547,0.3906
25230000,66,290.169,-21737.8,65.3115,0.392333
25245000,63,285.14,-21744,60.885,0.408
25260000,58,244.54,-21715.8,58.6085,0.39445
25275000,60,269.74,-21737.9,49.6149,0.3994
25290000,65,292.438,-21725,81.591,0.409267
25305000,54,240.461,-21722.6,47.8891,0.410267
25320000,48,209.547,-21732.8,35.6758,0.3874
25335000,51,207.606,-21709.2,53.6787,0.378167
25350000,57,249.737,-21742.4,60.5951,0.395533
25365000,47,206.464,-21745.8,41.125,0.3976
25380000,54,223.595,-21734.6,62.1171,0.389124
25395000,59,261.485,-21725.9,65.435,0.398833
25410000,56,251.775,-21734.5,63.0525,0.385667
25425000,47,194.553,-21745.6,53.3942,0.3762
25440000,66,293.764,-21762,57.8825,0.390133
25455000,61,269.67,-21730.3,67.4091,0.395933
25470000,56,250.347,-21736.1,49.2352,0.392933
25485000,50,221.414,-21725.8,26.9106,0.392467
25500000,52,222.369,-21742.7,53.7096,0.395867
25515000,46,191.262,-21734.8,52.4506,0.391267
25530000,50,225.694,-21724,36.6257,0.398378
25545000,56,253.897,-21749.8,56.2333,0.387867
25560000,51,223.592,-21750.5,54.9546,0.394375
25575000,66,296.335,-21731.7,70.7814,0.387956
25590000,59,264.494,-21725,72.9704,0.391833
25605000,68,280.792,-21711.3,69.8443,0.380667
25620000,89,387.474,-21734.7,94.035,0.4095
25635000,69,291.14,-21702.6,65.0508,0.385833
25650000,60,261.457,-21720.6,63.3431,0.410933
25665000,63,281.677,-21712.5,63.7638,0.3909
25680000,69,275.356,-21728,81.1359,0.4205
25695000,69,316.181,-21707.5,73.7811,0.407933
25710000,67,298.155,-21716.1,55.0209,0.397
25725000,68,297.762,-21724.3,76.7644,0.398683
25740000,67,296.918,-21721.3,55.1894,0.397533
25755000,50,215.107,-21721.7,55.7402,0.381133
25770000,51,228.176,-21729.3,57.3395,0.374533
25785000,62,274.103,-21723.8,79.3325,0.378333
25800000,59,279.828,-21729.2,63.708,0.406867
25815000,69,307.645,-21703.3,72.1114,0.407333
25830000,64,280.213,-21734.2,71.0364,0.398114
25845000,49,231.065,-21738.6,48.7395,0.404733
25860000,51,214.988,-21747.3,43.9675,0.3976
25875000,69,299.497,-21735.2,63.4103,0.40415
25890000,50,218.96,-21743.3,37.6844,0.3972
25905000,61,264.426,-21726.1,46.8182,0.412167
25920000,61,280.628,-21721.8,55.8276,0.404367
25935000,59,261.027,-21733.1,65.2311,0.404733
25950000,44,194.87,-21725.7,49.1131,0.392844
25965000,52,243.617,-21761.6,53.2509,0.3944
25980000,58,255.581,-21719,63.7341,0.3823
25995000,56,253.568,-21718.5,58.6412,0.3896
26010000,55,252.441,-21750.9,59.7407,0.387933
26025000,59,216.973,-21741.7,55.6497,0.384722
26040000,67,293.495,-21734.5,50.9685,0.385033
26055000,73,333.434,-21731.9,62.7251,0.396567
26070000,51,227.42,-21742.5,57.1604,0.38739
26085000,54,227.39,-21729.1,51.8061,0.401911
26100000,57,257.301,-21757.4,67.9323,0.381833
26115000,57,247.418,-21739.4,62.134,0.384633
26130000,63,281.761,-21725.4,59.3575,0.404
26145000,51,237.021,-21708.5,54.616,0.388467
26160000,62,257.024,-21712.3,56.1283,0.378333
26175000,66,274.947,-21720,67.1137,0.403667
26190000,72,317.021,-21720.5,70.5838,0.400267
26205000,55,255.451,-21728.9,69.0431,0.405267
26220000,52,217.889,-21724.5,50.044,0.389867
26235000,59,242.977,-21741.1,60.56,0.388585
26250000,53,227.434,-21755.6,45.9837,0.4028
26265000,61,280.696,-21720,70.0011,0.382311
26280000,62,252.074,-21719,49.2599,0.395667
26295000,49,219.007,-21747.5,47.8033,0.3762
26310000,55,240.61,-21771.1,66.4663,0.38955
26325000,56,230.798,-21727.9,60.8446,0.386444
26340000,53,236.581,-21722.8,42.9433,0.373511
26355000,53,223.9,-21740.8,47.6512,0.38
26370000,47,204.777,-21734.4,48.9991,0.380467
26385000,52,236.899,-21717.2,61.1457,0.39275
26400000,49,219.707,-21746.7,40.4858,0.368367
26415000,57,249.237,-21727.1,49.6489,0.397033
26430000,54,239.148,-21754.7,58.3265,0.3897
26445000,48,209.037,-21732.1,52.0056,0.390167
26460000,68,299.544,-21724.6,69.7171,0.392467
26475000,55,235.882,-21717.5,54.2697,0.3714
26490000,64,278.047,-21713.4,62.5443,0.381
26505000,59,255.87,-21731.1,48.455,0.386467
26520000,62,271.282,-21738.8,73.3989,0.3909
26535000,67,304.401,-21715.3,72.7539,0.389689
26550000,63,285.898,-21727.6,61.6608,0.4052
26565000,59,258.457,-21717.4,59.3692,0.396244
26580000,63,267.875,-21723.3,57.786,0.398827
26595000,70,307.592,-21723,61.0229,0.407356
26610000,59,256.333,-21744.9,58.6523,0.407422
26625000,77,332.443,-21705.9,67.6393,0.410433
26640000,62,276.42,-21724,55.6004,0.3909
26655000,67,297.623,-21709.1,51.3914,0.4046
26670000,71,306.559,-21719.6,79.0844,0.4046
26685000,70,300.082,-21725.8,68.6601,0.412533
26700000,57,246.723,-21733.7,44.0064,0.392833
26715000,59,254.753,-21727.8,73.6606,0.384333
26730000,70,310.469,-21732.9,65.7527,0.4028
26745000,57,254.666,-21744.4,51.7114,0.3939
26760000,55,248.954,-21744.7,54.8567,0.388367
26775000,61,264.713,-21737.8,57.2894,0.388867
26790000,55,244.991,-21739.4,36.8102,0.390581
26805000,64,282.509,-21705.6,54.73,0.397033
26820000,42,187.624,-21729,36.1371,0.3686
26835000,60,273.542,-21737.6,40.0305,0.393433
26850000,60,263.014,-21730.5,67.5735,0.392967
26865000,60,280.322,-21717.7,58.6766,0.387333
26880000,74,325.481,-21714.3,72.6851,0.412133
26895000,77,330.886,-21715.6,76.3492,0.419133
26910000,60,271.804,-21704.1,55.9894,0.389373
26925000,69,304.195,-21705.1,60.5239,0.410233
26940000,54,244.692,-21728.9,63.1119,0.384633
26955000,69,316.014,-21710.1,69.5253,0.3982
26970000,67,276.039,-21756.6,61.3367,0.391113
26985000,65,277.099,-21705.7,68.1943,0.391733
27000000,62,269.628,-21739.2,66.3721,0.394733
27015000,64,300.722,-21708.9,65.6796,0.383267
27030000,56,236.07,-21726.6,64.072,0.4
27045000,60,269.601,-21710.7,64.5907,0.3884
27060000,46,213.337,-21753.9,44.4963,0.3857
27075000,69,297.996,-21690.1,74.8689,0.383767
27090000,66,303.154,-21707.6,82.3916,0.394667
27105000,47,203.901,-21769.4,44.1569,0.393029
27120000,62,281.449,-21720.1,62.7909,0.388033
27135000,64,292.269,-21705.7,59.322,0.400333
27150000,65,302.484,-21732.5,69.6606,0.3986
27165000,47,208.839,-21728.6,55.2642,0.378133
27180000,47,205.508,-21726.8,51.1435,0.3668
27195000,61,270.777,-21728.4,77.79,0.39443
27210000,55,233.881,-21729,47.2917,0.390133
27225000,62,280.22,-21733.9,60.3802,0.391067
27240000,61,249.508,-21741.4,52.9752,0.39663
27255000,57,263.689,-21751.8,79.3026,0.413733
27270000,48,212.738,-21779.4,54.8502,0.3978
27285000,55,233.22,-21736.4,56.7394,0.402483
27300000,57,246.89,-21731.1,53.72,0.404333
27315000,46,198.455,-21726.8,50.0702,0.398667
27330000,51,237.511,-21731.9,47.9603,0.390667
27345000,49,205.656,-21713.4,52.4135,0.388267
27360000,60,268.857,-21730.5,57.4288,0.3822
27375000,64,299.82,-21707,66.2849,0.401467
27390000,50,212.389,-21758.6,45.1323,0.385175
27405000,64,271.582,-21747.1,59.22,0.398467
27420000,66,298.977,-21696.3,70.7572,0.400022
27435000,66,301.985,-21730.2,55.0548,0.399267
27450000,51,212.474,-21765.4,40.8403,0.391867
27465000,58,250.878,-21707.6,61.797,0.391333
27480000,65,295.959,-21700,81.0603,0.377
27495000,71,310.293,-21711.9,71.0828,0.4056
27510000,58,272.941,-21698.3,62.0843,0.393733
27525000,48,225.359,-21707.6,50.287,0.3948
27540000,74,342.331,-21717.4,67.9239,0.394467
27555000,73,326.067,-21713.6,73.9824,0.410067
27570000,53,220.429,-21757.2,57.797,0.386417
27585000,72,342.415,-21721.5,65.7867,0.407333
27600000,71,310.679,-21750.5,55.0679,0.420733
27615000,55,256.121,-21748.4,58.8243,0.406667
27630000,55,231.668,-21753.6,59.114,0.398733
27645000,44,197.184,-21728.3,46.9107,0.399267
27660000,54,234.438,-21757.6,53.8843,0.404933
27675000,56,242.032,-21754.8,43.061,0.3856
27690000,53,228.496,-21768,63.6468,0.399625
27705000,49,202.279,-21764.4,38.609,0.409467
27720000,58,242.973,-21744.2,56.0629,0.4046
27735000,57,260.982,-21763.3,75.0103,0.399483
27750000,58,259.15,-21749.8,59.0241,0.4082
27765000,60,285.178,-21757.5,76.2534,0.400333
27780000,70,305.789,-21753.7,80.1637,0.411633
27795000,47,207.612,-21736.1,53.3761,0.3834
27810000,50,231.186,-21729.9,52.0903,0.384847
27825000,53,222.394,-21731.8,52.4935,0.390733
27840000,59,260.985,-21763.9,48.6575,0.4016
27855000,61,265.474,-21741.9,53.9115,0.39725
27870000,57,249.615,-21756.3,57.409,0.396767
27885000,48,199.353,-21773.6,40.0914,0.381067
27900000,69,321.118,-21717.9,75.0839,0.402267
27915000,54,254.384,-21730.1,56.2985,0.402867
27930000,54,234.574,-21732,53.9977,0.392867
27945000,54,231.95,-21743.3,51.0955,0.394867
27960000,47,206.637,-21776.8,47.6264,0.396307
27975000,47,209.466,-21767.4,55.3686,0.3726
27990000,43,173.515,-21736.1,29.7703,0.385133
28005000,49,221.142,-21741.9,54.1377,0.376467
28020000,40,174.684,-21797.2,36.5391,0.389728
28035000,52,220.161,-21726,62.7692,0.383933
28050000,58,267.993,-21745.6,57.1073,0.393533
28065000,61,262.33,-21729.2,61.3608,0.3876
28080000,56,251.17,-21731.5,53.0821,0.401533
28095000,61,266.901,-21719.7,61.909,0.3882
28110000,55,245.049,-21765,61.2093,0.381837
28125000,50,223.231,-21740.7,55.7262,0.399467
28140000,46,207.107,-21748.9,58.2721,0.3732
28155000,59,252.315,-21756.7,56.7676,0.395667
28170000,66,315.736,-21763.6,72.6198,0.421933
28185000,56,241.033,-21756.8,43.6701,0.422867
28200000,48,210.723,-21804,46.3421,0.4132
28215000,48,208.119,-21772.4,43.6768,0.385385
28230000,50,227.027,-21773.8,40.9546,0.400533
28245000,65,260.299,-21737.6,78.8674,0.392
28260000,37,163.685,-21785.8,25.7069,0.3974
28275000,42,188.597,-21752.6,39.4554,0.3917
28290000,47,199.635,-21756.5,50.5113,0.3861
28305000,50,201.644,-21780.8,64.7606,0.389289
28320000,47,196.84,-21770.8,41.6203,0.396767
28335000,44,197.792,-21788,44.2545,0.389967
28350000,43,182.501,-21766.1,43.0023,0.3928
28365000,49,210.143,-21758.7,52.4989,0.385133
28380000,56,252.722,-21758,58.3866,0.404467
28395000,44,194.923,-21751.1,42.2724,0.4074
28410000,39,164.943,-21757.4,31.7668,0.366933
28425000,49,217.507,-21778.1,48.3947,0.382286
28440000,49,200.901,-21789.5,49.1666,0.391181
28455000,51,225.428,-21756,60.7398,0.399333
28470000,47,214.563,-21770.3,47.1535,0.388533
28485000,50,225.903,-21752.4,50.4849,0.384773
28500000,49,204.997,-21765.4,50.6214,0.39715
28515000,56,243.883,-21774.1,63.5683,0.4014
28530000,46,210.357,-21764.9,58.8096,0.397467
28545000,51,228.131,-21749,50.3434,0.388867
28560000,66,284.61,-21750.1,68.4439,0.4034
28575000,57,251.506,-21739.2,58.2864,0.4154
28590000,66,287.001,-21763.1,50.3857,0.3935
28605000,55,239.733,-21731.5,58.8667,0.401867
28620000,54,247.399,-21751.4,33.9002,0.401874
28635000,57,234.049,-21747.7,58.745,0.405967
28650000,48,209.484,-21748.8,48.5932,0.404533
28665000,64,271.653,-21730.1,53.0315,0.3942
28680000,64,291.763,-21732.2,65.5548,0.410533
28695000,54,228.822,-21740.4,60.2453,0.3952
28710000,53,217.885,-21742.9,58.5468,0.396333
28725000,39,177.165,-21764.6,34.1449,0.388837
28740000,42,180.865,-21764.5,45.62,0.373989
28755000,68,296.905,-21752.1,72.0969,0.405511
28770000,66,297.746,-21724.6,68.5481,0.4038
28785000,59,262.286,-21735.9,53.4815,0.395867
28800000,57,245.215,-21736.4,57.7544,0.380867
28815000,62,270.747,-21711.4,73.427,0.407333
28830000,62,273.176,-21719.6,69.7962,0.385267
28845000,75,320.464,-21716.6,73.783,0.404933
28860000,59,256.683,-21749.1,60.2281,0.4076
28875000,43,192.245,-21766.7,57.3381,0.3702
28890000,44,193.843,-21778,43.4836,0.393533
28905000,40,174.946,-21776.6,32.5596,0.379356
28920000,43,184.813,-21772.8,45.035,0.368
28935000,35,158.139,-21775.6,29.6775,0.392489
28950000,44,191.217,-21772,41.4181,0.376133
28965000,57,248.209,-21738.2,63.7654,0.397924
28980000,56,242.652,-21738.2,55.198,0.387267
28995000,64,301.455,-21733.9,70.0884,0.410733
29010000,55,233.414,-21750,42.5053,0.398467
29025000,63,290.095,-21723.2,56.7244,0.4068
29040000,52,234.874,-21743.1,60.8332,0.374417
29055000,56,263.603,-21789.3,49.2098,0.395267
29070000,46,192.917,-21753.6,48.5221,0.394
29085000,42,179.987,-21752.8,39.1317,0.378733
29100000,49,210.701,-21732.8,42.043,0.39472
29115000,40,185.731,-21755.1,43.6887,0.3692
29130000,52,233.217,-21714.6,70.2887,0.3792
29145000,36,162.686,-21789,34.9726,0.389344
29160000,49,217.406,-21760.7,49.0594,0.376733
29175000,70,298.654,-21717.3,69.9221,0.388578
29190000,72,307.444,-21719.1,67.9034,0.391133
29205000,72,320.605,-21708,57.4474,0.4136
29220000,63,270.392,-21723.2,51.6908,0.3916
29235000,56,234.268,-21718.9,52.4207,0.396267
29250000,50,218.732,-21742.2,54.4661,0.3876
29265000,59,265.781,-21743.9,63.7719,0.4016
29280000,55,246.687,-21735.1,66.2878,0.394867
29295000,60,258.107,-21738.1,71.787,0.397867
29310000,62,280.374,-21710.9,66.7345,0.4024
29325000,64,285.882,-21729.8,69.1399,0.395867
29340000,55,247.568,-21718.9,58.9551,0.388867
29355000,43,193.912,-21764.4,49.9491,0.39148
29370000,66,290.237,-21719.6,70.0219,0.384767
29385000,45,208.728,-21769.6,54.7643,0.3819
29400000,64,258.091,-21730.3,67.0013,0.397067
29415000,48,216.146,-21765.5,54.0602,0.385067
29430000,37,163.924,-21818.7,35.2298,0.381937
29445000,54,243.366,-21750.8,48.6744,0.3934
29460000,49,201.585,-21762.7,49.8489,0.402933
29475000,45,204.292,-21743.2,49.1275,0.392733
29490000,48,215.207,-21749.5,42.2894,0.368067
29505000,56,236.231,-21728.5,60.4572,0.395686
29520000,56,247.92,-21736,59.6903,0.381333
29535000,67,286.848,-21725.5,63.2438,0.400267
29550000,63,272.01,-21726,59.8664,0.401917
29565000,59,256.739,-21720.6,55.9035,0.394933
29580000,74,330.753,-21697.1,64.6682,0.405
29595000,47,195.885,-21729.3,58.3945,0.378844
29610000,46,210.797,-21748.9,54.2231,0.374267
29625000,41,186.1,-21743.8,40.1718,0.370667
29640000,76,336.717,-21738.3,66.8224,0.404633
29655000,62,272.115,-21740.1,56.5992,0.410533
29670000,28,120.556,-21780.5,22.1875,0.378325
29685000,61,252.425,-21733.1,64.5246,0.3911
29700000,56,265.593,-21746.1,45.6133,0.38916
29715000,68,298.543,-21711.7,75.95,0.396
29730000,62,269.204,-21733.7,63.4642,0.407
29745000,60,245.751,-21730.1,51.1471,0.387167
29760000,64,267.953,-21731.5,59.4521,0.398867
29775000,64,266.448,-21724.8,69.6586,0.395267
29790000,65,265.659,-21728.1,58.029,0.393183
29805000,69,278.057,-21728.7,71.2198,0.391367
29820000,50,210.057,-21771.6,52.5621,0.386467
29835000,67,284.602,-21732.4,85.7024,0.400933
29850000,71,309.576,-21723.7,65.4083,0.406267
29865000,53,239.114,-21750,59.5112,0.4008
29880000,66,281.337,-21723.7,68.0369,0.397467
29895000,56,247.684,-21765.8,58.9771,0.389667
29910000,51,216.187,-21743.5,81.1121,0.3835
29925000,45,202.388,-21758.4,34.2774,0.4044
29940000,54,233.924,-21726.3,58.9531,0.384033
29955000,53,210.828,-21741.8,55.668,0.3832
29970000,51,222.059,-21748.2,56.8831,0.387653
29985000,42,189.416,-21762.1,38.3447,0.398
