generation,N_shifts,logPrior,logLik,eventRate,acceptRate
0,0,0.955649,-24226.6,68.5804,1
15000,0,1.08121,-22074.2,0.238139,0.155656
30000,1,4.54598,-22049.3,0.576976,0.220226
45000,1,6.1673,-22043,4.23421,0.149267
60000,1,5.67408,-22046.1,1.26935,0.209133
75000,3,16.1349,-22020.5,2.9797,0.2992
90000,4,15.087,-21995.1,7.75158,0.2641
105000,9,40.8183,-21982,7.10087,0.31444
120000,5,24.5214,-21968.1,3.5993,0.3388
135000,8,30.8973,-21940.1,10.9704,0.2918
150000,9,39.7802,-21935.7,7.14273,0.3204
165000,5,18.8739,-21973.1,5.30046,0.331533
180000,12,53.368,-21964.4,11.464,0.349333
195000,10,37.6809,-21886.6,19.0129,0.325578
210000,4,22.3107,-21985.9,4.6343,0.306252
225000,5,10.6515,-21949,8.0266,0.323689
240000,21,90.9749,-21851.3,13.0759,0.342867
255000,19,88.7014,-21834.2,20.9548,0.348133
270000,12,51.337,-21904.5,15.1806,0.345667
285000,21,91.9587,-21856.1,23.0322,0.365667
300000,21,95.1812,-21839.2,21.4746,0.362
315000,24,96.2158,-21838.3,29.5165,0.37
330000,34,140.561,-21824.3,25.4044,0.367733
345000,30,134.192,-21792.9,26.8411,0.371133
360000,23,91.0185,-21854.9,17.041,0.362511
375000,30,130.879,-21858.4,26.3465,0.387667
390000,30,127.345,-21777.6,26.1227,0.378289
405000,34,147.86,-21838.7,28.3134,0.4019
420000,37,157.139,-21760,31.7673,0.374433
435000,39,173.77,-21749.9,49.9165,0.3688
450000,54,238.679,-21743.4,61.7007,0.3854
465000,51,225.828,-21715.6,45.3449,0.3962
480000,34,150.455,-21785,24.6375,0.399893
495000,56,250.742,-21708.8,44.4421,0.386433
510000,59,236.424,-21756.9,58.1405,0.4057
525000,50,214.132,-21758.3,45.3924,0.4034
540000,59,255.518,-21715.3,76.8399,0.385822
555000,65,278.664,-21739.1,65.8363,0.406867
570000,56,245.097,-21695,55.6973,0.403667
585000,56,229.516,-21709.6,63.4431,0.393667
600000,54,248.392,-21710.4,58.9767,0.381667
615000,64,279.768,-21733.6,63.0091,0.409283
630000,64,290.629,-21744.2,69.5916,0.407133
645000,67,299.116,-21705.8,72.7003,0.400533
660000,77,345.923,-21679.9,71.9663,0.4028
675000,70,304.254,-21669.3,71.0161,0.420467
690000,63,268.371,-21677,66.5152,0.408133
705000,55,233.874,-21673.9,58.4536,0.4052
720000,70,330.158,-21692.6,63.2501,0.395067
735000,69,295.593,-21678.4,69.2354,0.401733
750000,70,306.617,-21673.2,62.8367,0.402333
765000,67,305.984,-21669.8,65.9307,0.404333
780000,63,291.908,-21703.8,61.893,0.3946
795000,48,218.311,-21740.5,49.0035,0.360022
810000,49,219.35,-21738.5,53.5285,0.404867
825000,71,299.602,-21657.1,67.1697,0.398467
840000,56,250.992,-21734.6,56.6452,0.3912
855000,70,322.977,-21657,63.3317,0.4013
870000,60,266.111,-21682.5,58.8437,0.400267
885000,38,169.858,-21728.5,40.875,0.378756
900000,64,279.115,-21671.8,62.6502,0.3987
915000,62,272.191,-21656.4,52.057,0.393267
930000,43,188.449,-21741.6,45.6736,0.371578
945000,76,353.566,-21665.8,73.8577,0.398067
960000,77,342.66,-21634.4,92.8025,0.4102
975000,73,309.947,-21646.3,65.1406,0.392403
990000,67,297.557,-21664,69.3065,0.3992
1005000,61,264.597,-21644.6,57.4974,0.391467
1020000,64,291.989,-21684.7,62.3965,0.392311
1035000,58,230.677,-21689.8,67.9595,0.382
1050000,59,273.377,-21673.8,66.4067,0.386133
1065000,59,243.99,-21678.7,49.6174,0.392
1080000,68,305.518,-21690.8,67.4942,0.3968
1095000,74,334.198,-21651.9,66.1644,0.387167
1110000,79,351.992,-21661.8,97.2773,0.3955
1125000,75,332.13,-21644.7,87.5502,0.400067
1140000,60,271.446,-21670.2,65.3696,0.383081
1155000,67,289.217,-21659.4,76.2221,0.3848
1170000,48,213.267,-21694.1,42.5767,0.3848
1185000,49,229.704,-21698.5,46.9694,0.3746
1200000,49,209.801,-21683.9,37.2034,0.3554
1215000,69,321.67,-21658.9,71.3019,0.3874
1230000,64,296.896,-21650.8,70.7502,0.392533
1245000,52,231.585,-21682.1,45.3618,0.374511
1260000,43,191.37,-21694.1,32.3786,0.383686
1275000,70,296.525,-21668.5,64.3706,0.390444
1290000,65,287.454,-21649.2,58.4011,0.402867
1305000,61,269.747,-21650.2,47.2001,0.3914
1320000,63,270.625,-21657.3,47.556,0.379667
1335000,57,239.761,-21682,54.7743,0.384544
1350000,64,289.624,-21676.8,77.9142,0.395333
1365000,54,244.035,-21716.9,48.0867,0.391143
1380000,59,251.956,-21686.2,57.4151,0.390883
1395000,54,212.154,-21719,55.3602,0.378467
1410000,72,304.033,-21681.8,89.0722,0.402967
1425000,59,265.519,-21688.6,47.2145,0.3956
1440000,41,173.017,-21708.7,40.0149,0.386922
1455000,64,277.059,-21670.7,57.7107,0.400978
1470000,66,292.556,-21704.8,45.6699,0.389333
1485000,80,338.676,-21659.1,88.9347,0.4121
1500000,69,300.559,-21624.9,66.2686,0.394467
1515000,90,405.079,-21633,91.9753,0.396667
1530000,88,387.318,-21640.4,76.0278,0.409133
1545000,60,266.236,-21689.1,50.1579,0.389253
1560000,86,378.846,-21641.5,74.7385,0.407633
1575000,85,389.674,-21642.1,85.4667,0.413933
1590000,81,358.086,-21645.6,75.2196,0.4188
1605000,56,239.011,-21675.7,53.4323,0.395182
1620000,94,439.665,-21635,84.0335,0.3954
1635000,67,299.686,-21626.9,85.1436,0.395933
1650000,68,303.102,-21637,69.6535,0.384533
1665000,60,276.243,-21687.9,48.8349,0.388625
1680000,82,383.807,-21643.8,71.778,0.396033
1695000,81,361.831,-21629.4,81.2209,0.399133
1710000,76,343.393,-21651.1,70.56,0.3902
1725000,79,356.118,-21655.9,87.2885,0.401067
1740000,70,288.583,-21653.9,64.3524,0.403333
1755000,66,284.406,-21645,77.9359,0.399333
1770000,72,305.15,-21647.6,74.076,0.384333
1785000,59,247.599,-21670.3,47.1372,0.375908
1800000,68,300.175,-21665.2,67.1566,0.385067
1815000,60,258.628,-21661.9,66.8393,0.3796
1830000,69,296.383,-21681.5,65.8162,0.40385
1845000,68,300.155,-21659.8,64.9943,0.385767
1860000,81,339.492,-21653.4,78.4421,0.418
1875000,78,359.967,-21680.7,91.4155,0.420933
1890000,80,343.393,-21635.7,71.7772,0.403733
1905000,79,334.161,-21650.4,60.2832,0.3958
1920000,87,365.211,-21647.3,74.593,0.417067
1935000,79,356.874,-21650.9,84.4023,0.417
1950000,63,283.513,-21683.9,62.9803,0.386797
1965000,70,304.044,-21663.2,59.1657,0.3918
1980000,64,266.069,-21663.1,58.2857,0.3856
1995000,59,262.969,-21662.3,66.7209,0.388867
2010000,70,326.352,-21652.9,76.5411,0.384
2025000,66,288.209,-21659.2,68.866,0.394
2040000,52,224.468,-21694.9,56.1676,0.396206
2055000,52,229.314,-21656.6,58.4432,0.377343
2070000,56,231.323,-21700.2,50.2508,0.380267
2085000,51,233.833,-21681.8,54.3901,0.389567
2100000,54,242.652,-21667.1,57.4764,0.385813
2115000,52,207.269,-21640,54.8722,0.366
2130000,60,247.815,-21663,62.5012,0.3818
2145000,68,303.407,-21673.4,77.0476,0.392067
2160000,84,378.895,-21644,85.0355,0.4046
2175000,71,313.688,-21663.5,79.7919,0.38821
2190000,71,314.989,-21657.7,84.8571,0.398767
2205000,61,264.573,-21661,63.9679,0.3982
2220000,69,300.744,-21671.4,63.0439,0.3808
2235000,77,338.493,-21656.1,75.9098,0.411333
2250000,71,313.346,-21642,80.3152,0.4058
2265000,58,240.634,-21683.3,58.8681,0.385297
2280000,64,260.374,-21637.6,67.4999,0.397162
2295000,63,279.177,-21661.4,67.9134,0.3834
2310000,79,359.649,-21643,73.4382,0.383367
2325000,76,339.25,-21641.9,83.4704,0.3952
2340000,55,244.553,-21669.9,62.9223,0.3921
2355000,65,283.596,-21675.1,60.6182,0.388067
2370000,64,287.25,-21682.2,49.5218,0.389867
2385000,62,257.638,-21685.9,73.4157,0.390311
2400000,58,233.552,-21651.4,68.198,0.391333
2415000,73,304.052,-21660,75.5776,0.400044
2430000,57,239.848,-21651,64.9294,0.382744
2445000,69,307.794,-21658.4,60.9379,0.393033
2460000,66,268.114,-21664.8,55.0013,0.379467
2475000,65,282.629,-21634.7,66.9616,0.390689
2490000,71,315.606,-21649.9,79.8817,0.399867
2505000,75,331.526,-21664.4,83.3926,0.398489
2520000,77,330.216,-21653.8,51.2404,0.3957
2535000,79,347.963,-21656.2,67.5309,0.412
2550000,60,254.948,-21692.1,57.744,0.396324
2565000,62,268.009,-21638.7,55.3781,0.389633
2580000,75,330.574,-21656.3,100.424,0.404747
2595000,75,326.956,-21643.9,74.2045,0.398333
2610000,55,254.408,-21667.8,47.6703,0.386711
2625000,55,244.923,-21656.2,67.7931,0.375733
2640000,55,240.217,-21652.4,64.0455,0.3868
2655000,56,226.354,-21650.6,60.1212,0.367333
2670000,64,280.793,-21678.4,60.0381,0.388067
2685000,66,306.034,-21684.7,63.7761,0.391467
2700000,77,340.919,-21640.2,81.3323,0.400067
2715000,77,334.237,-21651.6,80.2557,0.3986
2730000,84,390.966,-21661.6,78.8389,0.402333
2745000,74,323.307,-21637,89.6738,0.3938
2760000,57,261.511,-21667,43.0127,0.381656
2775000,64,285.062,-21651.2,64.7138,0.370267
2790000,50,215.623,-21719.8,50.5925,0.377333
2805000,64,280.55,-21657.1,65.5268,0.391467
2820000,65,291.583,-21649.9,91.4127,0.3844
2835000,72,320.949,-21664.4,78.425,0.383681
2850000,52,221.737,-21673.7,55.5071,0.375983
2865000,62,269.296,-21677,53.4307,0.384833
2880000,58,268.632,-21671.3,51.2204,0.372067
2895000,62,267.072,-21670.8,68.2652,0.385907
2910000,68,291.804,-21660,58.3358,0.3888
2925000,76,332.935,-21655.6,67.9139,0.4098
2940000,72,315.49,-21660,75.1483,0.38365
2955000,80,357.117,-21650,80.1344,0.400933
2970000,73,315.761,-21631.1,90.005,0.393467
2985000,82,364.446,-21645.8,71.3554,0.399867
3000000,92,401.032,-21640.9,88.4633,0.396733
3015000,67,288.591,-21645.7,59.8236,0.395333
3030000,62,273.309,-21642.6,62.4591,0.396467
3045000,73,295.926,-21659.9,62.3344,0.4028
3060000,56,233.644,-21647.5,69.4288,0.406089
3075000,58,235.88,-21651.9,49.4279,0.382533
3090000,49,191.609,-21670.1,49.0925,0.370933
3105000,66,279.789,-21660.3,63.7843,0.395267
3120000,75,321.554,-21643.4,70.4362,0.396533
3135000,80,357.434,-21650.8,79.9808,0.402133
3150000,76,326.58,-21657.1,110.018,0.409133
3165000,67,298.175,-21662,65.524,0.387787
3180000,60,260.268,-21664.6,71.7494,0.396633
3195000,77,339.652,-21680.6,71.4503,0.395833
3210000,65,286.988,-21685.9,67.6229,0.3922
3225000,78,341.574,-21706.6,61.7,0.384333
3240000,58,243.466,-21678,60.3622,0.405378
3255000,44,181.189,-21680,47.0832,0.381933
3270000,47,203.416,-21676.9,54.2147,0.378167
3285000,59,249.076,-21666.9,67.611,0.385093
3300000,64,272.554,-21680.4,55.2779,0.387467
3315000,64,274.713,-21693.1,53.9668,0.390767
3330000,59,273.688,-21677.8,62.3482,0.384633
3345000,58,260.927,-21681.6,63.7559,0.387067
3360000,51,223.724,-21704.1,63.4847,0.398356
3375000,52,210.746,-21702.8,48.3082,0.378133
3390000,60,255.429,-21710.7,76.1055,0.385067
3405000,53,237.824,-21691.2,49.8364,0.382
3420000,55,226.697,-21689,53.4324,0.386415
3435000,51,228.636,-21723.2,50.9997,0.383967
3450000,55,225.159,-21702.1,62.5189,0.385233
3465000,57,259.389,-21692.7,57.5809,0.379833
3480000,59,248.463,-21692.9,61.6294,0.382567
3495000,56,246.724,-21713.3,56.0448,0.382367
3510000,50,224.38,-21673.1,61.9512,0.372685
3525000,52,225.296,-21696.1,52.2263,0.383
3540000,54,236.761,-21698.3,53.8105,0.375267
3555000,61,276.086,-21694.2,56.4689,0.376156
3570000,56,253.058,-21697,67.9727,0.3923
3585000,64,276.314,-21675.7,76.9605,0.388486
3600000,85,377.153,-21680.3,69.5498,0.397133
3615000,62,263.954,-21708.5,64.7939,0.394467
3630000,55,235.407,-21701.3,56.4505,0.392933
3645000,64,300.74,-21654.1,71.3244,0.401489
3660000,67,297.995,-21690.8,56.5499,0.399733
3675000,56,254.528,-21699.7,47.7229,0.389567
3690000,70,297.677,-21663.2,62.9393,0.4041
3705000,71,301.867,-21695.8,60.7571,0.386587
3720000,66,258.735,-21663.9,71.3269,0.392733
3735000,49,206.23,-21680.8,73.5101,0.372533
3750000,58,245.746,-21669.7,57.0745,0.402511
3765000,50,230.569,-21713.1,47.4988,0.376067
3780000,49,226.257,-21712.4,56.0367,0.3926
3795000,76,332.56,-21678.6,73.9674,0.395507
3810000,69,308.994,-21683.5,68.2855,0.411867
3825000,66,310.784,-21647.5,78.6404,0.4054
3840000,53,233.219,-21705.3,51.5951,0.384867
3855000,74,332.805,-21662.5,118.928,0.3961
3870000,78,363.899,-21670.9,78.9596,0.4112
3885000,76,333.969,-21664.9,76.8378,0.4054
3900000,66,278.264,-21655.4,78.023,0.397333
3915000,70,297.828,-21649.9,86.3049,0.3904
3930000,70,293.338,-21660.2,76.4678,0.395933
3945000,69,289.688,-21669.8,67.1602,0.398933
3960000,58,256.351,-21667,53.6376,0.393867
3975000,72,299.892,-21654.2,82.3706,0.398733
3990000,73,316.212,-21658.3,79.2786,0.410533
4005000,65,267.711,-21667.1,59.8436,0.3962
4020000,60,267.04,-21688.4,71.7513,0.390067
4035000,51,219.76,-21713.5,51.9375,0.389302
4050000,54,247.69,-21719.3,55.3293,0.391376
4065000,58,253.805,-21692.5,52.5032,0.389667
4080000,58,252.814,-21695.2,61.6549,0.392489
4095000,61,259.034,-21707.2,50.0093,0.400133
4110000,59,267.482,-21683.4,59.3702,0.387867
4125000,59,240.125,-21712.4,63.6853,0.389
4140000,58,244.101,-21699.1,73.3823,0.390133
4155000,50,212.643,-21691,41.177,0.376067
4170000,54,249.806,-21708.5,54.6656,0.388219
4185000,61,265.984,-21689.6,57.5748,0.3804
4200000,74,330.716,-21696.6,71.7391,0.400067
4215000,72,294.156,-21677.4,70.2279,0.401333
4230000,50,227.164,-21695.8,58.006,0.3827
4245000,53,223.006,-21688.5,47.5437,0.388967
4260000,66,292.927,-21679.5,62.2557,0.3946
4275000,68,274.94,-21697.2,66.9581,0.380341
4290000,65,289.335,-21691.8,70.6426,0.397867
4305000,71,293.826,-21690.9,76.7121,0.395067
4320000,62,279.574,-21660.8,64.0312,0.392133
4335000,68,295.749,-21689.9,65.7884,0.395033
4350000,67,279.831,-21679.4,63.4035,0.3805
4365000,56,245.784,-21694.8,54.3705,0.397633
4380000,71,294.638,-21665.8,62.891,0.398933
4395000,59,276.01,-21699.3,74.8061,0.389988
4410000,69,305.298,-21658.4,71.1292,0.398233
4425000,67,306.259,-21655.2,63.3033,0.391933
4440000,64,287.114,-21682.2,62.6285,0.403867
4455000,63,289.658,-21684.7,53.7097,0.407267
4470000,59,257.253,-21687.8,61.6206,0.392476
4485000,54,240.149,-21687.7,54.5497,0.388467
4500000,58,250.979,-21705.4,58.9327,0.399533
4515000,65,278.208,-21675.5,76.5671,0.408
4530000,57,256.15,-21692.8,60.3065,0.385711
4545000,54,235.023,-21691,67.662,0.392933
4560000,67,301.239,-21662.6,59.7284,0.388007
4575000,64,267.864,-21685.7,55.5765,0.399733
4590000,58,250.403,-21692.1,49.9003,0.399267
4605000,51,229.004,-21692.4,50.4942,0.387067
4620000,62,283.833,-21658.9,61.9525,0.384567
4635000,51,230.235,-21679.6,45.6808,0.383867
4650000,53,232.091,-21698.4,60.415,0.3963
4665000,64,280.116,-21680.7,59.6657,0.380667
4680000,57,247.311,-21697,60.7933,0.3716
4695000,54,242.125,-21699.4,51.9139,0.385733
4710000,55,238.88,-21696,55.8842,0.386019
4725000,63,267.394,-21682.1,74.7289,0.3915
4740000,56,245.884,-21673.2,59.4011,0.3866
4755000,53,230.682,-21691.9,57.9867,0.386267
4770000,58,248.066,-21690.4,56.3627,0.385267
4785000,47,222.173,-21704.6,48.1356,0.378613
4800000,48,205.532,-21703.6,40.974,0.3786
4815000,60,273.895,-21684.8,60.8311,0.376533
4830000,56,255.349,-21695.2,56.612,0.387033
4845000,69,299.662,-21701.6,76.5495,0.387507
4860000,65,281.266,-21689.6,68.9131,0.410733
4875000,61,271.687,-21701.2,55.8418,0.415733
4890000,73,304.985,-21693.4,69.8906,0.4038
4905000,60,263.889,-21671,59.4208,0.388689
4920000,65,284.463,-21686.1,58.3157,0.389667
4935000,66,299.337,-21676.6,72.9007,0.3978
4950000,57,253.861,-21676.8,60.0321,0.3876
4965000,55,254.195,-21702.3,62.4689,0.38757
4980000,64,274.901,-21682,60.7721,0.395056
4995000,67,309.476,-21675.2,71.0459,0.4062
5010000,60,274.455,-21665.5,75.6698,0.393156
5025000,64,281.537,-21699.6,75.9779,0.390633
5040000,69,285.567,-21703.6,66.8557,0.4016
5055000,71,307.955,-21668.5,77.5507,0.403044
5070000,62,261.543,-21681.8,56.6008,0.3969
5085000,47,210.795,-21690.3,52.168,0.391167
5100000,55,251.019,-21695.3,55.4734,0.391827
5115000,75,321.337,-21659,66.3432,0.394978
5130000,39,174.864,-21705.4,49.5576,0.385511
5145000,67,280.163,-21676.8,61.7663,0.399044
5160000,53,234.011,-21693.7,48.5808,0.391911
5175000,50,237.699,-21685.8,58.682,0.3808
5190000,49,215.254,-21699.4,51.9811,0.373867
5205000,51,207.587,-21681.7,39.5628,0.38465
5220000,52,227.526,-21682.8,46.3277,0.380733
5235000,50,213.921,-21673.8,49.3274,0.384
5250000,52,226.491,-21714,51.9295,0.387933
5265000,60,248.512,-21684.9,56.5915,0.380933
5280000,59,267.422,-21723.1,57.8401,0.387883
5295000,49,215.083,-21679.1,36.9799,0.381667
5310000,52,216.497,-21688.6,57.6622,0.385333
5325000,49,205.969,-21702.1,56.4748,0.375267
5340000,64,275.193,-21711.8,75.6169,0.399373
5355000,62,263.98,-21708.6,66.9678,0.413733
5370000,61,264.2,-21699.9,55.6804,0.404
5385000,57,240.125,-21699.7,63.0803,0.395914
5400000,62,270.39,-21688,57.981,0.3866
5415000,55,222.941,-21670.6,72.366,0.392956
5430000,62,272.564,-21697,56.7385,0.389533
5445000,58,248.616,-21688.4,55.0896,0.395133
5460000,60,264.661,-21683.1,59.9115,0.3932
5475000,67,275.44,-21686.2,75.0672,0.3936
5490000,68,299.426,-21689.5,39.5802,0.394867
5505000,61,258.895,-21716.1,49.6353,0.391839
5520000,66,288.446,-21693.2,71.6554,0.402133
5535000,66,280.897,-21693,66.1899,0.407267
5550000,60,259.239,-21685.8,72.2322,0.386
5565000,63,278.021,-21689.7,69.9377,0.3692
5580000,60,254.515,-21668.6,59.9692,0.3862
5595000,63,266.258,-21675.3,70.0597,0.390867
5610000,71,309.687,-21682.2,57.8843,0.408667
5625000,73,313.535,-21683.2,64.4945,0.399267
5640000,75,307.517,-21669.1,72.1072,0.409267
5655000,56,229.563,-21688.7,49.5059,0.39615
5670000,59,258.078,-21689.4,59.7627,0.393667
5685000,45,177.581,-21748.9,46.9588,0.394593
5700000,75,327.65,-21658.8,75.8865,0.4019
5715000,66,295.817,-21681,57.5042,0.4034
5730000,68,292.383,-21679.5,61.4444,0.4032
5745000,78,335.509,-21685.9,80.1217,0.4048
5760000,75,338.447,-21681.9,87.8383,0.395867
5775000,69,311.471,-21681.4,74.3921,0.397733
5790000,64,294.397,-21722.3,59.8079,0.39981
5805000,74,333.78,-21679.4,71.441,0.406433
5820000,85,372.151,-21672.7,104.537,0.405133
5835000,74,324.01,-21674.5,85.6908,0.407933
5850000,61,262.757,-21679.4,70.7487,0.406267
5865000,67,291.026,-21709.1,61.7567,0.406707
5880000,57,253.546,-21699.3,62.7264,0.39492
5895000,64,282.636,-21710.3,69.9483,0.408733
5910000,56,242.268,-21703.1,50.8196,0.405433
5925000,63,265.933,-21687.7,71.8118,0.400813
5940000,53,230.883,-21716.5,67.1913,0.397356
5955000,49,226.263,-21712.9,50.7994,0.392867
5970000,51,206.668,-21696.9,54.3672,0.3954
5985000,57,240.135,-21696.7,58.1998,0.387467
6000000,43,184.929,-21732.2,54.6657,0.3869
6015000,60,246.22,-21676.8,65.2908,0.390983
6030000,72,300.663,-21679.3,67.4324,0.397667
6045000,73,323.783,-21687.1,74.3643,0.4034
6060000,42,193.236,-21711.9,40.2946,0.383693
6075000,71,299.058,-21673.9,58.4803,0.404967
6090000,61,280.627,-21667.6,78.5947,0.405
6105000,56,239.261,-21699.4,56.5379,0.384267
6120000,52,238.734,-21702.2,42.4161,0.3842
6135000,49,213.81,-21692.5,40.4451,0.373267
6150000,52,224.94,-21683.6,54.1894,0.388533
6165000,58,240.759,-21683.3,52.3079,0.383867
6180000,54,226.303,-21694.7,36.0765,0.381378
6195000,75,331.689,-21688,76.3138,0.396367
6210000,77,344.655,-21665.8,84.3045,0.406667
6225000,56,262.709,-21683.6,54.8252,0.384509
6240000,47,199.826,-21715.2,51.2993,0.38845
6255000,58,244.042,-21664.1,43.6074,0.391111
6270000,43,184.938,-21736.9,30.3858,0.3807
6285000,42,195.038,-21723.5,37.1171,0.383533
6300000,67,305.178,-21688.2,65.6045,0.391987
6315000,68,304.407,-21666.4,71.085,0.404867
6330000,51,233.968,-21728.8,54.6595,0.379067
6345000,78,338.458,-21651.2,68.4395,0.391333
6360000,79,342.307,-21657.7,75.2702,0.4072
6375000,79,364.399,-21664.9,74.678,0.398667
6390000,70,314.069,-21668.2,73.1463,0.395859
6405000,82,365.783,-21678.7,84.9807,0.407633
6420000,71,320.093,-21664.1,63.9453,0.3886
6435000,91,413.177,-21647.5,93.0818,0.409133
6450000,72,312.606,-21654.7,87.6644,0.403667
6465000,70,324.151,-21663.9,64.5964,0.4066
6480000,70,312.734,-21663.8,76.4915,0.382433
6495000,73,319.055,-21658,65.6007,0.399267
6510000,71,299.57,-21697.7,71.3759,0.396439
6525000,71,316.888,-21657.2,72.502,0.396033
6540000,66,277.802,-21685.4,56.0631,0.39632
6555000,66,299.098,-21669.9,61.9914,0.398367
6570000,51,223.848,-21676.7,42.3416,0.399983
6585000,66,304.698,-21663.2,69.6126,0.401467
6600000,60,262.286,-21666.6,59.9496,0.3826
6615000,60,273.233,-21659.8,55.6597,0.391367
6630000,59,250.892,-21646.2,46.9386,0.3768
6645000,68,308.578,-21635.2,74.7968,0.384333
6660000,70,320.237,-21660.2,73.0688,0.401733
6675000,71,308.107,-21658.4,58.9837,0.396733
6690000,63,279.264,-21673,66.2838,0.391667
6705000,71,302.759,-21670.8,76.3437,0.380048
6720000,68,309.293,-21657.1,66.3391,0.390933
6735000,54,236.269,-21656.6,61.8945,0.3823
6750000,62,253.988,-21669.3,54.3073,0.369867
6765000,69,304.789,-21654.1,71.1446,0.382933
6780000,72,313.425,-21641,75.5614,0.377033
6795000,75,317.079,-21639.3,63.6346,0.3888
6810000,68,308.097,-21629.7,72.2278,0.397133
6825000,80,348.621,-21677.7,74.5856,0.3776
6840000,66,299.711,-21633.7,65.9341,0.3752
6855000,65,290.294,-21638.1,78.1647,0.380867
6870000,64,274.56,-21638.4,54.0041,0.389867
6885000,70,302.639,-21681.3,67.224,0.391683
6900000,70,298.936,-21629.5,72.445,0.3767
6915000,67,282.763,-21688.3,62.5643,0.383
6930000,67,302.399,-21632,60.7939,0.3744
6945000,69,307.083,-21642.3,77.9575,0.381267
6960000,70,310.247,-21625.1,80.0226,0.382
6975000,62,259.351,-21689.2,50.1377,0.382467
6990000,72,306.151,-21644.7,72.9469,0.395733
7005000,55,239.992,-21683,62.6513,0.379733
7020000,81,357.647,-21647.9,78.3742,0.395733
7035000,77,335.73,-21635.4,75.5964,0.388133
7050000,71,315.703,-21647.9,75.5982,0.394267
7065000,69,300.046,-21688,71.8541,0.383167
7080000,69,293.389,-21661.1,80.5136,0.3974
7095000,78,348.761,-21686,77.7394,0.394733
7110000,73,306.508,-21667,91.7336,0.4036
7125000,69,302.409,-21652.5,73.4717,0.393427
7140000,63,271.045,-21680.9,78.1818,0.3845
7155000,72,303.622,-21679.7,63.1944,0.3886
7170000,91,412.812,-21696.9,116.117,0.411267
7185000,64,269.035,-21699.5,73.5708,0.389698
7200000,70,274.719,-21651,69.9025,0.379667
7215000,68,288.605,-21687.5,55.9526,0.401733
7230000,79,348,-21654,77.709,0.390733
7245000,80,334.051,-21641.1,69.8637,0.392733
7260000,74,318.002,-21645.7,64.2151,0.385267
7275000,83,379.746,-21662.9,87.1149,0.407667
7290000,83,365.395,-21649.2,73.278,0.421867
7305000,79,335.57,-21659.7,70.0056,0.403333
7320000,88,372.688,-21648.3,98.969,0.414867
7335000,57,244.317,-21683.5,58.593,0.389425
7350000,47,214.458,-21686.4,54.5971,0.387606
7365000,66,282.66,-21674.8,71.1718,0.3865
7380000,57,251.924,-21656.7,49.9111,0.385367
7395000,62,259.486,-21676.8,77.1928,0.387267
7410000,68,308.044,-21675.8,81.5754,0.3864
7425000,62,267.288,-21681.4,62.8204,0.3798
7440000,51,224.703,-21693.7,52.1017,0.384378
7455000,57,245.187,-21674.9,61.4868,0.3882
7470000,56,239.429,-21690.6,50.919,0.387756
7485000,54,237.591,-21677.8,50.6609,0.385733
7500000,57,255.366,-21658.5,57.4017,0.371867
7515000,55,251.425,-21692.1,50.8069,0.399133
7530000,60,278.031,-21660.4,58.0422,0.3854
7545000,67,300.749,-21653,58.2769,0.3726
7560000,67,284.502,-21652.9,67.3013,0.384267
7575000,63,270.332,-21648.2,50.8684,0.382733
7590000,52,237.673,-21711.5,58.0702,0.39568
7605000,61,262.678,-21713.8,64.6311,0.3976
7620000,73,307.816,-21651,88.3108,0.373178
7635000,63,267.531,-21654.9,63.0687,0.3792
7650000,65,283.093,-21711.9,65.4176,0.396689
7665000,65,285.267,-21673.3,56.5234,0.393387
7680000,72,315.927,-21672.5,73.4602,0.390667
7695000,58,250.446,-21664.8,61.25,0.3936
7710000,58,251.989,-21664.4,65.9208,0.378147
7725000,51,231.536,-21697.7,44.8763,0.388973
7740000,65,269.884,-21673,56.125,0.375933
7755000,68,285.838,-21635.3,67.765,0.3896
7770000,73,305.36,-21664.5,78.8619,0.394533
7785000,68,284.117,-21687.8,58.7495,0.3994
7800000,65,284.132,-21685,65.4874,0.387833
7815000,83,345.343,-21696.6,81.1829,0.404733
7830000,64,259.006,-21685.2,65.86,0.4004
7845000,66,292.022,-21667.9,61.5548,0.384067
7860000,57,248.606,-21667,66.8199,0.385067
7875000,72,318.923,-21634.7,59.0159,0.393175
7890000,73,311.903,-21644.5,69.031,0.387533
7905000,68,297.486,-21632.2,51.7648,0.393
7920000,65,280.962,-21638.1,70.0446,0.376267
7935000,66,281.634,-21672.6,76.1354,0.375507
7950000,56,257.132,-21701.6,46.5418,0.403393
7965000,80,352.133,-21642,73.4905,0.383533
7980000,77,342.019,-21652.1,64.9665,0.3922
7995000,59,268.119,-21702.6,64.7342,0.391817
8010000,72,322.642,-21665.9,78.6353,0.398633
8025000,60,258.463,-21659.5,53.7332,0.3902
8040000,50,218.481,-21692.9,44.9043,0.384978
8055000,54,230.066,-21647.2,77.4983,0.3879
8070000,66,278.914,-21652.4,67.7185,0.385
8085000,72,309.351,-21645.2,72.0172,0.383467
8100000,76,343.003,-21664.6,90.0879,0.393933
8115000,79,344.489,-21632.4,72.0424,0.395733
8130000,75,323.335,-21639.6,51.518,0.3944
8145000,86,388.934,-21641.9,79.3701,0.396667
8160000,86,377.116,-21638.6,90.5322,0.4072
8175000,76,326.642,-21636.1,80.6708,0.401333
8190000,90,392.466,-21637.7,96.6051,0.3982
8205000,79,338.761,-21623.4,82.9562,0.4122
8220000,61,254.595,-21698.8,73.8501,0.393952
8235000,56,248.26,-21691.2,52.6598,0.391497
8250000,61,272.595,-21673.3,50.4236,0.3911
8265000,78,342.771,-21657.4,66.1993,0.39755
8280000,61,262.39,-21656.1,71.7403,0.399433
8295000,77,330.626,-21686.7,80.2154,0.4024
8310000,83,370.231,-21672.1,81.0262,0.416667
8325000,64,286.302,-21657.4,67.0972,0.396883
8340000,73,317.642,-21664.7,59.3596,0.392667
8355000,72,301.576,-21647.3,65.5757,0.401533
8370000,74,300.354,-21639,66.2692,0.4002
8385000,77,339.263,-21629.5,102.018,0.3934
8400000,55,227.946,-21704.6,47.4127,0.3927
8415000,79,347.118,-21665.7,66.9025,0.4035
8430000,61,268.026,-21666.6,60.7154,0.390241
8445000,69,293.52,-21654.3,67.2767,0.391067
8460000,63,275.723,-21660.2,73.1629,0.383
8475000,64,282.257,-21670.9,68.3971,0.409733
8490000,66,299.313,-21682.2,54.7698,0.398467
8505000,70,312.942,-21665.7,72.8302,0.396456
8520000,73,313.682,-21689.5,70.733,0.4146
8535000,78,350.6,-21677.4,90.839,0.394437
8550000,68,303.981,-21688.2,67.5995,0.3926
8565000,60,235.859,-21671.4,59.4677,0.404733
8580000,56,229.966,-21693.1,49.6275,0.391233
8595000,59,245.447,-21698.3,60.1338,0.397827
8610000,68,300.229,-21689,63.1006,0.4008
8625000,63,285.831,-21687,76.8224,0.3952
8640000,65,272.2,-21698.7,56.8027,0.3932
8655000,61,260.299,-21697.1,45.3102,0.4068
8670000,64,281.968,-21659.4,57.2501,0.391105
8685000,69,312.382,-21662.9,69.081,0.394133
8700000,56,254.571,-21664.7,53.9148,0.396733
8715000,62,263.384,-21693.9,63.749,0.395833
8730000,62,253.555,-21660.1,65.635,0.388593
8745000,53,229.556,-21671.4,53.4754,0.390156
8760000,58,265.669,-21680.7,60.5959,0.382
8775000,62,257.878,-21668.6,88.9359,0.370933
8790000,64,289.576,-21698.2,58.1612,0.392973
8805000,63,276.979,-21665.1,63.9733,0.389633
8820000,62,245.399,-21694.1,60.5694,0.400433
8835000,62,246.288,-21688.2,64.0658,0.397933
8850000,66,282.247,-21688.5,68.9876,0.3878
8865000,61,251.968,-21667.5,59.2612,0.389517
8880000,66,290.584,-21686.1,63.4524,0.398527
8895000,78,337.046,-21640.7,87.7559,0.406333
8910000,84,339.712,-21616.3,93.4357,0.4088
8925000,74,313.207,-21638.4,70.9716,0.415133
8940000,55,220.729,-21702.1,54.9576,0.3992
8955000,53,248.88,-21711.8,50.6299,0.384133
8970000,61,267.36,-21661.6,70.8184,0.382244
8985000,65,272.417,-21655.9,64.9128,0.371667
9000000,68,301.524,-21685.6,71.4073,0.393911
9015000,70,324.305,-21677.9,63.0218,0.393633
9030000,75,342.72,-21666.7,75.2331,0.3866
9045000,69,316.674,-21652.5,66.7724,0.3924
9060000,69,322.636,-21668.4,68.2088,0.395533
9075000,79,347.593,-21656.7,81.4911,0.398267
9090000,60,266.534,-21690.2,57.9048,0.393844
9105000,62,260.537,-21704.1,78.8707,0.392008
9120000,59,246.957,-21695.6,64.4724,0.402967
9135000,69,292.101,-21675.9,50.3848,0.393883
9150000,70,298.508,-21673.3,70.7413,0.391733
9165000,59,258.896,-21709.4,53.5863,0.3912
9180000,52,228.184,-21734.6,54.8835,0.39604
9195000,67,268.738,-21726.9,72.313,0.400867
9210000,50,201.362,-21728.9,45.6693,0.403067
9225000,52,238.636,-21694.2,49.263,0.38675
9240000,51,233.393,-21719.5,52.5611,0.383033
9255000,48,223.151,-21703.8,58.9898,0.375833
9270000,51,214.843,-21695.6,46.4817,0.367
9285000,60,266.42,-21676.2,60.2053,0.3808
9300000,61,265.138,-21693.5,64.8463,0.376267
9315000,51,231.496,-21704,57.2048,0.385347
9330000,48,207.134,-21695.6,44.225,0.379067
9345000,52,239.342,-21673.3,49.1656,0.377267
9360000,71,304.818,-21684.7,66.9426,0.391667
9375000,70,307.691,-21682.3,60.6812,0.4174
9390000,51,219.475,-21736.5,49.7509,0.390844
9405000,65,290.727,-21696.3,48.2828,0.398867
9420000,70,307.868,-21691.9,70.6542,0.404133
9435000,72,319.574,-21709.8,64.1068,0.417867
9450000,58,257.082,-21690.8,51.79,0.393933
9465000,52,211.707,-21691.8,56.9592,0.391933
9480000,40,168.883,-21717,43.1114,0.389667
9495000,55,250.184,-21698,53.7805,0.377
9510000,54,230.23,-21710.2,56.3879,0.392342
9525000,48,207.584,-21706.1,51.8393,0.370378
9540000,63,275.417,-21692.9,64.7717,0.4004
9555000,56,246.297,-21718.9,64.6656,0.3854
9570000,43,184.626,-21715.2,38.3739,0.384333
9585000,43,163.046,-21715.2,40.7732,0.3724
9600000,59,258.453,-21713.2,55.9952,0.40415
9615000,59,266.209,-21706.7,69.639,0.4038
9630000,64,275.537,-21680.2,83.3876,0.402333
9645000,63,276.664,-21679.5,73.6568,0.4166
9660000,77,330.423,-21683.2,79.439,0.405667
9675000,55,256.492,-21699.3,54.833,0.391722
9690000,60,257.86,-21660.5,52.5092,0.387442
9705000,42,179.568,-21705,37.7179,0.387822
9720000,43,177.959,-21708.2,50.1068,0.365533
9735000,51,220.21,-21691.3,45.4195,0.383533
9750000,53,223.513,-21700.7,59.3479,0.384
9765000,43,175.325,-21715.2,36.8548,0.379156
9780000,43,176.457,-21698.4,46.2379,0.389789
9795000,61,269.634,-21684.2,51.3047,0.379644
9810000,71,323.364,-21700.7,73.3274,0.3926
9825000,77,332.658,-21684.5,75.211,0.4078
9840000,70,303.435,-21668.7,75.6493,0.400667
9855000,55,226.1,-21706.8,44.2453,0.388122
9870000,71,318.823,-21677.8,86.594,0.403633
9885000,59,232.279,-21698.5,56.6162,0.395781
9900000,64,279.69,-21673.9,66.1494,0.397733
9915000,59,260.704,-21671.8,49.8621,0.3914
9930000,57,234.842,-21705.9,70.1864,0.389689
9945000,58,251.942,-21675.2,42.2792,0.394033
9960000,60,255.401,-21672.9,59.1788,0.3924
9975000,66,292.777,-21700,57.1651,0.394075
9990000,62,273.703,-21690.6,65.4335,0.392567
10005000,74,313.742,-21707.7,77.6266,0.4121
10020000,62,271.574,-21691.6,50.1406,0.411267
10035000,55,223.904,-21675.2,54.6617,0.3898
10050000,57,257.581,-21685.8,63.1277,0.380892
10065000,64,296.879,-21668.3,58.4129,0.402644
10080000,71,310.718,-21650.2,61.2735,0.404644
10095000,70,288.802,-21659.4,75.2882,0.404467
10110000,57,248.486,-21677.3,57.426,0.3926
10125000,59,257.512,-21681.4,58.281,0.401689
10140000,61,260.951,-21678.3,63.3494,0.395278
10155000,47,202.478,-21698.9,49.0039,0.3788
10170000,56,238.019,-21707.2,51.3162,0.379067
10185000,60,262.502,-21697.3,64.601,0.387147
10200000,59,250.818,-21679.6,58.8106,0.394627
10215000,56,238.812,-21694.3,59.0591,0.3923
10230000,68,284.36,-21673.4,62.104,0.386033
10245000,61,255.996,-21708.1,60.0463,0.384307
10260000,50,220.992,-21702,50.0258,0.4038
10275000,63,262.313,-21712.9,72.0118,0.392
10290000,60,239.18,-21702.9,67.1533,0.384733
10305000,51,220.678,-21722.3,54.9426,0.392567
10320000,53,228.382,-21704.3,59.5357,0.392167
10335000,60,249.763,-21702.1,60.2538,0.381453
10350000,61,269.927,-21714.3,63.6297,0.3924
10365000,57,228.398,-21689.6,58.327,0.392422
10380000,60,272.117,-21697.1,70.7997,0.404867
10395000,62,273.745,-21693.6,66.9273,0.4064
10410000,72,322.012,-21694.9,84.1013,0.407667
10425000,55,240.584,-21699.8,44.4464,0.400233
10440000,68,304.739,-21695.7,66.8219,0.400033
10455000,50,230.849,-21678.1,54.9948,0.396667
10470000,66,294.471,-21706.6,62.0226,0.397367
10485000,60,260.667,-21662.9,63.0266,0.379633
10500000,57,247.02,-21688.2,64.1878,0.3915
10515000,73,334.462,-21669.4,61.6308,0.381567
10530000,60,272.938,-21681.6,49.3538,0.393667
10545000,47,214.155,-21724.2,65.7057,0.386221
10560000,55,229.385,-21714.7,58.4107,0.403867
10575000,62,275.347,-21701.4,78.606,0.388244
10590000,64,283.257,-21703.6,61.7998,0.3941
10605000,58,253.349,-21655.5,49.2009,0.3889
10620000,63,276.882,-21671.4,65.9498,0.3758
10635000,63,282.676,-21666.2,49.9251,0.384333
10650000,63,267.027,-21669,55.9696,0.3676
10665000,60,267.059,-21716.7,61.0473,0.40176
10680000,72,310.998,-21651,70.4362,0.3806
10695000,61,263.896,-21632.9,61.7137,0.376867
10710000,62,273.014,-21664.9,68.1236,0.368067
10725000,54,243.93,-21707.4,51.7088,0.39455
10740000,51,230.541,-21730.1,49.188,0.384697
10755000,64,268.879,-21680.3,48.9629,0.370422
10770000,56,254.412,-21684.4,52.5324,0.3722
10785000,54,231.087,-21698.6,53.6563,0.370867
10800000,52,238.396,-21704,56.1396,0.38924
10815000,67,299.822,-21662.9,71.824,0.396333
10830000,54,244.343,-21667.8,62.2122,0.398733
10845000,61,274.707,-21662,61.8895,0.380267
10860000,57,258.05,-21662.4,72.615,0.383267
10875000,46,209.233,-21705.8,49.2992,0.38397
10890000,45,204.539,-21709,62.1126,0.377667
10905000,45,202.702,-21713.5,53.4348,0.377333
10920000,71,300.858,-21647.8,82.0701,0.390267
10935000,73,323.51,-21654.1,82.9809,0.393533
10950000,81,343.147,-21648.4,82.253,0.3926
10965000,87,374.771,-21654.1,84.1233,0.4032
10980000,67,290.543,-21675.3,65.6196,0.399467
10995000,62,274.601,-21666.5,72.5768,0.399
11010000,67,290.642,-21669.6,59.6671,0.3942
11025000,66,257.623,-21677.8,60.2933,0.386333
11040000,55,227.544,-21707.7,49.3235,0.384644
11055000,57,237.318,-21667,51.726,0.366574
11070000,57,240.719,-21666.6,51.6992,0.376667
11085000,61,256.869,-21676,71.4969,0.384933
11100000,54,240.885,-21694,49.8566,0.394683
11115000,68,301.046,-21697.7,77.3621,0.396
11130000,54,248.695,-21717.1,55.7295,0.3914
11145000,71,335.563,-21662.1,73.7248,0.388758
11160000,63,271.238,-21677.3,68.6758,0.393413
11175000,63,276.57,-21661.5,66.0919,0.400167
11190000,54,242.764,-21690.3,46.9936,0.3914
11205000,65,275.173,-21688.6,64.866,0.389556
11220000,71,310.721,-21675.6,69.9647,0.399933
11235000,51,230.584,-21674.3,49.1883,0.39485
11250000,49,216.104,-21687.2,51.4513,0.3778
11265000,67,296.135,-21670.7,66.2911,0.392044
11280000,66,280.284,-21686.2,70.9395,0.384867
11295000,50,213.107,-21689.5,50.1762,0.387629
11310000,69,306.993,-21672,66.1256,0.390633
11325000,59,250.921,-21693.1,61.8754,0.388253
11340000,62,264.844,-21673.6,68.2798,0.3926
11355000,59,235.846,-21686.9,55.9175,0.379733
11370000,68,291.483,-21694.4,72.3103,0.402733
11385000,50,216.993,-21672.8,41.0238,0.390867
11400000,57,256.013,-21693.9,62.8603,0.38084
11415000,62,279.701,-21705.8,58.4664,0.396333
11430000,63,270.827,-21709.1,71.3925,0.391356
11445000,66,293.37,-21697.8,74.3464,0.392627
11460000,52,228.835,-21688.6,54.6975,0.4031
11475000,62,268.916,-21665.5,63.6605,0.388183
11490000,77,349.614,-21645,83.1622,0.395733
11505000,59,239.272,-21663.9,48.9174,0.411333
11520000,49,204.714,-21713.5,42.3969,0.388967
11535000,57,246.114,-21665.6,65.2143,0.382367
11550000,86,370.11,-21682.3,81.5398,0.4048
11565000,62,274.366,-21691.6,69.703,0.388133
11580000,66,284.085,-21670.7,67.8844,0.3959
11595000,69,291.861,-21659.1,59.3975,0.401133
11610000,38,175.504,-21722.1,41.2536,0.393033
11625000,68,305.626,-21652.1,72.715,0.385233
11640000,74,331.062,-21665.9,77.9114,0.414133
11655000,61,256.169,-21708,63.7084,0.389333
11670000,63,287.156,-21715.5,75.547,0.403333
11685000,59,246.585,-21716.1,52.0326,0.39
11700000,56,240.061,-21682.6,61.9116,0.395233
11715000,50,208.043,-21697.2,49.4369,0.38748
11730000,45,198.047,-21728.4,44.9005,0.406311
11745000,50,216.636,-21697.7,58.4671,0.374667
11760000,62,265.569,-21681.1,64.8628,0.396467
11775000,66,300.622,-21658.8,74.6985,0.402067
11790000,77,351.925,-21672.2,79.7742,0.4044
11805000,51,234.237,-21736.6,58.647,0.390133
11820000,82,380.142,-21671.7,92.9337,0.4095
11835000,77,345.955,-21674.2,68.1904,0.4202
11850000,58,248.194,-21688.7,48.4393,0.395467
11865000,68,300.026,-21699.2,80.1316,0.391267
11880000,64,293.028,-21713.7,58.3834,0.400867
11895000,61,267.539,-21673.9,72.4931,0.38866
11910000,51,224.221,-21697.2,59.6445,0.383333
11925000,58,246.403,-21688.2,54.5453,0.393333
11940000,56,235.78,-21689.3,58.1137,0.387
11955000,61,258.436,-21656.5,50.8955,0.38375
11970000,59,262.429,-21666.8,70.3829,0.3902
11985000,63,258.433,-21692.3,59.8329,0.385933
12000000,70,311.235,-21664.6,83.336,0.3884
12015000,68,298.889,-21687.3,66.4124,0.3958
12030000,69,312.196,-21693.6,57.7903,0.396733
12045000,50,225.619,-21690.9,45.772,0.392686
12060000,69,301.652,-21681.3,69.766,0.3985
12075000,75,333.332,-21683.9,58.5522,0.395867
12090000,57,252.302,-21693.9,64.3657,0.390754
12105000,49,209.384,-21713.9,44.564,0.384283
12120000,64,289.68,-21714,74.4489,0.404133
12135000,51,219.936,-21683.1,50.0025,0.39325
12150000,48,212.736,-21693.2,44.72,0.377467
12165000,58,244.805,-21688.3,61.013,0.378533
12180000,64,276.998,-21671.6,60.1889,0.378013
12195000,80,353.659,-21685.5,90.8442,0.403967
12210000,68,303.673,-21670.8,60.2079,0.402033
12225000,72,340.259,-21693.9,61.3443,0.409267
12240000,75,345.385,-21676.8,63.6333,0.410433
12255000,88,397.248,-21650.1,88.6246,0.411
12270000,81,362.013,-21648.5,94.3202,0.4178
12285000,70,320.56,-21641.1,81.2128,0.392667
12300000,45,205.199,-21712.6,48.2947,0.394333
12315000,57,242.349,-21665.2,45.0265,0.385433
12330000,60,281.324,-21692.7,60.7488,0.3825
12345000,62,275.265,-21679.9,53.9505,0.374567
12360000,70,305.148,-21691.8,79.9447,0.387867
12375000,72,335.949,-21679.6,87.6127,0.396733
12390000,46,195.316,-21674.9,41.1324,0.384022
12405000,61,268.157,-21700.9,56.9821,0.374467
12420000,59,270.241,-21680.1,70.7845,0.377533
12435000,61,278.083,-21654.7,58.3463,0.373
12450000,77,342.012,-21679.2,84.7941,0.392933
12465000,57,245.21,-21694.7,49.6299,0.375827
12480000,59,237.857,-21696.5,63.1564,0.392067
12495000,67,293.662,-21705.8,61.5288,0.399467
12510000,76,341.861,-21663.2,71.1481,0.406483
12525000,57,265.056,-21710.9,54.636,0.403033
12540000,55,239.724,-21706.2,52.6687,0.393533
12555000,60,270.412,-21678.4,63.9496,0.398178
12570000,75,351.572,-21690.6,72.1837,0.399533
12585000,61,271.438,-21678.5,63.5163,0.3982
12600000,59,275.2,-21671.2,60.8077,0.386133
12615000,53,218.631,-21704.3,68.5094,0.390867
12630000,56,241.143,-21705.5,47.9934,0.388067
12645000,52,223.401,-21703.6,50.1047,0.3854
12660000,67,296.822,-21690,67.2215,0.394072
12675000,57,253.999,-21708.7,44.4924,0.394433
12690000,52,227.895,-21689.5,52.4578,0.386133
12705000,60,251.173,-21679.1,56.4026,0.397289
12720000,76,323.103,-21666.8,67.2623,0.391444
12735000,68,302.341,-21678.6,71.0802,0.400156
12750000,72,299.698,-21672.8,65.3478,0.398833
12765000,50,223.12,-21710.4,39.7186,0.396967
12780000,67,294.757,-21675.9,70.9709,0.389467
12795000,75,317.944,-21656.7,86.0932,0.391733
12810000,74,313.738,-21677.7,63.4359,0.398267
12825000,51,219.156,-21689.5,50.8812,0.387283
12840000,71,293.334,-21647.2,80.0112,0.392067
12855000,76,323.797,-21658,78.635,0.401267
12870000,69,288.706,-21664.6,65.5626,0.397448
12885000,74,308.464,-21685.7,60.1075,0.402533
12900000,56,259.906,-21719.2,51.4754,0.386213
12915000,67,302.845,-21653.5,70.2993,0.4024
12930000,66,296.28,-21668.3,67.5896,0.399067
12945000,63,263.086,-21681.1,67.7104,0.396478
12960000,68,282.666,-21664.6,61.8214,0.377533
12975000,68,281.94,-21657.1,65.9613,0.387467
12990000,69,296.121,-21635.1,55.1247,0.375
13005000,61,265.714,-21714.1,64.7489,0.394347
13020000,50,202.655,-21685.1,52.0528,0.393133
13035000,54,239.633,-21689.9,62.3617,0.379733
13050000,43,185.079,-21751.8,51.3363,0.384807
13065000,70,311.077,-21624.5,88.6267,0.390253
13080000,60,264.674,-21674,73.3804,0.391867
13095000,67,313.93,-21686,74.0499,0.393333
13110000,69,298.52,-21679.4,77.1006,0.4014
13125000,82,344.865,-21620.2,88.4823,0.395183
13140000,63,271.591,-21692.3,62.7158,0.4014
13155000,70,315.344,-21610.7,73.8692,0.393
13170000,71,313.866,-21610.5,76.2074,0.3778
13185000,72,330.126,-21608.7,74.9928,0.378733
13200000,64,284.364,-21617.8,59.2482,0.3756
13215000,72,311.801,-21609,81.6302,0.373467
13230000,82,358.769,-21627.1,78.6391,0.401067
13245000,71,325.284,-21620.5,73.8244,0.3812
13260000,59,262.102,-21665.1,65.9033,0.381433
13275000,78,342.286,-21660.6,74.5527,0.399067
13290000,79,339.066,-21666,87.552,0.399467
13305000,66,290.388,-21669.9,64.5548,0.390667
13320000,72,309.846,-21659.5,71.3847,0.38368
13335000,66,279.715,-21673.5,62.8092,0.398933
13350000,65,290.094,-21685.8,67.6578,0.397933
13365000,78,332.708,-21633.6,71.2751,0.39
13380000,76,338.637,-21644.5,75.3548,0.396467
13395000,70,291.862,-21650.9,69.4349,0.3802
13410000,54,241.064,-21683.5,68.0565,0.384667
13425000,38,164.984,-21706.9,36.6002,0.381776
13440000,60,262.963,-21641,64.7576,0.384133
13455000,56,232.511,-21646,52.6661,0.364333
13470000,70,303.411,-21647,70.7679,0.382867
13485000,71,293.556,-21657.2,86.2807,0.392867
13500000,68,308.365,-21671,72.6614,0.388222
13515000,68,287.367,-21633.7,65.0411,0.386667
13530000,54,244.068,-21685.4,66.1152,0.396867
13545000,59,263.776,-21641.9,50.4238,0.385167
13560000,59,260.457,-21678.6,46.4052,0.388067
13575000,77,337.272,-21659.3,77.9506,0.386033
13590000,70,325.053,-21680.5,85.1344,0.397533
13605000,71,304.649,-21660.2,78.5234,0.394067
13620000,67,297.04,-21661.3,56.265,0.393267
13635000,66,303.502,-21645.9,63.3005,0.394133
13650000,59,246.69,-21709.9,68.5484,0.386591
13665000,63,274.022,-21725.8,56.1919,0.394133
13680000,56,232.422,-21700.5,53.61,0.399667
13695000,56,247.378,-21702.2,50.0519,0.3932
13710000,57,253.159,-21654.5,61.2139,0.38248
13725000,72,298.78,-21633.6,74.6027,0.3714
13740000,72,292.004,-21647.7,66.0226,0.392667
13755000,67,301.5,-21650.4,59.136,0.388233
13770000,77,316.748,-21664.8,88.3542,0.403967
13785000,76,311.162,-21690.6,74.5811,0.4132
13800000,54,246.273,-21684.6,55.9101,0.398524
13815000,60,263.177,-21675,64.8219,0.396517
13830000,58,243.937,-21686.4,62.2482,0.389433
13845000,61,256.348,-21688.5,51.7184,0.4051
13860000,76,328.549,-21678.7,63.1283,0.3978
13875000,68,306.549,-21690.6,55.7521,0.389283
13890000,63,286.788,-21685.7,65.0529,0.387867
13905000,58,259.7,-21688.4,57.698,0.395467
13920000,65,277.598,-21693.6,69.3829,0.391467
13935000,68,291.165,-21682,78.8532,0.408653
13950000,66,269.282,-21673.7,72.4031,0.389867
13965000,61,262.16,-21665.4,63.4368,0.386733
13980000,53,226.75,-21718.1,51.1945,0.403267
13995000,64,260.158,-21655.2,64.7906,0.388133
14010000,55,241.931,-21701.7,50.3301,0.39265
14025000,79,345.619,-21657.4,86.4704,0.3896
14040000,74,334.497,-21632.3,66.7996,0.3886
14055000,83,374.799,-21650.1,77.3901,0.3992
14070000,67,281.311,-21701,56.8697,0.390522
14085000,68,296.501,-21701.9,71.8369,0.4124
14100000,62,267.552,-21669.4,73.9569,0.401956
14115000,69,314.363,-21687.8,68.1637,0.391514
14130000,70,296.912,-21695,77.5094,0.388133
14145000,60,257.802,-21679.5,64.8096,0.3809
14160000,60,261.584,-21682.9,62.1382,0.3876
14175000,47,196.211,-21688.3,56.1973,0.375613
14190000,60,266.998,-21700.6,55.1312,0.3891
14205000,55,237.595,-21682.8,55.1836,0.394667
14220000,62,270.263,-21676.3,63.7142,0.371267
14235000,72,318.699,-21678,95.8535,0.389833
14250000,75,332.562,-21672.6,76.2293,0.4074
14265000,71,306.852,-21684.3,66.2621,0.4128
14280000,72,326.429,-21668.2,85.5098,0.3996
14295000,52,225.381,-21721.7,58.3385,0.388382
14310000,52,226.535,-21681.8,42.8439,0.389544
14325000,60,272.439,-21691.8,63.0819,0.381
14340000,54,224.66,-21676.1,67.5458,0.395883
14355000,56,244.846,-21720.5,51.5825,0.39215
14370000,59,247.189,-21701.6,61.9463,0.3876
14385000,46,185.457,-21687.3,50.436,0.382533
14400000,58,249.438,-21711.2,56.9843,0.384333
14415000,66,303.22,-21686.3,68.9741,0.389211
14430000,85,373.471,-21673.4,71.1898,0.397978
14445000,68,298.682,-21703.9,63.5787,0.410833
14460000,60,257.248,-21706,70.7334,0.38765
14475000,75,331.619,-21696,94.334,0.416067
14490000,70,313.084,-21667.8,75.1081,0.390533
14505000,65,274.66,-21666.1,58.4081,0.401467
14520000,73,311.586,-21678.1,84.7604,0.398867
14535000,71,306.895,-21650.6,82.3917,0.392467
14550000,52,225.358,-21670.4,56.7249,0.377267
14565000,58,239.039,-21667.5,53.7981,0.374257
14580000,47,203.778,-21699.8,42.0005,0.375067
14595000,58,262.23,-21678.6,53.3467,0.386867
14610000,67,287.454,-21678.6,66.4701,0.404667
14625000,55,238.92,-21689.4,74.9663,0.383633
14640000,51,229.798,-21708.3,44.9407,0.3971
14655000,48,208.715,-21696.7,40.4393,0.392533
14670000,51,216.879,-21713.7,32.818,0.381
14685000,65,282.571,-21716.9,70.0235,0.399867
14700000,68,275.705,-21704.4,65.6354,0.412267
14715000,58,256.156,-21688.4,58.2311,0.3878
14730000,64,298.493,-21703.8,61.4045,0.404933
14745000,64,282.743,-21677.4,60.8175,0.401333
14760000,62,273.528,-21677.5,58.5593,0.396267
14775000,63,268.079,-21676.8,55.7684,0.392767
14790000,59,270.942,-21694.5,76.6161,0.4036
14805000,55,236.776,-21705,64.2982,0.390248
14820000,46,187.048,-21705.7,63.6985,0.3984
14835000,65,260.506,-21669.4,66.6792,0.390311
14850000,64,286.956,-21705.4,73.0849,0.3969
14865000,45,196.404,-21684.6,26.9445,0.368983
14880000,58,250.033,-21674,64.7789,0.383267
14895000,64,273.602,-21697.9,60.9941,0.3882
14910000,60,274.076,-21677.1,63.5533,0.3894
14925000,62,250.069,-21738.9,77.0956,0.402267
14940000,68,292.26,-21709.5,63.8549,0.412333
14955000,62,254.505,-21684.7,60.7731,0.386889
14970000,54,230.448,-21715.9,67.2608,0.393281
14985000,57,249.994,-21726.6,66.9532,0.402111
15000000,64,284.11,-21725.2,81.8948,0.405267
15015000,68,308.015,-21714.1,74.6889,0.4066
15030000,63,269.481,-21707.2,55.3461,0.4146
15045000,66,282.73,-21702.1,70.7946,0.399333
15060000,59,259.603,-21700.1,52.4746,0.396238
15075000,54,235.47,-21698.6,46.1401,0.402167
15090000,64,273.608,-21674.4,60.9125,0.392767
15105000,64,279.65,-21667.8,56.7615,0.398
15120000,66,281.454,-21669.4,63.6715,0.403267
15135000,61,253.554,-21693.6,70.2453,0.390709
15150000,59,244.978,-21689,68.3419,0.397733
15165000,53,239.492,-21696.5,64.875,0.386667
15180000,68,279.382,-21677.2,80.5412,0.386924
15195000,60,268.742,-21665.3,70.7183,0.392453
15210000,63,291.359,-21684,63.1883,0.3927
15225000,61,245.426,-21677.1,64.0037,0.388133
15240000,65,283.826,-21679.6,66.3514,0.385733
15255000,66,301.355,-21675.4,67.4948,0.386867
15270000,45,187.367,-21678.3,35.1766,0.3876
15285000,54,246.368,-21686.7,70.7517,0.378067
15300000,70,310.226,-21690.6,58.9181,0.392267
15315000,66,291.799,-21685.8,74.5039,0.389
15330000,55,228.286,-21661.1,59.7981,0.390133
15345000,46,208.359,-21695.2,42.2152,0.381567
15360000,67,281.246,-21661.3,75.6905,0.375133
15375000,53,235.218,-21685.3,58.9097,0.3824
15390000,65,280.477,-21675,57.067,0.379133
15405000,59,250.095,-21677,61.4715,0.3902
15420000,60,253.063,-21665.4,62.8946,0.375867
15435000,49,216.033,-21719.4,47.0671,0.374367
15450000,62,272.875,-21659.5,67.4912,0.387767
15465000,72,335.344,-21681.5,54.0655,0.383292
15480000,64,286.478,-21695.6,80.1013,0.397667
15495000,41,178.316,-21715.7,58.6524,0.37105
15510000,56,248.436,-21671.4,60.7234,0.392633
15525000,74,332.194,-21655.4,69.5611,0.397067
15540000,65,285.447,-21667.5,69.8785,0.391517
15555000,67,297.698,-21661.9,71.0397,0.3931
15570000,65,287.77,-21674.5,57.7568,0.402933
15585000,60,268.716,-21705.2,54.9434,0.38
15600000,62,250.13,-21683.8,54.4303,0.383433
15615000,60,257.069,-21676.5,56.1606,0.391933
15630000,73,312.539,-21652.2,66.5184,0.399244
15645000,86,372.301,-21654.3,97.4354,0.4082
15660000,82,360.031,-21681.7,81.8942,0.408933
15675000,78,360.059,-21678.5,74.0681,0.412933
15690000,50,223.926,-21683.5,59.8019,0.381
15705000,56,242.718,-21687.3,54.7986,0.3788
15720000,57,253.989,-21688.3,46.8685,0.402378
15735000,56,252.498,-21687.5,58.8818,0.384067
15750000,66,295.93,-21674.2,72.1564,0.396356
15765000,70,306.73,-21660.2,69.6988,0.395333
15780000,65,290.152,-21649.9,63.6308,0.406533
15795000,44,197.485,-21689,48.7942,0.384033
15810000,47,212.386,-21694.3,54.5481,0.3748
15825000,65,278.752,-21663.7,55.8118,0.387667
15840000,53,227.287,-21682.3,50.1715,0.395378
15855000,48,212.536,-21686,45.2345,0.369
15870000,49,222.18,-21683,45.1546,0.395378
15885000,47,197.101,-21689.5,51.536,0.380867
15900000,45,207.267,-21707.6,47.2738,0.376022
15915000,46,195.319,-21716.5,51.106,0.354933
15930000,39,176.905,-21703.3,42.0867,0.3632
15945000,60,266.265,-21687.8,38.57,0.388033
15960000,57,257.956,-21682.1,61.2901,0.384267
15975000,52,227.723,-21711.4,46.0561,0.389822
15990000,62,265.481,-21700,83.8641,0.400533
16005000,58,256.838,-21672.6,55.5468,0.3792
16020000,59,250.555,-21684.3,58.7509,0.4055
16035000,59,243.701,-21679.9,46.5957,0.39656
16050000,55,240.098,-21680.1,39.5029,0.394567
16065000,62,266.72,-21676.3,42.2904,0.390367
16080000,56,243.453,-21686.6,58.7157,0.3984
16095000,63,271.231,-21696.6,65.5501,0.385711
16110000,69,291.269,-21695.9,78.1077,0.3988
16125000,62,267.252,-21698.8,67.4507,0.4056
16140000,68,290.612,-21670.1,76.8344,0.39616
16155000,78,336.998,-21664.5,89.5286,0.4184
16170000,68,301.926,-21659.9,59.3944,0.403733
16185000,48,190.724,-21697.7,51.5541,0.384613
16200000,58,246.891,-21698.3,58.5541,0.386267
16215000,58,251.391,-21681.5,51.283,0.397867
16230000,54,245.545,-21680.8,55.5097,0.3804
16245000,63,262.56,-21667,66.2482,0.3888
16260000,55,242.55,-21699.1,60.7393,0.39
16275000,46,201.071,-21682.5,50.7706,0.368711
16290000,57,247.737,-21701.3,55.9259,0.391333
16305000,71,302.472,-21678,66.5923,0.384444
16320000,66,270.1,-21666.4,60.9418,0.416667
16335000,72,316.724,-21668.7,71.352,0.390533
16350000,58,252.681,-21663,62.4329,0.389827
16365000,60,259.086,-21674,53.2404,0.3948
16380000,59,254.848,-21689.4,50.0103,0.401789
16395000,60,260.788,-21650.6,65.2882,0.394378
16410000,58,258.395,-21653.4,63.719,0.384711
16425000,64,269.067,-21699.5,58.0907,0.393467
16440000,69,302.72,-21653.2,57.5617,0.382367
16455000,72,322.597,-21676.4,79.2689,0.3882
16470000,78,340.546,-21653.5,76.9085,0.400133
16485000,71,308.038,-21677.5,65.8533,0.384889
16500000,64,281.919,-21669.7,57.9501,0.40104
16515000,73,323.858,-21685.9,68.4901,0.402133
16530000,60,247.17,-21681.9,56.5658,0.398644
16545000,60,255.801,-21685.9,62.2255,0.398567
16560000,51,230.367,-21674.5,57.0958,0.392911
16575000,62,271.393,-21682.1,56.8277,0.406978
16590000,66,273.924,-21649.9,54.3413,0.390778
16605000,55,236.657,-21666.3,55.8013,0.377733
16620000,59,253.876,-21674.9,60.2291,0.376333
16635000,55,254.961,-21693,55.7173,0.3836
16650000,60,274.972,-21676.1,54.3598,0.394817
16665000,58,254.802,-21662.6,56.9755,0.389133
16680000,42,173.748,-21740,45.469,0.385924
16695000,70,308.229,-21673.2,49.9338,0.3877
16710000,65,291.771,-21683.1,60.9929,0.387267
16725000,52,227.962,-21691.4,51.8024,0.381078
16740000,72,311.129,-21666.9,92.9407,0.3964
16755000,70,303.655,-21683.5,73.9863,0.3946
16770000,84,376.809,-21704.7,74.9404,0.391233
16785000,73,327.94,-21681.9,70.8646,0.399133
16800000,60,260.783,-21667.7,69.556,0.3912
16815000,60,258.536,-21675.1,56.0308,0.375867
16830000,70,322.032,-21690.4,74.5288,0.415317
16845000,51,231.147,-21689.7,45.006,0.387167
16860000,48,198.435,-21677.5,51.8201,0.377829
16875000,48,201.977,-21696.6,47.3868,0.3697
16890000,56,251.012,-21676.5,47.2506,0.378467
16905000,63,278.822,-21693.4,63.6637,0.3912
16920000,64,283.426,-21690.4,76.1451,0.398244
16935000,69,308.428,-21700.7,67.1628,0.385417
16950000,63,272.163,-21692.9,52.8184,0.401533
16965000,60,246.113,-21673.6,54.4223,0.394333
16980000,53,230.439,-21654.2,47.8418,0.381613
16995000,74,331.669,-21647.8,68.1919,0.374067
17010000,74,323.69,-21632.9,76.067,0.410133
17025000,51,202.132,-21691.2,46.9325,0.3891
17040000,63,273.76,-21686.2,65.0113,0.395642
17055000,64,269.12,-21660.6,78.9525,0.394044
17070000,55,230.739,-21690.7,59.7658,0.3888
17085000,71,304.175,-21637.8,63.9958,0.397633
17100000,66,292.012,-21640.3,72.9105,0.389467
17115000,67,294.347,-21651.8,76.9254,0.3816
17130000,72,324.673,-21676.6,80.4912,0.397267
17145000,58,261.587,-21709.3,59.8341,0.4002
17160000,58,257.316,-21691.7,62.2728,0.395033
17175000,70,302.559,-21664.5,74.7082,0.395356
17190000,75,332.486,-21671.1,79.8714,0.401533
17205000,69,285.021,-21678,67.0726,0.394467
17220000,54,232.396,-21683.1,64.1817,0.3924
17235000,60,268.775,-21677.3,56.594,0.409767
17250000,58,251.859,-21680.8,54.7099,0.387933
17265000,47,197.868,-21713.9,59.6821,0.380533
17280000,54,229.311,-21722.3,44.3103,0.390067
17295000,48,207.704,-21679.8,34.9373,0.3961
17310000,55,236.181,-21698.6,69.7073,0.393283
17325000,50,205.134,-21678.1,44.1426,0.384289
17340000,58,257.284,-21659.9,63.44,0.385133
17355000,53,234.57,-21668.4,65.9002,0.383267
17370000,64,280.782,-21672,59.5941,0.397533
17385000,56,241.536,-21676.1,63.207,0.374373
17400000,60,259.481,-21675.6,57.3711,0.395667
17415000,74,340.39,-21674.9,90.2392,0.398744
17430000,59,265.197,-21684.7,54.4467,0.400933
17445000,56,239.045,-21718.5,48.2241,0.401133
17460000,54,226.814,-21692,54.7854,0.390033
17475000,44,184.208,-21710.3,36.2803,0.392933
17490000,55,224.286,-21686.5,61.6913,0.397467
17505000,55,257.225,-21678.9,49.9176,0.382233
17520000,71,304.285,-21709.1,78.2483,0.397067
17535000,64,281.87,-21683.1,72.1015,0.3906
17550000,42,185.244,-21711.2,42.9745,0.383733
17565000,56,248.774,-21679.3,52.3351,0.385333
17580000,55,235.96,-21668.6,47.436,0.387933
17595000,58,246.582,-21685.4,62.8407,0.382667
17610000,48,205.956,-21709.7,44.5212,0.382567
17625000,57,238.962,-21701.1,59.6977,0.388467
17640000,59,285.79,-21690.6,61.7498,0.379733
17655000,49,208.944,-21657.4,51.1982,0.3826
17670000,56,245.122,-21679.1,41.4917,0.389133
17685000,66,261.274,-21673.3,68.528,0.39065
17700000,62,253.696,-21687.8,73.2527,0.3984
17715000,65,270.394,-21688.6,72.6416,0.398
17730000,58,267.56,-21705.2,67.8449,0.4016
17745000,65,262.343,-21699.6,60.091,0.391067
17760000,61,278.052,-21656.6,50.3454,0.392878
17775000,60,263.939,-21674,50.2092,0.387867
17790000,45,206.814,-21720.6,50.2699,0.393711
17805000,43,189.961,-21698.1,45.5317,0.3728
17820000,52,237.463,-21686.2,48.753,0.370067
17835000,50,211.899,-21702.6,53.6446,0.396367
17850000,46,199.553,-21703.5,47.5013,0.390733
17865000,44,201.292,-21718.1,37.7915,0.376733
17880000,48,218.452,-21710.4,56.8224,0.3722
17895000,58,265.857,-21669.9,66.7043,0.3658
17910000,48,206.062,-21705.1,47.6775,0.378767
17925000,52,238.008,-21662.1,45.948,0.3746
17940000,47,205.153,-21699.1,35.2945,0.384567
17955000,62,266.881,-21701.5,57.8104,0.3926
17970000,58,243.911,-21692.7,56.9741,0.388067
17985000,59,270.21,-21675.1,72.9401,0.383217
18000000,55,252.605,-21658,42.4581,0.383467
18015000,62,265.968,-21675,60.9766,0.39
18030000,57,241.048,-21675.4,54.5309,0.3872
18045000,40,178.159,-21667,40.4931,0.37
18060000,54,232.336,-21684,57.4709,0.372067
18075000,55,233.143,-21671.4,58.293,0.383933
18090000,65,266.184,-21681.2,56.2605,0.397267
18105000,59,277.146,-21691.9,63.2126,0.3946
18120000,45,205.947,-21702.4,53.5539,0.38238
18135000,78,347.699,-21685.5,63.9278,0.400233
18150000,63,281.175,-21679,75.861,0.403
18165000,63,291.124,-21688.9,58.5224,0.384383
18180000,69,293.226,-21708.2,64.5153,0.38585
18195000,58,254.842,-21684,64.7697,0.392167
18210000,61,273.132,-21665.8,76.3001,0.388
18225000,59,256.41,-21683.8,60.8689,0.389333
18240000,51,228.213,-21686.9,64.5027,0.389067
18255000,58,263.058,-21675.7,67.2645,0.393107
18270000,72,298.139,-21662,65.7713,0.396833
18285000,63,265.882,-21644.6,68.0977,0.403059
18300000,75,350.306,-21682.8,83.8527,0.387267
18315000,61,259.842,-21671.8,57.6476,0.402
18330000,65,293.071,-21666.5,59.3902,0.396533
18345000,52,225.306,-21689.5,59.8052,0.395967
18360000,61,258.612,-21686.6,60.1923,0.375
18375000,55,244.609,-21694,69.6612,0.377367
18390000,63,285.131,-21678.7,42.6114,0.390133
18405000,54,235.173,-21678.8,49.2197,0.394333
18420000,61,269.525,-21689.2,70.0601,0.393467
18435000,66,294.343,-21661.1,63.0266,0.383453
18450000,57,238.579,-21647,43.8087,0.3846
18465000,68,293.539,-21649.2,76.5449,0.374467
18480000,67,299.842,-21677.8,77.7337,0.400767
18495000,54,221.371,-21659.9,66.7866,0.382267
18510000,63,258.319,-21658,76.9992,0.377467
18525000,56,241.173,-21674.7,54.813,0.385978
18540000,61,249.416,-21658.2,56.099,0.3839
18555000,60,248.493,-21682.1,61.1751,0.383933
18570000,56,247.021,-21652.9,43.1608,0.377467
18585000,58,255.143,-21678.9,52.0729,0.374467
18600000,68,311.069,-21657.2,76.512,0.387667
18615000,53,239.052,-21700.1,55.3449,0.381217
18630000,57,237.65,-21696.9,58.8201,0.380761
18645000,69,301.195,-21667.8,66.3537,0.390978
18660000,64,285.507,-21662.2,58.3071,0.399533
18675000,69,308.917,-21656.2,61.87,0.385533
18690000,63,284.092,-21653.7,60.082,0.3834
18705000,61,262.754,-21651.8,51.6434,0.391933
18720000,72,327.593,-21702.3,69.9481,0.404343
18735000,62,268.31,-21640.5,53.543,0.385933
18750000,68,315.054,-21662.9,63.0301,0.3948
18765000,65,284.056,-21670,59.0711,0.405333
18780000,66,306.442,-21693,58.0779,0.404533
18795000,70,300.422,-21703.7,65.0209,0.397567
18810000,62,268.056,-21687,65.13,0.396267
18825000,49,203.926,-21699.6,35.6818,0.388756
18840000,48,211.997,-21674.5,50.7883,0.382433
18855000,62,257.444,-21648.3,65.7621,0.379147
18870000,70,314.916,-21659.8,82.0316,0.3994
18885000,81,378.299,-21661.6,88.5265,0.410667
18900000,76,340.132,-21680.5,76.9819,0.407267
18915000,57,243.911,-21636.5,60.1146,0.3864
18930000,63,277.06,-21681.4,58.8526,0.380707
18945000,54,239.193,-21689.6,40.7204,0.390267
18960000,61,263.707,-21672.7,51.0073,0.387763
18975000,57,239.219,-21668.1,57.3984,0.3812
18990000,54,240.308,-21672.2,59.7754,0.371867
19005000,56,242.308,-21670.3,58.0857,0.372
19020000,51,229.238,-21692.3,48.0612,0.3868
19035000,55,238.079,-21677.2,38.8455,0.374267
19050000,58,255.104,-21670.9,57.1494,0.387067
19065000,46,201.176,-21681.1,47.7239,0.379444
19080000,44,193.01,-21661.4,40.6762,0.368667
19095000,49,206.766,-21677.2,39.6112,0.3616
19110000,49,212.103,-21682,66.0511,0.3662
19125000,51,222.213,-21663,42.1629,0.377507
19140000,59,258.019,-21655.1,69.2429,0.377333
19155000,54,232.24,-21665.2,57.9416,0.37035
19170000,54,236.79,-21680.9,58.1021,0.383417
19185000,66,296.511,-21673.8,72.3991,0.3761
19200000,63,269.12,-21652.6,62.1185,0.373733
19215000,51,209.572,-21677.5,51.2744,0.369733
19230000,63,261.233,-21674.7,53.6275,0.384867
19245000,63,278.628,-21663.8,74.0346,0.379667
19260000,51,214.502,-21663.9,55.4517,0.3787
19275000,55,229.385,-21678.2,58.5791,0.3677
19290000,66,293.485,-21682.2,58.3282,0.387658
19305000,51,227.917,-21682.8,64.0084,0.374422
19320000,65,294.768,-21698,72.524,0.4008
19335000,54,222.016,-21678.4,61.9403,0.402533
19350000,66,289.307,-21656.5,66.3476,0.37192
19365000,58,254.372,-21674.6,52.7171,0.395433
19380000,72,328.735,-21657.8,91.609,0.392867
19395000,69,302.255,-21650.4,74.1974,0.405867
19410000,57,251.08,-21653.2,59.8198,0.402
19425000,44,202.373,-21659.4,49.3671,0.386667
19440000,49,209.888,-21686.9,49.5687,0.384567
19455000,49,221.263,-21667.3,50.0263,0.352833
19470000,59,257.131,-21705.1,55.9943,0.370424
19485000,57,251.252,-21674.7,49.2865,0.377889
19500000,50,205.805,-21683.3,48.1977,0.383767
19515000,60,249.575,-21656.7,61.9011,0.368467
19530000,57,246.108,-21643.1,59.8296,0.3828
19545000,51,215.009,-21679.6,41.8092,0.3704
19560000,53,218.393,-21703.7,40.037,0.387013
19575000,53,240.786,-21681.9,47.4705,0.378567
19590000,56,266.068,-21721.5,48.969,0.381956
19605000,47,192.425,-21701.5,52.0914,0.369889
19620000,63,281.832,-21667,80.0068,0.391333
19635000,57,257.523,-21679.5,55.7765,0.376067
19650000,59,246.728,-21662.8,60.4651,0.3928
19665000,63,274.321,-21668.7,52.3142,0.3872
19680000,59,256.814,-21682.9,53.0114,0.394267
19695000,53,221.152,-21649.4,55.475,0.3659
19710000,59,263.524,-21679.4,49.3512,0.3734
19725000,61,263.783,-21662.2,46.7808,0.372467
19740000,71,311.437,-21666.3,76.7599,0.3806
19755000,64,285.662,-21676.7,62.1406,0.394133
19770000,63,278.686,-21666.9,65.6522,0.388367
19785000,54,220.251,-21665.6,52.1241,0.381167
19800000,69,304.489,-21655.8,62.571,0.397967
19815000,64,288.431,-21673.2,65.3107,0.397733
19830000,71,313.032,-21682.2,62.3163,0.401667
19845000,74,319.357,-21662.6,81.148,0.421733
19860000,54,238.182,-21673.8,50.8761,0.38916
19875000,55,245.761,-21688.4,58.6967,0.387923
19890000,72,306.789,-21685.6,65.141,0.4016
19905000,78,346.961,-21678.5,92.458,0.401467
19920000,61,276.818,-21673.3,65.9757,0.392533
19935000,68,307.188,-21654.9,64.0515,0.398933
19950000,67,288.017,-21656.9,79.4502,0.397467
19965000,56,232.595,-21686.2,67.9163,0.386333
19980000,55,237.194,-21662,54.7585,0.388467
19995000,49,214.71,-21685.3,42.6113,0.384725
20010000,72,303.699,-21675.6,64.5146,0.3959
20025000,64,280.457,-21671.3,76.6339,0.3988
20040000,55,230.811,-21678,44.8372,0.383489
20055000,54,229.03,-21699.1,60.8795,0.385533
20070000,40,178.762,-21716.7,44.5638,0.395062
20085000,54,240.133,-21691.4,53.4925,0.387467
20100000,52,235.395,-21717.8,63.8176,0.387333
20115000,53,212.09,-21705.4,57.3424,0.380667
20130000,50,219.339,-21709.6,54.1838,0.3858
20145000,55,251.086,-21680.1,55.5094,0.376117
20160000,65,286.126,-21691.6,69.801,0.398267
20175000,63,288.841,-21710.7,53.2958,0.412933
20190000,59,269.541,-21653.1,72.3953,0.370711
20205000,67,294.191,-21687.3,73.2506,0.397838
20220000,61,256.849,-21676.5,69.4389,0.397867
20235000,65,297.404,-21679.8,60.0216,0.401933
20250000,55,242.716,-21664.3,50.1597,0.391867
20265000,52,221.663,-21681.7,56.2193,0.39404
20280000,49,220.442,-21671.3,56.269,0.3874
20295000,65,289.672,-21687.2,68.9709,0.372733
20310000,70,299.628,-21666.3,68.2725,0.397367
20325000,62,258.365,-21701,60.5108,0.393873
20340000,55,243.737,-21675.3,54.5822,0.3878
20355000,53,225.361,-21688.4,49.8714,0.384867
20370000,54,239.124,-21679.4,49.9379,0.375933
20385000,59,265.72,-21649.8,60.093,0.389573
20400000,51,216.793,-21644.7,49.6381,0.382933
20415000,65,305.073,-21675.5,64.2139,0.3886
20430000,53,246.438,-21681.3,51.2062,0.387467
20445000,54,234.39,-21662.8,59.2581,0.373644
20460000,48,220.856,-21683.2,54.4578,0.3713
20475000,50,224.677,-21693.3,52.617,0.373267
20490000,43,188.3,-21691.6,38.4706,0.373067
20505000,64,274.485,-21656.7,65.4505,0.3833
20520000,54,248.987,-21659.3,53.216,0.388333
20535000,53,212.239,-21675.6,49.5168,0.3802
20550000,55,243.272,-21649.5,53.1199,0.371133
20565000,59,253.18,-21695.5,67.5596,0.378452
20580000,70,327.304,-21655.6,76.8937,0.392067
20595000,65,294.602,-21650.2,59.3131,0.3996
20610000,65,281.14,-21669.2,61.4008,0.393467
20625000,43,191.352,-21722.5,47.509,0.388233
20640000,49,238.359,-21745.2,55.9731,0.394133
20655000,50,231.12,-21674.5,46.7181,0.387044
20670000,52,230.072,-21669,47.0776,0.3792
20685000,56,264.337,-21672.6,60.4171,0.388533
20700000,59,263.229,-21693.3,50.4928,0.378767
20715000,57,245.071,-21669.4,68.945,0.385667
20730000,67,296.893,-21682,66.1847,0.387289
20745000,63,265.495,-21678.5,55.3038,0.395433
20760000,66,280.333,-21684.3,66.6638,0.392
20775000,73,313.162,-21660.7,71.5281,0.400933
20790000,73,323.346,-21661.9,89.1736,0.412533
20805000,42,194.622,-21719.6,36.0041,0.386721
20820000,49,217.196,-21650.8,45.4331,0.382867
20835000,50,214.197,-21678.1,60.521,0.375533
20850000,77,340.853,-21678.3,94.2229,0.39155
20865000,44,187.772,-21682.1,46.6758,0.381633
20880000,69,292.03,-21674,71.4246,0.396733
20895000,47,201.025,-21682.6,64.3056,0.378233
20910000,43,194.415,-21705.9,55.7027,0.367819
20925000,52,229.703,-21675,53.9027,0.3674
20940000,58,262.182,-21678.9,63.816,0.391867
20955000,52,230.193,-21672.8,63.0808,0.3838
20970000,58,255.028,-21667.8,59.0239,0.380111
20985000,65,289.594,-21661.3,64.1613,0.3921
21000000,51,212.124,-21668,52.6601,0.391867
21015000,63,275.599,-21656,64.0731,0.393756
21030000,54,213.402,-21661.5,71.6703,0.374733
21045000,57,263.721,-21671.3,50.3368,0.399
21060000,55,249.864,-21679.6,46.7266,0.3841
21075000,56,234.888,-21676.7,57.5114,0.383067
21090000,62,272.815,-21663.7,61.6071,0.398467
21105000,62,270.128,-21671.2,61.9597,0.385867
21120000,64,284.245,-21668.2,59.2036,0.397467
21135000,53,234.216,-21672.5,49.3748,0.386133
21150000,48,223.16,-21716.1,52.5322,0.377717
21165000,49,209.581,-21667.9,46.8328,0.376467
21180000,53,223.244,-21694.7,59.9842,0.377667
21195000,53,220.175,-21691.9,57.6291,0.377133
21210000,49,218.926,-21689.3,45.8064,0.385067
21225000,53,216.876,-21687.1,47.1244,0.387467
21240000,60,257.096,-21693.9,62.4433,0.3908
21255000,55,225.985,-21738.4,46.3444,0.389105
21270000,54,244.691,-21690.8,54.0074,0.388433
21285000,50,220.417,-21671.2,49.7166,0.3784
21300000,56,248.774,-21669.1,61.8846,0.391733
21315000,54,238.287,-21692.2,56.086,0.4012
21330000,61,259.763,-21691.6,51.9489,0.3912
21345000,58,244.86,-21675.8,63.5698,0.389133
21360000,53,217.996,-21704.3,50.9586,0.392076
21375000,56,256.527,-21651.7,64.7371,0.388973
21390000,43,188.311,-21676.5,47.8789,0.386444
21405000,49,215.081,-21714.9,45.8011,0.391867
21420000,52,217.816,-21711.4,51.1073,0.381933
21435000,41,186.953,-21685.8,45.6368,0.382267
21450000,54,233.559,-21660.5,57.2697,0.3668
21465000,54,237.705,-21704,40.2168,0.374293
21480000,57,257.659,-21654.7,75.9064,0.379833
21495000,48,212.914,-21690.8,45.789,0.374033
21510000,61,266.424,-21660.4,55.5655,0.382133
21525000,49,216.885,-21662.6,60.9659,0.370867
21540000,66,281.777,-21675.8,63.9048,0.388533
21555000,59,268.333,-21669.6,59.9738,0.3861
21570000,61,287.526,-21664.9,62.0789,0.3858
21585000,51,236.335,-21669.5,58.4401,0.3824
21600000,57,244.116,-21692.1,58.2171,0.391367
21615000,49,217.332,-21688.9,36.9646,0.390733
21630000,48,219.131,-21685.6,34.238,0.376
21645000,62,284.362,-21690.7,62.7902,0.373833
21660000,52,223.461,-21688.1,46.3149,0.389367
21675000,58,255.381,-21684.2,62.6866,0.401233
21690000,43,197.158,-21700.3,52.3063,0.390633
21705000,55,234.484,-21678.5,70.5255,0.378067
21720000,51,230.983,-21684,54.4814,0.376267
21735000,59,251.781,-21671.3,60.8411,0.374667
21750000,62,248.937,-21650.1,75.9689,0.3798
21765000,60,260.696,-21657.2,58.4092,0.385067
21780000,58,258.496,-21677.3,67.9857,0.379283
21795000,56,230.775,-21668.3,49.4939,0.393367
21810000,64,270.064,-21680.5,59.1865,0.379133
21825000,61,264.915,-21661,62.3367,0.4038
21840000,70,298.423,-21658.8,85.1281,0.409867
21855000,57,244.745,-21653.8,55.6027,0.394867
21870000,49,206.474,-21674,48.1945,0.379667
21885000,60,271.197,-21690,68.1334,0.376533
21900000,55,245.235,-21734.6,52.4703,0.387683
21915000,63,280.921,-21669.1,64.8233,0.393833
21930000,41,171.048,-21654.4,42.185,0.382787
21945000,62,275.212,-21662.3,58.2995,0.3776
21960000,67,299.27,-21669.3,72.5678,0.3998
21975000,58,243.171,-21652.1,62.1532,0.4032
21990000,70,302.342,-21661.5,89.689,0.3896
22005000,63,278.219,-21676,69.0489,0.392781
22020000,50,209.567,-21684.1,42.2634,0.390733
22035000,56,245.111,-21682.6,73.4833,0.390867
22050000,70,299.754,-21692.1,56.3376,0.413133
22065000,51,215.415,-21687.7,47.4233,0.400333
22080000,44,190.518,-21692.2,51.782,0.383897
22095000,42,186.706,-21701.2,37.1733,0.370733
22110000,63,267.722,-21660.7,68.6846,0.396617
22125000,62,283.502,-21673.2,78.1256,0.3782
22140000,63,273.925,-21655.7,57.3414,0.391711
22155000,57,243.799,-21664.1,51.1571,0.3928
22170000,47,203.236,-21672,42.2947,0.3784
22185000,54,228.862,-21692.2,63.0535,0.378633
22200000,52,222.883,-21693.2,47.3076,0.380433
22215000,54,239.531,-21690.1,55.8765,0.385933
22230000,63,286.628,-21666.1,53.3472,0.396267
22245000,64,279.962,-21651.8,68.7034,0.385233
22260000,65,293.38,-21654.2,69.5944,0.399533
22275000,67,279.628,-21671.2,64.6775,0.396
22290000,54,228.524,-21674.2,52.2487,0.391867
22305000,62,261.976,-21652.8,65.352,0.394333
22320000,56,239.364,-21685.2,65.4516,0.391567
22335000,63,282.516,-21661.8,58.0146,0.385567
22350000,52,238.211,-21714.3,55.5683,0.379048
22365000,65,263.1,-21659.7,60.0511,0.388133
22380000,56,245.932,-21636.5,55.2822,0.383933
22395000,65,293.182,-21695.3,69.7874,0.39532
22410000,73,315.81,-21672.6,68.5628,0.403833
22425000,60,248.324,-21673.2,54.5121,0.398533
22440000,65,294.338,-21674.4,57.1516,0.403867
22455000,60,267.063,-21686.9,56.1646,0.392933
22470000,57,235.475,-21659.5,60.4047,0.391178
22485000,72,327.249,-21696.2,65.3483,0.407533
22500000,73,309.124,-21668.9,65.7458,0.389133
22515000,68,281.78,-21655.1,60.251,0.395533
22530000,78,338.45,-21639.6,70.7621,0.398333
22545000,49,212.047,-21675.3,47.6294,0.39005
22560000,48,204.654,-21674.6,42.2626,0.371362
22575000,79,340.468,-21658.8,86.5352,0.395067
22590000,61,273.871,-21667.1,70.9533,0.397533
22605000,51,213.685,-21689,54.9787,0.372133
22620000,70,280.893,-21688.6,66.0963,0.385967
22635000,90,393.401,-21683.7,89.7727,0.409467
22650000,87,395.883,-21667.9,107.816,0.414667
22665000,77,318.841,-21658.7,87.2894,0.406667
22680000,55,236.794,-21664.2,56.7535,0.391893
22695000,70,318.101,-21670.2,68.5838,0.3984
22710000,67,287.778,-21643.6,66.3358,0.394822
22725000,66,288.974,-21657.6,56.2269,0.396233
22740000,68,301.311,-21662.8,59.3868,0.3869
22755000,60,266.841,-21654,64.6015,0.3822
22770000,56,255.048,-21661.5,56.6967,0.372267
22785000,48,217.972,-21700.6,58.7907,0.385533
22800000,58,266.562,-21702.9,62.1278,0.394467
22815000,67,324.47,-21673.8,63.123,0.392111
22830000,67,292.344,-21659,68.4246,0.394067
22845000,56,245.591,-21704.4,48.5535,0.406711
22860000,64,276.19,-21692.6,71.1414,0.396533
22875000,70,314.229,-21661.9,46.7059,0.396067
22890000,68,304.145,-21684.8,68.3413,0.402567
22905000,72,315.384,-21694.5,72.2093,0.4064
22920000,61,278.679,-21667.8,62.5877,0.377254
22935000,46,210.992,-21679.9,45.2598,0.383267
22950000,57,259.245,-21662.3,65.0527,0.380733
22965000,52,233.427,-21678.2,55.0397,0.392433
22980000,45,196.326,-21676.9,42.9108,0.3609
22995000,55,256.804,-21679.7,58.36,0.370733
23010000,63,286.043,-21640,72.4528,0.3798
23025000,62,262.898,-21636.3,67.8845,0.373733
23040000,68,290.474,-21637.7,83.9807,0.3726
23055000,70,306.56,-21636.4,66.8288,0.382267
23070000,68,306.104,-21629.4,77.2654,0.3912
23085000,65,282.785,-21641.9,63.643,0.374133
23100000,64,277.345,-21698.3,64.7345,0.379407
23115000,62,266.476,-21649.5,77.4983,0.3851
23130000,74,323.639,-21686.9,66.8814,0.397867
23145000,56,251.496,-21649.8,62.6438,0.375433
23160000,66,290.317,-21646.6,76.2745,0.381133
23175000,71,321.664,-21640.3,71.8305,0.388467
23190000,67,292.314,-21632.2,64.7464,0.3758
23205000,65,276.281,-21658.1,50.4417,0.389333
23220000,73,311.68,-21658.1,63.6865,0.394256
23235000,43,190.276,-21710.4,37.3461,0.376412
23250000,40,180.183,-21684.4,34.7404,0.3668
23265000,52,230.791,-21669.7,48.0198,0.3683
23280000,83,361.472,-21634.6,83.2711,0.38455
23295000,99,434.217,-21665.7,98.438,0.409267
23310000,75,327.668,-21633.4,73.4887,0.404733
23325000,57,244.842,-21646.2,69.7405,0.370233
23340000,63,265.234,-21660.8,70.589,0.385467
23355000,81,349.292,-21649,85.5892,0.405511
23370000,84,359.119,-21643,66.0425,0.41
23385000,81,357.301,-21630.1,80.584,0.4084
23400000,79,346.169,-21657.9,82.0372,0.38835
23415000,93,407.311,-21636,87.2776,0.4175
23430000,82,364.974,-21621.8,92.5994,0.4128
23445000,75,338.405,-21625.3,82.5531,0.405
23460000,72,312.904,-21654.8,71.7076,0.38865
23475000,76,339.97,-21643.9,71.4087,0.396067
23490000,78,356.204,-21656.1,78.044,0.400067
23505000,54,239.82,-21696.8,48.0537,0.38071
23520000,79,357.692,-21619.8,71.4796,0.400783
23535000,72,303.134,-21635.5,66.011,0.398667
23550000,54,229.132,-21696.8,61.7072,0.397711
23565000,77,347.782,-21651.3,53.4999,0.397933
23580000,65,274.971,-21673.2,56.8089,0.400433
23595000,68,296.71,-21653.7,59.1544,0.4033
23610000,72,324.985,-21661,82.0434,0.4058
23625000,62,273.185,-21685.5,70.3181,0.406733
23640000,59,271.348,-21644.6,62.6177,0.3946
23655000,55,240.072,-21648.6,58.0905,0.369133
23670000,56,259.603,-21674,66.1187,0.385511
23685000,55,238.339,-21659.1,56.714,0.362733
23700000,57,256.531,-21673.3,64.797,0.3762
23715000,47,214.924,-21665.6,42.741,0.346933
23730000,52,242.341,-21648.5,65.9423,0.352733
23745000,50,217.397,-21679.7,56.9029,0.36784
23760000,57,255.327,-21646.5,61.2959,0.362467
23775000,54,234.945,-21663,45.4336,0.3722
23790000,51,216.731,-21690.3,43.7205,0.369133
23805000,55,234.843,-21679.8,55.4258,0.384667
23820000,59,273.627,-21650.9,49.279,0.364867
23835000,52,211.67,-21653.6,55.1413,0.369333
23850000,52,229.469,-21651,52.5556,0.356467
23865000,63,282.522,-21668.3,51.6024,0.3704
23880000,62,272.036,-21642,56.9784,0.386467
23895000,46,201.943,-21715.1,42.4356,0.390301
23910000,79,351.425,-21624.1,82.1613,0.386367
23925000,74,339.138,-21654.4,67.2195,0.384067
23940000,65,285.706,-21651.7,59.972,0.386667
23955000,60,261.541,-21654.2,47.503,0.3728
23970000,60,265.763,-21639.8,55.2198,0.384933
23985000,66,294.287,-21651,61.4197,0.381133
24000000,64,265.206,-21638.2,74.0605,0.378067
24015000,61,279,-21675.2,48.4617,0.380867
24030000,68,283.657,-21653.5,64.6451,0.3864
24045000,69,327.267,-21652.7,63.0031,0.397533
24060000,84,385.947,-21654.5,100.398,0.408533
24075000,56,256.701,-21698.7,61.3898,0.384206
24090000,62,268.34,-21637.8,57.8449,0.404167
24105000,58,255.525,-21686.5,52.9243,0.395233
24120000,69,296.744,-21661,62.6566,0.3886
24135000,59,251.031,-21699.2,56.2198,0.378248
24150000,77,364.491,-21660.1,73.5171,0.3867
24165000,74,313.465,-21651.9,77.1935,0.396
24180000,47,201.708,-21689.8,53.5588,0.39168
24195000,61,275.132,-21681.3,55.8173,0.385783
24210000,58,240.685,-21666.8,70.3309,0.384822
24225000,54,240.206,-21653.4,47.0249,0.381067
24240000,52,238.138,-21662.8,38.8817,0.374333
24255000,59,265.364,-21645.7,65.3874,0.359667
24270000,57,247.703,-21683.6,68.0196,0.36768
24285000,57,253.613,-21652,52.4977,0.364767
24300000,53,222.807,-21692.1,56.1251,0.366467
24315000,72,291.215,-21654.1,90.1433,0.384433
24330000,69,301.613,-21648,73.238,0.399467
24345000,62,282.275,-21651.1,66.2764,0.389267
24360000,61,257.215,-21633.4,51.3109,0.370133
24375000,58,258.925,-21665.7,67.8955,0.364533
24390000,47,200.952,-21706,51.2813,0.377205
24405000,47,211.069,-21691.2,43.158,0.381
24420000,68,307.61,-21663,64.7652,0.371711
24435000,63,269.975,-21668.2,60.8583,0.396933
24450000,71,315.224,-21689.4,92.3073,0.385
24465000,67,295.414,-21690.6,60.4699,0.404133
24480000,56,242.276,-21674,52.9105,0.378267
24495000,63,282.247,-21704.5,60.0453,0.407967
24510000,64,288.426,-21692.3,79.6364,0.378333
24525000,63,291.911,-21640.2,63.9051,0.397467
24540000,60,268.668,-21654.5,64.2803,0.38
24555000,66,290.249,-21672.8,78.0403,0.382667
24570000,60,273.964,-21648.3,62.2664,0.3848
24585000,46,199.011,-21666.3,36.2583,0.385228
24600000,52,237.851,-21683.7,53.451,0.390838
24615000,59,276.883,-21644.6,64.6938,0.380444
24630000,68,321.849,-21661.6,68.8237,0.3908
24645000,76,360.935,-21654.9,77.0059,0.400267
24660000,71,324.43,-21660,73.0356,0.4056
24675000,77,340.272,-21663.5,84.8155,0.403267
24690000,52,210.791,-21678.3,64.1429,0.369962
24705000,59,256.823,-21675.8,63.0295,0.3889
24720000,63,271.657,-21674,71.3625,0.3876
24735000,49,216.016,-21667.3,57.1718,0.3664
24750000,42,189.134,-21717,47.4119,0.384807
24765000,43,186.129,-21681.2,32.5988,0.362187
24780000,54,235.112,-21674.9,56.5382,0.364267
24795000,46,201.238,-21680.7,57.4962,0.366133
24810000,69,320.419,-21679.5,81.4697,0.375973
24825000,61,271.349,-21653.3,73.8458,0.3902
24840000,72,320.352,-21662,68.6653,0.396667
24855000,82,355.551,-21659.3,71.5184,0.402067
24870000,73,333.869,-21637.5,72.8677,0.402
24885000,74,336.853,-21648.8,68.1904,0.405733
24900000,72,332.113,-21650.4,63.2023,0.396467
24915000,79,333.786,-21620.1,78.6992,0.405933
24930000,76,343.471,-21626.6,70.5229,0.392333
24945000,76,337.432,-21630,72.5549,0.384
24960000,76,328.721,-21634.6,80.8634,0.391333
24975000,81,371.259,-21639.6,72.9838,0.3966
24990000,48,214.979,-21733.3,53.5392,0.383717
25005000,72,317.688,-21631.8,75.4604,0.398633
25020000,71,305.564,-21657.4,80.4357,0.383267
25035000,85,380.296,-21644.8,92.0625,0.397267
25050000,70,314.03,-21651.2,57.2024,0.392667
25065000,69,300.325,-21634.4,69.937,0.377467
25080000,74,335.032,-21643.2,79.7394,0.386067
25095000,57,265.433,-21701.4,63.754,0.385197
25110000,56,271.162,-21710,60.3016,0.387725
25125000,51,219.226,-21685.9,55.2002,0.390333
25140000,72,330.971,-21628.1,63.6723,0.37955
25155000,70,324.191,-21641.7,55.4452,0.3868
25170000,59,258.559,-21638.3,49.5955,0.386067
25185000,62,262.583,-21642.2,49.7933,0.387133
25200000,62,264.954,-21680.4,60.3548,0.390213
25215000,74,341.839,-21639.7,90.3117,0.385
25230000,70,322.785,-21661,67.9532,0.3932
25245000,60,252.072,-21671.7,73.9664,0.3944
25260000,62,288.546,-21666.5,50.2711,0.3854
25275000,51,215.912,-21691.1,61.4397,0.387833
25290000,56,257.074,-21657.3,56.8706,0.3708
25305000,62,285.764,-21664.6,73.6017,0.3646
25320000,66,282.525,-21668.3,60.857,0.370333
25335000,75,328.752,-21656.8,97.5252,0.3954
25350000,71,319.037,-21648.4,63.3735,0.402533
25365000,68,323.274,-21642.1,71.854,0.3932
25380000,60,269.151,-21686.5,62.9654,0.395705
25395000,50,216.024,-21691.9,57.7238,0.394333
25410000,55,241.631,-21660.5,57.9147,0.382778
25425000,49,206.451,-21696.9,48.5616,0.391129
25440000,52,221.341,-21706.3,61.8727,0.384733
25455000,48,211.635,-21684.6,52.8705,0.373667
25470000,53,239.821,-21670.8,46.4548,0.364333
25485000,46,210.135,-21687.1,42.0748,0.379267
25500000,58,252.849,-21665.2,52.4432,0.369533
25515000,48,227.215,-21693.5,54.187,0.3917
25530000,42,180.927,-21679.6,37.5003,0.388244
25545000,57,237.085,-21683.5,52.4826,0.385667
25560000,60,263.548,-21694,67.2879,0.412133
25575000,60,259.634,-21691.1,50.4516,0.397867
25590000,72,311.424,-21676.7,82.8628,0.4004
25605000,70,308.806,-21655.3,69.6352,0.394933
25620000,60,266.243,-21675.5,61.8725,0.4112
25635000,48,196.954,-21698.3,73.6059,0.38575
25650000,51,230.954,-21680.4,58.0551,0.399767
25665000,55,227.577,-21685.1,46.3116,0.380267
25680000,52,229.215,-21702.4,46.3788,0.383933
25695000,53,251.562,-21668.5,59.2236,0.367508
25710000,63,280.087,-21668.6,58.5516,0.392133
25725000,62,281.017,-21670.3,58.0949,0.3994
25740000,52,224.866,-21688,45.7234,0.401
25755000,56,249.817,-21677.7,54.1429,0.395467
25770000,56,234.346,-21732.5,49.4906,0.388111
25785000,57,267.736,-21689.3,65.1494,0.394917
25800000,50,209.958,-21719.5,56.6518,0.4004
25815000,45,196.012,-21698.5,40.9048,0.389667
25830000,46,190.999,-21721.8,47.2961,0.3801
25845000,58,243.059,-21692.3,61.7722,0.387756
25860000,63,275.571,-21698.1,58.9835,0.395133
25875000,68,319.866,-21709.5,80.5496,0.408
25890000,67,296.767,-21700.8,74.4033,0.402783
25905000,53,233.606,-21682.2,39.3489,0.400867
25920000,45,184.433,-21693.7,46.2222,0.384489
25935000,58,256.159,-21702.6,58.1373,0.394867
25950000,49,203.567,-21704.2,44.0319,0.379667
25965000,53,236.295,-21690.7,46.7852,0.387993
25980000,48,210.165,-21699.2,47.213,0.391067
25995000,46,209.534,-21697.3,36.5237,0.382933
26010000,50,219.131,-21708,47.0658,0.377933
26025000,49,216.646,-21692.3,56.3279,0.3922
26040000,37,156.977,-21710,37.2398,0.385962
26055000,59,244.439,-21682.1,58.7233,0.389
26070000,53,238.854,-21704.7,61.9055,0.3872
26085000,64,299.392,-21681.7,66.2114,0.390267
26100000,61,268.159,-21680.7,53.7305,0.4072
26115000,64,284.757,-21676,61.7997,0.4064
26130000,49,229.058,-21703.6,58.2709,0.390767
26145000,62,284.293,-21680.5,59.1152,0.3866
26160000,69,297.686,-21663,66.8672,0.4006
26175000,68,307.388,-21668.3,70.626,0.394867
26190000,73,329.069,-21673.9,56.7548,0.396467
26205000,68,295.123,-21683.7,65.3202,0.402733
26220000,66,289.641,-21670.8,70.0198,0.399867
26235000,62,252.73,-21680.1,70.2082,0.388533
26250000,57,246.642,-21690.6,57.5589,0.389467
26265000,65,281.484,-21659.8,57.3736,0.392267
26280000,49,205.447,-21676.6,51.4393,0.396476
26295000,69,288.88,-21681.5,64.2153,0.386467
26310000,67,284.167,-21666.4,55.0611,0.3958
26325000,70,302.301,-21692,56.193,0.396167
26340000,65,292.694,-21684.3,61.2132,0.404933
26355000,63,272.058,-21661.8,61.0158,0.394022
26370000,63,271.582,-21665.7,73.5046,0.394267
26385000,60,261.96,-21668.5,69.7782,0.396067
26400000,71,288.125,-21677.3,80.2099,0.392267
26415000,62,258.977,-21683.1,69.0631,0.387709
26430000,52,214.067,-21696.1,48.6256,0.388067
26445000,54,242.009,-21681.6,61.6879,0.385067
26460000,51,218.086,-21683.3,52.4701,0.3762
26475000,48,204.943,-21695.4,55.0357,0.388
26490000,56,241.72,-21680.5,65.2868,0.384867
26505000,50,203.303,-21698.5,50.2381,0.387933
26520000,55,238.15,-21701.9,56.0773,0.394556
26535000,52,231.507,-21702.6,50.7725,0.395233
26550000,57,263.628,-21698.2,55.0359,0.393133
26565000,50,206.689,-21701.6,59.4653,0.385527
26580000,47,214.518,-21703.7,38.566,0.382733
26595000,61,281.938,-21669.6,63.0523,0.3872
26610000,52,208.098,-21671.9,47.5526,0.382
26625000,64,284.463,-21686.1,62.6601,0.378733
26640000,61,279.997,-21673.3,62.7987,0.392533
26655000,57,250.259,-21711.6,51.9187,0.394207
26670000,42,184.833,-21708.6,52.2607,0.380689
26685000,52,216.531,-21716.8,54.4284,0.4006
26700000,63,257.137,-21706.5,66.7156,0.389167
26715000,53,226.607,-21703.8,51.2824,0.388667
26730000,60,279.566,-21668.5,62.5693,0.391317
26745000,67,294.799,-21679.8,52.941,0.4044
26760000,54,244.854,-21663.8,53.3284,0.389667
26775000,54,235.743,-21679.4,49.2807,0.37885
26790000,49,202.945,-21676.6,63.3061,0.391067
26805000,58,258.875,-21694.5,52.2021,0.403489
26820000,53,233.068,-21685.5,50.8187,0.386904
26835000,60,260.334,-21675.3,54.8314,0.387822
26850000,55,233.365,-21696.4,60.5197,0.3907
26865000,64,275.441,-21673.9,53.2417,0.382033
26880000,49,204.06,-21715.1,56.5131,0.394467
26895000,59,255.769,-21689,56.5392,0.4011
26910000,57,249.266,-21685.9,53.6722,0.380356
26925000,46,204.984,-21681.3,48.0178,0.3766
26940000,62,277.573,-21674.8,74.2174,0.387083
26955000,75,333.13,-21686.6,76.1995,0.405933
26970000,50,219.368,-21684.4,57.2637,0.385644
26985000,60,263.978,-21664.2,65.6185,0.377067
27000000,58,250.944,-21663.9,50.224,0.384733
27015000,57,238.245,-21678.1,54.9558,0.395267
27030000,64,289.315,-21683.2,68.9742,0.387911
27045000,69,302.766,-21672.1,72.1905,0.393133
27060000,57,246.228,-21679.6,58.4944,0.404267
27075000,59,263.028,-21678.4,71.0319,0.403689
27090000,57,239.915,-21702.2,76.5311,0.398533
27105000,68,283.478,-21643.9,76.7424,0.399311
27120000,73,326.101,-21619.5,72.7948,0.3942
27135000,64,275.71,-21661,76.3228,0.394133
27150000,73,312.246,-21662,73.9878,0.392067
27165000,79,332.105,-21672.5,78.7968,0.399867
27180000,75,341.065,-21655.5,73.0321,0.4124
27195000,71,310.939,-21660.6,91.1523,0.4046
27210000,62,279.321,-21654.8,62.4909,0.3972
27225000,68,297.578,-21650.2,77.1418,0.389867
27240000,65,287.768,-21661.5,56.2245,0.3964
27255000,62,279.863,-21666.8,58.4938,0.387133
27270000,74,331.597,-21673.3,66.1921,0.401533
27285000,71,302.53,-21667.4,75.9814,0.402867
27300000,58,253.318,-21674,63.7958,0.390867
27315000,52,222.197,-21688.6,49.7455,0.379
27330000,53,228.279,-21686.4,51.6182,0.373533
27345000,56,251.784,-21681.1,56.3333,0.373933
27360000,44,186.935,-21724.6,35.4814,0.384889
27375000,43,196.841,-21706.3,44.9391,0.374423
27390000,67,315.729,-21675,71.0027,0.384556
27405000,37,162.535,-21718.8,37.6649,0.377556
27420000,54,237.045,-21668.6,47.961,0.378133
27435000,47,204.331,-21712.7,50.4424,0.380217
27450000,68,295.953,-21685.6,67.6364,0.386267
27465000,71,317.573,-21670.7,74.6614,0.395067
27480000,52,223.72,-21712.2,60.8584,0.386973
27495000,50,224.192,-21716.2,48.6391,0.385133
27510000,61,272.298,-21701.1,72.412,0.375689
27525000,57,257.667,-21679.6,58.9608,0.399867
27540000,64,274.373,-21662.6,53.7536,0.387067
27555000,46,201.826,-21702.3,46.5413,0.388067
27570000,48,208.909,-21695.1,44.5505,0.389
27585000,43,181.425,-21712.9,53.0685,0.3836
27600000,48,203.353,-21719.5,64.0498,0.369891
27615000,47,215.051,-21708.6,47.4264,0.3716
27630000,54,228.154,-21686.9,51.6492,0.379933
27645000,48,218.571,-21711.5,41.137,0.374467
27660000,51,222.888,-21703.5,58.5762,0.389133
27675000,59,265.668,-21694.8,52.1621,0.397467
27690000,55,241.3,-21705.5,65.8041,0.398333
27705000,50,195.553,-21704.2,64.051,0.3862
27720000,60,272.575,-21659,55.3801,0.381056
27735000,45,203.347,-21692.2,44.3103,0.384567
27750000,58,261.188,-21710.9,54.9399,0.3908
27765000,68,288.902,-21722.2,72.3437,0.407667
27780000,51,228.511,-21696.1,50.9658,0.380175
27795000,53,241.992,-21686.4,64.7701,0.3898
27810000,56,239.918,-21703.4,53.7387,0.3748
27825000,50,230.643,-21697.9,60.0724,0.397067
27840000,55,249.929,-21709.8,52.6798,0.381467
27855000,53,228.921,-21693.5,49.6189,0.372
27870000,58,255.989,-21709.4,66.8462,0.374133
27885000,56,237.687,-21700.1,49.4541,0.3902
27900000,38,169.465,-21718.4,34.7441,0.37863
27915000,54,239.954,-21696.6,39.0584,0.375767
27930000,47,203.525,-21693.7,54.9658,0.381033
27945000,49,225.634,-21702.7,43.0699,0.371567
27960000,49,220.441,-21702.1,57.502,0.377333
27975000,51,227.265,-21688.4,42.1269,0.377667
27990000,58,253.147,-21667.5,56.7141,0.383333
28005000,42,189.305,-21714.8,48.0215,0.36559
28020000,37,163.516,-21702.7,35.4253,0.3662
28035000,56,254.079,-21671.1,44.3042,0.383533
28050000,63,275.145,-21655.2,61.9529,0.395467
28065000,53,228.008,-21695.4,53.4045,0.377311
28080000,82,351.924,-21631.5,94.4905,0.402333
28095000,61,274.808,-21692.2,52.8927,0.387433
28110000,65,267.657,-21670.2,65.5051,0.390867
28125000,75,313.083,-21664.9,63.9122,0.395756
28140000,43,203.481,-21718.3,33.8337,0.377062
28155000,53,244.095,-21687.9,73.2536,0.393556
28170000,59,266.231,-21690.1,61.0617,0.400622
28185000,59,270.508,-21675.4,58.8597,0.394333
28200000,58,257.57,-21710.4,63.9298,0.382267
28215000,54,233.791,-21665.8,56.2547,0.389633
28230000,40,174.008,-21711.1,36.7115,0.383533
28245000,52,237.929,-21696.4,56.7363,0.3912
28260000,50,209.694,-21700.3,41.2274,0.3772
28275000,55,241.171,-21699.2,57.3049,0.372933
28290000,52,225.462,-21676.5,54.6489,0.3884
28305000,64,290.456,-21682.3,76.4099,0.386581
28320000,63,284.551,-21662.2,58.9556,0.386267
28335000,60,262.368,-21666.4,63.0994,0.392467
28350000,68,297.302,-21654.4,56.0003,0.392267
28365000,52,200.309,-21684.6,49.4063,0.383711
28380000,54,251.146,-21694,55.3634,0.387833
28395000,56,229.366,-21689.6,51.2804,0.375767
28410000,57,245.524,-21688.4,64.0158,0.389833
28425000,46,203.143,-21680.7,52.5672,0.38
28440000,75,327.857,-21670.5,87.3531,0.388633
28455000,65,283.691,-21665.8,54.5982,0.395533
28470000,67,301.961,-21683.2,64.9858,0.379689
28485000,51,233.405,-21683,49.6439,0.390733
28500000,68,303.09,-21681,86.3621,0.3884
28515000,61,257.587,-21681.4,55.1266,0.405267
28530000,58,242.641,-21677.5,55.2507,0.392267
28545000,52,225.91,-21708.2,64.2781,0.379733
28560000,67,276.313,-21690.9,87.3289,0.394967
28575000,65,307.043,-21689.4,68.3776,0.4032
28590000,69,292.896,-21688.3,75.2507,0.399733
28605000,53,222.594,-21696.6,50.424,0.387824
28620000,66,295.142,-21682.8,68.0291,0.405333
28635000,69,308.619,-21684.4,66.3887,0.396333
28650000,69,300.058,-21684,78.2971,0.3936
28665000,54,245.433,-21666.1,57.3102,0.3936
28680000,50,220.68,-21684.6,49.4446,0.386533
28695000,64,302.194,-21683.1,66.1247,0.40915
28710000,54,245.734,-21691.6,52.3668,0.384967
28725000,56,247.814,-21677.1,59.5099,0.380467
28740000,60,281.083,-21657.6,51.7655,0.3834
28755000,51,230.527,-21690.5,53.0937,0.397044
28770000,52,222.491,-21678.7,47.5977,0.394967
28785000,48,199.599,-21690.9,39.3202,0.3898
28800000,56,248.38,-21708.8,62.9113,0.390867
28815000,58,248.453,-21687.3,61.064,0.391556
28830000,49,199.868,-21685.2,52.6466,0.392907
28845000,55,226.754,-21678.9,56.4691,0.3792
28860000,68,315.34,-21676.2,66.5127,0.392
28875000,72,321.805,-21664.9,77.392,0.409667
28890000,69,300.45,-21686.6,69.0812,0.3952
28905000,69,291.721,-21674.1,80.9245,0.411267
28920000,71,300.511,-21675.5,89.7182,0.412333
28935000,72,320.742,-21637,62.5977,0.407733
28950000,64,289.363,-21688.9,64.5722,0.391693
28965000,69,309.297,-21642,63.1083,0.400733
28980000,74,315.363,-21636.7,74.0549,0.389533
28995000,69,298.249,-21628.3,79.9524,0.3892
29010000,59,250.919,-21685.9,58.4177,0.392943
29025000,88,380.268,-21631.7,75.6382,0.3959
29040000,56,239.79,-21707.5,47.7814,0.389156
29055000,54,237.37,-21704.6,48.5593,0.388156
29070000,70,299.823,-21630.4,67.2044,0.399511
29085000,72,315.705,-21629.9,78.9914,0.3878
29100000,74,319.347,-21619.7,70.5013,0.398533
29115000,76,332.685,-21631.9,87.4263,0.394067
29130000,77,340.202,-21691.5,81.0533,0.405111
29145000,66,266.605,-21644.6,70.1829,0.392667
29160000,63,273.126,-21644.4,60.3909,0.3718
29175000,61,273.775,-21707.1,50.8585,0.404867
29190000,59,246.007,-21634.2,64.1674,0.373533
29205000,56,249.716,-21697.9,69.1348,0.392567
29220000,69,316.764,-21644.9,79.1575,0.386167
29235000,46,194.847,-21680,40.6182,0.388317
29250000,52,242.849,-21691.5,38.9126,0.382533
29265000,66,302.602,-21640.2,64.4535,0.389556
29280000,57,248.177,-21673.9,62.7175,0.3863
29295000,52,220.553,-21689.7,55.0232,0.3922
29310000,60,282.472,-21668.6,50.2189,0.374911
29325000,56,241.624,-21636.7,62.7114,0.382733
29340000,69,293.209,-21611.9,68.8858,0.367
29355000,67,303.718,-21688.4,59.7873,0.38404
29370000,67,303.039,-21678.9,67.4017,0.403267
29385000,83,357.46,-21609.2,92.0075,0.3988
29400000,83,366.6,-21615,66.9793,0.391067
29415000,70,321.519,-21621.4,77.4962,0.390267
29430000,64,289.005,-21627.2,64.0408,0.3836
29445000,53,231.759,-21706.7,64.0293,0.383333
29460000,59,252.899,-21686.5,61.8857,0.387133
29475000,70,308.608,-21633.3,62.0881,0.380933
29490000,60,268.438,-21631.4,51.1471,0.3898
29505000,59,265.247,-21650.2,70.7094,0.372667
29520000,64,291.87,-21643.5,65.1249,0.3802
29535000,60,257.63,-21637.2,69.8032,0.377
29550000,67,310.44,-21661.7,84.8511,0.3812
29565000,51,224.716,-21713.1,49.2171,0.385429
29580000,68,292.477,-21692.8,58.1673,0.378867
29595000,67,282.806,-21651.6,65.8828,0.3812
29610000,67,301.952,-21672.9,58.9894,0.3892
29625000,57,232.197,-21688.7,57.7852,0.388467
29640000,60,255.782,-21672.8,56.5419,0.3912
29655000,64,274.106,-21689.2,62.9373,0.3994
29670000,70,310.17,-21697.2,76.0862,0.4078
29685000,64,287.961,-21653.6,66.4459,0.4089
29700000,68,302.86,-21679.2,58.2487,0.4027
29715000,60,260.32,-21671.1,56.7613,0.397033
29730000,63,286.409,-21668.5,49.1865,0.4
29745000,59,265.082,-21697.7,59.4275,0.391178
29760000,49,218.648,-21678.8,49.0724,0.385487
29775000,64,280.669,-21683.2,74.5259,0.393644
29790000,65,285.285,-21674,63.3542,0.3969
29805000,71,307.212,-21712.3,62.6471,0.4192
29820000,56,258.083,-21669.4,57.8434,0.395633
29835000,57,257.144,-21719.4,47.6989,0.407633
29850000,60,269.618,-21656.3,71.9388,0.389233
29865000,70,318.619,-21642.8,70.2595,0.382742
29880000,59,266.019,-21667,48.9611,0.375933
29895000,59,263.591,-21662.9,54.8875,0.379467
29910000,62,280.67,-21659.1,56.4044,0.389
29925000,67,298.867,-21678.7,61.6405,0.3974
29940000,69,300.894,-21659.9,74.158,0.386267
29955000,51,225.991,-21668.4,44.5691,0.392943
29970000,64,281.344,-21644.6,61.4763,0.3997
29985000,75,326.92,-21651.1,79.4212,0.392533
