generation,N_shifts,logPrior,logLik,eventRate,acceptRate
0,0,0.641453,-24254,100,0
15000,2,10.296,-22108.9,0.969893,0.268582
30000,1,5.06405,-22102.9,1.96463,0.266967
45000,5,18.9602,-22064.9,5.7651,0.296133
60000,4,12.4165,-22076,3.12918,0.274729
75000,9,40.3925,-22055.8,11.0219,0.323633
90000,12,48.9969,-22025.5,21.1516,0.344533
105000,14,52.1523,-22009,12.9523,0.337733
120000,7,32.2287,-22022.9,7.14713,0.324417
135000,8,31.1459,-22002.9,9.76264,0.342733
150000,12,53.7511,-21974.7,8.78552,0.304825
165000,19,83.2169,-21939.6,15.29,0.348033
180000,24,109.06,-21886.3,28.1044,0.350267
195000,26,116.289,-21891.8,34.1323,0.348933
210000,26,111.623,-21872.2,24.5797,0.363267
225000,28,121.782,-21867.9,25.4161,0.352533
240000,31,136.984,-21855.2,29.0039,0.352067
255000,32,131.594,-21841,35.4053,0.368333
270000,42,165.884,-21836.6,45.0799,0.387333
285000,30,130.203,-21903.9,34.0228,0.360453
300000,38,161.304,-21817,28.972,0.390567
315000,49,206.259,-21844.2,51.9976,0.387147
330000,37,149.9,-21816.8,35.9636,0.386033
345000,54,242.315,-21793,65.9879,0.3926
360000,43,197.371,-21804.7,55.1386,0.381293
375000,52,219.36,-21803.5,38.386,0.385867
390000,38,178.713,-21825.6,32.7329,0.399767
405000,47,221.524,-21833,39.3349,0.378467
420000,53,235.112,-21822,41.9093,0.4086
435000,56,261.502,-21780.7,67.8896,0.399244
450000,55,237.423,-21830,59.2185,0.397567
465000,54,234.129,-21775,63.5396,0.392033
480000,44,190.264,-21798.1,44.9203,0.387867
495000,52,236.076,-21794.6,64.139,0.4008
510000,44,200.035,-21768.7,57.6342,0.391652
525000,44,188.198,-21763.8,48.0706,0.387717
540000,43,197.559,-21774.8,52.521,0.375133
555000,53,222.288,-21781.4,42.2897,0.397133
570000,40,184.785,-21774.4,38.4862,0.393283
585000,53,229.578,-21756.4,52.4998,0.378
600000,50,229.173,-21769.7,50.9523,0.377152
615000,61,281.733,-21780.4,54.5685,0.396267
630000,48,208.39,-21760.9,50.8438,0.379967
645000,57,223.117,-21759,59.1163,0.380267
660000,53,225.713,-21753.7,49.231,0.3926
675000,63,270.834,-21738.7,67.6043,0.3902
690000,66,280.772,-21727.7,62.9245,0.396343
705000,63,270.538,-21757.4,62.0112,0.394433
720000,65,284.686,-21744.3,78.8865,0.391433
735000,84,334.286,-21738.4,77.6765,0.398117
750000,66,286.214,-21733.4,50.7198,0.403933
765000,68,280.559,-21753.5,68.2866,0.4018
780000,55,228.93,-21729.7,56.3415,0.399617
795000,52,211.707,-21743.9,52.548,0.400467
810000,67,292.057,-21736.6,72.5479,0.400667
825000,66,282.762,-21740.3,59.5591,0.4054
840000,69,310.683,-21772.2,82.6702,0.398253
855000,61,270.691,-21752.3,68.8891,0.4016
870000,53,236.477,-21763.4,46.2441,0.403467
885000,43,183.773,-21743.3,39.4447,0.379933
900000,50,202.183,-21748.3,40.8923,0.3678
915000,58,259.632,-21762.9,61.1913,0.400889
930000,62,264.376,-21752.7,61.8899,0.411733
945000,56,241.148,-21779.6,63.9357,0.38446
960000,57,240.096,-21731.5,45.317,0.392733
975000,58,252.987,-21725.8,57.5683,0.3912
990000,59,266.8,-21752.5,53.9646,0.3942
1005000,62,279.391,-21723.5,65.8657,0.3844
1020000,51,226.154,-21764.5,51.102,0.40072
1035000,56,241.727,-21771,61.2966,0.403467
1050000,57,253.36,-21737.9,50.3879,0.396708
1065000,57,238.394,-21759.4,64.4839,0.389333
1080000,65,287.482,-21740,61.2834,0.394573
1095000,53,236.041,-21752.5,48.591,0.397667
1110000,54,216.309,-21746.6,65.8508,0.399693
1125000,49,209.846,-21740.1,52.0633,0.3928
1140000,48,190.825,-21755.3,39.2865,0.383333
1155000,54,237.333,-21756,62.2657,0.396978
1170000,51,221.288,-21743,48.4734,0.395733
1185000,50,219.008,-21754.1,46.7974,0.389333
1200000,49,222.381,-21761.9,55.2562,0.383867
1215000,47,204.474,-21742.6,53.6119,0.394667
1230000,45,180.466,-21777.1,52.4211,0.384617
1245000,52,226.412,-21764.6,56.4469,0.398667
1260000,54,247.458,-21745.6,57.4901,0.392613
1275000,63,281.983,-21731,67.3346,0.404267
1290000,56,255.253,-21748.8,55.9827,0.392533
1305000,52,227.223,-21751.3,54.4474,0.3738
1320000,55,223.142,-21723.3,62.8941,0.402733
1335000,52,229.778,-21735.1,53.6139,0.3844
1350000,55,249.556,-21744.4,58.115,0.393733
1365000,44,160.464,-21774.5,45.7059,0.390104
1380000,43,186.755,-21753.6,37.4974,0.389615
1395000,48,200.684,-21758.7,45.0022,0.380333
1410000,51,222.109,-21742.6,50.1061,0.394133
1425000,50,213.619,-21771.9,47.2558,0.388733
1440000,54,236.132,-21745.9,58.0213,0.3918
1455000,60,268.436,-21766.2,51.6409,0.396707
1470000,62,265.411,-21765.2,66.0262,0.401822
1485000,68,285.794,-21746.8,81.1058,0.4086
1500000,68,295.846,-21757,61.4221,0.406967
1515000,66,294.047,-21732,59.2462,0.406933
1530000,63,258.491,-21734.1,59.115,0.404867
1545000,77,333.865,-21741.9,83.9752,0.418533
1560000,67,287.264,-21753.2,63.9918,0.4202
1575000,60,257.711,-21746.6,55.5162,0.401667
1590000,62,259.904,-21734.9,58.1746,0.398686
1605000,57,252.573,-21715.4,48.4206,0.399489
1620000,52,222.767,-21737.5,46.1259,0.389867
1635000,62,258.288,-21741.5,63.2943,0.39695
1650000,64,286.444,-21748.8,64.0925,0.416133
1665000,57,254.678,-21734.3,59.4714,0.396383
1680000,61,270.481,-21762.4,60.0564,0.3999
1695000,50,221.149,-21760.5,62.6357,0.415133
1710000,50,226.22,-21732.7,62.8158,0.398578
1725000,57,262.136,-21725.4,65.2021,0.401733
1740000,48,212.372,-21744.5,48.3426,0.388767
1755000,73,304.634,-21764.1,79.1709,0.402733
1770000,63,273.19,-21733.3,56.1812,0.409489
1785000,46,218.969,-21768.5,42.8055,0.396433
1800000,56,251.225,-21767.3,56.0393,0.401422
1815000,42,178.888,-21773,47.7877,0.377167
1830000,56,243.688,-21755.5,51.6238,0.39265
1845000,54,232.083,-21775.4,52.6772,0.394167
1860000,50,221.324,-21742.6,52.0593,0.403233
1875000,54,236.118,-21774.6,43.8887,0.3998
1890000,61,253.328,-21762.7,61.7449,0.384811
1905000,46,198.118,-21763.7,42.167,0.390467
1920000,47,194.482,-21756.9,49.7161,0.392022
1935000,56,216.95,-21732.9,56.6655,0.4106
1950000,47,191.934,-21738.7,45.4174,0.397533
1965000,55,237.939,-21749.3,49.5651,0.383917
1980000,64,286.832,-21775.2,55.6993,0.4032
1995000,61,269.599,-21752.8,58.6779,0.410067
2010000,60,243.74,-21752.1,73.255,0.399917
2025000,54,228.372,-21724.9,54.949,0.399
2040000,60,254.707,-21738.8,72.1707,0.391933
2055000,61,254.965,-21723.2,56.8077,0.410644
2070000,70,286.968,-21740.9,74.5634,0.401567
2085000,62,272.383,-21728,66.3024,0.4022
2100000,71,308.375,-21748.5,67.6937,0.4122
2115000,41,183.335,-21743.5,40.0258,0.390919
2130000,69,282.405,-21738.7,55.7341,0.4131
2145000,66,285.375,-21750.4,65.1206,0.399933
2160000,56,226.454,-21753.4,51.8428,0.391267
2175000,51,200.608,-21749.6,56.0787,0.394642
2190000,55,241.043,-21763.9,42.0512,0.406067
2205000,57,246.213,-21740.6,58.336,0.4052
2220000,58,247.878,-21751.7,45.4434,0.392724
2235000,54,222.11,-21758,45.5659,0.404267
2250000,47,196.687,-21760,42.1381,0.378267
2265000,52,217.052,-21739,47.5186,0.396822
2280000,42,181.459,-21767.1,39.768,0.394893
2295000,54,216.378,-21747.8,56.6752,0.404133
2310000,60,262.759,-21744.6,54.8798,0.405267
2325000,60,249.484,-21749.4,57.4954,0.392867
2340000,64,278.662,-21743.7,52.5788,0.410167
2355000,72,297.309,-21734.4,63.7833,0.412767
2370000,56,250.146,-21758.1,52.0049,0.397133
2385000,46,187.656,-21739,55.3795,0.391733
2400000,51,211.774,-21767.5,41.0032,0.399233
2415000,46,201.946,-21759.3,41.3372,0.389133
2430000,61,262.486,-21746.8,74.138,0.409778
2445000,56,246.61,-21765.7,47.3533,0.391267
2460000,44,189.175,-21758.2,43.5443,0.3932
2475000,61,261.947,-21735.8,55.6502,0.401911
2490000,59,244.689,-21754.3,53.5279,0.380827
2505000,54,229.473,-21753.6,39.9748,0.405533
2520000,49,197.656,-21768.4,66.4786,0.402733
2535000,58,246.593,-21771,56.6759,0.387067
2550000,69,304.78,-21742.1,60.7276,0.40488
2565000,64,282.018,-21740.4,68.8094,0.4006
2580000,57,258.114,-21754.6,52.9436,0.391767
2595000,62,258.99,-21771.1,73.5988,0.393867
2610000,69,294.585,-21723.1,84.3616,0.410222
2625000,43,174.583,-21760.5,44.9786,0.389767
2640000,58,235.336,-21726.8,48.6145,0.392367
2655000,54,230.749,-21738,42.4918,0.375133
2670000,56,232.232,-21753.2,51.0047,0.404267
2685000,74,330.501,-21732.1,74.7013,0.404067
2700000,61,256.968,-21735.5,55.779,0.412333
2715000,59,253.885,-21739.9,70.3078,0.388667
2730000,46,199.291,-21760,63.4204,0.384
2745000,61,278.193,-21743.9,68.8825,0.400667
2760000,66,282.31,-21756.1,69.2255,0.397133
2775000,59,264.555,-21782.6,55.3578,0.397254
2790000,53,230.115,-21794.4,56.1616,0.408133
2805000,49,220.121,-21784.8,55.7683,0.415533
2820000,75,317.644,-21741.1,73.7712,0.406117
2835000,77,332.561,-21713.5,72.9547,0.423667
2850000,52,223.394,-21747,51.7181,0.404183
2865000,56,250.16,-21743.4,54.9025,0.3858
2880000,63,265.176,-21731.8,69.3949,0.397911
2895000,55,235.144,-21751,54.054,0.4036
2910000,49,204.625,-21756.1,48.8687,0.3922
2925000,60,242.313,-21749.9,52.2615,0.399875
2940000,58,243.478,-21773.4,61.2418,0.391833
2955000,43,200.017,-21758,44.7363,0.383133
2970000,56,244.651,-21767.4,56.862,0.373067
2985000,50,226.154,-21739.2,46.6097,0.390108
3000000,49,188.298,-21748.5,55.4549,0.385733
3015000,56,236.53,-21744.1,56.7804,0.382733
3030000,56,232.092,-21757.2,48.9446,0.387983
3045000,73,320.506,-21740.7,64.0575,0.398133
3060000,61,278.49,-21747.8,87.1707,0.419267
3075000,62,264.903,-21755.8,54.9298,0.397
3090000,63,269.452,-21785.4,61.1716,0.398267
3105000,57,251.789,-21765.8,56.1441,0.402467
3120000,71,307.226,-21743.2,71.9893,0.397817
3135000,50,204.481,-21775.5,68.3617,0.4099
3150000,49,214.977,-21766.9,52.3301,0.39676
3165000,58,256.848,-21742,68.8776,0.410311
3180000,60,265.062,-21750.9,64.7496,0.396733
3195000,54,217.373,-21756.3,56.2911,0.393711
3210000,57,269.636,-21743.7,57.66,0.3951
3225000,68,307.939,-21751.2,68.7957,0.402133
3240000,58,251.641,-21768.6,52.8646,0.393778
3255000,52,238.789,-21781.3,44.8563,0.391
3270000,73,323.007,-21735.1,71.1265,0.394267
3285000,47,203.016,-21788.3,48.6108,0.391867
3300000,55,224.556,-21765.5,52.015,0.391273
3315000,58,256.935,-21746.1,51.3922,0.407
3330000,62,264.871,-21785.4,67.6647,0.396644
3345000,68,297.429,-21763,60.971,0.422333
3360000,65,292.956,-21750.9,64.6195,0.404978
3375000,52,228.088,-21764.1,45.898,0.392867
3390000,62,269.152,-21754.2,77.2219,0.390633
3405000,55,235.088,-21749.9,59.5173,0.401633
3420000,49,215.296,-21755.2,40.264,0.393867
3435000,54,237.096,-21748.8,49.7934,0.378533
3450000,55,253.949,-21744.6,71.0012,0.388467
3465000,59,250.044,-21719.7,55.6951,0.382733
3480000,63,260.095,-21737.2,61.6238,0.4048
3495000,67,281.712,-21733.7,55.8721,0.3964
3510000,65,282.13,-21745,68.0047,0.397037
3525000,62,273.131,-21745,68.8576,0.397867
3540000,81,354.501,-21717.2,80.5742,0.411311
3555000,73,320.562,-21748.7,80.624,0.409213
3570000,72,317.638,-21719.7,81.3382,0.416244
3585000,66,259.494,-21737,52.0392,0.4074
3600000,80,356.328,-21741.2,92.625,0.4046
3615000,61,255.578,-21723.2,71.3789,0.4028
3630000,46,206.761,-21774.6,44.3202,0.40132
3645000,49,211.738,-21762.8,43.1291,0.4034
3660000,58,244.194,-21757,55.5295,0.402167
3675000,62,288.156,-21769.6,60.7005,0.397617
3690000,69,279.792,-21768.7,57.411,0.3943
3705000,65,293.392,-21763.4,77.8715,0.401667
3720000,67,298.321,-21751.9,67.9239,0.417333
3735000,68,295.707,-21762,79.9157,0.412467
3750000,77,333.652,-21753.9,69.5022,0.412733
3765000,63,288.705,-21751.3,65.1953,0.394333
3780000,49,208.981,-21767.3,50.8679,0.402237
3795000,62,276.771,-21755.6,73.3617,0.394638
3810000,70,302.841,-21752.6,77.2074,0.4114
3825000,63,256.094,-21764.3,63.9972,0.414333
3840000,58,246.047,-21733.6,56.9841,0.3874
3855000,63,275.641,-21747.9,61.8024,0.401
3870000,62,275.049,-21760.8,58.5025,0.406467
3885000,58,263.174,-21752.2,56.5707,0.393267
3900000,50,212.177,-21739.2,52.218,0.398067
3915000,71,316.747,-21747.1,66.0623,0.403378
3930000,67,304.433,-21762.5,66.674,0.3888
3945000,61,266.968,-21737.8,78.1061,0.407333
3960000,51,220.394,-21765.2,46.7938,0.393
3975000,45,196.822,-21752.6,43.1986,0.399467
3990000,42,178.827,-21754.7,57.7492,0.393333
4005000,61,248.397,-21727.2,64.8638,0.390933
4020000,62,261.57,-21722.4,66.9882,0.397133
4035000,55,249.707,-21756,65.7732,0.405311
4050000,62,266.068,-21744.8,61.8429,0.392933
4065000,56,239.977,-21786.2,49.3933,0.4072
4080000,56,239.782,-21742.5,52.8411,0.3856
4095000,66,288.768,-21737.8,72.8849,0.4
4110000,61,265.072,-21756.2,56.8516,0.39998
4125000,49,212.964,-21772.7,41.2877,0.400867
4140000,45,203.174,-21771.2,36.5594,0.383507
4155000,42,185.262,-21801.4,54.9494,0.396
4170000,64,275.637,-21760.6,79.0708,0.394187
4185000,58,257.608,-21756.1,55.9738,0.415867
4200000,54,222.738,-21765.7,51.0502,0.404844
4215000,58,253.918,-21740.4,57.9625,0.416867
4230000,54,238.957,-21754.2,58.1939,0.389867
4245000,63,276.179,-21761.2,65.973,0.403667
4260000,64,278.736,-21753,74.6326,0.394617
4275000,40,168.651,-21768.7,36.585,0.402387
4290000,61,275.48,-21731.3,67.3775,0.389844
4305000,70,313.263,-21740.2,70.6965,0.4034
4320000,80,349.627,-21737.3,83.3678,0.404533
4335000,47,199.053,-21781.7,34.6562,0.382267
4350000,67,293.337,-21757.4,86.4586,0.408578
4365000,78,326.944,-21715.4,86.9534,0.409489
4380000,61,285.524,-21788.8,61.3313,0.3962
4395000,87,377.686,-21711.7,88.2267,0.413033
4410000,73,309.088,-21717.4,74.9872,0.4192
4425000,75,335.875,-21718.2,87.0674,0.401733
4440000,80,344.637,-21718.4,91.0369,0.418733
4455000,74,311.565,-21731.6,80.9763,0.409467
4470000,57,237.4,-21746.9,48.3762,0.408325
4485000,62,281.364,-21720.1,55.9689,0.4029
4500000,56,244.352,-21733.4,42.324,0.392333
4515000,53,226.126,-21755.3,48.8366,0.397467
4530000,61,275.46,-21717.1,67.9707,0.392567
4545000,58,256.016,-21709,60.4443,0.395
4560000,60,246.856,-21714.9,58.1914,0.386733
4575000,71,292.996,-21735,77.2111,0.387733
4590000,63,269.648,-21747.3,54.929,0.395013
4605000,81,327.277,-21720.9,85.2269,0.404167
4620000,81,350.754,-21728.4,94.9827,0.413333
4635000,56,224.85,-21723.3,50.1337,0.401067
4650000,58,243.309,-21739.4,69.0057,0.396733
4665000,54,249.275,-21758,47.1431,0.390653
4680000,66,277.865,-21760,64.6391,0.404033
4695000,50,219.487,-21752.3,47.1206,0.3968
4710000,49,214.095,-21756.4,45.4724,0.396267
4725000,45,192.414,-21766.2,44.9049,0.383
4740000,35,154.346,-21762.2,30.4411,0.3788
4755000,53,228.403,-21757.7,60.305,0.392448
4770000,56,249.863,-21760.4,47.624,0.380433
4785000,51,214.894,-21747.9,33.9756,0.390667
4800000,55,232.384,-21753.2,58.8534,0.392333
4815000,44,179.093,-21752.1,35.66,0.3968
4830000,52,221.646,-21752.2,31.9303,0.3887
4845000,47,190.379,-21752.1,51.3835,0.3972
4860000,49,202.437,-21765.5,42.7201,0.380711
4875000,52,228.566,-21787.4,56.6008,0.394867
4890000,55,230.584,-21772.1,47.5488,0.3998
4905000,48,216.996,-21797.8,56.3011,0.379726
4920000,61,273.604,-21732.3,71.8555,0.395267
4935000,62,282.02,-21727.8,65.7463,0.395756
4950000,49,195.914,-21767.8,46.9437,0.391667
4965000,57,246.409,-21740.1,50.399,0.4022
4980000,41,181.84,-21765.7,40.1106,0.3805
4995000,51,224.818,-21763.1,49.6641,0.376133
5010000,59,244.197,-21753.1,58.8261,0.395844
5025000,56,258.627,-21741.5,66.6825,0.393238
5040000,52,232.876,-21736.8,48.0476,0.398567
5055000,64,281.767,-21768,63.7475,0.394133
5070000,68,316.041,-21734.6,68.1408,0.416667
5085000,66,280.057,-21748.6,74.4193,0.418333
5100000,47,215.05,-21785.5,49.5053,0.399019
5115000,73,319.529,-21733.4,68.0629,0.408067
5130000,71,307.978,-21750,63.0577,0.411733
5145000,65,276.684,-21763,72.8886,0.396617
5160000,52,231.879,-21740.8,53.1242,0.409567
5175000,54,217.642,-21743.7,54.5986,0.383533
5190000,43,168.67,-21729.9,47.1991,0.3866
5205000,52,215.378,-21719.4,44.4946,0.3862
5220000,42,163.529,-21768.4,43.8491,0.39068
5235000,66,274.261,-21737.9,56.3077,0.395967
5250000,55,234.655,-21743.2,51.8854,0.405667
5265000,60,272.771,-21752.9,60.7117,0.396133
5280000,54,231.561,-21750.4,67.1055,0.392867
5295000,48,200.411,-21764.3,42.8363,0.38436
5310000,37,162.622,-21766.7,34.1409,0.384133
5325000,53,243.191,-21765.6,48.5601,0.3911
5340000,44,201.572,-21780.3,54.6908,0.383167
5355000,46,177.755,-21767.8,45.4843,0.378178
5370000,63,268.379,-21757.9,60.9497,0.393978
5385000,52,215.725,-21801.5,63.2304,0.385089
5400000,55,248.497,-21768,57.3929,0.381433
5415000,55,239.274,-21740.7,49.1283,0.394733
5430000,71,297.017,-21753.1,85.7904,0.3944
5445000,71,293.53,-21741.6,76.5007,0.4088
5460000,66,272.956,-21741,82.0111,0.399238
5475000,54,211.037,-21734,56.8899,0.391867
5490000,58,243.823,-21751.7,73.5163,0.411967
5505000,73,307.656,-21759.4,73.2741,0.396533
5520000,64,291.209,-21741.7,57.4861,0.4096
5535000,69,311.519,-21748.7,59.8533,0.412467
5550000,59,255.64,-21747.5,54.7737,0.401
5565000,43,185.368,-21788.6,39.3092,0.384678
5580000,53,233.441,-21746.7,49.183,0.386467
5595000,58,255.158,-21761.9,48.2098,0.408238
5610000,66,285.081,-21758.6,75.6917,0.403867
5625000,63,276.45,-21758,61.2141,0.4126
5640000,48,192.548,-21756.8,43.7269,0.407133
5655000,58,260.639,-21752.9,57.0322,0.390547
5670000,64,271.501,-21746.7,65.7519,0.404467
5685000,61,262.513,-21739.9,58.4186,0.3994
5700000,64,278.886,-21741.4,56.6349,0.398667
5715000,55,225.686,-21756.2,57.3415,0.38616
5730000,55,215.581,-21742.8,70.375,0.4023
5745000,61,253.227,-21760.6,60.8904,0.395033
5760000,67,286.485,-21740.6,61.932,0.3923
5775000,61,256.594,-21761.6,67.6587,0.399167
5790000,61,254.72,-21774.4,57.9102,0.411667
5805000,59,246.83,-21739.7,68.4247,0.395044
5820000,62,277.346,-21763,68.635,0.3946
5835000,51,230.822,-21749.5,45.154,0.391467
5850000,49,197.949,-21754.7,58.8895,0.409117
5865000,64,263.477,-21747.8,57.7506,0.392
5880000,41,177.234,-21780.3,39.4854,0.40012
5895000,64,265.925,-21779.5,72.0192,0.3962
5910000,57,254.019,-21750.7,54.5959,0.4026
5925000,55,217.767,-21769.9,48.5789,0.394933
5940000,47,207.698,-21759.9,38.4587,0.3929
5955000,49,204.158,-21757.6,50.437,0.395533
5970000,55,228.448,-21766.1,56.5417,0.393
5985000,54,226.496,-21748.8,61.4236,0.392067
6000000,62,287.5,-21771.4,47.5382,0.39145
6015000,68,309.77,-21790.8,72.8554,0.419867
6030000,57,251.246,-21733.4,64.2422,0.410222
6045000,53,217.997,-21761.4,53.3163,0.408033
6060000,52,227.247,-21738.9,54.0118,0.397805
6075000,43,178.764,-21758.9,50.5267,0.3961
6090000,63,275.699,-21735.8,66.8122,0.393267
6105000,54,228.226,-21732.9,56.6788,0.397767
6120000,66,269.334,-21748.4,58.2258,0.395933
6135000,54,222.167,-21724.8,51.0023,0.408067
6150000,52,235.727,-21734.9,49.4936,0.400311
6165000,51,213.376,-21753.3,59.4389,0.399133
6180000,61,250.549,-21738.3,69.5709,0.401356
6195000,50,224.928,-21746,49.7807,0.406933
6210000,44,193.345,-21747.5,43.4909,0.3852
6225000,61,268.729,-21748.3,66.6862,0.3987
6240000,59,252.497,-21731.3,67.3194,0.387933
6255000,65,270.75,-21726.9,70.629,0.401867
6270000,49,219.729,-21754.9,61.876,0.403122
6285000,52,216.539,-21743.3,52.5985,0.397167
6300000,51,224.967,-21751.2,47.8926,0.397667
6315000,41,169.566,-21775.5,41.0708,0.384867
6330000,54,235.221,-21753,61.9908,0.393133
6345000,50,214.608,-21770.1,57.2356,0.3781
6360000,58,240.064,-21758.4,54.4422,0.393033
6375000,59,246.96,-21746.9,67.7658,0.3936
6390000,59,247.236,-21758.8,48.5386,0.393111
6405000,57,241.961,-21746.4,51.0641,0.405267
6420000,65,275.869,-21743.3,58.0863,0.387771
6435000,62,276.933,-21743.3,64.0071,0.400333
6450000,58,251.719,-21722.9,58.3696,0.408733
6465000,54,221.794,-21731.2,48.1337,0.398911
6480000,66,277.061,-21761.4,69.4693,0.395733
6495000,59,240.641,-21744.2,47.9428,0.406644
6510000,50,209.445,-21737.9,57.5851,0.392467
6525000,53,229.313,-21764.3,50.7914,0.39275
6540000,62,262.183,-21768.5,61.6398,0.393367
6555000,59,242.096,-21755.9,72.1411,0.400867
6570000,58,244.055,-21755.7,56.5682,0.401267
6585000,64,270.397,-21733.3,62.5343,0.409133
6600000,58,244.922,-21752.8,71.1304,0.405722
6615000,52,229.32,-21761.8,59.5918,0.3972
6630000,61,266.973,-21749.9,60.9481,0.404711
6645000,57,251.089,-21755.1,76.2229,0.405275
6660000,71,317.291,-21766.4,94.4247,0.400667
6675000,59,271.164,-21756.6,60.1138,0.390911
6690000,66,283.869,-21758.1,71.3001,0.4157
6705000,62,271.848,-21769.4,56.9235,0.410667
6720000,57,255.09,-21756,53.7695,0.398171
6735000,55,220.322,-21762.6,47.8682,0.3942
6750000,62,270.076,-21769,58.3121,0.413133
6765000,61,256.334,-21752.6,57.744,0.4
6780000,62,276.481,-21758.8,59.7647,0.401562
6795000,74,319.932,-21752.1,65.6016,0.416133
6810000,71,307.965,-21735.9,81.3095,0.417667
6825000,59,258.489,-21773.5,61.2023,0.407227
6840000,48,211.495,-21737.6,47.278,0.401693
6855000,55,228.385,-21718.2,48.5563,0.399933
6870000,67,290.99,-21714.4,69.3277,0.399067
6885000,56,229.283,-21737.3,44.6709,0.396867
6900000,65,270.032,-21749.3,73.954,0.412267
6915000,55,227.167,-21774.4,56.6516,0.4206
6930000,54,229.481,-21768.7,54.5182,0.404
6945000,61,261.003,-21750.9,76.7311,0.4052
6960000,65,279.169,-21744.6,54.912,0.412267
6975000,44,170.426,-21770.6,65.1284,0.3858
6990000,50,214.305,-21766.5,67.3564,0.405267
7005000,54,237.07,-21761.6,51.8776,0.4056
7020000,62,271.081,-21754,72.8247,0.399233
7035000,51,211.26,-21774.3,65.9992,0.394533
7050000,64,275.596,-21729.7,62.2168,0.3936
7065000,70,318.535,-21737.3,61.8731,0.4202
7080000,67,288.626,-21748.9,63.3911,0.403733
7095000,64,270.114,-21731.3,70.3322,0.408167
7110000,70,297.983,-21737.8,52.934,0.416733
7125000,72,314.371,-21728.7,67.0414,0.414933
7140000,67,284.859,-21746.1,68.721,0.407933
7155000,59,263.161,-21740.3,53.4438,0.408467
7170000,53,225.083,-21742.9,56.5241,0.401773
7185000,57,263.319,-21743.4,53.3496,0.405633
7200000,53,231.928,-21745.3,60.8092,0.391836
7215000,51,211.2,-21751.8,53.4182,0.390967
7230000,58,262.127,-21745.3,49.0412,0.391033
7245000,54,245.788,-21745.4,52.3593,0.390867
7260000,63,272.642,-21741.9,72.5724,0.398633
7275000,69,289.839,-21735,78.7312,0.400267
7290000,63,265.876,-21737.8,63.9891,0.403489
7305000,53,219.867,-21722.6,42.1464,0.4032
7320000,58,263.814,-21735.6,59.8008,0.4058
7335000,60,244.879,-21740.8,53.5588,0.392481
7350000,44,196.997,-21747.7,53.4156,0.386467
7365000,57,252.701,-21743.4,48.4263,0.401844
7380000,41,175.798,-21746.2,42.3482,0.3976
7395000,57,252.155,-21742.9,58.422,0.402158
7410000,65,274.627,-21740.2,59.4158,0.3988
7425000,64,258.653,-21721.3,65.252,0.389644
7440000,60,246.98,-21721.5,69.74,0.386867
7455000,73,315.126,-21717.4,71.9069,0.4032
7470000,71,308.268,-21708.2,60.8445,0.394533
7485000,70,286.284,-21727.7,79.2993,0.395867
7500000,66,270.015,-21732.2,80.574,0.403667
7515000,90,376.78,-21727.3,95.9369,0.399092
7530000,64,264.83,-21751.2,72.3257,0.405933
7545000,63,253.56,-21759,74.9735,0.401
7560000,74,310.156,-21729.8,58.9065,0.411378
7575000,70,312.809,-21732.1,56.8384,0.409533
7590000,62,244.084,-21745.7,69.5999,0.407156
7605000,57,235.357,-21736.6,65.6403,0.389862
7620000,67,269.225,-21748,53.6592,0.402044
7635000,59,223.112,-21727.1,49.2412,0.404867
7650000,70,304.576,-21734.7,59.7582,0.409933
7665000,70,294.952,-21750.9,66.6688,0.410733
7680000,68,306.374,-21760.2,67.7704,0.4115
7695000,66,280.255,-21726,66.878,0.4196
7710000,83,369.592,-21741.1,81.1877,0.407111
7725000,64,271.287,-21733.7,74.1374,0.417533
7740000,56,240.881,-21768.6,72.0342,0.397133
7755000,56,223.297,-21747.5,67.5115,0.4084
7770000,43,175.892,-21737.7,45.2514,0.391133
7785000,50,228.278,-21754.4,67.5157,0.386767
7800000,54,211.966,-21737.4,54.0185,0.3953
7815000,56,233.237,-21759.9,61.1549,0.394053
7830000,62,262.082,-21727.7,45.55,0.393467
7845000,53,216.421,-21758.1,67.2857,0.399667
7860000,52,224.4,-21749.7,40.362,0.388
7875000,51,216.174,-21748.4,55.0767,0.400433
7890000,53,211.477,-21746.6,57.8943,0.4006
7905000,63,269.386,-21737.9,60.2996,0.391244
7920000,62,263.315,-21741.4,61.6265,0.3986
7935000,69,312.209,-21715.1,84.297,0.399356
7950000,59,250.955,-21740.6,53.1301,0.412933
7965000,73,301.637,-21726,66.8933,0.410933
7980000,54,224.338,-21720.3,49.1462,0.393273
7995000,68,284.124,-21741.3,66.0829,0.4087
8010000,60,255.616,-21738.9,53.5492,0.400167
8025000,69,296.261,-21776.5,58.1345,0.400067
8040000,58,241.78,-21742.2,44.2113,0.4006
8055000,56,222.239,-21764.1,60.8775,0.403333
8070000,59,241.9,-21745.7,66.7617,0.3892
8085000,50,220.414,-21762.1,55.4673,0.400171
8100000,40,170.153,-21756,48.1818,0.391022
8115000,62,277.358,-21752,68.5893,0.3959
8130000,72,307.358,-21736.2,59.3096,0.399267
8145000,76,341.083,-21746.5,71.9248,0.4118
8160000,63,274.678,-21751.9,64.3599,0.387367
8175000,59,245.938,-21757.8,45.5515,0.411867
8190000,57,261.973,-21761.1,60.1737,0.394642
8205000,70,300.01,-21774.6,78.6767,0.415
8220000,48,209.563,-21762.1,46.0357,0.396556
8235000,63,244.503,-21759.3,48.0517,0.4073
8250000,54,242.525,-21742.8,42.1838,0.394111
8265000,55,242.596,-21756.2,59.7024,0.3798
8280000,53,218.57,-21732.5,38.1982,0.406844
8295000,64,272.623,-21757.6,67.4799,0.3982
8310000,63,287.711,-21741.1,64.1167,0.416267
8325000,58,251.434,-21753.4,53.7388,0.4122
8340000,39,153.837,-21765.8,43.6028,0.3818
8355000,54,250.495,-21753.9,61.0258,0.393322
8370000,59,274.02,-21767.4,66.4154,0.404867
8385000,60,256.429,-21760.6,56.7586,0.410933
8400000,55,232.46,-21727.1,49.4828,0.382206
8415000,54,237.978,-21767.9,44.1774,0.391367
8430000,50,225.032,-21769.8,50.2375,0.4028
8445000,49,209.106,-21749.6,62.7232,0.3876
8460000,41,186.688,-21771.6,36.7083,0.391533
8475000,48,196.505,-21735.8,45.3699,0.377467
8490000,50,212.917,-21726.1,56.1368,0.382867
8505000,53,222.631,-21739.9,48.2219,0.392267
8520000,79,336.751,-21726,83.7242,0.405667
8535000,63,258.384,-21734.3,52.7035,0.397622
8550000,56,235.774,-21739.6,48.6646,0.398067
8565000,61,260.831,-21745.2,62.1911,0.4104
8580000,51,217.589,-21739.2,46.9857,0.388867
8595000,53,223.492,-21750.4,57.4942,0.387569
8610000,63,274.878,-21721.5,67.0723,0.407378
8625000,48,222.489,-21760.3,57.6719,0.4006
8640000,52,222.358,-21742.7,54.2523,0.378067
8655000,70,296.825,-21745.9,79.1807,0.395067
8670000,53,220.846,-21746.9,59.3843,0.392267
8685000,48,204.454,-21754.9,53.1835,0.394857
8700000,55,242.073,-21747.7,52.7259,0.390767
8715000,60,280.815,-21729.6,53.2873,0.4054
8730000,70,315.026,-21746.1,57.7697,0.415133
8745000,63,281.92,-21742.5,54.6341,0.4194
8760000,67,299.834,-21737.4,79.2378,0.402667
8775000,71,307.598,-21743.2,78.9576,0.4154
8790000,54,241.373,-21726.5,41.79,0.391933
8805000,61,248.935,-21737.5,60.4915,0.390279
8820000,61,248.704,-21721.1,54.4396,0.393104
8835000,63,266.561,-21738.7,60.0554,0.409067
8850000,61,269.41,-21730.2,57.472,0.414467
8865000,54,228.436,-21734,55.8501,0.396133
8880000,59,244.59,-21739.1,60.3329,0.3986
8895000,37,164.072,-21760.3,46.5342,0.384933
8910000,56,243.692,-21761.4,58.7105,0.386514
8925000,47,192.655,-21758.5,51.2346,0.370633
8940000,49,202.765,-21740.9,52.9789,0.380733
8955000,47,195.651,-21741.5,50.2574,0.389889
8970000,56,239.107,-21747.7,53.0301,0.377
8985000,51,213.527,-21746.4,51.0405,0.386667
9000000,53,220.74,-21725.7,41.1956,0.387825
9015000,45,202.749,-21756.1,42.1334,0.385733
9030000,54,244.059,-21741.5,54.0792,0.401067
9045000,52,225.282,-21725.5,50.5047,0.388067
9060000,44,186.755,-21768.9,50.0487,0.392683
9075000,52,221.748,-21748.9,44.0715,0.394248
9090000,59,250.127,-21736.7,61.6701,0.3944
9105000,58,250.914,-21745.6,61.8705,0.394533
9120000,58,235.136,-21759.1,56.4911,0.397133
9135000,54,231.247,-21752.2,59.1629,0.3958
9150000,66,287.463,-21730.6,69.0343,0.406086
9165000,49,199.605,-21756.4,45.6603,0.39956
9180000,57,238.597,-21753.6,49.3727,0.4068
9195000,45,199.436,-21770,50.0262,0.3841
9210000,51,218.591,-21771.6,53.5896,0.392433
9225000,63,266.175,-21743.1,65.6851,0.402333
9240000,66,275.275,-21723.8,65.2588,0.412333
9255000,66,290.728,-21750.4,57.561,0.4018
9270000,73,316.965,-21749.8,64.6345,0.402083
9285000,50,203.722,-21770.3,44.1549,0.399933
9300000,51,217.601,-21738.7,52.2464,0.394333
9315000,57,250.179,-21761.2,56.8891,0.3856
9330000,66,278.65,-21746,65.1606,0.405733
9345000,61,255.294,-21755.6,62.7759,0.4138
9360000,60,260.611,-21786.3,61.6942,0.39632
9375000,60,255.436,-21774.9,70.1405,0.404633
9390000,51,212.42,-21749.7,54.2459,0.403844
9405000,71,287.524,-21746.4,57.4711,0.4056
9420000,64,265.776,-21742.9,63.2949,0.407733
9435000,53,228.563,-21755.5,60.4522,0.40276
9450000,61,255.116,-21731.5,61.3027,0.386867
9465000,57,242.789,-21770.8,52.8219,0.396133
9480000,66,298.95,-21733.7,69.5095,0.404033
9495000,39,159.179,-21790.5,42.5698,0.378857
9510000,63,256.089,-21769,72.4523,0.407311
9525000,61,254.74,-21762.4,62.2083,0.416067
9540000,49,215.949,-21772.4,50.2555,0.400267
9555000,46,202.3,-21775.8,47.1815,0.3825
9570000,52,227.88,-21723,43.0911,0.387033
9585000,52,223.533,-21759,73.8469,0.3878
9600000,65,269.668,-21692.6,70.6286,0.388567
9615000,47,204.134,-21760.4,53.0397,0.402853
9630000,59,262.208,-21746.7,69.3598,0.404711
9645000,63,278.438,-21742.9,67.5175,0.388911
9660000,56,236.398,-21732,51.2513,0.403267
9675000,65,284.557,-21723.1,66.4894,0.3922
9690000,58,248.041,-21737.4,55.0681,0.402133
9705000,72,312.001,-21700.8,66.5524,0.395
9720000,67,292.567,-21723.3,67.8869,0.393467
9735000,50,217.509,-21749.9,53.6337,0.396552
9750000,67,293.256,-21735.7,64.5323,0.399867
9765000,67,287.913,-21739.9,62.0662,0.399133
9780000,64,278.227,-21772,61.7529,0.393558
9795000,60,251.919,-21745.9,71.1877,0.402467
9810000,54,258.123,-21760,50.5446,0.404767
9825000,55,247.26,-21766.2,46.0661,0.418
9840000,58,245.926,-21734.9,51.641,0.407493
9855000,54,238.401,-21728.1,50.6341,0.378467
9870000,62,262.243,-21734.2,58.8166,0.386667
9885000,57,249.538,-21771.8,58.7569,0.398783
9900000,54,232.052,-21769.1,53.6449,0.389133
9915000,54,244.586,-21729.9,61.5566,0.385378
9930000,48,208.773,-21726.8,40.9069,0.3652
9945000,57,254.038,-21758.7,61.5211,0.387533
9960000,50,212.356,-21770.3,45.8443,0.3923
9975000,58,258.913,-21745.9,59.3607,0.395511
9990000,48,213.625,-21748.1,64.308,0.373933
10005000,62,268.799,-21735.9,53.7354,0.386933
10020000,75,328.225,-21731.9,69.846,0.410533
10035000,80,350.528,-21732.9,83.5799,0.414133
10050000,77,334.181,-21723.7,66.4736,0.418067
10065000,74,323.986,-21723,76.6916,0.402133
10080000,65,295.143,-21709.3,75.3913,0.403533
10095000,64,274.808,-21708.1,72.3977,0.392533
10110000,61,259.998,-21736,51.333,0.3934
10125000,76,333.444,-21772.1,88.8162,0.401233
10140000,64,281.497,-21743.8,66.1614,0.404533
10155000,45,194.481,-21732.3,47.6921,0.3924
10170000,54,228.323,-21755.1,57.7214,0.405822
10185000,49,207.333,-21733.9,72.4512,0.399022
10200000,57,261.001,-21727.7,55.1705,0.384378
10215000,50,215.934,-21744.2,51.8823,0.4006
10230000,58,249.559,-21739.4,51.958,0.390867
10245000,64,276.546,-21732.4,63.0038,0.400333
10260000,56,235.551,-21714.4,54.494,0.394813
10275000,58,250.003,-21770.6,48.9322,0.393819
10290000,62,238.796,-21762,82.6724,0.410933
10305000,71,317.989,-21736.5,75.4005,0.4121
10320000,63,274.914,-21732.5,50.7767,0.417133
10335000,64,283.508,-21729.7,66.1005,0.403067
10350000,60,245.966,-21721.3,67.1779,0.398333
10365000,60,239.72,-21719.5,53.7699,0.383667
10380000,54,230.297,-21729.7,56.902,0.388667
10395000,62,259.529,-21727.2,64.7313,0.391438
10410000,57,239.715,-21718.3,61.0728,0.412333
10425000,52,215.394,-21715.3,56.2876,0.396133
10440000,37,167.194,-21769.7,33.1764,0.395106
10455000,49,201.872,-21714.4,58.7377,0.3701
10470000,56,241.257,-21743,52.51,0.390017
10485000,47,185.413,-21757.2,42.061,0.387533
10500000,50,203.788,-21748.3,53.8752,0.397
10515000,55,241.099,-21747.8,61.3526,0.401444
10530000,55,237.106,-21757.5,49.3021,0.410033
10545000,52,229.679,-21763.8,63.5879,0.393295
10560000,59,268.451,-21739.4,72.9358,0.405711
10575000,59,240.389,-21732.6,61.4461,0.402689
10590000,64,274.49,-21719.1,68.3454,0.405333
10605000,57,248.828,-21745.8,56.5455,0.4012
10620000,61,266.397,-21747.5,64.2692,0.3987
10635000,68,306.112,-21742.8,55.6724,0.393767
10650000,68,297.346,-21735.2,58.0779,0.4126
10665000,70,306.027,-21749.5,87.0112,0.420267
10680000,60,266.726,-21744.8,64.3945,0.421733
10695000,54,223.356,-21743.8,59.1146,0.40136
10710000,54,238.227,-21760.7,52.5847,0.398633
10725000,57,223.895,-21731.5,55.1407,0.389367
10740000,52,218.21,-21735.6,57.3156,0.3938
10755000,40,158.075,-21748.4,46.9622,0.387696
10770000,44,190.128,-21766.9,44.4345,0.379733
10785000,50,205.668,-21782.2,44.7592,0.38852
10800000,50,210.889,-21741.8,52.8251,0.383367
10815000,42,181.135,-21768.5,36.8838,0.385867
10830000,46,182.51,-21751.3,39.0933,0.395778
10845000,52,210.336,-21749.5,49.1817,0.391
10860000,50,213.925,-21755.4,65.0662,0.388967
10875000,55,242.029,-21737.9,51.0248,0.398433
10890000,47,214.99,-21756.1,36.8551,0.396053
10905000,50,214.422,-21744.6,43.8016,0.391956
10920000,57,237.842,-21755.8,57.7474,0.398333
10935000,56,235.205,-21744,55.7082,0.374733
10950000,48,200.452,-21755.3,45.6227,0.392
10965000,41,157.608,-21752.3,46.5631,0.3813
10980000,45,181.521,-21758.6,51.4134,0.369433
10995000,47,184.845,-21733.9,53.8007,0.389975
11010000,49,192.864,-21743.4,59.0328,0.374733
11025000,53,223.038,-21734.3,54.6759,0.377883
11040000,47,185.525,-21749.7,55.4173,0.398333
11055000,53,223.931,-21745.6,65.1847,0.404533
11070000,61,253.135,-21741.5,66.2485,0.397844
11085000,68,311.464,-21728.3,62.2802,0.388733
11100000,57,239.163,-21759.7,49.7954,0.392825
11115000,75,341.874,-21722.6,78.7037,0.411367
11130000,70,302.873,-21733.5,64.9062,0.410067
11145000,58,250.978,-21750.2,58.4226,0.415733
11160000,64,278.563,-21725.1,56.6664,0.4141
11175000,52,216.71,-21735.1,54.176,0.396133
11190000,54,236.206,-21763.5,62.0398,0.384333
11205000,54,223.605,-21738.9,49.9548,0.39944
11220000,59,255.109,-21733.4,68.0035,0.402567
11235000,69,292.262,-21716.6,72.1413,0.3965
11250000,51,226.321,-21726,34.4948,0.405667
11265000,64,257.109,-21739.5,77.4954,0.415467
11280000,72,315.415,-21721.9,63.5642,0.408417
11295000,47,184.714,-21742.6,60.3119,0.396333
11310000,54,230.891,-21738.8,52.0227,0.4083
11325000,57,241.588,-21765.6,66.2405,0.393728
11340000,53,218.894,-21738.9,50.9881,0.3951
11355000,60,272.58,-21736.5,63.0702,0.393983
11370000,47,199.933,-21763,37.1015,0.406822
11385000,47,199.596,-21766.9,38.9561,0.3856
11400000,67,293.441,-21759.5,56.7213,0.401422
11415000,47,187.918,-21761.2,47.0987,0.405667
11430000,67,291.326,-21727.7,68.6985,0.397511
11445000,65,285.311,-21730.7,49.5768,0.397667
11460000,57,252.234,-21716.3,51.3513,0.4012
11475000,39,164.57,-21759.2,37.3536,0.390022
11490000,58,249.212,-21752.5,63.5142,0.3798
11505000,62,268.832,-21749.3,51.3829,0.389533
11520000,49,200.094,-21751.5,41.544,0.391533
11535000,62,280.626,-21726,62.9056,0.3962
11550000,55,262.898,-21739.1,51.1032,0.389689
11565000,61,263.272,-21742.4,54.4947,0.407667
11580000,63,271.451,-21748.8,51.261,0.399533
11595000,52,225.539,-21736.8,53.2934,0.400867
11610000,59,258.705,-21764.8,57.8681,0.408333
11625000,59,259.099,-21719.6,61.662,0.396367
11640000,61,270.896,-21717.2,57.4125,0.395133
11655000,55,220.143,-21743.7,57.6499,0.388829
11670000,55,242.847,-21724.7,58.1391,0.3992
11685000,77,332.614,-21739.2,67.0244,0.3984
11700000,75,329.334,-21752.2,57.0338,0.407067
11715000,47,195.596,-21752.4,55.5492,0.386817
11730000,49,211.804,-21771.1,54.686,0.396167
11745000,47,203.138,-21752,53.0483,0.384133
11760000,46,191.407,-21731.8,47.3444,0.389533
11775000,59,268.25,-21726.9,68.4168,0.397267
11790000,55,224.156,-21766.9,62.0819,0.389778
11805000,54,216.234,-21747.9,56.9821,0.416933
11820000,63,261.529,-21763.4,58.7869,0.393644
11835000,59,248.314,-21757.2,63.67,0.4067
11850000,54,226.71,-21756.6,57.6707,0.4148
11865000,69,305.971,-21727.4,82.3589,0.398489
11880000,68,298.275,-21726.6,64.2848,0.406467
11895000,64,295.89,-21721.3,56.9064,0.3994
11910000,60,257.137,-21731,51.3123,0.401217
11925000,68,313.168,-21718,69.7674,0.3919
11940000,65,290.732,-21702,60.1562,0.3948
11955000,71,322.547,-21728.5,86.0507,0.406667
11970000,62,266.639,-21740.1,62.6104,0.421933
11985000,66,277.187,-21706.7,65.4414,0.401533
12000000,57,261.365,-21732.4,66.0133,0.3934
12015000,66,281.551,-21732.4,66.7409,0.386867
12030000,66,283.345,-21725.9,65.6156,0.409133
12045000,77,343.87,-21716.2,71.0612,0.396333
12060000,57,243.101,-21740,61.6847,0.406844
12075000,77,339.886,-21722.3,78.3031,0.4073
12090000,72,318.07,-21728.9,57.7497,0.418667
12105000,69,302.724,-21734.3,79.974,0.413267
12120000,63,260.642,-21747.9,45.7771,0.407267
12135000,55,240.92,-21760.2,57.5577,0.40496
12150000,49,206.031,-21750.7,55.0914,0.3855
12165000,50,224.671,-21739.9,56.3111,0.3998
12180000,70,303.556,-21745.4,76.5501,0.421267
12195000,60,271.686,-21746.9,70.4817,0.4132
12210000,58,257.609,-21718.9,67.9554,0.404147
12225000,70,306.287,-21734.6,71.6502,0.412367
12240000,72,295.814,-21697.7,59.395,0.413567
12255000,72,309.965,-21762.7,71.1561,0.419067
12270000,58,237.998,-21751,56.8672,0.402467
12285000,51,221.155,-21762.5,53.4214,0.3904
12300000,69,296.173,-21757.4,51.8216,0.395528
12315000,61,262.515,-21749,68.0461,0.408367
12330000,63,264.69,-21712.2,64.871,0.406978
12345000,61,246.681,-21715.2,74.4166,0.399733
12360000,63,261.886,-21717,61.2549,0.393733
12375000,51,223.512,-21755,51.638,0.40316
12390000,59,236.406,-21717,45.6759,0.390633
12405000,46,202.313,-21767.6,43.978,0.388067
12420000,59,255.56,-21733.9,67.3817,0.395233
12435000,48,210.294,-21741.9,43.4623,0.398
12450000,51,226.963,-21775.7,51.5605,0.383311
12465000,57,242.773,-21745.4,61.214,0.389933
12480000,52,225.238,-21747.9,49.9422,0.392267
12495000,61,263.297,-21736.7,66.2814,0.400773
12510000,60,251.654,-21742.7,55.9534,0.3917
12525000,54,241.855,-21745.6,55.9832,0.39116
12540000,52,228.062,-21756.8,58.4723,0.4
12555000,55,240.146,-21760.5,42.0115,0.4022
12570000,47,207.971,-21788.6,36.7526,0.383467
12585000,44,201.971,-21779.6,41.6985,0.39404
12600000,47,189.294,-21753.9,47.5195,0.389562
12615000,45,200.09,-21768.2,43.4333,0.395333
12630000,57,241.34,-21775.8,59.8808,0.3939
12645000,54,248.307,-21773,48.1087,0.400567
12660000,48,217.224,-21742.4,46.9124,0.393267
12675000,50,238.254,-21770.7,51.9072,0.396167
12690000,42,183.816,-21770.8,39.2667,0.39645
12705000,35,144.811,-21773.4,39.7619,0.378733
12720000,48,220.777,-21777.4,49.4177,0.391444
12735000,41,181.932,-21762.2,41.3354,0.387133
12750000,45,200.25,-21767.3,49.58,0.391867
12765000,58,255.509,-21752.6,62.5831,0.40061
12780000,55,221.814,-21743.4,43.4094,0.410067
12795000,41,156.518,-21774.3,40.3097,0.395617
12810000,55,255.72,-21761.5,54.5814,0.394267
12825000,58,245.75,-21776.9,53.7526,0.3988
12840000,48,212.557,-21768.5,48.0964,0.390511
12855000,46,197.478,-21763.3,42.5509,0.3924
12870000,54,240.455,-21768,58.1639,0.391444
12885000,51,226.876,-21758.5,50.4812,0.390667
12900000,67,298.767,-21758.5,70.408,0.3958
12915000,65,289.477,-21759.8,57.3189,0.404533
12930000,61,249.385,-21757.2,59.0948,0.397907
12945000,55,228.015,-21737,51.4718,0.389333
12960000,59,258.056,-21738.1,60.7706,0.387067
12975000,65,267.785,-21723.3,54.3562,0.4046
12990000,62,242.58,-21702.6,64.5781,0.394667
13005000,69,294.973,-21728.7,74.8963,0.396933
13020000,57,238.549,-21748.2,64.0135,0.407867
13035000,59,247.323,-21720,52.5905,0.400067
13050000,45,188.055,-21772.1,47.2538,0.398489
13065000,50,211.621,-21737.3,47.8567,0.386067
13080000,49,208.98,-21760.6,48.3273,0.39035
13095000,47,209.838,-21775.5,49.8163,0.3978
13110000,60,246.973,-21755.9,73.3087,0.398167
13125000,52,218.58,-21762.3,56.8973,0.38205
13140000,68,301.266,-21728,72.254,0.408778
13155000,48,196.779,-21760.5,53.2395,0.388367
13170000,62,275.937,-21741.3,57.6025,0.408533
13185000,65,278.886,-21742.4,61.1926,0.40032
13200000,70,294.898,-21734.5,75.7177,0.419467
13215000,55,226.165,-21748.3,42.9708,0.405267
13230000,47,196.778,-21758.6,41.8875,0.393453
13245000,48,219.913,-21765.6,40.9913,0.3776
13260000,51,216.698,-21759.2,55.8741,0.397289
13275000,55,239.565,-21767.8,49.9826,0.398478
13290000,56,238.858,-21776.8,62.5322,0.399067
13305000,52,234.035,-21775.6,52.5852,0.407733
13320000,57,236.02,-21745,54.2605,0.403
13335000,56,233.665,-21741.9,55.1113,0.398533
13350000,50,214.515,-21772.8,48.0008,0.383867
13365000,55,232.345,-21730.4,57.2214,0.401767
13380000,57,249.367,-21740,72.3484,0.389333
13395000,68,293.103,-21735.1,58.87,0.411533
13410000,55,253.079,-21716.8,61.3655,0.390067
13425000,68,289.797,-21734.4,66.3956,0.410933
13440000,62,284.437,-21751.9,71.8526,0.3976
13455000,63,276.692,-21742.2,58.9779,0.399133
13470000,46,197.476,-21722,48.763,0.393556
13485000,52,217.375,-21756.6,56.4403,0.389933
13500000,55,230.684,-21728.9,59.4806,0.388756
13515000,47,206.456,-21753.9,53.7326,0.404867
13530000,44,186.018,-21747.8,47.2407,0.387267
13545000,59,252.613,-21725.6,59.6811,0.396178
13560000,70,280.686,-21761.1,78.9012,0.412533
13575000,61,256.042,-21725.8,61.8092,0.406533
13590000,49,233.221,-21788.2,43.9821,0.391813
13605000,50,205.839,-21752,54.0594,0.387933
13620000,51,209.029,-21740.4,55.6827,0.380867
13635000,43,185.072,-21782.2,44.9962,0.384844
13650000,49,227.139,-21781.6,49.8294,0.3816
13665000,56,253.533,-21779.3,65.3532,0.390289
13680000,46,199.684,-21749.6,39.8425,0.394667
13695000,50,206.317,-21763.8,51.8885,0.3858
13710000,50,211.487,-21764.8,44.2522,0.397133
13725000,55,230.889,-21757.6,48.7788,0.398733
13740000,49,221.038,-21760.3,46.6332,0.3942
13755000,51,226.416,-21771.1,42.6168,0.38779
13770000,52,234.345,-21763.4,45.1463,0.384775
13785000,59,258.436,-21759,47.664,0.412033
13800000,51,211.892,-21772.4,44.7645,0.403867
13815000,58,254.117,-21783.1,49.3412,0.381822
13830000,68,293.848,-21771.9,59.9811,0.414267
13845000,53,232.521,-21739,71.3619,0.403019
13860000,52,233.1,-21775.5,31.879,0.413
13875000,48,211.087,-21754.5,60.8177,0.3901
13890000,61,268.642,-21752.3,56.5395,0.4032
13905000,51,214.388,-21756.5,53.834,0.403067
13920000,49,212.895,-21768.9,50.6576,0.395689
13935000,53,235.625,-21776.8,70.3984,0.401467
13950000,48,217.739,-21774.7,39.6042,0.401667
13965000,52,213.348,-21799.7,46.362,0.39122
13980000,44,175.928,-21800.8,37.077,0.406133
13995000,55,224.08,-21739.6,47.0174,0.401889
14010000,60,254.254,-21755.8,63.4811,0.40556
14025000,49,214.302,-21745.5,46.7854,0.3874
14040000,54,224.188,-21741.3,58.4964,0.392533
14055000,55,252.978,-21745.7,56.3094,0.402533
14070000,52,224.222,-21750.8,42.9392,0.3936
14085000,53,237.12,-21766.9,45.1787,0.387633
14100000,50,221.396,-21757.3,60.9222,0.387467
14115000,49,221.955,-21737.9,40.0158,0.397533
14130000,55,244.189,-21746.2,55.944,0.401
14145000,52,214.346,-21754.6,52.9156,0.392711
14160000,54,246.292,-21748.4,56.6128,0.387567
14175000,69,304.879,-21736.6,66.7294,0.399467
14190000,63,274.665,-21745.9,57.0246,0.4026
14205000,67,274.014,-21745.1,71.6454,0.40145
14220000,59,259.111,-21737.5,61.2791,0.406933
14235000,71,309.1,-21739,68.2318,0.404978
14250000,58,234.291,-21785.9,54.3216,0.393878
14265000,55,244.58,-21760,68.8583,0.396267
14280000,49,222.797,-21774.8,44.4074,0.392067
14295000,48,200.546,-21741.5,61.2138,0.394267
14310000,61,258.014,-21736.4,52.9045,0.390483
14325000,64,288.672,-21758.1,60.2334,0.413133
14340000,63,278.678,-21746.7,59.9172,0.417
14355000,55,243.147,-21774.2,64.8469,0.411
14370000,41,184.14,-21764.2,45.1625,0.3904
14385000,48,207.292,-21761.6,39.8704,0.387533
14400000,52,227.269,-21774.7,48.5162,0.401367
14415000,47,190.931,-21756.9,51.0428,0.386133
14430000,56,247.491,-21765.5,57.7451,0.399567
14445000,70,304.744,-21734.7,77.8342,0.401933
14460000,46,214.926,-21757.7,49.1477,0.406767
14475000,41,174.781,-21762.2,40.2567,0.393642
14490000,45,202.131,-21776.9,40.0884,0.3905
14505000,61,262.397,-21754.7,60.0834,0.402217
14520000,66,279.474,-21773.9,59.7291,0.413233
14535000,54,241.779,-21755.7,56.2387,0.403533
14550000,55,237.847,-21755,52.8388,0.401133
14565000,62,267.585,-21742.2,72.4205,0.403867
14580000,64,271.566,-21771.8,70.2609,0.401767
14595000,64,281.55,-21761.8,63.3769,0.402067
14610000,46,207.248,-21744.4,54.0472,0.401067
14625000,43,179.902,-21741,47.1578,0.39594
14640000,41,178.107,-21781.8,32.2277,0.38996
14655000,52,220.008,-21761,39.3603,0.388867
14670000,45,190.254,-21763.9,41.8382,0.3889
14685000,43,178.495,-21759.1,40.3794,0.396767
14700000,51,236.914,-21760.5,49.4942,0.392627
14715000,41,180.491,-21776.3,45.6699,0.404533
14730000,53,232.063,-21768.9,58.9787,0.394356
14745000,52,214.7,-21755,54.331,0.405067
14760000,41,161.798,-21774.4,35.9567,0.388578
14775000,55,246.467,-21762.7,66.0664,0.3941
14790000,62,277.96,-21749.3,65.7599,0.388933
14805000,62,275.436,-21751.7,67.7068,0.409
14820000,48,196.099,-21758.4,46.3712,0.394117
14835000,42,177.199,-21763.1,32.2392,0.383267
14850000,61,274.2,-21775.8,45.0524,0.3869
14865000,56,248.047,-21755.4,54.8646,0.39825
14880000,45,187.614,-21759.9,39.5587,0.394267
14895000,50,214.738,-21751.7,53.2143,0.390933
14910000,52,224.611,-21749.3,50.5776,0.398067
14925000,49,219.581,-21761.2,37.592,0.405733
14940000,57,242.407,-21782.4,60.1498,0.4068
14955000,67,289.065,-21744.2,64.1207,0.384442
14970000,71,297.043,-21747.5,75.9637,0.411133
14985000,62,260.097,-21751.3,62.0639,0.417267
15000000,55,240.607,-21761.6,41.498,0.400913
15015000,60,243.994,-21753.2,71.6622,0.412267
15030000,46,203.849,-21746.8,48.5445,0.400467
15045000,46,210.06,-21751.2,40.1154,0.388867
15060000,64,298.176,-21744.2,55.6101,0.405133
15075000,53,230.622,-21744.5,43.067,0.394133
15090000,58,249.151,-21751.3,75.8197,0.394667
15105000,61,262.818,-21762.1,65.0173,0.395667
15120000,77,326.565,-21751.9,83.097,0.4068
15135000,47,206.666,-21763.8,47.2812,0.391392
15150000,57,245.509,-21761,50.9837,0.3936
15165000,40,167.628,-21770.1,46.7653,0.400462
15180000,46,208.607,-21766.8,40.0109,0.3761
15195000,47,198.629,-21765.5,54.0329,0.383567
15210000,55,249.814,-21737.5,62.2014,0.406173
15225000,49,215.262,-21750.5,45.4946,0.383133
15240000,56,233.812,-21768.2,45.2461,0.394756
15255000,58,238.423,-21757.8,66.8391,0.390067
15270000,43,194.754,-21767.8,37.7736,0.389967
15285000,58,243.659,-21766.6,48.272,0.393978
15300000,53,234.786,-21764,58.6328,0.396089
15315000,48,202.418,-21763.9,57.3908,0.382667
15330000,42,168.254,-21782.2,44.3405,0.398933
15345000,50,225.532,-21766,46.3619,0.389622
15360000,61,274.777,-21760.6,68.256,0.4028
15375000,52,238.046,-21786.3,56.7971,0.402
15390000,55,227.312,-21769.7,46.9409,0.3956
15405000,46,196.27,-21787,43.096,0.37924
15420000,42,184.292,-21765.5,50.2019,0.380867
15435000,64,286.214,-21755.4,65.4215,0.396244
15450000,68,304.15,-21760.3,66.7628,0.4042
15465000,60,246.677,-21740.5,54.3544,0.38744
15480000,63,258.347,-21743.8,83.1288,0.385667
15495000,57,241.295,-21746.6,49.6797,0.401533
15510000,59,252.1,-21737.8,62.3177,0.382133
15525000,61,254.774,-21756.8,63.3613,0.387667
15540000,48,190.191,-21743.9,53.1721,0.384333
15555000,56,240.099,-21764.8,64.6282,0.40519
15570000,66,289.244,-21782.9,59.9653,0.410533
15585000,61,253.838,-21756.2,60.1369,0.402733
15600000,56,241.679,-21748.1,65.2989,0.411467
15615000,60,249.467,-21743.9,62.9218,0.383
15630000,78,315.592,-21757.6,72.2537,0.415467
15645000,52,227.944,-21755.9,46.6201,0.3898
15660000,69,294.306,-21740.4,75.5421,0.414767
15675000,48,211.005,-21724.7,49.7818,0.396833
15690000,62,264.574,-21747.8,58.9885,0.395367
15705000,57,238.207,-21747,42.6919,0.402533
15720000,62,253.861,-21739.7,68.4388,0.396533
15735000,67,291.638,-21761.7,66.2988,0.392287
15750000,54,233.086,-21750.2,55.6849,0.3994
15765000,52,216.874,-21737.6,52.0407,0.397378
15780000,54,242.005,-21715.1,61.1236,0.402619
15795000,53,216.489,-21731.5,47.7705,0.391467
15810000,47,192.189,-21751.7,60.8008,0.388644
15825000,69,296.064,-21734.5,75.515,0.403853
15840000,56,233.886,-21747,51.9463,0.3936
15855000,56,236.547,-21729.3,66.4174,0.410467
15870000,57,238.81,-21745.9,64.3249,0.4026
15885000,67,293.663,-21744.3,65.0577,0.390756
15900000,53,209.62,-21718.1,58.1074,0.411467
15915000,58,251.631,-21743.2,63.0186,0.396105
15930000,66,269.141,-21743.6,61.794,0.409
15945000,57,246.163,-21748.7,63.2923,0.4098
15960000,58,237.263,-21755,57.1078,0.3966
15975000,57,233.501,-21712.4,59.5981,0.408667
15990000,50,205.754,-21762.8,53.7188,0.398975
16005000,42,174.989,-21777.9,46.9282,0.3992
16020000,57,231.448,-21728.2,56.2572,0.405622
16035000,45,192.993,-21759.9,40.638,0.389267
16050000,64,275.037,-21754.1,64.5592,0.396829
16065000,73,301.741,-21728,55.1923,0.390644
16080000,54,243.6,-21755.7,46.1267,0.400044
16095000,62,252.892,-21745,82.1917,0.411233
16110000,58,239.232,-21751.7,69.9447,0.404
16125000,52,214.871,-21730.4,58.4177,0.388933
16140000,73,325.696,-21745.3,68.6682,0.406389
16155000,67,288.125,-21746.7,52.1518,0.4186
16170000,45,178.581,-21765.6,50.9721,0.401583
16185000,50,209.598,-21762.1,49.6775,0.414
16200000,59,224.988,-21768.5,65.89,0.403956
16215000,55,239.67,-21751.7,61.6542,0.401333
16230000,48,186.703,-21757.7,47.394,0.392181
16245000,46,187.774,-21748.7,39.5309,0.3844
16260000,53,218.334,-21747,69.752,0.391733
16275000,66,281.902,-21760.2,68.9783,0.410067
16290000,69,306.033,-21751.1,65.7217,0.404427
16305000,60,266.551,-21754.2,55.3392,0.403633
16320000,52,235.3,-21741.7,45.4695,0.400667
16335000,57,240.789,-21732.3,74.6496,0.395067
16350000,41,164.516,-21774,38.7686,0.373944
16365000,59,267.184,-21727.9,66.8091,0.390644
16380000,48,202.79,-21731.9,46.7115,0.395533
16395000,54,235.698,-21746.3,47.8307,0.404167
16410000,56,250.403,-21751.8,57.0069,0.394
16425000,47,194.694,-21753.2,44.6503,0.3932
16440000,55,231.551,-21742.9,47.8875,0.389867
16455000,48,204.041,-21757.5,45.261,0.3956
16470000,58,245.938,-21725.6,46.4631,0.386589
16485000,55,234.117,-21751.3,59.7474,0.3732
16500000,44,184,-21752.4,50.4597,0.378387
16515000,48,214.565,-21752.1,59.7817,0.385767
16530000,51,215.585,-21749,52.5583,0.383667
16545000,50,215.051,-21749,53.9854,0.403933
16560000,56,228.375,-21741.6,57.205,0.3936
16575000,50,205.873,-21744.4,57.1443,0.399
16590000,63,274.962,-21738.8,70.3097,0.4112
16605000,52,209.624,-21744.4,53.8968,0.408333
16620000,40,188.056,-21774.2,32.8824,0.395686
16635000,53,235.351,-21743.9,55.3199,0.400967
16650000,54,214.021,-21745.8,54.0717,0.394123
16665000,67,295.988,-21754.2,67.311,0.403956
16680000,75,340.684,-21756.8,85.06,0.415133
16695000,52,224.49,-21748.1,59.6245,0.418133
16710000,43,178.065,-21778.7,40.4125,0.3886
16725000,52,236.158,-21755.6,47.7199,0.394389
16740000,60,267.632,-21744.3,70.1431,0.407556
16755000,55,242.123,-21740.4,60.377,0.4018
16770000,69,296.853,-21732.6,75.5193,0.4126
16785000,61,256.827,-21740.5,49.9138,0.413822
16800000,60,258.89,-21744.6,61.9376,0.404533
16815000,49,211.311,-21730.6,57.9075,0.39665
16830000,46,201.439,-21739.1,50.5403,0.381467
16845000,58,249.909,-21730,56.3251,0.373667
16860000,57,253.414,-21739.3,50.2958,0.398467
16875000,77,336.729,-21730.1,64.318,0.404813
16890000,82,352.918,-21727.1,84.8966,0.415067
16905000,73,311.661,-21732.5,75.8094,0.403933
16920000,61,269.876,-21756.8,54.4338,0.4008
16935000,63,276.766,-21742.2,57.6656,0.398733
16950000,61,261.506,-21761.8,60.9481,0.416367
16965000,53,233.201,-21720.3,54.8998,0.4136
16980000,66,281.744,-21734.1,63.1705,0.396667
16995000,67,282.617,-21719.1,68.4268,0.403289
17010000,64,274.427,-21744.3,69.8044,0.397267
17025000,59,254.541,-21723.5,67.7605,0.395867
17040000,70,302.115,-21702.4,75.3014,0.4076
17055000,51,223.279,-21744.8,49.0135,0.3994
17070000,66,277.314,-21727.2,84.0034,0.394633
17085000,63,279.812,-21728.6,51.364,0.392533
17100000,68,300.75,-21740,64.1193,0.409467
17115000,75,343.66,-21723.6,70.984,0.4054
17130000,72,313.577,-21717.2,68.9793,0.414933
17145000,36,158.681,-21777.2,42.2886,0.390114
17160000,66,297.259,-21744.1,61.1905,0.395914
17175000,81,367.984,-21748.1,76.0667,0.418667
17190000,74,328.729,-21709.1,78.2869,0.415283
17205000,61,274.518,-21735.8,59.3715,0.400683
17220000,74,321.88,-21740.2,77.3274,0.410533
17235000,60,272.649,-21734.9,49.4995,0.402967
17250000,47,210.895,-21738.1,40.3395,0.3834
17265000,66,285.377,-21722.8,65.995,0.397
17280000,68,302.646,-21715.2,69.7442,0.393733
17295000,43,166.195,-21749,39.2058,0.384178
17310000,69,299.184,-21720.2,75.5411,0.385633
17325000,54,249.768,-21733.8,50.0199,0.3891
17340000,53,229.152,-21720.5,53.7458,0.4031
17355000,52,215.864,-21762.5,45.6207,0.383311
17370000,54,229.594,-21766.7,56.806,0.402467
17385000,53,219.328,-21734.4,65.2645,0.392311
17400000,47,211.687,-21761.3,48.2855,0.395173
17415000,67,278.182,-21737,69.8912,0.406867
17430000,60,269.849,-21724.4,76.0158,0.393733
17445000,62,259.331,-21761,49.2267,0.38212
17460000,69,308.46,-21732.3,74.3594,0.401733
17475000,56,239.236,-21758.6,57.6843,0.401627
17490000,49,213.815,-21755.9,50.7349,0.388567
17505000,50,202.589,-21746.6,50.0541,0.401493
17520000,61,250.486,-21764.2,59.9138,0.4053
17535000,55,230.568,-21725.7,45.9609,0.400667
17550000,51,217.586,-21738,42.0115,0.3999
17565000,61,251.506,-21733,68.2825,0.3956
17580000,55,241.23,-21741.5,47.5003,0.393067
17595000,59,257.821,-21745.7,59.3731,0.400467
17610000,53,236.565,-21762.2,37.1466,0.398696
17625000,60,259.591,-21744.7,68.3932,0.407147
17640000,50,221.502,-21756.6,68.2726,0.4031
17655000,50,207.745,-21767.5,64.8205,0.3862
17670000,47,210.801,-21747.1,44.0643,0.4062
17685000,46,203.715,-21771.6,41.3147,0.387333
17700000,38,169.487,-21770.3,42.4081,0.387778
17715000,53,232.696,-21765.3,56.9633,0.395
17730000,53,240.326,-21768.8,56.4523,0.387233
17745000,57,252.757,-21755,56.5791,0.391914
17760000,58,251.743,-21753,70.168,0.398133
17775000,59,255.531,-21773,56.8893,0.414867
17790000,46,193.119,-21788.7,36.5173,0.4008
17805000,57,251.656,-21729.4,56.8017,0.390733
17820000,48,199.172,-21752.3,41.8724,0.39065
17835000,49,214.492,-21754.6,55.3567,0.378333
17850000,54,236.975,-21752.1,53.0121,0.395067
17865000,51,221.169,-21777.4,53.1404,0.395947
17880000,50,221.653,-21758,38.9165,0.395733
17895000,59,256.957,-21778.4,48.7726,0.399667
17910000,43,180.696,-21749.1,30.8687,0.39425
17925000,48,215.834,-21751.9,42.8471,0.402633
17940000,52,223.91,-21764.7,52.1385,0.393756
17955000,54,213.24,-21763.1,56.8923,0.398267
17970000,53,235.172,-21761.7,51.9437,0.396067
17985000,39,179.038,-21770.7,36.4063,0.40175
18000000,66,280.913,-21762.6,67.345,0.4057
18015000,52,223.948,-21750.3,56.4746,0.415067
18030000,62,267.788,-21749.7,63.1172,0.400708
18045000,56,240.943,-21774.9,57.0321,0.39305
18060000,48,197.419,-21804.6,44.077,0.396533
18075000,49,221.962,-21773.6,48.6226,0.400367
18090000,57,245.584,-21748.7,66.4875,0.394333
18105000,59,241.776,-21756.4,61.287,0.409267
18120000,51,222.371,-21765.9,46.5026,0.399883
18135000,71,311.463,-21756.5,64.5982,0.402933
18150000,56,246.582,-21760.4,55.3247,0.404067
18165000,46,198.098,-21714.3,44.192,0.3907
18180000,54,239.127,-21739.3,45.3018,0.392
18195000,52,227.693,-21729.4,47.5031,0.389133
18210000,52,219.049,-21742.4,52.5437,0.3982
18225000,56,240.197,-21746.2,57.9633,0.393827
18240000,51,228.498,-21756.3,51.3321,0.392733
18255000,45,185.311,-21779.6,33.9523,0.39437
18270000,63,264.597,-21723.5,66.423,0.395033
18285000,47,202.664,-21767.4,47.0236,0.396511
18300000,47,200.594,-21761.2,37.4519,0.3852
18315000,60,254.834,-21748.3,54.8996,0.402422
18330000,47,177.122,-21755.2,45.8557,0.388707
18345000,58,261.453,-21735.9,59.0692,0.384267
18360000,50,195.31,-21745.2,54.0856,0.3884
18375000,59,260.896,-21757.6,64.514,0.392767
18390000,51,221.155,-21739.4,60.7235,0.389733
18405000,48,198.363,-21760.3,42.5948,0.392743
18420000,52,214.664,-21771.4,44.2289,0.404533
18435000,50,221.631,-21758.6,45.6543,0.404867
18450000,61,259.809,-21735.2,58.2374,0.408747
18465000,59,239.076,-21725.8,62.2672,0.400933
18480000,53,237.301,-21755,62.2909,0.397022
18495000,64,264.663,-21757.8,81.5713,0.410267
18510000,76,333.466,-21762.5,82.8973,0.426067
18525000,62,280.449,-21765.4,63.1191,0.4324
18540000,68,297.667,-21730.6,63.7462,0.408933
18555000,75,338.329,-21707.1,67.1919,0.4148
18570000,57,252.407,-21707.9,53.6567,0.413933
18585000,71,307.407,-21724.5,72.8355,0.417
18600000,58,246.117,-21706.5,51.1043,0.401067
18615000,76,332.459,-21760,77.8919,0.400711
18630000,57,237.023,-21750.8,56.9583,0.415933
18645000,57,216.505,-21747,45.2769,0.392
18660000,54,244.15,-21749.3,58.5588,0.39045
18675000,52,218.22,-21763.3,46.7444,0.387467
18690000,58,254.856,-21725.3,66.9026,0.3936
18705000,48,211.977,-21769.5,48.0981,0.391167
18720000,38,160.218,-21767.2,43.5519,0.382733
18735000,34,154.762,-21788.9,27.8336,0.399143
18750000,42,186.932,-21781.1,29.3332,0.375533
18765000,53,219.526,-21783.4,56.6725,0.4108
18780000,46,173.247,-21773.4,40.9637,0.386717
18795000,62,287.996,-21783.1,62.8623,0.4023
18810000,67,296.831,-21760.1,90.6586,0.422133
18825000,59,265.688,-21763.1,45.1787,0.4104
18840000,58,247.901,-21741.6,53.5294,0.398067
18855000,54,218.985,-21764.2,48.0558,0.39372
18870000,59,238.278,-21754.8,60.3971,0.392067
18885000,48,208.168,-21755.2,53.8649,0.396222
18900000,61,265.287,-21764.9,58.0063,0.4088
18915000,54,236.238,-21772.9,60.1674,0.407467
18930000,56,245.409,-21735,58.1093,0.399044
18945000,57,247.25,-21741.3,61.46,0.397333
18960000,50,219.159,-21767.1,55.9723,0.396852
18975000,46,195.602,-21741.4,49.9419,0.3976
18990000,68,297.662,-21768.9,63.9021,0.393844
19005000,64,265.759,-21718.8,61.8941,0.4058
19020000,75,331.438,-21701.5,64.9975,0.412333
19035000,66,289.792,-21745.7,70.8033,0.409044
19050000,64,275.858,-21700.2,76.3696,0.416667
19065000,79,349.553,-21713.8,78.9119,0.4198
19080000,74,331.98,-21709.7,66.1322,0.415333
19095000,72,321.931,-21688.7,85.0148,0.399867
19110000,55,224.971,-21706.9,41.2851,0.408067
19125000,67,295.053,-21710.8,74.9199,0.398267
19140000,74,320.474,-21708.5,65.8481,0.4268
19155000,58,250.305,-21749.9,41.6356,0.404733
19170000,53,208.155,-21729.2,76.7743,0.412033
19185000,56,222.266,-21717.1,66.8525,0.371067
19200000,51,231.968,-21773.8,34.1995,0.407533
19215000,61,264.953,-21720.7,55.6361,0.400433
19230000,58,265.04,-21767.7,57.97,0.405367
19245000,67,273.794,-21708.6,60.3097,0.4027
19260000,55,239.174,-21750.7,58.6727,0.392305
19275000,65,263.611,-21707.9,60.1723,0.400567
19290000,68,273.879,-21692.5,63.98,0.393533
19305000,66,282.016,-21687.2,71.3462,0.400133
19320000,72,318.516,-21692.8,74.4671,0.402267
19335000,80,327.771,-21700.8,73.2539,0.4146
19350000,75,333.139,-21702.7,77.745,0.402933
19365000,77,324.386,-21707.7,86.2405,0.405467
19380000,64,279.965,-21716.2,77.7783,0.408533
19395000,57,235.165,-21745.4,57.4701,0.393622
19410000,57,243.041,-21746.4,48.5618,0.408833
19425000,60,263.07,-21739.9,50.5476,0.415267
19440000,57,241.958,-21748.7,60.8336,0.396533
19455000,50,198.898,-21719.2,57.5763,0.400267
19470000,66,255.64,-21733.9,65.3756,0.38748
19485000,52,211.883,-21745.8,61.7074,0.3913
19500000,58,234.882,-21737.2,56.6471,0.396967
19515000,67,283.433,-21744.7,63.5739,0.404267
19530000,66,290.247,-21732.5,65.4233,0.402333
19545000,61,269.433,-21737,56.6285,0.398317
19560000,79,329.175,-21720.1,82.5577,0.4096
19575000,61,252.464,-21730.2,60.8863,0.402667
19590000,56,238.98,-21766.9,53.0355,0.395711
19605000,55,231.056,-21740.7,65.2359,0.39015
19620000,57,241.908,-21732.2,55.6721,0.406067
19635000,70,279.478,-21723.2,69.167,0.391083
19650000,60,249.728,-21726.6,61.1891,0.3982
19665000,47,190.714,-21751.5,45.7767,0.395022
19680000,60,235.426,-21750,51.5855,0.3984
19695000,49,203.033,-21737.3,50.006,0.391133
19710000,51,207.703,-21740.4,39.5387,0.401083
19725000,45,204.96,-21748.1,46.3905,0.370333
19740000,48,198.485,-21738.2,48.7491,0.3855
19755000,56,237.923,-21739.2,53.6997,0.391533
19770000,61,248.422,-21746.6,59.1923,0.4044
19785000,53,213.757,-21740.6,66.4357,0.411333
19800000,52,219.838,-21762.6,47.7879,0.39512
19815000,49,204.56,-21753.2,58.9615,0.4024
19830000,55,209.727,-21727.5,70.0005,0.382385
19845000,47,204.165,-21741.8,45.8253,0.380667
19860000,47,197.725,-21752.3,39.8261,0.389267
19875000,58,240.559,-21742.6,57.4032,0.392467
19890000,74,318.654,-21739.6,68.939,0.3911
19905000,54,221.954,-21735.3,50.2809,0.398167
19920000,51,211.548,-21739.3,41.7922,0.394411
19935000,46,196.819,-21747.1,51.7099,0.389267
19950000,60,253.561,-21738.4,52.0219,0.383733
19965000,57,242.025,-21736.7,58.383,0.402067
19980000,49,212.878,-21742.1,44.5127,0.387267
19995000,56,242.773,-21747.8,59.1957,0.390644
20010000,57,240.43,-21715.3,50.2052,0.401533
20025000,70,304.317,-21717.9,63.876,0.402267
20040000,58,255.278,-21728.4,60.8699,0.402733
20055000,49,202.373,-21775.8,42.2537,0.390867
20070000,55,235.988,-21758,63.0548,0.3884
20085000,46,189.11,-21762.7,52.078,0.384867
20100000,58,245.656,-21740.7,54.6522,0.403167
20115000,65,273.293,-21726.6,62.8506,0.4018
20130000,49,201.92,-21731.2,52.803,0.39
20145000,52,215.727,-21730.8,46.7519,0.388867
20160000,62,262.652,-21737.6,74.1127,0.398067
20175000,66,279.914,-21725.4,66.926,0.3977
20190000,51,212.986,-21727.4,55.9654,0.390667
20205000,44,183.623,-21742.4,28.5623,0.364667
20220000,45,192.265,-21747.3,41.8014,0.375067
20235000,60,249.093,-21718.7,72.8079,0.399147
20250000,77,320.698,-21719.2,77.1148,0.405333
20265000,58,246.816,-21724.2,68.5304,0.387119
20280000,65,277.125,-21741.8,57.22,0.3983
20295000,65,284.066,-21728.5,55.3501,0.4006
20310000,63,269.612,-21703.9,63.6855,0.3882
20325000,59,267.799,-21718.1,61.6208,0.394333
20340000,61,257.732,-21708.4,64.3899,0.391733
20355000,65,258.959,-21709.1,67.3497,0.397143
20370000,76,324.927,-21720.2,76.0835,0.394467
20385000,69,286.14,-21700,82.251,0.401556
20400000,72,321.183,-21711.8,81.0499,0.409533
20415000,80,334.11,-21712.5,64.5502,0.411289
20430000,71,300.978,-21720.8,74.8026,0.411933
20445000,69,301.782,-21721.7,85.9371,0.4004
20460000,71,311.517,-21725.3,56.7563,0.414267
20475000,62,275.647,-21726.5,61.6569,0.413267
20490000,66,294.813,-21713,55.2086,0.397
20505000,71,306.879,-21713.4,69.5373,0.409933
20520000,75,303.198,-21721.3,82.7529,0.412733
20535000,70,313.211,-21717.9,75.306,0.409667
20550000,74,317.39,-21722.9,83.6894,0.40352
20565000,68,292.062,-21721.7,75.4738,0.403567
20580000,78,315.138,-21733,81.7563,0.410867
20595000,81,349.622,-21707.8,86.0549,0.425067
20610000,54,230.687,-21749.5,60.2041,0.4008
20625000,58,235.582,-21728.3,63.7254,0.4032
20640000,59,245.919,-21738.9,50.4277,0.391267
20655000,58,264.365,-21726.3,58.6784,0.399733
20670000,60,255.968,-21731.5,48.1942,0.4038
20685000,68,305.125,-21740.5,66.4417,0.392622
20700000,70,298.28,-21731,60.9293,0.413467
20715000,72,316.994,-21740.7,62.1651,0.4062
20730000,56,237.772,-21733.7,57.6485,0.416867
20745000,66,285.715,-21762.3,75.1902,0.416133
20760000,62,279.533,-21734.7,60.2755,0.413011
20775000,38,145.19,-21759,31.7853,0.392642
20790000,58,254.286,-21734.8,59.7237,0.390733
20805000,43,183.702,-21755.9,48.0835,0.389567
20820000,60,257.094,-21725.1,72.0727,0.4014
20835000,78,344.636,-21717.2,81.7486,0.3984
20850000,73,298.065,-21737.9,74.9372,0.396733
20865000,56,218.509,-21738.3,43.7631,0.4036
20880000,60,268.677,-21744.3,64.5658,0.412422
20895000,61,269.808,-21730,60.9254,0.395167
20910000,65,292.174,-21729.4,60.2028,0.409133
20925000,82,331.264,-21707,87.2514,0.388575
20940000,77,333.197,-21708.5,100.033,0.419467
20955000,63,271.249,-21738.2,72.4327,0.413467
20970000,60,251.931,-21734.1,60.4689,0.413133
20985000,59,246.455,-21721,77.4313,0.390333
21000000,60,258.64,-21728.1,69.6424,0.403667
21015000,54,225.495,-21723.5,51.6518,0.3815
21030000,57,252.313,-21730.1,45.8377,0.396
21045000,65,283.429,-21723.1,56.6849,0.4064
21060000,61,255.995,-21716.8,65.9078,0.396622
21075000,68,305.277,-21735.4,66.2634,0.4058
21090000,72,297.606,-21720.4,66.408,0.409733
21105000,59,235.114,-21729.1,61.0939,0.395689
21120000,55,233.164,-21741.8,56.1307,0.399867
21135000,63,260.652,-21748.8,62.9848,0.395455
21150000,73,319.047,-21724.5,52.5252,0.415233
21165000,65,272.706,-21723.6,69.3037,0.4016
21180000,61,255.584,-21739.8,69.4603,0.4004
21195000,65,274.266,-21753.8,61.2248,0.416667
21210000,65,281.956,-21746.1,61.257,0.4134
21225000,62,272.971,-21756.9,56.5123,0.406089
21240000,72,308.438,-21743.5,78.9154,0.405267
21255000,53,213.868,-21747.2,54.4434,0.403911
21270000,63,274.123,-21701.9,52.5968,0.399433
21285000,58,232.088,-21727.2,71.6065,0.388267
21300000,59,244.434,-21744.4,57.8688,0.399633
21315000,53,223.136,-21744.6,51.3217,0.402733
21330000,63,262.331,-21745.2,66.4515,0.4066
21345000,58,242.472,-21736.7,61.9777,0.395493
21360000,62,269.413,-21730.9,69.1225,0.388947
21375000,59,241.377,-21710.5,55.028,0.4096
21390000,49,216.281,-21757.3,38.3819,0.402183
21405000,56,252.716,-21733.2,52.1037,0.388867
21420000,73,302.207,-21762.2,81.8257,0.4182
21435000,45,187.985,-21759,46.7752,0.3955
21450000,50,202.06,-21751.1,54.7044,0.408233
21465000,47,216.04,-21751.2,47.0391,0.3845
21480000,64,281.157,-21730,57.8893,0.396029
21495000,55,249.513,-21754.5,68.7951,0.392833
21510000,49,222.553,-21731.6,45.4954,0.4031
21525000,55,227.925,-21750.4,70.0391,0.394533
21540000,60,242.879,-21738.2,60.0437,0.392867
21555000,61,262.51,-21737.8,68.3954,0.406067
21570000,50,189.219,-21756.8,53.198,0.396617
21585000,49,208.192,-21752.3,58.1309,0.3978
21600000,55,230.923,-21776.1,51.0356,0.3878
21615000,54,229.181,-21744.2,51.7681,0.391644
21630000,52,219.479,-21756.1,53.5341,0.3876
21645000,46,192.892,-21746.9,43.9263,0.3867
21660000,52,211.805,-21755.7,43.606,0.398817
21675000,52,214.628,-21783.7,50.3487,0.381667
21690000,48,199.262,-21753.4,55.0814,0.37385
21705000,43,193.259,-21758.6,38.4852,0.375867
21720000,51,229.684,-21771.1,57.4566,0.396133
21735000,55,225.962,-21744.9,52.8968,0.387067
21750000,50,212.281,-21739,42.6648,0.396307
21765000,51,225.527,-21756.3,55.7846,0.398533
21780000,53,235.279,-21746.8,53.2028,0.387
21795000,43,182.376,-21782.4,32.2799,0.38152
21810000,47,207.515,-21743.2,52.0101,0.403533
21825000,53,238.599,-21749.7,54.1609,0.413533
21840000,80,343.298,-21721.8,74.2066,0.401233
21855000,60,264.861,-21753,64.606,0.412667
21870000,64,282.708,-21749.7,69.4425,0.405
21885000,71,306.597,-21762.7,69.97,0.407233
21900000,40,160.781,-21782.1,39.6211,0.383733
21915000,62,274.939,-21751.1,66.698,0.410711
21930000,56,227.163,-21722.2,59.6918,0.406667
21945000,48,197.71,-21753,40.2198,0.3942
21960000,63,270.936,-21779.6,70.1105,0.402053
21975000,60,269.247,-21759.9,66.8796,0.403067
21990000,53,221.333,-21756.5,47.2258,0.409733
22005000,50,200.518,-21736.8,49.6138,0.388867
22020000,49,218.262,-21771.5,38.9799,0.386117
22035000,57,250.954,-21753.4,55.2083,0.3857
22050000,68,287.168,-21750.2,67.2935,0.412733
22065000,66,292.596,-21735.7,71.9969,0.41156
22080000,74,295.403,-21744.9,74.4505,0.410833
22095000,46,191.515,-21756.4,58.1378,0.39964
22110000,47,212.875,-21756.5,43.6299,0.395467
22125000,65,272.288,-21750.7,61.4827,0.408067
22140000,62,267.928,-21738.6,66.9466,0.403778
22155000,60,265.098,-21752,55.7994,0.384533
22170000,48,210.965,-21765.1,45.4151,0.397467
22185000,62,260.493,-21732.7,59.8886,0.3981
22200000,58,255.432,-21749.7,67.3661,0.41155
22215000,58,254.701,-21759,53.4656,0.407533
22230000,41,179.642,-21789,46.8895,0.395433
22245000,61,252.074,-21743.9,59.2785,0.3982
22260000,65,301.289,-21761,54.0963,0.408267
22275000,76,336.366,-21753.1,64.2011,0.398778
22290000,78,344.343,-21733.3,77.2584,0.417667
22305000,71,306.192,-21736.3,64.6718,0.412667
22320000,47,184.549,-21762.6,40.9499,0.397
22335000,48,209.591,-21761.1,43.1005,0.399707
22350000,46,197.684,-21760.6,43.3858,0.3782
22365000,58,249.801,-21747.1,49.3691,0.396883
22380000,57,240.854,-21734.3,48.8926,0.379233
22395000,58,248.766,-21738.2,55.0621,0.3914
22410000,61,261.907,-21738,59.2152,0.395347
22425000,71,307.501,-21731.9,68.9443,0.391767
22440000,65,275.922,-21760.9,67.6679,0.405083
22455000,50,202.376,-21734,54.519,0.398044
22470000,52,219.553,-21736.6,54.6185,0.388467
22485000,58,259.546,-21715.8,71.4769,0.3824
22500000,57,252.952,-21732.9,45.9679,0.402133
22515000,62,248.484,-21720.2,55.8763,0.394533
22530000,64,275.387,-21773.3,62.4462,0.400333
22545000,66,283.651,-21692.2,65.0442,0.4126
22560000,57,253.245,-21703.7,46.5321,0.390933
22575000,56,247.384,-21718.3,56.661,0.3998
22590000,61,256.602,-21740,66.8696,0.395253
22605000,54,235.599,-21768.3,49.9532,0.405773
22620000,75,327.955,-21728.6,68.2303,0.398622
22635000,68,303.088,-21735,62.395,0.417667
22650000,58,248.987,-21758.5,63.9052,0.405
22665000,63,272.674,-21746.5,63.6697,0.405627
22680000,65,289.256,-21751.3,72.9234,0.39776
22695000,61,281.209,-21741.8,75.0488,0.3962
22710000,58,245.155,-21734.1,52.1203,0.396533
22725000,46,188.731,-21728.2,40.1802,0.3918
22740000,62,259.211,-21741.2,51.8431,0.394227
22755000,51,236.538,-21743.5,44.9852,0.391
22770000,57,247.521,-21744.5,49.332,0.3994
22785000,61,260.215,-21750.8,69.6198,0.403533
22800000,57,224.09,-21766.2,57.327,0.413667
22815000,58,218.507,-21751.5,63.9767,0.391356
22830000,62,269.536,-21747.4,78.1266,0.379029
22845000,58,255.946,-21745.5,57.3461,0.406133
22860000,61,250.088,-21756.9,54.3093,0.408467
22875000,51,221.168,-21751.9,48.8205,0.390311
22890000,45,196.652,-21772.6,51.7715,0.402467
22905000,53,225.122,-21762.2,63.946,0.400233
22920000,52,227.436,-21775.6,61.8212,0.390733
22935000,52,217.144,-21748.4,51.0361,0.379533
22950000,52,217.289,-21757.8,47.5532,0.395
22965000,66,298.509,-21745.2,79.0516,0.387356
22980000,62,271.363,-21721.4,42.9738,0.417
22995000,64,284.243,-21756.2,58.8577,0.401556
23010000,54,220.672,-21739.7,59.6013,0.3865
23025000,65,271.45,-21741.3,73.49,0.403333
23040000,64,276.371,-21755.4,68.8655,0.396978
23055000,56,242.582,-21738.5,56.2884,0.398867
23070000,61,269.596,-21730.6,57.0595,0.4036
23085000,59,247.554,-21776.6,49.7802,0.395356
23100000,53,232.263,-21724.9,46.4346,0.3938
23115000,62,263.834,-21738.6,53.3672,0.396933
23130000,50,202.705,-21752.6,40.9499,0.408711
23145000,45,174.303,-21768.3,44.9345,0.388671
23160000,55,227.867,-21753.4,53.6394,0.381933
23175000,62,263.596,-21709.5,55.4787,0.40165
23190000,73,328.571,-21720.2,70.5195,0.408267
23205000,61,266.202,-21743.5,58.2614,0.3958
23220000,77,335.088,-21719,65.7178,0.393222
23235000,72,298.462,-21739.7,79.9852,0.403767
23250000,79,322.024,-21729.1,84.0893,0.425033
23265000,56,241,-21747.7,51.8482,0.402
23280000,71,293.474,-21726.1,68.3873,0.409067
23295000,81,355.204,-21710,90.3248,0.403867
23310000,73,311.121,-21712.9,77.8008,0.413
23325000,69,299.581,-21743.5,76.4709,0.4012
23340000,67,289.822,-21724.1,77.3842,0.399413
23355000,66,277.071,-21760,64.6637,0.411467
23370000,62,267.327,-21723.1,52.1936,0.401733
23385000,60,250.641,-21731.6,65.2699,0.3984
23400000,53,218.054,-21740.3,68.2512,0.396592
23415000,67,275.264,-21741.7,53.6024,0.405233
23430000,64,265.327,-21727.8,62.306,0.4098
23445000,63,273.143,-21739.4,64.8966,0.408222
23460000,46,192.717,-21766.6,43.7973,0.395233
23475000,64,272.686,-21749.2,56.9803,0.407333
23490000,67,315.127,-21763,71.8603,0.407383
23505000,71,290.435,-21760.2,84.3052,0.421933
23520000,66,271.031,-21744,73.1481,0.420167
23535000,54,213.011,-21743.9,48.3653,0.398967
23550000,71,302.257,-21736.9,82.3043,0.403867
23565000,70,291.231,-21748.9,63.4176,0.410033
23580000,49,216.277,-21752.7,66.6688,0.392583
23595000,58,252.585,-21743.3,73.572,0.3958
23610000,60,273.186,-21742.5,52.9453,0.4092
23625000,58,245.483,-21731.7,69.6674,0.407307
23640000,55,247.703,-21749.1,52.7085,0.411633
23655000,52,218.561,-21742.6,60.472,0.394044
23670000,53,223.605,-21748.2,56.0855,0.410833
23685000,54,221.921,-21736.7,43.1596,0.374433
23700000,59,244.886,-21714.9,67.1827,0.397833
23715000,60,244.437,-21734.7,80.941,0.392067
23730000,59,256.96,-21717.3,67.2411,0.400867
23745000,61,278.233,-21716,51.8734,0.394778
23760000,62,272.465,-21725.7,54.2192,0.3904
23775000,58,255.448,-21738,70.1049,0.401822
23790000,67,302.279,-21723.5,82.6345,0.4056
23805000,74,339.606,-21726.6,80.3583,0.413667
23820000,50,198.984,-21755.2,60.2362,0.399133
23835000,54,224.118,-21727.1,36.6515,0.392067
23850000,65,267.021,-21713.2,51.4274,0.407178
23865000,61,252.842,-21722.1,66.4647,0.407667
23880000,62,254.592,-21770.9,67.1869,0.399444
23895000,55,239.899,-21748.1,48.1242,0.399672
23910000,52,224.947,-21756.7,50.8126,0.391933
23925000,76,323.248,-21712.3,56.3264,0.405983
23940000,54,241.153,-21765.7,61.6157,0.3858
23955000,62,268.094,-21709.7,66.8729,0.4001
23970000,60,256.557,-21732.7,59.4653,0.4004
23985000,65,262.263,-21703.4,62.3786,0.405533
24000000,95,411.123,-21706.5,81.4251,0.4244
24015000,111,491.262,-21693.9,111.318,0.437267
24030000,72,299.61,-21749.7,69.7803,0.400189
24045000,56,231.608,-21745.8,44.7746,0.395612
24060000,79,324.6,-21679.9,75.7289,0.419356
24075000,70,312.548,-21708.5,80.2134,0.408333
24090000,82,371.367,-21715.6,83.3068,0.412267
24105000,68,291.256,-21719,74.3219,0.39768
24120000,68,290.152,-21740.9,75.4307,0.4024
24135000,76,326.338,-21720,63.9383,0.4056
24150000,67,299.291,-21734.7,68.9683,0.414467
24165000,72,308.942,-21712.6,83.1536,0.404533
24180000,51,218.719,-21738.6,58.7452,0.39897
24195000,61,247.686,-21741.8,63.9163,0.399267
24210000,67,279.038,-21755.8,69.6683,0.416133
24225000,73,312.528,-21755.9,79.8991,0.402444
24240000,71,304.364,-21732.1,70.0456,0.406813
24255000,57,244.045,-21739,43.6658,0.406067
24270000,66,279.056,-21745.7,60.8059,0.416089
24285000,86,378.022,-21731.3,94.2933,0.416267
24300000,68,309.39,-21695.9,68.4494,0.417867
24315000,65,278.67,-21705.9,66.4138,0.408467
24330000,69,294.326,-21714.3,71.4287,0.399867
24345000,72,306.726,-21722.7,81.1745,0.404589
24360000,69,316.745,-21715.2,76.7818,0.404067
24375000,60,257.875,-21763,58.7921,0.398048
24390000,69,277.674,-21715,68.3604,0.4047
24405000,57,249.703,-21714.8,49.6194,0.391533
24420000,65,288.441,-21760,65.1882,0.401044
24435000,55,237.926,-21736.4,59.299,0.384333
24450000,65,264.168,-21741.2,69.7597,0.404038
24465000,57,236.906,-21764.6,64.5813,0.408733
24480000,61,273.405,-21712.6,67.91,0.395489
24495000,63,283.614,-21717.3,48.0026,0.400667
24510000,62,257.042,-21729.1,65.5633,0.4
24525000,61,254.653,-21717.3,57.9351,0.398467
24540000,53,228.237,-21774.7,61.3967,0.40548
24555000,54,238.754,-21716.2,46.9647,0.379233
24570000,52,219.529,-21733.1,61.6707,0.387733
24585000,59,256.442,-21709,69.0244,0.388667
24600000,53,210.046,-21760.2,51.4909,0.392567
24615000,67,282.308,-21725.5,73.4809,0.400633
24630000,70,298.797,-21725.3,59.1129,0.425133
24645000,52,228.414,-21748.1,45.5592,0.3982
24660000,55,233.567,-21753,56.386,0.4046
24675000,56,226.427,-21749.4,65.7109,0.405867
24690000,58,260.971,-21770.6,61.7589,0.393556
24705000,48,207.446,-21765.3,54.1493,0.4028
24720000,53,236.645,-21743.8,52.78,0.400267
24735000,43,168.818,-21760.5,30.3966,0.394933
24750000,57,241.684,-21744.1,64.7087,0.38847
24765000,51,193.245,-21754.8,46.4647,0.389867
24780000,61,277.415,-21739.2,76.5626,0.408483
24795000,56,240.693,-21764.1,50.9498,0.3948
24810000,67,285.065,-21718.7,51.4971,0.403933
24825000,65,285.534,-21727.3,74.2762,0.411
24840000,47,203.524,-21741.8,47.8194,0.391917
24855000,55,232.417,-21747.1,53.903,0.386833
24870000,55,238.291,-21741.9,55.61,0.393167
24885000,58,262.357,-21745.8,52.6634,0.403933
24900000,48,204.596,-21754.2,40.7658,0.396911
24915000,39,158.442,-21760.1,42.1244,0.379
24930000,66,279.556,-21713.3,82.1283,0.394956
24945000,69,289.597,-21728.9,66.7163,0.407533
24960000,52,213.085,-21729,68.4824,0.401333
24975000,64,260.171,-21733,49.406,0.393467
24990000,67,277.019,-21729.6,68.5097,0.413533
25005000,46,193.869,-21766.2,46.6445,0.396167
25020000,40,176.026,-21758.3,42.7034,0.399622
25035000,48,193.886,-21752.3,49.8589,0.380133
25050000,41,172.997,-21741.5,39.4204,0.387167
25065000,43,189.194,-21750.9,49.6272,0.383633
25080000,40,159.475,-21787.7,30.608,0.373933
25095000,48,188.764,-21761.7,50.4031,0.388822
25110000,46,178.348,-21763,50.3588,0.391956
25125000,43,192.023,-21786.1,41.4706,0.376289
25140000,50,226.091,-21766.5,51.5647,0.382433
25155000,60,257.448,-21765.5,60.1359,0.406067
25170000,52,226.589,-21765.3,54.8384,0.4048
25185000,44,189.497,-21791.7,37.6167,0.395967
25200000,68,297.018,-21729.7,58.4612,0.390524
25215000,73,303.76,-21731.2,65.9006,0.419667
25230000,73,290.063,-21734.1,78.0977,0.416667
25245000,60,246.425,-21728.1,70.0053,0.3982
25260000,51,229.967,-21748.8,49.2156,0.402222
25275000,45,203.332,-21784.6,49.7075,0.391733
25290000,55,228.36,-21736.9,49.7138,0.380733
25305000,53,235.603,-21730.6,53.9338,0.403333
25320000,43,185.152,-21755.5,38.0788,0.39285
25335000,31,139.984,-21802.9,26.9134,0.378467
25350000,53,221.142,-21765.7,56.1784,0.379667
25365000,54,234.361,-21745.5,62.7189,0.388933
25380000,63,281.97,-21742.3,66.8515,0.404867
25395000,57,251.149,-21812.5,50.6583,0.3848
25410000,58,255.187,-21731.4,64.3536,0.381733
25425000,72,311.143,-21749,81.3811,0.408844
25440000,61,254.828,-21740.5,65.6034,0.4114
25455000,73,317.802,-21732.4,68.3006,0.4164
25470000,69,308.539,-21756.3,75.5177,0.412467
25485000,76,330.578,-21740.5,80.6207,0.417467
25500000,63,282.326,-21723.1,77.8074,0.399278
25515000,65,275.913,-21712,66.8787,0.3914
25530000,66,292.287,-21749.7,61.9485,0.417756
25545000,65,282.74,-21751.2,54.4861,0.402933
25560000,67,282.83,-21736.8,76.5315,0.415533
25575000,53,229.212,-21730.1,51.8686,0.394283
25590000,56,245.574,-21760.5,61.6155,0.406767
25605000,55,247.786,-21732.5,55.4056,0.3988
25620000,53,227.858,-21742,39.3775,0.394667
25635000,55,227.825,-21773.9,60.9607,0.403087
25650000,62,263.58,-21739,78.6865,0.388587
25665000,57,239.869,-21740.3,55.8207,0.3946
25680000,57,224.789,-21734.6,59.6236,0.398333
25695000,64,249.624,-21711.8,84.7069,0.40952
25710000,61,252.944,-21737,55.2051,0.397833
25725000,61,253.128,-21728.4,74.8574,0.403967
25740000,51,217.881,-21734.4,45.5961,0.393333
25755000,61,250.196,-21755,65.4022,0.407825
25770000,63,254.753,-21741.5,74.0469,0.4044
25785000,63,270.998,-21735.2,56.8992,0.405317
25800000,62,268.162,-21736.1,74.956,0.4036
25815000,53,229.474,-21738.6,58.3067,0.388133
25830000,66,283.078,-21758,59.8572,0.396067
25845000,67,288.228,-21733.3,61.7262,0.396667
25860000,84,368.391,-21734.3,67.4093,0.418133
25875000,70,295.555,-21731.8,58.5261,0.423533
25890000,70,287.559,-21716,67.0817,0.4102
25905000,65,281.481,-21752.4,67.8327,0.411547
25920000,73,333.428,-21741.4,87.5667,0.420333
25935000,69,285.665,-21722.8,74.1633,0.403667
25950000,65,280.801,-21761.6,62.5543,0.415167
25965000,67,303.279,-21750.5,66.269,0.4176
25980000,64,299.986,-21757,69.0437,0.4176
25995000,71,309.532,-21766.3,80.6053,0.397383
26010000,52,224.056,-21756.8,68.1004,0.396007
26025000,64,280.393,-21736.2,51.9431,0.4134
26040000,56,248.849,-21737.9,63.1155,0.411533
26055000,40,164.551,-21756.5,38.1925,0.396289
26070000,50,223.027,-21763.4,56.1961,0.395833
26085000,67,285.221,-21760.6,59.1599,0.416133
26100000,51,220.578,-21767.8,58.3971,0.400356
26115000,56,249.409,-21767.3,42.346,0.403533
26130000,44,186.584,-21769.7,48.414,0.395867
26145000,54,227.516,-21754.4,52.6418,0.397511
26160000,57,250.049,-21762,55.3929,0.3992
26175000,51,212.958,-21774,45.8585,0.40385
26190000,55,240.42,-21753.9,55.7277,0.393467
26205000,45,197.22,-21770.2,38.4257,0.3924
26220000,50,213.489,-21764.3,47.9156,0.406822
26235000,63,272.527,-21737.5,63.5833,0.393547
26250000,46,204.104,-21762.1,46.8778,0.393044
26265000,48,226.309,-21777.3,46.3511,0.3986
26280000,66,278.546,-21742.6,74.5641,0.404311
26295000,45,174.617,-21750.7,64.7786,0.389733
26310000,59,259.983,-21746.9,68.7659,0.400744
26325000,56,240.043,-21742.3,41.1779,0.4086
26340000,52,216.605,-21752.3,45.4806,0.396733
26355000,53,239.752,-21766.8,44.9973,0.394722
26370000,51,231.324,-21758.9,51.9396,0.394711
26385000,49,213.333,-21755.7,63.6721,0.402667
26400000,52,232.717,-21746.9,59.9857,0.394933
26415000,55,247.776,-21735.6,62.2016,0.395467
26430000,66,282.676,-21738.5,62.2923,0.402033
26445000,55,238.482,-21750.7,48.6409,0.3996
26460000,56,242.729,-21722,53.3298,0.400511
26475000,52,217.272,-21776.8,44.3704,0.393725
26490000,59,256.692,-21738.4,59.595,0.393333
26505000,50,197.094,-21753.7,55.4684,0.399717
26520000,54,224.786,-21754.7,51.7529,0.378533
26535000,65,295.805,-21753.4,51.5966,0.402067
26550000,74,314.162,-21756.1,66.1198,0.419067
26565000,62,252.21,-21726.1,66.7086,0.4026
26580000,56,237.188,-21739.5,60.7967,0.39296
26595000,49,210.592,-21728.8,46.4673,0.3862
26610000,51,234.091,-21725.3,51.8396,0.379267
26625000,55,237.097,-21719.5,61.2263,0.3994
26640000,59,244.692,-21752.8,45.6568,0.395747
26655000,61,257.604,-21714.8,59.8099,0.396733
26670000,61,269.736,-21734.5,73.7358,0.403433
26685000,49,217.611,-21750.4,40.9083,0.397776
26700000,53,213.741,-21742.2,35.5298,0.400367
26715000,52,213.134,-21744.6,38.5531,0.388067
26730000,62,275,-21742.6,57.5907,0.397533
26745000,68,294.34,-21737.9,56.6379,0.410733
26760000,54,260.837,-21747.8,54.3221,0.4098
26775000,70,315.144,-21756.2,70.4609,0.408267
26790000,60,253.007,-21746.9,59.087,0.395171
26805000,49,217.368,-21780.8,39.7315,0.3998
26820000,61,275.77,-21765,61.3364,0.3969
26835000,57,258.397,-21743.8,49.3815,0.408567
26850000,57,257.656,-21748.4,72.4711,0.407107
26865000,53,236.586,-21761,56.9782,0.397711
26880000,56,247.982,-21728.7,60.6158,0.409822
26895000,65,293.863,-21734.1,58.5279,0.396889
26910000,52,223.7,-21738.3,49.1857,0.4026
26925000,49,211.868,-21747.1,34.6097,0.398267
26940000,59,260.878,-21754.1,63.5115,0.3982
26955000,53,219.239,-21741.5,52.6519,0.401233
26970000,54,230.326,-21719.5,56.6673,0.389533
26985000,49,212.955,-21745.2,45.5502,0.392533
27000000,66,263.5,-21713.9,57.9019,0.3932
27015000,55,223.156,-21747.1,60.1948,0.406733
27030000,68,289.502,-21729.1,60.5697,0.399933
27045000,68,301.272,-21729.6,61.4472,0.403533
27060000,62,268.492,-21724.3,48.6659,0.401733
27075000,63,244.759,-21746.9,65.4729,0.403183
27090000,64,261.342,-21738.6,68.6503,0.4032
27105000,53,223.536,-21735.9,44.5927,0.394133
27120000,59,257.49,-21740,47.9973,0.3828
27135000,54,227,-21737.4,52.4961,0.3856
27150000,53,237.373,-21732.3,56.338,0.394908
27165000,63,272.463,-21739.3,66.1442,0.4003
27180000,64,283.158,-21748.6,60.3612,0.396867
27195000,61,263.259,-21746.2,79.6607,0.4022
27210000,55,246.183,-21731.9,38.0711,0.414
27225000,57,239.093,-21744.7,53.7558,0.399933
27240000,58,249.451,-21735.4,48.4362,0.394006
27255000,64,266.536,-21736.8,68.7677,0.395167
27270000,58,257.585,-21712.2,64.8938,0.393767
27285000,38,168.434,-21759,35.1651,0.385333
27300000,58,265.211,-21729,47.0914,0.389367
27315000,65,277.849,-21763.2,68.0506,0.400633
27330000,50,214.252,-21766.7,47.969,0.39892
27345000,56,242.881,-21762.8,53.2836,0.403711
27360000,50,226.69,-21754.6,51.7945,0.390133
27375000,58,241.553,-21730.9,43.9499,0.40845
27390000,41,183.535,-21772.7,43.7597,0.396483
27405000,47,208.484,-21750.4,43.3534,0.382467
27420000,56,227.016,-21730.6,50.794,0.401556
27435000,64,288.553,-21753.6,59.8943,0.401867
27450000,49,219.632,-21774.9,47.5409,0.387267
27465000,49,210.318,-21782.8,47.3442,0.394933
27480000,43,179.94,-21760.9,37.1052,0.389467
27495000,57,252.704,-21739.5,68.5239,0.398767
27510000,61,266.129,-21727.5,57.6359,0.402
27525000,65,284.523,-21709.7,56.5631,0.396333
27540000,67,294.324,-21709.7,66.6161,0.3928
27555000,73,312.855,-21722.2,63.4877,0.405467
27570000,62,269.112,-21719.1,64.1818,0.405933
27585000,58,241.893,-21718.1,63.2362,0.395
27600000,68,283.134,-21727.8,52.3144,0.401933
27615000,73,297.895,-21756,84.9997,0.4166
27630000,46,203.015,-21774.5,46.8001,0.38046
27645000,45,189.581,-21758,50.7176,0.395008
27660000,49,229.232,-21759.6,41.7694,0.385167
27675000,52,220.373,-21768.2,45.4671,0.397933
27690000,45,193.943,-21773.4,43.3154,0.393667
27705000,56,246.312,-21729.3,56.0711,0.401
27720000,64,274.961,-21730,61.9383,0.400333
27735000,69,330.994,-21729.6,59.9299,0.4154
27750000,64,298.026,-21718,64.3209,0.4026
27765000,47,199.406,-21767.3,51.3521,0.400419
27780000,67,294.607,-21716.6,69.4375,0.408967
27795000,47,201.365,-21770.5,45.009,0.4078
27810000,64,280.837,-21718.5,79.4957,0.399433
27825000,56,233.712,-21719.9,67.8939,0.402667
27840000,64,279.274,-21723.3,71.2504,0.389867
27855000,72,315.92,-21730.5,78.527,0.4032
27870000,55,237.408,-21752.8,65.6594,0.39616
27885000,52,201.217,-21724.1,66.4968,0.391733
27900000,60,271.209,-21743.2,72.4192,0.407644
27915000,60,272.112,-21746.7,58.35,0.397933
27930000,54,225.732,-21741.4,68.683,0.4038
27945000,58,255.481,-21754.4,69.3478,0.397067
27960000,51,226.94,-21786.5,52.63,0.405483
27975000,66,280.449,-21746.1,61.3171,0.410033
27990000,56,244.931,-21763.8,54.7414,0.4115
28005000,46,175.111,-21737.9,42.9552,0.406267
28020000,55,243.686,-21754,63.1493,0.413967
28035000,47,185.661,-21739.8,36.7231,0.386567
28050000,33,144.278,-21806,31.6396,0.388003
28065000,40,164.685,-21769.1,36.9569,0.393778
28080000,57,249.548,-21734.4,46.4697,0.389978
28095000,63,267.888,-21776.7,77.491,0.413833
28110000,58,254.621,-21739.1,55.7011,0.405833
28125000,47,194.187,-21740,38.1495,0.3842
28140000,49,207.276,-21755.8,50.7726,0.398133
28155000,38,161.671,-21804.9,36.7272,0.388667
28170000,57,241.718,-21746.3,53.5292,0.394489
28185000,49,209.733,-21782.1,66.9292,0.396667
28200000,56,250.393,-21743.7,56.809,0.409867
28215000,68,298.618,-21736.3,75.4373,0.409333
28230000,51,222.464,-21769.2,46.6912,0.40565
28245000,44,188.964,-21797.8,35.3509,0.393417
28260000,50,210.419,-21756.1,60.8807,0.388767
28275000,49,220.832,-21725.4,42.642,0.396683
28290000,41,154.262,-21780.4,41.3334,0.393067
28305000,54,244.895,-21758.6,53.4919,0.397778
28320000,74,336.862,-21761.3,79.0886,0.4102
28335000,62,255.463,-21748.1,73.1783,0.409733
28350000,48,205.246,-21777.8,35.1787,0.39715
28365000,62,276.15,-21750.5,59.2383,0.413089
28380000,68,297.898,-21730.9,64.4107,0.405911
28395000,47,207.233,-21758.9,43.0743,0.4002
28410000,66,288.651,-21708.2,75.634,0.4012
28425000,68,287.033,-21726.8,59.7347,0.415333
28440000,66,286.481,-21744.7,60.6806,0.4024
28455000,57,245.958,-21739.3,64.6255,0.415933
28470000,48,203.812,-21744.7,57.3112,0.396
28485000,49,221.12,-21729,45.2621,0.401167
28500000,56,242.387,-21746,51.0465,0.391967
28515000,45,190.546,-21735.3,46.1304,0.394267
28530000,42,190.492,-21802.9,39.9747,0.384756
28545000,59,257.337,-21734,55.5673,0.391233
28560000,65,278.175,-21727.7,59.5162,0.396
28575000,49,228.117,-21766.8,50.2713,0.390344
28590000,74,326.162,-21716.8,77.103,0.414167
28605000,69,298.861,-21735.3,71.4778,0.404267
28620000,55,252.028,-21755.5,50.0091,0.400667
28635000,57,264.656,-21751.7,58.8931,0.390533
28650000,62,264.834,-21741.4,68.6672,0.417844
28665000,56,254.161,-21730.4,65.3649,0.399467
28680000,54,253.076,-21748,51.9586,0.393822
28695000,60,262.781,-21735.8,65.5533,0.3918
28710000,49,205.742,-21765.9,62.4923,0.385833
28725000,77,330.81,-21718.7,69.8059,0.3949
28740000,42,171.223,-21769.8,43.5729,0.3917
28755000,41,190.627,-21758,39.4289,0.394933
28770000,60,260.845,-21742.9,64.5497,0.403644
28785000,59,238.42,-21717.5,59.4863,0.386733
28800000,59,255.638,-21730.1,54.2247,0.392333
28815000,49,212.71,-21754.2,54.939,0.388733
28830000,42,176.764,-21772.3,44.377,0.387613
28845000,49,214.116,-21739.9,62.2394,0.394178
28860000,52,208.407,-21727.3,50.0793,0.386533
28875000,56,246.646,-21744.1,56.7561,0.391133
28890000,69,306.63,-21739.1,52.7587,0.397267
28905000,67,287.008,-21755,74.2315,0.419867
28920000,66,283.484,-21728,77.0844,0.4012
28935000,54,240.977,-21754.9,48.7533,0.395958
28950000,67,294.744,-21717.2,62.6364,0.3951
28965000,53,231.112,-21737.1,55.9185,0.394941
28980000,67,306.941,-21720.4,85.8712,0.408733
28995000,57,251.168,-21722.5,50.0614,0.403633
29010000,59,250.42,-21764.5,70.6013,0.397787
29025000,66,305.531,-21732.4,66.232,0.4155
29040000,55,243.035,-21732,34.3145,0.39395
29055000,57,241.286,-21730.4,55.3017,0.4072
29070000,62,274.233,-21739.5,62.1516,0.3952
29085000,66,287.773,-21747.7,71.9295,0.3996
29100000,64,294.396,-21747.3,60.5145,0.3842
29115000,60,264.851,-21742,61.2637,0.397505
29130000,66,273.769,-21739.6,61.2697,0.409013
29145000,62,257.51,-21755.7,70.1232,0.405533
29160000,55,233.847,-21751.1,53.1283,0.395867
29175000,49,216.78,-21768.9,45.7514,0.392
29190000,57,252.489,-21748.9,48.8454,0.407867
29205000,58,246.417,-21753.3,68.367,0.404667
29220000,64,283.896,-21722.3,73.3392,0.407
29235000,62,273.01,-21717.4,69.1754,0.40143
29250000,67,282.495,-21731.7,68.4228,0.414633
29265000,62,296.31,-21768,75.5914,0.405783
29280000,73,329.9,-21762.6,80.1091,0.411933
29295000,64,285.332,-21736.2,75.0646,0.388417
29310000,71,309.601,-21726.1,51.9027,0.405833
29325000,74,327.868,-21759.6,77.9014,0.403967
29340000,53,238.989,-21744.5,46.8139,0.412933
29355000,54,238.621,-21762.5,56.7979,0.4028
29370000,48,207.836,-21749.8,47.1117,0.3943
29385000,49,219.463,-21750.6,52.8338,0.3985
29400000,40,166.075,-21783.5,43.4177,0.392933
29415000,63,270.717,-21731,80.2246,0.3937
29430000,56,246.518,-21751.2,60.3004,0.402267
29445000,78,336.7,-21726.7,85.134,0.418167
29460000,65,271.509,-21724.4,65.6524,0.409333
29475000,55,258.396,-21757.1,44.0963,0.400689
29490000,63,277.657,-21729.6,68.7207,0.3949
29505000,57,232.209,-21743.8,56.7599,0.398933
29520000,52,223.75,-21729.3,50.4774,0.394667
29535000,57,234.593,-21708.9,54.2798,0.3884
29550000,61,261.969,-21717.9,67.5502,0.3896
29565000,51,215.121,-21757.5,47.7901,0.385222
29580000,54,209.005,-21719,58.5359,0.3879
29595000,67,288.206,-21731.2,78.8441,0.394733
29610000,77,328.825,-21711.9,67.6608,0.399667
29625000,80,356.651,-21706.9,73.1235,0.415533
29640000,67,285.086,-21713.5,71.4855,0.4104
29655000,68,302.852,-21715.4,70.2841,0.4042
29670000,54,242.473,-21777.2,51.3579,0.393733
29685000,54,236.966,-21731.4,66.2205,0.390397
29700000,58,256.911,-21746.1,53.0791,0.397556
29715000,64,266.653,-21745.7,66.4979,0.399267
29730000,51,224.345,-21756.7,54.3381,0.399978
29745000,51,227.092,-21756.8,60.9461,0.412013
29760000,60,275.248,-21770.7,58.5153,0.394489
29775000,47,198.745,-21760.3,48.7982,0.380956
29790000,64,287.93,-21735.3,68.493,0.410311
29805000,81,368.682,-21749.9,88.6957,0.4168
29820000,44,189.485,-21763.9,49.5913,0.398044
29835000,65,275.756,-21762.8,71.7217,0.4273
29850000,63,259.146,-21754.3,64.3463,0.403622
29865000,58,248.914,-21766.5,59.6628,0.4039
29880000,52,234.267,-21749.8,41.866,0.407667
29895000,44,198.206,-21771.9,51.3694,0.38212
29910000,41,181.927,-21776.8,42.9845,0.372333
29925000,57,249.443,-21773.8,79.9164,0.392533
29940000,52,213.811,-21726.7,57.0765,0.393817
29955000,50,238.533,-21778.7,60.9405,0.386143
29970000,40,177.174,-21765.7,31.4588,0.382311
29985000,57,243.249,-21784.3,64.9019,0.404767
