generation,N_shifts,logPrior,logLik,eventRate,acceptRate
0,0,0.641453,-24206.7,100,0
15000,1,4.38307,-21995.5,2.27684,0.178588
30000,1,5.22405,-21988.7,0.866852,0.338055
45000,1,5.50978,-21986.7,1.82283,0.246867
60000,1,4.21745,-21983.7,0.946916,0.296267
75000,2,9.06027,-21976,2.6662,0.310067
90000,2,8.01172,-21929,1.07444,0.279333
105000,3,13.8708,-21944.4,1.13575,0.319307
120000,5,19.2106,-21902.4,5.18991,0.297233
135000,7,24.8591,-21887.6,6.311,0.308467
150000,9,38.9842,-21865.2,9.62128,0.3136
165000,13,58.5865,-21827.2,12.6729,0.349133
180000,14,58.4624,-21799.3,15.6323,0.320067
195000,14,58.1537,-21797.2,13.1292,0.3438
210000,12,51.0378,-21796.6,9.28524,0.334933
225000,10,44.5747,-21832.1,11.7249,0.316533
240000,22,93.1449,-21739.5,33.666,0.338267
255000,24,101.638,-21755.5,28.3999,0.3662
270000,10,41.7283,-21810,9.00616,0.322
285000,20,88.5261,-21730.5,28.3456,0.364833
300000,36,164.991,-21739.9,48.2682,0.4016
315000,21,93.3104,-21778.5,23.5218,0.342756
330000,25,114.902,-21730.4,17.9933,0.387433
345000,23,92.1685,-21768,26.3741,0.371667
360000,28,125.819,-21728.1,28.4749,0.3886
375000,31,145.012,-21728.3,25.9649,0.3807
390000,37,162.94,-21722.6,37.1885,0.401933
405000,29,120.744,-21720.8,29.6778,0.397467
420000,39,175.732,-21692.7,42.0555,0.388156
435000,31,129.554,-21701.4,35.0181,0.382667
450000,42,185.657,-21709,44.2259,0.377622
465000,35,146.822,-21707,34.8844,0.3932
480000,36,157.562,-21690.1,36.0468,0.396467
495000,29,116.327,-21688.3,25.7308,0.384233
510000,30,137.716,-21684,23.9213,0.389567
525000,45,189.925,-21676.9,31.312,0.370233
540000,43,197.599,-21673.2,46.3253,0.406667
555000,46,189.247,-21656.5,43.9671,0.396222
570000,51,218.921,-21656.4,61.4184,0.4006
585000,34,157.131,-21685.7,33.0591,0.403822
600000,37,163.031,-21668.7,36.602,0.3784
615000,54,230.59,-21667.9,44.4927,0.397889
630000,39,169.749,-21661.2,36.2708,0.4065
645000,37,170.391,-21655.3,37.3406,0.398933
660000,43,192.557,-21668.7,44.9245,0.400533
675000,57,237.487,-21666.9,65.7916,0.333756
690000,40,171.784,-21644.4,25.5396,0.389867
705000,48,202.014,-21654.8,47.8108,0.401817
720000,69,289.873,-21645.5,61.5361,0.3941
735000,52,238.243,-21648.3,55.9796,0.4056
750000,48,229.212,-21651.3,43.2643,0.400267
765000,59,251.59,-21672.7,69.8048,0.399289
780000,72,319.054,-21623.6,73.681,0.412956
795000,77,306.456,-21645.8,71.3883,0.4154
810000,69,290.702,-21631.9,72.4645,0.4202
825000,44,189.535,-21656.8,44.6904,0.394813
840000,55,243.836,-21649.4,54.4884,0.409833
855000,55,235.991,-21652,55.3477,0.404
870000,53,234.512,-21668.8,57.2347,0.3996
885000,55,236.791,-21641.3,47.1118,0.401733
900000,59,255.692,-21644,54.2845,0.3958
915000,57,258.147,-21623.6,50.5329,0.4066
930000,51,217.327,-21652.3,42.7774,0.409667
945000,43,200.215,-21657.2,48.7794,0.391239
960000,53,221.764,-21631,65.8139,0.400533
975000,39,179.522,-21682.7,33.9657,0.39026
990000,43,189.653,-21645.9,45.36,0.387667
1005000,32,142.311,-21668.7,26.1204,0.388433
1020000,37,146.713,-21663.3,31.7721,0.374833
1035000,49,213.907,-21641.6,48.9512,0.39276
1050000,67,280.823,-21652.9,60.9843,0.392333
1065000,51,207.072,-21653.8,44.1148,0.393967
1080000,83,361.131,-21617,82.4908,0.416956
1095000,44,187.332,-21658.7,35.3433,0.413311
1110000,60,250.834,-21614.1,54.7862,0.418067
1125000,57,261.357,-21632.2,65.1971,0.385267
1140000,34,147.047,-21664.9,26.3048,0.380467
1155000,55,251.11,-21619.9,60.0186,0.400467
1170000,60,247.774,-21617.9,74.2952,0.3888
1185000,54,218.82,-21623.3,59.7083,0.397133
1200000,56,232.347,-21616.6,50.4597,0.395
1215000,59,254.001,-21634.5,60.7872,0.396667
1230000,41,179.458,-21673.5,42.1823,0.3723
1245000,75,336.905,-21599.3,78.2511,0.401
1260000,58,247.836,-21649.9,56.5384,0.399
1275000,55,244.259,-21620.2,53.9904,0.412733
1290000,54,216.621,-21647.4,36.1796,0.389667
1305000,53,225.954,-21646.9,55.637,0.398867
1320000,47,212.373,-21633.7,53.6087,0.388533
1335000,50,226.638,-21625.9,56.5285,0.401733
1350000,54,225.568,-21620.8,62.2326,0.382467
1365000,45,209.111,-21655.7,45.9836,0.382219
1380000,64,270.32,-21627.8,62.8043,0.403233
1395000,65,292.432,-21600.6,74.8576,0.4026
1410000,46,204.05,-21668.3,50.2206,0.387678
1425000,58,250.611,-21639.7,51.7314,0.4013
1440000,50,204.264,-21631.4,42.4966,0.406333
1455000,47,205.101,-21666.3,51.2768,0.395422
1470000,51,220.312,-21626.1,49.7171,0.401467
1485000,64,277.223,-21625.7,59.0518,0.407333
1500000,63,292.549,-21636.6,78.5271,0.414667
1515000,56,257.314,-21644.4,40.4129,0.421733
1530000,74,325.124,-21644,86.6792,0.403333
1545000,68,289.164,-21617.6,68.4692,0.4088
1560000,53,249.705,-21651.3,56.8764,0.39721
1575000,46,195.8,-21657.9,48.9127,0.402525
1590000,53,235.436,-21641.4,49.0309,0.409489
1605000,57,230.982,-21636.8,49.1537,0.399667
1620000,39,162.556,-21685.7,48.0146,0.393333
1635000,48,200.564,-21665,50.2539,0.392517
1650000,37,158.056,-21646.6,35.8609,0.3814
1665000,48,217.625,-21659.6,56.1878,0.3975
1680000,60,271.824,-21635.6,68.956,0.4056
1695000,56,242.3,-21639.4,61.8019,0.4166
1710000,61,252.013,-21632,61.95,0.4088
1725000,38,174.295,-21665.8,42.4648,0.39515
1740000,52,218.867,-21636,59.8186,0.4043
1755000,23,105.259,-21693.5,19.5249,0.372119
1770000,62,263.359,-21641.7,63.8244,0.403167
1785000,31,133.755,-21704.2,35.568,0.389333
1800000,71,327.52,-21623.8,78.1976,0.4131
1815000,61,267.275,-21626.6,58.3201,0.4044
1830000,52,231.398,-21642.3,59.0297,0.414
1845000,47,197.166,-21630.8,45.7344,0.390333
1860000,31,135.797,-21654.8,23.0056,0.386844
1875000,49,224.271,-21637.8,57.6584,0.389467
1890000,56,246.724,-21635.9,50.2652,0.411867
1905000,64,262.27,-21647,73.8686,0.4052
1920000,47,194.399,-21640.6,51.9354,0.3988
1935000,48,220.934,-21646.8,48.8235,0.396933
1950000,32,149.153,-21680.5,30.5691,0.387633
1965000,55,236.26,-21649.9,42.8244,0.385767
1980000,37,168.208,-21671.1,43.5274,0.382367
1995000,57,254.518,-21652.2,43.2011,0.4005
2010000,57,248.908,-21659.4,67.017,0.403267
2025000,47,202.102,-21646,46.0886,0.411333
2040000,34,146.737,-21657.5,33.0553,0.380783
2055000,50,213.912,-21638.3,53.9226,0.3929
2070000,44,191.684,-21641.5,58.1911,0.380333
2085000,47,198.046,-21642.3,42.9795,0.388267
2100000,63,274.247,-21652.2,66.5425,0.412733
2115000,55,236.767,-21643.5,54.1736,0.4162
2130000,55,239.7,-21624.1,54.0149,0.403867
2145000,46,201.088,-21652.4,37.9964,0.401533
2160000,58,245.215,-21648.4,56.5203,0.3916
2175000,44,186.346,-21639.9,36.3862,0.4154
2190000,52,228.363,-21638.7,45.0906,0.401467
2205000,47,221.188,-21651.9,44.6963,0.411933
2220000,49,227.142,-21667.8,60.2012,0.387678
2235000,55,211.552,-21646.7,56.7092,0.409133
2250000,37,158.982,-21671.8,30.353,0.3824
2265000,72,335.785,-21649.3,67.7048,0.422967
2280000,42,189.156,-21666,43.132,0.40405
2295000,44,190.955,-21655.3,32.6237,0.4106
2310000,48,210.964,-21676,47.8247,0.395567
2325000,33,154.391,-21667.5,43.0956,0.376978
2340000,44,185.702,-21671,46.4338,0.395467
2355000,36,149.694,-21668.4,29.1373,0.393
2370000,41,173.319,-21672.3,39.6433,0.395867
2385000,38,169.02,-21674.5,33.9798,0.392533
2400000,35,155.511,-21663,31.2122,0.3887
2415000,36,133.53,-21672.7,29.7818,0.3773
2430000,44,175.851,-21669.8,40.2919,0.389833
2445000,45,200.932,-21655.3,37.6106,0.388
2460000,37,157.809,-21685.6,38.4639,0.3898
2475000,45,193.151,-21660.5,50.2519,0.4093
2490000,46,199.725,-21669,39.3437,0.400533
2505000,42,195.822,-21669.4,43.2903,0.399267
2520000,35,157.99,-21688.6,37.9055,0.405867
2535000,44,193.312,-21676.8,36.2426,0.396667
2550000,45,184.815,-21646.7,34.9612,0.395844
2565000,38,152.586,-21662.4,37.8895,0.381281
2580000,38,168.448,-21686.6,42.3421,0.3927
2595000,42,181.464,-21658.8,49.4407,0.3889
2610000,52,212.752,-21659.6,50.4297,0.3888
2625000,46,200.336,-21681.9,48.729,0.384844
2640000,39,166.221,-21639.4,46.5132,0.3995
2655000,51,210.836,-21656.4,44.3099,0.391956
2670000,43,186.946,-21656.6,40.5265,0.3859
2685000,38,168.338,-21654.3,48.7344,0.363467
2700000,44,178.316,-21673.4,43.4204,0.375667
2715000,47,189.626,-21654.7,50.4051,0.403033
2730000,44,178.996,-21657,36.9419,0.392867
2745000,52,232.066,-21654.3,49.5045,0.416067
2760000,43,189.786,-21666.8,50.8748,0.39845
2775000,49,201.651,-21645.6,43.6554,0.401833
2790000,49,201.474,-21691.6,75.2495,0.396085
2805000,49,206.382,-21662.6,53.3408,0.408267
2820000,43,191.323,-21664.7,47.9539,0.40115
2835000,50,229.152,-21652.5,53.106,0.405667
2850000,64,266.433,-21627.6,62.437,0.3962
2865000,73,309.885,-21631.8,63.8539,0.4204
2880000,75,320.051,-21614.8,72.3386,0.4214
2895000,75,303.24,-21613.3,75.9602,0.427867
2910000,68,289.72,-21636.1,63.3425,0.4204
2925000,47,204.303,-21647.5,40.3036,0.395593
2940000,63,272.811,-21624.6,48.9783,0.408833
2955000,44,193.445,-21666,55.9122,0.4068
2970000,55,239.189,-21617.6,51.7209,0.408567
2985000,64,277.148,-21629,55.8197,0.404533
3000000,60,261.964,-21656.4,60.6241,0.4102
3015000,64,264.985,-21644.2,66.4605,0.416533
3030000,44,207.098,-21651.6,52.1623,0.400493
3045000,45,197.396,-21645,53.4807,0.403067
3060000,64,284.514,-21643.2,71.4741,0.414778
3075000,58,248.845,-21631.1,57.374,0.410133
3090000,34,156.637,-21683.8,40.2888,0.393306
3105000,35,152.567,-21676.6,36.8929,0.3756
3120000,59,262.665,-21644.4,73.7817,0.403711
3135000,50,206.632,-21644.3,55.7922,0.400667
3150000,52,211.388,-21649.9,48.029,0.395505
3165000,56,239.997,-21655.6,52.6847,0.401533
3180000,61,271.444,-21635.6,58.4545,0.4144
3195000,70,306.718,-21649.1,78.003,0.420333
3210000,53,229.081,-21653.6,57.0876,0.398381
3225000,63,273.583,-21615.8,66.7684,0.412107
3240000,52,216.21,-21647.4,61.0017,0.417333
3255000,64,273.372,-21617.4,48.9568,0.4117
3270000,60,256.601,-21630.9,54.8805,0.411067
3285000,61,273.827,-21625.5,60.1268,0.400378
3300000,73,323.971,-21606.5,79.7136,0.396467
3315000,61,265.396,-21602.4,72.0938,0.403167
3330000,59,252.955,-21627.6,52.7722,0.401267
3345000,64,277.664,-21624.8,64.2843,0.3984
3360000,71,308.12,-21606.5,53.9922,0.423533
3375000,74,303.438,-21623.9,82.6738,0.414867
3390000,70,287.396,-21609.6,58.3679,0.41028
3405000,63,270.738,-21598.5,64.6786,0.4148
3420000,71,311.611,-21604.7,73.1635,0.403667
3435000,64,264.965,-21606.5,62.3609,0.3994
3450000,38,167.712,-21651.6,31.4873,0.402029
3465000,80,348.539,-21607.7,82.1893,0.409111
3480000,73,297.93,-21587.7,64.5432,0.424133
3495000,74,318.795,-21608.6,89.7509,0.4062
3510000,62,277.056,-21608.7,49.8063,0.4032
3525000,45,201.396,-21653.2,50.0381,0.395827
3540000,46,210.521,-21647.2,53.3657,0.415667
3555000,63,284.201,-21615.5,56.028,0.3966
3570000,60,267.53,-21626.2,63.877,0.408267
3585000,58,251.795,-21629.2,58.3415,0.403067
3600000,49,214.251,-21617,40.6995,0.395933
3615000,48,198.603,-21662.8,43.6968,0.401747
3630000,41,174.765,-21659.5,46.7768,0.378333
3645000,49,199.646,-21666.9,51.7363,0.404376
3660000,54,232.483,-21654.1,51.1734,0.399833
3675000,54,229.682,-21632.8,59.5442,0.385173
3690000,56,245.687,-21619.4,47.5495,0.392367
3705000,57,259.852,-21618.1,49.5424,0.3996
3720000,50,212.358,-21644.6,46.7735,0.406378
3735000,48,206.475,-21645.4,54.0856,0.392933
3750000,43,174.277,-21654.4,41.5606,0.391524
3765000,53,237.379,-21658.7,42.2218,0.388867
3780000,49,204.928,-21644.6,44.7908,0.3984
3795000,60,249.541,-21625.6,61.828,0.39555
3810000,46,182.71,-21640.9,47.6545,0.405767
3825000,55,249.259,-21627.3,52.2992,0.4024
3840000,38,162.841,-21648,39.2456,0.398933
3855000,42,193.179,-21660.7,29.5688,0.40396
3870000,55,226.097,-21662.9,49.5134,0.409933
3885000,50,220.675,-21630.5,44.2261,0.391517
3900000,65,280.629,-21604.5,70.236,0.4036
3915000,68,295.279,-21613.8,66.9094,0.413467
3930000,54,220.711,-21628.2,52.2634,0.406733
3945000,62,274.733,-21605.4,63.7439,0.405233
3960000,75,312.733,-21614,74.8847,0.402267
3975000,62,253.32,-21604.5,75.7426,0.407067
3990000,69,296.862,-21606.4,84.0917,0.411733
4005000,64,270.684,-21597.8,70.3118,0.406467
4020000,67,292.036,-21604.9,71.9523,0.4036
4035000,56,250.14,-21632.5,58.4136,0.401695
4050000,53,238.284,-21635.1,62.0154,0.40037
4065000,54,215.084,-21611.8,46.8787,0.399711
4080000,74,313.541,-21600.1,69.1685,0.404333
4095000,67,286.426,-21587.4,71.0637,0.402267
4110000,63,247.754,-21583.6,65.4382,0.410467
4125000,71,286.518,-21599.7,65.5313,0.402867
4140000,64,286.466,-21607,67.6609,0.4084
4155000,68,299.584,-21602.7,67.3065,0.410667
4170000,52,251.205,-21650.3,49.8115,0.399726
4185000,61,260.276,-21605.3,71.7114,0.4137
4200000,56,242.38,-21622.8,58.6411,0.394767
4215000,70,303.229,-21624.8,83.9175,0.411733
4230000,54,246.788,-21635.4,47.7435,0.416667
4245000,58,254.561,-21629.7,61.5794,0.399267
4260000,51,226.534,-21660.1,60.1625,0.410167
4275000,62,263.379,-21621,59.2887,0.4117
4290000,62,285.969,-21609.3,55.7724,0.418333
4305000,62,275.669,-21610.4,63.7859,0.405867
4320000,66,289.139,-21607.3,63.7842,0.408333
4335000,65,289.42,-21615.6,65.0521,0.433467
4350000,72,332.86,-21634.4,67.4762,0.419667
4365000,56,246.607,-21632.8,64.5709,0.396463
4380000,54,250.299,-21634,53.2437,0.411433
4395000,59,255.327,-21639.2,45.9046,0.4146
4410000,48,217.266,-21638.1,47.4905,0.409653
4425000,57,249.363,-21622.9,63.4827,0.398817
4440000,52,230.691,-21626.8,49.1889,0.4024
4455000,66,307.661,-21641.5,72.0422,0.410467
4470000,59,250.644,-21640.5,53.3836,0.411067
4485000,54,244.767,-21639.2,59.3451,0.414667
4500000,42,174.929,-21642.7,45.5128,0.404
4515000,45,207.52,-21634.4,50.6266,0.3822
4530000,53,231.236,-21639.9,59.488,0.4
4545000,44,198.643,-21642.1,39.5234,0.399504
4560000,57,248.659,-21635.6,58.0263,0.397533
4575000,52,234.925,-21638.2,51.4966,0.4046
4590000,57,262.805,-21648,57.0362,0.407733
4605000,61,265.412,-21665.1,61.839,0.402373
4620000,50,220.031,-21646,53.5421,0.405497
4635000,52,241.433,-21640.1,52.2905,0.4029
4650000,64,284.078,-21647.5,57.4668,0.401733
4665000,40,161.168,-21645.4,43.1876,0.3972
4680000,61,252.844,-21630.9,65.019,0.400367
4695000,39,168.763,-21670.5,39.1243,0.397695
4710000,44,190.479,-21682.2,42.4971,0.395867
4725000,54,232.762,-21635.2,54.3587,0.395133
4740000,63,297.738,-21611.6,50.2173,0.3972
4755000,49,213.269,-21639.1,55.1424,0.4004
4770000,45,202.974,-21636.8,57.4391,0.394
4785000,56,258.285,-21648.6,64.9264,0.3922
4800000,37,152.387,-21631.6,35.2096,0.396467
4815000,44,182.144,-21643.3,51.3553,0.361733
4830000,39,183.897,-21673.3,42.4373,0.38428
4845000,46,178.487,-21630.6,35.9307,0.396867
4860000,60,240.41,-21636.3,51.6122,0.3942
4875000,46,195.176,-21642.7,53.2663,0.3974
4890000,48,207.656,-21664.4,49.2076,0.393533
4905000,44,195.881,-21655.7,40.7358,0.403133
4920000,44,188.239,-21648.9,37.7218,0.391971
4935000,45,200.692,-21658,40.4085,0.3907
4950000,46,190.83,-21652.3,53.7776,0.381133
4965000,50,215.15,-21654.4,51.5589,0.382733
4980000,51,203.334,-21652.6,49.8439,0.392733
4995000,45,200.162,-21651.6,42.2653,0.395867
5010000,46,197.437,-21633,40.1894,0.3908
5025000,59,261.007,-21622.6,48.0399,0.400333
5040000,43,188.437,-21629.9,41.9008,0.378267
5055000,45,200.814,-21655,50.338,0.385637
5070000,64,280.928,-21645.6,55.1221,0.400267
5085000,47,213.342,-21660.7,54.8231,0.39091
5100000,65,291.854,-21632.5,70.2051,0.411033
5115000,57,243.865,-21629.3,54.9025,0.3974
5130000,49,193.022,-21639.3,41.7207,0.4014
5145000,47,206.193,-21654.5,50.4782,0.398583
5160000,35,154.463,-21659.1,32.428,0.391686
5175000,32,143.294,-21666.3,35.3193,0.380433
5190000,43,184.197,-21659,48.6339,0.384067
5205000,56,244.204,-21619.7,64.2373,0.392
5220000,63,279.783,-21620.1,54.466,0.4184
5235000,38,164.36,-21657.8,44.3314,0.390933
5250000,57,253.692,-21645.3,71.9798,0.418667
5265000,71,312.711,-21615.2,76.8641,0.413667
5280000,66,287.774,-21614.8,63.1306,0.428867
5295000,58,257.24,-21600.8,58.6247,0.398333
5310000,62,269.469,-21633.2,72.6912,0.407667
5325000,54,239.136,-21600.1,42.1031,0.391
5340000,51,228.288,-21610.2,51.3581,0.3848
5355000,45,205.475,-21657.1,46.8258,0.397433
5370000,46,197.664,-21618.2,46.1581,0.387367
5385000,54,234.854,-21616.4,53.2555,0.3932
5400000,64,285.884,-21611.8,74.9876,0.398533
5415000,69,311.557,-21616.8,79.8208,0.4126
5430000,69,316.333,-21637,78.2109,0.4222
5445000,33,147.782,-21673.4,32.527,0.385189
5460000,36,169.476,-21675.4,33.9977,0.393086
5475000,46,207.701,-21674.6,44.4596,0.3994
5490000,72,298.858,-21645,74.0653,0.39665
5505000,60,269.394,-21643,59.3676,0.420067
5520000,57,247.239,-21645.6,52.1278,0.408267
5535000,41,166.128,-21678.5,45.1698,0.408767
5550000,40,180.704,-21643.8,49.7535,0.388267
5565000,44,177.517,-21644.8,33.67,0.391911
5580000,36,167.677,-21675,32.904,0.392533
5595000,34,144.179,-21671.8,31.6217,0.3746
5610000,31,132.327,-21679.2,26.9475,0.380467
5625000,41,181.205,-21655.1,36.4571,0.384267
5640000,41,199.233,-21681.8,27.7282,0.392317
5655000,37,155.284,-21667.1,41.5954,0.380978
5670000,38,165.025,-21665.1,47.7694,0.3971
5685000,57,247.016,-21648.9,48.5842,0.401933
5700000,46,201.805,-21679.8,54.1596,0.39316
5715000,44,192.073,-21648.6,39.5639,0.4086
5730000,40,177.143,-21636.6,43.0939,0.39355
5745000,43,180.502,-21650,42.1028,0.377733
5760000,57,249.795,-21625.6,53.0819,0.3956
5775000,47,205.101,-21659.7,43.3175,0.404867
5790000,47,214.89,-21649,51.0374,0.391311
5805000,43,190.298,-21664,46.7912,0.404067
5820000,47,209.468,-21660.9,56.3616,0.399778
5835000,44,198.865,-21652.8,38.586,0.388193
5850000,54,234.095,-21649.9,57.5263,0.415133
5865000,29,127.872,-21684.1,30.2388,0.391044
5880000,50,218.3,-21649.3,35.8022,0.413233
5895000,49,226.357,-21660,41.3148,0.400789
5910000,42,186.409,-21649.6,49.7904,0.3955
5925000,43,193.995,-21635.2,51.0269,0.395733
5940000,45,195.513,-21659.1,42.7062,0.391356
5955000,28,128.668,-21662,24.9016,0.3766
5970000,41,190.475,-21654.9,37.3652,0.392162
5985000,57,261.304,-21634.7,67.4334,0.394133
6000000,40,170.064,-21646.9,38.0245,0.374578
6015000,62,283.6,-21619.9,58.025,0.398267
6030000,43,203.192,-21638.7,52.3285,0.399422
6045000,57,269.223,-21635.8,43.6664,0.403167
6060000,57,261.629,-21625.5,55.2114,0.3946
6075000,64,302.256,-21631.5,69.3986,0.4112
6090000,45,195.27,-21630.6,57.7371,0.4048
6105000,62,283.322,-21632.7,59.6347,0.390367
6120000,73,322.387,-21598.7,69.8031,0.42
6135000,69,303.683,-21621,72.1898,0.426733
6150000,71,297.203,-21615.3,78.8853,0.427533
6165000,75,333.403,-21644.4,63.2299,0.433933
6180000,61,275.161,-21640.8,79.2023,0.403096
6195000,57,250.474,-21649.1,74.2557,0.426367
6210000,52,237.056,-21646.2,53.6883,0.406733
6225000,56,242.97,-21629.7,56.5514,0.397867
6240000,53,208.829,-21627.8,54.3028,0.3862
6255000,48,211.23,-21643.7,56.6274,0.3846
6270000,45,180.461,-21666.9,44.1656,0.391178
6285000,52,226.699,-21638.8,56.5596,0.3857
6300000,63,293.705,-21640.5,56.3973,0.404333
6315000,64,274.123,-21636.4,56.1765,0.401733
6330000,48,218.081,-21629.8,43.4383,0.397667
6345000,38,161.512,-21661.5,35.1471,0.37988
6360000,49,200.344,-21651.6,39.8008,0.390287
6375000,43,186.778,-21666.7,44.0153,0.387067
6390000,43,172.405,-21655,40.9701,0.3753
6405000,46,201.654,-21664.6,44.4954,0.395233
6420000,34,148.752,-21658.5,31.7515,0.379613
6435000,41,175.073,-21661.2,38.9619,0.381
6450000,51,208.64,-21665.2,47.616,0.399289
6465000,49,216.554,-21652.1,51.9839,0.389813
6480000,47,210.799,-21645.2,34.1573,0.379067
6495000,52,242.856,-21644.3,60.4072,0.406
6510000,57,250.981,-21652.4,55.2013,0.416467
6525000,58,257.56,-21650.3,48.3676,0.398253
6540000,47,200.357,-21649.7,41.4685,0.405933
6555000,38,164.154,-21655.6,50.64,0.386
6570000,44,187.851,-21653.7,35.7527,0.391433
6585000,46,196.846,-21675.5,47.7211,0.391027
6600000,51,219.23,-21669.6,53.1256,0.394433
6615000,59,262.22,-21639.6,69.5407,0.407333
6630000,54,242.631,-21651.1,69.6245,0.410267
6645000,48,213.211,-21651.1,41.9918,0.400917
6660000,39,163.022,-21674.8,47.1812,0.396467
6675000,29,124.12,-21666.4,32.1917,0.384178
6690000,37,168.894,-21672.2,37.7744,0.384052
6705000,35,142.458,-21685.2,34.5835,0.375956
6720000,29,132.209,-21666.4,26.2391,0.369667
6735000,41,175.049,-21671.2,45.5434,0.372467
6750000,33,140.335,-21679.3,37.4794,0.366067
6765000,45,197.049,-21666.3,44.7736,0.384833
6780000,43,192.895,-21654.8,40.3948,0.3919
6795000,44,200.763,-21655.9,47.2931,0.384067
6810000,49,219.396,-21629.4,53.3035,0.396511
6825000,54,230.485,-21626.6,64.6917,0.4084
6840000,51,213.46,-21648.7,41.6329,0.4078
6855000,32,139.536,-21647.9,26.6153,0.388067
6870000,28,123.813,-21685.2,37.0231,0.378067
6885000,39,167.294,-21671.6,39.4117,0.375067
6900000,36,155.848,-21686,48.6362,0.386619
6915000,40,173.271,-21669.9,29.104,0.378711
6930000,45,196.609,-21665.6,38.6858,0.399133
6945000,37,161.324,-21677.5,36.3837,0.392578
6960000,43,184.215,-21658.6,30.7691,0.39292
6975000,49,212.785,-21675.1,55.0656,0.393111
6990000,53,239.55,-21653.9,53.2034,0.399533
7005000,40,167.181,-21670,41.445,0.406083
7020000,30,133.065,-21685.5,30.4963,0.373133
7035000,52,217.496,-21641.4,49.7223,0.3948
7050000,46,179.138,-21673,48.9686,0.382667
7065000,49,210.009,-21646.5,52.031,0.393267
7080000,44,180.089,-21649.1,51.6944,0.376767
7095000,53,234.043,-21653.1,64.618,0.393867
7110000,55,238.054,-21647.1,40.1677,0.3888
7125000,48,208.1,-21634.4,52.2181,0.3838
7140000,48,211.843,-21669.1,51.6004,0.385067
7155000,44,190.661,-21657.2,34.9567,0.391467
7170000,43,200.855,-21672.1,44.7675,0.394067
7185000,66,284.016,-21655.1,83.6571,0.3972
7200000,65,278.804,-21654.1,82.838,0.428
7215000,62,266.593,-21654.3,56.7937,0.4152
7230000,36,154.769,-21671.4,48.7674,0.387967
7245000,51,228.411,-21654.5,53.3755,0.405356
7260000,66,288.677,-21639,60.9395,0.411133
7275000,62,271.902,-21616.3,69.2374,0.400533
7290000,50,206.203,-21639.9,47.8331,0.414167
7305000,59,260.001,-21626.7,61.7029,0.409133
7320000,56,236.725,-21622.9,57.7707,0.3838
7335000,60,286.579,-21636.3,78.8697,0.402622
7350000,46,188.398,-21624.5,41.4416,0.398667
7365000,58,269.795,-21645,43.2678,0.3954
7380000,57,244.005,-21617.2,56.9733,0.403667
7395000,69,318.2,-21637.9,62.9599,0.411067
7410000,59,261.252,-21632.1,58.0232,0.417533
7425000,57,263.251,-21629.6,59.2266,0.399543
7440000,54,236.947,-21631.6,63.7724,0.4092
7455000,60,245.405,-21625.1,67.588,0.3978
7470000,62,262.478,-21637.3,57.2023,0.410267
7485000,66,289.887,-21660.1,63.8555,0.416533
7500000,40,172.886,-21646.7,43.6759,0.384215
7515000,53,220.172,-21646.7,44.3203,0.4053
7530000,53,213.149,-21614.8,68.1864,0.389029
7545000,62,280.382,-21626.4,68.3672,0.405733
7560000,62,267.307,-21602.3,56.9887,0.398333
7575000,60,264.825,-21634.7,65.6982,0.406044
7590000,50,221.679,-21641.6,49.5192,0.3918
7605000,46,206.006,-21634.3,37.2999,0.395622
7620000,53,243.585,-21602.5,51.7824,0.389667
7635000,55,253.412,-21626.9,63.4587,0.3887
7650000,48,217.496,-21658.7,47.3821,0.395413
7665000,48,224.214,-21640.3,50.6324,0.401089
7680000,49,210.92,-21629.3,49.0703,0.393467
7695000,73,328.43,-21622.9,82.031,0.40095
7710000,63,279.133,-21638.1,57.5427,0.398867
7725000,60,247.869,-21619.8,65.2974,0.424133
7740000,55,247.591,-21651.1,63.1602,0.414756
7755000,56,237.956,-21615.3,60.7922,0.392533
7770000,54,235.64,-21635.5,53.3148,0.410867
7785000,64,273.015,-21654,52.0093,0.407867
7800000,66,281.611,-21651.5,82.8118,0.397333
7815000,56,245.837,-21635.6,43.5774,0.387715
7830000,50,225.593,-21607.4,51.204,0.398293
7845000,50,208.905,-21629.1,52.4776,0.379933
7860000,57,235.339,-21607.7,70.5424,0.399133
7875000,49,205.069,-21643.7,49.3891,0.395573
7890000,65,279.144,-21626,68.7958,0.396867
7905000,47,201.427,-21653.6,35.4044,0.391056
7920000,50,215.433,-21610.1,46.1333,0.389133
7935000,45,185.69,-21659.4,37.092,0.390267
7950000,44,202.484,-21669.4,45.6138,0.39212
7965000,52,231.169,-21657.4,62.1132,0.395467
7980000,54,233.21,-21607.4,68.9341,0.3891
7995000,42,181.983,-21646.6,38.0355,0.3893
8010000,62,269.393,-21610.3,54.8295,0.393933
8025000,69,316.793,-21628.1,78.8241,0.401267
8040000,72,325.744,-21616.3,87.44,0.4212
8055000,73,310.18,-21619.6,87.5998,0.4236
8070000,79,355.743,-21636.9,76.7036,0.4238
8085000,73,315.897,-21631,60.7057,0.418267
8100000,69,303.891,-21625.8,62.6678,0.413867
8115000,56,246.875,-21608.2,69.5706,0.418067
8130000,59,259.886,-21613.7,44.5179,0.407133
8145000,50,220.084,-21633.5,42.1496,0.408667
8160000,44,186.673,-21663.7,39.5161,0.393757
8175000,46,200.034,-21634,37.9353,0.395867
8190000,36,154.101,-21666.3,35.6583,0.390636
8205000,35,152.407,-21669.4,36.6073,0.378933
8220000,38,172.624,-21703.5,38.2629,0.3872
8235000,30,127.785,-21691.5,28.3374,0.382667
8250000,45,205.25,-21650.1,60.3999,0.402889
8265000,38,165.067,-21649.1,34.2187,0.379867
8280000,46,200.326,-21634.3,50.119,0.38019
8295000,41,182.608,-21647.9,39.2159,0.3696
8310000,35,159.499,-21638,40.8113,0.3728
8325000,44,197.007,-21641.5,32.6194,0.374933
8340000,47,198.258,-21628.9,39.151,0.38604
8355000,52,227.12,-21633.5,72.5695,0.393067
8370000,53,233.749,-21643.7,60.597,0.374644
8385000,51,214.799,-21615.3,40.8836,0.390967
8400000,52,245.756,-21649.4,53.4712,0.4021
8415000,51,236.834,-21652.5,47.5008,0.402
8430000,45,203.052,-21641.5,33.5268,0.383244
8445000,35,161.865,-21675.3,30.2895,0.39799
8460000,58,257.503,-21651.7,72.0989,0.395422
8475000,47,203.536,-21646.4,44.8362,0.394956
8490000,48,209.995,-21688.6,38.1673,0.383556
8505000,54,241.674,-21619.9,60.2777,0.3973
8520000,55,259.781,-21636.5,61.5656,0.407983
8535000,55,241.495,-21646,58.896,0.386033
8550000,56,235.199,-21620.8,71.8797,0.3888
8565000,51,207.456,-21632.4,50.9895,0.407422
8580000,46,191.876,-21631.9,61.5747,0.4006
8595000,34,150.624,-21626.8,32.142,0.388733
8610000,46,211.953,-21655.1,53.3443,0.3793
8625000,46,201.207,-21627.6,37.4626,0.380667
8640000,52,234.898,-21618.1,55.4824,0.378933
8655000,54,232.66,-21625.6,51.1343,0.393733
8670000,51,217.931,-21651.3,49.3495,0.39195
8685000,54,226.201,-21652.6,67.6457,0.407467
8700000,59,251.17,-21663.9,59.1321,0.4104
8715000,52,241.667,-21639.6,52.618,0.387419
8730000,59,243.451,-21641.1,68.1954,0.408767
8745000,77,344.132,-21652.1,83.6564,0.4045
8760000,63,267.323,-21610.1,54.7797,0.403444
8775000,54,245.831,-21617.7,46.5417,0.410533
8790000,65,281.696,-21607.2,86.9326,0.409733
8805000,58,260.934,-21611.4,47.9601,0.4132
8820000,47,207.052,-21615.4,54.3578,0.404267
8835000,50,216.908,-21641.4,49.578,0.390067
8850000,42,176.935,-21625.9,46.6866,0.394
8865000,55,245.289,-21620,58.9863,0.381267
8880000,52,228.118,-21618.4,46.2224,0.385267
8895000,56,247.56,-21618.5,57.1918,0.399655
8910000,54,246.326,-21626.1,47.9485,0.397133
8925000,66,285.659,-21609.4,77.541,0.397533
8940000,40,170.032,-21619.1,43.8072,0.382817
8955000,45,202.55,-21642.3,35.512,0.38326
8970000,60,256.953,-21643.7,60.8953,0.394289
8985000,62,257.901,-21647,69.6794,0.4048
9000000,47,219.244,-21639.5,47.1834,0.398644
9015000,44,192.82,-21653.5,39.2163,0.3898
9030000,50,215.863,-21644.6,62.7663,0.399333
9045000,60,264.624,-21652.7,61.9458,0.396
9060000,42,187.838,-21629.5,44.5265,0.387511
9075000,39,167.552,-21650.1,49.268,0.369733
9090000,46,201.282,-21648.6,54.8333,0.400778
9105000,50,214.097,-21649.7,56.9294,0.397067
9120000,52,229.578,-21673.1,68.0382,0.3976
9135000,52,246.892,-21661.4,54.1898,0.412733
9150000,43,197.132,-21674.3,39.0953,0.387667
9165000,51,220.859,-21656.2,61.9241,0.405333
9180000,61,275.812,-21636.5,45.0823,0.400533
9195000,42,192.673,-21651.3,45.3506,0.394886
9210000,46,203.704,-21646.1,54.5379,0.408733
9225000,57,239.69,-21633.3,58.0814,0.393353
9240000,48,210.93,-21638.2,52.1285,0.400133
9255000,76,335.346,-21618.9,79.5032,0.402267
9270000,74,328.944,-21625.8,62.7776,0.423733
9285000,71,317.175,-21637.7,75.7048,0.399389
9300000,76,329.59,-21618.5,72.3174,0.4146
9315000,58,242.033,-21644.9,59.2311,0.411613
9330000,64,274.762,-21644.8,50.07,0.400067
9345000,56,255.909,-21626.7,68.2483,0.404267
9360000,62,291.634,-21630.7,69.3821,0.401733
9375000,54,242.419,-21647.2,44.6121,0.400733
9390000,53,218.865,-21640.1,55.6472,0.401
9405000,42,185.149,-21656.2,37.0944,0.41176
9420000,51,221.431,-21648.4,54.4368,0.4007
9435000,40,176.855,-21661.7,39.239,0.3765
9450000,51,222.921,-21646.9,53.9496,0.377333
9465000,58,259.497,-21632.9,64.1227,0.393022
9480000,53,245.12,-21643.1,65.8845,0.376444
9495000,51,242.426,-21660.5,41.4551,0.399533
9510000,47,197.363,-21629.2,45.3145,0.397167
9525000,50,218.367,-21657.7,37.7825,0.397367
9540000,46,189.797,-21648.2,40.0727,0.390133
9555000,41,186.869,-21653.7,52.935,0.392911
9570000,37,163.712,-21671.6,47.8748,0.394608
9585000,46,202.668,-21642.8,43.95,0.3771
9600000,41,181.537,-21675.3,42.2147,0.392867
9615000,53,239.257,-21636.2,51.1054,0.378067
9630000,53,228.605,-21629.3,47.935,0.385133
9645000,43,186.374,-21646.3,44.2907,0.386156
9660000,46,197.939,-21647.6,59.4444,0.3916
9675000,54,244.406,-21661.7,46.2225,0.386311
9690000,52,225.621,-21659.7,49.2514,0.400067
9705000,45,200.512,-21681.7,52.629,0.392044
9720000,40,158.993,-21646.9,30.1255,0.408733
9735000,51,221.027,-21626.6,52.1163,0.396933
9750000,45,195.583,-21652.3,46.1129,0.3928
9765000,45,193.965,-21641.1,46.923,0.377067
9780000,41,178.292,-21647.5,31.506,0.39912
9795000,61,249.018,-21621.4,63.9839,0.40155
9810000,50,227.283,-21624.8,50.2333,0.395511
9825000,45,188.601,-21651.3,54.078,0.390333
9840000,45,206.48,-21646.5,51.4173,0.403267
9855000,48,208.95,-21628.3,38.9658,0.394283
9870000,42,183.385,-21628.2,35.7771,0.396867
9885000,52,238.442,-21637.8,44.4318,0.389533
9900000,40,174.517,-21650.5,37.1097,0.394933
9915000,55,246.042,-21666.8,64.7785,0.4094
9930000,57,252.694,-21621,67.9525,0.393911
9945000,41,173.833,-21673.2,51.5225,0.394976
9960000,57,252.284,-21631,56.5326,0.391433
9975000,65,271.255,-21634.8,63.0081,0.396867
9990000,45,197.218,-21653.9,47.9586,0.390987
10005000,37,161.126,-21666.1,28.725,0.393267
10020000,52,233.093,-21636.5,58.216,0.392333
10035000,62,276.837,-21621,51.761,0.396
10050000,47,193.935,-21648.2,45.4395,0.391489
10065000,57,254.186,-21641,56.2002,0.400844
10080000,55,245.889,-21624.7,53.1218,0.396444
10095000,60,266.36,-21649.8,65.7924,0.402733
10110000,46,195.804,-21654.9,42.2544,0.3996
10125000,50,220.335,-21632.9,64.3547,0.377933
10140000,42,177.571,-21632.9,50.4128,0.388622
10155000,46,191.59,-21628.4,43.4857,0.373533
10170000,39,178.781,-21642.4,40.0047,0.384667
10185000,39,167.552,-21664,36.5797,0.385733
10200000,51,218.021,-21629.6,52.2732,0.386
10215000,36,155.984,-21624.6,49.2337,0.392189
10230000,39,171.942,-21670.1,44.5382,0.380267
10245000,51,228.921,-21626.7,48.555,0.379067
10260000,37,162.261,-21648.4,32.2837,0.389533
10275000,32,134.831,-21667.9,42.8014,0.383889
10290000,41,188.015,-21675.6,45.6938,0.392933
10305000,47,188.02,-21651.4,44.1448,0.376033
10320000,47,212.493,-21652.6,51.7309,0.38925
10335000,51,227.519,-21658.6,51.618,0.381667
10350000,51,215.174,-21641.1,47.0692,0.399733
10365000,47,199.891,-21608.1,60.7322,0.384267
10380000,47,194.033,-21610.5,40.2662,0.372667
10395000,34,156.452,-21669.5,36.1958,0.386638
10410000,47,205.94,-21637.8,49.5808,0.38045
10425000,52,242.27,-21632.5,40.5538,0.399
10440000,53,236.083,-21636.7,51.2908,0.390633
10455000,55,247.512,-21631.2,50.8807,0.411767
10470000,49,222.129,-21638.6,54.9553,0.398067
10485000,54,232.978,-21645.3,54.3837,0.401867
10500000,46,202.263,-21659,43.8617,0.377467
10515000,54,238.553,-21644.2,54.02,0.391358
10530000,45,189.079,-21655.6,41.2763,0.389533
10545000,44,195.955,-21663.3,59.1101,0.395533
10560000,43,197.137,-21661.2,43.7424,0.389067
10575000,45,206.111,-21675.1,42.375,0.389133
10590000,35,156.072,-21673.7,28.4834,0.399076
10605000,49,205.367,-21676.6,56.6912,0.382333
10620000,38,165.01,-21661.3,41.3814,0.395133
10635000,53,237.033,-21640.9,51.2772,0.388817
10650000,43,194.32,-21671.2,38.852,0.389311
10665000,51,230.019,-21646.6,47.2635,0.403267
10680000,52,241.047,-21640.8,58.0885,0.406267
10695000,45,198.311,-21651.4,44.8685,0.3938
10710000,43,185.66,-21679.6,41.6143,0.391589
10725000,50,219.598,-21631.3,49.6594,0.397067
10740000,46,199.829,-21642,46.7545,0.397933
10755000,44,178.173,-21654.5,40.7636,0.386781
10770000,42,184.336,-21643,38.0962,0.390533
10785000,42,183.9,-21651.8,55.5008,0.393633
10800000,44,186.975,-21639.1,50.1027,0.389422
10815000,54,244.249,-21628.1,52.8308,0.381556
10830000,52,233.958,-21627.5,57.7128,0.405333
10845000,52,233.054,-21635.7,49.453,0.388022
10860000,49,202.318,-21662.9,47.8833,0.3795
10875000,45,202.08,-21631.5,41.4533,0.386467
10890000,48,193.476,-21643,55.4922,0.391289
10905000,62,260.499,-21609.6,63.6104,0.3989
10920000,56,250.83,-21624.1,42.839,0.381533
10935000,63,280.904,-21628.6,59.4568,0.3956
10950000,70,297.359,-21648.3,65.939,0.413533
10965000,66,293.394,-21613.7,67.6324,0.396283
10980000,73,307.057,-21604.8,79.4069,0.3909
10995000,74,340.84,-21601,76.3137,0.4102
11010000,51,218.312,-21605.2,43.3514,0.398967
11025000,55,236.333,-21617.7,60.2996,0.3974
11040000,64,289.152,-21621.6,60.3444,0.387567
11055000,59,250.583,-21608.4,61.8442,0.395433
11070000,60,261.454,-21611.1,62.961,0.392333
11085000,60,245.655,-21592.1,53.9571,0.3968
11100000,45,190.978,-21618.4,43.6445,0.395222
11115000,42,189.619,-21622.5,42.7915,0.39384
11130000,58,249.246,-21610.6,64.2615,0.383133
11145000,39,172.613,-21646.2,33.4986,0.379289
11160000,55,248.079,-21618.6,50.8073,0.392756
11175000,59,253.08,-21602.4,47.6698,0.397911
11190000,71,323.011,-21591.6,71.5813,0.4086
11205000,70,303.763,-21607.8,73.9299,0.416467
11220000,42,163.978,-21641.5,43.4507,0.395017
11235000,57,236.397,-21604.7,60.6912,0.3921
11250000,45,199.297,-21650.9,47.9564,0.387633
11265000,56,205.665,-21612.5,68.2908,0.388667
11280000,56,255.547,-21640.6,66.9231,0.391933
11295000,64,289.523,-21594.6,81.6246,0.400533
11310000,62,272.074,-21616.6,52.8786,0.406
11325000,59,249.74,-21624.5,53.3299,0.399067
11340000,42,186.99,-21637.3,27.4056,0.390815
11355000,56,250.275,-21640.9,54.0683,0.3896
11370000,59,254.026,-21620.7,60.2776,0.412467
11385000,46,203.892,-21628.8,32.6762,0.400667
11400000,59,252.623,-21657.2,70.279,0.399413
11415000,46,204.783,-21642.1,40.2838,0.410467
11430000,50,213.491,-21646,52.4503,0.390911
11445000,47,207.803,-21663.3,48.481,0.384767
11460000,43,183.815,-21665.6,46.313,0.387656
11475000,50,208.737,-21639.7,48.2544,0.397867
11490000,49,225.224,-21650.3,54.0469,0.391133
11505000,64,260.438,-21657.4,69.8355,0.391467
11520000,60,262.359,-21638,70.8533,0.398289
11535000,60,258.136,-21655.3,80.9606,0.418967
11550000,55,223.074,-21633.1,45.2723,0.4004
11565000,60,252.418,-21621.3,50.5414,0.392867
11580000,49,206.056,-21621.1,50.4497,0.39645
11595000,54,235.557,-21634.8,62.5668,0.389133
11610000,46,210.308,-21644.1,45.3604,0.400027
11625000,67,286.457,-21646.5,71.25,0.411167
11640000,41,176.87,-21654.3,43.414,0.39565
11655000,54,237.164,-21645.4,63.2804,0.396733
11670000,49,211.966,-21642.4,54.6415,0.405
11685000,51,219.413,-21650.5,59.4982,0.398133
11700000,51,223.246,-21632.3,45.5795,0.3964
11715000,54,222.858,-21637.5,55.3814,0.3922
11730000,50,214.54,-21643.9,49.2065,0.393689
11745000,49,229.838,-21650.2,48.5022,0.402111
11760000,63,270.728,-21636.7,46.3879,0.400556
11775000,59,255.407,-21638.4,59.5976,0.395533
11790000,53,233.368,-21629,49.7352,0.377333
11805000,40,181.331,-21649.9,48.6557,0.3929
11820000,52,235.106,-21641,44.1868,0.366367
11835000,52,219.846,-21647.8,52.4654,0.389
11850000,53,234.588,-21619.3,56.8803,0.395267
11865000,47,201.943,-21628.2,63.185,0.3774
11880000,48,206.791,-21628.9,51.0417,0.373733
11895000,45,192.345,-21612.6,44.2209,0.394733
11910000,49,217.976,-21618.8,55.7674,0.374733
11925000,41,180.312,-21637.8,38.162,0.384711
11940000,45,195.715,-21640.1,55.4669,0.394933
11955000,53,226.279,-21651.6,53.678,0.391467
11970000,61,265.537,-21615.3,45.8467,0.38865
11985000,47,197.808,-21661,49.3347,0.390914
12000000,69,304.222,-21643.2,59.0146,0.410367
12015000,69,317.228,-21612.9,68.9551,0.4164
12030000,68,297.838,-21616.1,71.1395,0.418
12045000,66,296.912,-21598.2,55.3707,0.397
12060000,59,258.559,-21626.4,63.5385,0.403638
12075000,60,269.32,-21630.7,56.4571,0.3982
12090000,74,324.082,-21602.8,69.9417,0.413511
12105000,67,286.257,-21593.9,76.8521,0.399133
12120000,54,243.19,-21626.8,50.7352,0.4138
12135000,61,274.431,-21619,70.3327,0.410867
12150000,52,229.225,-21640.1,45.7171,0.394173
12165000,65,270.511,-21612,61.1755,0.394667
12180000,57,251.066,-21622.6,50.6205,0.4118
12195000,58,253.865,-21636.8,48.6701,0.411181
12210000,57,237.633,-21639.9,62.8418,0.410267
12225000,57,245.705,-21637.4,62.7432,0.409933
12240000,52,217.083,-21632.2,70.0709,0.409733
12255000,50,220.045,-21649.3,51.3911,0.39892
12270000,63,283.728,-21647.4,62.6235,0.420267
12285000,46,197.545,-21622.2,53.3467,0.385289
12300000,51,223.182,-21649.9,67.0969,0.4023
12315000,49,205.011,-21661.8,55.7318,0.4102
12330000,48,196.989,-21643.2,50.1615,0.392156
12345000,54,234.191,-21640.3,47.6664,0.395333
12360000,50,210.858,-21652.9,59.0371,0.39781
12375000,63,272.205,-21640.1,75.5106,0.3995
12390000,56,235.901,-21648.7,64.4752,0.39868
12405000,51,230.169,-21671.3,56.3453,0.408156
12420000,67,287.489,-21645.7,44.0048,0.408822
12435000,61,281.816,-21629.7,73.7281,0.422067
12450000,59,268.588,-21626.7,58.1048,0.414267
12465000,68,314.958,-21637.3,55.5833,0.41704
12480000,66,297.399,-21614.5,71.8066,0.422967
12495000,62,267.808,-21620.7,62.1527,0.4154
12510000,60,279.423,-21636.7,49.0831,0.415622
12525000,52,225.781,-21637.5,56.9878,0.407067
12540000,46,198.048,-21636.9,36.1429,0.3978
12555000,52,229.062,-21650.3,59.3221,0.400067
12570000,65,278.521,-21621.4,58.8657,0.395947
12585000,64,288.218,-21614.2,80.5041,0.416
12600000,74,337.515,-21594,68.5384,0.413267
12615000,75,323.45,-21611.8,71.4088,0.427533
12630000,57,251.414,-21607.5,64.1104,0.406067
12645000,54,223.238,-21634.9,52.2998,0.403744
12660000,59,269.136,-21649.4,63.9312,0.412267
12675000,56,259.444,-21650.4,56.9537,0.43
12690000,36,159.289,-21674,40.2707,0.398105
12705000,53,215.687,-21618.9,47.8177,0.406293
12720000,55,246.149,-21620.3,56.461,0.396867
12735000,49,222.055,-21632.1,36.2818,0.3808
12750000,47,215.504,-21629.4,58.2589,0.379067
12765000,57,254.39,-21618.7,52.1605,0.406933
12780000,48,221.861,-21645.6,48.1868,0.399381
12795000,70,310.273,-21652.7,68.2675,0.395533
12810000,53,247.406,-21654.1,53.1514,0.376858
12825000,50,215.062,-21633.8,50.2417,0.398867
12840000,55,240.739,-21651.5,55.7891,0.407267
12855000,54,241.001,-21645.3,65.7862,0.403493
12870000,39,157.819,-21649.1,40.6789,0.390133
12885000,40,165.588,-21661.1,35.5149,0.38928
12900000,46,189.696,-21643.9,42.0359,0.370433
12915000,42,188.812,-21640.2,51.6724,0.413733
12930000,46,201.732,-21656.2,43.4503,0.3992
12945000,50,204.419,-21652.4,49.7885,0.386022
12960000,43,191.412,-21651.4,44.4627,0.399333
12975000,40,180.187,-21667,45.6064,0.385111
12990000,37,159.549,-21673,37.9263,0.387333
13005000,47,220.421,-21653.6,45.1944,0.395853
13020000,63,282.945,-21652.1,58.5595,0.407267
13035000,34,151.926,-21678.3,34.3926,0.388711
13050000,35,161.293,-21658.8,42.6938,0.399367
13065000,46,202.795,-21674.9,39.0141,0.4015
13080000,44,194.288,-21664,56.5668,0.400733
13095000,51,238.877,-21633.6,62.4987,0.401711
13110000,47,198.411,-21670.5,54.0507,0.389156
13125000,42,180.598,-21669.9,34.1565,0.401667
13140000,54,227.553,-21636.3,59.5321,0.398383
13155000,57,233.947,-21633.4,59.5977,0.416067
13170000,53,250.065,-21661.1,50.3076,0.406427
13185000,52,222.414,-21635.6,43.2065,0.3937
13200000,55,233.844,-21654.1,61.7952,0.392053
13215000,57,250.122,-21655.7,42.5072,0.4246
13230000,39,172.011,-21640.4,36.0463,0.393117
13245000,39,164.832,-21658,35.7946,0.367133
13260000,59,257.552,-21637,58.229,0.404667
13275000,52,224.216,-21642.4,45.5669,0.408
13290000,55,233.688,-21642.8,49.9794,0.4166
13305000,46,189.33,-21647.1,43.3982,0.39295
13320000,33,149.1,-21654.7,33.1358,0.385933
13335000,47,193.326,-21658.3,52.3959,0.407956
13350000,32,147.455,-21658.7,35.378,0.372933
13365000,46,202.709,-21630,43.2136,0.401167
13380000,49,213.004,-21661.5,48.2348,0.396448
13395000,62,252.333,-21644.2,52.7523,0.4026
13410000,59,266.033,-21635.3,66.9423,0.419
13425000,57,248.274,-21646.7,54.6876,0.4138
13440000,47,208.632,-21643.2,48.7865,0.390111
13455000,38,161.653,-21670.9,40.0621,0.3924
13470000,61,270.237,-21666.2,57.0161,0.406022
13485000,39,166.673,-21655.7,31.5394,0.3978
13500000,34,147.395,-21670.5,29.9253,0.395017
13515000,42,180.257,-21618.3,47.138,0.3781
13530000,49,220.23,-21643.1,50.4812,0.384867
13545000,52,213.513,-21648.5,49.5227,0.3978
13560000,51,227.801,-21663.9,52.0874,0.404117
13575000,43,171.373,-21653.2,38.0873,0.396242
13590000,45,200.197,-21642.3,43.4529,0.4057
13605000,37,163.963,-21656.9,30.8963,0.3953
13620000,51,225.246,-21639.5,39.8451,0.401089
13635000,70,298.747,-21620,65.0819,0.399933
13650000,49,223.415,-21671.3,35.5402,0.3992
13665000,65,278.328,-21644.5,87.761,0.390867
13680000,56,241.954,-21644.8,65.7375,0.4049
13695000,51,217.941,-21643.6,52.2341,0.408533
13710000,51,222.294,-21644.6,57.2069,0.4028
13725000,48,224.71,-21650.3,49.8078,0.3988
13740000,52,225.944,-21636.3,52.8975,0.3904
13755000,49,194.956,-21651.3,37.8384,0.391222
13770000,45,200.458,-21645.8,55.9208,0.387567
13785000,57,240.077,-21631.5,52.8965,0.403
13800000,61,266.578,-21632.2,57.722,0.397956
13815000,52,225.773,-21624,60.2808,0.384415
13830000,66,298.363,-21584.9,60.1881,0.413667
13845000,65,261.946,-21602.6,77.1489,0.4102
13860000,65,278.269,-21631.3,74.5393,0.400133
13875000,51,199.236,-21616.7,57.504,0.401267
13890000,50,207.016,-21639.4,49.3391,0.38808
13905000,49,212.897,-21667.6,48.2237,0.392083
13920000,57,252.716,-21640.3,61.8658,0.390367
13935000,52,223.107,-21641.2,51.6592,0.397667
13950000,66,298.771,-21629,77.2559,0.399253
13965000,66,286.923,-21621.4,83.0284,0.417067
13980000,50,225.746,-21637.6,44.7536,0.395067
13995000,49,203.402,-21644.4,40.9242,0.391333
14010000,56,234.923,-21631.8,53.1825,0.386467
14025000,59,258.857,-21634.6,59.5351,0.416733
14040000,54,232.576,-21644.9,56.1574,0.401667
14055000,53,234.761,-21649.7,58.1072,0.394867
14070000,62,250.737,-21638.6,65.2383,0.416733
14085000,49,223.203,-21693.3,46.5983,0.395728
14100000,68,290.461,-21624.2,58.745,0.417267
14115000,49,219.873,-21654.5,42.9815,0.385228
14130000,43,187.522,-21664.9,41.0911,0.397511
14145000,48,213.596,-21639.5,47.7096,0.403044
14160000,41,174.849,-21655.8,35.768,0.396178
14175000,53,231.197,-21650.4,63.3674,0.400644
14190000,37,158.022,-21658.3,39.1304,0.390333
14205000,54,238.351,-21650.5,52.0525,0.3942
14220000,47,193.358,-21653.6,35.8373,0.389583
14235000,48,213.769,-21643.6,73.7756,0.3686
14250000,44,199.768,-21660.9,41.322,0.392467
14265000,51,219.957,-21656.4,49.142,0.39132
14280000,60,267.685,-21646,64.4517,0.411867
14295000,59,262.041,-21666.9,57.2585,0.406433
14310000,57,248.588,-21649.8,58.735,0.406267
14325000,55,240.727,-21624.6,65.1324,0.413267
14340000,36,151.191,-21657.2,32.3691,0.3817
14355000,45,200.726,-21643.4,47.3413,0.3612
14370000,54,223.198,-21644.9,58.9522,0.401
14385000,47,195.559,-21633.6,41.9628,0.404667
14400000,55,239.742,-21639.7,58.5676,0.393533
14415000,40,172.958,-21645.1,40.3651,0.379483
14430000,51,233.464,-21625.1,53.4034,0.398267
14445000,44,187.583,-21632.1,38.0401,0.398933
14460000,57,254.071,-21656.3,60.0275,0.4156
14475000,66,300.13,-21642.5,74.7336,0.422733
14490000,62,260.586,-21645.2,68.4984,0.414933
14505000,55,255.641,-21624.5,47.5196,0.407767
14520000,47,212.119,-21658.7,54.3692,0.411467
14535000,55,239.969,-21608.7,59.8534,0.391
14550000,68,304.107,-21622.4,60.4328,0.4148
14565000,71,319.693,-21623.6,77.4876,0.419933
14580000,68,313.111,-21628.7,69.4856,0.418267
14595000,70,325.173,-21616.4,67.6567,0.404667
14610000,43,194.599,-21658.6,50.8167,0.4
14625000,52,235.816,-21630.8,50.3827,0.390633
14640000,63,285.596,-21621.7,63.7153,0.403667
14655000,47,205.522,-21663.4,40.1951,0.402133
14670000,53,232.499,-21640.2,62.5059,0.402133
14685000,54,228.262,-21654.3,62.6567,0.403467
14700000,63,273.274,-21631.8,68.3543,0.399183
14715000,53,225.429,-21635.9,46.4656,0.400733
14730000,56,247.983,-21608.9,68.2442,0.411467
14745000,54,245.337,-21626.6,67.8072,0.389133
14760000,65,280.241,-21620.1,75.1272,0.4202
14775000,61,264.713,-21622.3,61.4663,0.396733
14790000,54,242.724,-21633.3,57.5853,0.399907
14805000,74,316.194,-21626.9,74.1891,0.398933
14820000,68,305.451,-21632.6,69.3947,0.416733
14835000,43,199.606,-21641.5,45.7663,0.396089
14850000,61,266.258,-21626.9,58.9806,0.399533
14865000,63,275.958,-21622.7,60.3219,0.414333
14880000,62,275.399,-21609,68.6821,0.3934
14895000,70,297.417,-21627.3,80.5119,0.394933
14910000,46,199.047,-21670.1,49.8853,0.391686
14925000,62,276.323,-21611.2,69.7412,0.406467
14940000,67,267.412,-21622.2,68.7408,0.406533
14955000,52,229.418,-21648.5,59.2057,0.416933
14970000,50,216.431,-21629.4,60.5891,0.4053
14985000,52,224.087,-21637,49.2228,0.3894
15000000,50,209.624,-21652.3,62.9442,0.4001
15015000,45,188.263,-21673,54.2723,0.402752
15030000,59,260.322,-21624,67.9288,0.393489
15045000,60,253.998,-21630.6,53.5954,0.4108
15060000,57,262.507,-21619.3,50.7096,0.401517
15075000,51,216.633,-21637.7,58.1827,0.410867
15090000,62,274.357,-21656.7,55.5788,0.411667
15105000,65,276.854,-21619.1,59.1994,0.4152
15120000,63,255.364,-21596.3,57.0187,0.4272
15135000,44,193.979,-21665.8,39.2518,0.393211
15150000,39,169.342,-21644.9,44.8133,0.402259
15165000,40,183.098,-21671,46.4729,0.386967
15180000,40,180.117,-21665.2,43.4387,0.398667
15195000,52,227.151,-21624.8,54.1278,0.384778
15210000,49,214.66,-21644,48.5454,0.401667
15225000,45,206.853,-21633.8,41.8477,0.391467
15240000,62,255.439,-21616.7,58.62,0.410267
15255000,42,174.003,-21636,39.5494,0.393867
15270000,51,226.999,-21629.1,53.8285,0.382467
15285000,51,202.69,-21634.6,56.5057,0.399733
15300000,50,211.39,-21638,53.4241,0.3836
15315000,50,222.017,-21624.3,41.9198,0.376867
15330000,50,222.396,-21629.8,47.0494,0.394
15345000,49,211.703,-21624.8,40.7293,0.399667
15360000,56,252.65,-21615.5,59.1991,0.4038
15375000,57,245.369,-21615.6,47.3652,0.414467
15390000,48,226.69,-21649,51.6394,0.395587
15405000,53,239.031,-21617.6,54.7335,0.395933
15420000,47,212.759,-21639.8,59.9775,0.3833
15435000,48,215.528,-21639.1,37.8073,0.396233
15450000,48,209.983,-21617.6,43.6101,0.377667
15465000,68,277.478,-21596.5,82.2112,0.392533
15480000,82,356.921,-21608.8,77.3578,0.414067
15495000,73,320.282,-21620.1,71.4205,0.4248
15510000,69,304.558,-21623.6,66.8917,0.415733
15525000,45,205.614,-21683.8,43.6337,0.407467
15540000,54,241.648,-21663.5,54.5721,0.410967
15555000,39,172.078,-21671.8,39.3939,0.3973
15570000,53,241.861,-21645.4,59.0098,0.394233
15585000,46,206.378,-21642.5,35.7073,0.3874
15600000,39,176.844,-21655.5,45.6985,0.374333
15615000,30,134.566,-21682.8,20.9392,0.387926
15630000,39,168.39,-21680.1,46.5667,0.3822
15645000,35,157.746,-21668.9,45.8651,0.388789
15660000,43,211.609,-21664.4,39.4835,0.392333
15675000,46,198.769,-21669,58.9553,0.387
15690000,34,154.185,-21679.5,36.7442,0.391167
15705000,42,188.521,-21657.2,37.2708,0.402733
15720000,45,201.535,-21685.2,50.8052,0.396233
15735000,41,168.741,-21685.9,46.9107,0.37895
15750000,36,152.355,-21679.5,22.617,0.390633
15765000,51,215.327,-21687.5,54.0823,0.396933
15780000,25,113.516,-21685.1,30.3511,0.389973
15795000,47,209.493,-21673.1,62.4097,0.4105
15810000,36,142.936,-21677.7,35.3361,0.395933
15825000,44,183.731,-21692.2,38.9976,0.389387
15840000,44,189.711,-21659.9,41.1233,0.4005
15855000,43,201.414,-21674.7,43.8194,0.4015
15870000,48,215.066,-21676.5,40.8501,0.3906
15885000,44,195.805,-21668,50.7642,0.399067
15900000,50,229.622,-21653,50.5513,0.3975
15915000,50,218.946,-21655.1,49.244,0.395933
15930000,50,221.049,-21662.5,46.905,0.4102
15945000,46,208.754,-21651.9,47.607,0.390424
15960000,37,170.635,-21666.3,45.7511,0.376093
15975000,53,237.968,-21644.8,55.9276,0.391022
15990000,61,270.356,-21637,62.8543,0.401867
16005000,49,205.608,-21662.8,48.085,0.379767
16020000,49,209.578,-21667.9,45.0862,0.3862
16035000,47,205.866,-21661.9,48.8226,0.395533
16050000,49,213.165,-21657,49.9042,0.391467
16065000,42,178.002,-21655.6,47.5469,0.392933
16080000,48,203.013,-21645.1,47.4773,0.385692
16095000,48,215.811,-21647.7,53.4947,0.399
16110000,38,176.019,-21639.7,36.6987,0.392867
16125000,45,196.74,-21641.3,43.2723,0.392567
16140000,44,192.05,-21654.6,43.5273,0.393533
16155000,50,217.281,-21661.7,48.0872,0.391673
16170000,52,226.696,-21673.1,40.9769,0.392467
16185000,50,225.924,-21664.9,53.8209,0.391333
16200000,40,173.195,-21669.9,43.3814,0.4008
16215000,41,181.627,-21684.2,40.7053,0.393933
16230000,39,159.584,-21660,45.4871,0.378622
16245000,33,144.43,-21665.4,41.0574,0.368867
16260000,34,158.574,-21676.2,45.2329,0.386192
16275000,42,180.462,-21666.8,33.4506,0.372267
16290000,41,171.094,-21672.1,44.0357,0.396
16305000,43,176.059,-21668.6,38.2078,0.386
16320000,47,205.191,-21681.8,35.2691,0.367067
16335000,34,152.208,-21688.2,31.8849,0.393825
16350000,41,180.71,-21683.6,34.8768,0.388467
16365000,48,209.833,-21651.9,44.3475,0.3928
16380000,35,149.489,-21675.3,44.8939,0.385
16395000,34,146.854,-21675.1,34.5554,0.38532
16410000,31,135.056,-21686.8,29.1011,0.39645
16425000,51,224.395,-21674.1,46.6596,0.391433
16440000,33,131.634,-21698.1,29.864,0.381067
16455000,53,238.087,-21678.7,54.175,0.37328
16470000,38,167.494,-21693.3,44.3644,0.391222
16485000,59,246.738,-21660.5,59.4675,0.408433
16500000,57,258.342,-21657.1,74.5362,0.406733
16515000,72,311.014,-21665.8,85.7488,0.416533
16530000,55,240.599,-21655.8,57.2352,0.426
16545000,43,187.447,-21650.9,48.0208,0.402133
16560000,36,158.729,-21674.1,29.0146,0.388975
16575000,48,201.32,-21652.1,39.3465,0.404767
16590000,60,261.546,-21645.4,59.7334,0.4032
16605000,41,178.929,-21651.8,39.9251,0.400933
16620000,45,199.699,-21658.6,52.8735,0.399227
16635000,56,240.761,-21648.1,67.3702,0.374367
16650000,38,173.875,-21675.5,31.3938,0.393544
16665000,43,181.818,-21665.6,50.7487,0.407667
16680000,53,240.349,-21640.9,54.0964,0.396633
16695000,42,191.306,-21644.1,34.3379,0.3895
16710000,63,284.839,-21622.4,66.2259,0.411533
16725000,50,218.312,-21620.9,55.1864,0.383933
16740000,58,251.304,-21642.6,56.9171,0.391978
16755000,57,254.183,-21617.5,78.6486,0.405333
16770000,63,264.923,-21627.6,60.8978,0.4058
16785000,59,250.676,-21630.8,67.2034,0.3898
16800000,58,261.657,-21634.7,56.7979,0.3936
16815000,57,246.619,-21627.4,59.7911,0.392933
16830000,67,289.937,-21632.9,59.4668,0.4009
16845000,27,115.25,-21681.1,25.6801,0.400638
16860000,56,256.075,-21634.5,66.0415,0.396422
16875000,49,224.127,-21621.5,59.9674,0.399267
16890000,60,264.656,-21620.4,61.482,0.392883
16905000,53,228.486,-21654,57.2774,0.402533
16920000,67,281.574,-21619.8,66.458,0.3915
16935000,60,245.79,-21637.9,56.7854,0.398667
16950000,59,274.913,-21681.8,56.5129,0.394124
16965000,59,263.411,-21621.7,63.8654,0.400733
16980000,55,247.87,-21624.2,62.7471,0.401067
16995000,48,201.276,-21653.7,56.615,0.397322
17010000,38,180.532,-21669.3,35.5722,0.3854
17025000,42,179.756,-21681.2,43.5984,0.39136
17040000,58,245.601,-21615.7,52.0756,0.39125
17055000,72,312.667,-21606.3,76.8218,0.4044
17070000,54,235.005,-21613.8,42.9205,0.401533
17085000,47,200.189,-21619.8,53.53,0.389467
17100000,38,172.998,-21669.1,34.8436,0.390947
17115000,51,244.765,-21630.1,57.7282,0.391343
17130000,57,263.819,-21639.5,61.8268,0.377667
17145000,62,270.498,-21605.4,53.8419,0.417
17160000,52,214.23,-21625.3,41.801,0.388733
17175000,46,199.65,-21673.3,55.7828,0.400467
17190000,48,208.378,-21639,55.2317,0.394627
17205000,53,238.698,-21644.6,55.6518,0.397733
17220000,56,237.085,-21623.6,51.1169,0.3925
17235000,49,205.595,-21638,40.8249,0.389433
17250000,54,238.646,-21651,50.5445,0.392
17265000,40,174.742,-21688.2,40.027,0.387322
17280000,45,189.432,-21645.3,47.3564,0.3841
17295000,35,154.382,-21665.1,25.245,0.3888
17310000,47,195.607,-21656.9,47.6734,0.388378
17325000,48,202.538,-21658.3,48.5562,0.396571
17340000,56,234.307,-21634.3,50.0918,0.388667
17355000,50,207.254,-21635.7,51.1045,0.396267
17370000,45,196.432,-21633.7,49.6098,0.3772
17385000,66,294.764,-21589.8,73.1588,0.403333
17400000,64,296.39,-21610.5,64.2031,0.412467
17415000,53,247.001,-21646.8,48.9732,0.3866
17430000,52,223.869,-21660.9,39.4538,0.399325
17445000,58,259.859,-21652.5,51.2176,0.399367
17460000,41,179.979,-21665.8,41.2111,0.389
17475000,54,241.831,-21644.3,53.1455,0.3935
17490000,54,224.826,-21632.7,49.7837,0.409333
17505000,53,225.128,-21663.7,57.5072,0.399533
17520000,51,227.813,-21636.9,58.6135,0.397108
17535000,46,177.778,-21634.5,40.8598,0.386733
17550000,33,144.156,-21654.3,41.082,0.3776
17565000,58,271.662,-21641.4,48.58,0.396573
17580000,44,198.823,-21639.8,47.4518,0.405533
17595000,49,200.398,-21644,52.5547,0.402078
17610000,56,239.155,-21661.2,59.3315,0.4204
17625000,65,276.329,-21649.3,80.4238,0.410333
17640000,39,166.724,-21657.4,38.6411,0.383917
17655000,42,168.509,-21642.7,44.5971,0.411733
17670000,33,148.36,-21681.9,32.7626,0.3668
17685000,48,211.659,-21657,47.9109,0.386074
17700000,43,181.9,-21646.1,57.378,0.384356
17715000,36,151.846,-21662.9,29.5625,0.370333
17730000,48,196.949,-21665,37.852,0.37455
17745000,46,201.545,-21649,42.7016,0.373267
17760000,65,267.996,-21616.7,60.6157,0.399817
17775000,59,244.499,-21610.9,62.9077,0.407533
17790000,53,226.027,-21617.3,45.5146,0.415733
17805000,58,256.227,-21612.2,66.3728,0.4142
17820000,63,265.095,-21626.1,57.6554,0.408333
17835000,28,123.621,-21672.8,25.4358,0.381975
17850000,58,249.394,-21621.2,67.0332,0.401
17865000,33,148.98,-21674.6,25.7769,0.378
17880000,58,267.866,-21610.6,48.7616,0.4029
17895000,65,284.081,-21610.7,82.1187,0.407067
17910000,58,242.579,-21611.3,57.6435,0.4014
17925000,52,202.18,-21642.6,51.1778,0.410067
17940000,46,205.46,-21648.3,41.4263,0.391574
17955000,52,222.617,-21643.8,44.0553,0.395933
17970000,48,208.474,-21622.1,48.5932,0.391133
17985000,54,226.425,-21660.4,53.1994,0.3998
18000000,54,244.915,-21649.3,56.6788,0.3908
18015000,50,221.115,-21655.6,43.3648,0.401467
18030000,57,244.001,-21617.5,63.5372,0.400857
18045000,39,181.084,-21680.9,37.1706,0.37655
18060000,70,316.194,-21635.3,75.2429,0.4026
18075000,62,283.107,-21602.7,52.1689,0.4088
18090000,46,202.355,-21632.2,46.3769,0.382347
18105000,43,186.349,-21638,40.9202,0.3746
18120000,60,265.46,-21626.8,62.6211,0.383933
18135000,45,198.452,-21660.8,42.6741,0.3988
18150000,75,327.857,-21614,73.7889,0.399173
18165000,51,213.802,-21638.1,48.3147,0.379833
18180000,66,295.52,-21631.5,47.4229,0.406067
18195000,62,270.729,-21633.2,50.3688,0.401867
18210000,67,298.356,-21626.6,67.2616,0.405667
18225000,46,203.771,-21630.3,40.4438,0.4126
18240000,52,217.018,-21624.3,51.8702,0.3812
18255000,56,261.665,-21621.2,51.6207,0.368067
18270000,51,219.774,-21640.1,48.627,0.397867
18285000,59,245.389,-21625.7,71.3791,0.384933
18300000,46,203.065,-21636.6,53.6473,0.385067
18315000,43,174.504,-21667.4,45.9711,0.393222
18330000,48,213.236,-21658.7,41.8799,0.386267
18345000,44,187.984,-21640.7,45.4401,0.374467
18360000,51,231.959,-21651,48.1275,0.386067
18375000,57,255.75,-21644,55.5455,0.3807
18390000,44,173.615,-21616.1,45.8425,0.380333
18405000,39,175.209,-21662.5,44.7358,0.384222
18420000,40,176.216,-21640,47.1258,0.3772
18435000,52,238.862,-21636.5,51.5471,0.371133
18450000,56,253.939,-21631.5,62.0089,0.3846
18465000,60,259.018,-21641.7,64.4165,0.399733
18480000,61,262.427,-21653.7,63.4532,0.4022
18495000,39,167.066,-21656.7,37.7083,0.382669
18510000,47,200.555,-21641.9,51.9613,0.390233
18525000,50,215.243,-21627.8,55.8208,0.378867
18540000,52,221.364,-21618.9,58.5084,0.385733
18555000,56,234.92,-21640.4,59.04,0.392067
18570000,61,273.048,-21630.6,54.1575,0.388267
18585000,57,252.569,-21638.9,79.7731,0.399433
18600000,53,222.448,-21622.6,45.8125,0.401267
18615000,55,242.431,-21637.8,51.9103,0.390733
18630000,57,226.28,-21622.5,56.2886,0.39505
18645000,59,252.015,-21622.1,55.9893,0.404
18660000,62,270.031,-21624.7,64.393,0.407333
18675000,67,294.3,-21638.8,81.4323,0.4256
18690000,71,326.328,-21641.1,80.5582,0.429267
18705000,57,240.079,-21625.5,48.6771,0.402244
18720000,50,210.287,-21648.6,47.0505,0.390089
18735000,65,285.557,-21623.2,60.24,0.408267
18750000,57,248.567,-21620.6,43.7307,0.415567
18765000,49,222.101,-21647.7,34.1683,0.396422
18780000,62,271.986,-21627.4,73.7015,0.423889
18795000,67,309.718,-21648.5,67.4929,0.407667
18810000,59,257.139,-21647.8,53.8663,0.396511
18825000,66,270.58,-21608.2,75.5419,0.403733
18840000,57,239.387,-21622.8,61.3968,0.406067
18855000,61,277.762,-21640.7,50.895,0.397533
18870000,73,317.895,-21622.8,75.5897,0.408533
18885000,49,216.528,-21634.3,44.1366,0.3998
18900000,63,269.79,-21660.3,72.1072,0.403678
18915000,59,238.91,-21635.2,63.9973,0.403867
18930000,76,332.241,-21651.9,78.8829,0.395889
18945000,63,256.206,-21633.2,61.4999,0.406067
18960000,70,305.279,-21624.5,83.9255,0.399333
18975000,66,273.034,-21608.9,71.9532,0.405467
18990000,61,254.02,-21610.8,62.3221,0.397533
19005000,58,251.01,-21624.2,59.7042,0.409067
19020000,50,225.394,-21614.2,59.2045,0.402733
19035000,55,217.812,-21614.3,56.9956,0.398578
19050000,57,234.006,-21595.4,50.7443,0.3828
19065000,54,234.661,-21637.1,56.8351,0.394933
19080000,58,260.704,-21632.3,59.6174,0.397233
19095000,47,221.065,-21651.3,50.6507,0.396986
19110000,48,215.164,-21641.5,46.757,0.390867
19125000,53,226.614,-21653.7,61.9834,0.390067
19140000,49,205.519,-21655.5,49.4524,0.400933
19155000,43,189.15,-21642.6,50.8752,0.387167
19170000,57,263.151,-21649.8,59.629,0.387867
19185000,57,262.268,-21642.5,54.4365,0.395733
19200000,48,213,-21636.6,42.7559,0.39645
19215000,47,208.71,-21640.5,57.6604,0.3964
19230000,38,157.068,-21666.6,38.4069,0.390556
19245000,48,212.026,-21648.4,38.4926,0.403533
19260000,53,228.161,-21661.6,45.6369,0.3892
19275000,52,228.478,-21662.4,48.0913,0.377022
19290000,70,307.762,-21646.1,67.7701,0.3908
19305000,61,271.39,-21665.3,55.8318,0.4176
19320000,49,222.26,-21662.2,56.0574,0.402117
19335000,54,228.91,-21661.4,58.3033,0.402333
19350000,51,217.577,-21642.5,44.5733,0.3928
19365000,48,211.746,-21629.3,45.9692,0.39715
19380000,46,190.059,-21637.2,51.5112,0.3967
19395000,52,220.053,-21659.6,51.6807,0.387667
19410000,49,206.776,-21640.6,41.8725,0.3942
19425000,45,181.57,-21653.6,51.8857,0.3982
19440000,42,197.184,-21646.8,42.5614,0.3962
19455000,51,223.306,-21660,46.4328,0.400178
19470000,46,194.459,-21632.3,60.7598,0.391078
19485000,46,193.941,-21652.5,46.3113,0.398933
19500000,42,165.941,-21629.8,35.2688,0.3752
19515000,45,198.978,-21654.8,33.4521,0.3786
19530000,58,253.09,-21662.6,58.8972,0.400667
19545000,51,229.33,-21636.2,47.3224,0.405467
19560000,39,167.482,-21653.7,31.7408,0.384983
19575000,43,178.469,-21632.9,47.4571,0.385733
19590000,55,252.411,-21640,48.3679,0.396867
19605000,52,229.744,-21642.8,50.3532,0.404133
19620000,52,223.895,-21653.9,43.1404,0.393583
19635000,50,224.616,-21658.6,52.5878,0.385867
19650000,55,240.424,-21675.4,51.3608,0.4112
19665000,38,169.172,-21650,34.1608,0.392653
19680000,39,173.296,-21661.6,36.0683,0.394222
19695000,48,206.99,-21652.8,40.4072,0.406489
19710000,52,194.853,-21643,53.1741,0.3989
19725000,57,249.649,-21641.2,69.6428,0.407333
19740000,53,224.055,-21648.5,51.4851,0.409933
19755000,39,164.074,-21668.7,30.8458,0.410667
19770000,56,249.2,-21638.9,50.3354,0.401867
19785000,55,236.783,-21642.5,76.4816,0.391483
19800000,61,260.715,-21635.8,62.7184,0.408107
19815000,46,195.499,-21652,37.1536,0.410444
19830000,47,192.124,-21621,40.4128,0.396567
19845000,50,214.239,-21609.6,52.5802,0.381933
19860000,53,226.629,-21610,46.322,0.4012
19875000,57,261.361,-21633.4,52.178,0.396467
19890000,38,157.067,-21677.9,32.1075,0.388707
19905000,62,267.469,-21633.1,60.1027,0.394317
19920000,65,280.674,-21604.1,71.746,0.403022
19935000,59,258.1,-21602.6,46.9936,0.4078
19950000,51,221.963,-21615.5,48.245,0.41
19965000,65,288.579,-21627.6,58.3961,0.408283
19980000,71,303.744,-21623.7,74.7506,0.399833
19995000,59,268.785,-21622.7,67.0705,0.4126
20010000,57,233.904,-21614.7,54.3351,0.407267
20025000,50,213.595,-21623.3,43.2914,0.401267
20040000,50,217.925,-21637.5,57.2853,0.392467
20055000,55,235.171,-21649.9,67.9013,0.405727
20070000,48,194.048,-21647.4,50.7521,0.3993
20085000,45,191.127,-21647.4,48.302,0.399867
20100000,50,211.967,-21630.2,39.907,0.385267
20115000,56,223.236,-21629.3,55.8056,0.392733
20130000,56,228.664,-21640,48.7589,0.403388
20145000,62,265.886,-21634.4,61.876,0.405033
20160000,63,258.547,-21625.5,74.4251,0.4122
20175000,64,297.74,-21655.1,54.4292,0.404533
20190000,64,269.733,-21642.1,58.9377,0.4198
20205000,48,210.604,-21636.3,48.2027,0.4276
20220000,53,239.035,-21631.4,52.67,0.398667
20235000,59,244.953,-21634.8,59.6274,0.418133
20250000,56,228.404,-21649.7,51.0959,0.404333
20265000,56,251.339,-21638.8,59.5864,0.393149
20280000,53,249.974,-21648.6,65.1555,0.407733
20295000,62,251.646,-21633.2,83.2241,0.41132
20310000,72,316.448,-21625.8,69.2987,0.4194
20325000,55,229.914,-21593.3,63.4436,0.4102
20340000,57,236.938,-21642.3,40.8757,0.410317
20355000,49,217.641,-21627.1,46.8436,0.408867
20370000,65,263.384,-21613.3,58.3228,0.402444
20385000,50,224.486,-21628.7,54.2666,0.398833
20400000,66,281.481,-21617,53.0642,0.407717
20415000,57,235.84,-21609.8,51.0881,0.400333
20430000,67,280.895,-21617.8,65.5666,0.3926
20445000,69,305.518,-21613.3,62.743,0.407133
20460000,57,257.769,-21611.4,52.7081,0.40395
20475000,62,262.724,-21621.1,63.655,0.410067
20490000,58,256.942,-21591.1,54.2088,0.3956
20505000,59,269.306,-21612.4,65.17,0.4044
20520000,62,275.21,-21590,60.4533,0.4062
20535000,48,225.779,-21594.3,47.6253,0.397333
20550000,49,213.023,-21609.9,53.3673,0.395133
20565000,55,238.8,-21633.5,53.0229,0.399375
20580000,43,191.672,-21639.4,60.4739,0.396313
20595000,55,235.373,-21598.3,55.0962,0.4023
20610000,49,207.73,-21623.3,41.7042,0.397
20625000,57,258.293,-21627.3,67.9029,0.391567
20640000,55,221.185,-21654.2,50.2645,0.396667
20655000,53,226.677,-21623.9,42.0996,0.405
20670000,59,248.784,-21627.3,61.2066,0.403233
20685000,57,252.947,-21642,50.4655,0.409533
20700000,62,276.767,-21629.3,60.8077,0.399844
20715000,64,301.413,-21635.2,57.2625,0.399622
20730000,70,301.516,-21628.4,88.6419,0.424733
20745000,59,251.359,-21624.1,61.3349,0.4011
20760000,59,277.919,-21628.6,66.6468,0.419733
20775000,62,246.477,-21626.4,68.1404,0.4124
20790000,61,267.607,-21616.3,48.703,0.395467
20805000,49,219.506,-21625.7,36.7354,0.398133
20820000,37,160.118,-21663.1,38.4605,0.39595
20835000,42,179.947,-21651.1,35.5906,0.382733
20850000,62,287.522,-21642.3,55.7268,0.385489
20865000,50,223.917,-21684.5,57.9502,0.405094
20880000,41,183.445,-21626.2,40.9213,0.394167
20895000,48,203.182,-21656.2,61.8842,0.388533
20910000,37,157.735,-21642.3,43.6129,0.4002
20925000,52,222.43,-21648.7,41.5968,0.3998
20940000,33,154.836,-21690.2,28.634,0.398029
20955000,27,116.983,-21678.8,31.9192,0.374267
20970000,51,216.394,-21648.5,55.1304,0.408622
20985000,51,220.091,-21638.3,54.91,0.398667
21000000,44,190.965,-21642.1,33.831,0.3996
21015000,39,170.865,-21667.5,36.411,0.393183
21030000,50,220,-21646,49.5149,0.396267
21045000,42,186.6,-21641.1,37.4082,0.402133
21060000,44,194.83,-21630.4,45.3165,0.4036
21075000,43,201.949,-21670.3,38.401,0.395229
21090000,38,169.468,-21640,32.1463,0.399567
21105000,49,214.361,-21663.1,42.2126,0.4113
21120000,56,242.309,-21663.6,52.9176,0.407333
21135000,58,241.303,-21643.1,69.0156,0.409267
21150000,54,233.997,-21643.1,58.0292,0.403367
21165000,39,160.649,-21680.8,37.3928,0.400133
21180000,44,202.036,-21697.2,58.8465,0.3794
21195000,37,162.911,-21671.2,51.005,0.406117
21210000,36,159.53,-21686.1,50.8393,0.389733
21225000,31,122.547,-21668.1,52.2752,0.385956
21240000,39,159.936,-21663.6,44.0436,0.385067
21255000,59,258.816,-21632.3,57.9097,0.39181
21270000,45,211.241,-21660.7,41.1259,0.386833
21285000,52,234.587,-21662.9,50.7204,0.399533
21300000,48,217.068,-21650.7,49.7361,0.403467
21315000,64,293.032,-21641.2,64.7987,0.418667
21330000,32,144.33,-21679.4,36.5407,0.388086
21345000,74,324.569,-21651.4,91.2492,0.4097
21360000,62,298.858,-21641.3,59.783,0.412133
21375000,55,249.375,-21648.8,60.4626,0.415467
21390000,59,273.989,-21656.8,60.2387,0.4154
21405000,63,283.319,-21642.6,81.1033,0.4068
21420000,62,275.159,-21635.1,64.0221,0.415867
21435000,65,290.869,-21623.1,72.0901,0.419333
21450000,59,266.77,-21628.8,56.6564,0.401933
21465000,55,231.622,-21640.8,60.7159,0.399333
21480000,40,171.073,-21665.1,35.5818,0.38992
21495000,39,165.153,-21638.1,36.3482,0.373667
21510000,50,220.231,-21646.2,48.4125,0.396867
21525000,42,184.964,-21672.4,40.4793,0.383256
21540000,58,261.854,-21639.8,73.5697,0.388178
21555000,53,234.487,-21644.1,49.8822,0.406644
21570000,49,231.637,-21640.1,58.5004,0.411
21585000,38,158.2,-21647.9,36.7114,0.390733
21600000,51,227.043,-21641.2,48.396,0.397147
21615000,65,287.848,-21612.7,61.0895,0.400167
21630000,62,277.825,-21659.7,57.4138,0.401433
21645000,64,283.291,-21647,61.653,0.415933
21660000,46,204.5,-21653.2,50.3912,0.391078
21675000,49,221.079,-21651.6,45.6345,0.4184
21690000,45,193.289,-21665.5,39.8284,0.389867
21705000,37,157.237,-21649.7,44.9044,0.374667
21720000,47,195.838,-21657.4,30.8473,0.407689
21735000,43,185.918,-21655.6,39.4272,0.408533
21750000,42,184.072,-21638.3,48.291,0.387933
21765000,47,205.347,-21663.1,51.1031,0.3797
21780000,46,211.826,-21647.3,55.9792,0.399133
21795000,61,272.069,-21640.3,72.0601,0.396822
21810000,59,265.038,-21652.5,52.7032,0.3965
21825000,66,275.604,-21631.6,63.8337,0.415467
21840000,57,257.116,-21643.8,61.0095,0.395897
21855000,64,254.439,-21608.4,88.7233,0.4032
21870000,55,228.835,-21603.9,52.4798,0.399
21885000,60,282.39,-21665.1,61.788,0.414889
21900000,65,292.797,-21628.7,59.206,0.413467
21915000,48,213.515,-21650.2,39.3253,0.409633
21930000,40,185.501,-21654.5,35.1458,0.392133
21945000,43,199.07,-21661.9,37.5277,0.4074
21960000,47,220.297,-21643.3,34.6157,0.397022
21975000,42,184.198,-21655.3,46.9984,0.3958
21990000,46,192.438,-21646.2,41.6957,0.3911
22005000,45,197.699,-21650.7,57.8882,0.3853
22020000,45,204.724,-21641.7,40.2444,0.3871
22035000,49,206.918,-21660.1,56.1768,0.392433
22050000,50,212.251,-21635.2,54.0462,0.402
22065000,52,225.358,-21631.6,75.2506,0.389044
22080000,44,190.893,-21617,45.4334,0.391933
22095000,61,262.107,-21656.2,77.1855,0.394111
22110000,52,215.099,-21619.7,52.2388,0.3891
22125000,47,206.853,-21648.3,38.7659,0.3941
22140000,46,183.339,-21639.6,38.5641,0.381467
22155000,40,177.101,-21676,57.4726,0.37802
22170000,59,256.504,-21631.3,60.7147,0.391967
22185000,65,298.953,-21625.8,52.3936,0.401533
22200000,51,223.305,-21636.4,50.5169,0.404233
22215000,52,240.206,-21646,49.3916,0.4034
22230000,40,177.867,-21665.4,29.8782,0.391733
22245000,46,205.241,-21640.7,39.6456,0.389267
22260000,44,202.088,-21634.3,48.1541,0.396333
22275000,32,141.548,-21665.7,24.0692,0.374825
22290000,43,184.323,-21637,31.0698,0.383317
22305000,44,203.762,-21648.1,44.2702,0.3874
22320000,57,255.39,-21623.7,49.9532,0.382383
22335000,64,297.578,-21609.8,60.474,0.4126
22350000,51,196.782,-21638.3,61.1657,0.38364
22365000,54,223.965,-21640.7,45.5254,0.400383
22380000,61,273.041,-21629.2,60.5233,0.401333
22395000,53,236.27,-21612.2,48.4978,0.399667
22410000,42,179.475,-21645.3,41.939,0.4054
22425000,50,225.097,-21627,52.6553,0.376767
22440000,48,207.422,-21684.6,47.91,0.394933
22455000,51,235.759,-21642.4,52.5244,0.399633
22470000,44,193.856,-21653.4,40.6566,0.40085
22485000,50,223.772,-21664.3,65.2575,0.407033
22500000,43,192.235,-21652.1,48.4057,0.405067
22515000,38,166.076,-21648.9,32.9153,0.392333
22530000,51,228.238,-21651.6,63.0766,0.394167
22545000,50,221.707,-21662.8,53.7859,0.382467
22560000,51,230.975,-21643.5,54.7816,0.392533
22575000,58,259.958,-21615.5,51.5176,0.406111
22590000,59,260.849,-21618.7,41.943,0.403733
22605000,78,347.182,-21610.5,81.4317,0.414
22620000,64,274.733,-21626.9,74.9584,0.411667
22635000,59,262.265,-21637.5,53.9906,0.4038
22650000,49,210.891,-21635.5,49.9022,0.4028
22665000,54,251.757,-21665.6,63.5559,0.389079
22680000,50,214.605,-21649.2,44.1652,0.395267
22695000,46,209.436,-21651.7,41.1668,0.388333
22710000,52,224.951,-21649.5,63.0474,0.393633
22725000,50,224.968,-21625.1,47.1424,0.3976
22740000,65,275.447,-21608.3,63.1713,0.3948
22755000,52,225.89,-21639.9,56.7275,0.386053
22770000,58,257.322,-21626.7,49.8763,0.407
22785000,69,299.906,-21588.1,78.5475,0.408489
22800000,62,269.926,-21626.1,65.3401,0.4039
22815000,70,314.527,-21614.1,66.279,0.42
22830000,80,347.821,-21609.9,82.8423,0.4178
22845000,78,338.108,-21591.4,70.0629,0.420467
22860000,78,338.292,-21606.9,83.7111,0.4166
22875000,73,318.889,-21605.9,93.6412,0.4168
22890000,53,243.966,-21619.8,47.1518,0.398433
22905000,64,288.175,-21640.9,70.8521,0.420867
22920000,60,247.292,-21607.6,57.4999,0.4091
22935000,70,289.749,-21617.4,70.1906,0.403667
22950000,54,234.175,-21601.6,62.1371,0.407733
22965000,65,286.353,-21613.1,67.8504,0.393533
22980000,58,260.92,-21624.4,58.5754,0.403867
22995000,51,230.193,-21641,56.1379,0.3942
23010000,61,246.542,-21640.9,53.5223,0.391933
23025000,54,237.527,-21630.2,65.2343,0.407733
23040000,52,238.516,-21625.7,46.7822,0.404933
23055000,54,254.163,-21654.9,52.1366,0.39992
23070000,50,235.383,-21634.2,50.218,0.3981
23085000,43,193.632,-21630.5,50.532,0.383067
23100000,46,195.558,-21646.4,38.2201,0.400116
23115000,42,188.593,-21643.4,41.8063,0.378467
23130000,48,212.696,-21624.7,34.8661,0.3741
23145000,52,232.656,-21640.2,49.2615,0.4002
23160000,33,160.181,-21692.5,23.9552,0.395648
23175000,42,182.856,-21664.7,58.1544,0.390883
23190000,41,184.852,-21667.4,52.2195,0.390133
23205000,39,168.547,-21660.5,38.6149,0.389333
23220000,50,215.513,-21642.7,41.575,0.3902
23235000,48,194.614,-21663.3,46.2792,0.38988
23250000,53,242.211,-21644.4,58.4948,0.4116
23265000,54,232.197,-21660.7,76.9707,0.403267
23280000,35,148.649,-21663.1,22.9093,0.385067
23295000,42,178.373,-21639.8,38.8411,0.391907
23310000,47,204.942,-21641.4,53.8758,0.39
23325000,56,237.299,-21634.6,54.0578,0.392667
23340000,40,175.184,-21677.1,33.3894,0.388503
23355000,53,235.396,-21702.3,63.9334,0.393333
23370000,58,253.832,-21644.3,54.6155,0.406422
23385000,57,249.28,-21633.4,65.0759,0.408533
23400000,57,266.452,-21622.3,53.4317,0.403667
23415000,58,253.907,-21629.5,71.4603,0.403733
23430000,33,142.482,-21662.9,33.8336,0.399293
23445000,30,127.01,-21676.4,27.8612,0.388273
23460000,40,174.985,-21671.2,40.0663,0.390067
23475000,31,128.425,-21663.2,34.8378,0.392533
23490000,35,148.784,-21672.9,40.1639,0.374556
23505000,43,180.193,-21627.5,46.4905,0.399978
23520000,41,171.188,-21648.7,31.2904,0.383022
23535000,69,312.106,-21638.8,72.3545,0.4062
23550000,67,307.755,-21639.8,74.6142,0.4204
23565000,54,234.677,-21627.9,55.8922,0.4046
23580000,64,279.999,-21646.3,56.0597,0.4074
23595000,77,343.583,-21637.5,72.0697,0.421067
23610000,67,288.996,-21640.4,48.6458,0.422533
23625000,48,209.995,-21643.4,38.8027,0.395971
23640000,57,248.818,-21649.8,55.4175,0.399633
23655000,44,180.361,-21673.1,39.6028,0.396079
23670000,36,150.289,-21648.9,37.2632,0.399933
23685000,58,252.18,-21641,66.8104,0.4066
23700000,35,156.144,-21673.8,42.761,0.391253
23715000,50,215.052,-21653.1,50.2624,0.3878
23730000,41,172.039,-21646.3,46.0858,0.390711
23745000,40,176.531,-21651,42.4992,0.384533
23760000,48,218.377,-21638.5,48.2827,0.377333
23775000,43,179.61,-21649,30.7027,0.401833
23790000,47,214.529,-21672.1,44.282,0.3954
23805000,57,241.726,-21634,64.8977,0.403467
23820000,53,235.134,-21603.2,41.3776,0.40425
23835000,54,233.43,-21599,49.8222,0.3806
23850000,42,180.331,-21648.9,46.3169,0.3868
23865000,50,221.396,-21604.4,48.9927,0.3895
23880000,53,239.326,-21615.9,55.7055,0.3888
23895000,56,236.78,-21599.7,54.7511,0.3986
23910000,50,208.459,-21650.1,50.1898,0.397248
23925000,48,208.145,-21652.8,36.9466,0.395067
23940000,42,174.497,-21663.8,37.234,0.384867
23955000,45,209.267,-21650.7,43.9691,0.4005
23970000,48,230.972,-21669.5,48.3413,0.411333
23985000,58,264.252,-21632.5,59.706,0.398053
24000000,60,257.27,-21612.6,65.784,0.41
24015000,62,256.758,-21611.9,68.1327,0.4098
24030000,33,147.083,-21679.6,48.9633,0.3847
24045000,49,217.774,-21626.7,53.5853,0.401933
24060000,53,232.825,-21606.7,49.2226,0.385867
24075000,47,205.13,-21626.5,49.4004,0.379
24090000,59,249.262,-21633,82.2674,0.3756
24105000,69,298.376,-21609.9,58.6575,0.403333
24120000,67,294.552,-21607.6,63.1913,0.400933
24135000,76,330.051,-21573.9,66.4138,0.4122
24150000,28,115.145,-21663.4,21.7396,0.380208
24165000,65,275.797,-21609.2,55.4888,0.401533
24180000,70,299.607,-21605.9,83.3369,0.408267
24195000,86,374.822,-21599.4,79.0985,0.410333
24210000,38,162.18,-21658.7,36.5149,0.3884
24225000,79,342.666,-21607.9,84.2499,0.413167
24240000,75,317.676,-21590.9,74.5339,0.415
24255000,71,320.114,-21623.1,71.3445,0.406333
24270000,56,240.823,-21605.1,54.0104,0.4066
24285000,60,258.78,-21627.6,54.233,0.409133
24300000,53,210.881,-21605.4,63.6997,0.404
24315000,55,232.522,-21627.2,56.2172,0.403533
24330000,64,261.335,-21606,49.4978,0.402933
24345000,64,260.511,-21619.5,68.062,0.405933
24360000,56,250.136,-21628.8,58.2578,0.382546
24375000,52,234.961,-21621.2,47.3008,0.404633
24390000,51,204.269,-21621.5,67.1162,0.407667
24405000,43,201.996,-21637.6,39.8071,0.408511
24420000,50,221.747,-21665.2,50.2715,0.395
24435000,44,196.647,-21640.5,40.9354,0.37804
24450000,32,151.678,-21651.1,29.6285,0.382333
24465000,49,201.463,-21649.8,53.6465,0.40348
24480000,50,231.896,-21653.1,54.542,0.3765
24495000,44,194.341,-21654.1,48.1167,0.402867
24510000,42,184.762,-21646.6,57.5461,0.3858
24525000,51,219.801,-21637.4,28.9387,0.400762
24540000,39,158.564,-21661.9,41.6561,0.368133
24555000,43,196.949,-21634,49.4735,0.387333
24570000,58,253.851,-21626.9,50.8885,0.402924
24585000,59,249.475,-21646,50.1674,0.389133
24600000,44,184.986,-21639,41.6812,0.4024
24615000,67,302.739,-21638.1,77.7836,0.3996
24630000,62,275.374,-21627.4,56.1374,0.398013
24645000,31,133.628,-21650.7,39.539,0.376762
24660000,56,238.661,-21623.3,53.221,0.387867
24675000,60,272.594,-21625.1,63.1822,0.410667
24690000,50,218.052,-21637.1,40.5076,0.4054
24705000,29,128.482,-21648.3,22.6805,0.370433
24720000,40,193.743,-21642.8,40.5487,0.352533
24735000,43,199.043,-21637.8,41.9314,0.396689
24750000,40,180.531,-21644.9,44.2278,0.39288
24765000,33,156.542,-21652.7,38.2111,0.385756
24780000,37,168.143,-21641.7,38.3637,0.366267
24795000,45,191.003,-21640.8,50.163,0.390422
24810000,53,234.27,-21627.3,39.8465,0.384933
24825000,58,257.782,-21626.1,60.3842,0.3964
24840000,53,223.502,-21618.4,62.1896,0.3946
24855000,64,286.63,-21635.5,76.7997,0.405267
24870000,63,281.188,-21638,59.8019,0.409333
24885000,61,260.143,-21632.7,54.9666,0.411
24900000,49,210.058,-21636.2,35.584,0.387017
24915000,41,188.58,-21647.7,39.5195,0.3878
24930000,45,191.922,-21653.3,53.6536,0.394867
24945000,59,269.077,-21614.7,57.9626,0.400067
24960000,66,284.244,-21612.3,60.2042,0.410333
24975000,58,254.123,-21625.7,61.5578,0.417
24990000,58,266.38,-21613,56.4386,0.404333
25005000,63,276.802,-21598.2,65.3601,0.407133
25020000,51,219.155,-21640.8,38.0584,0.410133
25035000,30,123.892,-21668,31.1781,0.374276
25050000,49,210.768,-21630,42.4257,0.397267
25065000,55,251.279,-21625,76.3159,0.409467
25080000,57,231.558,-21645.4,48.1869,0.410467
25095000,42,174.869,-21661.8,55.6581,0.392258
25110000,33,139.11,-21655.4,28.7292,0.364
25125000,50,207.525,-21646.5,51.0785,0.399111
25140000,70,313.805,-21631.5,62.3958,0.420933
25155000,60,265.52,-21633.1,62.9339,0.4292
25170000,52,237.582,-21642.3,45.3186,0.403267
25185000,68,294.934,-21622.3,66.607,0.417133
25200000,45,209.135,-21664.1,41.972,0.386286
25215000,36,158.984,-21662.5,35.6191,0.4006
25230000,60,272.626,-21620.3,60.0134,0.394222
25245000,64,270.613,-21632.2,62.072,0.4134
25260000,34,140.481,-21669.9,37.0765,0.380333
25275000,41,187.822,-21666.2,51.1346,0.3715
25290000,62,255.33,-21650.1,75.1797,0.405311
25305000,54,229.347,-21649,40.7409,0.388111
25320000,55,229.418,-21617.2,46.5033,0.4105
25335000,59,248.359,-21612.1,58.3486,0.4008
25350000,67,315.548,-21629.4,65.9452,0.405133
25365000,47,206.358,-21656,49.402,0.399178
25380000,43,189.434,-21664.4,45.9663,0.386667
25395000,48,204.941,-21632.2,58.6841,0.415
25410000,56,250.418,-21610.1,61.7881,0.377667
25425000,59,243.369,-21613.4,62.6367,0.3966
25440000,58,241.62,-21606.1,70.5904,0.393733
25455000,73,326.504,-21620.5,72.1057,0.4036
25470000,79,338.448,-21610.3,78.437,0.4214
25485000,81,348.368,-21607.2,86.1291,0.408867
25500000,34,155.468,-21673.7,32.9812,0.38681
25515000,45,215.197,-21682.5,51.8026,0.373867
25530000,56,249.086,-21633.9,59.5563,0.407533
25545000,53,210.382,-21635.6,55.8811,0.3898
25560000,66,284.147,-21614.3,59.0605,0.4046
25575000,68,298.807,-21615.9,69.4446,0.416533
25590000,51,223.986,-21600.7,53.8405,0.408667
25605000,55,249.825,-21617.4,61.0211,0.403933
25620000,50,219.635,-21655.6,43.2583,0.376657
25635000,58,247.491,-21625.4,48.0813,0.3957
25650000,60,258.924,-21634.3,57.3363,0.404467
25665000,43,197.54,-21662.6,49.7521,0.391449
25680000,46,208.956,-21658.8,48.0043,0.399533
25695000,60,269.098,-21618.9,58.9008,0.404378
25710000,73,310.153,-21628.4,79.1305,0.423267
25725000,30,130.851,-21661.7,36.6182,0.38561
25740000,65,268.562,-21609.1,69.9553,0.4117
25755000,40,172.25,-21655.1,37.4142,0.384333
25770000,48,208.723,-21671.5,59.8562,0.391556
25785000,74,309.426,-21627.3,61.2595,0.404333
25800000,39,168.119,-21688.3,38.4613,0.399778
25815000,68,289.394,-21619.1,68.9982,0.420467
25830000,57,234.424,-21632.2,56.4212,0.410933
25845000,49,211.065,-21626.3,54.7653,0.389667
25860000,59,249.567,-21626.4,56.1274,0.403
25875000,36,160.064,-21667,38.0761,0.401905
25890000,56,239.095,-21615.8,76.4691,0.400667
25905000,60,268.469,-21613.4,49.626,0.407733
25920000,62,261.981,-21636.9,68.05,0.411467
25935000,57,248.656,-21646.8,65.0131,0.402733
25950000,53,240.868,-21622.8,47.2905,0.3914
25965000,63,268.329,-21634.1,68.615,0.407867
25980000,59,242.505,-21626.6,54.8581,0.404667
25995000,70,313.704,-21642.2,75.9682,0.4194
26010000,51,209.172,-21656.6,45.6507,0.412867
26025000,49,201.864,-21650.8,44.2314,0.401
26040000,46,197.554,-21644.8,49.4063,0.399
26055000,52,226.421,-21640.6,48.0482,0.385227
26070000,56,234.338,-21643.3,47.3621,0.390867
26085000,51,234.501,-21638.5,52.6597,0.393405
26100000,63,272.874,-21620.8,64.1392,0.406867
26115000,57,255.59,-21627.9,68.6481,0.4116
26130000,48,210.562,-21642.2,70.3017,0.401533
26145000,74,324.367,-21585.2,80.5272,0.4044
26160000,72,319.772,-21613.1,60.0529,0.414
26175000,77,337.219,-21599.2,77.9737,0.4188
26190000,64,282.928,-21592.8,70.7914,0.407733
26205000,54,223.765,-21636.3,54.7749,0.394358
26220000,75,343.794,-21606.7,85.5951,0.405867
26235000,81,355.193,-21634.3,78.9526,0.4312
26250000,65,291.803,-21626.1,56.5223,0.421267
26265000,56,251.178,-21652,38.2669,0.396
26280000,51,233.964,-21659,53.4993,0.398933
26295000,52,232.376,-21658.6,48.1753,0.390733
26310000,54,241.331,-21645.6,57.6023,0.404133
26325000,48,210.05,-21681.1,47.5965,0.391175
26340000,44,187.783,-21674.2,44.0835,0.391067
26355000,45,192.687,-21651.1,50.9606,0.380044
26370000,44,184.48,-21691.3,34.0767,0.3846
26385000,47,195.403,-21662.1,42.9702,0.3907
26400000,36,152.783,-21670.5,30.4995,0.3982
26415000,44,191.69,-21642,57.0918,0.389813
26430000,58,246.911,-21654.7,59.2502,0.396356
26445000,52,228.96,-21648.2,54.1853,0.407
26460000,49,219.436,-21645,45.1781,0.39615
26475000,50,218.137,-21631.1,43.4504,0.39305
26490000,64,277.143,-21605.3,63.0028,0.389267
26505000,69,295.665,-21629.6,75.8965,0.405933
26520000,65,290.611,-21640.5,70.7469,0.3972
26535000,48,204.595,-21628.7,40.5244,0.392467
26550000,68,286.084,-21590.9,73.5124,0.408578
26565000,75,322.016,-21604.2,77.7689,0.416
26580000,81,344.973,-21617.8,69.6271,0.4142
26595000,90,393.894,-21618.1,88.9595,0.4278
26610000,80,347.611,-21626.7,94.5998,0.428533
26625000,64,287.88,-21639.6,68.791,0.394533
26640000,79,345.125,-21629.2,99.6368,0.4237
26655000,78,335.641,-21631.7,71.1165,0.4222
26670000,79,334.074,-21644.6,64.745,0.429
26685000,74,328.605,-21615.1,101.14,0.416333
26700000,70,294.823,-21602.9,79.0128,0.4208
26715000,81,347.297,-21608.5,81.9617,0.410133
26730000,42,173.75,-21636.4,44.5629,0.40079
26745000,46,181.09,-21619,46.3053,0.380733
26760000,51,227.111,-21629.8,50.8689,0.4094
26775000,56,239.04,-21632.2,48.8513,0.395667
26790000,57,241.324,-21633.9,71.1159,0.392667
26805000,51,217.478,-21639,61.3146,0.3839
26820000,57,251.452,-21634.7,55.8276,0.404533
26835000,57,245.752,-21631.5,69.9162,0.394933
26850000,58,259.63,-21639,70.317,0.393533
26865000,43,186.811,-21629.1,38.4471,0.389815
26880000,74,313.8,-21627.9,91.3566,0.396744
26895000,67,292.464,-21605,60.8561,0.418067
26910000,58,248.488,-21605.5,57.3424,0.405733
26925000,58,245.541,-21604.3,54.8203,0.403133
26940000,53,245.836,-21655,56.1391,0.407089
26955000,64,275.03,-21630.5,60.1405,0.393733
26970000,78,324.955,-21599.1,79.9932,0.417867
26985000,52,234.848,-21628.9,40.5652,0.385008
27000000,54,249.448,-21637,74.1872,0.3788
27015000,80,342.949,-21615.7,87.4891,0.418933
27030000,68,293.466,-21609.7,68.5958,0.417133
27045000,63,280.928,-21602.8,66.845,0.407867
27060000,75,309.05,-21602.3,57.9507,0.4108
27075000,59,235.141,-21605.6,44.7362,0.401333
27090000,71,308.109,-21598.3,81.44,0.409267
27105000,57,250.64,-21584,51.3169,0.379295
27120000,60,271.498,-21601.1,47.1515,0.396867
27135000,60,277.046,-21593.3,63.7072,0.3954
27150000,62,284.166,-21616.8,59.5754,0.3988
27165000,63,265.406,-21598,66.1328,0.407987
27180000,80,358.202,-21578.7,70.547,0.412333
27195000,71,319.559,-21586.9,72.8797,0.4008
27210000,77,342.005,-21605.9,86.0527,0.4114
27225000,63,290.874,-21618.4,62.2463,0.407733
27240000,41,185.446,-21663.4,27.9562,0.393917
27255000,56,227.03,-21627.2,46.8182,0.4048
27270000,60,253.665,-21630.2,64.5679,0.385983
27285000,55,237.276,-21627.1,58.0946,0.401533
27300000,45,204.551,-21630.5,59.921,0.3852
27315000,42,174.471,-21641.8,45.8061,0.4048
27330000,36,139.781,-21657.3,44.2685,0.382733
27345000,54,228.461,-21647.1,51.4391,0.394267
27360000,58,251.566,-21646.8,68.9755,0.405733
27375000,53,239.255,-21653.7,47.0499,0.390173
27390000,40,180.836,-21652,33.4291,0.389067
27405000,50,217.58,-21654.7,49.1357,0.382133
27420000,54,249.083,-21614,53.2109,0.4042
27435000,47,208.221,-21648,40.5752,0.393867
27450000,54,232.527,-21652.9,44.3864,0.395667
27465000,40,180.475,-21666.8,44.4321,0.387778
27480000,45,201.935,-21636.7,42.3365,0.395167
27495000,48,197.685,-21637.7,57.9643,0.387667
27510000,49,223.461,-21635,53.8,0.3802
27525000,58,247.92,-21629.6,65.9333,0.402067
27540000,46,204.254,-21634,52.5206,0.383117
27555000,58,258.241,-21620,52.0124,0.3968
27570000,64,266.348,-21634.7,75.4332,0.4108
27585000,59,248.365,-21630.8,65.6626,0.413
27600000,52,228.485,-21626.2,63.5351,0.401933
27615000,66,296.357,-21643,76.1066,0.396673
27630000,64,285.772,-21622.4,60.0637,0.4122
27645000,53,237.962,-21614.6,55.0338,0.401333
27660000,60,268.315,-21629.3,62.8718,0.3998
27675000,56,257.927,-21631.2,66.0518,0.405067
27690000,50,226.144,-21630.8,50.42,0.3962
27705000,64,270.902,-21624.5,55.0537,0.4134
27720000,49,210.512,-21647.5,41.6948,0.402975
27735000,55,245.219,-21657.6,55.0262,0.400297
27750000,47,208.348,-21652.4,45.5862,0.407467
27765000,59,263.536,-21645.6,59.4929,0.3916
27780000,67,307.509,-21641.8,58.7592,0.411933
27795000,62,267.56,-21647.3,69.9388,0.406444
27810000,71,305.544,-21609.8,78.9315,0.407276
27825000,51,231.955,-21658.1,48.7398,0.421467
27840000,51,219.493,-21625.5,46.6286,0.4132
27855000,53,223.784,-21638.2,59.4416,0.404147
27870000,38,160.896,-21647.3,35.4162,0.3789
27885000,52,235.376,-21635.2,58.5028,0.3988
27900000,56,246.962,-21621.6,48.4075,0.407333
27915000,54,237.093,-21633.9,48.8651,0.400433
27930000,55,250.71,-21632.7,52.7686,0.4086
27945000,61,261.481,-21635.9,63.9382,0.401933
27960000,68,293.937,-21621.2,62.1444,0.406867
27975000,53,226.799,-21601.7,58.8994,0.39985
27990000,60,241.581,-21615.2,59.4642,0.408333
28005000,60,257.059,-21613.4,51.3363,0.398511
28020000,57,253.218,-21628.4,75.7693,0.4042
28035000,59,266.773,-21624.9,57.4723,0.400044
28050000,55,222.907,-21645,67.5673,0.408767
28065000,77,333.366,-21626.1,78.2509,0.4053
28080000,67,284.921,-21611.9,70.9602,0.412
28095000,68,292.644,-21629.8,71.7536,0.410467
28110000,64,283.939,-21623.2,68.8341,0.415067
28125000,58,258.895,-21616.7,55.9307,0.408933
28140000,54,236.801,-21640.6,45.6402,0.407067
28155000,32,137.827,-21677.1,36.7871,0.390791
28170000,53,220.782,-21627.9,48.3436,0.405952
28185000,40,163.833,-21636.1,46.5806,0.390467
28200000,63,267.321,-21596.8,74.9744,0.394267
28215000,74,304.471,-21639.9,73.0811,0.422933
28230000,35,159.243,-21691,35.3618,0.388907
28245000,66,303.649,-21621.3,60.1463,0.419667
28260000,46,205.954,-21617.6,47.4475,0.39024
28275000,55,234.61,-21632.2,48.8675,0.399867
28290000,61,262.138,-21637.5,62.5664,0.4002
28305000,73,329.989,-21607.8,73.5121,0.410533
28320000,55,244.465,-21644.6,59.7626,0.4162
28335000,65,267.524,-21620.4,60.2441,0.405033
28350000,40,177.335,-21641.9,35.8261,0.415867
28365000,44,194.633,-21645.4,47.0168,0.396267
28380000,55,248.003,-21618.6,47.0035,0.404133
28395000,52,219.179,-21664.7,67.9891,0.391248
28410000,52,225.068,-21630.9,55.6506,0.397173
28425000,55,233.894,-21665.3,62.2273,0.409222
28440000,57,248.084,-21640.9,44.6974,0.416067
28455000,57,256.466,-21638.6,52.0277,0.393233
28470000,49,211.736,-21652.3,54.9354,0.396067
28485000,49,213.713,-21628.1,49.7306,0.39764
28500000,48,206.516,-21644.5,45.0238,0.383467
28515000,51,210.127,-21647.9,40.1663,0.383717
28530000,46,199.205,-21638.8,37.0693,0.395033
28545000,49,216.484,-21664.5,49.6413,0.396633
28560000,40,158.405,-21647.7,32.3069,0.385833
28575000,52,228.02,-21648,54.3627,0.395611
28590000,47,207.985,-21643.8,54.6426,0.3818
28605000,50,225.681,-21683.3,59.6842,0.3948
28620000,48,215.123,-21668,42.2104,0.3832
28635000,54,230.031,-21667.2,60.83,0.397
28650000,58,269.258,-21637.9,60.8883,0.394833
28665000,47,203.248,-21647.1,41.2683,0.386567
28680000,50,218.838,-21640.1,45.2455,0.390667
28695000,41,189.434,-21649.3,28.0183,0.376433
28710000,47,193.034,-21647.9,52.5961,0.399667
28725000,41,174.992,-21659.2,55.8095,0.386467
28740000,50,208.943,-21656.4,45.5402,0.406833
28755000,49,218.093,-21637.4,62.0288,0.37715
28770000,43,185.166,-21643.3,34.3144,0.380333
28785000,43,198.216,-21676.7,46.6933,0.372033
28800000,55,249.542,-21616.2,59.6476,0.382233
28815000,74,327.802,-21638.5,77.358,0.400093
28830000,53,242.23,-21624.1,45.4768,0.394567
28845000,48,222.817,-21640.6,57.4417,0.3966
28860000,47,208.639,-21667.1,50.9185,0.410889
28875000,53,224.775,-21634.2,56.7921,0.398333
28890000,45,201.474,-21646.9,56.4117,0.394629
28905000,45,195.327,-21663.8,52.9646,0.400533
28920000,35,143.178,-21654,39.1661,0.381178
28935000,44,193.11,-21616.7,60.3331,0.3975
28950000,53,232.365,-21651.2,63.0664,0.395867
28965000,48,203.085,-21618.1,55.8256,0.399067
28980000,44,186.768,-21652.4,46.1599,0.385617
28995000,54,242.479,-21644.3,71.5073,0.402956
29010000,44,193.293,-21623.3,45.4613,0.405767
29025000,52,222.084,-21636.6,45.4479,0.399817
29040000,43,185.84,-21642.8,35.9639,0.395267
29055000,46,204.985,-21638.5,35.7293,0.3868
29070000,43,181.276,-21651.1,40.2079,0.3878
29085000,44,178.609,-21626.1,49.5354,0.408667
29100000,54,248.746,-21639.7,45.4189,0.393733
29115000,42,181.9,-21677.7,51.3979,0.397608
29130000,38,165.988,-21667,38.2171,0.384133
29145000,59,255.368,-21620.4,60.1799,0.390852
29160000,65,281.539,-21623.8,72.5744,0.409867
29175000,67,284.939,-21619.1,66.6865,0.410053
29190000,55,251.231,-21629,56.2248,0.413933
29205000,61,270.218,-21624.5,65.268,0.41
29220000,55,230.667,-21629.4,67.2852,0.4085
29235000,45,200.143,-21615.8,46.2007,0.404633
29250000,47,204.357,-21626.7,37.4481,0.3728
29265000,40,185.404,-21641.2,30.9745,0.3826
29280000,55,237.82,-21642.6,55.545,0.385667
29295000,44,188.106,-21647.4,37.1339,0.390907
29310000,51,223.273,-21634.1,63.8861,0.408133
29325000,46,198.447,-21639.1,44.0487,0.394
29340000,60,235.518,-21643.4,79.678,0.3856
29355000,57,249.968,-21633.8,49.0117,0.394
29370000,36,155.892,-21662.1,26.0312,0.38964
29385000,53,240.018,-21647,70.8784,0.389067
29400000,42,181.876,-21630.9,47.5463,0.405933
29415000,52,228.638,-21642,51.659,0.3976
29430000,48,220.454,-21643.9,54.5723,0.403067
29445000,44,196.134,-21645.1,50.3414,0.3884
29460000,52,213.443,-21650.9,34.5884,0.399333
29475000,46,209.376,-21648.8,42.0073,0.391267
29490000,42,177.639,-21627.8,37.8065,0.390638
29505000,48,221.37,-21647.5,58.9286,0.3939
29520000,57,240.61,-21639.9,61.0269,0.382633
29535000,52,235.1,-21627,59.0677,0.3995
29550000,56,253.974,-21619.7,56.1093,0.399767
29565000,52,221.122,-21623.5,59.4745,0.381067
29580000,56,224.261,-21635.5,50.8952,0.393775
29595000,48,218.166,-21633.8,36.1969,0.399133
29610000,46,187.041,-21642.1,43.6086,0.38705
29625000,47,195.273,-21653.4,44.1502,0.395667
29640000,56,243.192,-21632.4,57.7778,0.381787
29655000,61,275.912,-21624,70.4595,0.404467
29670000,72,314.29,-21624.3,56.7226,0.403617
29685000,69,311.158,-21614.6,69.6664,0.411933
29700000,58,249.779,-21636.3,58.4125,0.408067
29715000,68,294.869,-21637.7,67.1851,0.411533
29730000,62,249.313,-21646.6,60.6858,0.419167
29745000,72,326.181,-21617.8,72.572,0.410717
29760000,57,265.176,-21634.4,52.4526,0.413133
29775000,56,244.342,-21626,72.761,0.426567
29790000,56,241.866,-21626.8,56.0434,0.4008
29805000,49,204,-21643.8,45.5242,0.402067
29820000,51,222.247,-21633.7,47.1212,0.423556
29835000,44,202.069,-21660.1,36.5049,0.39072
29850000,45,203.149,-21661.3,36.7258,0.393467
29865000,57,253.952,-21643,65.0702,0.407556
29880000,49,220.711,-21645.2,45.9076,0.400133
29895000,51,220.442,-21650.2,51.4666,0.3988
29910000,49,210.906,-21641.3,39.6983,0.390567
29925000,59,258.035,-21627.7,53.0965,0.395892
29940000,52,237.515,-21643.5,50.4344,0.411778
29955000,51,216.666,-21606.7,56.6214,0.403667
29970000,48,205.826,-21641,55.3359,0.3947
29985000,45,195.843,-21628.7,45.8574,0.388156
