generation,N_shifts,logPrior,logLik,eventRate,acceptRate
0,0,-169.584,-22337.4,100,1
15000,1,4.41701,-22078.5,2.84299,0.282648
30000,2,9.11114,-22049.6,5.20853,0.2806
45000,3,13.9197,-22043.8,3.86612,0.302533
60000,4,21.6578,-22032.7,5.84425,0.318261
75000,5,23.8011,-22038.7,11.0783,0.324833
90000,5,24.1853,-22022.1,5.82231,0.345
105000,6,24.5897,-21986.6,2.90846,0.342444
120000,8,37.3315,-22015.4,11.2761,0.326114
135000,8,34.939,-21993.8,7.84522,0.323333
150000,13,56.3651,-21938.6,17.6587,0.325267
165000,10,50.8518,-21947.8,12.6687,0.337367
180000,9,37.0001,-21950.9,8.78967,0.3392
195000,16,63.567,-21913.9,24.2422,0.325844
210000,13,51.2534,-21919.7,18.4068,0.334333
225000,7,29.4995,-21941.6,4.89879,0.32015
240000,13,58.0101,-21902.4,12.7227,0.334217
255000,16,71.5725,-21896.9,24.7159,0.331778
270000,19,78.3482,-21891.2,11.4289,0.362
285000,23,100.033,-21850.8,20.6216,0.357778
300000,32,146.52,-21828.5,30.0968,0.3882
315000,28,122.387,-21820.8,29.4412,0.348044
330000,26,113.141,-21789,31.1875,0.386067
345000,28,116.24,-21772.3,27.0772,0.378067
360000,29,120.561,-21776.4,27.7428,0.3642
375000,28,128.819,-21772.2,22.3459,0.382667
390000,30,131.573,-21775.9,37.0336,0.380333
405000,33,150.098,-21773.3,34.1853,0.370867
420000,36,159.878,-21754.3,32.9823,0.368333
435000,34,153.607,-21763.5,29.6523,0.352967
450000,47,215.697,-21763.3,44.2235,0.393813
465000,43,191.266,-21758.1,40.8879,0.3924
480000,44,194.348,-21753.5,39.591,0.393178
495000,52,243.373,-21722.3,50.1282,0.395178
510000,51,225.433,-21720.7,53.8424,0.392933
525000,33,140.393,-21750.2,25.7387,0.388778
540000,44,188.797,-21739.7,35.5165,0.385093
555000,51,227.68,-21717.1,49.9077,0.387267
570000,50,208.801,-21725.8,40.109,0.384267
585000,51,224.026,-21715.7,48.8942,0.4054
600000,66,282.514,-21718.4,59.8669,0.407889
615000,42,185.303,-21738.6,43.5411,0.37984
630000,60,250.419,-21679.2,65.8632,0.402133
645000,41,185.932,-21696.6,35.9442,0.384483
660000,63,279.872,-21689.5,64.6341,0.404167
675000,67,268.58,-21668.8,73.0926,0.4152
690000,45,213.33,-21695.5,44.46,0.380911
705000,56,247.548,-21656,45.2003,0.4058
720000,63,267.997,-21670.6,57.4616,0.402667
735000,65,285.633,-21659.1,60.2942,0.398467
750000,47,218.915,-21704.3,37.0128,0.393517
765000,61,274.616,-21656.5,46.051,0.385867
780000,77,348.276,-21654,75.8078,0.392667
795000,65,276.546,-21637.1,64.3542,0.407867
810000,71,324.398,-21666.8,66.7811,0.3964
825000,69,290.887,-21668.7,61.531,0.4042
840000,78,352.288,-21661.6,75.8216,0.4038
855000,77,346.62,-21677,72.8049,0.408667
870000,53,235.547,-21686.5,55.3981,0.38065
885000,81,356.948,-21651.1,87.935,0.4048
900000,71,303.623,-21645.4,60.8063,0.401133
915000,71,311.388,-21638.8,70.7675,0.406067
930000,83,360.284,-21634.7,88.0935,0.4094
945000,80,347.418,-21633.3,76.1827,0.407133
960000,73,331.386,-21650,60.1583,0.399667
975000,87,393.622,-21647.7,77.8221,0.416667
990000,58,239.762,-21704.7,69.0774,0.386633
1005000,49,217.332,-21701.3,51.5338,0.4018
1020000,66,284.32,-21653.7,80.1362,0.405978
1035000,52,241.647,-21715.2,53.2282,0.373771
1050000,64,279.999,-21665.7,67.5331,0.3913
1065000,50,230.247,-21723.3,47.0532,0.386267
1080000,43,171.841,-21721.6,53.2349,0.393
1095000,72,317.533,-21668.7,62.8769,0.390978
1110000,76,338.724,-21676.2,72.1309,0.408467
1125000,58,241.172,-21701.5,59.908,0.379292
1140000,78,341.898,-21664.8,77.4429,0.399733
1155000,72,302.265,-21651.1,58.3331,0.404333
1170000,91,395.967,-21652.5,81.1676,0.403333
1185000,85,360.589,-21631.3,91.1372,0.412
1200000,86,373.2,-21652.1,109.558,0.4012
1215000,75,321.766,-21638,67.2337,0.401
1230000,50,233.052,-21683.5,52.2161,0.392543
1245000,64,276.05,-21681,61.3118,0.391467
1260000,53,218.47,-21703.7,61.985,0.383867
1275000,54,243.719,-21674.8,46.8101,0.387833
1290000,67,302.168,-21687.6,57.7882,0.4016
1305000,57,239.596,-21668.3,54.3998,0.390267
1320000,60,267.547,-21676.3,52.2246,0.39525
1335000,60,262.239,-21689.3,66.434,0.3892
1350000,65,282.012,-21675.8,56.0059,0.388333
1365000,64,272.925,-21662,55.3755,0.384133
1380000,66,293.304,-21655.5,63.5236,0.4004
1395000,66,294.973,-21652.1,66.8714,0.3971
1410000,57,268.187,-21699.3,64.5741,0.372455
1425000,73,321.988,-21637.1,59.0271,0.406244
1440000,57,249.195,-21656.3,55.4353,0.3836
1455000,66,274.554,-21650.7,70.6822,0.391933
1470000,53,236.787,-21688.8,51.1674,0.383573
1485000,76,341.774,-21634.4,76.9784,0.395133
1500000,83,370.758,-21652.5,70.366,0.400733
1515000,84,358.663,-21666.1,75.426,0.413733
1530000,62,260.005,-21665.2,61.3422,0.397867
1545000,75,343.101,-21649.6,75.4784,0.389467
1560000,52,228.85,-21720,48.5171,0.382222
1575000,59,268.795,-21642.6,56.7926,0.393767
1590000,79,348.365,-21642,88.5784,0.3904
1605000,76,318.577,-21637.8,81.2215,0.403467
1620000,83,355.574,-21627,78.5316,0.399933
1635000,73,307.434,-21633.5,62.6806,0.398067
1650000,66,284.764,-21638.1,66.2505,0.393533
1665000,70,309.444,-21628.5,79.6072,0.389867
1680000,79,331.241,-21627.9,77.0856,0.376133
1695000,78,318.747,-21615.2,77.9756,0.382067
1710000,92,396.052,-21656.3,85.1515,0.400333
1725000,54,243.343,-21687.5,62.6914,0.37953
1740000,89,399.948,-21641.6,118.507,0.402367
1755000,64,281.312,-21653.7,58.8202,0.397
1770000,54,237.277,-21667.9,51.1999,0.3974
1785000,49,212.173,-21680.4,47.5804,0.371667
1800000,65,283.201,-21694.7,61.1298,0.388596
1815000,69,304.324,-21695.6,75.8182,0.4122
1830000,49,213.713,-21682,46.6712,0.382667
1845000,54,235.353,-21688.4,53.4852,0.3772
1860000,50,209.568,-21670.9,40.9637,0.375467
1875000,50,205.758,-21669.1,70.5506,0.381344
1890000,53,240.366,-21668.7,42.9918,0.376067
1905000,51,222.063,-21669.3,56.6089,0.3741
1920000,63,282.391,-21674.2,73.3994,0.381133
1935000,58,249.527,-21684.4,63.1464,0.392067
1950000,73,342.662,-21680,66.3817,0.3898
1965000,54,235.706,-21694.2,45.0942,0.385773
1980000,61,280.231,-21669.5,64.1563,0.401356
1995000,65,287.654,-21665,66.322,0.392067
2010000,79,348.242,-21673.4,81.138,0.408167
2025000,70,301.959,-21672.2,56.9795,0.405833
2040000,61,272.17,-21665.3,71.9734,0.394467
2055000,67,285.576,-21664.6,62.5127,0.406267
2070000,63,265.267,-21651.4,64.114,0.395267
2085000,74,318.514,-21654.2,69.3854,0.393333
2100000,87,377.714,-21657.9,90.7383,0.4124
2115000,77,337.528,-21689,73.7183,0.386467
2130000,64,283.272,-21666.8,67.2755,0.391233
2145000,79,345.411,-21626.5,65.3772,0.410867
2160000,96,411.452,-21621.1,98.1579,0.395933
2175000,70,289.677,-21649.2,56.3539,0.389967
2190000,70,322.732,-21623.6,78.791,0.4
2205000,56,252.036,-21669.6,57.9963,0.393187
2220000,71,305.684,-21637.3,65.9895,0.386733
2235000,62,271.773,-21661,47.824,0.388067
2250000,55,234.354,-21688.3,55.6457,0.399578
2265000,72,308.087,-21651.2,69.6507,0.390867
2280000,71,308.383,-21667.4,67.6086,0.394133
2295000,73,329.149,-21665.5,65.894,0.401667
2310000,59,255.739,-21710.8,60.1598,0.382283
2325000,64,284.083,-21663.5,55.7083,0.38774
2340000,63,269.627,-21676.8,49.9268,0.402967
2355000,60,248.973,-21651.4,62.6816,0.396567
2370000,51,240.336,-21675.2,52.1893,0.388956
2385000,47,211.522,-21679.7,53.3261,0.384733
2400000,61,260.263,-21627.4,51.8226,0.397889
2415000,63,268.363,-21649.1,59.9017,0.382867
2430000,62,260.691,-21650.9,65.4634,0.389667
2445000,72,302.692,-21655.1,64.9987,0.395533
2460000,48,202.921,-21662.3,50.5574,0.37436
2475000,55,249.605,-21707.8,39.4645,0.380689
2490000,48,209.114,-21689.2,45.256,0.404
2505000,62,275.193,-21666.5,78.7219,0.386489
2520000,77,359.705,-21649.8,80.8903,0.38952
2535000,78,339.899,-21650.6,65.1776,0.410067
2550000,65,265.94,-21638.7,68.6746,0.392267
2565000,74,323.424,-21647.9,84.2722,0.385133
2580000,75,340.662,-21617.2,79.13,0.391933
2595000,83,380.608,-21654.9,78.0138,0.404467
2610000,82,375.08,-21627.3,81.8816,0.420667
2625000,67,291.761,-21643.9,83.1089,0.395733
2640000,62,272.129,-21688.9,52.5738,0.384896
2655000,59,246.682,-21667.5,68.4951,0.387933
2670000,67,287.402,-21639.1,63.0559,0.382133
2685000,70,298.893,-21661.3,67.9622,0.4026
2700000,59,263.027,-21672.2,59.3152,0.380217
2715000,57,244.289,-21663.6,50.472,0.38268
2730000,53,213.31,-21665.7,53.4744,0.384533
2745000,63,269.473,-21666.5,66.4422,0.389367
2760000,74,336.695,-21658.7,68.7068,0.3934
2775000,65,286.863,-21663.6,59.8205,0.384089
2790000,71,298.558,-21661.1,68.5892,0.3966
2805000,67,319.322,-21660.9,55.7818,0.401644
2820000,61,281.739,-21652.3,61.5961,0.391
2835000,50,218.491,-21678,46.801,0.379674
2850000,50,211.955,-21650.3,47.1299,0.391717
2865000,70,294.196,-21672.7,79.7214,0.3842
2880000,86,362.082,-21677.8,84.9937,0.410933
2895000,76,341.733,-21610.4,72.9113,0.4042
2910000,55,249.996,-21669.3,44.7635,0.403233
2925000,55,235.864,-21686,58.2514,0.3894
2940000,65,278.898,-21651.7,51.1109,0.391542
2955000,72,319.057,-21635.6,71.6379,0.390867
2970000,75,331.5,-21655.1,71.4173,0.394067
2985000,79,355.645,-21629.6,78.902,0.4054
3000000,76,342.487,-21639,79.0182,0.4058
3015000,60,257.176,-21674.4,56.6741,0.384522
3030000,67,298.531,-21669.3,68.8872,0.391978
3045000,64,275.45,-21634.3,55.7158,0.392267
3060000,68,287.945,-21630,66.3842,0.3816
3075000,69,295.634,-21653.8,69.3443,0.396044
3090000,75,315.419,-21662.1,75.3705,0.387667
3105000,70,310.036,-21641,64.0916,0.392133
3120000,67,289.318,-21642.7,54.5648,0.397111
3135000,69,310.728,-21637.3,59.016,0.391133
3150000,69,282.17,-21633.9,60.8509,0.398733
3165000,58,261.329,-21643.8,50.0992,0.3992
3180000,76,335.961,-21636.1,83.6375,0.394378
3195000,83,375.444,-21623.4,85.5482,0.407
3210000,77,328.365,-21631.6,74.3375,0.4102
3225000,84,365.425,-21621.6,92.4103,0.39645
3240000,93,403.64,-21633.6,78.323,0.4087
3255000,85,378.197,-21622.2,81.6528,0.404867
3270000,77,336.007,-21642.3,71.2543,0.397133
3285000,66,295.233,-21617.8,67.4683,0.3966
3300000,85,380.959,-21638.6,68.0617,0.405233
3315000,74,344.107,-21653.6,94.4198,0.3992
3330000,66,288.507,-21661.5,60.4953,0.400867
3345000,56,249.201,-21661.8,59.3074,0.392695
3360000,69,297.58,-21649.3,73.641,0.393133
3375000,57,243.869,-21672.1,43.5482,0.381367
3390000,49,216.549,-21665,43.4072,0.389567
3405000,63,264.306,-21639.6,65.5248,0.382467
3420000,71,313.471,-21627,68.4299,0.403333
3435000,78,331.585,-21632.7,71.2857,0.403467
3450000,67,293.966,-21628,60.8448,0.389533
3465000,59,260.619,-21659.5,56.8881,0.388933
3480000,67,289.945,-21649.2,61.5792,0.386833
3495000,46,195.849,-21679.9,57.0966,0.392958
3510000,46,188.355,-21668.9,47.8554,0.3634
3525000,68,303.153,-21654.4,59.4945,0.389217
3540000,72,329.885,-21653.4,71.0514,0.398467
3555000,72,319.146,-21651.8,96.0482,0.401867
3570000,68,308.351,-21659.8,54.7669,0.392733
3585000,58,259.001,-21648,61.2731,0.382019
3600000,71,324.045,-21638,73.5672,0.386667
3615000,63,293.848,-21686.3,59.2864,0.386438
3630000,67,293.73,-21634.4,74.8161,0.3895
3645000,62,284.646,-21665.5,62.9991,0.396467
3660000,59,246.184,-21644.3,61.0963,0.372427
3675000,64,295.582,-21642.8,55.8853,0.375578
3690000,63,271.928,-21653.1,64.7738,0.379667
3705000,58,249.91,-21650.9,74.9251,0.378
3720000,62,277.077,-21641.5,62.4667,0.372533
3735000,59,258.347,-21648.4,69.8944,0.38875
3750000,67,290.087,-21703.6,75.2167,0.390971
3765000,57,256.597,-21664.9,51.5612,0.3864
3780000,62,280.252,-21642.3,67.0506,0.3826
3795000,62,275.388,-21654.6,70.7855,0.3944
3810000,63,284.185,-21653.3,68.9399,0.399267
3825000,58,253.605,-21662.5,56.6591,0.392067
3840000,63,265.763,-21623.9,53.3923,0.3798
3855000,53,240.053,-21646.6,53.5462,0.363867
3870000,66,290.645,-21656.6,64.8243,0.378644
3885000,74,326.993,-21639.9,67.8317,0.384933
3900000,61,266.02,-21656.1,71.0225,0.377889
3915000,68,301.507,-21661.9,59.7635,0.394133
3930000,89,390.978,-21673.8,87.3787,0.4036
3945000,64,284.935,-21664,51.4195,0.400733
3960000,59,268.763,-21629.3,60.067,0.381005
3975000,68,309.85,-21637.4,58.6754,0.386933
3990000,72,332.377,-21641.8,73.8582,0.387238
4005000,63,282.865,-21632.9,61.1629,0.374667
4020000,52,229.635,-21698,46.8838,0.384493
4035000,53,232.942,-21659.3,46.7702,0.388133
4050000,63,286.433,-21687.5,59.9574,0.383733
4065000,65,281.349,-21697.4,73.0427,0.404133
4080000,64,304.882,-21654.6,61.8954,0.383373
4095000,61,258.356,-21672.9,55.4806,0.395467
4110000,60,254.494,-21678,67.4437,0.390207
4125000,59,259.458,-21652.5,59.1085,0.384822
4140000,67,305.494,-21698.6,60.8186,0.3775
4155000,65,296.016,-21660,83.9284,0.392133
4170000,60,254.443,-21620.6,60.0268,0.380133
4185000,64,279.49,-21630.3,71.2241,0.381667
4200000,47,203.693,-21674.3,43.8625,0.390033
4215000,56,250.755,-21651.8,51.8087,0.380267
4230000,80,365.86,-21648.5,79.6807,0.391053
4245000,61,263.925,-21658.9,61.7616,0.387933
4260000,71,329.014,-21670.1,70.264,0.386867
4275000,62,288.336,-21654.4,68.7082,0.390067
4290000,54,229.685,-21612.1,43.0593,0.371213
4305000,50,218.405,-21658.4,53.3547,0.379967
4320000,63,265.836,-21645.3,60.7316,0.3843
4335000,68,286.117,-21647.1,62.0703,0.388333
4350000,72,338.459,-21637.1,91.6167,0.394467
4365000,72,317.072,-21652.6,64.1831,0.396
4380000,69,311.537,-21646.9,78.1989,0.3902
4395000,70,306.921,-21653.9,87.0092,0.397333
4410000,54,239.796,-21648,55.6952,0.392067
4425000,61,281.563,-21659.6,62.2617,0.385008
4440000,61,286.107,-21678.7,58.0903,0.392
4455000,57,227.021,-21695.3,58.3197,0.388333
4470000,55,254.109,-21687.5,67.0347,0.371244
4485000,67,311.238,-21663.2,70.394,0.39376
4500000,64,288.607,-21666.7,66.8976,0.4042
4515000,66,297.645,-21667.8,67.0613,0.3932
4530000,55,240.4,-21646.4,48.3339,0.393533
4545000,62,261.592,-21661,63.7183,0.387867
4560000,66,284.561,-21661.4,63.118,0.385467
4575000,69,276.223,-21660.4,64.0248,0.395267
4590000,62,264.484,-21646.4,65.6667,0.390156
4605000,57,247.603,-21648,63.9481,0.389533
4620000,55,242.91,-21652.8,46.6284,0.388267
4635000,55,241.184,-21679.3,50.2568,0.395867
4650000,65,285.739,-21663.7,65.2991,0.381889
4665000,55,233.173,-21667.3,54.6795,0.386867
4680000,66,304.218,-21650.5,71.5734,0.387289
4695000,61,266.169,-21665.9,66.4968,0.392192
4710000,59,254.01,-21648.4,67.0816,0.396311
4725000,68,304.858,-21648.8,69.3529,0.397667
4740000,59,252.248,-21641.1,49.784,0.399733
4755000,61,266.738,-21659.1,75.5037,0.3978
4770000,72,326.215,-21633.3,73.2064,0.394211
4785000,64,273.322,-21648.7,68.6607,0.3956
4800000,70,326.539,-21650.3,63.1669,0.4002
4815000,76,346.418,-21632.8,88.4939,0.3964
4830000,65,296.282,-21650.7,54.899,0.407533
4845000,51,227.503,-21671,59.0718,0.395058
4860000,62,258.243,-21645.3,62.712,0.387367
4875000,69,297.586,-21627.8,59.8438,0.3906
4890000,55,251.275,-21686.2,51.2208,0.378844
4905000,67,284.01,-21655.4,86.2113,0.384
4920000,69,310.396,-21672.8,63.4454,0.4015
4935000,64,284.362,-21643.5,71.4097,0.396772
4950000,71,300.302,-21657.8,86.0635,0.3934
4965000,70,314.193,-21644.5,67.7168,0.391383
4980000,66,300.645,-21632.5,70.6801,0.385067
4995000,70,317.045,-21664.7,62.9827,0.4112
5010000,68,301.6,-21666.2,61.1385,0.398267
5025000,62,257.229,-21658.5,73.1833,0.392438
5040000,78,348.075,-21655.2,73.3031,0.40635
5055000,57,250.471,-21677.1,64.8872,0.386067
5070000,60,260.688,-21653.4,62.9434,0.390733
5085000,67,292.155,-21647.3,75.8937,0.389133
5100000,60,271.943,-21638.9,45.4282,0.398
5115000,68,296.594,-21655.3,71.094,0.388667
5130000,62,281.701,-21654.8,73.6877,0.382507
5145000,68,300.278,-21653,75.2285,0.407667
5160000,76,348.977,-21668.6,67.0913,0.409822
5175000,70,310.188,-21640.4,71.8972,0.397545
5190000,77,348.206,-21657.9,65.7706,0.407667
5205000,90,417.225,-21646.8,84.5567,0.413467
5220000,84,363.242,-21643.3,95.1268,0.417
5235000,74,331.948,-21643.8,67.6621,0.405533
5250000,94,406.669,-21621.1,80.7028,0.400867
5265000,80,340.216,-21629.4,78.6559,0.424533
5280000,57,256.242,-21684.9,55.9711,0.389956
5295000,90,404.193,-21668,104.14,0.4072
5310000,76,315.732,-21660.1,76.7481,0.409533
5325000,64,286.316,-21655.9,73.1144,0.3902
5340000,55,259.022,-21689.3,59.0343,0.390683
5355000,64,278.644,-21642.8,60.5014,0.384533
5370000,62,271.389,-21673.3,57.7619,0.3835
5385000,79,351.089,-21653.2,71.3008,0.395467
5400000,68,283.735,-21653.5,57.9602,0.391496
5415000,65,292.088,-21631.8,77.3803,0.388167
5430000,77,318.178,-21630.7,71.7305,0.398933
5445000,71,305.939,-21687.6,66.9458,0.389027
5460000,60,268.856,-21662.3,74.2205,0.3879
5475000,50,216.35,-21656.9,52.4946,0.3788
5490000,63,270.886,-21660.6,53.2157,0.392717
5505000,57,257.163,-21663.2,57.6016,0.3938
5520000,64,269.603,-21653.1,67.6093,0.375
5535000,68,291.16,-21663.3,76.992,0.395
5550000,59,252.365,-21655.9,64.3832,0.389373
5565000,61,279.685,-21663.5,64.1507,0.3934
5580000,60,261.263,-21678.2,62.0877,0.3842
5595000,59,246.008,-21657.3,76.1607,0.3858
5610000,58,259.644,-21672.8,63.6136,0.391267
5625000,57,243.848,-21661.4,49.4427,0.377039
5640000,59,263.567,-21678.9,54.1061,0.372667
5655000,60,273.021,-21670.4,63.6309,0.383433
5670000,73,325.61,-21660.3,67.8206,0.395667
5685000,69,310.661,-21644.7,66.2956,0.390467
5700000,74,335.437,-21642.9,70.9029,0.3988
5715000,81,385.433,-21639.9,78.1972,0.3986
5730000,88,372.895,-21653.6,80.2305,0.409267
5745000,81,356.637,-21648.7,74.9369,0.416467
5760000,73,322.514,-21646.9,68.2102,0.395867
5775000,57,252.711,-21671.5,52.0388,0.377348
5790000,72,313.226,-21628.6,74.1026,0.3993
5805000,58,260.118,-21645.3,58.6335,0.3764
5820000,63,282.022,-21686.7,64.9638,0.386267
5835000,68,299.494,-21667.7,55.9411,0.383933
5850000,68,299.133,-21640.5,74.7528,0.386733
5865000,67,296.449,-21643.7,69.8156,0.390533
5880000,62,279.444,-21648.2,47.0254,0.3822
5895000,53,222.098,-21677.4,59.9944,0.38387
5910000,74,324.242,-21639.4,77.8986,0.392233
5925000,67,281.878,-21635.6,79.8277,0.390533
5940000,60,262.231,-21655.6,76.8309,0.392867
5955000,76,337.181,-21632.3,73.1069,0.395933
5970000,60,274.639,-21656.3,53.5198,0.37616
5985000,68,295.145,-21665.7,74.3844,0.413967
6000000,64,276.232,-21671.4,64.3146,0.385833
6015000,55,242.586,-21680,39.3009,0.377882
6030000,59,274.751,-21685.4,59.0644,0.3742
6045000,78,344.202,-21644.8,78.8403,0.39325
6060000,71,319.798,-21654.3,61.6637,0.402867
6075000,69,309.866,-21637.4,64.2299,0.391
6090000,59,274.859,-21663.3,68.1603,0.384367
6105000,58,244.691,-21668.6,52.7976,0.3804
6120000,62,269.099,-21677.8,66.7986,0.380067
6135000,55,239.971,-21686.8,64.5897,0.390467
6150000,70,296.48,-21675.2,53.5702,0.390773
6165000,63,264.636,-21673.5,60.5945,0.395333
6180000,57,269.914,-21702.1,59.795,0.389006
6195000,56,240.114,-21688.6,44.2367,0.389467
6210000,60,265.551,-21674.9,43.2169,0.383707
6225000,67,297.955,-21692.9,60.0311,0.396067
6240000,56,243.067,-21680.1,68.9917,0.380333
6255000,60,264.298,-21676.1,74.6989,0.394433
6270000,73,328.208,-21661.3,86.7478,0.386943
6285000,72,304.563,-21652.2,68.5105,0.396067
6300000,73,325.007,-21645.7,83.9024,0.413267
6315000,75,332.587,-21640.4,68.7744,0.4022
6330000,62,265.002,-21661.2,54.1983,0.394533
6345000,60,265.831,-21630.4,54.3534,0.3664
6360000,59,266.716,-21647.8,86.4178,0.381467
6375000,65,296.243,-21653.6,65.2092,0.388667
6390000,48,205.797,-21667.7,53.1655,0.379967
6405000,66,295.242,-21656.9,67.141,0.394133
6420000,47,207.43,-21693.3,53.1314,0.3741
6435000,61,266.819,-21634.2,60.0472,0.3904
6450000,59,272.392,-21652.8,51.5289,0.382456
6465000,64,288.443,-21649.6,62.8297,0.3892
6480000,62,262.469,-21675.9,56.5169,0.3872
6495000,72,334.197,-21649.2,79.0607,0.401167
6510000,79,349.568,-21627.8,67.3314,0.392867
6525000,78,350.922,-21640.4,75.1271,0.407067
6540000,51,231.167,-21669.9,72.6762,0.388183
6555000,72,341.795,-21637.8,76.0237,0.402833
6570000,51,224.711,-21666.4,50.6424,0.3788
6585000,82,354.877,-21646.6,94.3504,0.407533
6600000,56,255.775,-21676.8,59.5051,0.378267
6615000,69,291.678,-21642.8,58.5845,0.405133
6630000,62,266.253,-21649.9,71.2578,0.393267
6645000,53,230.975,-21643.9,66.3769,0.382067
6660000,45,194.395,-21696.5,47.4548,0.360367
6675000,66,292.017,-21628.4,59.3758,0.387433
6690000,52,223.343,-21667.4,49.4895,0.376208
6705000,49,209.715,-21680,42.3373,0.377667
6720000,50,226.186,-21692.3,55.5501,0.36385
6735000,56,254.157,-21685.7,52.2402,0.3776
6750000,52,234.66,-21698.1,53.1081,0.3756
6765000,62,272.713,-21669.5,69.0937,0.3788
6780000,43,185.624,-21684.7,36.112,0.370633
6795000,53,235.145,-21666.8,51.6846,0.370633
6810000,67,305.328,-21629.4,57.9259,0.385326
6825000,63,281.57,-21646.2,64.6032,0.388267
6840000,55,242.748,-21650.7,51.5817,0.375689
6855000,43,176.925,-21703.2,41.5465,0.351147
6870000,60,259.122,-21668.8,53.8521,0.3774
6885000,38,156.696,-21697.3,46.9985,0.3411
6900000,47,218.891,-21680,51.2653,0.360183
6915000,56,251.767,-21688.3,50.3953,0.363733
6930000,45,191.122,-21674,40.9934,0.361133
6945000,57,250.875,-21666.1,48.287,0.387333
6960000,44,182.077,-21680.2,38.3305,0.3773
6975000,52,218.847,-21665.6,47.032,0.379933
6990000,53,225.612,-21663.6,46.1669,0.3592
7005000,57,260.704,-21678.6,71.8026,0.373844
7020000,60,270.582,-21676.3,41.1867,0.387178
7035000,57,247.739,-21681.3,59.3087,0.370311
7050000,78,346.579,-21678.4,74.8118,0.395767
7065000,41,176.645,-21695.3,35.8995,0.367267
7080000,55,243.588,-21660.8,62.8429,0.402433
7095000,43,199.231,-21699.3,35.0389,0.363967
7110000,59,261.097,-21659.8,56.2972,0.395767
7125000,43,194.666,-21699.1,41.5363,0.374392
7140000,45,200.647,-21688.6,50.4775,0.340533
7155000,55,239.08,-21651.4,70.4665,0.379822
7170000,49,222.187,-21671.8,45.493,0.3866
7185000,57,260.62,-21674.3,48.3611,0.384267
7200000,58,253.727,-21683.1,65.2862,0.378457
7215000,54,230.096,-21671,61.413,0.3933
7230000,53,232.065,-21675.7,55.9906,0.385
7245000,48,206.706,-21699.6,49.7945,0.392667
7260000,48,212.024,-21690.2,56.8233,0.391633
7275000,45,199.18,-21717,38.642,0.37957
7290000,43,187.2,-21690.7,48.9532,0.383533
7305000,54,243.246,-21709.8,51.0411,0.3642
7320000,60,257.524,-21694.1,55.0743,0.397333
7335000,50,206.269,-21703.7,64.4858,0.3882
7350000,58,256.501,-21693.2,53.9562,0.395833
7365000,46,201.198,-21691.6,44.6785,0.370667
7380000,47,192.839,-21696.9,41.6442,0.3716
7395000,40,171.04,-21685.2,44.4223,0.365733
7410000,49,210.477,-21689.6,48.0499,0.374133
7425000,62,261.717,-21660.8,63.8632,0.389822
7440000,70,315.756,-21658.3,76.7537,0.411
7455000,52,234.635,-21682.9,54.2801,0.369378
7470000,60,267.78,-21704.7,55.6098,0.3912
7485000,48,222.059,-21679.1,67.1839,0.3805
7500000,60,258.854,-21682.2,56.6972,0.375267
7515000,52,235.447,-21660.9,44.3268,0.384733
7530000,59,261.6,-21654,59.5523,0.395456
7545000,51,216.292,-21696.9,59.0459,0.3888
7560000,70,312.36,-21674.5,70.8987,0.395433
7575000,54,241.147,-21681.7,47.973,0.391833
7590000,60,258.496,-21684.7,45.3288,0.403
7605000,56,245.786,-21693.5,63.2759,0.3974
7620000,55,241.94,-21675.5,49.5365,0.3794
7635000,44,204.714,-21690.6,45.0006,0.399433
7650000,51,216.13,-21650.7,57.0781,0.376433
7665000,55,238.768,-21685.7,46.7665,0.386678
7680000,54,244.289,-21663,57.4514,0.379667
7695000,58,268.579,-21695.7,55.6254,0.393233
7710000,55,252.863,-21681.1,60.6946,0.3896
7725000,57,254.128,-21666.2,48.9406,0.3862
7740000,53,237.838,-21673.6,47.0899,0.3791
7755000,61,264.634,-21668.9,44.5984,0.3865
7770000,54,232.099,-21652.4,60.774,0.387311
7785000,45,198.503,-21685.3,55.5797,0.380933
7800000,68,289.557,-21660.8,60.8294,0.378233
7815000,49,204.907,-21654.1,40.8461,0.387644
7830000,67,286.966,-21653,64.9394,0.3847
7845000,65,295.305,-21663.4,63.9264,0.399033
7860000,65,287.199,-21648.2,66.6546,0.382053
7875000,75,324.901,-21656.7,77.6988,0.395833
7890000,63,278.151,-21648.9,67.5969,0.403267
7905000,65,286.827,-21662.4,73.3099,0.384289
7920000,63,260.772,-21654.1,64.4939,0.387411
7935000,57,263.093,-21657.9,57.9069,0.390767
7950000,70,326.822,-21653.6,64.19,0.404533
7965000,48,203.823,-21683.5,45.2662,0.378556
7980000,65,287.011,-21636.4,87.3126,0.396167
7995000,77,343.083,-21642,84.5815,0.396667
8010000,82,353.232,-21673.7,61.0511,0.3987
8025000,58,244.85,-21648.9,49.7432,0.406167
8040000,54,235.311,-21645.6,57.503,0.383067
8055000,59,262.849,-21648.5,56.5174,0.374667
8070000,63,257.659,-21628.6,68.8772,0.3916
8085000,66,286.573,-21608.3,84.6157,0.382
8100000,77,340.553,-21604,92.6286,0.392
8115000,86,361.223,-21602.5,92.1057,0.391067
8130000,61,260.128,-21642.9,63.9377,0.382475
8145000,78,336.964,-21627,66.1736,0.4064
8160000,72,312.335,-21611.7,80.3396,0.385667
8175000,78,352.617,-21605.9,83.3422,0.393267
8190000,80,355.295,-21616.4,83.3518,0.3992
8205000,72,315.717,-21626.4,65.0423,0.394333
8220000,66,296.813,-21613.6,70.1099,0.394133
8235000,59,261.39,-21662.7,50.6332,0.376296
8250000,67,302.115,-21627.1,65.3243,0.389633
8265000,74,323.937,-21628.4,75.8818,0.383504
8280000,64,288.052,-21643.8,57.6287,0.395433
8295000,65,279.834,-21637.4,64.7288,0.3835
8310000,70,294.759,-21641.9,57.3538,0.394067
8325000,47,205.567,-21693.8,56.1351,0.380911
8340000,73,318.075,-21644.5,86.1079,0.391867
8355000,66,300.955,-21644.1,65.182,0.38736
8370000,69,300.764,-21643.5,60.3439,0.405867
8385000,66,296.963,-21638.1,86.2875,0.405133
8400000,67,299.693,-21638.7,68.9753,0.394867
8415000,64,277.981,-21651.8,62.2546,0.39448
8430000,71,308.903,-21678.6,73.3678,0.407467
8445000,67,304.078,-21651.1,67.5401,0.4092
8460000,83,374.406,-21641.8,75.4312,0.408933
8475000,65,299.896,-21666.9,64.1293,0.383353
8490000,67,292.105,-21675.3,67.341,0.392267
8505000,56,237.549,-21651.3,50.649,0.389686
8520000,59,250.59,-21681.7,48.9382,0.384133
8535000,53,233.297,-21651.2,50.462,0.3854
8550000,57,242.445,-21679.2,63.8831,0.382067
8565000,86,384.646,-21665.3,90.4966,0.40539
8580000,78,322.621,-21652.6,85.4302,0.412333
8595000,56,246.869,-21669.8,48.0605,0.38876
8610000,59,270.719,-21670.9,54.4976,0.402267
8625000,45,194.507,-21672.3,51.6523,0.362467
8640000,74,326.701,-21656.5,64.9634,0.386489
8655000,72,329.103,-21661,76.2009,0.402867
8670000,62,278.317,-21635.2,53.7166,0.391267
8685000,52,232.528,-21691.9,61.5999,0.386267
8700000,69,305.853,-21643.7,69.4918,0.392533
8715000,71,321.003,-21653,82.9224,0.391267
8730000,67,293.733,-21646.8,73.7327,0.395867
8745000,60,264.947,-21638,54.17,0.396133
8760000,67,293.898,-21612.5,52.4974,0.361867
8775000,66,288.188,-21639.2,66.0727,0.382267
8790000,67,287.621,-21649.5,70.1225,0.396133
8805000,66,307.887,-21681.1,53.4178,0.388158
8820000,57,243.078,-21684,53.3642,0.3929
8835000,46,189.301,-21682.8,36.2156,0.389249
8850000,70,302.672,-21641.7,63.7679,0.384367
8865000,73,317.932,-21665.5,85.8196,0.394667
8880000,63,262.244,-21668.9,75.5178,0.409333
8895000,77,320.484,-21614.9,69.9159,0.402867
8910000,81,349.717,-21612.5,104.202,0.398733
8925000,57,262.946,-21676.9,63.609,0.399089
8940000,87,373.463,-21591.3,90.373,0.400533
8955000,71,329.095,-21629,68.337,0.4036
8970000,46,207.221,-21689.3,45.5632,0.384315
8985000,74,339.004,-21673.2,69.8105,0.396117
9000000,71,308.944,-21630.1,66.6291,0.390844
9015000,69,305.771,-21629,65.7121,0.4082
9030000,49,219.362,-21694.4,53.7414,0.369033
9045000,66,300.844,-21658.9,61.1089,0.3993
9060000,58,249.997,-21642.9,45.9096,0.390222
9075000,71,306.19,-21631.1,76.4671,0.387867
9090000,67,300.358,-21655.5,81.8493,0.386556
9105000,62,257.443,-21641.6,64.7287,0.385067
9120000,69,306.996,-21655.5,69.116,0.390022
9135000,68,313.441,-21679.5,67.6282,0.380367
9150000,45,202.697,-21676.8,47.9978,0.381117
9165000,50,222.572,-21671.4,40.2242,0.368667
9180000,55,250.439,-21671.6,46.5623,0.385933
9195000,68,290.746,-21652.6,78.3794,0.390867
9210000,66,298.728,-21645.1,72.0183,0.411067
9225000,75,305.832,-21643.5,59.6338,0.394467
9240000,69,295.149,-21648.4,68.3765,0.3965
9255000,69,296.369,-21644,67.0636,0.3902
9270000,90,393.866,-21626,92.691,0.403867
9285000,74,325.02,-21618.4,83.6592,0.395067
9300000,86,382.526,-21617.6,98.3049,0.403
9315000,69,302.312,-21634.2,69.8025,0.404867
9330000,74,326.79,-21632.9,66.7388,0.399333
9345000,61,277.176,-21648.9,62.9311,0.394012
9360000,67,310.676,-21639,53.6462,0.397367
9375000,68,300.34,-21653.5,75.211,0.3872
9390000,73,324.855,-21668.7,89.524,0.397333
9405000,77,353.266,-21610.5,70.9401,0.401822
9420000,80,356.756,-21611.1,71.6096,0.388067
9435000,86,370.408,-21589.7,74.2836,0.394
9450000,95,419.909,-21587,96.2157,0.3966
9465000,91,384.115,-21613.7,100.849,0.406867
9480000,83,371.408,-21644.4,70.132,0.403467
9495000,87,367.33,-21604.7,89.3291,0.390467
9510000,52,229.309,-21693.6,43.8788,0.385098
9525000,86,371.428,-21642.6,84.9235,0.407633
9540000,65,291.355,-21649.4,75.7772,0.39038
9555000,76,347.429,-21646,66.8672,0.4122
9570000,72,318.38,-21647.3,59.9348,0.39
9585000,57,254.54,-21646.3,55.2495,0.389787
9600000,71,324.433,-21595.8,71.482,0.398533
9615000,60,257.722,-21631.5,76.412,0.381367
9630000,85,365.472,-21582,81.9932,0.398067
9645000,90,397.182,-21589.9,98.3173,0.4062
9660000,80,349.738,-21674.7,97.228,0.384942
9675000,84,368.149,-21599.2,75.4128,0.404567
9690000,76,322.716,-21635,78.3543,0.406467
9705000,75,336.415,-21659.2,82.6756,0.417467
9720000,74,322.057,-21623.5,75.32,0.3986
9735000,70,320.479,-21673.5,85.9057,0.3995
9750000,78,351.35,-21604,77.5974,0.387504
9765000,71,317.91,-21656.9,70.758,0.3952
9780000,68,301.331,-21631.3,68.4518,0.3958
9795000,81,370.868,-21628.6,79.5409,0.400356
9810000,80,357.625,-21599.9,98.0115,0.4033
9825000,74,322.264,-21629.5,75.3469,0.4106
9840000,81,353.975,-21636.5,83.2354,0.401622
9855000,62,272.943,-21642.2,57.0313,0.392911
9870000,62,280.314,-21637.2,55.2007,0.388233
9885000,65,267.363,-21632.4,70.5037,0.375367
9900000,74,335.881,-21650.7,80.9449,0.3777
9915000,59,250.184,-21635.7,50.0297,0.392867
9930000,66,271.101,-21643.9,67.1174,0.390467
9945000,60,248.655,-21638.5,71.3528,0.369967
9960000,76,342.234,-21631.3,59.5526,0.393567
9975000,67,300.631,-21642.3,68.8908,0.3834
9990000,74,314.953,-21667.6,69.6018,0.382733
10005000,68,287.897,-21629.3,72.1372,0.3842
10020000,68,292.994,-21653.1,70.3092,0.399333
10035000,67,304.809,-21662.3,78.3149,0.390333
10050000,58,255.305,-21648.2,64.3869,0.383133
10065000,67,288.266,-21649.3,64.6292,0.39544
10080000,65,272.847,-21652.8,47.4065,0.400067
10095000,59,267.282,-21671.9,53.7965,0.396283
10110000,67,283.112,-21694.8,65.0254,0.398067
10125000,61,271.43,-21665.1,59.2135,0.388813
10140000,51,226.021,-21686,52.1884,0.394167
10155000,79,330.462,-21677.4,94.2224,0.399227
10170000,39,186.699,-21688.8,34.6545,0.378967
10185000,69,310.885,-21664.4,70.5994,0.396833
10200000,72,321.674,-21669,65.1422,0.395933
10215000,65,283.89,-21660.1,72.2408,0.401933
10230000,69,307.763,-21677.7,63.6168,0.404467
10245000,64,273.429,-21658.6,60.4133,0.383133
10260000,63,274.255,-21698.2,55.1474,0.407167
10275000,80,370.037,-21686.7,80.2744,0.404733
10290000,66,286.146,-21663.3,62.3842,0.387867
10305000,56,238.565,-21703.3,51.7706,0.408633
10320000,68,297.727,-21651,76.7891,0.397667
10335000,59,273.236,-21677.6,60.1435,0.403467
10350000,65,285.989,-21684.4,72.0994,0.3979
10365000,59,246.434,-21648.4,73.4241,0.3862
10380000,70,313.645,-21655.8,61.8939,0.394333
10395000,70,305.502,-21668.4,86.8623,0.394289
10410000,46,198.651,-21686.5,45.398,0.389527
10425000,61,272.489,-21659.3,57.7333,0.379633
10440000,64,297.711,-21641.1,73.8312,0.394517
10455000,69,310.914,-21650.4,88.6523,0.3956
10470000,77,355.547,-21663.9,79.9238,0.402933
10485000,78,349.638,-21629.6,82.5291,0.4018
10500000,78,333.981,-21641.7,68.6454,0.4048
10515000,57,252.771,-21665.9,57.9765,0.396044
10530000,71,300.371,-21657.5,74.5592,0.388933
10545000,81,335.082,-21641.6,69.9508,0.402533
10560000,77,345.641,-21650.9,73.0737,0.386953
10575000,70,314.297,-21653.3,77.5484,0.398767
10590000,59,253.19,-21654,63.6033,0.3746
10605000,64,278.009,-21663.6,70.3416,0.406756
10620000,60,257.242,-21656.4,53.4598,0.392942
10635000,65,295.443,-21664.6,61.7638,0.387867
10650000,83,376.115,-21674.5,94.9167,0.409467
10665000,70,310.127,-21668.4,53.6957,0.414067
10680000,62,279.984,-21672,59.8641,0.404933
10695000,62,254.484,-21633.9,56.5544,0.3832
10710000,60,247.816,-21686.2,55.6494,0.392433
10725000,61,279.879,-21680.9,55.3309,0.391725
10740000,64,269.463,-21651.6,73.776,0.385467
10755000,56,233.767,-21658.9,59.5747,0.3828
10770000,61,274.421,-21703.9,58.9334,0.389617
10785000,60,265.949,-21653.6,58.4757,0.3984
10800000,63,279.686,-21653.9,63.5003,0.396867
10815000,60,259.164,-21692.7,55.4149,0.37736
10830000,59,243.903,-21679,74.9383,0.3911
10845000,57,246.837,-21676.6,57.8943,0.389267
10860000,73,339.043,-21649.4,86.7145,0.388952
10875000,68,310.472,-21664.4,70.5624,0.3955
10890000,54,223.109,-21667.8,42.017,0.394267
10905000,69,305.203,-21647.3,54.9126,0.403067
10920000,62,274.071,-21662.4,54.9352,0.3866
10935000,57,261.076,-21661,58.5532,0.3952
10950000,64,287.129,-21641.8,65.9713,0.395933
10965000,77,355.895,-21652.8,62.8532,0.399133
10980000,71,308.829,-21695.2,65.7729,0.40334
10995000,62,273.236,-21673.8,43.9743,0.407133
11010000,62,268.518,-21656.4,52.5771,0.402511
11025000,56,253.404,-21690.8,61.3167,0.406433
11040000,65,290.673,-21649.2,56.1664,0.398524
11055000,54,231.344,-21650.5,58.0246,0.394933
11070000,64,279.828,-21663.4,53.5425,0.3846
11085000,59,261.361,-21671.3,45.6266,0.3819
11100000,75,336.282,-21649.8,74.9806,0.3849
11115000,55,253.858,-21671.7,55.7935,0.380573
11130000,54,246.148,-21647,46.002,0.388967
11145000,53,235.463,-21645.5,44.2378,0.388333
11160000,65,307.056,-21672,83.8405,0.385978
11175000,70,307.983,-21673.3,80.8318,0.3979
11190000,69,297.571,-21654.7,68.2484,0.396511
11205000,63,277.296,-21654.7,74.8871,0.4072
11220000,68,295.258,-21659.8,75.8831,0.392133
11235000,53,235.234,-21662.2,54.0216,0.386067
11250000,64,291.356,-21658,52.1538,0.376133
11265000,59,255.211,-21672.5,54.3194,0.391678
11280000,62,264.003,-21659.1,63.7683,0.392889
11295000,63,290.069,-21673.9,51.9241,0.387667
11310000,59,252.057,-21647.3,60.6847,0.393767
11325000,65,286.592,-21639.3,61.478,0.378067
11340000,66,288.686,-21654.2,60.9347,0.384133
11355000,61,275.191,-21653.3,62.5466,0.386
11370000,61,246.142,-21674.3,56.7034,0.394289
11385000,62,281.492,-21651.6,55.8436,0.3816
11400000,65,273.698,-21645.3,74.8428,0.401333
11415000,76,340.384,-21647.8,69.368,0.387133
11430000,58,270.826,-21665,49.6228,0.389079
11445000,85,366.863,-21633.5,73.2827,0.392967
11460000,58,269.912,-21661.6,53.8137,0.394867
11475000,59,264.048,-21668,61.9886,0.404133
11490000,73,324.335,-21642.8,72.0385,0.396956
11505000,77,345.447,-21622.7,82.855,0.405467
11520000,78,333.979,-21679.2,93.421,0.386375
11535000,78,364.824,-21630.7,73.303,0.399167
11550000,79,354.389,-21640.6,70.8831,0.4082
11565000,70,319.469,-21633,79.6456,0.398
11580000,50,223.835,-21683.8,50.9271,0.393362
11595000,67,299.828,-21647.5,80.7656,0.40068
11610000,69,303.801,-21652.9,62.2745,0.397733
11625000,77,347.004,-21644.8,78.6501,0.406533
11640000,72,337.793,-21700.4,59.6621,0.394083
11655000,79,353.204,-21667.8,82.4759,0.403233
11670000,65,289.474,-21669.7,72.4455,0.4032
11685000,78,346.738,-21640.2,92.1975,0.409033
11700000,51,220.731,-21679.9,56.5166,0.4066
11715000,54,232.944,-21673.9,61.1869,0.372933
11730000,79,354.343,-21643.7,63.1119,0.396422
11745000,52,226.767,-21653,63.7651,0.38444
11760000,59,263.585,-21652,50.2695,0.367467
11775000,74,330.459,-21646.1,69.5603,0.375667
11790000,68,296.643,-21653.5,73.0045,0.401733
11805000,68,300.736,-21631.6,61.628,0.386787
11820000,69,307.91,-21647.4,72.2966,0.3934
11835000,67,295.442,-21661,48.9402,0.3858
11850000,60,265.673,-21647.3,67.6857,0.388667
11865000,65,303.234,-21653.1,58.9621,0.3812
11880000,68,298.51,-21646.7,69.0901,0.387533
11895000,63,277.194,-21633,58.4524,0.383933
11910000,67,290.702,-21638.1,62.5076,0.395822
11925000,78,317.737,-21660.3,85.8108,0.402933
11940000,73,317.755,-21648.6,65.4801,0.388647
11955000,69,297.199,-21647.3,74.4532,0.398867
11970000,73,312.133,-21654.4,73.4121,0.401511
11985000,68,291.362,-21637.8,53.5696,0.393611
12000000,55,232.746,-21661,57.1209,0.389556
12015000,67,291.625,-21645.5,64.7538,0.397567
12030000,70,324.329,-21633.7,74.7833,0.39065
12045000,73,337.843,-21642,79.7987,0.405333
12060000,55,245.287,-21677.2,64.9209,0.3792
12075000,45,200.206,-21670.8,45.3004,0.374533
12090000,70,283.094,-21656,78.8669,0.391978
12105000,70,291.856,-21640.7,69.5254,0.398
12120000,57,246.051,-21653,54.4011,0.3824
12135000,65,271.913,-21655.6,76.1609,0.383067
12150000,64,267.967,-21657.1,55.31,0.4172
12165000,52,229.589,-21694.3,56.566,0.395744
12180000,49,213.744,-21691.2,53.3591,0.390867
12195000,52,225.985,-21673.4,39.3825,0.38492
12210000,56,236.748,-21653,53.7088,0.379567
12225000,56,248.944,-21646.2,70.4158,0.381653
12240000,48,200.219,-21682.6,49.9087,0.3783
12255000,52,230.466,-21658.2,47.5779,0.376217
12270000,55,234.605,-21652.8,67.8498,0.383067
12285000,49,218.06,-21670.7,45.6308,0.377556
12300000,56,241.257,-21659.6,53.3798,0.386933
12315000,56,257.832,-21695.5,46.4012,0.383533
12330000,59,242.189,-21664,61.1532,0.395167
12345000,64,279.7,-21647.1,67.9035,0.3882
12360000,76,344.538,-21642.1,81.4085,0.3994
12375000,67,281.552,-21657.2,64.8314,0.384183
12390000,72,309.434,-21625.6,64.2576,0.3995
12405000,71,309.829,-21658.6,65.6819,0.390919
12420000,67,293.475,-21654.6,77.6034,0.389033
12435000,57,234.674,-21648.6,58.2616,0.369933
12450000,58,263.248,-21653.1,59.7722,0.389422
12465000,70,305.194,-21649.7,73.932,0.386533
12480000,57,251.94,-21657.4,46.0662,0.3987
12495000,59,260.025,-21657.5,67.9863,0.375933
12510000,62,262.227,-21647.3,55.5457,0.377859
12525000,65,291.701,-21662,58.6075,0.389733
12540000,66,271.022,-21649,76.9373,0.398667
12555000,61,265.562,-21669.5,64.7529,0.402533
12570000,68,300.916,-21645.8,57.5582,0.393067
12585000,76,332.829,-21648.5,87.4934,0.387867
12600000,70,316.474,-21643.9,72.4878,0.407133
12615000,80,362.901,-21628.4,68.8793,0.4088
12630000,73,314.123,-21607.4,72.8926,0.4038
12645000,85,367.842,-21624.1,61.8862,0.392
12660000,69,308.137,-21653.7,64.5297,0.398433
12675000,83,359.817,-21627.1,86.2037,0.404333
12690000,60,252.727,-21631.6,58.5339,0.402067
12705000,65,268.983,-21646.8,68.872,0.406333
12720000,61,261.054,-21655.4,58.384,0.390933
12735000,55,232.53,-21617.1,55.6858,0.382333
12750000,47,201.272,-21674.1,47.147,0.392418
12765000,62,286.773,-21638.3,67.5958,0.384133
12780000,65,289.653,-21638,67.0167,0.386633
12795000,67,293.296,-21621.8,68.3997,0.3931
12810000,75,312.095,-21605.5,71.9426,0.395867
12825000,74,318.869,-21603.1,64.1852,0.389733
12840000,52,229.365,-21683.2,56.5346,0.393017
12855000,75,321.269,-21626.6,67.633,0.389633
12870000,77,330.345,-21656.3,83.172,0.38948
12885000,90,385.463,-21614.6,85.2956,0.398733
12900000,77,341.597,-21609.5,78.6296,0.405867
12915000,83,376.313,-21606.7,87.7634,0.412533
12930000,73,323.664,-21602.5,65.3671,0.4006
12945000,67,293.791,-21637.5,76.4215,0.396133
12960000,61,254.347,-21652.7,43.2973,0.399967
12975000,67,300.346,-21641.8,84.5454,0.3937
12990000,77,339.164,-21618.5,80.8651,0.391267
13005000,61,275.901,-21656.6,59.5085,0.395556
13020000,81,345.24,-21643.9,85.1018,0.407867
13035000,67,295.784,-21669.9,48.5044,0.3918
13050000,70,307.533,-21673.6,66.6695,0.395533
13065000,77,336.615,-21651.8,77.2197,0.406733
13080000,61,248.327,-21660.2,50.5407,0.390779
13095000,69,306.689,-21657.6,59.0603,0.399467
13110000,61,265.977,-21666.8,58.4686,0.382067
13125000,64,266.845,-21674.4,68.2017,0.3864
13140000,69,297.099,-21659.2,78.8052,0.404042
13155000,79,345.397,-21656.5,98.6017,0.398267
13170000,76,328.349,-21655.9,60.7584,0.400467
13185000,62,254.25,-21675.8,62.6435,0.407
13200000,62,273.187,-21646.3,49.5352,0.390562
13215000,53,231.342,-21662.9,48.2603,0.390833
13230000,68,295.478,-21658.9,70.3501,0.389
13245000,80,359.513,-21672.8,90.7913,0.411133
13260000,60,263.096,-21649.8,59.9916,0.390678
13275000,60,264.691,-21672.3,63.429,0.39445
13290000,61,274.992,-21661.8,67.4921,0.397267
13305000,80,331.488,-21635.4,67.817,0.4132
13320000,71,321.69,-21650.8,71.419,0.401733
13335000,56,244.138,-21667.9,56.0053,0.389893
13350000,56,254.317,-21649.6,60.9221,0.393978
13365000,60,265.614,-21660.8,52.8624,0.386222
13380000,60,259.045,-21628.4,68.6089,0.3817
13395000,61,269.902,-21636.4,56.8391,0.3744
13410000,63,267.845,-21619.8,75.9681,0.374667
13425000,75,341.634,-21671.4,70.1561,0.384578
13440000,65,292.189,-21665.6,63.4689,0.407467
13455000,51,239.014,-21678.7,55.3723,0.393
13470000,60,264.689,-21687.6,56.2403,0.381057
13485000,61,277.015,-21634.1,73.225,0.39516
13500000,69,303.767,-21648.5,62.0263,0.3832
13515000,80,355.44,-21646,103.307,0.407933
13530000,68,319.896,-21659.4,65.1004,0.391467
13545000,60,266.423,-21672.3,56.2859,0.396267
13560000,66,295.829,-21664.5,83.5066,0.3954
13575000,72,291.341,-21654.5,82.2123,0.401
13590000,56,250.458,-21660.7,80.8731,0.385867
13605000,72,323.56,-21651.6,79.3952,0.405133
13620000,64,296.37,-21647.8,61.8638,0.4046
13635000,67,315.604,-21666.6,71.753,0.389222
13650000,64,295.9,-21653.6,65.7796,0.402
13665000,60,252.336,-21622.7,53.7747,0.383267
13680000,60,265.118,-21642,63.0948,0.375067
13695000,63,285.951,-21655.5,62.5102,0.3866
13710000,73,317.627,-21669.1,67.8343,0.395233
13725000,62,275.144,-21646.2,56.9808,0.392733
13740000,52,223.84,-21684.4,56.9864,0.402233
13755000,56,258.298,-21641.5,52.7665,0.378567
13770000,65,288.474,-21654.3,65.9733,0.3882
13785000,60,247.527,-21669.5,77.8042,0.388756
13800000,51,222.622,-21663.2,56.5612,0.389608
13815000,54,233.792,-21672.8,56.1623,0.383622
13830000,53,245.764,-21663.7,48.5559,0.381067
13845000,59,272.3,-21660.6,56.1795,0.390133
13860000,60,250.519,-21665.4,61.0702,0.3856
13875000,48,200.245,-21669.6,37.3998,0.366633
13890000,61,264.403,-21661.9,60.0722,0.378733
13905000,67,307.997,-21679.7,66.7649,0.3962
13920000,67,306.419,-21669.3,61.9226,0.417467
13935000,77,341.575,-21673.2,89.6858,0.376215
13950000,65,300.904,-21661.9,63.0795,0.384413
13965000,57,255.483,-21679.8,52.1311,0.397133
13980000,71,308.94,-21659.2,64.1011,0.408067
13995000,66,303.067,-21654.1,63.1524,0.378467
14010000,62,269.772,-21648.3,62.0321,0.386067
14025000,76,340.632,-21658.5,59.6029,0.392267
14040000,49,207.734,-21660.5,49.7226,0.391947
14055000,79,320.86,-21639,97.2714,0.4014
14070000,72,317.892,-21656.5,67.6187,0.398067
14085000,73,309.532,-21624.3,88.9872,0.3886
14100000,70,333.357,-21699.8,82.9361,0.395858
14115000,70,303.995,-21652.1,58.4836,0.385867
14130000,66,280.474,-21644.6,62.6063,0.3928
14145000,50,227.337,-21675.5,47.4173,0.376752
14160000,75,324.227,-21666.8,69.026,0.391383
14175000,66,306.668,-21635,74.4322,0.382433
14190000,71,315.595,-21648.5,73.3787,0.38765
14205000,80,337.056,-21646.3,67.3538,0.393533
14220000,77,347.392,-21645.1,77.3689,0.401267
14235000,75,297.796,-21612.2,74.9856,0.4033
14250000,85,362.072,-21637,89.3062,0.398733
14265000,78,330.279,-21614.1,80.4263,0.402356
14280000,76,341.11,-21669.8,75.1681,0.3962
14295000,63,286.256,-21628.7,66.458,0.3979
14310000,70,311.126,-21650.3,66.7882,0.3925
14325000,71,307.88,-21651.2,78.3978,0.399533
14340000,61,276.02,-21659.1,51.3325,0.3802
14355000,70,313.676,-21659.3,75.6128,0.396233
14370000,60,265.718,-21678.4,75.2372,0.390267
14385000,61,258.502,-21652.8,49.5754,0.389133
14400000,50,226.582,-21680.1,41.1346,0.391075
14415000,68,294.005,-21652.7,58.1357,0.396267
14430000,55,243.873,-21687,58.2214,0.385067
14445000,61,269.28,-21645.8,53.2239,0.3727
14460000,76,333.113,-21657,70.5642,0.397667
14475000,84,360.269,-21661.4,73.7037,0.401533
14490000,65,278.244,-21660.1,64.2728,0.396467
14505000,47,198.762,-21699.9,53.4678,0.382905
14520000,52,242.785,-21695.1,59.8849,0.388389
14535000,47,207.806,-21693.5,39.5927,0.382067
14550000,53,248.403,-21654.8,59.0757,0.3879
14565000,52,232.225,-21640.6,49.3758,0.37948
14580000,67,304.938,-21654.1,54.8908,0.388733
14595000,67,291.687,-21665.3,71.945,0.397356
14610000,71,295.468,-21649.7,76.8349,0.387733
14625000,65,283.908,-21641.2,61.0036,0.394733
14640000,66,272.906,-21655.7,57.533,0.390657
14655000,62,261.159,-21675,64.4783,0.380667
14670000,63,274.613,-21684.9,75.9532,0.3954
14685000,57,251.474,-21667.3,56.7381,0.395333
14700000,61,253.253,-21666.8,63.193,0.396
14715000,59,251.969,-21659.7,46.5987,0.385587
14730000,57,263.722,-21667.9,54.7385,0.372267
14745000,56,255.455,-21654.7,60.0596,0.372067
14760000,60,266.673,-21671.7,57.1504,0.37344
14775000,68,312.131,-21661,51.8111,0.382967
14790000,68,291.978,-21643.4,68.8572,0.395467
14805000,55,233.755,-21695.1,54.2973,0.385638
14820000,53,226.691,-21672.6,63.7112,0.38955
14835000,56,260.195,-21675,62.3812,0.3928
14850000,57,257.021,-21678.3,52.8777,0.393183
14865000,52,235.483,-21661.2,63.6508,0.3792
14880000,69,305.948,-21668.3,66.8318,0.384133
14895000,69,306.2,-21668.6,64.0891,0.376833
14910000,65,279.149,-21661.5,59.1204,0.388133
14925000,64,283.339,-21661.9,63.8642,0.408822
14940000,70,295.225,-21657.6,60.0285,0.404467
14955000,72,329.741,-21648,75.9092,0.395467
14970000,60,263.664,-21657.1,57.344,0.391067
14985000,65,269.91,-21662.8,73.5933,0.392627
15000000,62,258.563,-21639.8,66.1824,0.384333
15015000,49,209.915,-21687.3,49.781,0.389257
15030000,74,318.878,-21646.3,63.5964,0.391933
15045000,71,321.831,-21655.6,66.7128,0.411867
15060000,72,333.512,-21652.8,77.2077,0.398
15075000,79,341.489,-21671.2,89.8001,0.405267
15090000,62,281.931,-21670.6,71.1977,0.412867
15105000,73,313.819,-21629.5,71.5999,0.399133
15120000,70,324.265,-21639.8,64.6376,0.397733
15135000,61,272.762,-21674.9,71.2299,0.386013
15150000,66,306.243,-21636.3,70.2174,0.397033
15165000,46,196.659,-21695.6,41.217,0.396
15180000,49,203.939,-21688.3,38.9664,0.3788
15195000,46,185.685,-21676.1,46.9327,0.378717
15210000,71,312.816,-21620.3,73.9392,0.3907
15225000,57,242.414,-21683.1,52.1055,0.371467
15240000,62,267.546,-21677.9,50.0258,0.405267
15255000,62,270.652,-21679.6,69.2522,0.4044
15270000,81,363.093,-21607.7,95.0693,0.392617
15285000,58,266.982,-21650,49.2284,0.38061
15300000,59,244.737,-21676.2,60.1945,0.4042
15315000,75,307.686,-21670.8,67.6596,0.399022
15330000,79,344.291,-21646.1,69.06,0.403467
15345000,81,352.593,-21638.8,83.364,0.417667
15360000,82,347.345,-21647.5,90.4537,0.412733
15375000,81,337.119,-21640.7,84.669,0.411867
15390000,67,284.539,-21671.4,70.4457,0.385333
15405000,72,300.784,-21659.6,73.9145,0.392267
15420000,67,285.252,-21662.4,85.5566,0.398975
15435000,65,289.756,-21663.9,66.6874,0.403833
15450000,54,244.702,-21643.1,52.1064,0.387033
15465000,72,313.996,-21651.5,71.5379,0.3878
15480000,91,376.443,-21648.9,91.3346,0.404778
15495000,73,321.205,-21643.5,70.1241,0.4158
15510000,76,331.531,-21674.2,84.3229,0.399867
15525000,80,343.295,-21672.6,74.098,0.407933
15540000,59,255.763,-21674.3,57.2155,0.376153
15555000,68,295.574,-21644.8,68.4865,0.386067
15570000,77,341.091,-21654.8,72.5268,0.405911
15585000,66,275.485,-21643.3,62.1183,0.401067
15600000,65,293.235,-21642.3,57.3253,0.400833
15615000,74,313.221,-21641.5,85.3297,0.404967
15630000,65,260.801,-21641.9,76.331,0.401
15645000,74,323.721,-21640.7,81.3984,0.402733
15660000,76,326.634,-21635.8,78.4976,0.405267
15675000,60,269.69,-21668.6,50.3215,0.397147
15690000,66,294.16,-21651.9,63.2172,0.390767
15705000,63,266.463,-21646.3,65.3813,0.396067
15720000,71,298.684,-21648.4,62.7213,0.385
15735000,60,272.91,-21638.8,57.9185,0.399467
15750000,68,310.877,-21673.8,51.3231,0.389653
15765000,63,264.005,-21659.8,82.13,0.399933
15780000,61,266.789,-21664.6,53.6027,0.397
15795000,69,302.383,-21664.6,66.6317,0.3967
15810000,63,290.798,-21634.7,79.2089,0.392
15825000,61,271.481,-21621,60.6588,0.374
15840000,63,263.217,-21635.4,63.8844,0.371267
15855000,76,335.141,-21657.1,99.2704,0.3916
15870000,75,310.837,-21640.2,76.2623,0.404733
15885000,75,312.968,-21655.7,75.4994,0.3992
15900000,62,260.696,-21654,69.6727,0.389983
15915000,78,332.913,-21651.9,84.3771,0.409467
15930000,73,312.017,-21657.5,63.2827,0.418267
15945000,69,291.646,-21659.2,71.8403,0.411667
15960000,66,281.216,-21680.5,64.5545,0.3926
15975000,53,230.482,-21679.6,55.1928,0.383414
15990000,43,195.818,-21677,41.9916,0.382648
16005000,52,230.419,-21668.9,58.6289,0.376267
16020000,48,212.467,-21660.4,39.899,0.379667
16035000,62,270.675,-21651,65.3092,0.370183
16050000,63,265.056,-21685.1,58.2815,0.387222
16065000,51,229.19,-21644.7,46.5457,0.384667
16080000,47,199.156,-21659.7,54.9292,0.3642
16095000,57,249.23,-21649.2,56.2225,0.376
16110000,62,241.06,-21659.9,64.5479,0.396717
16125000,65,289.004,-21652,51.0239,0.382562
16140000,68,287.423,-21667,50.3987,0.398467
16155000,65,271.564,-21636.4,57.1606,0.384567
16170000,75,322.813,-21651.5,84.2331,0.3902
16185000,73,315.091,-21649.5,93.4096,0.3885
16200000,75,317.435,-21638.6,69.9793,0.3908
16215000,67,299.045,-21634.9,68.2729,0.394422
16230000,71,302.73,-21646.6,74.8274,0.390833
16245000,65,272.772,-21653.7,79.337,0.3881
16260000,73,305.699,-21682.4,82.3288,0.3834
16275000,74,307.622,-21648.8,71.969,0.4086
16290000,82,357.966,-21660.1,94.4984,0.398
16305000,86,387.362,-21646.6,81.8797,0.398773
16320000,73,319.21,-21648.9,70.7716,0.404033
16335000,67,294.827,-21686.3,59.1258,0.408933
16350000,68,285.411,-21651.5,65.9383,0.403467
16365000,58,260.716,-21649.4,42.1825,0.4
16380000,77,350.437,-21627.4,78.6965,0.400267
16395000,74,311.913,-21636.9,76.6938,0.389478
16410000,69,301.6,-21642.7,78.7696,0.3866
16425000,76,329.466,-21641.7,87.9626,0.397467
16440000,73,328.034,-21641.9,81.4315,0.394567
16455000,79,331.489,-21673.4,72.8239,0.402533
16470000,64,293.66,-21674.7,56.6892,0.395633
16485000,54,218.492,-21669.7,55.449,0.372277
16500000,64,288.524,-21663.6,72.7506,0.376067
16515000,79,351.702,-21666.3,86.7948,0.401111
16530000,70,307.69,-21697,69.6981,0.397267
16545000,50,214.709,-21671.9,45.3318,0.395322
16560000,55,236.778,-21675.2,57.8426,0.369433
16575000,63,292.717,-21680.5,62.0909,0.379978
16590000,69,305.832,-21661.6,74.5455,0.392067
16605000,74,311.873,-21682.6,86.4371,0.4002
16620000,61,279.281,-21673.7,56.1224,0.404756
16635000,55,239.999,-21670.1,38.3086,0.383467
16650000,63,290.597,-21656.4,71.8184,0.386978
16665000,64,300.129,-21667.8,47.9761,0.3835
16680000,68,310.32,-21631.9,54.1395,0.392807
16695000,68,318.947,-21660.1,59.1764,0.3822
16710000,56,229.899,-21656.4,55.7646,0.37595
16725000,56,242.59,-21653.7,57.9131,0.379733
16740000,58,265.19,-21651.9,64.736,0.38112
16755000,65,286.426,-21619.2,73.2095,0.379867
16770000,66,283.655,-21630.8,68.2606,0.3858
16785000,65,293.832,-21650.1,76.9681,0.368283
16800000,71,309.566,-21626.2,71.0523,0.392767
16815000,76,341.629,-21618.6,66.6955,0.383667
16830000,79,339.254,-21619.8,64.7081,0.401267
16845000,79,355.67,-21619.2,72.504,0.403
16860000,101,456.763,-21609.1,96.6542,0.397
16875000,98,412.635,-21614.6,93.7625,0.4154
16890000,90,411.056,-21607.4,77.8595,0.405133
16905000,72,324.12,-21639.4,67.3665,0.403067
16920000,69,317.348,-21619.7,58.8272,0.392317
16935000,71,313.895,-21644,66.8931,0.390767
16950000,76,345.91,-21631.7,95.3692,0.395133
16965000,79,364.474,-21649.9,82.6632,0.391933
16980000,72,329.647,-21647.3,77.8638,0.402133
16995000,80,348.256,-21643.1,81.3606,0.406667
17010000,82,349.928,-21632.9,84.7658,0.398467
17025000,74,312.868,-21637.2,79.9852,0.390567
17040000,74,325.274,-21656.1,59.6778,0.392133
17055000,66,282.193,-21647,66.8134,0.3932
17070000,63,294.405,-21609.4,64.3748,0.394283
17085000,66,279.737,-21658.7,69.5358,0.3922
17100000,60,246.034,-21634,71.5308,0.380967
17115000,66,288.564,-21647.3,66.3995,0.3848
17130000,67,289.261,-21647.9,87.1895,0.386044
17145000,64,281.73,-21647.1,70.3191,0.377338
17160000,69,300.085,-21671.8,64.4221,0.387867
17175000,61,275.811,-21653.7,55.5992,0.389033
17190000,63,261.269,-21647.5,61.1085,0.38
17205000,61,257.367,-21672.9,76.3588,0.390333
17220000,66,300.393,-21639.8,73.3016,0.395183
17235000,53,242.475,-21676.4,41.6153,0.372356
17250000,64,284.16,-21649.5,66.775,0.393567
17265000,61,270.683,-21643.7,65.626,0.388733
17280000,54,242.719,-21646.1,63.13,0.377911
17295000,57,263,-21670.1,53.6182,0.388911
17310000,69,319.556,-21678.2,71.6811,0.386333
17325000,70,303.611,-21662.9,68.4951,0.394267
17340000,68,303.315,-21637,54.9231,0.389933
17355000,70,308.881,-21632.4,76.0513,0.390667
17370000,48,221.078,-21679.4,46.4073,0.385417
17385000,51,229.87,-21651.5,48.4537,0.360067
17400000,60,262.976,-21674,62.5759,0.373422
17415000,55,243.344,-21683.1,46.335,0.382059
17430000,62,267.101,-21683.2,71.0575,0.390567
17445000,66,292.329,-21666.6,70.7957,0.397067
17460000,76,333.388,-21669.1,83.6416,0.397022
17475000,59,244.306,-21652,61.8275,0.383411
17490000,68,287.113,-21654.6,72.5254,0.400333
17505000,66,276.517,-21642.5,68.729,0.3898
17520000,70,291.631,-21634.3,71.5241,0.402467
17535000,74,315.008,-21662.1,77.5758,0.396267
17550000,66,296.186,-21653.3,53.2984,0.38856
17565000,83,378.918,-21630.8,99.4362,0.4122
17580000,70,296.613,-21639,75.0743,0.396378
17595000,79,338.659,-21628.5,88.4459,0.405167
17610000,79,336.386,-21631.3,73.9866,0.388333
17625000,84,361.793,-21631.2,90.038,0.397
17640000,77,339.135,-21629.1,71.8134,0.400333
17655000,79,331.233,-21640.7,80.0647,0.397679
17670000,80,351.404,-21632.6,77.6435,0.395367
17685000,70,337.385,-21631.6,71.6736,0.386733
17700000,68,299.663,-21661.9,70.1865,0.3904
17715000,67,288.181,-21635.4,65.3569,0.3814
17730000,56,248.626,-21671.2,42.4233,0.3812
17745000,54,249.345,-21666.9,45.7335,0.369267
17760000,62,267.58,-21652.8,57.7242,0.389853
17775000,58,255.016,-21643.7,66.5303,0.3806
17790000,55,221.601,-21657.2,50.9391,0.3822
17805000,70,299.503,-21642.3,61.8424,0.399333
17820000,66,282.505,-21671.8,64.0625,0.405467
17835000,51,228.942,-21666.4,38.1679,0.388667
17850000,60,271.154,-21662.2,63.4257,0.386938
17865000,44,187.124,-21674.9,43.22,0.3701
17880000,50,221.653,-21676.6,49.6602,0.359733
17895000,52,236.673,-21661.9,42.2661,0.380511
17910000,79,347.178,-21672.2,84.6273,0.3961
17925000,72,318.418,-21669.3,63.8765,0.401
17940000,60,278.576,-21666.6,56.1788,0.4004
17955000,69,300.297,-21674.8,64.5647,0.3914
17970000,65,279.919,-21661.4,55.7647,0.407133
17985000,61,275.565,-21672.2,51.0288,0.393878
18000000,57,261.028,-21701,42.8231,0.391967
18015000,51,224.596,-21679.4,66.281,0.390533
18030000,66,273.517,-21644.9,78.326,0.38585
18045000,64,293.898,-21651,66.5294,0.3945
18060000,71,298.279,-21649.9,60.4235,0.3988
18075000,66,298.865,-21664.4,54.6092,0.3838
18090000,53,216.142,-21692.9,50.5384,0.39296
18105000,61,266.546,-21652.7,62.6994,0.388293
18120000,70,298.837,-21678.8,54.8635,0.397533
18135000,49,223.905,-21649.7,54.3832,0.38945
18150000,58,259.872,-21660.2,75.0833,0.3802
18165000,56,250.754,-21650.5,56.8161,0.376356
18180000,66,294.656,-21661.7,71.8139,0.383667
18195000,56,253.956,-21663.6,52.6978,0.389233
18210000,64,282.163,-21654.2,73.8354,0.392867
18225000,54,220.483,-21683.6,61.0275,0.390593
18240000,61,276.36,-21650,60.0971,0.378333
18255000,57,260.068,-21647.7,50.1792,0.387533
18270000,48,215.417,-21641.5,44.6944,0.378
18285000,55,241.156,-21658.2,54.7972,0.379333
18300000,52,237.527,-21686.7,51.0007,0.384627
18315000,47,188.295,-21693.9,42.896,0.385733
18330000,53,222.344,-21696.2,57.6807,0.372778
18345000,48,212.03,-21686,50.7916,0.382533
18360000,46,204.621,-21692.4,41.0423,0.3776
18375000,52,245.039,-21690.5,58.4991,0.383
18390000,58,241.275,-21718.1,57.9782,0.377707
18405000,50,215.103,-21719.1,47.6312,0.380356
18420000,65,278.646,-21697,69.7996,0.398633
18435000,50,223.125,-21677,54.6698,0.38305
18450000,50,225.175,-21717.6,59.172,0.391244
18465000,44,198.362,-21711.4,50.2119,0.384111
18480000,57,254.052,-21724.1,55.2265,0.392756
18495000,54,231.28,-21695.1,42.3585,0.396033
18510000,56,228.831,-21695,46.8031,0.408533
18525000,54,245.023,-21705.5,52.4154,0.390822
18540000,58,259.619,-21677.8,54.5249,0.394
18555000,55,221.043,-21680,47.0172,0.388844
18570000,49,212.064,-21697.3,58.6859,0.3865
18585000,52,225.434,-21707.1,52.319,0.3948
18600000,64,302.399,-21673.3,69.797,0.398467
18615000,61,263.833,-21663.4,65.8613,0.388
18630000,70,289.545,-21669.4,64.2026,0.398667
18645000,58,263.084,-21725.7,50.4148,0.395036
18660000,52,229.283,-21701.8,55.4417,0.390613
18675000,70,303.084,-21657.6,82.856,0.398533
18690000,67,286.372,-21669.5,65.8075,0.3957
18705000,54,241.329,-21672,72.1463,0.395117
18720000,55,253.041,-21677.7,51.2649,0.380044
18735000,49,214.639,-21660.6,49.879,0.384767
18750000,54,251.196,-21671.1,68.2482,0.381
18765000,69,305.31,-21666.7,67.0421,0.376967
18780000,54,246.634,-21672.9,48.763,0.4023
18795000,59,244.621,-21684.6,57.8077,0.389143
18810000,76,345.328,-21652.4,64.3229,0.397756
18825000,56,255.268,-21678.3,59.613,0.392867
18840000,59,256.493,-21667.1,61.523,0.376
18855000,61,267.044,-21681.5,52.1185,0.382253
18870000,74,321.213,-21632,80.3859,0.40485
18885000,75,320.079,-21651.3,62.7983,0.397067
18900000,57,244.276,-21635.9,60.4518,0.3848
18915000,68,299.347,-21667.2,68.1231,0.3936
18930000,53,220.081,-21666.2,46.9146,0.380356
18945000,56,243.121,-21656.7,42.8596,0.374667
18960000,60,269.369,-21681.6,56.3191,0.394022
18975000,61,272.23,-21709.2,55.2614,0.402867
18990000,50,209.263,-21679.9,48.5102,0.386622
19005000,48,205.117,-21691,42.8201,0.374733
19020000,63,274.124,-21693.2,73.7823,0.398222
19035000,65,288.267,-21664,76.7588,0.403933
19050000,54,235.179,-21694.9,49.5646,0.4104
19065000,45,214.356,-21699.5,41.7269,0.381933
19080000,49,210.527,-21684.5,58.1798,0.388
19095000,38,171.335,-21698.8,29.3407,0.3573
19110000,53,220.277,-21673,53.6629,0.375448
19125000,50,221.569,-21703.9,46.0444,0.380333
19140000,67,285,-21672.4,58.2175,0.388267
19155000,68,296.83,-21658,81.0736,0.413867
19170000,64,275.948,-21670.9,68.0606,0.407533
19185000,73,318.448,-21653.2,74.5865,0.394167
19200000,70,313.109,-21651.9,68.8405,0.408067
19215000,70,307.118,-21644.5,63.4262,0.3964
19230000,60,252.893,-21683,57.035,0.382311
19245000,71,317.06,-21649,64.5893,0.364827
19260000,72,326.397,-21639,73.5388,0.401511
19275000,75,329.934,-21659.2,91.7565,0.407533
19290000,68,277.711,-21660.4,76.1752,0.397133
19305000,68,291.086,-21656.1,67.8428,0.411
19320000,59,263.105,-21658.5,56.4826,0.404033
19335000,55,220.338,-21662,31.6861,0.385267
19350000,67,291.463,-21650.6,59.4984,0.395133
19365000,66,279.016,-21647.9,60.3488,0.382467
19380000,61,235.101,-21653.9,69.965,0.383067
19395000,87,383.762,-21651.2,75.8519,0.400244
19410000,65,270.508,-21666.5,56.3916,0.395467
19425000,58,268.455,-21668.4,55.5108,0.38455
19440000,51,203.801,-21675.5,44.1066,0.401567
19455000,81,349.308,-21661.8,89.722,0.4072
19470000,63,262.977,-21663.8,58.1882,0.401867
19485000,59,258.954,-21635,73.588,0.387567
19500000,58,260.546,-21647.9,58.3934,0.374467
19515000,68,275.926,-21645.5,76.2072,0.387787
19530000,73,320.221,-21691.7,89.9465,0.392833
19545000,65,271.017,-21657.6,61.2666,0.404356
19560000,71,303.271,-21659.3,57.9077,0.4082
19575000,70,319.047,-21675.3,72.4294,0.408133
19590000,62,290.297,-21668.9,56.0446,0.409
19605000,57,241.851,-21643,58.5784,0.3955
19620000,54,237.798,-21646.5,66.905,0.38
19635000,67,293.911,-21651.5,59.7697,0.400895
19650000,58,245.87,-21679.8,47.8226,0.390933
19665000,63,269.83,-21657.1,59.9693,0.394667
19680000,57,224.258,-21639.1,57.6385,0.3824
19695000,64,291.029,-21671,67.3276,0.3946
19710000,54,233.701,-21674,48.1944,0.3935
19725000,51,242.342,-21677.6,48.3434,0.389333
19740000,68,287.831,-21668.6,70.4771,0.3973
19755000,45,184.71,-21697.7,39.4461,0.3955
19770000,72,320.49,-21656.4,78.7391,0.388267
19785000,65,284.103,-21632.7,70.9652,0.4008
19800000,64,284.473,-21645.1,66.9165,0.394
19815000,64,286.959,-21664.1,60.6609,0.3828
19830000,54,230.846,-21657,63.8794,0.3984
19845000,64,284.867,-21665.6,66.6312,0.394389
19860000,64,297.465,-21671.1,72.0339,0.4022
19875000,60,250.194,-21662,61.8517,0.38624
19890000,57,253.18,-21655.4,67.5077,0.388917
19905000,58,250.299,-21657.8,70.3952,0.3842
19920000,70,304.279,-21668,58.6697,0.393933
19935000,56,254.447,-21690.3,55.7965,0.398093
19950000,46,211.412,-21660.1,47.4413,0.391867
19965000,55,235.637,-21662.4,46.2682,0.3931
19980000,57,261.341,-21671.3,51.3645,0.379533
19995000,64,276.739,-21681.9,65.1723,0.391133
20010000,65,295.951,-21645.2,56.2977,0.382267
20025000,58,263.186,-21654.3,53.4613,0.3923
20040000,65,299.505,-21667.8,77.3724,0.390533
20055000,58,248.056,-21655.7,60.3226,0.3855
20070000,59,248.905,-21672.1,61.5732,0.376687
20085000,55,241.517,-21662.9,51.0942,0.381767
20100000,67,289.178,-21644.9,79.3801,0.396667
20115000,68,290.872,-21663.8,69.7013,0.389667
20130000,66,288.492,-21671,69.7336,0.392
20145000,67,286.734,-21661.2,63.7193,0.383095
20160000,65,284.043,-21637.1,74.4281,0.402444
20175000,65,281.905,-21670.3,72.2317,0.392433
20190000,69,312.116,-21633,58.0376,0.388867
20205000,74,335.606,-21647.4,60.8104,0.394133
20220000,65,289.559,-21634,50.5441,0.392133
20235000,69,303.615,-21632.9,89.832,0.393067
20250000,70,305.29,-21660.5,71.7141,0.399333
20265000,65,295.456,-21659,64.3,0.390989
20280000,60,274.523,-21653.8,69.7207,0.402867
20295000,60,264.932,-21649.1,56.188,0.404556
20310000,61,248.361,-21650.2,79.9443,0.3772
20325000,74,320.777,-21650.6,75.6886,0.400811
20340000,79,336.042,-21653.3,65.9313,0.399
20355000,61,274.988,-21634.4,52.2847,0.389556
20370000,59,261.02,-21642.1,71.6374,0.383367
20385000,61,270.349,-21644,55.5845,0.3888
20400000,68,290.62,-21667,76.0047,0.3976
20415000,61,272.971,-21668.8,59.6458,0.389267
20430000,73,326.895,-21672.7,84.265,0.388067
20445000,71,328.138,-21654,67.3762,0.399356
20460000,61,276.588,-21646.5,53.6853,0.383667
20475000,61,277.681,-21674.7,64.7739,0.383283
20490000,77,352.201,-21639.2,73.9854,0.389067
20505000,62,255.924,-21664.8,62.9785,0.400933
20520000,67,285.551,-21643.3,65.3561,0.390967
20535000,80,361.569,-21655.3,74.9075,0.401378
20550000,73,332.27,-21671.2,79.4084,0.4007
20565000,69,312.889,-21630.7,65.1719,0.398167
20580000,83,386.019,-21622.2,76.8333,0.392333
20595000,64,280.282,-21661.8,66.3672,0.394711
20610000,71,319.463,-21626.5,78.9078,0.398767
20625000,82,369.837,-21618,98.6821,0.398067
20640000,56,252.813,-21678.5,57.8861,0.388333
20655000,57,253.515,-21671.9,47.1677,0.394333
20670000,72,334.067,-21666.4,73.2171,0.394433
20685000,61,276.13,-21630.4,55.8688,0.386133
20700000,61,271.039,-21650.9,80.6041,0.391633
20715000,63,265.787,-21650.7,64.5595,0.383767
20730000,62,252.315,-21655.6,58.7967,0.390787
20745000,63,281.15,-21641.8,60.4097,0.3857
20760000,74,339.024,-21652.8,71.9305,0.388933
20775000,71,299.017,-21637.6,63.8523,0.38912
20790000,52,233.947,-21649.9,39.0023,0.392767
20805000,60,260.255,-21650.1,61.2347,0.399667
20820000,61,277.293,-21648.7,62.9035,0.387467
20835000,58,251.485,-21661.1,68.8606,0.379333
20850000,51,220.425,-21646.2,49.4177,0.38128
20865000,56,252.717,-21644.9,49.4078,0.368067
20880000,68,307.931,-21661.9,66.467,0.3878
20895000,67,281.775,-21636.7,62.4509,0.372714
20910000,69,286.478,-21664.1,67.9766,0.402733
20925000,69,289.438,-21650.9,61.1392,0.4002
20940000,71,317.258,-21659.2,66.9435,0.390819
20955000,66,284.624,-21645.9,84.3976,0.400467
20970000,61,275.435,-21655.9,59.2886,0.401067
20985000,70,312.196,-21629.8,63.1602,0.392433
21000000,61,277.863,-21646.8,69.4909,0.389067
21015000,58,251.122,-21651.6,65.3391,0.384867
21030000,59,273.017,-21641.7,66.9124,0.371311
21045000,67,291.921,-21626.9,61.1845,0.388533
21060000,57,250.19,-21633.6,50.9221,0.391267
21075000,51,223.583,-21654.9,49.9553,0.385
21090000,64,279.487,-21650.4,65.105,0.380833
21105000,62,275.219,-21642.2,47.2964,0.381853
21120000,63,276.536,-21658.2,57.3114,0.401867
21135000,62,280.213,-21649.5,65.0537,0.393733
21150000,75,323.63,-21657.7,84.2755,0.401867
21165000,62,275.892,-21665.9,57.6599,0.397867
21180000,75,331.231,-21634.4,73.9493,0.392767
21195000,70,310.025,-21633.3,74.6503,0.396733
21210000,58,240.298,-21655.3,64.843,0.3916
21225000,49,215.141,-21661.4,48.4594,0.38466
21240000,57,258.212,-21668.7,59.8183,0.368867
21255000,50,201.884,-21655.6,47.2702,0.3712
21270000,46,187.405,-21662.3,62.183,0.378756
21285000,61,270.753,-21661.7,52.1642,0.388467
21300000,45,180.829,-21664.8,44.4412,0.372889
21315000,66,293.155,-21647.8,61.9506,0.392367
21330000,62,255.413,-21652.6,58.5287,0.383567
21345000,62,257.129,-21628.5,71.4994,0.396
21360000,69,294.76,-21669.8,70.4671,0.403178
21375000,61,265.284,-21665.4,61.5598,0.3858
21390000,81,347.888,-21626.6,81.1186,0.397933
21405000,69,283.113,-21642.7,82.5041,0.395767
21420000,85,383.902,-21654.9,101.997,0.409933
21435000,81,362.206,-21651.7,95.0782,0.41
21450000,75,329.35,-21670.7,84.4804,0.403067
21465000,70,311.543,-21660,72.5595,0.402
21480000,78,334.233,-21663.4,89.4334,0.399867
21495000,64,294.39,-21674.5,80.1085,0.3976
21510000,63,264.825,-21656.6,54.9098,0.39501
21525000,69,291.721,-21654.2,68.3117,0.384233
21540000,67,292.262,-21680.5,58.0442,0.394933
21555000,66,284.761,-21645.3,73.8527,0.399267
21570000,67,308.741,-21649.9,68.101,0.391533
21585000,61,264.663,-21665.8,52.0885,0.398133
21600000,62,267.12,-21673.9,62.8,0.399779
21615000,59,261.812,-21658.4,61.7298,0.3954
21630000,54,228.494,-21656.6,62.6663,0.3824
21645000,47,210.326,-21658.2,50.3003,0.366267
21660000,54,234.916,-21653.2,48.3917,0.373333
21675000,68,307.492,-21659.8,73.8885,0.388867
21690000,70,302.99,-21618.9,63.7156,0.3902
21705000,54,231.951,-21640.9,60.6961,0.377733
21720000,56,228.624,-21655.9,45.3312,0.384867
21735000,65,275.356,-21666.3,66.7727,0.388867
21750000,54,239.235,-21642.1,67.4202,0.381337
21765000,44,176.366,-21703.9,46.0551,0.379448
21780000,55,236.049,-21663.2,55.6264,0.384267
21795000,61,273.862,-21661,62.827,0.3942
21810000,54,243.99,-21662.3,45.9701,0.3766
21825000,48,202.454,-21691,55.2228,0.375427
21840000,50,228.244,-21689.6,59.1335,0.3662
21855000,63,296.308,-21666.8,59.3655,0.383889
21870000,64,277.965,-21659.5,64.7561,0.397867
21885000,67,287.587,-21655.7,72.418,0.387867
21900000,56,246.54,-21664.5,49.3468,0.391667
21915000,48,212.725,-21670.4,48.6695,0.369627
21930000,56,247.285,-21682.3,59.9469,0.383133
21945000,61,259.514,-21656.2,57.4016,0.393333
21960000,74,346.855,-21696,79.8082,0.384667
21975000,56,241.296,-21667.3,58.5489,0.39
21990000,66,290.955,-21669,71.2582,0.382978
22005000,68,288.006,-21668.3,68.1836,0.400133
22020000,60,258.822,-21673.8,63.2931,0.413733
22035000,60,255.976,-21640.6,54.3696,0.39644
22050000,54,250.011,-21633.2,65.1571,0.379933
22065000,47,189.664,-21685.4,43.8985,0.385822
22080000,54,231.439,-21659.1,45.244,0.392248
22095000,68,289.461,-21629.8,63.031,0.380756
22110000,69,307.085,-21650.9,66.6016,0.392267
22125000,70,298.873,-21652.9,61.2678,0.382667
22140000,62,289.631,-21655.7,70.789,0.392333
22155000,77,343.221,-21639,80.8885,0.390333
22170000,66,303.933,-21629.4,57.7914,0.3944
22185000,79,331.703,-21644.1,78.8593,0.387158
22200000,59,250.799,-21681.2,43.283,0.394133
22215000,50,229.019,-21672.3,49.5902,0.386867
22230000,61,245.131,-21641.7,49.8421,0.395053
22245000,78,347.18,-21660.1,71.0969,0.389467
22260000,66,282.608,-21658.7,71.6252,0.405467
22275000,48,225.679,-21688.4,50.7473,0.381017
22290000,42,188.865,-21683.6,42.056,0.393456
22305000,61,269.635,-21683.8,68.4603,0.397267
22320000,74,323.524,-21680.7,75.244,0.400317
22335000,52,222.478,-21681.1,59.5461,0.388167
22350000,50,218.098,-21698.7,42.4482,0.383133
22365000,66,266.205,-21673.5,59.271,0.390667
22380000,66,291.866,-21685.9,76.4799,0.404933
22395000,63,270.935,-21680.4,64.6441,0.416267
22410000,70,288.746,-21689.8,56.6367,0.416
22425000,57,246.039,-21670.9,58.8327,0.391648
22440000,64,285.324,-21652.2,48.7889,0.3888
22455000,48,208.848,-21675.9,50.3666,0.389578
22470000,58,254.513,-21665.2,52.8694,0.389383
22485000,64,282.489,-21694.8,53.0914,0.385333
22500000,56,241.767,-21655.4,56.9904,0.384083
22515000,65,288.12,-21695.7,64.1895,0.394583
22530000,67,304.479,-21658.5,61.7448,0.393033
22545000,67,293.237,-21658.1,62.3078,0.3914
22560000,70,324.314,-21648.6,66.0531,0.3978
22575000,65,289.22,-21662.1,69.1573,0.396767
22590000,59,260.822,-21644.3,58.5546,0.388
22605000,60,257.622,-21666.7,56.3008,0.389667
22620000,59,261.748,-21628.1,63.5036,0.379
22635000,58,243.96,-21649,56.5932,0.387967
22650000,62,289.63,-21655,48.5102,0.3889
22665000,64,280.303,-21646.3,51.3237,0.399067
22680000,62,276.321,-21621.2,66.2663,0.385067
22695000,55,244.672,-21667.9,51.161,0.377467
22710000,71,320.382,-21643.3,64.6088,0.4022
22725000,53,231.452,-21664,55.7658,0.3663
22740000,69,307.833,-21666.7,61.0084,0.390667
22755000,49,230.398,-21682.5,44.9013,0.382167
22770000,64,277.587,-21683.8,55.3625,0.384967
22785000,65,297.953,-21658.3,58.6963,0.396533
22800000,63,285.042,-21688.6,53.8715,0.393333
22815000,63,284.771,-21668.1,61.2994,0.389444
22830000,69,286.631,-21658.2,66.5426,0.3996
22845000,71,313.306,-21654.8,71.5965,0.402822
22860000,53,233.872,-21708.2,50.3639,0.382924
22875000,66,314.935,-21640.4,63.5694,0.400711
22890000,67,275.504,-21646.2,77.3219,0.396733
22905000,55,245.982,-21656.3,47.718,0.3992
22920000,70,314.753,-21662,54.1859,0.386333
22935000,62,275.354,-21662.9,65.2853,0.376222
22950000,68,292.063,-21664.8,52.133,0.391
22965000,78,331.504,-21634.4,75.1064,0.395967
22980000,55,241.191,-21640,43.281,0.387033
22995000,78,338.118,-21644.7,64.7926,0.391367
23010000,70,314.783,-21624.4,69.8289,0.401
23025000,67,294.28,-21646.5,67.6492,0.394844
23040000,81,355.889,-21642.8,76.8942,0.403133
23055000,53,231.986,-21663,37.5999,0.383282
23070000,62,287.955,-21647.8,67.5602,0.383533
23085000,68,307.273,-21614.6,57.3312,0.38464
23100000,66,293.368,-21648.1,59.1086,0.39065
23115000,72,305.98,-21650.5,55.0365,0.393133
23130000,67,290.134,-21646.2,61.2357,0.395333
23145000,58,268.253,-21665.6,61.702,0.397427
23160000,53,237.139,-21681.6,50.1829,0.387533
23175000,55,249.183,-21666.6,58.5975,0.3762
23190000,63,271.964,-21660,63.7912,0.387267
23205000,62,252.323,-21645.5,64.0789,0.368733
23220000,60,260.381,-21643.6,62.9362,0.368133
23235000,56,238.658,-21671.2,67.2235,0.383622
23250000,73,326.259,-21632.8,73.1522,0.3801
23265000,56,223.128,-21639.5,67.1667,0.378383
23280000,73,316.282,-21634.3,94.4845,0.384
23295000,68,296.152,-21644.4,75.4023,0.3837
23310000,64,279.671,-21654.5,69.5952,0.387433
23325000,75,327.407,-21635.6,86.048,0.380333
23340000,61,281.765,-21674.9,55.7526,0.395714
23355000,45,202.225,-21663.9,32.7789,0.393533
23370000,64,261.587,-21624.8,56.4587,0.390978
23385000,61,266.92,-21634.5,51.6915,0.365933
23400000,63,282.29,-21660.6,67.6373,0.385178
23415000,61,266.992,-21660.5,61.4705,0.3914
23430000,78,336.589,-21642.9,85.2516,0.378193
23445000,67,293.384,-21629.1,70.1941,0.392367
23460000,59,266.343,-21658.6,47.4384,0.3908
23475000,77,344.362,-21641.1,81.0925,0.398067
23490000,61,253.887,-21632.4,75.124,0.386567
23505000,54,229.795,-21643.9,52.6062,0.382917
23520000,51,220.708,-21641.5,51.8546,0.3634
23535000,58,252.255,-21647.4,61.3909,0.382667
23550000,67,292.744,-21664,76.9341,0.384133
23565000,57,241.663,-21655.2,65.7536,0.36752
23580000,55,235.416,-21618.9,56.3212,0.3748
23595000,69,319.235,-21629.3,68.9382,0.393489
23610000,64,278.016,-21638.4,74.4555,0.375033
23625000,60,257.661,-21657.2,68.4554,0.378467
23640000,58,259.327,-21637.9,59.0628,0.3814
23655000,69,315.325,-21662.6,73.6749,0.392933
23670000,68,303.494,-21654.7,60.7694,0.3914
23685000,60,276.852,-21643.7,64.458,0.375733
23700000,59,260.73,-21674.3,59.5512,0.379071
23715000,72,325.238,-21640.8,83.4807,0.391833
23730000,78,346.661,-21604.2,71.1116,0.3916
23745000,67,306.143,-21620.3,78.5602,0.388533
23760000,60,261.128,-21649.4,56.6064,0.37832
23775000,59,261.72,-21658.2,62.5689,0.376533
23790000,72,319.138,-21633,80.0304,0.389733
23805000,70,291.725,-21644.2,67.2287,0.387667
23820000,68,318.28,-21658.2,74.9879,0.3954
23835000,62,264.502,-21659.3,70.5979,0.386467
23850000,55,237.922,-21660.6,51.8056,0.399067
23865000,56,251.775,-21654.9,71.0121,0.385456
23880000,62,249.286,-21667.7,64.9374,0.3937
23895000,53,226.282,-21653.4,70.7362,0.368867
23910000,63,277.215,-21667.3,56.0192,0.3958
23925000,57,246.814,-21657.9,52.5159,0.376967
23940000,56,244.348,-21681.5,66.9911,0.3924
23955000,57,232.365,-21655.7,51.8225,0.367967
23970000,58,256.231,-21671,68.3224,0.382533
23985000,58,253.078,-21677.1,69.5653,0.385022
24000000,64,285.693,-21679.8,71.1275,0.385067
24015000,54,233.129,-21671.5,52.5271,0.385096
24030000,53,238.188,-21682.2,59.6829,0.400533
24045000,65,296.587,-21690.7,65.2432,0.3994
24060000,56,262.41,-21704.8,70.7385,0.400267
24075000,49,217.844,-21679.3,47.259,0.378733
24090000,62,271.46,-21673.2,50.6406,0.386242
24105000,51,235.865,-21706.9,52.9385,0.3822
24120000,56,237.575,-21637.7,57.0255,0.383467
24135000,56,217.74,-21645.5,56.6655,0.363733
24150000,57,242.857,-21695,62.3115,0.373267
24165000,48,218.578,-21684.8,55.9208,0.380267
24180000,58,255.859,-21700.2,53.4508,0.3758
24195000,49,211.897,-21693,55.6109,0.359667
24210000,53,224.106,-21674.1,51.7366,0.363973
24225000,49,207.31,-21682.4,50.2161,0.377697
24240000,63,279.026,-21668.9,66.7072,0.373167
24255000,56,243.814,-21685.6,48.8304,0.36945
24270000,54,225.065,-21693.7,68.6551,0.378778
24285000,53,228.994,-21681.1,61.1464,0.382233
24300000,49,212.576,-21692.4,57.014,0.376467
24315000,59,256.379,-21655.5,54.4062,0.368867
24330000,54,227.209,-21676.5,59.065,0.378133
24345000,65,280.695,-21669.5,69.7534,0.371533
24360000,49,220.165,-21659.1,60.0319,0.3695
24375000,64,285.214,-21675.2,74.5408,0.376133
24390000,52,228.565,-21672.5,43.8943,0.3838
24405000,44,189.327,-21663.9,39.0928,0.3634
24420000,52,228.866,-21653,51.0804,0.37856
24435000,54,234.357,-21680.6,70.9033,0.363367
24450000,56,230.1,-21659.6,71.6882,0.369167
24465000,55,235.372,-21670.9,47.8163,0.384033
24480000,59,258.632,-21620.9,60.9166,0.358267
24495000,50,207.682,-21710.8,43.5936,0.379567
24510000,71,318.131,-21635.9,67.1617,0.376267
24525000,68,296.436,-21629.5,60.2018,0.380067
24540000,71,309.769,-21621.8,61.6365,0.375933
24555000,70,322.581,-21634.4,74.2352,0.385733
24570000,73,313.64,-21628.5,70.9296,0.385467
24585000,51,227.192,-21684.2,44.1986,0.384522
24600000,55,249.659,-21698,51.4847,0.382933
24615000,58,238.641,-21694.7,57.4185,0.387333
24630000,55,240.959,-21685.4,57.7484,0.3974
24645000,57,257.063,-21691.3,62.7219,0.3972
24660000,59,255.999,-21678.9,55.0841,0.393222
24675000,76,328.281,-21666.6,63.3917,0.396867
24690000,81,368.265,-21673.1,81.3333,0.399267
24705000,53,242.226,-21671,55.8382,0.381501
24720000,64,268.61,-21662.4,69.786,0.381033
24735000,62,278.7,-21654.4,69.0927,0.3852
24750000,69,305.099,-21655.5,58.4104,0.397933
24765000,59,254.217,-21665.1,46.8356,0.373233
24780000,66,282.485,-21673.1,68.7431,0.388367
24795000,66,277.215,-21669.5,69.9235,0.393667
24810000,66,285.876,-21673.6,64.4871,0.398333
24825000,60,263.983,-21674.4,51.0851,0.3791
24840000,70,307.248,-21681.6,76.9171,0.411
24855000,67,301.796,-21685.5,52.3363,0.3899
24870000,54,254.918,-21676.7,50.4084,0.381139
24885000,53,228.164,-21656.5,70.2382,0.390167
24900000,64,275.086,-21687.6,66.0686,0.364933
24915000,57,253.425,-21698.9,48.0438,0.397156
24930000,50,225.363,-21689.1,55.1953,0.390467
24945000,82,340.651,-21677.9,90.6966,0.397714
24960000,67,291.992,-21659.4,56.8716,0.388067
24975000,66,291.438,-21646.5,87.8521,0.3936
24990000,50,218.159,-21670.4,65.1822,0.389967
25005000,55,245.174,-21655.8,45.8534,0.3746
25020000,55,222.643,-21686.9,59.5024,0.39664
25035000,67,304.419,-21648.9,85.6053,0.388267
25050000,71,315.357,-21691.7,75.4603,0.387733
25065000,63,282.956,-21655.2,62.2498,0.382867
25080000,65,309.514,-21643.5,67.4937,0.3896
25095000,56,246.378,-21647.2,59.7367,0.381733
25110000,56,237.065,-21664.6,66.6455,0.38739
25125000,58,250.841,-21646.5,71.7579,0.393107
25140000,60,263.953,-21685.6,73.391,0.388
25155000,60,261.405,-21652.3,51.4907,0.378433
25170000,61,257.424,-21674.4,56.2194,0.3989
25185000,54,246.559,-21700,67.3592,0.4074
25200000,58,264.001,-21669.7,63.7292,0.386133
25215000,61,271.485,-21670.2,75.8007,0.382133
25230000,46,206.573,-21707.2,39.5113,0.383492
25245000,60,263.809,-21680.2,57.6023,0.39535
25260000,53,241.821,-21688.4,53.2038,0.385333
25275000,54,245.179,-21676,56.6545,0.375783
25290000,41,185.052,-21685.6,48.4374,0.384267
25305000,53,233.9,-21672.6,63.0222,0.3892
25320000,55,241.717,-21678.5,62.2763,0.382933
25335000,69,301.108,-21670.3,68.573,0.3876
25350000,82,357.194,-21664.3,86.2949,0.4034
25365000,74,313.986,-21648.1,76.8901,0.399467
25380000,77,335.367,-21658.8,66.4949,0.401867
25395000,66,266.658,-21674.7,60.7364,0.4038
25410000,64,269.339,-21668.3,56.2342,0.395133
25425000,60,262.081,-21666,54.4807,0.3748
25440000,61,264.332,-21668.7,64.3721,0.382067
25455000,54,242.065,-21686.5,56.5497,0.374648
25470000,57,248.712,-21704.5,57.7059,0.398067
25485000,64,296.189,-21660.4,68.695,0.382822
25500000,50,226.021,-21684.2,37.7163,0.380667
25515000,53,252.028,-21684.4,54.1006,0.387133
25530000,56,253.014,-21712.3,54.1365,0.380459
25545000,50,224.05,-21689.3,42.2639,0.379933
25560000,55,254.203,-21684.1,59.8666,0.38635
25575000,50,227.563,-21680.2,47.5283,0.3694
25590000,63,280.557,-21669,68.5871,0.382633
25605000,54,248.13,-21688.3,52.1901,0.380813
25620000,61,262.818,-21664.1,64.3448,0.387489
25635000,66,301.09,-21655.6,67.3788,0.393356
25650000,57,258.42,-21665.9,70.9202,0.387367
25665000,57,249.822,-21659,56.0219,0.398033
25680000,59,246.052,-21661.4,60.3471,0.3835
25695000,80,360.587,-21638.3,83.6852,0.396844
25710000,72,321.806,-21626.2,61.0431,0.393667
25725000,51,234.366,-21668.7,49.249,0.3766
25740000,88,371.024,-21635.1,92.0289,0.3998
25755000,85,360.494,-21638.7,103.528,0.4044
25770000,69,304.569,-21637.2,58.2773,0.392533
25785000,79,335.271,-21638.2,82.6616,0.3936
25800000,49,223.552,-21668.6,59.3976,0.383013
25815000,62,272.967,-21673.5,66.3624,0.386373
25830000,64,280.75,-21647.9,57.5481,0.404978
25845000,60,260.841,-21673.5,56.7392,0.378578
25860000,61,279.892,-21650.9,57.0656,0.387889
25875000,65,292.704,-21666.8,67.8845,0.401711
25890000,60,261.275,-21650.5,63.8853,0.4026
25905000,65,295.358,-21662,66.7538,0.405067
25920000,66,302.297,-21664.6,67.9377,0.384493
25935000,76,338.8,-21673,83.6266,0.407467
25950000,73,317.353,-21662.5,70.5264,0.400533
25965000,72,322.596,-21641.9,63.9102,0.3998
25980000,63,281.02,-21649.9,59.4396,0.40196
25995000,65,286.413,-21649.8,71.282,0.394333
26010000,75,337.443,-21624.4,66.9225,0.408867
26025000,75,310.032,-21664.2,76.0941,0.412733
26040000,63,293.764,-21678.1,57.1357,0.386573
26055000,82,369.819,-21639.5,85.7946,0.396446
26070000,80,355.502,-21641.2,83.7759,0.417467
26085000,68,302.98,-21673.7,59.5497,0.4068
26100000,66,304.046,-21657.1,72.0979,0.3908
26115000,66,284.43,-21654.1,65.4772,0.3934
26130000,54,239.684,-21673,63.3311,0.387867
26145000,52,239.599,-21671.9,37.6617,0.383152
26160000,60,252.997,-21672.4,58.8273,0.38728
26175000,75,343.677,-21634.3,93.3316,0.392111
26190000,56,232.769,-21651.4,58.6654,0.389067
26205000,64,271.264,-21651.1,49.7881,0.401433
26220000,57,244.672,-21648.3,63.6756,0.3872
26235000,72,310.973,-21639.4,66.4111,0.379311
26250000,71,318.888,-21643.8,67.4772,0.394733
26265000,60,265.217,-21673,59.4813,0.373208
26280000,89,394.369,-21637.5,90.0362,0.401267
26295000,62,253.171,-21655.1,63.6582,0.3954
26310000,64,278.93,-21673.3,66.7935,0.387333
26325000,76,335.829,-21651.6,84.1418,0.387533
26340000,79,330.586,-21668.9,85.9824,0.402533
26355000,64,286.669,-21645.4,73.9184,0.384333
26370000,46,207.889,-21680.5,42.7085,0.376095
26385000,92,403.433,-21633.6,73.7899,0.3989
26400000,57,263.015,-21681.4,46.7522,0.382189
26415000,78,346.157,-21638.3,81.3681,0.4118
26430000,50,230.625,-21696.8,51.6144,0.370333
26445000,63,267.124,-21631.8,48.3353,0.3979
26460000,66,272.928,-21674.2,71.6824,0.378617
26475000,38,174.426,-21696.2,33.4844,0.370267
26490000,58,253.042,-21645.6,49.8388,0.386844
26505000,56,237.189,-21631.6,57.8823,0.373133
26520000,61,259.116,-21645.6,67.5523,0.372
26535000,71,310.912,-21643.3,64.8637,0.389
26550000,81,364.874,-21664.7,76.6491,0.396267
26565000,79,332.931,-21654.9,83.6074,0.414867
26580000,70,301.828,-21656.9,70.2274,0.403
26595000,62,267.211,-21644.1,72.5814,0.3824
26610000,64,284.577,-21663.6,64.7569,0.388467
26625000,67,291.497,-21642.1,58.9192,0.391091
26640000,59,244.195,-21657.1,58.7436,0.3967
26655000,59,258.319,-21630.5,46.1064,0.387033
26670000,74,325.992,-21630.8,68.4626,0.399667
26685000,73,309.731,-21653.6,64.2125,0.386756
26700000,51,220.137,-21682.8,57.9381,0.373436
26715000,65,283.862,-21623.4,71.8239,0.3934
26730000,53,239.898,-21646.6,66.5453,0.381283
26745000,50,219.66,-21646.9,47.3442,0.363867
26760000,65,281.517,-21643.2,74.6254,0.3686
26775000,70,306.335,-21656.6,71.2721,0.3916
26790000,71,317.113,-21655,54.6153,0.405867
26805000,42,196.222,-21691.3,47.7817,0.37699
26820000,53,239.838,-21669.7,66.8522,0.380467
26835000,66,280.146,-21634.2,69.7409,0.398933
26850000,57,239.017,-21651.6,59.2168,0.380333
26865000,60,269.833,-21679.7,70.7648,0.380733
26880000,67,291.878,-21642.8,73.5384,0.3793
26895000,67,289.412,-21641.5,81.9426,0.390933
26910000,54,245.96,-21693.3,50.2048,0.388467
26925000,66,295.224,-21654.3,66.0456,0.402333
26940000,42,198.436,-21709.3,43.4386,0.3738
26955000,74,312.648,-21640.2,83.4829,0.387367
26970000,65,279.534,-21662.9,67.3418,0.371578
26985000,68,296.378,-21647.5,57.8937,0.396633
27000000,54,227.38,-21658,45.4464,0.383767
27015000,57,248.632,-21653.7,56.0964,0.383733
27030000,63,269.991,-21655.1,57.8402,0.386356
27045000,62,273.555,-21655.3,65.4251,0.3895
27060000,80,361.585,-21643.1,80.3231,0.3906
27075000,69,319.988,-21627.8,64.4574,0.386733
27090000,59,261.334,-21667.8,46.8056,0.381178
27105000,88,407.195,-21637.7,100.76,0.401967
27120000,66,289.685,-21633.9,75.3457,0.4058
27135000,76,326.372,-21614.4,68.1022,0.3836
27150000,71,303.234,-21632.9,68.5316,0.394133
27165000,62,285.313,-21634.3,59.1363,0.397467
27180000,68,297.326,-21630.9,70.2548,0.398733
27195000,51,218.929,-21652,55.7829,0.382267
27210000,59,249.861,-21649.1,70.5884,0.384193
27225000,62,279.247,-21644,75.4456,0.380067
27240000,63,278.418,-21649.7,76.4088,0.379
27255000,65,296.793,-21658.1,53.7089,0.388
27270000,54,232.768,-21680.3,51.6173,0.38495
27285000,74,325.384,-21630.4,84.0479,0.397667
27300000,71,317.849,-21635.4,62.1464,0.395467
27315000,55,250.19,-21679.7,53.4166,0.3793
27330000,60,277.659,-21651.9,54.9016,0.392467
27345000,64,295.332,-21653.5,57.9649,0.3742
27360000,80,374.683,-21652.2,80.6422,0.3985
27375000,60,253.904,-21663,67.9018,0.389217
27390000,57,257.885,-21653.7,76.3503,0.3942
27405000,59,259.176,-21652,55.9759,0.3882
27420000,66,298.202,-21635.7,75.0955,0.3912
27435000,71,315.79,-21623.8,87.0777,0.398867
27450000,74,303.372,-21623.7,78.8393,0.406
27465000,65,300.711,-21651.8,64.7222,0.382217
27480000,65,267.861,-21638.9,62.5908,0.3909
27495000,63,288.236,-21644,63.835,0.381867
27510000,75,337.055,-21649.4,73.6831,0.394667
27525000,84,376.074,-21639.2,79.9637,0.4142
27540000,62,273.588,-21662.7,68.8209,0.38984
27555000,71,338.228,-21658.4,66.0964,0.4079
27570000,71,328.048,-21656.4,59.7392,0.410133
27585000,80,363.793,-21663.2,86.1235,0.411133
27600000,70,308.293,-21661.2,78.1746,0.407467
27615000,65,289.961,-21671.4,67.2867,0.39156
27630000,76,339.107,-21653,69.41,0.4018
27645000,76,330.724,-21642.1,71.0902,0.4016
27660000,84,362.552,-21664.8,79.6353,0.404933
27675000,74,329.393,-21649.7,91.5288,0.4108
27690000,71,320.174,-21651.4,63.799,0.395133
27705000,65,283.769,-21624.6,66.4019,0.3998
27720000,68,296.188,-21630.2,68.6552,0.378667
27735000,55,233.894,-21619,60.5614,0.3878
27750000,65,283.333,-21659.7,69.677,0.378467
27765000,63,270.941,-21664.2,65.9868,0.39316
27780000,64,276.818,-21664.4,48.8179,0.385633
27795000,73,315.395,-21643.6,68.5933,0.3782
27810000,70,316.891,-21669.8,75.8613,0.389133
27825000,72,306.432,-21643.7,71.2408,0.382733
27840000,71,330.328,-21648.5,75.1485,0.394133
27855000,72,302.933,-21636.3,75.6307,0.392267
27870000,65,282.869,-21647,64.1489,0.3872
27885000,75,329.086,-21642.1,64.3187,0.391867
27900000,69,309.988,-21630.3,64.526,0.393533
27915000,77,339.733,-21634.3,72.1666,0.397333
27930000,66,304.236,-21640.3,65.4325,0.4
27945000,61,259.12,-21631.1,59.9612,0.380333
27960000,43,185.101,-21663.2,45.0837,0.390456
27975000,67,297.664,-21631.8,80.9971,0.388733
27990000,70,316.309,-21640.2,53.729,0.397067
28005000,65,262.072,-21655.6,66.4271,0.386442
28020000,67,293.853,-21634,67.5425,0.395867
28035000,53,233.767,-21692.5,52.9127,0.384253
28050000,71,307.288,-21650.9,82.9991,0.3866
28065000,69,302.676,-21644.9,69.6679,0.408733
28080000,70,294.46,-21658.5,74.7944,0.387373
28095000,63,272.192,-21652.7,63.1733,0.4074
28110000,62,267.543,-21647.4,60.0718,0.4074
28125000,67,292.794,-21644.5,73.5746,0.387653
28140000,60,262.207,-21693.3,56.4231,0.3996
28155000,49,218.666,-21677,52.814,0.379489
28170000,54,224.566,-21696.6,48.3115,0.3832
28185000,58,257.39,-21685.3,52.771,0.392067
28200000,60,248.693,-21648.7,50.0242,0.38512
28215000,59,272.387,-21654.4,59.0971,0.384133
28230000,68,308.677,-21658.6,79.4574,0.377533
28245000,57,238.763,-21656.3,45.7508,0.392
28260000,63,259.306,-21684.1,51.5439,0.384573
28275000,63,274.882,-21643.8,63.6327,0.3848
28290000,56,244.546,-21665.5,60.7721,0.3734
28305000,58,249.364,-21662,54.4536,0.384733
28320000,65,275.777,-21675.5,63.8028,0.401283
28335000,55,227.349,-21673.6,47.233,0.385967
28350000,45,181.213,-21683.1,41.0934,0.383967
28365000,46,201.506,-21670.7,44.2414,0.3814
28380000,57,244.336,-21677.5,71.4867,0.391567
28395000,49,216.673,-21669.9,54.1556,0.384267
28410000,54,243.965,-21657.7,54.0847,0.3878
28425000,54,240.075,-21672.6,39.263,0.392978
28440000,49,219.024,-21705.2,44.2267,0.3984
28455000,62,263.742,-21690,70.7591,0.382133
28470000,55,257.344,-21664.1,68.9521,0.387552
28485000,59,257.115,-21657.3,54.5547,0.3914
28500000,71,313.487,-21662.1,84.4842,0.392933
28515000,65,280.973,-21650.3,62.5202,0.389867
28530000,68,291.656,-21647.9,76.9044,0.3894
28545000,70,304.018,-21679.8,65.1735,0.410433
28560000,72,311.724,-21652.2,69.016,0.406033
28575000,67,276.258,-21673.7,70.3541,0.389556
28590000,43,163.406,-21698.6,52.9355,0.391467
28605000,45,187.32,-21674.6,37.8727,0.367867
28620000,67,282.205,-21650.6,56.1539,0.3946
28635000,66,292.015,-21663.5,61.2163,0.390883
28650000,68,291.461,-21661,61.7682,0.4115
28665000,66,280.549,-21660,52.033,0.413
28680000,51,208.335,-21669.7,47.5333,0.37812
28695000,63,268.656,-21669.9,79.8968,0.395767
28710000,60,265.729,-21660.4,47.839,0.387893
28725000,62,266.877,-21651.8,54.8095,0.405333
28740000,64,270.114,-21648.9,66.7142,0.380667
28755000,47,213.321,-21651.3,35.8657,0.387867
28770000,66,269.665,-21647.5,76.293,0.3866
28785000,77,327.033,-21638.3,83.3598,0.407333
28800000,82,352.574,-21610.7,76.3843,0.406933
28815000,87,381.449,-21627.3,96.1986,0.405267
28830000,75,336.862,-21638.8,70.6699,0.399667
28845000,78,341.088,-21609.8,73.0425,0.398533
28860000,65,287.219,-21637,65.144,0.396655
28875000,77,332.491,-21607.4,82.2885,0.3945
28890000,77,313.434,-21613.1,86.2109,0.399867
28905000,74,312.017,-21602.4,69.0571,0.3964
28920000,53,228.446,-21667.1,58.2602,0.376829
28935000,80,360.82,-21624,85.2796,0.405033
28950000,71,316.085,-21617.8,66.4298,0.391067
28965000,68,294.895,-21658.1,48.5445,0.389905
28980000,81,353.316,-21624.7,82.1635,0.398067
28995000,64,283.389,-21655.7,57.1764,0.391133
29010000,91,394.84,-21622.5,104.994,0.413133
29025000,109,481.404,-21616.8,117.721,0.410267
29040000,85,361.41,-21616.6,75.9611,0.416
29055000,82,353.795,-21627.2,89.3182,0.401133
29070000,90,388.3,-21626.9,94.1933,0.419733
29085000,88,391.643,-21620.4,90.3699,0.414267
29100000,83,369.196,-21626.2,72.6861,0.4062
29115000,81,352.935,-21616,69.8899,0.409267
29130000,66,289.982,-21648,68.4661,0.38609
29145000,80,338.365,-21677.2,82.7219,0.395633
29160000,79,326.379,-21641.5,80.3625,0.4114
29175000,85,374.22,-21638.6,82.3188,0.411933
29190000,85,378.614,-21652.8,82.5409,0.418
29205000,80,372.001,-21646.9,73.7181,0.416667
29220000,76,362.139,-21662.2,68.1618,0.413333
29235000,72,332.008,-21642.2,65.3305,0.420667
29250000,64,277.995,-21668.9,57.9687,0.381596
29265000,87,373.019,-21649.3,88.1354,0.422533
29280000,59,250.055,-21657.7,59.4091,0.3889
29295000,69,304.432,-21658.3,62.0987,0.416933
29310000,56,236.034,-21652.8,49.1518,0.372033
29325000,54,231.45,-21657.4,68.5289,0.362467
29340000,63,270.194,-21654.8,68.8512,0.389467
29355000,62,277.77,-21666.6,61.4872,0.381511
29370000,64,301.803,-21683.3,55.0809,0.3943
29385000,57,242.804,-21688.1,57.6668,0.387278
29400000,58,254.325,-21659.8,61.2322,0.382833
29415000,67,292.352,-21687.5,79.7155,0.394767
29430000,67,294.729,-21664.2,63.4936,0.380693
29445000,73,334.426,-21658.4,89.3821,0.402867
29460000,72,323.536,-21650.5,64.4599,0.405967
29475000,53,226.874,-21655.6,63.9989,0.391467
29490000,64,288.251,-21651.9,59.8296,0.4068
29505000,60,260.716,-21651.9,52.2504,0.386867
29520000,69,290.006,-21654.9,73.0723,0.395933
29535000,55,248.29,-21663.5,65.6193,0.375967
29550000,67,284.459,-21682.9,72.162,0.397311
29565000,62,272.32,-21676.8,55.3136,0.3867
29580000,63,264.531,-21668.3,72.6464,0.386333
29595000,62,264.844,-21654,63.3234,0.394333
29610000,67,302.767,-21664.4,66.7117,0.392089
29625000,69,299.035,-21664.8,71.145,0.425267
29640000,76,348.9,-21660.2,79.1521,0.406
29655000,56,244.251,-21669.2,49.7671,0.388238
29670000,65,292.479,-21663,57.5568,0.409633
29685000,57,253.975,-21657.6,70.194,0.3874
29700000,64,278.229,-21647.1,62.4656,0.396033
29715000,65,290.899,-21675,58.8523,0.394133
29730000,55,239.554,-21642.2,53.4465,0.384644
29745000,58,243.852,-21664,63.0939,0.3664
29760000,63,275.955,-21680.5,58.3077,0.394956
29775000,70,292.361,-21658,68.7542,0.391533
29790000,74,329.335,-21656,67.6351,0.404433
29805000,80,336.999,-21683.2,70.628,0.4112
29820000,58,241.162,-21659.8,61.6293,0.4066
29835000,59,256.55,-21658.4,66.9257,0.394667
29850000,58,247.773,-21652.6,57.3595,0.3938
29865000,53,229.905,-21689.7,61.4098,0.395867
29880000,62,249.18,-21679.7,71.6135,0.3968
29895000,61,266.504,-21673.5,71.9013,0.390267
29910000,66,290.763,-21673,74.9424,0.394933
29925000,58,236.83,-21670.8,65.4069,0.399333
29940000,51,228.388,-21669.1,47.5055,0.385115
29955000,59,251.536,-21656.1,53.1542,0.397
29970000,59,268.814,-21668.4,54.335,0.3872
29985000,56,253.717,-21644.5,48.342,0.384
