generation,N_shifts,logPrior,logLik,eventRate,acceptRate
0,0,0.641453,-24216,100,0
15000,1,3.32897,-22019.8,1.33461,0.304913
30000,2,10.8712,-22007.2,2.27245,0.309233
45000,8,40.0972,-21969.1,7.06681,0.309504
60000,3,17.3656,-21983.7,5.13374,0.329689
75000,7,30.8436,-21972,4.86242,0.351067
90000,10,41.5151,-21935.2,11.5316,0.332283
105000,12,55.5932,-21916.9,12.3686,0.3613
120000,11,52.253,-21917.7,8.39563,0.307813
135000,14,57.0009,-21887.2,13.7399,0.3577
150000,14,65.2323,-21871.1,16.1821,0.3412
165000,11,52.4026,-21884.9,21.868,0.3214
180000,17,83.1848,-21865,29.5368,0.335711
195000,18,79.5289,-21847.2,24.4998,0.317867
210000,19,86.5634,-21839.7,14.119,0.344267
225000,22,103.297,-21839.8,22.8548,0.339533
240000,22,100.929,-21831.5,29.4499,0.343144
255000,18,79.3841,-21819.2,22.259,0.341067
270000,21,89.9157,-21822.4,20.9834,0.3403
285000,15,60.492,-21849.1,21.5474,0.320167
300000,26,115.986,-21806.4,28.7268,0.367289
315000,22,95.508,-21806.2,19.3622,0.367067
330000,23,94.6265,-21806.9,28.4805,0.372133
345000,17,72.046,-21846.6,15.6936,0.3279
360000,16,66.3951,-21820.5,12.3428,0.340333
375000,27,112.975,-21766.2,28.3687,0.359067
390000,22,91.8044,-21789.9,23.656,0.327208
405000,26,112.604,-21801.2,24.5002,0.332667
420000,26,113.774,-21780.7,41.4504,0.348511
435000,34,145.74,-21776.7,40.9082,0.378
450000,29,126.293,-21761,33.6863,0.355133
465000,31,133.013,-21786.9,32.5295,0.357981
480000,37,166.259,-21755.2,51.6356,0.363633
495000,43,201.774,-21755.5,36.2203,0.408533
510000,49,222.347,-21744,43.2657,0.399867
525000,58,269.303,-21736.6,53.0853,0.401467
540000,64,286.264,-21732.3,63.0905,0.417933
555000,55,255.852,-21734.9,72.7785,0.420067
570000,58,246.967,-21725.9,72.1653,0.414667
585000,45,198.955,-21746,40.8668,0.403067
600000,47,205.652,-21731.1,48.1157,0.391533
615000,30,138.728,-21737.6,21.2858,0.349237
630000,31,139.679,-21738.9,32.105,0.3614
645000,47,192.289,-21744,53.5619,0.392889
660000,36,170.724,-21746.6,41.8528,0.374167
675000,31,120.26,-21738.4,29.8719,0.3851
690000,36,153.748,-21748.6,39.4326,0.351533
705000,42,184.054,-21748.4,40.6575,0.384733
720000,41,182.973,-21756.1,38.3136,0.378733
735000,36,170.825,-21743.7,30.9671,0.368467
750000,43,195.636,-21743.4,49.4673,0.3768
765000,42,185.041,-21711.3,37.0405,0.377495
780000,52,231.768,-21743.9,47.1575,0.390667
795000,51,233.051,-21721.8,57.749,0.3934
810000,54,244.052,-21729,64.0563,0.410467
825000,49,213.232,-21729.5,43.267,0.388133
840000,46,217.527,-21721.4,42.3938,0.35869
855000,41,174.142,-21732.5,32.3409,0.388378
870000,45,199.793,-21734.4,50.9261,0.386422
885000,41,195.753,-21709.7,28.2739,0.3792
900000,45,206.53,-21715.4,43.0618,0.382267
915000,50,216.339,-21709.9,47.9804,0.392933
930000,50,232.946,-21724.1,41.8679,0.391867
945000,38,179.319,-21740,36.1801,0.384756
960000,37,162.553,-21717.3,59.1403,0.3777
975000,48,219.3,-21732.7,39.1578,0.374767
990000,50,224.168,-21706,54.3453,0.3942
1005000,51,234.419,-21692.6,48.0864,0.388556
1020000,51,234.376,-21704.2,55.3505,0.3862
1035000,59,266.583,-21697.4,47.1284,0.390689
1050000,46,208.745,-21700.1,36.732,0.402
1065000,41,186.489,-21722.8,45.2419,0.376392
1080000,55,245.77,-21711.7,56.7962,0.394767
1095000,47,216.611,-21718.6,48.4664,0.380533
1110000,51,226.051,-21693.1,43.5685,0.397867
1125000,53,250.398,-21724,52.7284,0.3951
1140000,68,309.849,-21719,70.9888,0.398567
1155000,61,272.42,-21709.6,58.0325,0.39065
1170000,58,273.531,-21718.2,62.4085,0.3964
1185000,44,203.233,-21706.2,36.8218,0.393467
1200000,52,240.365,-21713.7,45.2556,0.390867
1215000,51,242.984,-21715.9,58.3189,0.384267
1230000,62,282.563,-21708.9,59.2112,0.384133
1245000,49,215.586,-21708.6,51.8406,0.397622
1260000,54,235.297,-21706.5,53.439,0.396467
1275000,50,242.216,-21712.5,58.8312,0.400533
1290000,61,274.845,-21686.1,65.7394,0.388356
1305000,61,258.592,-21680.5,64.6807,0.390667
1320000,62,280.035,-21681,54.4705,0.387933
1335000,55,240.733,-21698.2,62.9404,0.392533
1350000,62,250.786,-21712.1,64.7295,0.3948
1365000,52,241.192,-21722.9,50.8819,0.3952
1380000,58,252.551,-21704.3,58.325,0.387275
1395000,57,230.667,-21690,44.4911,0.3946
1410000,60,268.087,-21710.2,49.1101,0.388933
1425000,59,254.732,-21710.1,50.5215,0.38672
1440000,53,233.797,-21715.6,58.5032,0.411933
1455000,69,304.597,-21703.9,67.1038,0.401044
1470000,58,268.337,-21709.1,58.359,0.4001
1485000,54,254.53,-21733.3,45.8441,0.386117
1500000,63,278.279,-21701,61.6758,0.403
1515000,49,211.501,-21712.1,45.5099,0.397422
1530000,61,268.303,-21692.1,66.8456,0.396867
1545000,60,273.895,-21704.3,53.5564,0.383333
1560000,50,230.881,-21697.5,48.9696,0.382733
1575000,57,245.449,-21699.4,43.5707,0.391267
1590000,58,253.701,-21710.9,68.6556,0.396333
1605000,58,268.185,-21698.6,59.8657,0.3954
1620000,52,229.111,-21711.4,54.142,0.3984
1635000,63,277.147,-21702.7,72.4126,0.396867
1650000,61,278.913,-21709.2,59.3333,0.4062
1665000,72,310.096,-21730.7,73.958,0.392
1680000,44,197.792,-21739.5,46.2026,0.388964
1695000,39,181.38,-21754.2,39.1417,0.395867
1710000,49,211.56,-21713.1,55.4307,0.398267
1725000,61,277.204,-21720.3,69.7716,0.3902
1740000,66,306.577,-21716.9,64.1726,0.404867
1755000,57,258.307,-21700.1,54.0277,0.4182
1770000,49,222.095,-21717.6,55.1277,0.3978
1785000,49,227.756,-21728.7,59.8933,0.404067
1800000,54,228.646,-21708.2,69.0553,0.3898
1815000,57,261.504,-21718.8,55.691,0.376467
1830000,50,222.521,-21718.8,47.1763,0.384778
1845000,54,233.819,-21707.9,49.4543,0.391567
1860000,53,217.89,-21698.1,56.6145,0.408133
1875000,49,228.674,-21699.9,55.6664,0.390867
1890000,61,261.528,-21702.3,62.1457,0.395067
1905000,61,281.386,-21702.8,69.7184,0.407333
1920000,54,252.381,-21710.9,65.8391,0.387207
1935000,50,236.057,-21709.9,51.7191,0.388133
1950000,39,164.986,-21689.5,46.516,0.387857
1965000,44,186.744,-21720.7,49.6764,0.399833
1980000,64,273.975,-21707.3,62.7868,0.400444
1995000,45,198.989,-21710.3,48.9366,0.381367
2010000,65,291.781,-21700.6,54.1387,0.386417
2025000,65,284.52,-21683.5,63.5274,0.404067
2040000,62,292.725,-21715.2,57.9667,0.408267
2055000,46,208.432,-21705.8,47.7793,0.388117
2070000,50,211.591,-21702.4,52.875,0.389978
2085000,48,207.611,-21711.4,45.9744,0.387667
2100000,55,224.685,-21701.1,54.617,0.398167
2115000,50,229.606,-21715.6,54.2509,0.377383
2130000,58,267.53,-21706.3,62.9813,0.393489
2145000,49,213.021,-21704.4,53.1583,0.377467
2160000,65,301.306,-21706.9,71.9786,0.379667
2175000,49,212.362,-21715.2,40.7164,0.394213
2190000,48,210.592,-21705.9,43.2862,0.396933
2205000,50,223.913,-21712.7,36.017,0.3768
2220000,56,258.345,-21675.4,53.6393,0.38835
2235000,51,233.802,-21720.6,45.3854,0.394617
2250000,61,257.441,-21696.9,64.5291,0.3878
2265000,58,247.535,-21689.6,60.9906,0.406933
2280000,68,304.919,-21685.4,66.4855,0.389017
2295000,59,272.681,-21704.9,71.9312,0.4
2310000,54,244.991,-21734.2,42.0139,0.3931
2325000,41,183.513,-21712.5,56.4963,0.391
2340000,42,186.506,-21690,36.9997,0.375933
2355000,47,211.773,-21714.3,46.7776,0.379725
2370000,53,230.266,-21712.6,53.394,0.380733
2385000,55,246.531,-21704.1,54.1228,0.390844
2400000,53,246.279,-21698,51.0713,0.3984
2415000,46,220.548,-21705.9,47.7725,0.3882
2430000,54,251.302,-21722.9,54.0951,0.388667
2445000,49,221.844,-21693.9,69.2627,0.381
2460000,60,267.033,-21707.6,56.3926,0.4002
2475000,48,216.504,-21724.6,40.8663,0.392689
2490000,57,256.544,-21725.1,70.2861,0.386358
2505000,41,183.974,-21718.4,36.7178,0.389511
2520000,45,199.898,-21725.6,45.5508,0.398844
2535000,46,204.874,-21713.6,41.8747,0.388133
2550000,66,282.275,-21693.6,64.4761,0.402767
2565000,54,227.6,-21723,57.7318,0.399067
2580000,47,215.965,-21698.7,26.7437,0.395733
2595000,40,171.758,-21725.4,38.6098,0.381678
2610000,44,194.513,-21720,43.59,0.366433
2625000,37,164.675,-21731.8,35.5279,0.3749
2640000,54,237.728,-21723.9,54.5756,0.388867
2655000,40,181.294,-21729.2,44.8039,0.399333
2670000,51,236.114,-21722.4,44.1744,0.384
2685000,54,239.701,-21723.8,54.6268,0.3708
2700000,59,269.812,-21714.5,52.6898,0.410167
2715000,36,164.361,-21720.8,37.0821,0.380295
2730000,49,223.381,-21730.9,50.0662,0.391889
2745000,63,278.08,-21707.1,54.6701,0.404533
2760000,59,257.57,-21717.4,54.2748,0.3959
2775000,51,234.372,-21710.9,61.3543,0.388933
2790000,51,239.355,-21702.5,46.665,0.399511
2805000,59,269.738,-21729.3,56.2454,0.3941
2820000,47,206.426,-21720.7,56.9152,0.398733
2835000,60,260.189,-21704.2,61.1653,0.3886
2850000,52,250.82,-21702.2,49.2638,0.3918
2865000,55,241.76,-21694.8,55.8074,0.394733
2880000,49,211.58,-21718,36.5631,0.390189
2895000,55,262.627,-21700.4,50.8469,0.378267
2910000,51,220.612,-21725.5,42.4635,0.396333
2925000,47,197.931,-21723.5,45.368,0.387
2940000,57,244.192,-21725.5,62.238,0.399717
2955000,48,214.908,-21726.1,42.579,0.383867
2970000,45,205.562,-21706.3,43.0706,0.3841
2985000,53,246.356,-21695.2,45.0858,0.383133
3000000,45,187.91,-21712.8,53.5102,0.394967
3015000,54,241.792,-21732.1,48.3051,0.3958
3030000,40,186.814,-21722.6,44.2129,0.394422
3045000,46,203.339,-21710.3,50.1894,0.3846
3060000,52,233.993,-21723.9,47.9952,0.398911
3075000,52,232.791,-21695.5,38.4361,0.368117
3090000,58,244.722,-21698.2,60.5651,0.395
3105000,57,253.323,-21710.7,66.7717,0.3915
3120000,57,267.075,-21693.2,63.988,0.3998
3135000,52,234.389,-21696.9,58.0483,0.405622
3150000,54,252.855,-21735.7,46.2494,0.401267
3165000,44,185.618,-21705.5,49.0094,0.3983
3180000,66,292.104,-21683.3,60.9426,0.379333
3195000,72,313.588,-21686.6,60.636,0.3896
3210000,41,182.592,-21712.4,29.2462,0.395567
3225000,49,214.829,-21706.4,43.7436,0.399433
3240000,62,252.973,-21727.4,54.9713,0.395067
3255000,53,235.62,-21691.7,52.8569,0.3826
3270000,55,251.798,-21674.6,44.6262,0.3938
3285000,44,184.628,-21718.5,39.2008,0.403822
3300000,62,280.455,-21673.9,57.6218,0.395889
3315000,62,274.292,-21664.2,46.8699,0.390578
3330000,64,279.958,-21679.3,70.6137,0.3924
3345000,74,327.589,-21689.3,78.4299,0.409244
3360000,63,278.669,-21675.1,66.4482,0.403533
3375000,59,265.528,-21649.4,61.3256,0.394267
3390000,73,319.395,-21685.1,73.2237,0.395067
3405000,66,290.576,-21692.4,59.9175,0.411
3420000,57,247.205,-21702.7,54.9735,0.390281
3435000,65,291.2,-21696.6,66.3522,0.394933
3450000,38,156.499,-21731.8,40.5413,0.3749
3465000,53,230.848,-21691.6,68.529,0.385567
3480000,69,298.46,-21689.1,70.3898,0.400867
3495000,52,235.684,-21697.5,62.056,0.4034
3510000,55,237.677,-21705,62.2603,0.3941
3525000,66,277.414,-21702.9,75.2209,0.3866
3540000,60,262.617,-21696.4,63.4662,0.390867
3555000,63,277.949,-21695.5,55.835,0.402267
3570000,62,277.594,-21690,54.49,0.402667
3585000,48,216.534,-21735,54.1223,0.389253
3600000,57,248.635,-21693.9,61.4413,0.404133
3615000,44,201.053,-21720.6,52.3024,0.392533
3630000,50,218.944,-21708.8,55.4963,0.392
3645000,39,183.524,-21709.4,34.7737,0.382283
3660000,47,197.784,-21701.4,36.4833,0.386733
3675000,50,229.481,-21693.2,42.9136,0.392373
3690000,50,228.801,-21699.7,47.0531,0.375033
3705000,53,241.529,-21699.6,43.3437,0.3906
3720000,55,231.778,-21737.9,73.3032,0.3758
3735000,51,228.396,-21721.6,51.3991,0.388133
3750000,55,230.324,-21715.9,55.9549,0.392133
3765000,54,228.616,-21720,52.7437,0.397133
3780000,58,264.823,-21733.4,42.2055,0.391867
3795000,53,220.793,-21719.9,54.2888,0.397867
3810000,50,238.645,-21741.5,39.1269,0.3846
3825000,45,190.012,-21737.3,43.1,0.395333
3840000,42,176.895,-21741.8,37.1814,0.375
3855000,51,234.624,-21709.1,45.8968,0.382039
3870000,48,206.206,-21727.8,56.1545,0.378178
3885000,59,258.513,-21706.5,64.0529,0.3948
3900000,64,278.628,-21701.8,68.2411,0.411133
3915000,60,270.535,-21684.4,72.2302,0.410133
3930000,65,285.767,-21686.9,58.1849,0.411267
3945000,70,315.883,-21668.3,72.4439,0.4021
3960000,66,307.381,-21721.4,70.2797,0.39615
3975000,67,301.171,-21689.4,65.3865,0.418867
3990000,62,273.525,-21713.2,57.6025,0.412033
4005000,73,314.28,-21664.7,74.0594,0.404
4020000,84,387.116,-21670.6,75.051,0.412933
4035000,80,362.023,-21685.9,79.0902,0.407467
4050000,82,372.411,-21676,102.168,0.418133
4065000,72,309.819,-21674.1,62.5199,0.419133
4080000,62,276.397,-21669.8,69.8676,0.3936
4095000,60,274.923,-21692.1,71.7449,0.3996
4110000,65,278.815,-21681.7,68.6069,0.408133
4125000,51,234.437,-21756.5,54.3126,0.386911
4140000,57,237.479,-21678.6,42.6358,0.402433
4155000,53,220.175,-21693.5,49.3905,0.402458
4170000,49,214.333,-21718,41.8168,0.3696
4185000,68,310.098,-21706.9,67.5411,0.393267
4200000,77,327.898,-21691.6,74.2547,0.4124
4215000,36,162.656,-21764.1,39.9277,0.380744
4230000,51,225.118,-21705.3,46.5115,0.385556
4245000,52,240.297,-21699,57.871,0.399111
4260000,65,283.339,-21701.9,61.1945,0.389
4275000,52,239.622,-21705.9,43.6555,0.388244
4290000,74,311.336,-21689.9,64.9779,0.4065
4305000,64,285.112,-21681.5,60.7546,0.406867
4320000,70,299.635,-21690.4,65.1105,0.406267
4335000,67,305.638,-21667.7,64.9003,0.3934
4350000,60,257.435,-21684.7,59.1134,0.416467
4365000,62,271.908,-21689.7,82.8731,0.404933
4380000,51,231.202,-21747.5,41.8545,0.37703
4395000,63,302.545,-21666.9,59.1441,0.395133
4410000,51,237.764,-21720.4,45.6929,0.390067
4425000,44,199.861,-21723.2,56.2142,0.393747
4440000,48,217.842,-21672.9,56.0578,0.397689
4455000,60,260.214,-21682.9,66.7309,0.383533
4470000,52,235.7,-21705.7,60.0265,0.391933
4485000,55,237.865,-21712.9,59.6325,0.3892
4500000,47,197.059,-21687.7,40.9232,0.386333
4515000,56,260.976,-21696.1,62.612,0.3876
4530000,36,174.813,-21747.7,28.2932,0.387567
4545000,64,302.081,-21699.5,50.4203,0.386467
4560000,68,300.816,-21680.4,53.8999,0.406667
4575000,62,271.544,-21679.5,56.8883,0.398
4590000,51,224.497,-21717.3,56.7063,0.3901
4605000,66,314.015,-21671.8,55.2207,0.4057
4620000,68,298.719,-21664.8,68.9139,0.400067
4635000,74,336.683,-21660.2,72.7397,0.417467
4650000,72,330.412,-21671.8,76.3527,0.414067
4665000,50,222.071,-21717,61.3279,0.394293
4680000,51,232.375,-21693.5,58.8899,0.383833
4695000,51,224.966,-21693.7,42.5394,0.391667
4710000,51,240.848,-21692.9,50.9431,0.378667
4725000,53,238.463,-21695.2,56.7458,0.397333
4740000,50,218.516,-21716.3,53.1522,0.394248
4755000,44,191.568,-21714.8,51.4873,0.3914
4770000,51,228.115,-21712.5,47.7064,0.387311
4785000,52,240.696,-21710.7,44.552,0.3849
4800000,47,196.519,-21705.2,28.1491,0.3902
4815000,52,234.362,-21696.9,53.735,0.399533
4830000,68,296.367,-21685.8,66.8309,0.4068
4845000,66,294.849,-21676.3,56.488,0.417067
4860000,72,325.442,-21691.9,81.8744,0.399267
4875000,39,160.378,-21717.8,32.6357,0.384187
4890000,35,155.215,-21732.1,36.047,0.3792
4905000,51,230.799,-21710.5,61.2813,0.398756
4920000,49,214.527,-21703.1,49.6469,0.400933
4935000,63,265.844,-21686,69.8652,0.390533
4950000,46,202.202,-21733.6,39.7572,0.390949
4965000,53,244.383,-21733.9,55.279,0.387973
4980000,46,221.539,-21721.7,43.6101,0.3863
4995000,41,181.952,-21711.5,34.8577,0.379233
5010000,58,261.795,-21722.6,50.1957,0.3933
5025000,65,281.3,-21700.1,68.9271,0.412067
5040000,70,300.066,-21697.4,69.735,0.404438
5055000,48,217.099,-21720.5,55.4224,0.398433
5070000,61,269.591,-21720.1,50.219,0.406133
5085000,61,261.864,-21727.6,56.6814,0.407433
5100000,67,297.997,-21706,60.0267,0.394267
5115000,55,254.13,-21703.7,52.2699,0.381983
5130000,55,248.323,-21712.1,63.2284,0.3894
5145000,52,235.131,-21687.7,58.7061,0.395556
5160000,46,206.569,-21707.9,41.4569,0.379
5175000,51,224.283,-21701.1,54.5486,0.374467
5190000,45,205.01,-21712,47.587,0.397438
5205000,46,207.339,-21722.1,34.2698,0.381533
5220000,52,235.895,-21720.8,49.0181,0.38944
5235000,54,242.929,-21719.1,53.6502,0.38205
5250000,60,255.559,-21700.3,60.8337,0.3872
5265000,60,273.348,-21684.5,58.5822,0.399067
5280000,45,198.545,-21688.7,37.9362,0.39
5295000,60,257.439,-21684.4,69.8904,0.369467
5310000,57,247.13,-21698.6,60.1022,0.375347
5325000,57,261.433,-21696.9,52.1388,0.388152
5340000,49,218.406,-21696.7,50.627,0.389222
5355000,60,277.079,-21707,55.7288,0.3908
5370000,49,229.086,-21705.2,43.6398,0.399867
5385000,58,249.062,-21673.9,49.2,0.384813
5400000,53,230.035,-21670.8,51.212,0.3662
5415000,68,312.336,-21694.1,57.5265,0.390067
5430000,59,261.29,-21708.1,52.5423,0.4096
5445000,56,259.554,-21680.8,54.4492,0.382111
5460000,54,234.423,-21683.7,54.844,0.379133
5475000,56,255.96,-21680.3,56.8205,0.3788
5490000,64,291.283,-21674.7,61.1864,0.4014
5505000,50,206.828,-21735.4,58.8138,0.386493
5520000,48,205.066,-21736.9,40.0007,0.394573
5535000,45,206.877,-21687,40.364,0.372044
5550000,46,211.966,-21726.8,45.5345,0.3811
5565000,46,215.293,-21729.8,44.0033,0.38175
5580000,47,211.454,-21711.3,52.9759,0.372067
5595000,56,242.651,-21714.2,64.3718,0.384667
5610000,42,184.531,-21699.3,37.0853,0.355813
5625000,42,196.525,-21750.7,37.0896,0.386507
5640000,69,309.483,-21711.6,60.1542,0.401489
5655000,62,274.664,-21690.9,66.4134,0.416
5670000,47,221.732,-21707.8,46.205,0.359917
5685000,67,307.44,-21676.9,60.5891,0.408233
5700000,68,304.605,-21697.2,72.9064,0.399733
5715000,42,191.035,-21733.7,49.1404,0.396056
5730000,60,258.993,-21680.7,61.5809,0.399333
5745000,46,208.26,-21686.4,52.2578,0.365387
5760000,54,244.742,-21711.8,50.7619,0.374867
5775000,77,330.204,-21697,105.804,0.399578
5790000,65,279.714,-21704.7,65.2569,0.4126
5805000,65,294.381,-21713.7,74.7171,0.391111
5820000,57,260.973,-21666.7,64.0031,0.384067
5835000,58,267.409,-21727,38.4738,0.405667
5850000,57,249.957,-21684.1,47.5363,0.3758
5865000,50,232.606,-21725.1,52.3278,0.4086
5880000,56,244.201,-21724.3,60.577,0.394867
5895000,54,239.32,-21719.1,46.1144,0.376533
5910000,59,252.622,-21696.6,58.5883,0.379733
5925000,43,191.701,-21702.6,52.3206,0.375133
5940000,58,263,-21727.7,52.5029,0.399422
5955000,53,232.338,-21723.1,53.8597,0.390333
5970000,52,245.081,-21716,52.692,0.386444
5985000,53,230.073,-21713.5,50.5659,0.399733
6000000,53,232.93,-21718.2,50.6296,0.402667
6015000,47,200.458,-21729.1,49.6335,0.39265
6030000,53,230.592,-21743.2,42.523,0.384733
6045000,60,273.054,-21719,64.7183,0.400422
6060000,54,251.201,-21707.7,40.1186,0.409267
6075000,36,161.351,-21744.1,30.5772,0.365633
6090000,61,279.014,-21712.6,65.1071,0.384967
6105000,55,258.935,-21682,50.6279,0.384467
6120000,48,216.05,-21710.6,48.453,0.385244
6135000,66,288.38,-21683,75.2248,0.403733
6150000,63,270.594,-21689.6,51.5513,0.382933
6165000,37,160.441,-21725.7,42.9631,0.394593
6180000,71,327.21,-21672.2,64.4029,0.399733
6195000,62,283.9,-21688.1,53.562,0.4208
6210000,54,242.128,-21702.7,60.9466,0.3763
6225000,65,278.913,-21705.3,65.2182,0.397467
6240000,52,232.106,-21688.4,53.956,0.401333
6255000,62,287.869,-21694.8,53.2886,0.402933
6270000,60,269.685,-21693.1,51.6649,0.397267
6285000,48,216.329,-21700.6,55.2146,0.366987
6300000,53,219.525,-21685.2,60.2419,0.392567
6315000,53,242.687,-21716.2,42.6146,0.3876
6330000,44,201.844,-21693.7,57.2582,0.381067
6345000,41,180.333,-21737.6,42.9207,0.383706
6360000,60,259.413,-21720.1,67.4892,0.399422
6375000,55,240.356,-21711.9,65.7467,0.396733
6390000,52,221.692,-21713.5,55.6286,0.367017
6405000,52,229.462,-21719.1,56.2255,0.394
6420000,57,256.761,-21718,53.846,0.3934
6435000,41,169.533,-21715.9,40.944,0.377511
6450000,59,275.307,-21738.5,64.6803,0.405833
6465000,50,222.526,-21692,58.5796,0.379467
6480000,64,272.687,-21699.8,56.4042,0.407933
6495000,67,286.994,-21667.2,72.9843,0.408133
6510000,62,256.685,-21688.2,48.4705,0.403067
6525000,64,275.885,-21664.6,42.0561,0.388667
6540000,61,270.409,-21663.2,59.2447,0.3876
6555000,53,236.184,-21714.4,53.0531,0.394081
6570000,46,201.486,-21720.4,52.6249,0.3884
6585000,44,173.024,-21734,42.151,0.394963
6600000,57,238.658,-21717.7,44.2283,0.400133
6615000,49,217.641,-21708.9,43.4102,0.4042
6630000,45,200.187,-21726.4,49.9211,0.388467
6645000,48,219.948,-21717.1,50.1827,0.388827
6660000,43,188.186,-21702.7,45.9161,0.388
6675000,54,235.143,-21680.9,36.369,0.379533
6690000,47,208.185,-21714,43.9457,0.384089
6705000,43,189.857,-21703.5,56.6654,0.3915
6720000,55,247.797,-21714.4,54.6311,0.378933
6735000,54,232.167,-21704.6,47.5288,0.377578
6750000,44,193.331,-21716.2,40.4559,0.3911
6765000,50,216.044,-21702.5,58.9375,0.366733
6780000,61,277.405,-21695.1,54.35,0.391222
6795000,40,180.347,-21712.7,52.9289,0.392367
6810000,45,184.012,-21701.8,49.4226,0.388867
6825000,47,218.145,-21699,47.3931,0.395733
6840000,39,163.369,-21743.4,30.3594,0.378071
6855000,52,234.8,-21702.8,45.8993,0.384133
6870000,52,228.395,-21728.5,53.8801,0.396667
6885000,45,209.841,-21706,47.32,0.389978
6900000,57,228.903,-21669.1,60.5634,0.389844
6915000,50,212.949,-21698.8,49.9636,0.402467
6930000,42,176.951,-21718.1,34.8903,0.389817
6945000,29,127.873,-21728.1,33.1325,0.368867
6960000,44,189.435,-21739.9,43.8382,0.385567
6975000,54,237.76,-21722.7,56.7589,0.3753
6990000,59,263.674,-21665.4,45.3105,0.384267
7005000,69,279.454,-21663.6,62.7963,0.405733
7020000,64,275.676,-21679.9,76.5824,0.389467
7035000,59,272.273,-21699.5,67.1806,0.3896
7050000,62,280.997,-21663,56.6666,0.3996
7065000,64,298.266,-21669.8,63.7784,0.3986
7080000,41,185.521,-21721.6,37.3048,0.384708
7095000,51,227.514,-21711.3,51.1371,0.380133
7110000,40,189.382,-21721,34.7539,0.390733
7125000,48,212.561,-21716.9,59.6129,0.391267
7140000,50,233.026,-21736.2,55.1543,0.3895
7155000,62,260.341,-21703.3,64.5021,0.396811
7170000,37,170.485,-21726.7,38.4715,0.382289
7185000,54,236.22,-21710.8,47.1473,0.3814
7200000,47,214.669,-21696,49.5719,0.380533
7215000,55,245.989,-21734.4,49.0988,0.374756
7230000,57,261.783,-21742.2,58.9208,0.401867
7245000,43,189.465,-21723,44.1924,0.380333
7260000,41,184.575,-21724.8,40.3162,0.37725
7275000,54,223.216,-21736.9,48.4069,0.386067
7290000,62,280.712,-21726.1,70.7668,0.389044
7305000,48,207.245,-21713.9,54.3508,0.39763
7320000,48,208.139,-21725.6,57.8417,0.393267
7335000,53,237.452,-21700.1,51.0902,0.3996
7350000,48,204.71,-21716.9,49.2443,0.390267
7365000,36,141.895,-21724.2,34.3951,0.38896
7380000,37,164.735,-21721.9,36.9089,0.366933
7395000,47,204.43,-21705,55.5156,0.376089
7410000,54,258.17,-21707.3,53.1593,0.4036
7425000,57,249.977,-21727.3,55.4128,0.392689
7440000,53,227.258,-21697.6,52.8186,0.4008
7455000,66,284.841,-21720.6,76.9142,0.386294
7470000,53,231.954,-21701.1,48.781,0.401667
7485000,57,246.162,-21710.8,56.4833,0.399683
7500000,57,258.53,-21689.4,52.9631,0.388044
7515000,53,236.573,-21707.2,50.6113,0.392133
7530000,58,263.105,-21694.1,44.5705,0.396467
7545000,43,193.967,-21731.7,45.7755,0.3897
7560000,50,220.801,-21701.6,46.7138,0.389133
7575000,45,206.757,-21712.3,63.9171,0.394244
7590000,55,254.959,-21714.6,55.0355,0.3801
7605000,56,248.855,-21702.6,64.0838,0.3845
7620000,56,238.413,-21719.2,53.0126,0.401067
7635000,42,175.756,-21719.9,42.8807,0.3788
7650000,46,214.174,-21736.9,57.6059,0.390667
7665000,53,232.763,-21721.3,57.3947,0.3904
7680000,63,265.288,-21701.9,51.9666,0.381289
7695000,67,310.96,-21674.5,66.087,0.399267
7710000,56,257.791,-21672.4,47.9196,0.399244
7725000,50,215.547,-21684.2,53.5345,0.399367
7740000,72,319.864,-21713.8,64.341,0.4241
7755000,50,218.535,-21736.4,64.509,0.392895
7770000,42,181.371,-21700.6,49.814,0.400967
7785000,50,232.062,-21717.2,51.0758,0.396933
7800000,53,234.411,-21725.9,57.1399,0.387156
7815000,50,207.155,-21722.2,43.0194,0.394067
7830000,56,247.935,-21711.3,56.2753,0.403889
7845000,62,281.97,-21707,63.8695,0.390367
7860000,40,180.064,-21707.9,50.7613,0.393667
7875000,40,180.092,-21740.2,36.198,0.39374
7890000,42,178.345,-21715.5,43.477,0.3969
7905000,48,219.948,-21705.2,44.5358,0.3874
7920000,59,263.677,-21690.6,67.2368,0.3838
7935000,53,217.789,-21687.1,60.9574,0.387733
7950000,58,286.261,-21716.8,53.3065,0.4002
7965000,42,185.051,-21730.5,37.8597,0.383367
7980000,53,240.522,-21713.7,39.7952,0.393578
7995000,71,319.154,-21688.7,71.4498,0.404467
8010000,67,293.852,-21680.9,66.9958,0.403867
8025000,82,362.292,-21659.2,79.5751,0.420733
8040000,89,394.404,-21661.7,85.0114,0.424933
8055000,79,347.475,-21668.2,73.9827,0.4208
8070000,68,293.055,-21684.3,69.902,0.407533
8085000,62,272.101,-21678.1,66.9313,0.392267
8100000,64,279.277,-21668.9,76.7906,0.391667
8115000,63,272.357,-21674.3,51.3633,0.391867
8130000,66,303.756,-21684.7,61.3331,0.3968
8145000,58,242.698,-21672.3,58.263,0.3924
8160000,54,253.152,-21663.8,52.2504,0.3902
8175000,60,257.445,-21663.2,52.4086,0.3806
8190000,47,215.258,-21717.5,42.4893,0.391719
8205000,52,238.344,-21687.3,65.7016,0.388433
8220000,54,247.271,-21692.1,45.6993,0.407933
8235000,55,230.167,-21701.1,48.2867,0.396367
8250000,52,242.834,-21728.9,57.1872,0.402867
8265000,53,235.682,-21705.1,53.7662,0.3916
8280000,54,244.097,-21674.1,42.4234,0.38285
8295000,56,246.187,-21677.4,51.6804,0.384667
8310000,48,207.376,-21678.9,44.7812,0.366667
8325000,56,251.912,-21679.4,59.5034,0.3832
8340000,64,286.652,-21690.4,67.2899,0.385133
8355000,51,239.97,-21740.2,50.0016,0.386661
8370000,51,227.946,-21720,39.0652,0.3943
8385000,56,246.266,-21726.4,79.536,0.392733
8400000,62,264.546,-21674.2,74.8197,0.389413
8415000,60,272.844,-21684.3,62.4109,0.393
8430000,61,270.915,-21679.2,73.6979,0.3854
8445000,61,272.253,-21670.5,67.9349,0.400733
8460000,52,217.918,-21673.4,41.4143,0.396067
8475000,45,201.951,-21708.4,41.6834,0.392933
8490000,52,230.813,-21726.1,52.6998,0.386207
8505000,58,248.667,-21683.7,56.4374,0.387111
8520000,49,209.113,-21705.4,52.4097,0.403244
8535000,47,216.005,-21701,61.0697,0.370067
8550000,50,230.262,-21707.1,49.7639,0.378067
8565000,49,212.303,-21714.9,49.7785,0.376533
8580000,51,235.026,-21719.7,54.6655,0.4066
8595000,48,207.363,-21729.1,47.185,0.396505
8610000,57,255.064,-21711.2,52.5833,0.369622
8625000,46,195.275,-21725.3,37.0777,0.392033
8640000,59,257.971,-21726.8,79.7616,0.398083
8655000,41,175.549,-21696.9,34.2054,0.3692
8670000,54,244.784,-21729.6,46.893,0.3946
8685000,45,194.34,-21718.7,38.8613,0.395178
8700000,41,170.762,-21703.6,44.7185,0.360867
8715000,48,213.863,-21740.8,40.8855,0.388644
8730000,64,283.454,-21698.7,82.0293,0.369573
8745000,50,224.098,-21706.2,64.5328,0.3886
8760000,51,230.026,-21686.3,43.9676,0.377733
8775000,54,245.679,-21679,61.1641,0.372733
8790000,58,261.512,-21691.3,51.2317,0.378
8805000,69,315.593,-21652.2,69.3991,0.393086
8820000,71,305.099,-21678,74.106,0.399533
8835000,59,254.824,-21674.1,75.5742,0.3976
8850000,61,269.432,-21675.1,60.3363,0.388333
8865000,70,325.334,-21656.7,82.7797,0.405467
8880000,65,291.909,-21666.8,82.0304,0.401
8895000,55,229.693,-21702.6,48.7596,0.396439
8910000,59,262.771,-21661.5,55.8869,0.385
8925000,47,207.138,-21702.5,39.4564,0.383393
8940000,50,221.91,-21696.1,63.5462,0.374733
8955000,40,174.348,-21726.9,47.7248,0.3984
8970000,39,179.298,-21684.8,37.6108,0.363017
8985000,51,227.77,-21701.9,47.752,0.363467
9000000,49,209.584,-21679.3,39.5784,0.3732
9015000,61,282.173,-21693,58.5354,0.382573
9030000,43,194.085,-21698.9,53.2645,0.366533
9045000,60,270.581,-21688.1,61.7121,0.384733
9060000,44,202.401,-21718.3,39.5006,0.362633
9075000,49,235.957,-21691.1,46.4104,0.374767
9090000,43,180.784,-21699.8,43.0276,0.368
9105000,51,230.426,-21696,46.9706,0.3764
9120000,50,236.452,-21698.8,51.1238,0.379
9135000,46,204.82,-21702,46.0409,0.392244
9150000,52,230.626,-21703.3,57.248,0.383
9165000,70,310.904,-21690,76.1638,0.372844
9180000,65,300.993,-21695,58.5523,0.4076
9195000,74,333.974,-21684.4,89.3514,0.406733
9210000,72,339.377,-21700.2,74.74,0.403333
9225000,62,285.908,-21696.4,69.9041,0.395267
9240000,57,253.131,-21694.5,66.4088,0.3794
9255000,54,240.089,-21695.4,57.6786,0.3802
9270000,57,256.813,-21694.4,55.7137,0.367117
9285000,45,209.134,-21724.3,50.6359,0.389778
9300000,56,254.544,-21691,64.5439,0.3728
9315000,61,275.509,-21704.1,65.3027,0.3885
9330000,68,308.594,-21720.4,67.2188,0.4136
9345000,55,255.456,-21715.4,45.2693,0.384511
9360000,59,252.993,-21671.6,68.7626,0.385544
9375000,50,239.849,-21695.2,47.5934,0.3854
9390000,59,264.382,-21694.7,65.4033,0.406
9405000,56,251.274,-21700.4,45.656,0.376
9420000,53,239.039,-21694.6,58.4494,0.3676
9435000,57,266.205,-21666.5,60.5763,0.3702
9450000,46,205.334,-21695.1,49.8827,0.381433
9465000,58,273.379,-21716.6,82.9715,0.399893
9480000,60,251.405,-21664,65.2971,0.370911
9495000,52,223.616,-21668.4,43.1002,0.372
9510000,52,229.533,-21713.9,47.9992,0.362
9525000,47,202.972,-21708.8,42.3945,0.392733
9540000,55,241.858,-21692.1,55.2741,0.373178
9555000,57,253.833,-21705.3,46.6775,0.3865
9570000,44,204.744,-21722.2,45.6257,0.366383
9585000,41,192.919,-21675.7,28.9914,0.367022
9600000,46,207.895,-21686.1,45.4147,0.371933
9615000,45,205.032,-21679.4,54.4685,0.346933
9630000,40,176.3,-21722,29.5735,0.348383
9645000,41,182.77,-21689,38.5677,0.361567
9660000,44,189.912,-21695.2,42.1101,0.364333
9675000,45,197.996,-21713.7,35.4023,0.385333
9690000,49,212.645,-21706.9,43.3386,0.385933
9705000,44,203.963,-21685.4,44.985,0.3646
9720000,46,202.283,-21683.7,34.6265,0.347133
9735000,52,237.424,-21678.3,52.2115,0.3606
9750000,55,242.763,-21703.9,53.0188,0.3998
9765000,49,231.925,-21678.7,58.5502,0.361567
9780000,48,223.605,-21695,57.514,0.356413
9795000,66,288.672,-21723,63.9903,0.399111
9810000,55,237.667,-21713.6,56.0041,0.411133
9825000,54,245.271,-21699.8,44.1841,0.398533
9840000,45,206.456,-21728.7,52.2755,0.402667
9855000,56,243.17,-21672.7,67.645,0.3669
9870000,35,163.64,-21728.4,31.7738,0.352
9885000,56,252.241,-21674.4,56.7039,0.365667
9900000,55,243.425,-21668,48.1035,0.375733
9915000,49,224.713,-21692.9,51.4835,0.3862
9930000,40,170.519,-21696.9,41.5177,0.3508
9945000,49,225.49,-21692.1,52.2152,0.3655
9960000,41,194.567,-21691.8,34.8581,0.362933
9975000,49,196.008,-21715.2,48.8227,0.379348
9990000,44,202.422,-21683.6,41.1508,0.348867
10005000,35,155.869,-21716.1,31.1223,0.349147
10020000,49,210.27,-21705.3,51.4934,0.379667
10035000,61,256.012,-21702.8,60.4662,0.401067
10050000,64,273.813,-21690.9,54.2561,0.390667
10065000,63,284.785,-21693.3,75.6303,0.405667
10080000,48,209.967,-21707.9,37.3139,0.356947
10095000,48,213.43,-21690.2,38.5654,0.358171
10110000,54,245.739,-21711.9,61.2373,0.362633
10125000,56,234.535,-21703.1,67.9448,0.397817
10140000,48,216.362,-21698.2,54.8744,0.3555
10155000,48,208.672,-21676.7,36.7925,0.361533
10170000,58,256.118,-21713.9,78.2382,0.395356
10185000,46,198.946,-21713.7,51.6865,0.361644
10200000,70,290.502,-21693.9,66.6101,0.407233
10215000,44,201.353,-21684.6,46.0166,0.351267
10230000,36,154.221,-21690.5,39.2856,0.351533
10245000,60,279.079,-21685.8,59.8434,0.395356
10260000,60,274.02,-21704.7,68.7697,0.416467
10275000,46,196.772,-21699.6,42.8173,0.359889
10290000,53,242.433,-21684.5,65.2777,0.389067
10305000,45,206.789,-21696.5,56.7685,0.36148
10320000,59,262.801,-21680.1,68.8434,0.387633
10335000,55,249.558,-21678.5,49.8727,0.37755
10350000,51,230.838,-21683,41.3246,0.372867
10365000,58,261.962,-21673.4,63.387,0.383733
10380000,46,210.074,-21693.2,47.3841,0.363867
10395000,64,287.83,-21704.7,65.9308,0.391733
10410000,57,252.264,-21679.5,64.7919,0.382333
10425000,65,304.999,-21709.1,75.692,0.382838
10440000,57,258.283,-21692.9,59.2136,0.395933
10455000,58,251.939,-21677.1,49.3394,0.390933
10470000,48,206.747,-21677.7,71.8949,0.361236
10485000,57,262.094,-21678.3,66.9309,0.373467
10500000,51,231.136,-21689.4,68.912,0.3553
10515000,47,205.689,-21700,52.163,0.388533
10530000,52,224.15,-21701.2,50.0399,0.384162
10545000,46,214.109,-21711.1,59.7879,0.350956
10560000,42,203.371,-21721.6,37.9258,0.368044
10575000,43,203.245,-21708.8,38.7693,0.369067
10590000,45,193.64,-21687.5,47.6729,0.388833
10605000,52,245.958,-21703.1,52.2412,0.366422
10620000,42,181.496,-21701.3,45.2913,0.3686
10635000,43,200.358,-21691.5,36.4743,0.373067
10650000,40,190.278,-21686.5,35.6161,0.379133
10665000,49,223.046,-21716,52.2488,0.368367
10680000,41,178.649,-21732,41.2655,0.370422
10695000,40,184.371,-21681.3,47.6185,0.3622
10710000,47,209.465,-21694.4,42.809,0.379467
10725000,48,220.689,-21686.7,53.036,0.3734
10740000,48,218.292,-21695.9,63.9544,0.373667
10755000,57,271.709,-21690.1,68.8058,0.402667
10770000,45,198.1,-21718.6,43.027,0.380467
10785000,57,236.354,-21682.8,60.1111,0.388867
10800000,58,242.407,-21701.8,70.6652,0.3908
10815000,48,216.674,-21675.5,43.2508,0.3764
10830000,45,220.712,-21712.1,47.5947,0.3644
10845000,38,181.853,-21693.6,35.5509,0.356067
10860000,51,233.68,-21671.6,47.2267,0.348067
10875000,64,296.677,-21695.6,61.3208,0.378467
10890000,46,211.354,-21746.4,42.4436,0.392717
10905000,50,226.522,-21716.3,59.1486,0.379
10920000,49,225.234,-21674.7,52.4977,0.369644
10935000,65,288.262,-21684.5,77.3606,0.402633
10950000,42,196.23,-21677.5,46.3005,0.361733
10965000,52,241.697,-21717,61.0184,0.401233
10980000,43,191.455,-21723.4,52.3749,0.366371
10995000,57,246.449,-21726.1,53.0299,0.3943
11010000,46,194.434,-21732.3,38.9908,0.408533
11025000,46,217.947,-21677.7,49.8794,0.36256
11040000,43,195.327,-21708.1,42.2753,0.360333
11055000,47,208.871,-21692.6,53.1521,0.359733
11070000,43,187.641,-21698.8,43.6474,0.369667
11085000,62,276.786,-21695.6,68.7995,0.391867
11100000,57,253.557,-21708.8,63.4925,0.3887
11115000,53,253.681,-21693.6,48.6918,0.379467
11130000,42,193.57,-21702.1,43.5849,0.3726
11145000,57,262.526,-21699.4,53.1026,0.4026
11160000,65,294.271,-21683.1,74.5115,0.404133
11175000,43,197.716,-21654.1,39.4899,0.369222
11190000,60,264.012,-21673,75.4702,0.377067
11205000,57,252.071,-21704.9,59.7917,0.392422
11220000,61,266.539,-21702.5,51.1661,0.4
11235000,64,287.629,-21675.6,64.9629,0.397267
11250000,63,275.612,-21692.2,73.6447,0.399
11265000,59,259.37,-21669.3,78.0282,0.378827
11280000,67,297.106,-21703.3,58.0638,0.416433
11295000,45,202.075,-21671.1,45.6776,0.366833
11310000,71,324.943,-21682,70.5547,0.399467
11325000,88,405.496,-21668,85.0536,0.4158
11340000,57,251.181,-21664.7,59.9959,0.365133
11355000,74,339.828,-21675.2,66.8588,0.412967
11370000,55,236.701,-21687.8,57.4603,0.371295
11385000,53,225.921,-21666.3,43.7078,0.367733
11400000,72,309.922,-21662.1,71.2448,0.3982
11415000,66,287.522,-21648.8,69.9025,0.386933
11430000,63,273.551,-21686.8,52.0724,0.389
11445000,68,308.079,-21661.8,70.6564,0.3902
11460000,67,296.099,-21687.3,69.8005,0.383867
11475000,44,207.593,-21669.2,42.5646,0.374533
11490000,41,178.887,-21703.6,40.4928,0.369692
11505000,55,237.726,-21682,69.5422,0.368867
11520000,52,225.68,-21688,56.6919,0.377933
11535000,59,261.204,-21645.6,61.8563,0.377633
11550000,51,198.989,-21706.3,69.6337,0.3901
11565000,55,232.054,-21670.8,55.3622,0.3748
11580000,56,231.587,-21671.5,39.7862,0.376667
11595000,50,228.524,-21686.2,52.9381,0.369467
11610000,48,218.334,-21684.2,45.0009,0.377427
11625000,57,272.515,-21680.1,44.553,0.376533
11640000,49,218.257,-21705.3,45.5244,0.3776
11655000,60,275.251,-21691.8,66.8208,0.3915
11670000,59,265.274,-21709.9,49.1327,0.401733
11685000,58,256.947,-21686,59.9803,0.399933
11700000,44,210.265,-21703.2,47.1276,0.363286
11715000,67,291.828,-21679.8,64.3828,0.379827
11730000,56,249.457,-21671.7,66.7929,0.391867
11745000,62,281.077,-21669.7,56.9979,0.3754
11760000,57,251.26,-21673.2,54.3996,0.38576
11775000,51,235.565,-21656.1,56.2751,0.385533
11790000,61,267.633,-21691.4,72.2242,0.3779
11805000,63,291.535,-21676.1,60.7866,0.3874
11820000,61,266.37,-21673.9,67.4092,0.392933
11835000,72,318.505,-21676.8,70.6006,0.364785
11850000,44,198.018,-21689.1,39.0421,0.377133
11865000,70,315.85,-21678.6,56.4435,0.39
11880000,67,300.319,-21688.4,61.0049,0.392667
11895000,43,190.276,-21725.1,39.8678,0.395781
11910000,46,202.104,-21727,53.1575,0.368933
11925000,44,195.351,-21735.8,39.6246,0.3868
11940000,58,250.954,-21665.5,56.8467,0.36515
11955000,55,252.719,-21677.4,55.7775,0.3568
11970000,42,186.668,-21738.8,44.6159,0.3822
11985000,46,187.172,-21691.7,50.4929,0.363674
12000000,52,217.718,-21717.6,41.3975,0.3947
12015000,50,217.38,-21690.5,56.3486,0.3704
12030000,52,224.543,-21659.6,48.0327,0.376333
12045000,49,206.534,-21666.5,49.012,0.375867
12060000,43,203.83,-21726.6,48.0553,0.38415
12075000,56,256.011,-21692.2,49.8428,0.360133
12090000,54,247.761,-21680.9,41.6653,0.381067
12105000,48,211.435,-21671.4,35.9472,0.373533
12120000,37,159.76,-21730,31.0905,0.377533
12135000,40,176.756,-21679.6,45.382,0.368606
12150000,47,206.375,-21687.2,46.6665,0.364356
12165000,60,277.346,-21679.1,77.901,0.370267
12180000,48,213.291,-21693.6,61.0707,0.3888
12195000,44,180.741,-21719.1,45.9409,0.38768
12210000,33,143.759,-21688.8,32.7047,0.367133
12225000,53,237.18,-21690.8,50.3026,0.367044
12240000,51,235.892,-21725.6,44.7653,0.3798
12255000,37,164.867,-21702.3,38.7673,0.353956
12270000,38,165.709,-21702.3,33.6577,0.331533
12285000,38,177.18,-21699,36.8429,0.3412
12300000,36,168.466,-21698.3,32.6096,0.344267
12315000,53,240.879,-21715,66.0369,0.3939
12330000,39,186.672,-21711.9,36.7549,0.357933
12345000,44,203.311,-21706.8,44.4582,0.354467
12360000,47,218.048,-21705.3,44.1028,0.366533
12375000,40,181.508,-21685.9,40.2921,0.361756
12390000,36,156.272,-21677.3,36.7543,0.346533
12405000,46,201.663,-21698.5,46.8839,0.347667
12420000,48,214.612,-21720,45.8319,0.391886
12435000,51,223.385,-21686,62.9288,0.3442
12450000,52,229.788,-21710.3,59.2509,0.364033
12465000,39,175.996,-21704,44.9132,0.359533
12480000,52,238.978,-21702.1,57.6697,0.360289
12495000,52,231.621,-21705.9,46.0644,0.39592
12510000,47,224.395,-21708,39.091,0.369233
12525000,40,180.841,-21721.3,43.9446,0.366133
12540000,39,194.96,-21692.4,33.4278,0.3539
12555000,36,157.803,-21718,39.0232,0.3533
12570000,53,241.553,-21695.3,71.2141,0.395653
12585000,59,261.297,-21705.8,65.8131,0.363444
12600000,69,303.557,-21696.7,80.4998,0.4129
12615000,53,232.488,-21704.9,47.3884,0.388467
12630000,62,277.933,-21695.1,61.0905,0.4105
12645000,44,194.679,-21714.2,51.9521,0.362233
12660000,48,213.285,-21695.1,43.9633,0.4031
12675000,57,254.457,-21700.5,33.1575,0.381733
12690000,52,234.242,-21706.2,43.4363,0.399733
12705000,33,156.442,-21713.8,28.2671,0.3619
12720000,68,297.053,-21691,66.9621,0.3898
12735000,64,289.929,-21691,59.7074,0.4056
12750000,68,308.355,-21689.3,70.8808,0.404533
12765000,56,247.338,-21730.9,56.5783,0.369333
12780000,48,209.25,-21705.1,50.3466,0.397233
12795000,47,218.769,-21729.6,48.6589,0.3783
12810000,61,267.5,-21708.8,58.6252,0.375867
12825000,41,180.328,-21714.6,43.5128,0.393867
12840000,57,256.279,-21689.9,53.3645,0.3954
12855000,47,217.723,-21731.4,35.0238,0.377467
12870000,54,241.841,-21695.3,42.7106,0.397833
12885000,60,264.134,-21709.9,70.7319,0.399333
12900000,48,208.976,-21689.1,48.6194,0.3976
12915000,50,227.394,-21690.6,41.6648,0.383733
12930000,49,218.671,-21698.7,52.982,0.369267
12945000,62,283.068,-21700.2,65.6133,0.391733
12960000,54,239.295,-21701.1,52.4627,0.401067
12975000,49,217.883,-21697.3,52.3331,0.383
12990000,55,248.548,-21731.6,50.2111,0.391867
13005000,55,241.754,-21694.5,60.7245,0.355171
13020000,63,282.915,-21705.5,63.091,0.399267
13035000,58,259.619,-21686.7,58.937,0.384933
13050000,48,211.672,-21683.3,45.9387,0.383
13065000,67,304.84,-21693.2,70.9347,0.399733
13080000,68,286.527,-21680,51.8364,0.3964
13095000,74,324.679,-21678.5,69.3375,0.408267
13110000,81,341.959,-21673.1,73.9279,0.402667
13125000,74,312.02,-21675.8,91.9116,0.3998
13140000,70,305.843,-21674,63.9973,0.412733
13155000,43,194.162,-21706.6,40.8465,0.361705
13170000,83,393.443,-21698.1,83.734,0.409833
13185000,60,269.212,-21709.5,61.163,0.390173
13200000,65,295.182,-21709.1,65.5189,0.415867
13215000,71,301.846,-21709.5,72.3892,0.4206
13230000,60,269.107,-21692.2,52.3771,0.3892
13245000,47,222.146,-21706,45.6376,0.399289
13260000,41,193.291,-21697,36.4958,0.370286
13275000,59,259.338,-21710.4,64.2049,0.399
13290000,49,232.555,-21701.9,46.8036,0.389267
13305000,59,262.598,-21690.1,64.6966,0.400467
13320000,46,210.953,-21738.2,42.1799,0.38412
13335000,45,194.444,-21707.8,47.9682,0.388233
13350000,49,218.422,-21681.2,45.2796,0.380322
13365000,43,208.085,-21728.7,52.2477,0.3765
13380000,46,200.993,-21700.8,55.6594,0.362133
13395000,54,238.161,-21700,49.8528,0.377933
13410000,65,297.318,-21702.3,58.5182,0.390756
13425000,38,164.912,-21707.9,29.8298,0.378067
13440000,54,227.588,-21683.7,63.642,0.396467
13455000,48,211.78,-21740.2,47.0022,0.389659
13470000,59,261.709,-21690.6,42.2154,0.380633
13485000,66,292.399,-21686.4,68.2628,0.395933
13500000,51,238.591,-21710.7,48.4182,0.388022
13515000,68,300.061,-21701.3,56.3024,0.399633
13530000,55,259.672,-21708.8,46.1339,0.4012
13545000,34,157.437,-21701.9,35.8524,0.356042
13560000,41,197.213,-21713.3,44.112,0.3484
13575000,62,282.102,-21684.6,62.7172,0.394911
13590000,54,240.448,-21686.5,47.774,0.3976
13605000,73,309.487,-21693.7,75.0127,0.398333
13620000,56,242.043,-21717,66.4328,0.394343
13635000,59,276.722,-21724.1,64.7954,0.398733
13650000,49,225.906,-21699.1,44.8297,0.3784
13665000,56,260.147,-21714.3,50.7326,0.3988
13680000,58,257.045,-21718,47.6375,0.398933
13695000,57,242.228,-21736.8,46.9462,0.390133
13710000,52,233.371,-21728.4,53.3249,0.3984
13725000,54,232.667,-21721.6,58.3079,0.4114
13740000,46,199.338,-21707.7,55.2157,0.388
13755000,47,212.021,-21700.1,54.9219,0.381267
13770000,40,165.411,-21746.1,30.5018,0.388613
13785000,45,191.901,-21721.4,50.4123,0.355178
13800000,54,234.884,-21728,56.1916,0.399133
13815000,46,200.039,-21682.6,46.1853,0.386483
13830000,46,204.7,-21704.9,36.0603,0.372067
13845000,45,203.118,-21695.7,52.5762,0.375667
13860000,61,265.477,-21686.4,59.6882,0.387933
13875000,45,194.611,-21715.8,39.9945,0.374707
13890000,62,276.102,-21708.4,71.5011,0.3954
13905000,56,256.939,-21702,52.2825,0.399267
13920000,53,220.495,-21705.6,50.8305,0.401867
13935000,55,250.165,-21705.5,57.1414,0.380867
13950000,64,300.332,-21704.2,68.4131,0.408933
13965000,54,230.854,-21711.6,59.1089,0.390922
13980000,48,224.871,-21720.6,46.0424,0.408533
13995000,56,260.465,-21722.1,60.4233,0.397733
14010000,53,230.59,-21742.7,62.0472,0.392956
14025000,54,230.208,-21732.6,62.0664,0.390067
14040000,60,268.36,-21713.6,57.7157,0.410889
14055000,65,280.432,-21701.5,70.9313,0.406267
14070000,56,264.331,-21716.7,47.9671,0.4032
14085000,47,221.634,-21706.8,43.989,0.408667
14100000,51,217.817,-21740.6,33.09,0.405
14115000,40,189.306,-21726.5,45.0541,0.355461
14130000,55,251.171,-21721,49.6028,0.416067
14145000,50,209.216,-21729.2,52.9364,0.395067
14160000,48,209.168,-21750.4,46.433,0.401667
14175000,58,262.046,-21728.4,54.4345,0.3988
14190000,48,214.267,-21728.3,34.6242,0.395167
14205000,53,235.493,-21720.5,54.6482,0.401933
14220000,54,248.439,-21726.4,47.9341,0.393
14235000,39,170.719,-21716.5,33.822,0.367825
14250000,48,208.813,-21694.3,37.5469,0.3926
14265000,48,213.906,-21693.2,51.5748,0.384467
14280000,59,253.818,-21706,61.1497,0.3832
14295000,52,228.74,-21696.8,57.7382,0.3826
14310000,67,313.926,-21699.9,64.1222,0.395333
14325000,48,220.486,-21694,48.7694,0.370389
14340000,50,223.823,-21684.1,51.9677,0.401167
14355000,52,227.257,-21694.2,52.4891,0.404556
14370000,50,225.525,-21721.7,52.5112,0.3948
14385000,50,216.858,-21704.6,55.9793,0.362917
14400000,47,215.908,-21738.4,45.168,0.407633
14415000,49,212.145,-21739.3,48.855,0.397133
14430000,51,241.486,-21715.2,41.5261,0.400067
14445000,36,163.962,-21689.7,39.9661,0.3555
14460000,52,232.449,-21694.4,51.1886,0.393
14475000,58,261.658,-21691.7,66.8986,0.403
14490000,46,209.329,-21719.7,37.8993,0.382333
14505000,46,219.793,-21704.5,48.0692,0.397533
14520000,53,249.492,-21700.8,38.4681,0.378
14535000,61,281.391,-21698.4,60.798,0.403933
14550000,46,214.198,-21706.5,55.4567,0.356114
14565000,52,224.606,-21700.5,49.2104,0.399367
14580000,61,267.309,-21687.3,52.6433,0.4106
14595000,58,264.723,-21673.5,60.5423,0.387133
14610000,53,223.141,-21672.5,44.4331,0.370017
14625000,49,209.096,-21684.7,42.3682,0.374867
14640000,57,223.832,-21669.1,58.5867,0.386867
14655000,56,248.152,-21683.5,51.2218,0.3984
14670000,45,197.062,-21671,42.7573,0.364933
14685000,51,217.454,-21681.6,54.0269,0.379333
14700000,53,237.951,-21713.3,44.9108,0.3824
14715000,46,209.207,-21747.9,57.2887,0.38301
14730000,40,182.702,-21722.5,48.6739,0.389667
14745000,53,228.922,-21694.1,54.4665,0.384333
14760000,42,190.813,-21666.2,59.7775,0.364544
14775000,54,228.706,-21702.1,57.8605,0.392367
14790000,55,242.288,-21690.9,59.41,0.388267
14805000,69,307.813,-21707.6,78.9062,0.407533
14820000,50,225.54,-21670,50.2547,0.3667
14835000,62,276.831,-21693.3,72.5967,0.397867
14850000,67,317.39,-21683.6,55.8007,0.398733
14865000,56,247.551,-21695,57.339,0.413733
14880000,58,257.506,-21694.4,53.4694,0.396133
14895000,51,226.968,-21729.7,53.3246,0.389018
14910000,62,269.703,-21683.9,64.7268,0.402167
14925000,46,192.65,-21701.9,34.9545,0.392367
14940000,91,409.717,-21680.4,109.221,0.4146
14955000,94,433.558,-21657.6,92.539,0.419067
14970000,92,407.922,-21666.6,86.2506,0.417
14985000,60,264.354,-21677.1,53.1562,0.39135
15000000,56,236.546,-21669,59.9784,0.4002
15015000,64,313.666,-21679.3,62.701,0.3886
15030000,59,272.991,-21682.8,49.9307,0.393
15045000,65,280.522,-21717,72.1241,0.384822
15060000,57,270.709,-21702.6,53.5687,0.382967
15075000,61,253.778,-21684.8,58.1844,0.390567
15090000,56,258.036,-21697,63.5315,0.3857
15105000,68,291.399,-21694.1,62.5568,0.4008
15120000,53,224.904,-21690.2,56.1208,0.398767
15135000,40,168.236,-21703.8,45.1019,0.363816
15150000,77,341.292,-21664.8,69.6679,0.412622
15165000,56,253.897,-21686.2,45.3739,0.385267
15180000,51,219.669,-21717.5,45.8724,0.3982
15195000,54,234.376,-21730.9,65.3515,0.402044
15210000,59,263.83,-21693,68.9722,0.3906
15225000,57,248.919,-21702.5,54.9728,0.400333
15240000,60,264.052,-21708.1,55.7667,0.395756
15255000,61,276.707,-21703.5,59.5916,0.413233
15270000,44,202.772,-21701.7,45.8739,0.394733
15285000,56,251.742,-21707.5,60.9489,0.402733
15300000,49,213.246,-21703.4,49.9206,0.388
15315000,47,219.289,-21719,44.0649,0.384556
15330000,55,244.002,-21707.1,52.9328,0.3926
15345000,64,275.694,-21686.9,70.9384,0.394578
15360000,64,277.28,-21689.1,54.4861,0.39
15375000,45,203.079,-21705.5,37.8696,0.398644
15390000,59,272.311,-21677.4,65.1201,0.383567
15405000,58,244.312,-21698.2,68.0341,0.384867
15420000,66,276.434,-21688.5,61.1562,0.393667
15435000,73,327.86,-21680.7,87.7924,0.408733
15450000,70,306.906,-21673.1,60.2247,0.4082
15465000,76,346.742,-21670.5,83.7206,0.406733
15480000,42,187.752,-21698,40.9893,0.357383
15495000,80,358.237,-21684.8,78.8883,0.4009
15510000,67,295.96,-21699.5,57.9321,0.404333
15525000,66,289.171,-21692.6,90.3583,0.400267
15540000,54,248.871,-21700.8,51.0326,0.399691
15555000,67,292.419,-21708.6,59.2202,0.3949
15570000,47,217.416,-21717,54.4773,0.3923
15585000,63,272.58,-21690.5,52.4821,0.4067
15600000,59,241.278,-21698.8,66.0592,0.4104
15615000,36,167.139,-21729.5,34.2666,0.3816
15630000,45,206.234,-21735.4,43.5667,0.391467
15645000,48,220.599,-21732.1,46.7335,0.3906
15660000,55,251.022,-21704.8,72.7024,0.3732
15675000,38,153.949,-21721.5,29.5506,0.396267
15690000,47,203.962,-21713.4,43.2524,0.384633
15705000,52,236.353,-21711.1,65.4449,0.390267
15720000,47,199.898,-21709,49.6726,0.379067
15735000,49,225.926,-21723.6,45.4737,0.35429
15750000,36,155.497,-21746.8,34.6736,0.386093
15765000,49,219.75,-21701,48.2399,0.384222
15780000,52,243.243,-21680.6,57.7034,0.382733
15795000,55,259.531,-21703.7,43.7059,0.384467
15810000,46,209.805,-21719.2,42.2732,0.36184
15825000,46,206.181,-21717.1,41.8126,0.376333
15840000,42,185.769,-21721,37.6865,0.384267
15855000,53,243.315,-21714.6,58.4037,0.386
15870000,53,240.246,-21714.3,55.9392,0.401067
15885000,47,214.344,-21708.6,44.9495,0.405
15900000,47,200.029,-21705.9,45.0138,0.38825
15915000,58,268.404,-21698.8,55.5387,0.384133
15930000,48,226.69,-21713,36.7516,0.399267
15945000,53,240.682,-21689.7,51.4707,0.3598
15960000,60,270.829,-21663.9,47.9994,0.376067
15975000,50,216.826,-21717.1,64.6166,0.396311
15990000,63,291.798,-21681,57.7956,0.374867
16005000,47,212.355,-21714.1,43.6067,0.404667
16020000,51,212.644,-21670.8,40.6661,0.3777
16035000,47,194.739,-21756.2,51.2902,0.396167
16050000,56,258.593,-21729.7,54.7301,0.3924
16065000,47,215.259,-21721,45.4357,0.395567
16080000,58,266.426,-21712.3,51.1992,0.383067
16095000,51,219.754,-21727.3,63.1521,0.3946
16110000,53,215.186,-21714.8,46.7281,0.3966
16125000,59,260.517,-21651.6,63.3981,0.362581
16140000,58,261.508,-21716.4,55.1197,0.394367
16155000,51,234.145,-21670.7,47.7185,0.3816
16170000,48,227.854,-21739.4,48.5073,0.394333
16185000,56,252.918,-21712,58.6233,0.387267
16200000,60,267.428,-21708.5,58.7612,0.400133
16215000,56,260.391,-21712.3,71.4594,0.3932
16230000,51,248.644,-21709.2,54.4554,0.391133
16245000,44,190.928,-21704.2,55.3051,0.389667
16260000,44,191.663,-21674.2,42.367,0.363581
16275000,42,188.196,-21684.2,42.8129,0.345933
16290000,51,234.074,-21709.6,46.7194,0.3762
16305000,41,177.007,-21681.4,39.9961,0.3588
16320000,54,244.352,-21696.4,49.5488,0.389367
16335000,48,217.593,-21687,40.0521,0.3641
16350000,59,262.813,-21715.5,53.7437,0.390961
16365000,54,235.667,-21719.4,60.5918,0.416133
16380000,52,231.806,-21711.1,54.4314,0.400333
16395000,51,219.163,-21697,50.9318,0.382267
16410000,43,186.811,-21713.3,37.024,0.365333
16425000,61,277.465,-21687.7,61.4738,0.396167
16440000,55,229.007,-21696,60.0022,0.388533
16455000,39,184.932,-21715.5,31.5108,0.377193
16470000,68,292.349,-21709.8,69.3051,0.404433
16485000,64,286.339,-21703.8,63.6159,0.408467
16500000,52,228.056,-21684,46.5188,0.393867
16515000,37,157.654,-21718.5,46.9259,0.361317
16530000,41,193.658,-21717.1,45.411,0.351575
16545000,66,301.088,-21680.1,69.4206,0.3902
16560000,62,265.776,-21681.3,69.4879,0.407467
16575000,63,280.004,-21686.7,60.4376,0.411733
16590000,56,245.981,-21690.6,62.5415,0.4026
16605000,60,270.259,-21674.6,58.8711,0.390133
16620000,89,408.204,-21657,86.5443,0.414467
16635000,83,359.903,-21668.3,97.6208,0.419467
16650000,47,206.814,-21714.8,53.9247,0.3712
16665000,64,300.091,-21667.2,68.2611,0.407567
16680000,67,315.346,-21662.6,70.7393,0.403467
16695000,57,255.543,-21671.8,61.8593,0.3958
16710000,40,173.634,-21740.3,33.5395,0.382283
16725000,53,253.799,-21696.2,54.0232,0.391033
16740000,74,335.231,-21680.3,76.8133,0.397667
16755000,63,288.332,-21719.6,68.169,0.4142
16770000,32,144,-21725.4,28.6311,0.370108
16785000,33,148.502,-21754.3,37.1,0.381333
16800000,54,249.53,-21709.1,51.6327,0.394356
16815000,32,142.984,-21724.6,29.055,0.369711
16830000,47,216.945,-21710.1,53.9378,0.3785
16845000,39,178.947,-21720,38.7797,0.3764
16860000,37,173.294,-21741,36.8504,0.3756
16875000,56,256.042,-21715.6,52.3515,0.390222
16890000,60,269.814,-21719.1,60.4499,0.396133
16905000,61,284.917,-21730.4,69.8361,0.400267
16920000,35,165.558,-21730.6,38.2449,0.375667
16935000,39,157.642,-21706.1,47.15,0.358667
16950000,49,223.077,-21712.6,48.5791,0.388222
16965000,33,145.671,-21728.5,26.9926,0.370267
16980000,28,123.102,-21755.6,25.2469,0.366062
16995000,31,139.862,-21713.7,31.3383,0.375178
17010000,33,146.336,-21710.6,31.9919,0.355756
17025000,31,136.244,-21765.2,36.1233,0.350022
17040000,47,197.952,-21720.8,52.9465,0.364067
17055000,48,214.655,-21698.6,38.7279,0.381267
17070000,59,262.129,-21705.2,66.0749,0.374467
17085000,47,222.688,-21700.6,44.3681,0.404467
17100000,43,192.979,-21708.9,44.6424,0.387578
17115000,51,227.465,-21712.2,54.4399,0.3812
17130000,49,227.719,-21729.2,50.9366,0.380267
17145000,49,222.938,-21713.8,43.3506,0.390633
17160000,43,188.805,-21703.7,47.156,0.37655
17175000,41,193.462,-21735.6,47.6271,0.381467
17190000,42,182.045,-21721.5,42.1238,0.3731
17205000,39,171.203,-21709.8,40.5459,0.354667
17220000,48,224.682,-21714.8,45.323,0.380133
17235000,45,210.844,-21706.5,44.7807,0.399267
17250000,45,213.025,-21706.1,35.5759,0.390013
17265000,47,214.006,-21694.8,50.1199,0.385667
17280000,36,160.036,-21761.9,46.2306,0.378213
17295000,37,161.61,-21738.3,37.8575,0.3759
17310000,47,215.482,-21721.1,43.5091,0.3908
17325000,43,185.05,-21744.5,39.5153,0.386767
17340000,32,148.794,-21745.9,25.6585,0.370067
17355000,47,211.348,-21709.2,48.0001,0.378867
17370000,33,140.332,-21751.5,24.0786,0.372967
17385000,49,210.625,-21699.5,49.3775,0.3956
17400000,50,209.043,-21722.4,50.4039,0.392733
17415000,47,221.18,-21737.1,52.6832,0.3885
17430000,39,174.843,-21733.9,49.9578,0.378933
17445000,40,186.792,-21713.6,34.426,0.372244
17460000,39,167.43,-21740.7,38.6114,0.3725
17475000,43,199.478,-21729.3,45.5257,0.3796
17490000,45,188.051,-21734.2,47.0663,0.394467
17505000,51,236.801,-21699,49.4642,0.377933
17520000,47,210.65,-21729.5,34.6963,0.3699
17535000,52,237.688,-21697.4,68.8513,0.392233
17550000,37,175.354,-21730.9,51.7154,0.406333
17565000,48,216.655,-21690.9,51.9479,0.3709
17580000,39,168.619,-21725,32.9351,0.3806
17595000,51,226.017,-21722,40.6793,0.384867
17610000,53,243.966,-21715.9,57.2267,0.382067
17625000,31,146.348,-21736.6,40.3362,0.369952
17640000,44,195,-21722.8,39.4556,0.3874
17655000,43,198.854,-21720.9,35.0611,0.3872
17670000,34,152.735,-21740.9,51.8211,0.375844
17685000,61,269.179,-21719.2,66.5556,0.3964
17700000,48,210.787,-21728.8,44.9299,0.3746
17715000,38,169.479,-21728,42.0046,0.376
17730000,44,194.751,-21728.4,46.6532,0.384293
17745000,52,220.09,-21722.8,56.7283,0.396
17760000,54,251.281,-21692.4,63.3748,0.398507
17775000,41,192.166,-21695.5,40.6835,0.393067
17790000,45,214.244,-21696,47.0004,0.374467
17805000,41,176.252,-21702.2,48.6917,0.376217
17820000,49,213.648,-21695.9,54.4149,0.383067
17835000,59,261.017,-21724.8,48.8134,0.382692
17850000,51,230.501,-21716.4,53.7057,0.398267
17865000,49,214.57,-21705.7,47.8257,0.407533
17880000,47,218.456,-21718.2,31.9717,0.3977
17895000,52,236.005,-21709.2,51.2879,0.387367
17910000,35,157.809,-21721.3,34.5843,0.388733
17925000,43,204.413,-21726.8,56.8004,0.3924
17940000,47,219.876,-21700.8,52.9818,0.367117
17955000,36,157.487,-21703.4,39.2578,0.388573
17970000,46,214.813,-21716,39.6149,0.369933
17985000,41,188.41,-21729.8,48.213,0.380283
18000000,44,191.163,-21723.5,62.7476,0.368517
18015000,48,212.569,-21726.1,51.9468,0.387567
18030000,44,192.997,-21721.4,36.5771,0.378867
18045000,44,189.477,-21717.8,50.8647,0.380356
18060000,53,247.587,-21700.9,59.4216,0.387967
18075000,48,211.095,-21700.4,40.2295,0.386533
18090000,73,332.501,-21701.1,75.9804,0.3891
18105000,49,222.25,-21694.4,56.5561,0.3907
18120000,51,227.73,-21687.1,53.2236,0.3758
18135000,69,330.842,-21703.4,61.8862,0.404133
18150000,47,201.946,-21689.8,50.5541,0.389767
18165000,55,246.114,-21705.4,56.5697,0.389067
18180000,54,239.109,-21719.3,58.0972,0.405289
18195000,62,288.849,-21696.2,54.98,0.4019
18210000,41,192.87,-21725.5,36.0614,0.383667
18225000,51,222.956,-21718.6,51.0727,0.402511
18240000,61,274.326,-21701.6,61.1936,0.408333
18255000,42,183.318,-21719.1,46.9698,0.386689
18270000,58,270.555,-21689.8,56.5456,0.398933
18285000,55,242.436,-21712.2,53.0767,0.4067
18300000,63,289.994,-21725.2,61.0784,0.408133
18315000,59,267.304,-21710.3,58.5901,0.402511
18330000,48,222.749,-21702.5,42.7477,0.399733
18345000,60,258.914,-21706.5,52.4116,0.3968
18360000,44,205.141,-21694.5,51.4222,0.382433
18375000,59,251.084,-21703.6,56.7696,0.405552
18390000,58,258.236,-21710.7,60.0209,0.413733
18405000,44,197.348,-21706.6,38.901,0.383717
18420000,48,214.824,-21714.5,57.607,0.390133
18435000,41,180.691,-21698.9,51.231,0.365
18450000,57,253.625,-21708.8,56.6011,0.386
18465000,52,236.268,-21712.6,52.7693,0.397022
18480000,63,287.458,-21692.8,72.3304,0.3991
18495000,50,231.63,-21704.9,61.6741,0.394467
18510000,51,229.261,-21689.4,67.1829,0.3928
18525000,55,243.624,-21674.6,41.4267,0.394
18540000,48,213.28,-21702.6,50.2902,0.396439
18555000,55,244.531,-21719.9,56.8775,0.403467
18570000,48,215.314,-21714.9,49.6788,0.383378
18585000,61,278.01,-21679.9,53.7863,0.388495
18600000,53,246.786,-21725.1,54.6723,0.400711
18615000,60,262.464,-21691.4,47.9769,0.403467
18630000,45,208.402,-21704.5,51.5144,0.391133
18645000,41,186.743,-21728.2,46.5128,0.38432
18660000,42,190.973,-21707.7,32.6144,0.3963
18675000,46,203.777,-21703.3,45.9688,0.379533
18690000,53,245.517,-21709.5,54.2965,0.384822
18705000,58,253.609,-21694.3,63.3439,0.393567
18720000,57,245.86,-21719.3,76.2159,0.409633
18735000,51,232.51,-21696.7,46.8585,0.390833
18750000,48,220.972,-21677.6,52.8567,0.391333
18765000,53,239.572,-21688.8,40.6589,0.395467
18780000,51,227.732,-21715.5,45.8721,0.386047
18795000,52,227.844,-21693.6,52.9715,0.385133
18810000,50,226.693,-21715.1,37.4994,0.398
18825000,51,224.417,-21677.1,62.5756,0.386533
18840000,70,321.638,-21678.6,86.3228,0.388067
18855000,62,273.317,-21686.6,76.8238,0.413733
18870000,48,213.003,-21732.4,55.6043,0.386522
18885000,55,249.069,-21712.8,50.2238,0.400467
18900000,51,225.45,-21678.2,59.5637,0.389844
18915000,48,209.129,-21718.8,39.8754,0.385333
18930000,69,290.821,-21724.6,71.5632,0.402111
18945000,47,217.117,-21717.4,40.3824,0.4054
18960000,46,216.131,-21723.2,53.0079,0.375733
18975000,57,261.303,-21706.2,57.6574,0.3875
18990000,42,185.789,-21734.4,38.8485,0.385233
19005000,48,211.081,-21704.1,56.4601,0.402667
19020000,50,211.515,-21703,54.0677,0.409733
19035000,51,219.926,-21707.1,60.7189,0.380467
19050000,45,203.033,-21719.3,51.5878,0.384349
19065000,59,250.165,-21695.6,65.2969,0.386233
19080000,52,234.745,-21691.7,66.5624,0.395133
19095000,46,211.244,-21711.6,52.8287,0.390533
19110000,51,229.657,-21699.3,53.7157,0.388133
19125000,43,202.45,-21725.1,41.1783,0.393822
19140000,40,175.902,-21728.8,39.4404,0.371933
19155000,51,216.753,-21710.5,39.965,0.39335
19170000,47,213.526,-21734.9,38.0008,0.402267
19185000,43,182.391,-21731.2,53.3303,0.395867
19200000,52,224.074,-21708.8,48.0584,0.394311
19215000,52,239.295,-21711.4,51.5116,0.3936
19230000,42,192.27,-21733.3,41.9835,0.377333
19245000,64,295.155,-21705.9,84.9036,0.3979
19260000,59,268.94,-21694,59.4436,0.405933
19275000,48,226.692,-21699.9,46.4327,0.392987
19290000,44,202.251,-21738.6,58.5472,0.391367
19305000,52,242.667,-21676.6,54.727,0.385822
19320000,49,207.415,-21711.5,55.4195,0.369467
19335000,54,235.776,-21714.6,69.6387,0.382217
19350000,54,236.159,-21684.3,62.4472,0.384767
19365000,56,246.698,-21668.6,49.2823,0.391733
19380000,73,319.71,-21697,82.8846,0.399533
19395000,58,250.742,-21687.7,66.6709,0.407467
19410000,57,265.022,-21700.3,55.8872,0.39404
19425000,59,274.901,-21683.3,62.4353,0.392
19440000,72,339.533,-21692.5,54.0499,0.4086
19455000,62,271.251,-21683.6,46.8972,0.399244
19470000,53,238.244,-21705.4,58.0643,0.394267
19485000,43,191.88,-21724.9,47.7056,0.390108
19500000,57,267.118,-21702.6,56.9905,0.389844
19515000,45,213.846,-21730.6,53.2253,0.389
19530000,55,256.34,-21692.8,51.1445,0.388933
19545000,60,271.494,-21677.3,53.5464,0.3892
19560000,53,232.292,-21708.5,45.0114,0.3822
19575000,47,215.959,-21696,52.9039,0.400653
19590000,55,241.442,-21704.6,60.2599,0.38856
19605000,45,201.291,-21716.8,43.1671,0.380133
19620000,53,226.537,-21701.2,52.4089,0.406978
19635000,64,290.997,-21689.3,60.9694,0.3999
19650000,52,253.29,-21722.5,58.1196,0.411067
19665000,57,264.175,-21720.3,64.5226,0.4114
19680000,60,278.816,-21727,73.2088,0.386625
19695000,47,219.57,-21719.4,42.9276,0.390333
19710000,37,156.322,-21730.5,38.0051,0.395053
19725000,43,181.458,-21711.3,50.6205,0.395733
19740000,47,197.468,-21710.4,46.6423,0.3998
19755000,39,175.74,-21701.1,34.8401,0.394
19770000,47,208.175,-21706,42.6576,0.3824
19785000,48,222.057,-21705.4,43.784,0.375833
19800000,52,232.14,-21706,39.8278,0.396267
19815000,46,209.619,-21726.1,44.7727,0.386822
19830000,52,224.469,-21712.4,67.6937,0.382292
19845000,37,168.106,-21691.7,38.6326,0.382667
19860000,49,224.088,-21686.2,53.2913,0.384
19875000,38,167.971,-21726,41.9618,0.394133
19890000,50,216.918,-21697.7,46.6462,0.382356
19905000,57,267.312,-21676.3,47.798,0.396733
19920000,44,191.863,-21684.5,39.3155,0.389467
19935000,42,187.705,-21696.6,49.1368,0.381733
19950000,43,183.024,-21703.6,31.2539,0.3926
19965000,58,255.587,-21695.7,58.3921,0.402733
19980000,43,184.262,-21695.9,41.1395,0.404533
19995000,43,203.992,-21710.9,38.6167,0.385317
20010000,54,257.948,-21700.5,46.6466,0.390333
20025000,48,202.777,-21688.8,43.108,0.3864
20040000,50,220.131,-21710.8,40.3619,0.396867
20055000,47,218.49,-21703.6,50.7155,0.39232
20070000,54,241.667,-21712.5,48.3382,0.402167
20085000,46,219.356,-21718.1,44.0108,0.380033
20100000,49,214.362,-21688.7,36.498,0.3975
20115000,39,174.193,-21711.9,36.0066,0.376033
20130000,49,214.432,-21704.7,60.1626,0.387867
20145000,58,255.742,-21736.7,63.3246,0.388365
20160000,56,247.25,-21707.8,69.3399,0.394467
20175000,62,275.64,-21700.4,60.4247,0.399533
20190000,54,228.059,-21701.7,43.2167,0.400933
20205000,54,246.026,-21689.8,60.6587,0.403633
20220000,62,288.914,-21706.4,67.1772,0.4064
20235000,57,254.213,-21703.8,61.226,0.402933
20250000,58,261.263,-21704.6,57.3572,0.404267
20265000,55,242.709,-21685.1,59.4854,0.406133
20280000,46,212.955,-21753.6,44.891,0.39297
20295000,54,248.236,-21692.9,50.2652,0.393333
20310000,56,258.204,-21697.7,64.6097,0.403547
20325000,59,259.107,-21681.1,61.9569,0.414067
20340000,70,310.976,-21689,61.107,0.417867
20355000,53,244.673,-21686.7,57.797,0.410267
20370000,54,235.254,-21691.8,63.5655,0.383373
20385000,58,251.917,-21685.2,44.744,0.389733
20400000,48,211.235,-21675.4,51.1607,0.376467
20415000,55,243.525,-21666.6,64.2236,0.402033
20430000,67,299.331,-21685.4,65.7578,0.3912
20445000,59,246,-21691.3,59.9801,0.389333
20460000,59,257.308,-21692.9,48.486,0.399133
20475000,55,248.038,-21680.9,62.7231,0.400933
20490000,72,316.282,-21682.3,75.7665,0.409133
20505000,65,270.88,-21686.6,53.4519,0.376971
20520000,59,254.335,-21690.3,70.8115,0.401567
20535000,54,239.817,-21661.4,61.7777,0.390433
20550000,44,200.973,-21721.7,39.7692,0.395911
20565000,51,233.954,-21698.2,57.9277,0.400467
20580000,65,313.729,-21682.1,65.4121,0.388433
20595000,52,224.927,-21706.7,52.049,0.401767
20610000,57,251.103,-21678.3,57.9472,0.389233
20625000,58,255.508,-21705.7,57.333,0.393867
20640000,60,270.662,-21691.6,58.1283,0.3833
20655000,60,272.098,-21691.1,50.651,0.3996
20670000,53,248.535,-21712.6,49.8845,0.412911
20685000,55,241.937,-21726.4,47.3233,0.3948
20700000,62,280.61,-21698.8,66.1878,0.393978
20715000,57,255.528,-21664.7,52.0732,0.368883
20730000,56,250.607,-21710,53.1697,0.387667
20745000,44,185.78,-21714.9,45.4565,0.392017
20760000,55,249.416,-21693.5,41.6034,0.376333
20775000,52,229.872,-21685,49.8248,0.369533
20790000,60,266.673,-21698.9,58.6676,0.380267
20805000,45,207.673,-21692.5,41.7756,0.374467
20820000,47,196.451,-21699.8,39.7005,0.383817
20835000,53,231.98,-21701.5,56.9772,0.393467
20850000,51,225.995,-21721.3,45.1019,0.394867
20865000,69,313.244,-21701.6,63.8796,0.419067
20880000,74,343.443,-21682,73.6892,0.421467
20895000,78,341.271,-21693.1,71.4203,0.420933
20910000,63,301.761,-21703.1,55.1389,0.4222
20925000,50,222.053,-21697.7,52.0382,0.382147
20940000,50,215.072,-21682,54.2595,0.37397
20955000,69,300.177,-21710.7,68.576,0.404533
20970000,57,230.735,-21695.4,48.4053,0.390022
20985000,54,239.016,-21699.7,58.1438,0.385533
21000000,62,259.671,-21692.3,51.2107,0.406667
21015000,52,228.114,-21685.3,57.2939,0.379893
21030000,53,235.189,-21695.1,40.2945,0.381
21045000,62,277.986,-21710.5,69.0004,0.38665
21060000,67,295.08,-21695,62.9148,0.404383
21075000,69,304.664,-21690.2,68.3708,0.410933
21090000,63,274.522,-21706.2,65.4549,0.4062
21105000,69,309.666,-21696,60.5948,0.4122
21120000,78,347.159,-21682.7,77.8492,0.4124
21135000,71,306.548,-21677.1,67.6262,0.403467
21150000,67,298.778,-21710.8,72.6115,0.416667
21165000,74,332.286,-21696.7,78.6476,0.407133
21180000,70,313.206,-21700.9,67.4965,0.421267
21195000,60,274.458,-21707.1,71.1539,0.393182
21210000,59,244.338,-21695.3,62.5801,0.409767
21225000,42,177.588,-21706.6,51.5755,0.3877
21240000,49,209.157,-21699.6,45.3816,0.374133
21255000,64,284.712,-21699.8,59.6011,0.398644
21270000,48,208.896,-21705.7,44.4978,0.3844
21285000,64,275.619,-21697.1,75.4542,0.404167
21300000,54,240.015,-21701.4,55.0179,0.4048
21315000,55,249.476,-21708.6,56.0343,0.402733
21330000,50,236.929,-21714.9,47.1406,0.393017
21345000,57,260.397,-21723.6,66.5906,0.399233
21360000,52,204.571,-21698.1,55.2048,0.401667
21375000,57,251.819,-21720.8,48.4662,0.395322
21390000,45,207.353,-21725,47.9067,0.388517
21405000,45,195.534,-21708,41.7733,0.382567
21420000,51,220.214,-21694.8,51.6688,0.392233
21435000,44,195.86,-21739.1,53.6324,0.389533
21450000,59,249.375,-21696.8,71.0444,0.373133
21465000,64,305.396,-21685.1,53.1172,0.391067
21480000,82,360.56,-21665.8,98.5552,0.412
21495000,70,327.389,-21672.6,69.4183,0.410933
21510000,41,183.201,-21719.8,46.7463,0.391571
21525000,60,254.329,-21669.2,64.2643,0.390967
21540000,52,241.671,-21722.2,51.048,0.38541
21555000,36,160.523,-21714.9,31.3155,0.372311
21570000,43,183.666,-21695.3,45.5299,0.375533
21585000,38,174.462,-21738.6,42.2832,0.381911
21600000,56,243.999,-21683.5,46.8596,0.387907
21615000,38,167.992,-21730.5,35.8335,0.374033
21630000,53,241.684,-21664.9,48.0199,0.389
21645000,62,276.201,-21663.6,77.705,0.3918
21660000,40,183.783,-21744.1,43.0976,0.370978
21675000,50,219.191,-21691,50.007,0.391767
21690000,69,303.307,-21684.5,79.7266,0.389
21705000,71,312.995,-21686.8,79.3262,0.405867
21720000,43,173,-21716.6,39.4403,0.37562
21735000,47,187.682,-21702.8,60.7323,0.380733
21750000,42,192.921,-21721.2,44.3356,0.391833
21765000,63,273.527,-21679.1,58.1586,0.3967
21780000,66,281.972,-21674.7,68.4368,0.3948
21795000,63,281.176,-21682,63.5082,0.401267
21810000,43,190.977,-21713.2,43.9236,0.388933
21825000,45,200.819,-21693.9,55.3526,0.388711
21840000,60,278.286,-21673.8,73.5354,0.398956
21855000,51,225.376,-21707.8,41.1384,0.394033
21870000,47,192.859,-21716.2,46.5203,0.376317
21885000,55,242.477,-21676.3,60.5891,0.405756
21900000,52,227.967,-21715.9,48.3006,0.391578
21915000,67,308.963,-21700.4,75.1805,0.4009
21930000,69,285.873,-21696.3,72.2794,0.403933
21945000,59,253.129,-21682.9,54.245,0.397667
21960000,62,282.325,-21692.6,70.4469,0.390133
21975000,67,306.751,-21693.9,63.6585,0.403733
21990000,93,415.868,-21677.8,92.3263,0.423667
22005000,80,356.771,-21698.1,93.6761,0.424
22020000,75,333.95,-21682.1,68.5503,0.410467
22035000,57,250.397,-21680.6,62.4554,0.3962
22050000,66,299.135,-21674.2,70.7869,0.4
22065000,79,343.09,-21657.7,87.1365,0.421333
22080000,80,334.847,-21677.2,64.2642,0.414533
22095000,84,379.029,-21668.7,88.0767,0.4078
22110000,82,346.43,-21676,88.0666,0.4116
22125000,54,229.526,-21714.9,70.9325,0.396191
22140000,79,340.917,-21681.6,78.5859,0.3988
22155000,37,180.406,-21765.8,28.8695,0.385179
22170000,63,263.854,-21670.7,52.3584,0.4056
22185000,60,275.985,-21675.7,75.0425,0.392267
22200000,52,218.145,-21691.7,62.7186,0.3914
22215000,58,267.535,-21689.6,50.6206,0.393467
22230000,64,293.545,-21690.5,83.5275,0.392
22245000,63,279.562,-21679.4,61.7954,0.400133
22260000,49,215.873,-21679.3,52.1211,0.392748
22275000,63,285.192,-21686.7,70.5184,0.391767
22290000,66,303.879,-21680.7,69.3922,0.402067
22305000,63,292.599,-21682.7,70.5766,0.403533
22320000,55,248.116,-21694.3,48.3343,0.397817
22335000,58,256.076,-21685.9,55.6719,0.392333
22350000,31,157.028,-21750.9,33.2049,0.366062
22365000,58,252.048,-21688.5,65.2941,0.397667
22380000,53,244.104,-21689.8,41.1867,0.396756
22395000,44,196.152,-21697.3,41.5492,0.395533
22410000,51,224.059,-21710.4,49.3968,0.3898
22425000,57,269.735,-21705.5,74.5629,0.389933
22440000,35,154.72,-21744.8,46.0397,0.373322
22455000,31,131.698,-21726.9,33.0634,0.352733
22470000,56,260.017,-21684.4,55.4172,0.383222
22485000,57,256.156,-21681.9,48.0176,0.389267
22500000,51,226.351,-21699.2,61.5437,0.390429
22515000,52,227.993,-21686.9,52.6734,0.383233
22530000,57,240.558,-21700.4,59.792,0.3981
22545000,62,268.281,-21680.3,54.2171,0.400633
22560000,55,237.54,-21691.9,49.1882,0.393933
22575000,51,223.965,-21677.4,51.3867,0.385533
22590000,45,208.983,-21687.6,40.4842,0.373333
22605000,47,207.584,-21701.7,49.2848,0.388853
22620000,54,246.045,-21695.4,55.9151,0.3894
22635000,62,265.997,-21682.3,59.7016,0.3914
22650000,62,276.506,-21692.5,78.1211,0.408933
22665000,61,284.185,-21678.5,55.2691,0.411733
22680000,58,271.288,-21696.8,57.5199,0.398133
22695000,33,153.407,-21730.1,26.8881,0.370063
22710000,46,192.203,-21699,46.0518,0.389581
22725000,45,187.127,-21695.6,57.8675,0.393844
22740000,55,246.984,-21704.2,59.5985,0.380467
22755000,49,226.457,-21686.8,57.0382,0.383733
22770000,61,268.187,-21694.6,63.8823,0.387067
22785000,66,295.288,-21681.1,62.2939,0.3936
22800000,61,251.416,-21673,66.4998,0.3858
22815000,54,245.565,-21691.9,45.5453,0.387033
22830000,52,220.433,-21699.4,65.5053,0.3972
22845000,41,182.679,-21706.7,35.5845,0.3842
22860000,56,256.275,-21693.6,55.1584,0.381822
22875000,64,280.955,-21682.9,73.4147,0.389667
22890000,45,199.748,-21699.8,54.0167,0.390533
22905000,59,275.408,-21684.8,63.9448,0.386633
22920000,53,245.979,-21712.1,62.1916,0.3939
22935000,59,265.482,-21681,57.4031,0.408167
22950000,58,257.961,-21696,52.9477,0.392567
22965000,65,300.875,-21686.8,59.5807,0.414733
22980000,55,236.822,-21684.9,45.3264,0.399833
22995000,42,187.924,-21723.8,33.3292,0.400433
23010000,44,204.769,-21722,45.7508,0.396267
23025000,70,312.926,-21688.2,73.1046,0.392667
23040000,64,290.814,-21665.9,53.7563,0.409467
23055000,48,211.162,-21721.2,56.3143,0.400778
23070000,49,220.666,-21677.9,46.3337,0.394533
23085000,50,230.149,-21724.5,51.2291,0.390667
23100000,44,196.401,-21694.9,51.0895,0.392867
23115000,51,222.686,-21707.2,39.7528,0.390733
23130000,57,250.61,-21708.1,67.8461,0.3836
23145000,41,174.354,-21736.4,45.2399,0.384133
23160000,42,194.386,-21690.5,33.7035,0.392467
23175000,47,198.456,-21684.5,38.4126,0.370533
23190000,41,174.277,-21747.5,38.8256,0.381022
23205000,62,276.005,-21672.1,70.0723,0.399133
23220000,52,225.859,-21649.5,50.3658,0.3804
23235000,51,224.691,-21672.9,46.5769,0.3906
23250000,60,274.459,-21666.3,57.5913,0.3904
23265000,32,138.169,-21758.7,27.3643,0.379256
23280000,55,248.008,-21698.9,58.895,0.397967
23295000,62,277.326,-21684.3,62.6303,0.400667
23310000,61,272.471,-21670.3,61.8723,0.397533
23325000,64,276.171,-21690.3,60.2043,0.401333
23340000,42,188.516,-21708,40.9846,0.39082
23355000,36,171.783,-21748.7,30.2233,0.390267
23370000,56,242.034,-21678.8,51.5897,0.392333
23385000,54,241.789,-21724.7,58.8549,0.389289
23400000,47,192.066,-21749.8,48.5755,0.396444
23415000,42,183.741,-21734.6,32.5942,0.382733
23430000,38,175.803,-21743.2,44.6976,0.3758
23445000,50,218.833,-21703.8,54.9314,0.38345
23460000,54,244.32,-21692.1,56.0219,0.393433
23475000,75,324.711,-21670.7,72.0079,0.394333
23490000,55,248.725,-21680.2,52.9707,0.388622
23505000,54,230.725,-21685.7,49.0345,0.4023
23520000,68,321.012,-21686.4,61.7904,0.377367
23535000,47,219.739,-21701,51.4442,0.395333
23550000,55,239.419,-21698.1,52.3254,0.398233
23565000,49,227.454,-21691.1,55.8957,0.3848
23580000,60,265.801,-21695,68.4447,0.3928
23595000,41,181.465,-21725.6,40.1808,0.387024
23610000,46,212.39,-21700.4,37.0261,0.385567
23625000,54,230.883,-21701.4,65.8097,0.394944
23640000,52,236.563,-21718.3,52.8087,0.380433
23655000,62,290.411,-21681.5,58.7812,0.413967
23670000,60,267.095,-21682,60.0165,0.400667
23685000,47,208.736,-21729,47.6215,0.382856
23700000,52,221.82,-21715.3,63.5907,0.403783
23715000,47,219.076,-21727.8,48.8828,0.3888
23730000,54,252.153,-21696.3,47.3899,0.3878
23745000,56,253.67,-21690.4,51.6409,0.3884
23760000,41,173.995,-21672.2,41.2671,0.379133
23775000,54,247.774,-21708.4,60.4255,0.392533
23790000,32,137.829,-21735,23.2589,0.380962
23805000,52,239.922,-21726,45.6497,0.3826
23820000,47,219.242,-21726.8,32.7476,0.391233
23835000,49,232.585,-21714.3,42.4454,0.395
23850000,43,196.006,-21744.1,38.2386,0.3928
23865000,46,204.217,-21712.7,50.6782,0.3965
23880000,64,292.54,-21687.2,76.2734,0.392771
23895000,70,307.289,-21720.9,69.5825,0.412333
23910000,50,228.914,-21729.3,44.7067,0.396956
23925000,44,197.495,-21706.1,49.7492,0.398767
23940000,43,180.881,-21738,47.9954,0.3865
23955000,56,258.86,-21711.9,67.3139,0.403467
23970000,58,253.443,-21706.4,51.5885,0.3996
23985000,59,266.817,-21685.2,56.4705,0.398
24000000,68,303.818,-21682.3,59.2212,0.415667
24015000,61,268.544,-21694.8,77.3728,0.409
24030000,65,298.532,-21692.7,50.3288,0.414267
24045000,74,322.856,-21684.2,66.7263,0.4282
24060000,41,184.194,-21725.4,34.2772,0.407092
24075000,52,234.722,-21705.1,59.4121,0.403333
24090000,43,193.905,-21737.8,44.4662,0.399719
24105000,43,195.343,-21733.2,40.7382,0.384867
24120000,50,229.512,-21727.2,45.9705,0.398333
24135000,40,175.647,-21722.4,34.4157,0.3839
24150000,48,219.203,-21711.4,45.6103,0.372467
24165000,51,230.639,-21727.6,47.8104,0.3932
24180000,47,208.944,-21717.7,57.2888,0.386333
24195000,47,196.431,-21724.3,60.8596,0.392387
24210000,41,181.383,-21706.6,40.8115,0.382133
24225000,45,201.858,-21741,40.8357,0.400367
24240000,49,215.242,-21697.7,44.3016,0.398067
24255000,48,214.396,-21706.3,51.3745,0.4063
24270000,52,236.683,-21721,43.4164,0.398967
24285000,42,181.188,-21731.7,33.7553,0.3919
24300000,42,184.79,-21756.6,45.447,0.390617
24315000,55,237.733,-21701.9,67.0801,0.3841
24330000,47,200.288,-21726.1,58.5365,0.3966
24345000,63,271.002,-21724.9,60.1196,0.402133
24360000,36,165.72,-21741.1,46.6169,0.382833
24375000,54,242.153,-21707.3,47.8639,0.393433
24390000,52,247.717,-21720.4,59.4547,0.387933
24405000,49,208.171,-21722.6,36.2424,0.3812
24420000,64,289.934,-21730.3,68.3333,0.3948
24435000,39,180.303,-21725.8,45.1455,0.388333
24450000,46,196.748,-21718.3,44.0847,0.388328
24465000,51,229.444,-21698.9,35.0294,0.373633
24480000,53,248.407,-21710.6,44.7571,0.382533
24495000,56,256.398,-21707.3,59.9478,0.392933
24510000,54,240.016,-21706.5,53.3369,0.3956
24525000,38,168.782,-21736,38.2287,0.379552
24540000,49,215.699,-21691.3,59.485,0.388056
24555000,60,271.786,-21723.4,70.2139,0.390711
24570000,61,277.647,-21728.1,58.034,0.398267
24585000,61,277.777,-21697.1,63.806,0.400733
24600000,63,274.172,-21720.5,66.957,0.388467
24615000,56,247.097,-21706.5,50.1553,0.402
24630000,60,255.259,-21692.1,53.4173,0.398667
24645000,35,147.383,-21737.3,32.8836,0.377417
24660000,36,171.172,-21738.3,33.6941,0.360267
24675000,62,265.873,-21720.2,62.4426,0.403133
24690000,45,203.477,-21760.6,42.867,0.375133
24705000,44,198.733,-21710.5,43.795,0.387
24720000,44,194.923,-21735,36.1117,0.365667
24735000,38,169.752,-21711.7,39.2564,0.366533
24750000,45,204.203,-21714.4,38.6121,0.369733
24765000,57,255.233,-21688.7,68.4891,0.385556
24780000,61,263.048,-21680.8,74.1358,0.405933
24795000,55,251.693,-21710.3,56.0152,0.366448
24810000,42,189.031,-21704.3,39.1576,0.388933
24825000,56,248.657,-21710.6,68.001,0.387667
24840000,50,238.591,-21717.7,55.4429,0.381733
24855000,60,269.631,-21734.6,69.8585,0.402467
24870000,53,234.895,-21734.9,54.1446,0.405867
24885000,51,230.694,-21725.5,54.5748,0.400717
24900000,61,274.624,-21688.8,67.9745,0.401267
24915000,58,246.025,-21696.9,55.1227,0.4088
24930000,61,265.345,-21701.2,57.4508,0.406444
24945000,64,301.524,-21716.3,57.9187,0.412267
24960000,50,218.346,-21717.2,48.4077,0.397467
24975000,52,221.393,-21702.3,47.2685,0.391104
24990000,53,240.123,-21718.9,53.4021,0.3916
25005000,45,198.83,-21716.3,44.3822,0.385156
25020000,50,227.446,-21703,46.6123,0.392867
25035000,43,192.379,-21697.3,45.0342,0.361933
25050000,56,253.43,-21706.9,60.1599,0.376
25065000,57,250.042,-21685.9,63.6041,0.3976
25080000,56,259.729,-21704.7,66.5248,0.3792
25095000,56,254.301,-21710.7,61.56,0.3938
25110000,44,206.155,-21723.1,55.6588,0.382178
25125000,49,222.039,-21693.6,62.082,0.3818
25140000,45,211.232,-21702.5,54.7254,0.364867
25155000,44,194.479,-21702.3,44.8627,0.378507
25170000,54,248.764,-21715.1,61.7751,0.3832
25185000,52,226.95,-21704,50.5492,0.3782
25200000,49,225.304,-21706.7,51.4997,0.392267
25215000,39,169.882,-21733.3,42.9525,0.386213
25230000,66,300.413,-21697.8,74.0587,0.3943
25245000,49,216.246,-21712.4,49.3062,0.380567
25260000,52,231.999,-21736,56.3079,0.388522
25275000,48,213.538,-21730.2,53.5757,0.3894
25290000,53,229.067,-21720.3,65.5161,0.403333
25305000,53,237.377,-21720.9,63.557,0.411267
25320000,50,224.636,-21714.7,51.796,0.405267
25335000,57,255.672,-21714.4,53.4146,0.399617
25350000,72,316.953,-21703.8,86.3861,0.411133
25365000,54,240.023,-21730.1,63.1531,0.393629
25380000,52,226.971,-21688.1,50.1789,0.402117
25395000,59,268.392,-21693,49.5582,0.3974
25410000,40,183.797,-21733,40.1486,0.389178
25425000,47,208.172,-21684,52.1642,0.393233
25440000,53,235.234,-21690.2,46.7796,0.411733
25455000,45,209.426,-21728,41.2639,0.381356
25470000,39,185.12,-21735.1,43.3342,0.386933
25485000,52,235.914,-21718.8,46.8112,0.391593
25500000,44,204.643,-21713.2,47.7695,0.398267
25515000,50,231.628,-21692.5,59.8561,0.396133
25530000,37,167.058,-21751.3,35.1164,0.386111
25545000,61,282.102,-21696.7,60.2702,0.403267
25560000,42,182.044,-21754.6,36.4503,0.384878
25575000,43,197.683,-21749.8,46.689,0.392378
25590000,37,173.105,-21739.3,27.1225,0.382
25605000,37,166.382,-21741.1,33.881,0.365467
25620000,53,233.748,-21688.6,55.3803,0.38676
25635000,42,193.629,-21695.2,39.3602,0.393533
25650000,46,216.705,-21748.1,43.783,0.390022
25665000,45,194.676,-21744,52.4634,0.383267
25680000,54,231.959,-21677.3,59.6986,0.397267
25695000,55,237.531,-21690.2,49.9539,0.391067
25710000,59,267.961,-21689.8,54.0223,0.399067
25725000,53,246.145,-21726.2,55.9654,0.3945
25740000,49,230.176,-21705.7,60.5596,0.397967
25755000,35,148.68,-21704.5,31.3802,0.373662
25770000,44,206.641,-21701.4,40.5647,0.3636
25785000,60,271.974,-21703,50.0979,0.386983
25800000,45,212.726,-21710.8,46.9381,0.3637
25815000,54,243.817,-21700.1,61.5193,0.3896
25830000,49,222.489,-21693.2,45.4363,0.387133
25845000,50,211.998,-21711.8,50.2457,0.388552
25860000,61,281.977,-21711.7,80.8158,0.385233
25875000,56,255.062,-21694.1,49.0186,0.377107
25890000,63,276.52,-21689.1,71.5464,0.394767
25905000,43,199.602,-21732.3,50.2199,0.3788
25920000,61,272.375,-21719.2,66.2417,0.404633
25935000,38,185.073,-21719.1,41.41,0.369667
25950000,58,263.578,-21714.2,58.7828,0.3981
25965000,60,258.994,-21707.5,69.8199,0.383025
25980000,75,308.898,-21678.2,79.0839,0.405567
25995000,55,222.236,-21680.3,53.1024,0.4008
26010000,57,247.103,-21685,67.7828,0.408422
26025000,57,253.54,-21688.7,53.3688,0.3978
26040000,72,311.817,-21704.9,62.2843,0.397644
26055000,59,255.845,-21700.3,53.2637,0.3948
26070000,54,237.407,-21681,62.0989,0.395033
26085000,82,343.14,-21680.7,100.342,0.408767
26100000,56,252.621,-21690.7,52.7307,0.3832
26115000,62,276.546,-21672.8,56.0011,0.392867
26130000,54,240.889,-21699.5,55.2457,0.4036
26145000,55,251.448,-21679.9,54.8728,0.402233
26160000,55,236.149,-21675.6,50.5481,0.400533
26175000,59,260.196,-21677.6,66.1167,0.391133
26190000,53,247.333,-21677.7,58.6999,0.3832
26205000,44,191.743,-21702,46.4566,0.380627
26220000,41,179.008,-21671.1,39.5652,0.379167
26235000,47,204.354,-21682.6,37.8798,0.361933
26250000,54,245.265,-21688.4,50.4831,0.391
26265000,45,194.102,-21728.2,48.9875,0.378667
26280000,53,215.356,-21706.2,57.0655,0.38269
26295000,46,195.557,-21714.6,45.5228,0.371933
26310000,56,254.611,-21720.8,67.2422,0.384933
26325000,48,217.798,-21724.6,46.259,0.411067
26340000,43,194.293,-21703.6,48.412,0.393311
26355000,45,208.858,-21711.1,37.6203,0.400833
26370000,61,254.581,-21696.1,70.7448,0.395011
26385000,45,188.011,-21692.9,47.1606,0.388133
26400000,49,223.747,-21712.8,46.6675,0.391711
26415000,46,208.745,-21710,46.3228,0.375333
26430000,52,235.234,-21704.1,48.72,0.381067
26445000,47,208.37,-21686.4,45.005,0.400347
26460000,60,276.541,-21700,62.9394,0.4004
26475000,65,287.855,-21705.9,66.3307,0.416467
26490000,49,227.741,-21691.6,50.5696,0.3881
26505000,63,273.76,-21699.1,55.943,0.410233
26520000,61,278.869,-21694.9,69.4925,0.4166
26535000,53,232.28,-21714.9,49.2714,0.3988
26550000,52,228.372,-21709.1,64.2471,0.401933
26565000,69,313.02,-21704.4,71.7448,0.4042
26580000,70,308.721,-21688.8,77.0694,0.4134
26595000,47,215.836,-21722.9,31.5313,0.390648
26610000,38,178.221,-21726.4,38.5314,0.390433
26625000,53,231.537,-21714.8,48.6185,0.3942
26640000,56,249.006,-21718.2,53.5303,0.398533
26655000,57,253.479,-21704.6,52.6785,0.401133
26670000,62,279.148,-21677.4,77.9374,0.418067
26685000,52,242.728,-21693.2,45.4174,0.398422
26700000,58,260.405,-21676.4,60.1729,0.3876
26715000,72,320.268,-21699.8,89.8337,0.404733
26730000,69,316.579,-21706.4,84.7461,0.402633
26745000,57,263.766,-21706.4,53.2986,0.404433
26760000,50,215.881,-21681.1,52.4289,0.385267
26775000,49,214.778,-21701,50.9952,0.400067
26790000,45,200.778,-21725,47.4937,0.372933
26805000,44,196.845,-21701.7,40.4683,0.386911
26820000,55,245.305,-21687.7,51.655,0.381267
26835000,52,227.964,-21698.6,50.4789,0.397667
26850000,55,233.466,-21719.9,43.5453,0.396267
26865000,53,240.808,-21689.5,47.4593,0.386231
26880000,50,227.903,-21687.7,44.6215,0.371533
26895000,58,256.35,-21685.4,63.5323,0.377667
26910000,50,216.983,-21681.1,41.4534,0.383667
26925000,51,238.225,-21694.3,50.4662,0.390973
26940000,47,205.503,-21689.5,38.9528,0.3866
26955000,45,191.378,-21703.3,50.5606,0.3992
26970000,42,193.091,-21723.2,51.404,0.3861
26985000,46,210.026,-21744.7,43.4012,0.3834
27000000,41,189.182,-21725.2,29.2563,0.381267
27015000,43,188.723,-21719.4,41.6793,0.3906
27030000,48,199.81,-21703.1,42.2774,0.369142
27045000,47,194.34,-21695,47.024,0.365667
27060000,51,219.597,-21702.5,48.5316,0.384914
27075000,53,216.948,-21693.8,53.7934,0.381667
27090000,46,189.531,-21698.5,50.9865,0.373867
27105000,54,253.16,-21694.3,42.1803,0.390867
27120000,46,218.036,-21678.4,37.8139,0.382067
27135000,64,294.334,-21700,59.7068,0.372333
27150000,65,292.632,-21691.1,52.792,0.403533
27165000,58,245.716,-21700.1,53.0291,0.399467
27180000,53,247.504,-21705,52.1928,0.377142
27195000,52,227.652,-21693.7,67.1991,0.388978
27210000,71,317.496,-21680.9,78.3317,0.394689
27225000,63,279.585,-21703.2,55.4356,0.411733
27240000,61,285.913,-21690.1,67.7208,0.3866
27255000,61,279.101,-21716.7,68.169,0.399
27270000,61,273.314,-21680.5,65.6017,0.391467
27285000,60,261.539,-21690.2,61.2082,0.383133
27300000,59,275.84,-21703.3,58.795,0.3836
27315000,64,305.106,-21703.5,57.1876,0.3974
27330000,50,224.41,-21707.3,60.6376,0.384853
27345000,49,231.322,-21714.4,35.3719,0.403333
27360000,59,255.961,-21701.1,51.3863,0.400911
27375000,51,227.325,-21704.2,52.167,0.401067
27390000,52,237.511,-21700.6,47.528,0.3874
27405000,62,280.543,-21696.3,68.2507,0.404667
27420000,55,243.567,-21678.8,59.5774,0.389067
27435000,54,250.009,-21688,54.265,0.390233
27450000,67,304.733,-21700.3,75.1813,0.401267
27465000,61,277.112,-21704.2,54.5622,0.418467
27480000,50,231.861,-21724.3,49.831,0.390333
27495000,52,236.998,-21697.3,66.7002,0.3862
27510000,51,225.484,-21691.6,47.7718,0.403
27525000,61,283.769,-21672.5,55.5939,0.392889
27540000,59,258.83,-21682.6,54.3078,0.4004
27555000,60,275.211,-21678.6,56.648,0.388267
27570000,58,265.903,-21688,74.5246,0.3916
27585000,61,266.114,-21703.9,67.4265,0.380533
27600000,75,314.289,-21663.5,72.4462,0.398067
27615000,75,312.504,-21659.2,83.9517,0.398067
27630000,77,349.105,-21669.4,75.4661,0.398
27645000,87,392.133,-21689.8,82.6052,0.413333
27660000,72,318.64,-21672.5,79.9538,0.403667
27675000,68,320.094,-21663.5,66.1599,0.400267
27690000,57,258.773,-21680.1,67.4933,0.3924
27705000,70,323.289,-21686.5,56.184,0.390267
27720000,81,361.047,-21688.4,87.6623,0.398733
27735000,56,251.826,-21692,51.3318,0.402182
27750000,62,277.922,-21674.8,60.0002,0.400133
27765000,50,220.249,-21690.7,43.3268,0.392433
27780000,50,229.778,-21676.2,37.3512,0.389567
27795000,53,249.203,-21727.9,50.2343,0.387
27810000,48,211.177,-21715.7,50.7194,0.387067
27825000,59,274.606,-21716.8,50.6956,0.386267
27840000,54,238.182,-21685.1,74.2508,0.389733
27855000,53,229.374,-21700.9,42.3644,0.378333
27870000,47,199.915,-21706.1,46.5612,0.3716
27885000,55,247.433,-21715.5,44.09,0.385667
27900000,50,220.754,-21690.6,54.1559,0.394193
27915000,58,263.775,-21714.6,63.4063,0.3997
27930000,55,249.491,-21715,49.1928,0.395733
27945000,59,259.441,-21699.4,53.214,0.394667
27960000,54,241.403,-21696.3,45.2951,0.392133
27975000,48,217.746,-21713.5,39.4715,0.40565
27990000,60,282.672,-21698.1,63.161,0.387735
28005000,41,185.411,-21702,41.6316,0.3792
28020000,44,197.54,-21708.9,40.4263,0.373883
28035000,40,188.479,-21703.2,39.9931,0.3577
28050000,46,200.511,-21705.3,45.7668,0.380633
28065000,45,211.472,-21728.2,46.6102,0.368
28080000,51,227.778,-21696.4,56.1417,0.3862
28095000,51,235.902,-21724.8,35.7751,0.369667
28110000,49,234.164,-21729.1,47.859,0.3772
28125000,52,240.799,-21669.5,46.281,0.369156
28140000,55,246.543,-21694.8,66.3427,0.396333
28155000,56,252.841,-21676,60.856,0.377133
28170000,51,220.155,-21674.8,57.1927,0.381933
28185000,58,254.583,-21702,62.5529,0.396844
28200000,55,243.519,-21704.4,50.0918,0.387067
28215000,46,194.546,-21724.6,51.4372,0.363978
28230000,42,183.353,-21702.6,34.4298,0.3734
28245000,59,267.516,-21681.4,63.0975,0.384022
28260000,58,267.875,-21682.3,36.753,0.3856
28275000,65,289.565,-21670.7,55.4619,0.3954
28290000,56,226.593,-21680.3,52.2274,0.390133
28305000,64,281.62,-21682,63.9792,0.397
28320000,68,313.516,-21711.8,78.5861,0.3906
28335000,67,299.887,-21675.7,55.0799,0.394933
28350000,51,231.503,-21675.1,69.1422,0.368625
28365000,53,232.843,-21713.3,48.552,0.3837
28380000,45,208.598,-21704.4,52.8201,0.384067
28395000,56,245.359,-21724.5,62.8546,0.366844
28410000,52,240.822,-21687.3,62.0405,0.3838
28425000,51,218.459,-21704,45.0918,0.375133
28440000,36,163.815,-21727.9,31.0493,0.380813
28455000,44,188.948,-21699.4,42.4762,0.365067
28470000,60,268.048,-21687.7,52.3515,0.384089
28485000,49,220.101,-21704,47.9157,0.3755
28500000,46,213.964,-21680.5,43.4953,0.3747
28515000,60,277.767,-21691.1,59.7619,0.3936
28530000,68,293.447,-21666.8,73.9002,0.4076
28545000,55,237.259,-21699.6,70.4106,0.3924
28560000,55,249.808,-21687.8,48.1916,0.399733
28575000,55,228.388,-21687.4,62.0227,0.375267
28590000,52,213.205,-21676.3,49.1922,0.3768
28605000,50,228.64,-21687.8,51.4656,0.380533
28620000,54,241.411,-21715.2,41.1229,0.373744
28635000,61,283.999,-21679.3,59.5622,0.378667
28650000,58,266.363,-21701.7,50.9684,0.3982
28665000,49,230.38,-21699,50.731,0.3911
28680000,47,200.263,-21694.8,44.9429,0.378133
28695000,49,220.397,-21699,40.8583,0.380089
28710000,54,227.636,-21679.9,53.0082,0.395267
28725000,47,204.732,-21690.6,34.6987,0.381733
28740000,53,223.209,-21690.5,56.0035,0.376089
28755000,56,234.168,-21703.1,48.9917,0.370483
28770000,57,259.492,-21692.1,51.6586,0.371767
28785000,45,195.244,-21685.5,49.3776,0.384133
28800000,31,141.325,-21728.3,27.6473,0.361978
28815000,58,259.205,-21705.9,59.825,0.375867
28830000,60,264.408,-21709.7,60.7045,0.385933
28845000,57,260.107,-21677.1,52.1485,0.385833
28860000,45,194.548,-21710.2,58.6252,0.393833
28875000,51,223.954,-21695.7,52.2529,0.360933
28890000,66,301.039,-21685,66.5438,0.381633
28905000,51,235.128,-21672.5,54.9558,0.391733
28920000,55,233.045,-21672.5,42.6435,0.384267
28935000,59,249.857,-21674.1,65.789,0.370667
28950000,67,278,-21661.9,67.1608,0.391467
28965000,50,224.483,-21661.5,65.7986,0.361233
28980000,68,312.069,-21665.7,64.7048,0.405167
28995000,66,284.321,-21677.6,76.1706,0.392467
29010000,46,211.899,-21676,46.6475,0.347844
29025000,41,171.703,-21681.1,44.5854,0.349267
29040000,36,156.645,-21725.6,39.3939,0.375962
29055000,42,194.022,-21674.7,40.1131,0.36435
29070000,45,205.85,-21700.5,51.4633,0.344933
29085000,50,224.464,-21672.2,60.2946,0.347833
29100000,43,196.47,-21694.2,43.9799,0.3644
29115000,46,197.781,-21676.9,38.3344,0.3488
29130000,52,230.081,-21689.7,51.5347,0.3522
29145000,45,204.251,-21724.3,51.1711,0.36728
29160000,44,172.354,-21712.1,54.6222,0.362333
29175000,39,164.146,-21713.4,57.1211,0.3544
29190000,41,190.863,-21721.4,35.3607,0.368553
29205000,41,175.504,-21697.9,43.1832,0.372067
29220000,41,185.025,-21688.8,52.843,0.360556
29235000,49,227.865,-21690.5,59.7061,0.368444
29250000,53,225.691,-21703.7,51.5475,0.367889
29265000,60,265.387,-21687.4,54.6924,0.408
29280000,50,216.775,-21702.3,44.5018,0.386067
29295000,55,244.327,-21670.3,48.6785,0.36808
29310000,60,275.127,-21657.3,57.7092,0.354333
29325000,46,206.645,-21694.9,42.4385,0.383478
29340000,55,233.176,-21703.5,44.2814,0.381517
29355000,55,247.581,-21672.1,58.3286,0.370378
29370000,63,284.058,-21671.7,63.6911,0.3738
29385000,61,274.891,-21678.6,57.197,0.381467
29400000,70,314.719,-21671.6,68.5437,0.393
29415000,59,260.061,-21654.4,61.3977,0.3842
29430000,52,230.536,-21679.6,48.7629,0.378133
29445000,48,210.67,-21691.1,44.8282,0.358133
29460000,61,274.812,-21695.8,57.1954,0.401617
29475000,52,232.325,-21667.9,59.5475,0.39302
29490000,65,299.269,-21675.2,77.9174,0.383533
29505000,48,221.116,-21727,48.7034,0.399889
29520000,54,233.694,-21699.8,49.1719,0.398933
29535000,52,226.073,-21695.7,64.7041,0.4072
29550000,37,167.461,-21697.1,38.5555,0.36721
29565000,55,244.717,-21679.5,53.8771,0.377167
29580000,66,294.392,-21708.9,71.1046,0.398
29595000,57,275.619,-21675.7,57.3181,0.397467
29610000,65,280.008,-21695.7,60.5415,0.389
29625000,64,286,-21696.2,56.4953,0.404867
29640000,62,274.446,-21696.4,49.1268,0.3931
29655000,59,253.325,-21671,59.8822,0.394767
29670000,64,277.951,-21664,58.5574,0.400533
29685000,64,276.79,-21668.2,75.5704,0.397933
29700000,68,301.916,-21671.2,65.0836,0.392417
29715000,52,229.043,-21667.7,49.377,0.3862
29730000,47,204.218,-21662.4,46.0269,0.3746
29745000,48,212.378,-21678.5,54.5306,0.371533
29760000,55,223.453,-21660.9,61.1857,0.3752
29775000,50,212.414,-21680.4,51.9352,0.3638
29790000,54,227.891,-21673.6,54.4748,0.380067
29805000,54,225.499,-21689.7,58.393,0.386117
29820000,64,295.293,-21692.7,66.9426,0.366756
29835000,63,280.001,-21684.7,63.9268,0.408633
29850000,67,300.338,-21691.5,74.1792,0.411933
29865000,51,226.447,-21696.1,56.003,0.38616
29880000,67,301.977,-21695.2,65.0228,0.423267
29895000,61,269.45,-21710.7,52.1192,0.415133
29910000,53,239.263,-21708.2,46.7757,0.398867
29925000,51,232.253,-21704.3,38.4361,0.401933
29940000,50,219.283,-21709.2,51.8339,0.378653
29955000,56,245.929,-21721.7,54.4332,0.387033
29970000,58,253.282,-21717.7,63.0195,0.4064
29985000,56,264.094,-21701,48.1561,0.414733
