generation,N_shifts,logPrior,logLik,eventRate,acceptRate
0,0,-80.5698,-22324.1,100,1
15000,1,5.02636,-22071.5,3.70675,0.225985
30000,1,5.61099,-22044.9,0.359592,0.225633
45000,2,5.61215,-22058.1,1.53225,0.3141
60000,2,9.52375,-22025.3,3.68542,0.2546
75000,2,8.44049,-22042.6,0.80836,0.3103
90000,2,8.21536,-22045,3.8294,0.2708
105000,3,12.8995,-22004.6,5.31074,0.285397
120000,5,23.4699,-22039.1,10.2828,0.318033
135000,5,24.1991,-21996.8,5.77912,0.243853
150000,4,17.078,-22007.1,5.49604,0.277267
165000,8,38.3115,-21979.9,6.62583,0.305867
180000,3,14.001,-22005.6,3.38478,0.277867
195000,12,51.0463,-21944,8.41001,0.310922
210000,9,44.3639,-21931.5,6.70997,0.307067
225000,5,24.3174,-21987.5,3.55849,0.279044
240000,8,38.2962,-21934.6,12.2803,0.3151
255000,12,55.1605,-21933.5,16.0808,0.317067
270000,8,36.8831,-21954,11.6845,0.325173
285000,10,44.3041,-21950.1,8.89682,0.322333
300000,9,40.6896,-21947.3,8.54813,0.348133
315000,13,62.2403,-21926.7,12.6596,0.342933
330000,21,93.6809,-21877.5,20.4982,0.33928
345000,21,93.4269,-21859.9,15.68,0.381533
360000,18,78.8037,-21866.9,23.8935,0.362733
375000,16,73.503,-21860.3,18.5462,0.354
390000,24,96.286,-21865.1,32.4677,0.376667
405000,21,96.1198,-21857.6,12.8648,0.389333
420000,14,60.8275,-21891.1,17.8736,0.356543
435000,17,67.8217,-21879.7,15.226,0.331867
450000,28,119.16,-21830.2,30.3867,0.379333
465000,32,144.415,-21800.3,31.212,0.3728
480000,38,137.788,-21846,45.1955,0.366622
495000,48,202.647,-21782.4,63.1735,0.3978
510000,57,251.512,-21780.9,62.3103,0.3912
525000,37,171.106,-21788.3,25.7378,0.387667
540000,62,278.211,-21749.6,62.2045,0.401689
555000,36,152.274,-21776.2,25.7106,0.385533
570000,64,266.036,-21756.8,65.342,0.415767
585000,59,252.283,-21759.4,51.4458,0.4126
600000,58,244.032,-21714.7,58.9091,0.400267
615000,71,306.806,-21697.5,70.6432,0.407533
630000,70,303.566,-21743.7,70.9098,0.412813
645000,71,298.721,-21692.5,63.8746,0.4151
660000,76,343.515,-21708,80.0629,0.410733
675000,76,333.811,-21683.7,70.9062,0.4206
690000,75,336.273,-21692.9,71.1673,0.4342
705000,82,354.844,-21758.6,92.1044,0.422387
720000,66,290.385,-21707.5,75.2646,0.414933
735000,59,269.666,-21726.8,53.5816,0.393867
750000,60,255.3,-21717.9,53.4456,0.4032
765000,57,253.139,-21756.6,52.4304,0.40295
780000,52,228.793,-21722.5,45.3138,0.396367
795000,53,216.949,-21728.3,38.6867,0.374467
810000,48,196.511,-21730.5,43.3559,0.3872
825000,56,233.201,-21753.2,64.4446,0.393
840000,57,246.76,-21739.1,58.3883,0.384
855000,76,340.622,-21708.6,77.6857,0.406933
870000,57,237.413,-21738.1,57.5951,0.405817
885000,76,321.314,-21689.2,84.6323,0.4098
900000,81,340.971,-21686.2,65.7072,0.4136
915000,79,348.308,-21691.5,81.5108,0.4124
930000,68,280.65,-21692.5,64.7104,0.3954
945000,72,317.69,-21724,75.4221,0.409333
960000,67,272.862,-21691.6,73.6148,0.402667
975000,54,234.416,-21742.1,45.9427,0.357151
990000,65,295.473,-21748.5,62.4296,0.411133
1005000,52,210.348,-21711.6,43.02,0.390711
1020000,57,243.495,-21734.1,63.4629,0.381067
1035000,70,297.253,-21711.9,58.7836,0.398333
1050000,79,341.019,-21702.4,73.1962,0.420467
1065000,64,276.45,-21698.9,61.5782,0.409267
1080000,66,279.845,-21690.4,67.3107,0.398886
1095000,74,321.203,-21684.5,81.0369,0.396067
1110000,41,179.195,-21750.2,30.4102,0.388683
1125000,79,340.569,-21671.1,97.1829,0.4049
1140000,84,351.948,-21694.4,84.159,0.4096
1155000,56,240.833,-21719,52.2182,0.40152
1170000,80,337.331,-21689.3,78.0854,0.4103
1185000,81,334.258,-21711.7,82.1581,0.419733
1200000,82,347.254,-21692.2,79.0425,0.407067
1215000,66,286.45,-21713.6,76.1939,0.403667
1230000,54,222.658,-21726.1,60.2912,0.399467
1245000,61,265.775,-21707,67.2444,0.404667
1260000,55,215.798,-21704.7,49.2743,0.394133
1275000,58,245.942,-21712.9,48.0906,0.400767
1290000,54,221.787,-21724.1,61.6276,0.387867
1305000,51,222.145,-21718.9,50.2396,0.392533
1320000,58,248.263,-21723.4,54.7401,0.3884
1335000,56,236.516,-21699.2,60.4457,0.387733
1350000,63,269.835,-21706.6,69.6598,0.3916
1365000,45,185.505,-21725.9,43.8332,0.390071
1380000,65,267.494,-21692.7,69.762,0.3874
1395000,67,279.188,-21710.5,63.9824,0.388733
1410000,69,304.785,-21685.7,72.0806,0.388933
1425000,55,242.835,-21759.5,56.344,0.383417
1440000,67,306.421,-21679.6,85.5809,0.390167
1455000,68,293.572,-21687.8,63.092,0.406
1470000,49,216.7,-21728,44.0095,0.3838
1485000,65,285.67,-21704.6,74.2962,0.3961
1500000,63,273.75,-21691,53.568,0.394667
1515000,63,282.998,-21733.2,67.8949,0.386844
1530000,55,253.215,-21713.8,54.1475,0.411133
1545000,52,222.675,-21708.2,48.0694,0.387257
1560000,69,296.831,-21694.2,60.9923,0.385483
1575000,62,258.778,-21713.8,64.8489,0.395022
1590000,68,287.428,-21697.4,79.087,0.3889
1605000,54,236.673,-21731.8,43.0426,0.402433
1620000,52,220.685,-21684,55.5043,0.3846
1635000,62,261.884,-21710.6,64.1846,0.3848
1650000,69,279.761,-21680.4,63.8913,0.4056
1665000,63,278.235,-21718,54.9447,0.397933
1680000,68,297.024,-21708.3,66.8623,0.397
1695000,57,264.07,-21733.5,64.3294,0.39452
1710000,71,307.377,-21690.7,60.8617,0.416
1725000,85,381.518,-21704.1,69.1602,0.412867
1740000,72,298.465,-21710.6,76.9515,0.407133
1755000,65,276.812,-21718.8,65.6369,0.396248
1770000,78,330.905,-21682.9,92.5236,0.407633
1785000,86,379.863,-21680.2,102.488,0.405733
1800000,56,233.134,-21732.1,52.417,0.391222
1815000,79,327.647,-21692.8,71.2973,0.404367
1830000,64,273.917,-21709.8,63.1275,0.398067
1845000,55,229.994,-21708.2,62.6576,0.380867
1860000,59,256.295,-21693.2,66.9644,0.3816
1875000,55,226.611,-21722.4,60.5102,0.389978
1890000,60,250.812,-21699.7,46.8112,0.391272
1905000,56,244.154,-21699.4,64.8893,0.389778
1920000,65,277.843,-21699.5,80.8491,0.402311
1935000,67,285.589,-21688.8,72.107,0.387
1950000,66,291.051,-21671.5,67.5036,0.389333
1965000,77,324.932,-21669.5,70.9662,0.3937
1980000,75,333.116,-21699.1,61.9216,0.4148
1995000,60,244.928,-21703.8,63.5396,0.401111
2010000,64,288.011,-21670.1,60.7394,0.402133
2025000,65,267.256,-21677.1,62.2558,0.3773
2040000,70,307.518,-21682.9,75.2126,0.39
2055000,75,328.734,-21674.5,72.6324,0.403467
2070000,69,309.712,-21675,71.3303,0.391067
2085000,63,275.064,-21673.2,67.1415,0.391594
2100000,54,215.394,-21677.9,54.0128,0.384253
2115000,57,240.47,-21660.1,61.5698,0.377533
2130000,76,334.994,-21659.6,76.6147,0.393317
2145000,62,251.492,-21677.9,70.3547,0.375467
2160000,76,342.407,-21650,89.6038,0.396833
2175000,74,313.833,-21676.6,75.7006,0.395867
2190000,69,291.965,-21661.4,79.4292,0.387067
2205000,73,308.488,-21679.1,68.4304,0.393467
2220000,69,296.738,-21680.9,83.9602,0.400267
2235000,60,262.882,-21692.7,47.2754,0.383367
2250000,63,275.573,-21698.5,55.8251,0.383767
2265000,65,272.01,-21672,58.4806,0.388467
2280000,62,267.728,-21699.5,50.615,0.387867
2295000,72,301.836,-21681,67.6307,0.3918
2310000,54,246.672,-21696.4,55.9746,0.379467
2325000,67,294.843,-21685.8,72.4828,0.381317
2340000,56,230.956,-21718.6,51.326,0.382633
2355000,57,254.384,-21713.6,53.6888,0.390667
2370000,50,218.722,-21678.4,48.4877,0.384667
2385000,72,297.203,-21690.6,74.1951,0.387733
2400000,73,301.763,-21685.1,94.1201,0.4008
2415000,67,289.283,-21687.4,65.5779,0.392733
2430000,70,304.92,-21685.7,62.4828,0.395067
2445000,60,260.885,-21677.4,53.0235,0.3912
2460000,60,274.781,-21681.2,69.3826,0.3828
2475000,67,291.357,-21685.4,67.3596,0.384652
2490000,61,270.741,-21668.1,56.6259,0.38
2505000,62,276.13,-21695.9,69.4612,0.402367
2520000,62,264.898,-21686.8,63.02,0.397133
2535000,54,245.979,-21705.8,42.7112,0.374014
2550000,58,259.85,-21680.1,59.978,0.398867
2565000,65,285.846,-21699.9,68.3401,0.397267
2580000,62,278.435,-21693.7,80.2245,0.391267
2595000,65,277.346,-21701.8,63.355,0.395867
2610000,72,313.941,-21697.6,63.8076,0.389675
2625000,52,221.134,-21693.8,54.7735,0.394311
2640000,52,220.874,-21679.7,67.2075,0.3903
2655000,58,242.19,-21687,66.8476,0.3832
2670000,51,218.539,-21703,60.1675,0.390733
2685000,59,240.458,-21674.4,59.866,0.3891
2700000,63,276.519,-21686.7,62.2866,0.390133
2715000,67,296.559,-21704.2,59.3659,0.3774
2730000,63,267.294,-21675,79.3175,0.3786
2745000,55,241.239,-21690.3,59.54,0.392133
2760000,67,272.372,-21711.2,72.8065,0.392311
2775000,45,192.217,-21741.7,44.1555,0.374733
2790000,61,270.366,-21662.7,63.6805,0.389978
2805000,71,295.172,-21695,54.1325,0.397933
2820000,59,253.118,-21692,53.393,0.3956
2835000,67,293.451,-21685.2,64.3236,0.378067
2850000,61,273.162,-21681,60.7272,0.395867
2865000,62,254.814,-21673.1,55.084,0.380033
2880000,44,187.364,-21669,49.8827,0.363067
2895000,63,263.306,-21671.9,59.856,0.3896
2910000,54,243.53,-21686,56.9232,0.3828
2925000,60,247.509,-21698,53.6713,0.3825
2940000,63,261.162,-21709.9,63.3862,0.3671
2955000,62,277.387,-21705.8,65.7312,0.398467
2970000,57,248.273,-21695.7,46.6712,0.384167
2985000,54,234.793,-21694,76.9985,0.385533
3000000,67,297.705,-21714.9,73.701,0.388222
3015000,55,222.608,-21696,53.3304,0.3815
3030000,63,281.343,-21682.9,70.9326,0.381267
3045000,57,236.343,-21687.6,65.3163,0.381133
3060000,59,253.059,-21712.3,60.1883,0.382867
3075000,51,231.858,-21697.8,52.5967,0.376667
3090000,42,173.979,-21743.2,57.8298,0.392667
3105000,52,228.602,-21703.1,63.5049,0.372317
3120000,56,244.565,-21701.7,66.0462,0.369333
3135000,56,253.411,-21713.9,72.9734,0.385289
3150000,46,198.958,-21690.7,38.7616,0.377433
3165000,61,255.509,-21697.1,63.3297,0.368333
3180000,53,211.186,-21693.2,62.3542,0.381333
3195000,64,271.646,-21696.9,56.2367,0.376667
3210000,63,278.353,-21710.6,53.6951,0.384467
3225000,49,205.165,-21740.5,61.0439,0.3856
3240000,56,245.527,-21704.6,61.4793,0.3776
3255000,50,200.53,-21757.5,53.8683,0.3831
3270000,55,243.904,-21725.2,59.7558,0.396933
3285000,62,258.681,-21690.3,80.4142,0.390289
3300000,64,273.104,-21703.9,56.3015,0.373222
3315000,59,256.799,-21709.3,65.8371,0.399467
3330000,60,282.184,-21679.5,62.485,0.382
3345000,53,226.357,-21738.5,50.6486,0.39116
3360000,57,244.861,-21699.9,58.563,0.385333
3375000,61,259.911,-21684.2,61.9439,0.372944
3390000,52,224.748,-21681.2,56.4907,0.369133
3405000,53,223.669,-21684,50.6739,0.379022
3420000,67,288.607,-21706.5,58.8357,0.375467
3435000,55,226.515,-21692.8,60.2269,0.378
3450000,46,189.845,-21716.6,43.3838,0.377314
3465000,45,182.117,-21734.5,33.7081,0.367933
3480000,47,195.575,-21677.5,45.4513,0.370622
3495000,54,226.892,-21712,52.7231,0.3688
3510000,62,265.625,-21693.5,66.6922,0.3786
3525000,76,324.783,-21704,66.6557,0.391317
3540000,51,218.904,-21691.8,51.3251,0.367917
3555000,51,224.309,-21677,56.2749,0.354733
3570000,61,264.535,-21681.3,67.2949,0.367067
3585000,43,193.868,-21680.9,41.206,0.3656
3600000,56,242.038,-21687.4,57.4662,0.385567
3615000,50,223.496,-21722.1,63.4705,0.399956
3630000,56,253.14,-21683.4,51.1615,0.380067
3645000,66,279.006,-21692.8,79.1149,0.3796
3660000,64,271.016,-21662.8,57.2374,0.395267
3675000,54,232.647,-21688.9,63.2089,0.3838
3690000,60,252.043,-21703.8,57.227,0.391973
3705000,68,269.917,-21697.4,74.42,0.386067
3720000,60,262.581,-21683.4,49.18,0.396533
3735000,71,286.926,-21673.2,60.2642,0.38215
3750000,49,203.468,-21725.9,46.5442,0.379861
3765000,44,199.815,-21690.8,32.8113,0.3825
3780000,48,194.979,-21719.8,45.416,0.3856
3795000,46,194.577,-21701.4,35.1015,0.368967
3810000,53,227.499,-21695.4,44.7124,0.390633
3825000,57,235.843,-21719.7,63.7633,0.381533
3840000,68,275.636,-21668,80.4174,0.382444
3855000,73,322.075,-21684.4,85.3378,0.3934
3870000,52,213.897,-21688.9,55.3177,0.374217
3885000,58,244.796,-21675.2,56.6165,0.3807
3900000,68,276.543,-21681.2,80.5645,0.384667
3915000,72,312.522,-21668.4,78.8963,0.375222
3930000,65,270.823,-21701,65.4823,0.3938
3945000,50,209.593,-21674.4,48.6954,0.375844
3960000,49,206.166,-21664.9,43.2594,0.367367
3975000,67,287.633,-21719.1,65.3147,0.390453
3990000,59,243.187,-21688.4,61.9367,0.376356
4005000,55,243.436,-21693.8,50.6284,0.381711
4020000,68,297.302,-21681.8,57.435,0.385267
4035000,62,257.658,-21681.4,76.572,0.394
4050000,63,266.894,-21695.1,56.7654,0.384
4065000,60,247.275,-21670.8,60.3392,0.373867
4080000,72,312.047,-21693,64.8058,0.396
4095000,68,303.472,-21687.9,61.9051,0.387
4110000,72,316.717,-21705.6,68.2939,0.401933
4125000,75,316.33,-21699.3,73.4937,0.3911
4140000,65,274.715,-21684.1,72.4808,0.3929
4155000,64,262.85,-21690.9,65.3609,0.4038
4170000,65,275.631,-21698.2,62.8606,0.401467
4185000,60,241.091,-21705.4,54.9655,0.38155
4200000,56,222.683,-21701.7,49.0711,0.3806
4215000,53,210.681,-21685.6,51.8684,0.38705
4230000,57,237.05,-21710.3,57.7368,0.376633
4245000,61,275.696,-21703.4,54.4942,0.380433
4260000,56,227.203,-21707.2,47.1802,0.396244
4275000,54,227.927,-21712.4,45.5119,0.379467
4290000,51,215.323,-21701.8,51.2158,0.368833
4305000,42,156.342,-21697.9,45.6114,0.367517
4320000,39,164.616,-21704.6,41.0153,0.3424
4335000,55,236.151,-21715.2,50.2348,0.390533
4350000,54,236.927,-21709.1,57.4176,0.3655
4365000,54,232.175,-21713.5,54.5726,0.380767
4380000,59,261.739,-21725.7,54.4331,0.387267
4395000,52,213.904,-21702.5,47.2721,0.374695
4410000,67,288.704,-21678.1,65.4899,0.387667
4425000,70,308.626,-21682.2,63.4054,0.387733
4440000,67,271.78,-21681.5,63.8493,0.387433
4455000,70,313.096,-21689.6,81.4624,0.394533
4470000,74,307.972,-21677.8,72.6565,0.3902
4485000,67,286.469,-21665.4,68.5255,0.396867
4500000,73,299.177,-21653.8,67.8612,0.391467
4515000,74,312.71,-21674.5,62.1308,0.405267
4530000,58,250.9,-21691.2,55.7635,0.381133
4545000,77,340.614,-21697.6,70.9529,0.409033
4560000,80,341.342,-21708,74.723,0.411067
4575000,66,277.354,-21695.7,76.6173,0.4086
4590000,50,206.322,-21702.8,43.2047,0.387962
4605000,64,276.711,-21682.7,67.3198,0.3845
4620000,57,226.362,-21681.2,52.9602,0.370344
4635000,47,202.33,-21695.2,54.8555,0.363467
4650000,66,276.635,-21681.3,68.8279,0.390578
4665000,59,269.287,-21703.7,59.6166,0.380587
4680000,57,233.755,-21681.5,57.8109,0.3871
4695000,53,230.939,-21685.9,59.3727,0.3892
4710000,54,235.143,-21719.6,45.9448,0.387444
4725000,51,219.798,-21689.9,51.1071,0.394
4740000,43,190.453,-21699.9,30.1035,0.383867
4755000,55,228.634,-21726.9,62.3157,0.393017
4770000,46,204.121,-21699.3,41.8634,0.368
4785000,49,200.104,-21690.6,43.7841,0.366267
4800000,46,187.288,-21709.9,41.3773,0.388
4815000,62,271.03,-21680.1,54.304,0.359567
4830000,63,269.371,-21705.1,68.7868,0.381867
4845000,82,342.419,-21695.8,83.6551,0.386981
4860000,59,268.382,-21721.1,60.8792,0.396083
4875000,72,313.609,-21693.8,71.4264,0.4125
4890000,62,259.125,-21711.4,60.3117,0.394567
4905000,78,325.43,-21688,69.2581,0.399667
4920000,86,376.392,-21696.5,101.967,0.415467
4935000,78,344.355,-21689.9,70.2329,0.409833
4950000,68,305.869,-21681.1,73.564,0.404467
4965000,72,308.097,-21697,72.2921,0.422067
4980000,71,304.889,-21696.1,81.6564,0.404267
4995000,78,353.824,-21691.1,73.0252,0.4062
5010000,47,203.902,-21705.5,39.9875,0.380967
5025000,50,217.231,-21718.2,41.1309,0.3694
5040000,83,367.549,-21688,88.9248,0.413622
5055000,70,298.292,-21681.1,69.6763,0.3986
5070000,53,220.792,-21709.4,62.5782,0.375044
5085000,52,224.486,-21705.4,48.0674,0.3788
5100000,58,228.919,-21721,65.1754,0.407022
5115000,54,226.313,-21716.1,60.8132,0.395339
5130000,54,222.066,-21715.6,59.1319,0.390267
5145000,52,215.724,-21712.2,44.732,0.386378
5160000,59,257.042,-21715.5,52.2583,0.3876
5175000,62,275.753,-21728,62.1693,0.390378
5190000,59,269.035,-21730.6,62.7902,0.3872
5205000,61,249.965,-21708,46.6925,0.384267
5220000,49,198.51,-21723.4,39.7539,0.377717
5235000,47,202.662,-21713.5,42.3974,0.3802
5250000,53,228.441,-21710.6,51.6304,0.370642
5265000,48,220.635,-21707.3,42.0202,0.3695
5280000,49,211.845,-21697.7,49.1694,0.364933
5295000,51,213.098,-21704.8,48.8191,0.370933
5310000,51,215.352,-21709.9,56.0692,0.379667
5325000,54,225.087,-21714.8,49.7968,0.385267
5340000,56,243.724,-21706.2,58.7196,0.385237
5355000,45,186.792,-21721.5,51.5831,0.375829
5370000,54,217.817,-21701.8,66.3928,0.3808
5385000,47,203.827,-21719.5,46.6164,0.365967
5400000,51,221.612,-21692.6,43.5604,0.379233
5415000,58,240.235,-21708.9,49.1291,0.385267
5430000,55,231.139,-21715.8,66.6708,0.374029
5445000,65,270.233,-21672,81.4989,0.384833
5460000,69,291.792,-21679.4,80.2638,0.413333
5475000,66,266.291,-21678,71.1782,0.379389
5490000,64,272.852,-21664.8,64.665,0.3904
5505000,55,221.578,-21662.2,63.4042,0.3796
5520000,83,370.696,-21673,78.8277,0.393417
5535000,63,274.333,-21663.4,64.9834,0.380667
5550000,67,274.277,-21669.4,65.8151,0.3806
5565000,59,255.116,-21716.5,58.8986,0.387667
5580000,61,264.749,-21646.2,50.7933,0.3868
5595000,76,338.275,-21639.2,57.7615,0.385267
5610000,82,376.393,-21636.6,61.9231,0.4016
5625000,77,337.86,-21680.6,81.8071,0.414667
5640000,55,220.637,-21658.8,53.8093,0.393867
5655000,71,302.786,-21660.9,68.5735,0.393704
5670000,57,253.399,-21675,62.335,0.3731
5685000,57,242.915,-21688,69.1912,0.367
5700000,78,349.946,-21693.3,83.9466,0.399556
5715000,87,371.581,-21685.7,81.5061,0.422467
5730000,78,327.34,-21713.6,87.7329,0.393448
5745000,77,331.074,-21672.6,82.7103,0.421767
5760000,71,304.228,-21688.2,88.7008,0.414333
5775000,68,282.547,-21697.1,84.718,0.404
5790000,71,297.746,-21692.5,79.119,0.408133
5805000,64,270.148,-21690.5,66.6763,0.400867
5820000,57,235.716,-21688,53.8187,0.402433
5835000,52,214.054,-21708.9,48.3301,0.392933
5850000,61,280.545,-21703.4,48.6634,0.390467
5865000,53,231.845,-21716.2,48.3005,0.389167
5880000,48,201.478,-21696.9,46.4743,0.376774
5895000,53,235.885,-21684.1,64.5627,0.376267
5910000,48,196.188,-21707.5,51.6452,0.3926
5925000,64,278.362,-21703.2,59.6072,0.399133
5940000,74,322.53,-21712.2,85.4481,0.407667
5955000,80,351.309,-21703.2,78.417,0.399744
5970000,65,293.473,-21699,54.8518,0.415667
5985000,56,234.372,-21701.5,53.2179,0.409333
6000000,56,232.254,-21674.6,56.644,0.37939
6015000,61,248.618,-21677.8,54.6234,0.372733
6030000,53,222.063,-21675.7,54.3353,0.3684
6045000,59,257.956,-21706.9,61.0752,0.385717
6060000,60,256.657,-21701.1,60.7807,0.408933
6075000,58,250.683,-21687.5,72.1333,0.390733
6090000,64,274.214,-21692.3,64.6761,0.4008
6105000,81,335.693,-21709.8,66.0143,0.407133
6120000,70,297.571,-21695.2,53.6243,0.389933
6135000,72,316.88,-21688,62.7954,0.4056
6150000,78,326.405,-21685.5,77.3947,0.405333
6165000,65,283.031,-21709.1,54.2662,0.405156
6180000,54,225.717,-21697.3,61.8607,0.37424
6195000,80,350.514,-21694,85.63,0.413578
6210000,66,287.933,-21682.7,64.9942,0.4018
6225000,82,340.736,-21662.5,89.5238,0.403933
6240000,65,278.593,-21675.7,60.9966,0.395533
6255000,50,193.683,-21686.9,61.2739,0.375187
6270000,63,272.397,-21690.2,67.0911,0.387233
6285000,59,262.076,-21689.2,62.0874,0.3874
6300000,58,256.534,-21682.3,63.15,0.366911
6315000,64,270.619,-21661,51.4179,0.389467
6330000,60,250.488,-21717.8,52.5319,0.402776
6345000,61,277.561,-21697.1,65.4664,0.397267
6360000,60,260.331,-21683.5,53.5047,0.394044
6375000,58,249.839,-21690.2,53.0981,0.3914
6390000,51,215.115,-21687,51.6737,0.374133
6405000,54,228.095,-21738.3,46.5731,0.375257
6420000,62,276.318,-21714.5,44.4753,0.399067
6435000,56,243.962,-21703.4,60.2402,0.398456
6450000,65,273.296,-21690.6,62.6355,0.3988
6465000,61,269.001,-21682.4,45.16,0.381817
6480000,67,294.434,-21699.6,57.8204,0.410467
6495000,55,251.319,-21705.4,69.5645,0.396356
6510000,53,224.823,-21708,66.411,0.380733
6525000,65,280.843,-21708.6,61.1431,0.3972
6540000,59,257.364,-21706.6,51.4745,0.398867
6555000,56,250.588,-21727.7,45.0782,0.392693
6570000,58,258.685,-21686.1,70.12,0.381567
6585000,83,362.178,-21684.9,91.0956,0.4064
6600000,69,302.062,-21672.2,64.6454,0.415067
6615000,71,297.962,-21709.9,75.349,0.403267
6630000,55,231.772,-21698.7,60.2136,0.399633
6645000,57,250.272,-21699.4,64.4151,0.372533
6660000,60,275.437,-21715.6,74.151,0.3866
6675000,45,182.893,-21733.9,40.8014,0.381633
6690000,56,251.418,-21679.1,52.5294,0.388692
6705000,66,282.723,-21695.3,72.0517,0.3876
6720000,68,307.379,-21691.3,75.2985,0.4051
6735000,53,232.565,-21691.2,69.1411,0.392167
6750000,68,301.455,-21713.3,86.9077,0.39816
6765000,73,322.602,-21694.9,72.6655,0.403089
6780000,69,299.3,-21721.4,59.8319,0.396867
6795000,58,240.955,-21699,65.1719,0.384533
6810000,61,272.839,-21710.2,51.954,0.388667
6825000,67,288.56,-21717,54.7367,0.409333
6840000,62,277.962,-21705,49.2061,0.404733
6855000,64,278.998,-21703.7,64.2081,0.399533
6870000,67,283.233,-21709.4,64.5359,0.391933
6885000,58,237.307,-21726.2,53.2867,0.382348
6900000,54,241.9,-21694.7,41.8285,0.3924
6915000,51,222.355,-21723.7,55.0857,0.383133
6930000,57,233.193,-21703.5,61.4426,0.384267
6945000,62,268.126,-21701.6,62.7564,0.401067
6960000,62,252.435,-21714.4,76.0825,0.405133
6975000,54,216.524,-21711.6,49.9585,0.3944
6990000,51,209.072,-21707.1,48.8489,0.366553
7005000,63,271.936,-21707.8,59.7785,0.409133
7020000,68,285.564,-21704.2,57.3592,0.396133
7035000,67,292.72,-21701.7,64.5168,0.400333
7050000,61,256.289,-21691.4,74.1534,0.375733
7065000,51,218.609,-21707.9,57.9191,0.394333
7080000,66,291.256,-21742.4,85.5683,0.391571
7095000,59,245.422,-21731.5,53.5031,0.407267
7110000,51,214.636,-21731.4,47.1006,0.383733
7125000,57,248.868,-21711.9,45.3684,0.376317
7140000,62,263.083,-21692.2,67.2803,0.398533
7155000,79,341.986,-21683,88.7298,0.4048
7170000,77,337.11,-21659.3,75.1854,0.4088
7185000,91,402.071,-21674.1,86.9051,0.411333
7200000,78,311.706,-21664.9,68.9936,0.3958
7215000,75,316.31,-21667.4,83.7546,0.412267
7230000,64,247.613,-21671,72.9087,0.406267
7245000,60,273.477,-21705.8,65.7815,0.392433
7260000,66,284.03,-21711.6,69.2672,0.394933
7275000,69,304.385,-21723.5,75.6274,0.416333
7290000,72,311.386,-21713.3,73.0433,0.417267
7305000,53,237.373,-21690.3,54.6718,0.373322
7320000,63,270.943,-21703.9,70.5076,0.4055
7335000,48,206.587,-21684.2,45.0206,0.361867
7350000,53,216.943,-21694,64.1957,0.366
7365000,54,216.734,-21678.6,47.4976,0.368533
7380000,47,209.127,-21717.4,44.856,0.3668
7395000,51,227.483,-21728.1,52.1145,0.4054
7410000,54,238.031,-21690.4,60.2795,0.3628
7425000,70,300.323,-21695.8,72.0415,0.398644
7440000,64,272.497,-21692.9,60.7425,0.392778
7455000,67,279.659,-21670.4,60.0502,0.396567
7470000,62,279.613,-21667.9,58.8803,0.393467
7485000,59,250.342,-21707.3,61.2747,0.382178
7500000,56,227.501,-21691.2,60.951,0.387367
7515000,61,275.487,-21705.9,47.6103,0.393333
7530000,51,216.139,-21675.4,53.4852,0.387067
7545000,63,269.38,-21693.6,60.7118,0.373563
7560000,62,253.911,-21661.3,54.3906,0.375933
7575000,60,254.837,-21670.4,56.4443,0.374067
7590000,56,236.451,-21701.4,47.6259,0.381314
7605000,72,318.888,-21677.4,89.7325,0.3878
7620000,62,247.145,-21664,72.0991,0.384333
7635000,58,243.458,-21685.1,69.3477,0.3872
7650000,67,309.337,-21702.8,61.6212,0.398883
7665000,53,219.21,-21692,53.4066,0.377311
7680000,53,222.77,-21682.4,55.3123,0.384756
7695000,65,285.197,-21666,72.7738,0.399689
7710000,74,317.662,-21647,86.3067,0.401133
7725000,75,317.801,-21675.3,74.844,0.4062
7740000,51,219.546,-21699.7,51.7629,0.38235
7755000,60,265.72,-21710.8,57.9698,0.390333
7770000,80,334.459,-21688.5,82.6125,0.400956
7785000,73,294.112,-21690.5,88.8415,0.411267
7800000,71,292.918,-21703,80.3361,0.406667
7815000,75,324.446,-21692.7,80.8144,0.420267
7830000,68,307.889,-21694.4,61.1066,0.413267
7845000,67,295.343,-21685,67.8362,0.401311
7860000,54,236.937,-21699.3,59.9145,0.385967
7875000,67,296.141,-21688.2,64.8254,0.393733
7890000,70,296.053,-21682.6,77.4294,0.3972
7905000,58,240.391,-21682.4,57.3043,0.382111
7920000,56,247.118,-21692.3,60.158,0.374933
7935000,78,339.089,-21681.5,73.0684,0.393133
7950000,57,250.871,-21711.1,50.7489,0.375404
7965000,73,323.439,-21709.8,69.0052,0.4066
7980000,62,271.96,-21698.4,73.3546,0.401867
7995000,62,285.731,-21694.7,65.9037,0.389373
8010000,69,292.409,-21700.8,64.9808,0.398733
8025000,66,263.455,-21684.3,59.3168,0.383
8040000,54,223.993,-21709.9,52.8675,0.379167
8055000,68,298.598,-21698.8,62.0165,0.3892
8070000,51,209.815,-21702.6,54.2092,0.3971
8085000,52,225.039,-21701.3,56.515,0.377978
8100000,71,310.352,-21707.5,74.8599,0.401911
8115000,69,299.39,-21710.1,66.6688,0.4094
8130000,71,302.429,-21705.3,86.1829,0.405067
8145000,70,325.563,-21686.4,81.4977,0.394333
8160000,59,257.969,-21686.6,49.3921,0.406
8175000,67,274.42,-21689,74.1237,0.378544
8190000,68,297.854,-21686.3,71.2463,0.394133
8205000,66,282.669,-21670.8,61.121,0.390767
8220000,71,316.364,-21693.8,58.7624,0.39454
8235000,62,255.456,-21698.7,63.4013,0.400067
8250000,59,267.89,-21696.5,40.8659,0.3918
8265000,75,300.738,-21707.9,82.3957,0.397333
8280000,51,243.894,-21714.2,54.2824,0.3785
8295000,55,242.158,-21704.5,63.8062,0.386267
8310000,61,267.807,-21700.8,65.1892,0.396813
8325000,53,228.918,-21683.3,44.8957,0.389
8340000,50,209.433,-21703.4,53.2533,0.373133
8355000,77,343.864,-21666.9,99.3472,0.391567
8370000,66,284.745,-21719.4,54.1395,0.395633
8385000,55,221.975,-21696.7,66.8193,0.382533
8400000,68,294.263,-21683.8,72.3915,0.392511
8415000,68,284.854,-21678,63.1561,0.392933
8430000,75,334.89,-21690.1,61.9395,0.3978
8445000,65,281.277,-21684.2,66.6423,0.3988
8460000,66,265.862,-21678.2,55.717,0.3942
8475000,61,244.051,-21684.1,66.2798,0.3908
8490000,55,243.987,-21698.7,55.1209,0.374562
8505000,55,238.955,-21705,47.7887,0.380133
8520000,68,306.151,-21711.4,68.9206,0.395911
8535000,63,259.959,-21708.3,66.1924,0.4054
8550000,67,285.608,-21694.5,86.2188,0.391833
8565000,56,246.877,-21698.7,49.7326,0.394383
8580000,72,303.814,-21676.2,68.3284,0.395767
8595000,94,393.96,-21688.4,89.31,0.3885
8610000,64,280.205,-21681.1,54.3616,0.399493
8625000,68,286.236,-21681.4,79.4803,0.394233
8640000,64,283.189,-21691,55.7623,0.394
8655000,46,198.148,-21711.4,47.1287,0.384822
8670000,54,223.988,-21722,53.2513,0.3794
8685000,52,218.437,-21694.6,45.9214,0.378667
8700000,59,255.708,-21689.4,64.6988,0.39095
8715000,75,339.087,-21688.3,85.8923,0.400267
8730000,68,294.093,-21685.6,69.384,0.386638
8745000,62,275.276,-21711.3,57.0105,0.408667
8760000,66,281.102,-21691.6,67.5528,0.3907
8775000,66,280.942,-21690.6,69.8153,0.407333
8790000,70,311.075,-21684,67.3904,0.4108
8805000,61,258.806,-21702.6,67.1364,0.395111
8820000,72,300.913,-21674.7,71.0511,0.402733
8835000,64,250.033,-21677,75.4884,0.393067
8850000,69,288.871,-21676.1,66.6223,0.3958
8865000,63,267.853,-21697.8,58.8427,0.386344
8880000,61,248.712,-21692.7,65.8403,0.393867
8895000,72,306.804,-21676.8,63.1732,0.417111
8910000,53,223.926,-21691.3,43.4015,0.392333
8925000,68,290.151,-21675.2,54.7951,0.3983
8940000,74,309.518,-21691.4,54.495,0.3934
8955000,68,305.646,-21701.2,71.3241,0.383533
8970000,72,312.796,-21694.8,81.829,0.4099
8985000,57,224.201,-21710.6,58.4101,0.396453
9000000,74,319.953,-21693.6,72.7622,0.410833
9015000,60,260.44,-21659.6,62.629,0.393733
9030000,78,342.634,-21664.4,70.4424,0.3993
9045000,78,352.721,-21701.5,81.3225,0.425867
9060000,56,246.437,-21713.4,67.4994,0.394
9075000,70,298.911,-21685.1,64.3554,0.393767
9090000,59,254.071,-21696.3,66.4443,0.384096
9105000,75,322.469,-21694.7,90.0832,0.394767
9120000,66,286.374,-21674.6,64.228,0.412933
9135000,57,254.15,-21698.9,52.8506,0.375533
9150000,63,259.242,-21691.4,56.8536,0.388722
9165000,73,336.637,-21682.3,85.0822,0.391711
9180000,62,259.4,-21712.3,58.6053,0.390667
9195000,66,275.332,-21692.2,91.3702,0.399733
9210000,53,238.152,-21702.9,56.9147,0.385147
9225000,92,398.946,-21696.2,100.948,0.406933
9240000,78,348.038,-21676.9,77.5581,0.406467
9255000,57,232.192,-21696.1,61.2679,0.384089
9270000,54,220.164,-21692.1,58.845,0.365867
9285000,63,253.467,-21669.2,46.1475,0.3984
9300000,62,270.897,-21667.9,59.8697,0.370933
9315000,79,332.837,-21676.8,73.7678,0.391267
9330000,69,300.937,-21668.4,69.3346,0.382978
9345000,75,333.088,-21677.3,68.3192,0.402567
9360000,62,274.951,-21681.9,56.7771,0.387067
9375000,67,309.126,-21683.5,60.5637,0.394
9390000,59,254.334,-21672.4,59.987,0.394378
9405000,75,327.529,-21691.3,65.6792,0.395
9420000,48,206.393,-21700.7,50.0376,0.3855
9435000,65,289.082,-21700.1,51.2363,0.385733
9450000,63,268.239,-21688.1,58.2569,0.3844
9465000,63,259.289,-21670.8,78.9429,0.383378
9480000,53,227.154,-21670.9,65.4166,0.380867
9495000,55,227.02,-21705.9,59.1687,0.385956
9510000,59,264.616,-21726.4,62.7425,0.387152
9525000,65,265.097,-21661.5,64.7353,0.398667
9540000,66,278.578,-21664.4,62.051,0.401067
9555000,76,325.985,-21665.3,70.2194,0.4033
9570000,53,230.319,-21670.9,48.6812,0.390367
9585000,68,269.546,-21687.8,80.1431,0.394289
9600000,57,240.39,-21695.1,61.3457,0.401778
9615000,76,323.651,-21682.1,85.0656,0.389511
9630000,59,257.925,-21713,73.4811,0.384633
9645000,67,287.496,-21655.1,79.6424,0.384467
9660000,88,389.653,-21686.4,71.5979,0.415933
9675000,80,351.15,-21674.3,79.0597,0.411667
9690000,67,302.694,-21690.8,83.0038,0.406533
9705000,67,270.895,-21704.8,70.2394,0.3962
9720000,71,296.667,-21678.9,73.929,0.405989
9735000,82,356.685,-21674,80.87,0.3996
9750000,79,337.411,-21687.1,80.9483,0.4208
9765000,54,234.256,-21720,59.8859,0.38875
9780000,63,267.288,-21699.6,58.4477,0.416567
9795000,64,280.774,-21686.9,69.3592,0.394344
9810000,57,228.44,-21698.9,58.2701,0.401533
9825000,58,233.108,-21718,77.0841,0.39405
9840000,70,296.108,-21652.7,58.4997,0.405089
9855000,67,271.523,-21672.4,63.6705,0.398
9870000,73,325.318,-21688.1,70.88,0.397333
9885000,66,285.13,-21712.5,69.504,0.3913
9900000,55,218.05,-21721.2,58.6774,0.403278
9915000,56,239.241,-21706.7,41.9933,0.400667
9930000,66,286.439,-21687,58.1616,0.3912
9945000,69,284.481,-21700.5,67.8962,0.391973
9960000,77,337.44,-21719.3,75.4688,0.394567
9975000,54,234.48,-21725,58.4113,0.40604
9990000,56,251.143,-21720.5,54.2203,0.392333
10005000,63,275.351,-21681.3,58.077,0.392933
10020000,62,235.053,-21721.4,59.2234,0.400267
10035000,65,289.176,-21701.1,69.3347,0.397767
10050000,59,265.115,-21733.4,63.0528,0.4116
10065000,63,272.496,-21699.7,66.1835,0.393983
10080000,47,191.52,-21712,49.3603,0.399889
10095000,63,272.892,-21724.5,55.0979,0.3938
10110000,67,293.307,-21683.6,74.3606,0.395889
10125000,72,327.76,-21707.3,79.3036,0.405867
10140000,67,276.499,-21690.4,54.239,0.412867
10155000,53,216.712,-21720.9,64.0687,0.388767
10170000,61,238.889,-21720.1,67.6729,0.401
10185000,56,232.33,-21699.9,57.4273,0.383633
10200000,46,203.127,-21688.9,55.8225,0.390389
10215000,65,291.272,-21697.3,58.9819,0.3791
10230000,68,280.509,-21672.2,64.4375,0.3925
10245000,67,283.478,-21694.9,78.55,0.39
10260000,81,355.469,-21703.1,82.247,0.409467
10275000,53,227.839,-21690.5,62.4994,0.390238
10290000,71,311.459,-21700,72.6486,0.390413
10305000,78,349.03,-21695.5,72.7611,0.406067
10320000,84,364.177,-21702.7,96.6489,0.4174
10335000,82,374.615,-21682.6,75.9024,0.406853
10350000,69,286.935,-21688.2,61.9967,0.4118
10365000,70,311.192,-21703.5,71.1691,0.394107
10380000,59,254.48,-21710.5,48.8771,0.398883
10395000,71,314.198,-21685.6,79.7232,0.399978
10410000,69,300.12,-21703,75.3759,0.402
10425000,78,334.563,-21682.2,73.1273,0.407067
10440000,86,378.304,-21691.2,101.389,0.415733
10455000,65,283.187,-21676.5,68.2886,0.398911
10470000,62,263.44,-21711.3,42.4313,0.4104
10485000,63,250.81,-21688.3,63.3149,0.398429
10500000,70,299.406,-21689.3,69.4151,0.397556
10515000,68,311.096,-21687.1,69.9959,0.394733
10530000,74,316.348,-21701.2,76.3732,0.4066
10545000,63,277.033,-21690.4,62.0111,0.403587
10560000,73,313.249,-21695.1,69.4943,0.406667
10575000,64,251.488,-21698.9,55.3226,0.399567
10590000,62,257.675,-21678.3,44.2287,0.387733
10605000,65,270.686,-21682.5,56.0824,0.3932
10620000,63,265.479,-21701.2,67.1616,0.3963
10635000,76,337.179,-21665.3,77.9146,0.393467
10650000,63,256.467,-21651.6,55.4121,0.396422
10665000,77,308.538,-21651.3,71.1572,0.401867
10680000,77,339.411,-21672.2,76.3919,0.393
10695000,91,399.823,-21659.9,95.3749,0.414333
10710000,82,356.902,-21662.4,79.7234,0.4102
10725000,62,273.368,-21658.1,75.4899,0.391733
10740000,74,305.139,-21675.1,76.2923,0.397733
10755000,61,281.165,-21696.8,55.3827,0.4028
10770000,58,259.324,-21672.8,47.2709,0.3832
10785000,83,363.369,-21702.8,82.7102,0.396267
10800000,83,360.904,-21664.1,89.1639,0.4056
10815000,66,291.042,-21669.4,69.9845,0.400778
10830000,68,309.201,-21691.7,71.3897,0.4008
10845000,76,327.88,-21685.6,78.9001,0.4046
10860000,62,262.734,-21683,64.3942,0.396062
10875000,60,249.935,-21694.6,50.6624,0.408233
10890000,73,319.106,-21664.5,76.5049,0.395867
10905000,72,322.526,-21673.2,67.1915,0.4006
10920000,70,301.7,-21708.2,61.08,0.396117
10935000,65,256.864,-21699.7,68.3824,0.3982
10950000,62,258.157,-21714.5,70.0517,0.3974
10965000,59,237.596,-21684.6,66.0873,0.398283
10980000,65,294.274,-21716.5,54.6282,0.395978
10995000,72,314.375,-21690,82.7732,0.4026
11010000,62,270.646,-21708.5,60.7223,0.4094
11025000,79,341.015,-21696.3,91.7303,0.4068
11040000,53,232.691,-21698.2,42.905,0.38744
11055000,63,288.148,-21686.3,45.3324,0.3882
11070000,71,320.424,-21697.7,61.1157,0.401333
11085000,65,273.327,-21682.3,59.1471,0.402733
11100000,74,320.379,-21673.6,62.8704,0.4056
11115000,92,410.182,-21669,94.8826,0.406922
11130000,79,305.508,-21682,91.1782,0.4132
11145000,71,308.484,-21702.2,80.4832,0.400667
11160000,77,330.073,-21692.4,62.951,0.402533
11175000,70,294.207,-21677.1,79.3247,0.408183
11190000,71,314.397,-21669.6,71.8532,0.3952
11205000,77,300.397,-21694.1,74.9643,0.403178
11220000,80,337.496,-21680.8,80.0843,0.4198
11235000,64,282.795,-21702.5,50.6469,0.397867
11250000,66,302.175,-21707.6,62.5101,0.404333
11265000,63,275.148,-21706.7,50.737,0.396347
11280000,61,261.128,-21692.5,58.3017,0.387711
11295000,70,307.253,-21675.5,71.1673,0.3938
11310000,64,260.99,-21682.6,60.1747,0.399133
11325000,52,232.402,-21710.1,40.3723,0.37935
11340000,64,274.746,-21691.7,70.7,0.4009
11355000,59,255.315,-21712.3,58.1807,0.401019
11370000,64,268.074,-21702.2,78.937,0.394667
11385000,69,291.753,-21705.3,57.3282,0.4112
11400000,75,341.139,-21709.2,63.0477,0.42
11415000,78,329.019,-21694.3,77.4387,0.419467
11430000,59,256.336,-21694.2,50.8534,0.407
11445000,61,271.098,-21701.3,72.4252,0.386114
11460000,76,330.826,-21681.2,79.4882,0.406167
11475000,61,272.384,-21691.1,47.3267,0.404567
11490000,55,231.45,-21692.1,56.733,0.398133
11505000,66,259.518,-21687.4,61.725,0.4011
11520000,53,223.928,-21686.7,57.0757,0.381897
11535000,64,282.913,-21692.4,67.4021,0.4006
11550000,60,267.096,-21697.4,56.5542,0.393267
11565000,70,322.886,-21706.2,83.5741,0.395267
11580000,50,221.737,-21709.5,50.7473,0.404744
11595000,61,261.747,-21722.5,61.4788,0.39648
11610000,56,250.113,-21685.1,59.1624,0.390133
11625000,53,226.976,-21708.8,41.1466,0.389778
11640000,52,211.317,-21693.6,44.5744,0.377967
11655000,57,230.676,-21676.1,60.3054,0.393467
11670000,60,257.851,-21685,54.9503,0.388867
11685000,56,241.236,-21731.2,52.7832,0.390211
11700000,63,279.363,-21687.3,60.8502,0.3787
11715000,62,272.964,-21707.3,61.5414,0.392167
11730000,56,244.838,-21705.6,51.4859,0.404433
11745000,57,253.973,-21697.8,54.8008,0.394333
11760000,58,250.079,-21711.5,48.6874,0.381733
11775000,51,222.558,-21709.7,46.7118,0.378667
11790000,74,325.75,-21694.3,77.145,0.391767
11805000,66,271.488,-21684.5,61.2979,0.397733
11820000,61,273.561,-21708.5,51.8058,0.390556
11835000,59,254.265,-21696.8,60.1945,0.389067
11850000,63,273.164,-21707.3,47.2403,0.401867
11865000,62,279.613,-21684.4,73.3699,0.39575
11880000,60,243.828,-21690.9,57.6648,0.384633
11895000,53,215.165,-21729.8,66.2324,0.388893
11910000,60,253.075,-21690.8,47.067,0.388356
11925000,73,324.15,-21680.3,84.2689,0.396133
11940000,69,298.334,-21699.1,58.9336,0.3972
11955000,52,225.913,-21709.6,46.8078,0.39124
11970000,71,317.351,-21669.8,76.4389,0.400733
11985000,66,294.582,-21679,56.8719,0.406067
12000000,75,327.661,-21705.3,66.3712,0.394429
12015000,73,327.734,-21693.4,67.7467,0.399
12030000,68,303.06,-21682.5,77.116,0.391733
12045000,79,335.958,-21675.8,90.9069,0.411467
12060000,77,321.051,-21698.9,77.5872,0.420133
12075000,67,288.415,-21679.1,67.6496,0.40952
12090000,61,262.267,-21700.7,59.4015,0.396067
12105000,64,273.079,-21709.1,85.8261,0.392867
12120000,50,231.466,-21721.1,47.346,0.391491
12135000,77,341.073,-21688.9,82.0727,0.39776
12150000,84,369.756,-21680.2,79.3566,0.416333
12165000,71,310.296,-21667.3,74.5993,0.402467
12180000,67,294.521,-21666.6,55.6207,0.394867
12195000,51,221.065,-21706.2,46.5979,0.380293
12210000,70,305.436,-21655.8,70.1939,0.385533
12225000,69,295.691,-21680.9,66.7058,0.392467
12240000,69,307.325,-21653,68.7293,0.407367
12255000,55,218.071,-21686.4,62.2679,0.394567
12270000,55,235.94,-21693.3,49.2124,0.391582
12285000,71,308.242,-21672.8,68.3118,0.395
12300000,74,338.382,-21678.3,82.2371,0.403667
12315000,72,300.581,-21685.8,68.6647,0.401933
12330000,55,243.183,-21702.7,48.1939,0.38735
12345000,68,285.339,-21667.1,77.1364,0.395533
12360000,56,237.203,-21707.6,66.8728,0.3822
12375000,89,366.461,-21681.1,91.062,0.404033
12390000,72,299.454,-21674.2,93.2747,0.401067
12405000,72,308.019,-21679.4,82.1902,0.402133
12420000,71,296.344,-21700.6,73.2742,0.397133
12435000,50,215.503,-21712.6,54.204,0.389739
12450000,76,331.997,-21690,77.7455,0.405133
12465000,67,275.255,-21704.5,61.8786,0.399967
12480000,75,312.374,-21678.1,79.732,0.404867
12495000,80,360.123,-21714.9,82.8392,0.399281
12510000,83,358.335,-21680.9,72.0752,0.4156
12525000,82,348.329,-21645,89.3549,0.407667
12540000,82,363.673,-21661,74.7426,0.4078
12555000,71,307.935,-21676.1,61.9772,0.4026
12570000,62,263.192,-21685,61.1439,0.396733
12585000,68,298.153,-21676.2,59.2575,0.389933
12600000,68,301.117,-21684.5,69.7055,0.400933
12615000,51,228.565,-21705.6,60.3501,0.40156
12630000,63,269.21,-21720.7,68.1677,0.3982
12645000,54,247.444,-21698.6,49.7846,0.382156
12660000,55,238.927,-21717.9,50.2285,0.392533
12675000,66,297.865,-21684.2,58.4857,0.386133
12690000,75,326.232,-21670.8,86.7256,0.393933
12705000,68,280.818,-21684.5,71.105,0.4058
12720000,74,318.454,-21703,75.707,0.403267
12735000,70,294.875,-21697.1,82.7979,0.4148
12750000,70,290.878,-21705.4,95.4077,0.404494
12765000,57,239.094,-21700.7,57.8418,0.394833
12780000,67,283.932,-21697.8,58.5673,0.391933
12795000,62,273.869,-21711.9,50.3952,0.397818
12810000,67,293.168,-21691.6,64.9006,0.395
12825000,76,330.777,-21682.4,81.3445,0.393667
12840000,78,338.479,-21708.9,80.8669,0.411267
12855000,76,340.075,-21685.4,82.3577,0.406533
12870000,51,226.165,-21725.8,43.2503,0.396358
12885000,50,215.048,-21755.8,52.0963,0.387933
12900000,52,233.747,-21692.8,51.1686,0.391711
12915000,67,300.184,-21725.1,69.2869,0.394258
12930000,74,328.95,-21686.2,64.7496,0.395333
12945000,64,282.963,-21724.5,68.5118,0.392083
12960000,67,289.614,-21725.9,63.8038,0.398467
12975000,71,298.871,-21678.7,82.7016,0.399822
12990000,44,183.687,-21715.1,43.1536,0.38992
13005000,53,236.304,-21718.7,44.9854,0.378267
13020000,65,279.749,-21668,75.0908,0.394378
13035000,52,234.801,-21726.6,55.7786,0.40488
13050000,53,231.48,-21712.9,57.5344,0.380933
13065000,44,196.567,-21704,60.4697,0.375733
13080000,45,199.565,-21731.1,51.2929,0.396978
13095000,60,280.453,-21716.4,74.1974,0.377333
13110000,54,234.733,-21710.5,43.2301,0.377267
13125000,57,242.396,-21735.1,41.8612,0.393375
13140000,71,303.047,-21681.8,58.9714,0.374233
13155000,63,284.79,-21658.6,59.5004,0.385267
13170000,68,296.312,-21667.1,86.627,0.381533
13185000,64,279.754,-21702.5,53.0283,0.395367
13200000,60,249.846,-21729.6,66.3137,0.391992
13215000,68,301.726,-21668.9,63.8623,0.403222
13230000,69,325.587,-21717.1,81.9602,0.408089
13245000,66,291.381,-21702.3,67.277,0.407067
13260000,63,252.263,-21664.7,62.752,0.390778
13275000,77,329.089,-21639.1,80.7995,0.386733
13290000,62,277.78,-21681.5,56.951,0.386733
13305000,61,264.876,-21664.1,55.6905,0.3933
13320000,79,351.491,-21694.9,71.657,0.4035
13335000,74,301.423,-21655.4,85.3004,0.389833
13350000,71,306.113,-21658.3,78.5132,0.383267
13365000,70,299.915,-21658.2,66.419,0.395933
13380000,67,292.628,-21669,63.9267,0.394067
13395000,77,327.437,-21675.4,69.7809,0.393933
13410000,72,307.001,-21687.5,61.8407,0.394533
13425000,71,301.914,-21687.4,69.2494,0.4072
13440000,59,260.354,-21695.4,66.4766,0.3882
13455000,46,200.152,-21721.4,56.3904,0.396149
13470000,58,246.717,-21674.2,56.7225,0.378833
13485000,68,275.089,-21662.5,66.3307,0.380667
13500000,52,231.946,-21729.9,47.0968,0.382756
13515000,61,252.086,-21691.8,59.9246,0.38
13530000,65,268.895,-21673.7,87.5008,0.396267
13545000,58,260.842,-21692.6,49.6003,0.385133
13560000,75,311.486,-21662,72.8239,0.3845
13575000,68,278.21,-21659.4,52.8249,0.389533
13590000,64,273.21,-21693.4,64.9809,0.394133
13605000,56,235.369,-21677.7,69.4703,0.389383
13620000,72,309.633,-21678.3,71.5887,0.398633
13635000,62,278.405,-21648.2,57.5955,0.386733
13650000,74,311.223,-21663,71.5942,0.386133
13665000,63,266.41,-21676.6,66.5329,0.387067
13680000,57,234.037,-21668.6,47.1865,0.382627
13695000,69,305.343,-21684.2,54.0365,0.384167
13710000,73,303.169,-21673.7,71.912,0.393733
13725000,56,221.504,-21670.6,57.9124,0.392933
13740000,76,326.254,-21657.8,68.0131,0.396933
13755000,69,300.206,-21670.4,91.4484,0.4032
13770000,70,289.244,-21639.7,65.3797,0.3884
13785000,70,289.713,-21669.5,80.8778,0.3904
13800000,62,252.2,-21673.5,51.7721,0.391867
13815000,61,249.893,-21676.7,57.6177,0.401167
13830000,70,302.542,-21676.5,78.0895,0.399733
13845000,79,347.89,-21672.7,73.6416,0.410267
13860000,75,301.175,-21663.5,88.379,0.4128
13875000,52,228.661,-21708.8,55.5323,0.366451
13890000,61,266.516,-21663.1,63.1619,0.396933
13905000,61,235.557,-21677.4,61.2378,0.393505
13920000,74,309.465,-21679.5,71.9509,0.393333
13935000,78,317.352,-21650,70.7637,0.405467
13950000,68,283.054,-21661.4,71.4157,0.385467
13965000,51,225.847,-21719.7,50.4144,0.373578
13980000,78,334.506,-21681.8,68.1397,0.39436
13995000,67,282.814,-21675.7,69.1624,0.385267
14010000,69,280.092,-21676.3,54.3023,0.390467
14025000,80,356.629,-21660.8,91.3572,0.3962
14040000,64,261.134,-21671.6,68.2125,0.4086
14055000,51,222.234,-21709.7,49.787,0.380222
14070000,69,309.916,-21688.3,86.2623,0.4003
14085000,70,300.714,-21653.7,69.4904,0.4002
14100000,74,332.853,-21679.7,63.6821,0.402067
14115000,60,253.937,-21706.3,61.1546,0.387
14130000,59,255.166,-21681.8,64.4492,0.395733
14145000,62,258.306,-21687.8,54.5582,0.3888
14160000,58,250.562,-21685.7,53.3675,0.386867
14175000,68,276.24,-21675.5,66.2837,0.391587
14190000,80,348.788,-21683.7,84.6364,0.4056
14205000,56,237.955,-21667.2,54.3501,0.392689
14220000,63,265.822,-21657.9,58.0579,0.3988
14235000,74,328.57,-21662.2,64.0004,0.388133
14250000,68,296.579,-21679.8,73.7421,0.393
14265000,75,319.463,-21633.9,83.0793,0.390067
14280000,51,226.421,-21685.2,44.9766,0.38348
14295000,78,328.862,-21635.3,71.5149,0.396733
14310000,79,344.885,-21639.3,75.5074,0.3874
14325000,70,285.872,-21647.3,70.0275,0.397067
14340000,54,232.711,-21659.1,50.0824,0.372533
14355000,73,315.336,-21673.2,66.9589,0.3962
14370000,74,320.612,-21642.1,58.9674,0.404067
14385000,77,321.968,-21645.3,68.9778,0.396533
14400000,59,267.823,-21707.9,61.1735,0.379835
14415000,76,342.364,-21666.1,63.9922,0.4026
14430000,72,315.045,-21661.9,58.2506,0.388
14445000,70,287.584,-21652.2,72.8947,0.3938
14460000,69,302.11,-21673.8,67.5662,0.388733
14475000,65,264.215,-21683,61.5754,0.387947
14490000,48,207.091,-21689.5,47.1492,0.373971
14505000,74,300.751,-21666.9,70.0658,0.402867
14520000,72,302.655,-21668.2,72.2769,0.395333
14535000,57,243.241,-21705.2,61.5442,0.383833
14550000,60,262.247,-21676.3,55.4713,0.377383
14565000,57,239.881,-21683.7,45.008,0.399622
14580000,67,296.393,-21683.5,70.9423,0.389267
14595000,56,241.864,-21664.2,61.7048,0.3728
14610000,59,250.26,-21683.3,62.5819,0.386267
14625000,48,199.276,-21719.3,40.4736,0.383144
14640000,49,200.561,-21665.9,49.8886,0.3698
14655000,44,189.544,-21742,39.061,0.353767
14670000,51,204.312,-21669.5,40.2974,0.360967
14685000,61,261.24,-21683.3,59.8983,0.371467
14700000,66,289.202,-21673.9,75.2257,0.4066
14715000,60,277.795,-21677.2,49.5312,0.3896
14730000,56,255.012,-21646.7,50.7326,0.382
14745000,45,178.601,-21701.6,42.475,0.372167
14760000,59,261.683,-21672.8,62.8256,0.376
14775000,60,256.812,-21666.1,66.4314,0.387533
14790000,49,209.369,-21733.3,50.2538,0.384822
14805000,66,284.941,-21654.1,74.1209,0.3747
14820000,74,326.399,-21670.7,83.3545,0.392933
14835000,58,256.367,-21708.9,56.2752,0.3884
14850000,71,320.503,-21653.3,50.1665,0.404333
14865000,73,324.431,-21671.1,70.0272,0.390667
14880000,67,300.051,-21649.3,69.8134,0.3944
14895000,68,299.419,-21663.8,78.7894,0.381333
14910000,63,270.316,-21651,65.3861,0.377733
14925000,67,285.474,-21659.8,47.8672,0.389333
14940000,59,250.726,-21711.7,62.3212,0.389257
14955000,66,302.544,-21712.5,58.7592,0.375533
14970000,65,279.558,-21671,68.8436,0.390689
14985000,51,217.561,-21694,59.7052,0.366867
15000000,68,302.502,-21689.9,71.8578,0.390067
15015000,55,235.248,-21680.8,53.1694,0.374222
15030000,61,270.892,-21673.7,51.8146,0.380933
15045000,61,270.525,-21672.7,58.9918,0.3716
15060000,67,291.135,-21697.5,62.8842,0.389067
15075000,68,290.185,-21661.1,63.4301,0.396133
15090000,73,315.139,-21656.2,69.4289,0.406
15105000,77,338.028,-21634,64.3613,0.404133
15120000,55,229.439,-21706.2,44.6806,0.389683
15135000,69,298.438,-21662.5,67.2389,0.399267
15150000,50,223.313,-21708.9,56.3444,0.380727
15165000,82,350.23,-21660.8,86.8536,0.389633
15180000,79,339.544,-21652.4,62.6146,0.405
15195000,54,239.236,-21707.5,56.7956,0.382267
15210000,77,334.238,-21651.8,75.2051,0.385367
15225000,44,184.46,-21710.5,37.0193,0.391686
15240000,49,204.677,-21694.3,46.6243,0.37
15255000,81,356.242,-21662.7,104.052,0.388289
15270000,76,326.708,-21672.4,76.3325,0.3994
15285000,76,324.318,-21658.8,89.8232,0.4016
15300000,66,282.845,-21665.1,86.2357,0.3918
15315000,61,270.315,-21710.2,52.5626,0.38548
15330000,65,275.312,-21691,58.278,0.3968
15345000,65,265.121,-21668.7,70.7767,0.390733
15360000,61,263.901,-21688.1,71.4651,0.381767
15375000,60,249.7,-21723.6,64.2368,0.39232
15390000,55,225.046,-21671.9,54.747,0.382889
15405000,61,263.062,-21706.7,52.1701,0.391378
15420000,61,250.961,-21719.9,45.9959,0.405333
15435000,51,202.413,-21711.9,56.5992,0.406
15450000,65,287.826,-21690.3,66.1764,0.377683
15465000,55,241.764,-21718.9,58.1899,0.384056
15480000,58,254.079,-21706.7,44.5451,0.375133
15495000,69,283.53,-21683.9,72.6531,0.378311
15510000,68,290.784,-21671.3,66.9131,0.402467
15525000,61,238.691,-21674.3,52.7297,0.384267
15540000,50,212.517,-21708.7,48.5115,0.391683
15555000,55,255.539,-21726.4,61.5202,0.3992
15570000,56,220.516,-21680.8,54.1695,0.397267
15585000,65,288.362,-21704.6,53.838,0.383667
15600000,66,279.408,-21707.1,63.6283,0.4018
15615000,55,232.371,-21704.7,46.189,0.3958
15630000,53,240.589,-21710.2,44.6578,0.3846
15645000,61,253.445,-21681.4,52.4146,0.382367
15660000,52,240.393,-21751.3,46.1031,0.3908
15675000,68,297.18,-21669.6,70.8135,0.374367
15690000,55,234.078,-21722.3,65.5216,0.385281
15705000,50,227.361,-21726.8,52.8433,0.378267
15720000,55,237.933,-21689.4,55.7778,0.369911
15735000,55,228.412,-21725.5,63.6012,0.379667
15750000,46,202.466,-21708.4,41.4911,0.373767
15765000,46,198.064,-21699.3,45.5396,0.3586
15780000,52,220.593,-21717.7,46.6584,0.385211
15795000,55,219.58,-21707.2,50.6744,0.375533
15810000,44,196.217,-21733.8,46.237,0.3905
15825000,53,222.409,-21698.3,57.7284,0.375433
15840000,49,202.855,-21758.3,46.4967,0.384686
15855000,62,268.504,-21699,51.8948,0.3621
15870000,48,210.823,-21707.9,38.5019,0.382067
15885000,54,230.361,-21731.4,81.7332,0.381733
15900000,55,241.333,-21730.9,50.8194,0.3962
15915000,53,232.938,-21714.8,48.241,0.366283
15930000,45,203.806,-21753.3,48.2269,0.382933
15945000,48,208.932,-21730.9,43.4998,0.372667
15960000,52,204.396,-21734.8,57.0234,0.394683
15975000,51,228.07,-21741.1,56.5142,0.4012
15990000,49,199.205,-21704.2,48.1081,0.35776
16005000,61,268.926,-21760,71.7734,0.385233
16020000,57,247.84,-21707.8,70.8903,0.3789
16035000,61,280.848,-21716.2,62.89,0.381033
16050000,56,226.148,-21706.6,51.845,0.403
16065000,57,248.084,-21722.6,51.0823,0.38615
16080000,51,233.871,-21730.1,58.6961,0.3834
16095000,46,181.063,-21714.4,43.2581,0.379467
16110000,51,186.16,-21701.5,54.5025,0.360867
16125000,64,277.157,-21744.3,69.0626,0.381683
16140000,74,319.578,-21740.5,72.9504,0.4148
16155000,51,215.112,-21715.5,63.7456,0.381867
16170000,66,278.064,-21726.2,62.33,0.402133
16185000,53,223.553,-21707.6,52.2864,0.37784
16200000,65,280.816,-21697,79.8304,0.404644
16215000,63,268.494,-21723.6,64.809,0.395267
16230000,52,216.673,-21720.5,52.7236,0.38485
16245000,54,222.438,-21701.6,53.9084,0.372833
16260000,61,265.59,-21708.8,58.2604,0.393433
16275000,66,284.265,-21712.6,67.2689,0.392267
16290000,56,249.522,-21697.5,61.5127,0.383667
16305000,49,185.922,-21692.3,39.6152,0.377217
16320000,78,340.574,-21686.1,75.3887,0.396633
16335000,53,208.459,-21712.6,63.1099,0.367033
16350000,70,315.918,-21690.1,73.6382,0.393333
16365000,74,312.44,-21682.3,73.2273,0.392867
16380000,45,199.52,-21703.1,32.2686,0.387267
16395000,50,212.103,-21696.9,40.3403,0.370533
16410000,48,204.699,-21702.5,59.7438,0.370467
16425000,45,187.467,-21711.9,38.36,0.383883
16440000,47,201.324,-21726.4,45.2882,0.371567
16455000,51,201.329,-21726.2,42.9452,0.392267
16470000,65,278.451,-21723.2,71.9294,0.407067
16485000,63,276.16,-21713.9,62.0776,0.399533
16500000,51,210.997,-21706.5,46.7981,0.380973
16515000,62,273.938,-21725.6,62.2887,0.380978
16530000,53,234.173,-21729,56.987,0.386633
16545000,66,278.076,-21684.4,77.1308,0.379833
16560000,57,245.437,-21710.5,49.1706,0.393
16575000,60,263.579,-21725.6,69.2615,0.400733
16590000,53,230.137,-21729.9,51.9762,0.389752
16605000,57,253.8,-21721.9,57.4626,0.387
16620000,58,252.752,-21710.2,48.4713,0.38665
16635000,53,214.535,-21698.9,50.4308,0.402133
16650000,54,225.245,-21701.9,62.8392,0.378067
16665000,63,271.457,-21717.8,64.6529,0.3943
16680000,88,378.408,-21691.6,86.5566,0.384633
16695000,69,296.155,-21714.7,70.2659,0.4152
16710000,63,268.458,-21709.3,56.8422,0.408293
16725000,55,231.509,-21710.9,55.0568,0.391033
16740000,64,271.91,-21721.8,60.6336,0.3888
16755000,72,298.343,-21685.1,66.3172,0.4036
16770000,67,292.034,-21696.3,55.9807,0.404095
16785000,64,279.155,-21718.4,65.6221,0.398267
16800000,58,247.477,-21704,62.0131,0.384433
16815000,59,248.325,-21734.8,65.6575,0.3863
16830000,47,202.55,-21713.3,41.2,0.39012
16845000,54,240.093,-21725.8,57.1431,0.384
16860000,65,274.093,-21704.8,61.4349,0.395383
16875000,53,229.382,-21708.6,53.1341,0.396733
16890000,64,279.968,-21708.4,57.2777,0.3912
16905000,56,251.767,-21710.1,54.6616,0.388433
16920000,58,255.395,-21704.4,44.8806,0.390467
16935000,60,259.063,-21705.4,75.5022,0.399933
16950000,49,209.232,-21703.2,49.8235,0.3901
16965000,53,242.157,-21721.8,53.7455,0.396233
16980000,60,266.391,-21717.3,61.7291,0.388367
16995000,58,252.204,-21701,66.3262,0.396533
17010000,37,162.669,-21742.1,30.8166,0.374082
17025000,59,254.05,-21722.7,54.7669,0.397333
17040000,62,269.662,-21721.4,82.7584,0.400467
17055000,60,263.799,-21726.9,63.2419,0.402467
17070000,72,325.63,-21681.3,76.3678,0.394467
17085000,75,326.016,-21701.7,74.407,0.4102
17100000,67,296.062,-21701.3,85.072,0.397267
17115000,66,290.024,-21681.2,68.8618,0.387667
17130000,64,291.859,-21681,56.5049,0.376067
17145000,96,412.629,-21689.5,92.3726,0.406078
17160000,83,357.548,-21673.5,81.1479,0.416067
17175000,75,310.909,-21697.6,87.6783,0.400933
17190000,55,239.393,-21693.9,52.7243,0.38625
17205000,61,254.457,-21684,57.9339,0.3864
17220000,67,284.027,-21676.4,75.914,0.405178
17235000,73,321.682,-21662.1,57.825,0.400533
17250000,74,331.019,-21684.7,77.8901,0.408533
17265000,61,257.12,-21663.8,62.7084,0.405667
17280000,62,271.142,-21664.8,68.527,0.38924
17295000,65,280.577,-21695.4,70.1101,0.3804
17310000,64,281.774,-21680,58.5768,0.384933
17325000,52,228.295,-21666.2,37.9808,0.377067
17340000,66,290.519,-21697.1,67.6627,0.39144
17355000,68,320.184,-21692.7,66.772,0.3775
17370000,55,245.603,-21725.5,57.9309,0.370142
17385000,63,267.803,-21700.1,54.1416,0.3893
17400000,48,207.104,-21707.9,52.7624,0.382233
17415000,66,285.276,-21698.2,62.8942,0.39716
17430000,50,220.271,-21717,45.8924,0.380756
17445000,62,270.184,-21694.5,55.6161,0.3989
17460000,63,268.217,-21694.5,43.4605,0.382867
17475000,74,296.205,-21685.6,55.3235,0.395333
17490000,50,219.344,-21734.3,47.7511,0.373122
17505000,72,295.144,-21700.9,71.703,0.400333
17520000,51,217.878,-21718.3,46.9265,0.377633
17535000,64,277.832,-21674.6,75.5961,0.391667
17550000,49,201.578,-21712,57.7057,0.382067
17565000,61,248.559,-21691.3,58.8319,0.3889
17580000,59,252.847,-21680.5,60.4124,0.381587
17595000,61,251.75,-21680.3,59.2826,0.3834
17610000,76,341.541,-21689.1,78.6022,0.400667
17625000,74,309.832,-21665.3,73.0718,0.387
17640000,75,316.744,-21626.8,80.4106,0.391267
17655000,81,351.342,-21650.2,88.8739,0.394733
17670000,75,318.108,-21651.4,84.6403,0.403
17685000,62,267.819,-21695.5,49.7402,0.3928
17700000,61,256.335,-21703.6,69.4898,0.376727
17715000,62,270.578,-21670,58.8885,0.392667
17730000,53,229.91,-21681.8,57.7664,0.382467
17745000,81,365.484,-21665.8,69.3604,0.393507
17760000,67,263.34,-21671.9,76.2922,0.408467
17775000,59,241.02,-21712.3,60.3405,0.385067
17790000,68,278.236,-21665.4,71.4299,0.399333
17805000,77,343.677,-21669.1,70.6228,0.399267
17820000,61,266.093,-21678.3,58.7378,0.4024
17835000,64,268.555,-21678.1,74.4412,0.3878
17850000,64,267.008,-21672.6,57.0428,0.396733
17865000,66,280.559,-21662.1,67.0198,0.396667
17880000,59,264.169,-21672.4,63.1321,0.395133
17895000,67,281.273,-21681.7,60.0081,0.380467
17910000,63,258.703,-21670.7,72.9611,0.3876
17925000,58,253.796,-21696,69.4469,0.392
17940000,71,314.645,-21675.7,72.6515,0.399111
17955000,77,318.831,-21710.5,85.8073,0.394111
17970000,66,293.196,-21714.2,67.5792,0.3974
17985000,76,332.962,-21695.2,84.7021,0.4046
18000000,69,309.339,-21686,60.0894,0.407467
18015000,47,186.019,-21715.7,51.2363,0.373967
18030000,70,282.413,-21690.3,75.4966,0.397567
18045000,62,252.039,-21700.8,62.5814,0.39028
18060000,53,227.424,-21693.5,45.5327,0.364111
18075000,58,233.454,-21717.5,73.7873,0.395567
18090000,59,248.703,-21706.7,60.0499,0.397383
18105000,59,255.497,-21695.3,74.2307,0.401133
18120000,63,272.117,-21712,73.9084,0.396933
18135000,62,266.795,-21685.2,56.0024,0.395767
18150000,63,260.368,-21689.9,60.9796,0.371956
18165000,60,261.181,-21698.7,52.3032,0.386667
18180000,48,201.993,-21700.2,56.4643,0.385
18195000,54,227.304,-21704.7,50.2937,0.40155
18210000,67,289.486,-21702.8,56.8862,0.391
18225000,55,239.051,-21730,65.4309,0.404248
18240000,55,224.728,-21722.4,62.8363,0.397733
18255000,60,257.072,-21707.3,59.0535,0.401733
18270000,58,248.849,-21690.4,66.2618,0.3805
18285000,57,242.142,-21683.4,53.6687,0.3911
18300000,52,217.885,-21674,39.9931,0.372567
18315000,64,281.746,-21700.1,77.7412,0.386333
18330000,54,232.055,-21692.3,63.6559,0.381267
18345000,69,294.32,-21666,70.9474,0.3925
18360000,67,293.073,-21678.3,61.2623,0.389667
18375000,66,280.603,-21710.6,61.0085,0.392867
18390000,68,301.42,-21689,65.4834,0.386667
18405000,55,245.799,-21688.3,56.9538,0.380493
18420000,60,250.605,-21693.7,69.8191,0.379733
18435000,54,235.696,-21760.3,49.7495,0.39585
18450000,56,230.146,-21692.9,45.93,0.396333
18465000,57,234.236,-21696,61.8765,0.383267
18480000,68,288.268,-21734.3,84.293,0.402822
18495000,56,230.508,-21683.9,42.2117,0.384967
18510000,58,242.319,-21729.3,55.2749,0.404867
18525000,49,204.848,-21704.4,48.7068,0.378567
18540000,47,199.073,-21724.3,45.4415,0.396333
18555000,51,215.315,-21720.4,50.237,0.3732
18570000,57,248.824,-21700.1,68.2355,0.384883
18585000,56,237.13,-21699.3,56.345,0.374817
18600000,50,205.127,-21705,55.705,0.371133
18615000,53,228.52,-21690.8,43.1003,0.355578
18630000,67,266.133,-21682.6,75.824,0.3945
18645000,47,198.851,-21696.3,39.6956,0.387633
18660000,57,239.021,-21711.4,53.9428,0.39681
18675000,53,223.309,-21687.2,49.3253,0.393511
18690000,64,267.811,-21700.2,52.8414,0.3954
18705000,61,256.86,-21709.7,64.8083,0.392667
18720000,51,224.263,-21704.2,46.7136,0.389756
18735000,61,257.588,-21716.1,71.1038,0.3876
18750000,54,230.329,-21693.2,58.0376,0.3834
18765000,67,275.029,-21664.5,66.9899,0.376867
18780000,59,246.885,-21678.3,55.4509,0.401533
18795000,68,276.321,-21673.2,61.868,0.400333
18810000,66,296.208,-21685.3,66.155,0.401
18825000,62,276.78,-21704.2,59.6731,0.370978
18840000,71,308.171,-21688.8,57.4641,0.420333
18855000,68,279.779,-21703.1,69.9514,0.4122
18870000,61,274.437,-21696.5,59.8997,0.388956
18885000,54,243.587,-21683.8,52.0207,0.3836
18900000,61,271.598,-21718.5,59.8782,0.398822
18915000,49,210.769,-21713.6,40.7412,0.392667
18930000,56,245.973,-21714.9,64.1335,0.376044
18945000,52,216.269,-21692.6,43.6429,0.373733
18960000,58,245.912,-21703.7,45.2707,0.3864
18975000,50,227.604,-21687.9,62.8664,0.372022
18990000,52,212.079,-21694,72.6717,0.372467
19005000,59,250.181,-21672.1,62.6563,0.363667
19020000,55,234.187,-21705.9,66.4257,0.394533
19035000,46,197.178,-21693.8,37.2568,0.356633
19050000,54,224.989,-21703.2,54.2236,0.360333
19065000,64,264.486,-21684.5,61.4446,0.388911
19080000,64,277.799,-21679.2,68.4722,0.376027
19095000,49,209.957,-21710.6,55.5427,0.393033
19110000,56,244.977,-21670.8,75.5464,0.362383
19125000,68,280.677,-21710.2,69.0999,0.4028
19140000,57,240.04,-21720.3,57.1198,0.398867
19155000,47,206.547,-21697.1,49.6408,0.374822
19170000,60,248.977,-21680.1,50.4608,0.374189
19185000,58,239.709,-21697.5,64.3517,0.383533
19200000,58,263.888,-21676.6,59.1049,0.387533
19215000,50,216.242,-21692.6,40.6781,0.368517
19230000,51,230.027,-21695.2,43.4574,0.371133
19245000,60,267.503,-21692,51.032,0.391089
19260000,60,259.841,-21727.9,48.7829,0.392433
19275000,60,256.887,-21697.2,72.5593,0.397633
19290000,43,185.078,-21709.4,45.4931,0.361567
19305000,51,210.725,-21679.5,43.5169,0.3916
19320000,50,219.57,-21702.6,58.9779,0.3726
19335000,60,228.642,-21731.7,55.2948,0.380507
19350000,59,242.585,-21732.1,51.0268,0.402667
19365000,64,283.645,-21660.9,70.787,0.391178
19380000,74,330.112,-21703.3,76.066,0.398133
19395000,77,333.079,-21700.3,86.5499,0.3969
19410000,69,289.561,-21715.2,54.1172,0.416333
19425000,63,271.843,-21714.4,90.8159,0.4006
19440000,55,236.008,-21696.1,60.8066,0.377353
19455000,42,177.823,-21701,34.9442,0.365333
19470000,43,188.205,-21701.2,43.2083,0.381
19485000,45,188.584,-21716.8,55.7696,0.384667
19500000,42,192.697,-21696.7,45.5567,0.3714
19515000,58,237.731,-21721.6,74.8871,0.382667
19530000,48,219.063,-21699.8,35.9675,0.37
19545000,47,182.796,-21705.1,49.8311,0.382633
19560000,59,252.843,-21684.5,72.3083,0.363233
19575000,57,253.248,-21701.1,60.6839,0.381133
19590000,70,298.158,-21699.9,78.0227,0.400867
19605000,76,321.856,-21695.8,71.07,0.4084
19620000,76,309.512,-21680.8,74.1922,0.401
19635000,67,264.608,-21692.7,66.8238,0.379956
19650000,57,233.9,-21687,46.348,0.397733
19665000,69,297.908,-21679.6,78.9563,0.382567
19680000,39,168.419,-21727.6,45.5339,0.387652
19695000,58,251.201,-21681.3,63.2157,0.3811
19710000,56,232.103,-21703.7,57.5206,0.3883
19725000,65,282.716,-21669.2,51.6248,0.384627
19740000,60,248.986,-21696.6,55.3145,0.389333
19755000,53,222.288,-21718.5,48.1916,0.410133
19770000,64,284.457,-21695.9,66.1435,0.389022
19785000,68,312.036,-21662.3,74.5491,0.384733
19800000,55,252.886,-21721.1,55.9163,0.4012
19815000,74,337.922,-21684.4,82.5494,0.3978
19830000,70,307.076,-21663.7,73.7855,0.3926
19845000,58,261.512,-21724.9,62.3574,0.4004
19860000,64,273.293,-21690,69.3116,0.398367
19875000,57,252.438,-21686.5,76.1241,0.3886
19890000,63,288.466,-21707,79.8548,0.3842
19905000,58,261.115,-21701.4,62.3724,0.3932
19920000,49,195.362,-21741,42.5901,0.389427
19935000,47,202.286,-21725.9,43.3876,0.3944
19950000,52,212.63,-21725.2,52.8921,0.382022
19965000,54,231.956,-21707.6,58.7745,0.378644
19980000,57,257.9,-21722,40.4513,0.386467
19995000,56,228.831,-21713.2,63.9797,0.388933
20010000,68,295.875,-21702.3,64.5698,0.3912
20025000,76,332.636,-21692.7,73.5667,0.395156
20040000,88,390.569,-21676.1,81.0506,0.415533
20055000,74,320.935,-21670.5,71.6017,0.405467
20070000,60,248.912,-21691.2,59.7281,0.398933
20085000,62,251.331,-21699,56.1334,0.38468
20100000,63,275.253,-21703,53.9462,0.384133
20115000,59,247.348,-21706.8,58.841,0.388444
20130000,62,280.417,-21703.2,67.4152,0.385467
20145000,75,332.111,-21699.5,77.0888,0.399733
20160000,66,292.445,-21684.6,62.6503,0.402667
20175000,59,257.317,-21692.2,67.8078,0.378667
20190000,65,282.053,-21687.4,61.6639,0.384867
20205000,56,233.681,-21711,58.3411,0.383019
20220000,79,353.597,-21688.5,73.4705,0.403733
20235000,81,368.86,-21702,92.74,0.412
20250000,50,201.186,-21728.3,48.0709,0.393759
20265000,74,323.437,-21679.8,84.3738,0.396
20280000,40,158.046,-21743.5,47.3551,0.3848
20295000,71,310.88,-21665.3,68.3986,0.401433
20310000,51,202.789,-21701.1,53.0694,0.380448
20325000,78,346.549,-21670.9,69.5653,0.389367
20340000,74,336.765,-21663.9,72.51,0.414
20355000,71,317.984,-21663.2,82.091,0.4048
20370000,80,370.48,-21661.1,81.9376,0.4102
20385000,79,371.151,-21698.2,59.5648,0.411667
20400000,82,374.415,-21683.4,97.8339,0.406667
20415000,51,203.863,-21719.5,52.5882,0.377486
20430000,69,303.691,-21694.9,67.0778,0.407467
20445000,72,313.747,-21689,70.7505,0.400867
20460000,62,276.247,-21689.5,73.0543,0.402267
20475000,62,285.896,-21689.9,66.4575,0.389067
20490000,68,321.091,-21677.1,56.4503,0.3928
20505000,55,234.905,-21718.4,54.1484,0.394
20520000,55,252.547,-21698.9,63.7836,0.381533
20535000,45,201.099,-21745.5,48.8667,0.3848
20550000,40,172.359,-21722.9,45.0672,0.376052
20565000,61,256.867,-21721.1,54.9456,0.379444
20580000,46,193.392,-21714.7,48.3518,0.376133
20595000,50,226.182,-21730.5,48.6628,0.374933
20610000,58,260.719,-21719.5,66.7955,0.39285
20625000,60,267.607,-21702.3,48.4481,0.393133
20640000,60,267.349,-21705.9,64.8495,0.394733
20655000,68,280.405,-21673.8,77.8874,0.393267
20670000,61,241.653,-21698.7,65.3664,0.399733
20685000,69,296.466,-21688.9,76.7787,0.402
20700000,66,282.125,-21665,56.408,0.3878
20715000,57,241.59,-21703.4,72.1345,0.382133
20730000,52,224.229,-21703,62.8908,0.3758
20745000,57,247.147,-21679.1,57.6199,0.3692
20760000,54,241.447,-21692.7,56.0804,0.389978
20775000,67,300.005,-21703.3,61.1667,0.381033
20790000,71,296.031,-21691.1,72.3439,0.397867
20805000,53,231.54,-21730.3,45.0475,0.382
20820000,61,275.551,-21675.2,63.1244,0.393622
20835000,61,263.086,-21697.5,66.631,0.399778
20850000,62,271.654,-21685.9,67.4953,0.373333
20865000,51,224.404,-21731.6,63.2427,0.3871
20880000,62,275.413,-21704.3,62.7515,0.396422
20895000,67,292.991,-21677,71.3421,0.391733
20910000,65,262.539,-21688.9,68.1465,0.397733
20925000,69,286.176,-21673.2,69.1165,0.39376
20940000,64,280.759,-21695.6,51.459,0.393867
20955000,44,191.155,-21731.9,45.4566,0.379033
20970000,60,251.177,-21677.9,55.443,0.382067
20985000,60,253.755,-21662.7,58.8245,0.385133
21000000,66,287.049,-21669.3,70.4745,0.374867
21015000,64,261.346,-21658.8,64.9652,0.385067
21030000,66,274.926,-21677.6,51.3664,0.389842
21045000,68,296.191,-21669.6,75.48,0.391533
21060000,68,285.676,-21670.9,71.5282,0.386467
21075000,67,291.157,-21655.6,69.6395,0.3816
21090000,69,303.732,-21711.4,60.1078,0.407356
21105000,63,269.65,-21716.2,66.4892,0.4076
21120000,67,298.723,-21675.2,58.6288,0.400556
21135000,61,248.824,-21700.4,69.4789,0.390733
21150000,58,247.164,-21702,64.3199,0.398844
21165000,52,221.628,-21700,50.78,0.388595
21180000,63,257.636,-21683.8,92.6864,0.3915
21195000,71,299.982,-21684.6,73.8403,0.400533
21210000,57,251.973,-21701.5,61.2094,0.401733
21225000,60,258.235,-21702.8,62.8518,0.384733
21240000,66,300.342,-21698.7,63.2693,0.3945
21255000,68,277.258,-21683.9,76.5791,0.40055
21270000,62,269.601,-21698.4,59.8597,0.4052
21285000,66,268.368,-21707.9,55.4923,0.403178
21300000,65,280.621,-21699.1,81.5071,0.3984
21315000,58,259.533,-21696.3,65.4935,0.403533
21330000,54,223.17,-21709.6,52.3687,0.386067
21345000,73,318.16,-21684.5,78.5653,0.394967
21360000,64,256.268,-21657.7,66.0354,0.400533
21375000,85,348.81,-21671.8,81.9868,0.402
21390000,67,277.359,-21689.2,65.8591,0.402333
21405000,70,302.75,-21702.4,62.1032,0.398907
21420000,78,337.594,-21688.4,57.8692,0.418867
21435000,68,292.668,-21693.6,44.9485,0.403933
21450000,86,362.892,-21670.5,92.5159,0.403907
21465000,78,343.415,-21667.5,96.1174,0.396733
21480000,70,305.897,-21683.2,58.3235,0.399067
21495000,61,269.719,-21692.6,70.1636,0.398733
21510000,67,289.188,-21688.6,71.8484,0.399667
21525000,66,292.01,-21709.9,77.2461,0.400656
21540000,52,223.375,-21706.8,58.438,0.391733
21555000,60,265.81,-21707.9,57.6175,0.393911
21570000,55,240.211,-21689.3,57.7694,0.384467
21585000,56,241.518,-21706.7,49.9758,0.381533
21600000,60,260.509,-21704.4,71.2414,0.375067
21615000,56,230.501,-21693.5,45.7569,0.401467
21630000,61,263.599,-21701.7,63.9126,0.3898
21645000,58,249.49,-21683.1,55.7892,0.3842
21660000,62,250.208,-21717.6,73.2637,0.394167
21675000,50,202.727,-21692.8,52.323,0.370067
21690000,63,274.681,-21690.4,70.0756,0.386558
21705000,62,275.727,-21694.1,65.4412,0.4012
21720000,62,265.876,-21709.4,59.5585,0.389683
21735000,69,295.454,-21704.7,67.3332,0.3996
21750000,53,241.248,-21716.3,45.0301,0.399933
21765000,56,250.019,-21678.9,52.8817,0.377056
21780000,61,262.876,-21676.6,59.3862,0.38956
21795000,62,270.71,-21709,43.8709,0.397089
21810000,75,338.5,-21679.6,53.6884,0.406667
21825000,64,266.177,-21691.9,76.6869,0.404133
21840000,67,294.271,-21669,73.2116,0.3972
21855000,47,187.476,-21720.8,47.9794,0.369578
21870000,62,263.185,-21687.3,70.9014,0.3884
21885000,60,237.361,-21679.5,48.4363,0.3816
21900000,69,285.787,-21709.5,60.0805,0.394
21915000,44,183.463,-21737.3,52.6677,0.391425
21930000,50,210.312,-21682.6,57.0337,0.356507
21945000,55,233.328,-21703,67.5596,0.392889
21960000,56,228.415,-21679.7,54.8587,0.3724
21975000,62,265.128,-21669.4,49.3314,0.360667
21990000,59,250.959,-21690,58.203,0.370667
22005000,47,209.596,-21725.5,30.6732,0.375256
22020000,65,268.962,-21708.3,61.0897,0.377867
22035000,53,228.562,-21696.3,57.4533,0.373533
22050000,52,215.721,-21706.8,45.8898,0.384476
22065000,62,251.889,-21686.7,71.4866,0.389983
22080000,58,245.503,-21734.9,59.606,0.383422
22095000,74,320.363,-21696.8,67.9304,0.392533
22110000,48,206.913,-21736.7,56.3135,0.389967
22125000,41,162.903,-21717.9,30.2088,0.393213
22140000,49,208.488,-21735.6,43.7675,0.359467
22155000,55,233.084,-21714.1,55.1956,0.398167
22170000,54,233.445,-21754.8,63.1606,0.383133
22185000,56,239.039,-21726.7,65.487,0.396933
22200000,68,298.906,-21695.3,72.6803,0.399622
22215000,69,293.354,-21688.8,74.6766,0.409267
22230000,75,320.67,-21699.7,80.9069,0.393171
22245000,51,224.177,-21721.2,50.7924,0.3905
22260000,53,239.736,-21718.2,46.9714,0.382867
22275000,43,180.565,-21692.8,36.0186,0.380844
22290000,44,182.069,-21722.3,49.6946,0.385267
22305000,52,224.338,-21720.3,58.1382,0.371767
22320000,58,254.567,-21725.4,60.3291,0.383
22335000,62,273.923,-21697.1,59.1699,0.401133
22350000,54,228.612,-21679.6,53.6111,0.39
22365000,45,199.566,-21707.1,42.2969,0.37
22380000,60,271.659,-21722.9,66.5332,0.388467
22395000,64,298.99,-21719.1,65.5961,0.398267
22410000,62,286.971,-21707.2,58.6833,0.378783
22425000,74,320.717,-21704.3,83.5845,0.4098
22440000,44,189.615,-21727.7,44.4834,0.38138
22455000,67,286.235,-21715.4,58.411,0.392183
22470000,69,305.914,-21700.9,53.9254,0.406444
22485000,65,276.743,-21690.6,61.7281,0.412933
22500000,63,256.47,-21714.5,65.2166,0.414283
22515000,61,268.873,-21702,72.6345,0.397867
22530000,56,242.021,-21734.9,73.7387,0.398733
22545000,65,276.147,-21698.8,53.5359,0.393467
22560000,58,242.681,-21679.7,57.4172,0.401783
22575000,66,289.401,-21703.6,60.1896,0.400667
22590000,60,264.001,-21700.7,53.9265,0.393667
22605000,53,226.802,-21706.6,48.8027,0.405067
22620000,77,336.309,-21704.7,91.5267,0.399433
22635000,60,260.262,-21706,69.8199,0.412267
22650000,68,278.257,-21694.6,79.6247,0.399
22665000,74,321.874,-21678.8,89.4164,0.388067
22680000,61,267.952,-21705.9,66.5614,0.3876
22695000,65,264.352,-21684,62.4634,0.390833
22710000,77,313.102,-21668.8,72.6608,0.396667
22725000,71,309.082,-21689.6,63.1986,0.3828
22740000,54,242.236,-21718.8,38.5766,0.399167
22755000,61,262.43,-21716.1,63.631,0.390037
22770000,65,288.162,-21679.7,70.5367,0.384733
22785000,58,237.793,-21733.8,53.65,0.401356
22800000,68,305.947,-21694,74.5787,0.401667
22815000,75,341.64,-21676.2,76.9961,0.3922
22830000,85,380.323,-21687.9,83.4156,0.401533
22845000,92,379.63,-21658.7,66.6232,0.415533
22860000,87,364.811,-21655,96.393,0.41
22875000,98,434.948,-21662.5,98.8106,0.413867
22890000,58,256.972,-21729.4,63.2573,0.401438
22905000,97,436.728,-21646.2,93.0612,0.417633
22920000,82,360.64,-21660.2,80.827,0.401267
22935000,84,349.036,-21650.2,85.9595,0.393
22950000,88,375.356,-21650.4,88.124,0.404
22965000,81,344.984,-21674,75.8035,0.402933
22980000,71,291.888,-21677.6,70.0058,0.404333
22995000,70,289.571,-21658,57.1602,0.396733
23010000,81,354.489,-21682.2,83.3632,0.411733
23025000,75,314.362,-21670.8,67.9377,0.409267
23040000,66,295.62,-21695.6,52.8564,0.395579
23055000,79,338.449,-21658.1,92.5028,0.3933
23070000,50,211.832,-21713.3,51.4099,0.382167
23085000,77,339.136,-21686.6,96.1733,0.389723
23100000,71,306.627,-21678.4,76.0896,0.396489
23115000,60,261.498,-21679.1,66.5243,0.398367
23130000,63,254.283,-21671.6,77.3209,0.388733
23145000,59,255.212,-21695.8,67.0953,0.389467
23160000,66,283.015,-21696.2,72.0398,0.390367
23175000,58,246.902,-21695.7,56.3988,0.3868
23190000,65,286.375,-21679.2,74.4441,0.379022
23205000,66,279.847,-21665.2,52.9066,0.399467
23220000,77,350.459,-21673.5,77.5255,0.396933
23235000,82,377.376,-21718.1,77.6398,0.4074
23250000,86,384.028,-21683,103.359,0.402244
23265000,69,298.666,-21701.6,78.3965,0.411867
23280000,63,267.728,-21706.5,73.3797,0.391733
23295000,65,260.667,-21684.5,56.6927,0.393933
23310000,53,216.716,-21703.2,57.5307,0.3896
23325000,80,352.232,-21725.4,73.0457,0.4
23340000,58,248.012,-21670.5,55.7942,0.385689
23355000,63,269.415,-21682.1,53.5004,0.380333
23370000,47,197.244,-21740.9,41.9674,0.381343
23385000,57,255.765,-21668.1,57.0197,0.366433
23400000,63,283.929,-21671.6,65.4356,0.377667
23415000,67,299.696,-21650.5,61.1551,0.393733
23430000,67,293.214,-21651.8,56.6665,0.3842
23445000,67,287.505,-21667.7,54.3695,0.390133
23460000,57,249.101,-21716.4,54.7549,0.377793
23475000,69,288.644,-21643.9,71.5713,0.384833
23490000,73,312.179,-21679.8,78.8391,0.394733
23505000,58,246.829,-21674.3,56.3579,0.393644
23520000,55,246.656,-21698.4,55.5021,0.385467
23535000,70,292.844,-21667.7,67.1398,0.391567
23550000,73,307.104,-21657.5,79.5658,0.4028
23565000,73,312.563,-21655.1,78.1134,0.395667
23580000,66,277.487,-21693.3,68.716,0.399333
23595000,54,225.612,-21680.9,50.7046,0.373093
23610000,62,269.882,-21654.6,61.1888,0.395033
23625000,58,237.091,-21657.1,72.1705,0.394067
23640000,62,268.882,-21681.2,65.3618,0.383
23655000,49,221.794,-21690.9,46.6796,0.36775
23670000,48,208.283,-21699,61.133,0.363267
23685000,66,282.471,-21678.7,69.0201,0.385556
23700000,50,214.194,-21712.9,54.8656,0.358667
23715000,51,222.279,-21713.4,61.2839,0.3714
23730000,62,277.835,-21681.2,66.6661,0.377778
23745000,65,275.561,-21683.9,57.571,0.382
23760000,59,251.748,-21708.1,44.9616,0.393182
23775000,62,268.944,-21678.3,65.7071,0.3848
23790000,54,216.141,-21696.1,50.4509,0.379667
23805000,59,253.525,-21689.1,77.9616,0.3738
23820000,60,250.557,-21711.2,52.1679,0.3922
23835000,57,237.274,-21680.9,50.0723,0.381367
23850000,68,290.805,-21682.5,75.5735,0.3924
23865000,67,282.639,-21678.3,62.292,0.389467
23880000,58,235.411,-21669.3,67.4727,0.392133
23895000,74,312.807,-21692,74.3504,0.393467
23910000,69,280.847,-21691,70.8401,0.395733
23925000,65,272.778,-21698.8,59.6604,0.405733
23940000,71,303.102,-21690.8,74.6321,0.405067
23955000,62,263.603,-21685.4,57.6399,0.404
23970000,55,226.402,-21728.9,57.5057,0.378353
23985000,51,217.772,-21736.9,69.4869,0.392867
24000000,66,276.032,-21672,69.7693,0.390022
24015000,63,257.479,-21664.7,66.1847,0.3826
24030000,78,350.44,-21673.6,80.2071,0.387667
24045000,59,247.17,-21700.6,71.3119,0.390733
24060000,56,214.99,-21699.8,52.3572,0.386952
24075000,52,215.691,-21691.7,57.7732,0.3776
24090000,61,266.924,-21692.8,63.5138,0.384933
24105000,63,269.937,-21674.2,57.9054,0.382467
24120000,57,251.554,-21733.2,61.9538,0.383533
24135000,59,252.365,-21694.9,52.2563,0.4016
24150000,62,256.816,-21710,62.6534,0.391422
24165000,70,315.311,-21691.6,80.985,0.401033
24180000,73,327.63,-21698.3,76.4331,0.4018
24195000,73,321.787,-21686.2,73.0122,0.408733
24210000,68,284.559,-21697.7,83.5367,0.386167
24225000,71,316.79,-21701.5,68.6901,0.405667
24240000,58,259.579,-21679.9,60.0417,0.400444
24255000,52,229.455,-21723.1,63.326,0.4003
24270000,60,257.555,-21694.5,56.3572,0.393343
24285000,57,245.813,-21711.2,67.3684,0.382911
24300000,61,271.654,-21692.9,65.5411,0.406933
24315000,61,264.675,-21704.1,54.963,0.3916
24330000,57,242.509,-21717,46.4668,0.3972
24345000,53,226.78,-21725.9,68.127,0.408733
24360000,58,253.245,-21711.2,54.9568,0.3918
24375000,72,326.454,-21722.7,78.2333,0.407067
24390000,60,271.067,-21700.6,58.8623,0.3988
24405000,75,329.682,-21691.3,74.9689,0.39543
24420000,70,309.118,-21708.8,63.08,0.401653
24435000,76,337.454,-21681.8,82.688,0.4129
24450000,73,325.614,-21713.6,65.1078,0.4091
24465000,60,254.685,-21654.8,64.3039,0.3967
24480000,63,278.727,-21674.1,61.5645,0.400256
24495000,47,197.509,-21683.8,51.2889,0.3908
24510000,64,273.327,-21674.5,69.7606,0.397933
24525000,57,245.584,-21675.9,56.7156,0.387333
24540000,52,215.553,-21715.1,52.5837,0.391933
24555000,46,197.093,-21725.1,33.7955,0.379267
24570000,54,223.563,-21693.4,54.1729,0.385
24585000,69,295.531,-21685.1,58.4548,0.38455
24600000,60,254.497,-21696.5,50.6868,0.3938
24615000,46,192.246,-21713.2,37.4662,0.394533
24630000,63,274.696,-21692.9,56.5742,0.391067
24645000,74,327.478,-21673.2,71.1135,0.3958
24660000,65,272.353,-21662.4,64.448,0.402133
24675000,67,289.852,-21685.2,74.3013,0.3807
24690000,62,262.538,-21692,67.6322,0.3956
24705000,57,226.935,-21702.7,53.6666,0.391127
24720000,53,221.648,-21720.7,54.5406,0.399867
24735000,52,226.732,-21680.8,45.9981,0.386311
24750000,46,207.435,-21719.5,50.0624,0.372693
24765000,52,229.971,-21712.8,47.1018,0.379
24780000,45,206.694,-21704.4,46.3674,0.369467
24795000,48,204.893,-21732.5,56.9229,0.388373
24810000,50,220.875,-21713.8,40.0941,0.368967
24825000,67,306.345,-21710,72.5172,0.389678
24840000,68,295.95,-21697.8,63.9761,0.409333
24855000,69,298.383,-21686.5,68.3392,0.407667
24870000,67,277.916,-21679.2,75.3447,0.398
24885000,84,380.689,-21684,69.313,0.4162
24900000,80,372.353,-21710.2,89.142,0.404114
24915000,60,244.318,-21710.9,65.0173,0.413533
24930000,81,339.729,-21673.8,102.703,0.416556
24945000,53,215.783,-21730.3,52.3164,0.377548
24960000,58,241.279,-21740.6,38.4163,0.407156
24975000,55,245.449,-21733,55.902,0.394933
24990000,61,266.933,-21691.2,66.8633,0.392111
25005000,49,220.215,-21719,47.7948,0.393067
25020000,75,320.383,-21673.8,68.3057,0.406189
25035000,55,239.566,-21677,54.6874,0.384089
25050000,51,220.391,-21681.3,46.7248,0.380067
25065000,50,208.393,-21682.9,49.2232,0.361067
25080000,55,240.16,-21714.6,55.63,0.386347
25095000,65,288.052,-21669.1,55.6089,0.407573
25110000,76,330.426,-21676.7,73.6259,0.4082
25125000,71,289.142,-21674.2,76.8443,0.4106
25140000,73,293.39,-21677.1,69.2054,0.392667
25155000,83,335.964,-21634.5,76.7739,0.400867
25170000,74,311.58,-21638.9,72.2576,0.4032
25185000,70,283.392,-21671.1,88.4728,0.3984
25200000,63,279.163,-21673.8,70.0511,0.377659
25215000,67,287.369,-21658.7,84.3841,0.382667
25230000,74,318.225,-21686.7,86.7714,0.3796
25245000,58,238.526,-21678.1,75.7464,0.389733
25260000,59,252.173,-21688.1,57.1897,0.389867
25275000,60,240.33,-21668.4,57.438,0.387411
25290000,60,258.154,-21679.4,54.0571,0.386933
25305000,50,214.897,-21697.6,38.0028,0.383578
25320000,54,241.159,-21717.4,52.7063,0.387225
25335000,62,264.963,-21692.6,57.1471,0.383089
25350000,48,204.095,-21691.4,41.6923,0.373
25365000,65,282.436,-21689.1,60.355,0.3824
25380000,64,259.158,-21695.1,62.3177,0.386133
25395000,60,242.74,-21675.7,61.3917,0.379333
25410000,65,257.413,-21679.5,65.4213,0.391533
25425000,64,260.667,-21687.6,59.3326,0.389289
25440000,66,287.518,-21702.4,64.1382,0.395667
25455000,61,266.261,-21709.8,70.404,0.403933
25470000,67,290.021,-21718.1,70.6951,0.397133
25485000,60,261.803,-21701.6,52.553,0.4098
25500000,55,232.058,-21700,53.6079,0.382453
25515000,62,267.484,-21695.2,54.8666,0.407367
25530000,65,273.036,-21680.9,77.1014,0.384167
25545000,68,278.591,-21682.6,56.8847,0.388467
25560000,71,312.466,-21689,63.4222,0.4
25575000,78,348.49,-21677.7,80.1873,0.401733
25590000,52,233.663,-21720,65.7703,0.39776
25605000,68,286.597,-21675.2,79.5313,0.400033
25620000,52,198.42,-21707.3,49.735,0.3718
25635000,53,227.179,-21724.7,52.3938,0.3846
25650000,73,313.163,-21658.5,78.7697,0.392822
25665000,76,339.975,-21679.2,85.1423,0.405533
25680000,73,314.391,-21668.4,69.1841,0.408133
25695000,74,304.008,-21685.4,82.7158,0.4072
25710000,72,319.478,-21701.2,62.0798,0.396267
25725000,68,302.755,-21732.7,65.1681,0.390089
25740000,65,275.466,-21727,63.6144,0.408633
25755000,63,275.847,-21718.3,72.5184,0.4076
25770000,62,254.224,-21710.1,64.2555,0.395067
25785000,56,256.28,-21711.8,52.4801,0.406217
25800000,64,268.284,-21687.1,54.6127,0.390967
25815000,67,296.842,-21681.4,79.6813,0.379467
25830000,58,254.047,-21676.8,62.1791,0.395667
25845000,57,224.439,-21719.2,48.9494,0.382843
25860000,71,314.5,-21699.1,73.7971,0.3903
25875000,60,267.272,-21685.4,62.5664,0.3952
25890000,52,231.595,-21730.6,57.3416,0.383111
25905000,71,321.623,-21694,83.2349,0.3868
25920000,52,224.711,-21715.3,58.72,0.387511
25935000,54,223.375,-21693.4,44.4358,0.392067
25950000,59,257.919,-21698.8,61.9974,0.401733
25965000,67,296.068,-21704.2,59.12,0.3894
25980000,54,240.903,-21690.4,59.1814,0.37752
25995000,54,242.963,-21676.9,48.6868,0.358133
26010000,52,222.779,-21695,50.832,0.3744
26025000,66,276.565,-21676.4,53.9375,0.384444
26040000,63,268.702,-21688.1,54.0442,0.378667
26055000,60,256.798,-21676.1,38.8243,0.387
26070000,66,288.029,-21676.8,69.0105,0.391733
26085000,69,294.412,-21666.4,59.4405,0.4
26100000,71,292.418,-21669.3,78.7754,0.4012
26115000,71,308.612,-21675.3,72.5292,0.4028
26130000,70,290.649,-21655.1,74.1004,0.3845
26145000,58,237.86,-21662.8,61.2627,0.378267
26160000,66,277.765,-21668.3,62.5562,0.396422
26175000,64,280.133,-21676.1,58.2967,0.3771
26190000,54,238.219,-21671.5,53.6241,0.380733
26205000,66,278.648,-21680.5,64.0677,0.402289
26220000,72,302.044,-21677.1,67.8224,0.386033
26235000,54,228.529,-21730.1,54.703,0.3882
26250000,66,280.833,-21674.7,87.8699,0.385567
26265000,60,253.048,-21689.7,65.6911,0.387533
26280000,64,262.918,-21724.2,70.1015,0.392156
26295000,78,345.208,-21686.2,88.4224,0.399467
26310000,58,241.722,-21667,67.0457,0.383311
26325000,65,283.418,-21696.2,54.5812,0.4141
26340000,47,207.424,-21722.8,54.1794,0.4052
26355000,47,197.598,-21680.5,48.0017,0.365733
26370000,47,202.958,-21711.4,43.1532,0.3734
26385000,77,344.959,-21715.1,86.2866,0.39465
26400000,56,232.127,-21697.2,60.511,0.382933
26415000,61,261.712,-21707.2,64.2,0.36665
26430000,73,319.114,-21699,82.213,0.388933
26445000,71,307.566,-21690.3,78.2058,0.405933
26460000,58,245.601,-21685.5,69.8121,0.40672
26475000,49,207.124,-21716.2,50.9597,0.388867
26490000,54,231.66,-21710.9,66.0906,0.385678
26505000,54,222.886,-21694.3,62.883,0.380633
26520000,55,229.554,-21682.4,54.3831,0.381911
26535000,68,301.011,-21671.5,66.2986,0.376933
26550000,59,250.143,-21676.4,44.4619,0.3814
26565000,54,213.593,-21668.7,57.8798,0.385178
26580000,58,239.38,-21672,55.9026,0.384467
26595000,66,273.655,-21694.8,71.3871,0.383578
26610000,58,244.791,-21703.2,72.026,0.387367
26625000,56,223.243,-21690.6,57.3084,0.386933
26640000,51,217.675,-21732.1,44.7172,0.390533
26655000,72,299.384,-21694.4,72.0972,0.395633
26670000,65,280.119,-21693.2,74.1931,0.405667
26685000,64,270.116,-21711,86.2737,0.3946
26700000,54,225.915,-21724.5,47.1311,0.387733
26715000,59,252.417,-21722.3,47.8071,0.39488
26730000,49,206.042,-21750.3,57.3271,0.4066
26745000,64,263.009,-21712.1,70.0039,0.391911
26760000,64,273.516,-21700.2,57.6902,0.407867
26775000,67,286.149,-21699.9,66.1151,0.3956
26790000,62,238.231,-21691.7,69.2083,0.3966
26805000,45,196.641,-21727,43.9015,0.391693
26820000,62,251.27,-21699,59.3312,0.395767
26835000,65,272.35,-21696.1,65.7391,0.402067
26850000,56,241.906,-21689.3,61.0378,0.391533
26865000,57,249.188,-21737.1,64.0386,0.383881
26880000,72,311.355,-21692.3,61.6137,0.401467
26895000,66,282.332,-21690.5,71.6244,0.4052
26910000,78,329.672,-21691.9,77.7327,0.399733
26925000,68,295.814,-21679,61.2032,0.4052
26940000,47,195.474,-21730.4,53.9901,0.387267
26955000,45,189.337,-21720.6,51.5481,0.395533
26970000,73,322.098,-21678.3,77.476,0.398222
26985000,71,284.868,-21685.1,70.8582,0.411933
27000000,52,223.212,-21730.7,56.1201,0.393089
27015000,51,217.409,-21719.9,48.0874,0.383267
27030000,62,272.641,-21715.2,55.5856,0.39344
27045000,65,283.306,-21714.8,65.6219,0.413667
27060000,72,330.703,-21690.8,82.4092,0.407533
27075000,58,249.608,-21692.5,63.7318,0.388867
27090000,66,277.752,-21697.2,78.1491,0.390848
27105000,60,256.156,-21714.4,52.6416,0.398467
27120000,58,249.87,-21697.6,69.061,0.401533
27135000,57,259.977,-21715.2,61.2683,0.3889
27150000,54,225.934,-21714.4,45.3769,0.397267
27165000,48,206.634,-21730.9,57.6384,0.398644
27180000,61,263.216,-21705.9,48.7383,0.392633
27195000,48,205.651,-21717,44.5873,0.396933
27210000,62,267.744,-21714.6,46.7529,0.389267
27225000,62,272.367,-21706.5,60.9912,0.403667
27240000,64,259.483,-21707.3,86.0896,0.407933
27255000,45,194.973,-21712.8,49.5025,0.38828
27270000,54,233.809,-21710.7,58.0977,0.386583
27285000,64,275.295,-21711.8,64.796,0.401844
27300000,60,247.178,-21717.3,54.6654,0.4048
27315000,51,224.97,-21706.4,55.4501,0.380289
27330000,68,291.486,-21725.3,73.8184,0.395033
27345000,62,271.526,-21735.6,69.2187,0.378511
27360000,63,266.868,-21723.8,70.5897,0.4041
27375000,57,229.583,-21714.9,80.5757,0.396633
27390000,65,269.114,-21730,75.2794,0.395813
27405000,58,235.851,-21702,55.0295,0.385533
27420000,63,266.994,-21705.1,59.8055,0.402767
27435000,54,233.315,-21752.4,65.4141,0.408307
27450000,56,231.192,-21731.6,57.2722,0.377711
27465000,55,247.27,-21724.9,41.5833,0.4
27480000,58,242.766,-21694.6,62.5698,0.3946
27495000,58,253.393,-21699.4,71.6448,0.385933
27510000,53,224.98,-21717.2,67.8818,0.363
27525000,42,177.483,-21734.3,46.8296,0.392983
27540000,65,295.422,-21707.5,74.6008,0.397067
27555000,42,169.72,-21703,34.6065,0.385992
27570000,52,217.4,-21700.5,43.7085,0.393
27585000,67,291.312,-21698.3,64.3926,0.389333
27600000,47,201.297,-21740,65.563,0.389227
27615000,52,223.971,-21709,55.7427,0.390467
27630000,57,242.897,-21722.7,47.593,0.379267
27645000,55,233.185,-21693.6,64.3361,0.384
27660000,44,178.98,-21728.4,63.1137,0.378467
27675000,76,342.942,-21704.6,69.7935,0.390124
27690000,72,306.304,-21685.7,84.4597,0.421467
27705000,54,244.491,-21722,70.0943,0.393911
27720000,69,278.345,-21702.9,74.4321,0.3792
27735000,65,271.301,-21705.6,62.4612,0.403578
27750000,62,256.862,-21714.7,67.4219,0.401567
27765000,60,252.278,-21708.1,57.3584,0.405067
27780000,52,209.793,-21720.9,61.3898,0.3806
27795000,68,290.336,-21674.3,61.4307,0.390087
27810000,63,262.23,-21688.4,53.8019,0.3897
27825000,61,247.224,-21673.6,67.9259,0.395967
27840000,76,329.881,-21678.1,75.9831,0.388867
27855000,73,311.461,-21686.4,73.3007,0.408267
27870000,71,312.581,-21691.6,83.5943,0.405667
27885000,64,271.3,-21696.9,60.4653,0.399133
27900000,63,275.28,-21712.5,53.3639,0.398587
27915000,78,312.101,-21701.9,87.5804,0.4029
27930000,96,390.975,-21686.5,93.7213,0.410867
27945000,87,359.888,-21692.9,94.8418,0.4178
27960000,76,322.471,-21693.7,77.8549,0.4198
27975000,62,251.033,-21691.3,71.5586,0.393342
27990000,46,194.695,-21698.9,40.1709,0.3862
28005000,53,220.039,-21686.4,66.1438,0.3928
28020000,61,254.268,-21694,60.3452,0.372133
28035000,53,218.492,-21717.7,50.8213,0.386985
28050000,69,300.085,-21694.7,65.109,0.3922
28065000,70,316.863,-21698.9,72.6347,0.402633
28080000,55,235.574,-21688.8,45.5915,0.364156
28095000,69,293.369,-21684.4,85.0566,0.397267
28110000,56,247.156,-21668.6,53.1381,0.379267
28125000,63,272.34,-21706.1,62.0484,0.39292
28140000,68,303.095,-21713.7,55.9871,0.397311
28155000,64,261.425,-21703.1,61.2323,0.404
28170000,59,261.784,-21676,59.5376,0.38135
28185000,59,243.012,-21674.5,57.0191,0.376467
28200000,73,319.309,-21657.3,87.3609,0.394933
28215000,79,343.831,-21666.9,73.7844,0.394333
28230000,64,298.535,-21723.8,63.6764,0.395222
28245000,55,221.537,-21691.8,61.6554,0.373233
28260000,66,281.252,-21717,72.6692,0.394233
28275000,78,338.61,-21677.8,69.6463,0.396083
28290000,82,371.097,-21711.6,101.067,0.420433
28305000,50,224.94,-21675.5,44.463,0.38065
28320000,61,256.443,-21659.7,63.9649,0.390911
28335000,59,256.625,-21692.7,57.0852,0.366533
28350000,62,271.433,-21671.1,53.0133,0.378833
28365000,71,309.557,-21685.9,71.1597,0.383867
28380000,57,258,-21707.3,43.1206,0.367844
28395000,59,249.96,-21672.5,62.6172,0.388333
28410000,70,320.892,-21686.7,70.5454,0.399533
28425000,63,276.886,-21684.2,68.4277,0.395867
28440000,69,295.959,-21655.2,75.7101,0.3756
28455000,46,197.467,-21691.5,43.0153,0.368093
28470000,71,281.719,-21664.6,83.389,0.380333
28485000,71,299.753,-21680.2,78.9269,0.387867
28500000,66,281.899,-21658.4,70.7461,0.398667
28515000,56,236.342,-21671.3,37.4284,0.383133
28530000,48,189.93,-21682,40.1141,0.363333
28545000,58,252.19,-21676.7,60.892,0.360333
28560000,59,248.623,-21726.3,73.5231,0.403278
28575000,51,213.794,-21703.1,50.5809,0.373167
28590000,63,282.682,-21687.1,69.0916,0.380733
28605000,59,248.633,-21674.6,60.0571,0.382133
28620000,61,264.436,-21678.7,46.07,0.390667
28635000,63,269.26,-21664.5,70.6711,0.384733
28650000,60,248.678,-21672.3,57.5794,0.379733
28665000,55,234.218,-21683.7,61.0938,0.385133
28680000,60,252.205,-21700.9,50.7011,0.3946
28695000,62,268.629,-21674.5,64.7499,0.3842
28710000,48,199.846,-21706.1,48.4729,0.377504
28725000,59,267.088,-21679.8,47.8122,0.391333
28740000,61,258.337,-21673.3,60.946,0.3898
28755000,65,241.026,-21700.7,75.3824,0.380578
28770000,59,267.103,-21671.3,46.4955,0.3966
28785000,46,181.401,-21675.4,41.4203,0.363367
28800000,41,173.357,-21711,45.9914,0.395617
28815000,54,234.505,-21684.8,66.9727,0.357167
28830000,49,208.3,-21721.1,48.5922,0.384133
28845000,58,259.307,-21677.4,66.4179,0.381533
28860000,64,274.656,-21707.8,52.5188,0.384433
28875000,55,227.847,-21686.7,61.1276,0.37759
28890000,59,255.014,-21685.1,58.0091,0.393533
28905000,59,251.214,-21694.1,55.9822,0.382933
28920000,65,272.05,-21717.6,71.7142,0.380733
28935000,58,229.277,-21669.5,51.6816,0.380867
28950000,55,214.981,-21693.9,58.6923,0.36659
28965000,55,234.192,-21683.9,56.9788,0.358533
28980000,58,236.372,-21683.1,61.6925,0.373867
28995000,72,299.15,-21695.6,72.6264,0.386267
29010000,66,286.463,-21673,53.8672,0.372367
29025000,40,157.633,-21729.3,40.8724,0.384533
29040000,48,195.911,-21687.3,44.7331,0.3643
29055000,41,164.399,-21698.3,44.6922,0.338467
29070000,39,167.687,-21696.4,42.3734,0.3394
29085000,54,231.761,-21701.9,48.9777,0.352733
29100000,55,226.271,-21679.2,61.5767,0.381533
29115000,40,174.908,-21716.7,50.6006,0.380282
29130000,37,152.834,-21721,31.7082,0.355133
29145000,46,205.494,-21691.4,39.566,0.358089
29160000,54,213.922,-21708.4,48.665,0.366733
29175000,74,317.284,-21665.7,67.8035,0.385733
29190000,70,276.842,-21653.2,94.6777,0.3854
29205000,65,276.11,-21695.7,70.9181,0.392956
29220000,67,287.945,-21649.7,65.7443,0.392867
29235000,62,258.137,-21663.5,70.2553,0.3776
29250000,61,266.777,-21728.4,57.1621,0.396267
29265000,38,150.127,-21734.8,49.7669,0.385638
29280000,48,203.161,-21745.3,44.5563,0.377933
29295000,65,280.753,-21703.6,80.1221,0.38365
29310000,55,241.59,-21689,48.1605,0.375067
29325000,59,247.278,-21705,69.8258,0.388067
29340000,59,251.986,-21695,48.3382,0.379767
29355000,67,271.371,-21679.6,67.3682,0.3973
29370000,56,249.849,-21678.3,48.447,0.3994
29385000,66,284.924,-21672.4,50.4787,0.391667
29400000,52,215.385,-21693.5,60.0793,0.378967
29415000,54,232.555,-21695.2,49.6621,0.377267
29430000,62,255.497,-21695.8,56.0753,0.391844
29445000,54,221.057,-21749.2,42.7559,0.392739
29460000,66,274.3,-21694.3,98.9085,0.397467
29475000,70,288.076,-21678.7,84.7083,0.400733
29490000,79,337.107,-21691.6,80.1981,0.405933
29505000,73,284.769,-21677.8,71.864,0.398733
29520000,64,275.166,-21713.1,83.1511,0.414347
29535000,69,297.484,-21683.5,68.451,0.38615
29550000,73,316.101,-21678.2,82.879,0.397622
29565000,73,320.116,-21736.9,80.1322,0.409156
29580000,74,320.079,-21711.4,57.1369,0.404822
29595000,74,337.449,-21684.4,57.3485,0.404333
29610000,71,285.674,-21680.4,78.7656,0.4092
29625000,65,285.233,-21675.7,50.784,0.401333
29640000,56,234.232,-21717.8,44.8112,0.39735
29655000,62,264.038,-21687.3,64.8884,0.4062
29670000,67,271.694,-21673.8,67.1907,0.396067
29685000,65,272.955,-21684.7,67.7114,0.396933
29700000,54,223.576,-21738.1,45.5995,0.3972
29715000,59,259.109,-21713.1,49.0724,0.392013
29730000,92,405.691,-21678.2,108.228,0.401733
29745000,77,313.168,-21684.9,79.9613,0.422067
29760000,69,293.936,-21692.1,84.3478,0.403533
29775000,70,302.74,-21693.9,77.4083,0.407867
29790000,79,336.395,-21714.2,66.6036,0.402067
29805000,75,317.156,-21671.9,74.8614,0.396833
29820000,73,318.471,-21665.6,69.8444,0.4066
29835000,63,272.288,-21696.9,71.178,0.3832
29850000,65,266.781,-21720.4,54.9208,0.406217
29865000,59,263.701,-21723.5,65.9702,0.3978
29880000,60,237.399,-21672.7,46.1492,0.391022
29895000,64,278.518,-21700.2,70.9002,0.400067
29910000,51,195.025,-21690.7,45.6887,0.398457
29925000,58,244.394,-21695.7,71.0982,0.378267
29940000,54,226.356,-21697.9,49.5195,0.386667
29955000,48,208,-21741.4,44.2216,0.382733
29970000,61,250.661,-21721.8,59.6726,0.393147
29985000,54,217.161,-21738.5,45.6659,0.386233
