generation,N_shifts,logPrior,logLik,eventRate,acceptRate
0,0,0.780903,-24192.7,86.055,1
15000,0,-1.06725,-21968.5,2.4855,0.241784
30000,2,8.892,-21959.1,1.8197,0.281657
45000,1,5.73102,-21953.4,1.43501,0.297867
60000,2,10.7944,-21954.7,2.36871,0.279067
75000,1,4.69266,-21947.8,1.13938,0.235427
90000,5,21.2158,-21878.4,5.09691,0.294933
105000,3,8.0537,-21923,4.8893,0.214533
120000,7,32.2199,-21870.1,7.17304,0.331667
135000,9,33.3105,-21872.5,9.56605,0.323093
150000,7,23.4435,-21873.7,7.56408,0.312933
165000,9,32.6096,-21861.5,7.26424,0.322467
180000,5,16.0328,-21850.4,7.34046,0.246253
195000,5,11.332,-21843.8,8.64093,0.250733
210000,7,26.8506,-21814.9,3.07491,0.302
225000,7,21.3103,-21823.9,8.14195,0.329124
240000,13,51.9289,-21794.6,11.4798,0.289433
255000,15,64.0107,-21764.2,15.8831,0.3206
270000,17,71.1429,-21753.1,22.6905,0.326562
285000,15,55.0529,-21753,14.9519,0.338067
300000,18,74.412,-21739.1,13.0578,0.3743
315000,22,98.3698,-21691,25.9462,0.352133
330000,24,98.3764,-21699.5,22.9323,0.347933
345000,34,145.669,-21683.1,32.2823,0.3798
360000,28,119.747,-21674.2,32.304,0.367867
375000,35,154.783,-21687.8,32.236,0.379
390000,33,147.496,-21687.5,36.2939,0.34259
405000,42,186.113,-21660.7,41.4663,0.386867
420000,52,212.86,-21650.9,45.7921,0.3816
435000,38,174.77,-21646.9,52.0299,0.370311
450000,33,152.22,-21669.7,40.544,0.383067
465000,43,195.089,-21646,36.57,0.361267
480000,49,197.769,-21667.1,61.4117,0.403933
495000,57,259.701,-21626.8,60.6947,0.388933
510000,49,219.921,-21625.7,45.5644,0.394933
525000,49,227.088,-21639,41.4417,0.381
540000,57,245.176,-21615.1,56.2729,0.400267
555000,58,262.243,-21599.9,66.2439,0.404333
570000,49,222.755,-21636,50.1886,0.397222
585000,56,230.162,-21609,51.1029,0.400833
600000,58,251.392,-21637.4,56.2019,0.4063
615000,48,206.937,-21608.7,51.5727,0.390067
630000,51,215.585,-21611.7,41.8854,0.384333
645000,46,199.006,-21628,43.2515,0.389067
660000,67,288.215,-21622.9,64.8169,0.388067
675000,63,282.182,-21621.6,58.7273,0.407267
690000,62,279.868,-21605.1,59.0406,0.4184
705000,60,257.455,-21600.6,57.4107,0.407711
720000,58,254.069,-21620.8,58.9983,0.3892
735000,56,244.338,-21603.2,61.9096,0.393178
750000,65,298.249,-21606.9,50.3228,0.4016
765000,63,273.209,-21602.3,66.6816,0.402867
780000,64,282.518,-21582.8,70.4419,0.394467
795000,73,333.533,-21593.9,78.8317,0.396533
810000,68,311.684,-21594.4,60.7303,0.401467
825000,55,255.649,-21583.2,62.3356,0.3904
840000,46,198.46,-21635.1,49.1865,0.348576
855000,52,234.497,-21580.4,69.0616,0.373067
870000,50,204.797,-21624.6,55.9407,0.39222
885000,59,256.744,-21573.4,61.4238,0.387633
900000,44,201.361,-21605.6,49.4623,0.385233
915000,60,255.349,-21587.2,69.4119,0.386044
930000,67,281.578,-21611.9,69.9017,0.4098
945000,62,286.424,-21611.5,50.884,0.390467
960000,52,239.386,-21596.4,51.899,0.393333
975000,71,313.349,-21578.6,59.0445,0.394456
990000,74,324.91,-21600.3,86.888,0.420767
1005000,60,255.359,-21603.1,73.1616,0.389356
1020000,65,260.705,-21585,65.8929,0.405533
1035000,60,257.917,-21592.1,59.7567,0.4024
1050000,56,247.453,-21582.6,45.943,0.396693
1065000,59,252.906,-21602.1,71.8132,0.398133
1080000,61,269.039,-21597.4,79.4349,0.39364
1095000,53,233.098,-21587.8,66.4046,0.3954
1110000,47,216.184,-21608.9,45.9725,0.3788
1125000,47,209.734,-21587.1,53.0657,0.386033
1140000,62,270.453,-21583.4,66.326,0.387667
1155000,51,215.762,-21607.7,54.1578,0.397942
1170000,48,224.325,-21614.6,37.6398,0.384783
1185000,59,255.342,-21594.8,68.0427,0.395444
1200000,66,282.123,-21606.3,58.3101,0.3996
1215000,67,300.154,-21599.2,71.7758,0.411867
1230000,56,239.606,-21591.9,61.6797,0.396867
1245000,58,243.764,-21598,59.8309,0.38008
1260000,40,163.201,-21602.5,42.9412,0.385133
1275000,43,182.738,-21609.5,43.4695,0.387578
1290000,66,257.723,-21617.3,65.9832,0.389156
1305000,66,283.365,-21582.3,63.1742,0.404933
1320000,79,338.497,-21581.8,63.8746,0.4016
1335000,75,332.242,-21583.6,84.3314,0.406667
1350000,64,266.562,-21570.3,61.588,0.380611
1365000,64,279.864,-21583.6,59.4875,0.3996
1380000,71,289.262,-21546.1,87.8343,0.409067
1395000,68,284.531,-21549.9,58.5147,0.3954
1410000,56,241.112,-21586.7,55.4467,0.3972
1425000,72,314.351,-21575.8,59.4409,0.3975
1440000,69,308.275,-21562.3,61.0021,0.390867
1455000,76,324.921,-21549.7,79.9107,0.410067
1470000,81,342.628,-21549.5,93.1328,0.4006
1485000,87,352.833,-21573.8,77.5401,0.401
1500000,86,368.683,-21538.8,104.795,0.418
1515000,101,457.088,-21557.3,115.58,0.418133
1530000,77,328.592,-21575.5,85.4008,0.409933
1545000,74,315.376,-21556.9,72.7199,0.394867
1560000,70,305.57,-21562.6,65.4042,0.400467
1575000,66,258.458,-21561.3,69.2277,0.388467
1590000,61,258.415,-21564.3,67.9632,0.389403
1605000,51,207.87,-21587.8,47.4391,0.389677
1620000,51,226.339,-21593.3,54.2577,0.384467
1635000,76,330.467,-21555.4,75.2133,0.395311
1650000,69,284.98,-21538,66.5704,0.397067
1665000,60,262.542,-21596,58.2285,0.393911
1680000,61,268.005,-21584.1,62.3526,0.402733
1695000,47,203.325,-21580.1,46.2117,0.3802
1710000,70,279.665,-21556.1,69.8868,0.398933
1725000,57,249.102,-21580.8,53.6984,0.388667
1740000,65,287.663,-21555.8,64.1541,0.404
1755000,66,292.646,-21567.9,53.8628,0.397467
1770000,61,267.783,-21565.7,65.9785,0.383133
1785000,54,240.122,-21614.8,50.8756,0.388257
1800000,67,296.322,-21551.8,57.6527,0.391533
1815000,67,297.912,-21601.3,58.9781,0.3906
1830000,54,234.027,-21604.9,58.5146,0.402267
1845000,63,271.811,-21556.4,57.6373,0.390444
1860000,51,212.86,-21639.3,52.186,0.394867
1875000,50,210.985,-21595.4,55.1218,0.378533
1890000,59,271.98,-21580.2,69.7117,0.3826
1905000,73,313.623,-21546.8,60.9667,0.39395
1920000,64,288.353,-21604.4,58.7478,0.404467
1935000,53,235.648,-21609.9,47.9991,0.391267
1950000,55,238.927,-21616.3,46.1894,0.400067
1965000,53,228.133,-21600.5,70.3726,0.384917
1980000,43,181.842,-21589.3,46.1379,0.370467
1995000,53,232.769,-21594.8,50.8972,0.377067
2010000,50,211.36,-21584.1,58.9157,0.385
2025000,48,219.917,-21613.6,38.0431,0.38152
2040000,49,213.18,-21603.5,39.1668,0.379222
2055000,45,198.809,-21617.2,49.3049,0.386533
2070000,47,197.127,-21616.8,60.3233,0.379111
2085000,60,252.137,-21604.4,60.8595,0.383627
2100000,51,207.67,-21589.8,43.9112,0.388933
2115000,52,223.379,-21600.1,63.1334,0.383933
2130000,43,198.36,-21619.3,36.0888,0.373817
2145000,36,145.308,-21617.3,40.4764,0.368756
2160000,44,179.068,-21621.9,36.7421,0.373467
2175000,43,166.125,-21644.7,42.8635,0.389667
2190000,48,206.012,-21638.9,40.3308,0.38464
2205000,45,196.92,-21618.2,47.9726,0.38196
2220000,49,205.642,-21609.6,53.6225,0.389889
2235000,63,274.16,-21572,64.8059,0.397667
2250000,63,267.475,-21617.1,57.5596,0.393067
2265000,61,258.894,-21574.3,57.8077,0.390467
2280000,44,191.275,-21604.1,46.5883,0.389711
2295000,44,183.968,-21575.4,48.3106,0.386033
2310000,57,238.354,-21570,45.5222,0.368467
2325000,64,285.802,-21553.5,63.1205,0.3916
2340000,59,272.762,-21594.1,49.9243,0.37845
2355000,67,286.483,-21587.6,67.5258,0.395533
2370000,73,329.524,-21570.1,85.856,0.3956
2385000,73,326.267,-21570.6,69.3147,0.402067
2400000,88,397.107,-21571.6,95.3519,0.4116
2415000,75,336.321,-21557.2,76.7374,0.426733
2430000,37,167.611,-21616.6,30.7322,0.390244
2445000,66,303.144,-21580.4,69.4829,0.409267
2460000,68,300.61,-21579.7,78.8157,0.402667
2475000,52,231.502,-21604.3,55.5929,0.387593
2490000,64,297.543,-21574.6,63.2769,0.394033
2505000,72,310.786,-21554.4,75.91,0.3924
2520000,75,322.14,-21535.6,64.519,0.395
2535000,55,243.663,-21581.9,51.0475,0.381933
2550000,65,284.53,-21555.5,47.1755,0.378933
2565000,49,207.847,-21576.5,50.4989,0.3852
2580000,72,312.961,-21570.2,78.4565,0.384233
2595000,60,265.294,-21567.9,57.819,0.395533
2610000,63,278.771,-21563.4,62.1336,0.374333
2625000,64,286.492,-21584.7,63.2502,0.38965
2640000,68,299.477,-21564.2,55.9104,0.3857
2655000,78,325.546,-21572.8,78.8603,0.3924
2670000,68,295.654,-21577.8,59.756,0.394956
2685000,72,326.012,-21590.3,74.651,0.403767
2700000,61,282.653,-21564.4,62.6304,0.410733
2715000,58,261.474,-21570.4,53.3557,0.401133
2730000,63,276.85,-21577.1,66.7314,0.388267
2745000,64,274.404,-21609.4,58.7895,0.389293
2760000,71,315.358,-21558,79.7834,0.394367
2775000,65,290.052,-21556.8,61.5866,0.3938
2790000,68,293.631,-21556.3,65.1401,0.391133
2805000,75,337.911,-21567.4,73.2402,0.406467
2820000,71,313.11,-21572.3,62.4962,0.394267
2835000,64,286.285,-21572.1,65.6161,0.392533
2850000,75,347.251,-21586,71.8022,0.383067
2865000,58,263.036,-21571.6,53.9791,0.387517
2880000,62,284.025,-21560.5,69.8442,0.3996
2895000,62,274.336,-21545.6,65.3072,0.388644
2910000,64,290.254,-21579.9,61.8054,0.390867
2925000,84,359.979,-21562.3,87.9169,0.415467
2940000,60,258.629,-21599.5,50.6575,0.38635
2955000,70,322.505,-21597.9,72.648,0.407667
2970000,63,280.503,-21588.6,69.9971,0.410867
2985000,71,316.945,-21589.8,55.2632,0.3988
3000000,58,254.845,-21592.8,60.0662,0.391267
3015000,73,332.498,-21559.5,72.8367,0.398544
3030000,63,291.45,-21577.5,73.4772,0.394733
3045000,58,240.288,-21594.3,61.3629,0.395489
3060000,61,257.755,-21587.5,57.2266,0.387667
3075000,53,226.572,-21605.6,53.146,0.3844
3090000,66,283.073,-21598.7,66.2207,0.392433
3105000,57,255.079,-21595.4,42.7978,0.381867
3120000,59,244.179,-21580.3,53.6813,0.3714
3135000,57,245.618,-21599.8,65.2713,0.374867
3150000,62,266.879,-21588.7,63.2407,0.3798
3165000,64,262.332,-21577.8,59.0877,0.3816
3180000,74,318.641,-21587.9,72.963,0.386267
3195000,64,253.065,-21577.3,67.8094,0.3966
3210000,56,241.718,-21590.1,59.5221,0.388789
3225000,58,243.723,-21574.4,45.8361,0.390433
3240000,70,308.351,-21561,68.6513,0.395267
3255000,63,282.376,-21568.9,59.2775,0.399533
3270000,69,318.717,-21557.4,69.5223,0.399533
3285000,66,290.551,-21582.6,77.7773,0.3982
3300000,51,207.919,-21582.1,49.7145,0.3904
3315000,40,153.952,-21622.5,42.642,0.385679
3330000,55,232.682,-21589.3,56.4642,0.3787
3345000,62,275.573,-21589.7,55.6385,0.383919
3360000,63,275.755,-21582.4,51.4535,0.400067
3375000,68,306.907,-21573.3,72.0959,0.4002
3390000,74,330.379,-21577.2,83.6057,0.3966
3405000,81,353.328,-21575.2,95.6156,0.412
3420000,61,263.167,-21556.8,57.6573,0.395467
3435000,51,215.869,-21580.4,53.2642,0.3816
3450000,50,225.278,-21614,48.0445,0.378548
3465000,50,214.009,-21602,63.0709,0.380724
3480000,53,246.265,-21597.2,61.6939,0.383
3495000,53,225.843,-21589.9,53.5835,0.385467
3510000,57,262.687,-21610.4,54.7443,0.391867
3525000,56,230.684,-21581.1,44.4748,0.382233
3540000,54,242.538,-21590,54.0186,0.394967
3555000,59,243.555,-21579.7,57.4768,0.389489
3570000,46,198.183,-21610.8,44.3187,0.3836
3585000,52,220.708,-21588.1,52.203,0.383183
3600000,70,302.728,-21575.4,61.2612,0.400067
3615000,69,292.802,-21547.9,78.7259,0.386289
3630000,66,288.141,-21565.5,59.5185,0.4144
3645000,59,259.859,-21575.1,63.88,0.386467
3660000,59,261.083,-21589.5,52.6236,0.3972
3675000,65,271.085,-21568.2,60.4098,0.384283
3690000,57,236.364,-21583.1,54.0528,0.391
3705000,56,259.281,-21599.9,61.8264,0.391485
3720000,66,289.462,-21560.7,72.1847,0.393083
3735000,76,343.354,-21562.2,67.8011,0.413733
3750000,53,240.848,-21578.7,45.9735,0.3962
3765000,52,235.46,-21602,56.6158,0.405733
3780000,68,297.521,-21568.6,76.6786,0.403867
3795000,71,315.29,-21548.3,73.1937,0.387305
3810000,59,256.907,-21576.8,52.4288,0.389433
3825000,52,230.355,-21590.9,44.6504,0.394767
3840000,65,279.335,-21583.4,74.4016,0.3916
3855000,67,297.478,-21541.7,74.7983,0.389517
3870000,55,232.68,-21575,49.5661,0.4089
3885000,86,373.522,-21540.8,86.768,0.394467
3900000,70,306.46,-21567.5,72.4314,0.404233
3915000,73,317.789,-21544.1,64.8515,0.3974
3930000,69,302.87,-21550.6,69.408,0.400667
3945000,65,282.844,-21539.7,83.4204,0.397733
3960000,69,294.237,-21576.3,52.3261,0.397017
3975000,68,297.264,-21575.9,56.4407,0.396533
3990000,79,348.422,-21562.4,76.7741,0.397289
4005000,53,235.818,-21575,51.8426,0.397233
4020000,71,311.479,-21557.9,61.5358,0.3995
4035000,59,250.549,-21556.9,61.3039,0.373567
4050000,57,234.507,-21554.4,48.0667,0.391467
4065000,55,253.19,-21583.5,57.8029,0.374267
4080000,54,226.624,-21588.7,57.1953,0.382667
4095000,75,318.213,-21571.7,81.1079,0.3894
4110000,67,290.188,-21569.3,75.6725,0.3948
4125000,62,254.933,-21566.9,62.6541,0.39
4140000,67,296.132,-21570,56.1067,0.3792
4155000,71,304.602,-21594.2,78.9356,0.394933
4170000,62,255.098,-21579.7,54.2936,0.389453
4185000,58,252.87,-21590.4,60.7426,0.399467
4200000,61,266.825,-21590.1,70.9502,0.400167
4215000,66,295.145,-21570.6,66.0544,0.398533
4230000,60,276.906,-21571.9,55.7409,0.3802
4245000,72,315.087,-21569.5,74.8726,0.398633
4260000,61,255.278,-21590.9,68.0908,0.413133
4275000,74,317.259,-21596.9,81.5014,0.410933
4290000,66,273.666,-21540.2,77.7843,0.387333
4305000,63,269.628,-21543.6,54.0942,0.388067
4320000,64,274.038,-21560.5,71.0282,0.3756
4335000,61,277.978,-21610.3,56.3945,0.392455
4350000,67,286.749,-21566.8,64.7718,0.403573
4365000,73,313.775,-21561.6,82.2302,0.394067
4380000,62,272.057,-21566.6,63.3298,0.376567
4395000,57,253.75,-21568.8,63.0328,0.4124
4410000,58,255.413,-21571.8,59.8618,0.3794
4425000,73,318.047,-21571,71.1729,0.395833
4440000,61,255.187,-21588.3,58.6564,0.398667
4455000,64,273.581,-21537.4,58.4539,0.3892
4470000,55,244.46,-21565.5,52.2013,0.374
4485000,52,220.096,-21590.2,47.9044,0.363067
4500000,61,272.97,-21568.7,59.0548,0.3808
4515000,71,313.59,-21565.1,69.0537,0.388267
4530000,70,302.757,-21559.3,74.7809,0.3978
4545000,76,343.472,-21577.6,71.7187,0.390333
4560000,44,186.77,-21624.5,45.7825,0.394542
4575000,68,277.895,-21541.4,61.6827,0.391667
4590000,72,318.804,-21550.8,69.5797,0.3904
4605000,53,214.799,-21611.6,54.8241,0.388852
4620000,69,309.212,-21553.3,63.6269,0.3899
4635000,58,252.045,-21603,49.1104,0.402967
4650000,70,293.653,-21555.7,84.8835,0.3908
4665000,56,250.504,-21591,61.4366,0.396533
4680000,59,267.514,-21551.8,64.8413,0.381967
4695000,76,327.833,-21536.8,80.0969,0.389267
4710000,72,309.869,-21555.7,71.8918,0.3926
4725000,56,247.44,-21549.3,54.6951,0.3876
4740000,62,271.089,-21570.8,55.6191,0.370067
4755000,58,242.682,-21552.7,52.8245,0.381667
4770000,63,277.122,-21570.5,72.3112,0.383733
4785000,67,278.736,-21563.3,60.6134,0.390636
4800000,71,310.226,-21567.8,78.3676,0.403667
4815000,57,227.321,-21551.7,67.8926,0.397133
4830000,68,314.6,-21554.3,81.2281,0.380333
4845000,79,340.7,-21540.2,87.572,0.407133
4860000,56,241.395,-21566.4,50.4358,0.403333
4875000,52,207.554,-21574.3,44.8972,0.400533
4890000,57,260.463,-21581.8,67.7107,0.381733
4905000,56,245.925,-21596.8,62.8121,0.386133
4920000,57,249.902,-21591.3,60.229,0.392533
4935000,61,260.587,-21575.1,52.0547,0.397822
4950000,55,249.511,-21571,45.8099,0.393467
4965000,59,258.999,-21567.4,53.5522,0.384333
4980000,52,229.227,-21606.6,52.9071,0.382933
4995000,57,250.381,-21577.3,72.4903,0.3992
5010000,45,198.958,-21603.2,38.8594,0.392962
5025000,67,294.907,-21560,74.8379,0.395867
5040000,66,272.231,-21549.5,72.4656,0.393067
5055000,72,315.661,-21579.8,75.2097,0.408867
5070000,73,300.674,-21567.2,71.8569,0.403133
5085000,55,240,-21557.9,47.2082,0.384905
5100000,42,188.907,-21625.5,36.4574,0.387589
5115000,54,238.155,-21571.9,54.4279,0.375967
5130000,60,258.917,-21567.9,71.3715,0.379867
5145000,73,312.973,-21578.8,73.5525,0.395307
5160000,93,412.945,-21567.9,97.6778,0.403267
5175000,82,369.108,-21569.1,92.1719,0.417333
5190000,62,274.234,-21564.4,56.556,0.389683
5205000,59,271.277,-21569.9,52.6638,0.393933
5220000,67,301.218,-21565.4,80.2027,0.383333
5235000,67,294.742,-21551.3,65.5775,0.3932
5250000,81,357.947,-21558.7,96.6791,0.408067
5265000,90,403.695,-21577.6,99.3389,0.401144
5280000,67,292.303,-21563.1,65.9233,0.396467
5295000,58,260.871,-21555.9,49.1329,0.382267
5310000,58,259.825,-21562.4,54.9589,0.378133
5325000,64,281.172,-21573.4,54.2718,0.395983
5340000,82,335.735,-21543.8,73.3302,0.402267
5355000,68,286.146,-21573.9,72.1719,0.385733
5370000,65,296.192,-21548,67.1991,0.396267
5385000,67,293.912,-21545.3,65.7757,0.379867
5400000,69,310.047,-21559.7,72.4959,0.402
5415000,69,313.688,-21554.3,63.2169,0.398
5430000,60,261.861,-21538.7,50.7617,0.395133
5445000,55,250.512,-21578.8,41.5311,0.378533
5460000,49,220.111,-21562.6,45.326,0.379267
5475000,53,227.71,-21549.8,51.0473,0.3812
5490000,55,247.161,-21565,46.1641,0.381933
5505000,71,300.693,-21563.7,80.7236,0.376867
5520000,55,244.639,-21590.4,44.263,0.385705
5535000,68,291.574,-21585.4,71.3332,0.382367
5550000,73,321.334,-21547.3,66.1508,0.397933
5565000,59,264.235,-21572,49.8842,0.388067
5580000,68,300.249,-21585.6,73.827,0.39025
5595000,75,317.893,-21545.6,74.2939,0.386533
5610000,63,274.72,-21578.5,54.0299,0.3984
5625000,68,296.582,-21579.9,75.747,0.396933
5640000,56,247.235,-21573.9,65.8222,0.400367
5655000,56,249.09,-21593.2,46.5799,0.3972
5670000,43,187.256,-21586.7,41.8033,0.3803
5685000,61,265.655,-21573.5,64.5699,0.3766
5700000,70,297.462,-21574.9,72.6105,0.393422
5715000,62,281.661,-21612.9,57.164,0.387
5730000,57,255.92,-21577.7,64.8424,0.390567
5745000,70,318.326,-21574.3,56.0291,0.399883
5760000,69,275.071,-21554.5,62.2663,0.4024
5775000,69,312.563,-21590.2,54.457,0.3922
5790000,51,229.534,-21575.5,66.0847,0.3827
5805000,57,256.947,-21581.8,51.1685,0.3935
5820000,57,236.769,-21595.8,64.508,0.383167
5835000,73,331.617,-21557.2,58.6698,0.398167
5850000,65,300.352,-21561.4,65.668,0.389333
5865000,68,284.865,-21578,64.8847,0.4014
5880000,62,270.921,-21583.8,55.8504,0.397533
5895000,54,243.24,-21556.6,63.2382,0.384022
5910000,64,288.471,-21570.3,70.9692,0.387133
5925000,55,252.715,-21564.7,47.1733,0.385267
5940000,59,264.913,-21587.6,57.3931,0.377783
5955000,66,278.32,-21573.7,66.3822,0.3844
5970000,62,277.413,-21571.4,57.4067,0.380556
5985000,67,300.206,-21573.6,70.8773,0.390267
6000000,71,315.32,-21562.4,73.9358,0.4023
6015000,77,340.431,-21563.4,76.9231,0.405467
6030000,72,286.895,-21564.4,70.3303,0.4084
6045000,85,380.013,-21563.8,91.6745,0.400933
6060000,57,238.144,-21551.6,46.8954,0.396533
6075000,53,231.538,-21609.3,58.309,0.391906
6090000,50,223.775,-21585.3,45.4335,0.3896
6105000,63,262.758,-21547.6,62.1848,0.3824
6120000,47,197.987,-21591.9,50.2347,0.386
6135000,75,328.044,-21561,63.5747,0.385767
6150000,83,352.273,-21564,87.0537,0.401333
6165000,81,340.923,-21541.7,93.4286,0.410867
6180000,69,301.608,-21570.5,62.5856,0.405633
6195000,58,267.639,-21583.9,56.8056,0.392448
6210000,70,316.19,-21577.2,65.0172,0.399933
6225000,72,323.309,-21547.9,78.844,0.387183
6240000,88,378.769,-21547.4,88.5631,0.4037
6255000,84,347.078,-21562.3,82.2707,0.407533
6270000,69,292.792,-21557.9,73.057,0.389067
6285000,71,319.311,-21571.9,70.2571,0.399667
6300000,61,261.748,-21567.8,72.3337,0.395333
6315000,66,278.888,-21586.2,72.5184,0.394489
6330000,57,253.952,-21566.9,45.7896,0.395815
6345000,59,269.075,-21578.8,52.4059,0.3918
6360000,52,221.83,-21575.5,61.7553,0.380717
6375000,56,252.026,-21570,54.9843,0.382833
6390000,59,255.875,-21586.9,48.6752,0.383533
6405000,55,234.062,-21562.3,55.9993,0.388533
6420000,57,238.403,-21582.9,56.0231,0.3876
6435000,48,214.364,-21600.6,48.6632,0.38825
6450000,49,203.565,-21606.2,50.9242,0.368467
6465000,56,246.864,-21596.5,59.4579,0.395733
6480000,59,254.021,-21602.4,44.2721,0.3846
6495000,58,245.882,-21575.1,62.9196,0.389
6510000,60,264.153,-21574.6,55.6295,0.387867
6525000,53,233.961,-21568.7,62.7868,0.387667
6540000,47,195.195,-21617.3,38.1337,0.376489
6555000,45,194.568,-21603.7,38.3912,0.379427
6570000,42,180.515,-21636.6,37.1852,0.3628
6585000,40,173.767,-21642.9,42.2342,0.3712
6600000,61,256.64,-21606.1,69.6795,0.38964
6615000,61,268.753,-21598.8,55.0224,0.395667
6630000,56,227.764,-21596.2,59.9914,0.394533
6645000,53,240.321,-21593.7,66.1595,0.389133
6660000,64,288.636,-21587,61.6027,0.384771
6675000,69,303.621,-21584.8,58.7977,0.372533
6690000,73,330.795,-21575.7,66.3817,0.398956
6705000,64,276.705,-21567.7,39.1824,0.407867
6720000,57,241.078,-21614.6,43.1275,0.398483
6735000,59,258.881,-21587.5,63.8294,0.407667
6750000,56,235.299,-21576.8,43.147,0.3809
6765000,60,255.496,-21600.5,83.8655,0.388678
6780000,62,267.756,-21612,57.979,0.405444
6795000,48,208.211,-21597.1,59.4667,0.382889
6810000,61,265.016,-21599.2,62.9208,0.381
6825000,56,251.8,-21587.5,48.0458,0.384033
6840000,66,288.216,-21587.8,72.3665,0.4058
6855000,51,222.021,-21577.3,42.2901,0.390667
6870000,60,271.593,-21607.2,54.413,0.385733
6885000,58,265.757,-21586,49.271,0.395333
6900000,58,257.567,-21582.7,65.2488,0.389333
6915000,58,249.617,-21608.5,56.5328,0.394733
6930000,59,266.084,-21583.1,75.1825,0.388733
6945000,74,309.732,-21568.1,68.8492,0.402533
6960000,69,299.131,-21573.3,66.8786,0.377783
6975000,63,284.013,-21571.4,64.3108,0.400767
6990000,72,321.305,-21597,66.6998,0.3958
7005000,56,252.175,-21608.2,71.5995,0.4
7020000,69,307.103,-21586.4,66.2614,0.38985
7035000,71,309.051,-21603.8,79.8527,0.388556
7050000,54,225.794,-21585.8,60.5583,0.3873
7065000,48,215.4,-21601.9,52.1194,0.379
7080000,65,265.342,-21577.8,78.693,0.394573
7095000,67,290.419,-21584.2,69.2971,0.3946
7110000,65,285.346,-21583.9,66.503,0.3884
7125000,66,285.656,-21566.7,46.683,0.3992
7140000,48,210.508,-21607,37.8298,0.392352
7155000,45,198.325,-21589.9,40.9265,0.368333
7170000,61,263.658,-21578.6,66.9394,0.400213
7185000,65,286.05,-21574.7,71.5023,0.396867
7200000,50,226.546,-21611,50.9973,0.382889
7215000,60,248.027,-21581.2,54.8455,0.3922
7230000,62,282.191,-21577.5,56.3763,0.397
7245000,48,220.076,-21595.7,34.0363,0.376617
7260000,63,277.332,-21595,68.1971,0.3892
7275000,66,284.747,-21585.2,67.4446,0.405133
7290000,54,230.656,-21592.9,46.65,0.397333
7305000,58,264.822,-21593.4,51.1182,0.389967
7320000,48,199.144,-21598.8,47.561,0.380787
7335000,49,225.56,-21586.2,46.2148,0.374
7350000,53,231.823,-21600.9,58.4238,0.386683
7365000,51,212.316,-21600.3,56.3906,0.390133
7380000,51,214.327,-21617.4,60.3288,0.383533
7395000,58,263.47,-21581.2,53.3609,0.377311
7410000,85,381.933,-21599.6,77.9777,0.407067
7425000,62,279.259,-21580.9,71.7817,0.400689
7440000,72,317.246,-21592.2,75.7853,0.4214
7455000,60,263.925,-21571.2,69.3099,0.400533
7470000,76,339.124,-21580.5,74.3833,0.401267
7485000,66,303.494,-21588.8,67.9007,0.395533
7500000,67,290.548,-21575.8,61.976,0.399917
7515000,62,279.484,-21588.3,69.2404,0.405667
7530000,75,321.415,-21577.5,77.7717,0.398867
7545000,64,269.121,-21601,54.2669,0.394422
7560000,47,205.553,-21608.2,42.9549,0.396887
7575000,51,232.006,-21602.2,45.3613,0.381533
7590000,61,276.353,-21587.5,58.7433,0.379533
7605000,56,240.24,-21582.3,55.6056,0.386907
7620000,63,262.497,-21587.8,62.3959,0.391311
7635000,60,259.366,-21581.7,58.4005,0.399767
7650000,56,248.546,-21611.4,69.9327,0.3946
7665000,70,294.67,-21598.4,57.1461,0.402453
7680000,66,298.341,-21598.6,55.5928,0.403267
7695000,66,276.305,-21575,65.5298,0.389567
7710000,61,268.836,-21594.9,51.5608,0.399
7725000,60,266.087,-21587.9,65.4121,0.394133
7740000,81,377.869,-21577.4,78.3292,0.406267
7755000,62,273.636,-21558.4,66.2931,0.4016
7770000,62,259.707,-21551.1,59.4297,0.3878
7785000,60,262.308,-21575.1,79.9039,0.392533
7800000,56,256.114,-21586.5,65.6895,0.39228
7815000,84,352.193,-21605.6,79.8686,0.406613
7830000,61,256.813,-21604.1,67.8256,0.402333
7845000,64,284.315,-21597.2,50.3634,0.419533
7860000,80,331.932,-21568.5,73.3519,0.402267
7875000,57,263.254,-21569.7,58.2064,0.4075
7890000,81,359.957,-21573.7,80.6833,0.407967
7905000,72,319.273,-21584.1,61.955,0.396867
7920000,69,286.718,-21579.5,63.7478,0.408733
7935000,69,291.1,-21596.3,63.7479,0.413933
7950000,79,323.247,-21571,92.0464,0.415533
7965000,72,307.023,-21576.3,66.0792,0.411
7980000,68,295.596,-21578.1,65.053,0.403867
7995000,66,291.36,-21588.6,77.903,0.405267
8010000,71,308.829,-21583.4,79.3344,0.398133
8025000,56,244.715,-21599.6,59.9828,0.395713
8040000,74,319.853,-21549.6,82.9004,0.398367
8055000,83,369.275,-21557.4,73.1524,0.3954
8070000,66,282.348,-21565.5,63.7739,0.4116
8085000,55,248.473,-21579,55.129,0.390105
8100000,62,266.71,-21549.1,85.9327,0.392433
8115000,59,252.072,-21590.7,52.542,0.382433
8130000,64,275.177,-21557.7,69.2169,0.389667
8145000,70,301.368,-21560.2,64.5876,0.386267
8160000,63,275.317,-21557.3,62.0959,0.393067
8175000,65,298.292,-21552.7,53.5115,0.389733
8190000,77,335,-21547.7,80.1197,0.4088
8205000,70,312.531,-21547.7,60.4097,0.3978
8220000,85,370.568,-21552,99.0087,0.389048
8235000,87,395.666,-21570.5,82.0338,0.413833
8250000,85,387.279,-21551.9,93.81,0.4144
8265000,67,295.458,-21577,69.7565,0.407422
8280000,81,351.049,-21546.1,75.8342,0.418233
8295000,83,358.87,-21536.3,91.7986,0.3988
8310000,58,245.993,-21558.5,74.9385,0.3912
8325000,75,325.796,-21560.5,83.061,0.4007
8340000,72,300.611,-21574.1,79.1604,0.387333
8355000,73,317.08,-21562.5,70.703,0.387133
8370000,79,329.923,-21576.7,74.2809,0.403067
8385000,53,239.418,-21599.6,44.2807,0.390108
8400000,71,305.674,-21585.6,67.6652,0.4154
8415000,54,218.738,-21596.4,64.8965,0.390433
8430000,59,264.341,-21563.2,53.4374,0.4044
8445000,53,232.746,-21574,50.6384,0.392067
8460000,56,241.923,-21603.2,59.6186,0.385733
8475000,47,205.175,-21600.7,42.7503,0.376633
8490000,60,238.61,-21596.6,56.2818,0.381533
8505000,57,248.121,-21602.2,55.9359,0.388833
8520000,58,251.825,-21594.6,69.8655,0.3817
8535000,48,209.317,-21594.5,45.0744,0.391067
8550000,53,223.485,-21596.2,58.3254,0.365933
8565000,61,244.002,-21587.4,51.8507,0.376133
8580000,66,288.435,-21584.4,76.5264,0.38745
8595000,64,264.238,-21559.9,51.0592,0.393267
8610000,67,304.543,-21559.9,60.7505,0.391267
8625000,61,284.656,-21627.3,59.7046,0.392967
8640000,55,249.8,-21605.3,61.1004,0.3818
8655000,49,208.644,-21592.4,44.0884,0.391733
8670000,48,205.944,-21584.4,46.6563,0.379618
8685000,59,262.832,-21577.7,65.6009,0.383578
8700000,62,258.271,-21573.9,70.8587,0.3834
8715000,63,267.715,-21566.7,61.2899,0.395067
8730000,73,336.405,-21555.4,74.6179,0.392022
8745000,66,275.409,-21553.5,62.6323,0.3915
8760000,84,365.805,-21588,72.188,0.4077
8775000,76,348.897,-21550.9,93.4431,0.398467
8790000,60,250.435,-21568.1,60.8272,0.382467
8805000,78,327.528,-21552,103.846,0.400367
8820000,79,338.195,-21543.8,76.5989,0.3996
8835000,58,245.456,-21562.5,45.1348,0.3938
8850000,63,286.269,-21546,59.2881,0.394033
8865000,72,319.511,-21544.1,79.4848,0.3868
8880000,72,321.993,-21561.2,65.6356,0.397267
8895000,59,260.983,-21580.7,61.2431,0.389471
8910000,81,356.266,-21554.9,88.6497,0.405067
8925000,76,325.103,-21549.4,82.0276,0.398533
8940000,70,310.105,-21570.5,76.9049,0.406467
8955000,67,283.143,-21564,85.5021,0.3937
8970000,72,317.979,-21595.7,79.1137,0.402733
8985000,65,295.656,-21596.6,65.6295,0.404533
9000000,57,224.049,-21566.8,59.664,0.382594
9015000,52,216.749,-21584,48.305,0.390373
9030000,51,219.104,-21597.4,50.3251,0.381156
9045000,53,230.161,-21604.9,49.4507,0.364467
9060000,67,301.029,-21596,54.0644,0.3856
9075000,56,248.145,-21576.4,57.575,0.3834
9090000,76,335.127,-21565.1,86.2701,0.388453
9105000,54,218.181,-21578.5,57.8969,0.373924
9120000,72,303.519,-21555.9,77.7021,0.384933
9135000,64,269.355,-21567.3,72.8371,0.382667
9150000,62,254.803,-21573.3,73.8623,0.388067
9165000,69,305.404,-21555.9,69.5785,0.393867
9180000,50,200.885,-21588.2,58.5534,0.389
9195000,76,327.562,-21570.9,84.3751,0.403267
9210000,57,239.147,-21581,64.0035,0.378496
9225000,57,243.782,-21565.5,65.7551,0.3809
9240000,63,270.381,-21569.3,65.552,0.379533
9255000,53,234.969,-21612.9,42.8434,0.385022
9270000,53,238.757,-21579.1,45.1902,0.3704
9285000,61,270.128,-21576.3,73.8427,0.393867
9300000,58,241.06,-21578.1,57.7749,0.381075
9315000,66,280.577,-21563,63.588,0.385367
9330000,62,257.475,-21588.1,68.2924,0.369183
9345000,56,249.516,-21600.3,49.9351,0.3906
9360000,58,245.156,-21585.6,55.2461,0.389933
9375000,59,250.055,-21559.2,59.5768,0.379444
9390000,66,281.724,-21533,85.401,0.388733
9405000,59,256.425,-21594.7,63.9979,0.3915
9420000,69,282.965,-21555.9,70.9529,0.389733
9435000,71,291.203,-21555,65.506,0.4078
9450000,60,258.032,-21555.7,60.0923,0.399067
9465000,48,202.334,-21593,42.0535,0.380543
9480000,73,324.849,-21583.7,76.4422,0.3898
9495000,67,275.63,-21559.3,78.3301,0.3928
9510000,60,259.471,-21557.7,61.0777,0.3814
9525000,69,304.508,-21574.8,70.1998,0.392633
9540000,60,261.006,-21593.9,56.5382,0.382333
9555000,79,345.594,-21572.2,74.59,0.408533
9570000,67,280.571,-21590,69.358,0.398933
9585000,66,283.246,-21593.5,71.6519,0.395067
9600000,68,297.354,-21579.2,74.3173,0.4048
9615000,71,318.48,-21555.8,77.1048,0.386867
9630000,63,271.141,-21544.2,54.7737,0.386475
9645000,69,309.628,-21555.3,50.0482,0.3858
9660000,67,292.885,-21560.7,84.3016,0.392933
9675000,63,287.595,-21559.3,61.9657,0.391267
9690000,36,155.075,-21614.9,44.52,0.3736
9705000,52,236.253,-21565.4,46.2757,0.385433
9720000,54,226.325,-21576.5,51.1517,0.385644
9735000,54,241.614,-21586.9,50.5241,0.3749
9750000,67,287.666,-21590.8,65.0154,0.385267
9765000,61,263.223,-21588,57.2276,0.374067
9780000,65,289.8,-21614.6,58.5504,0.3928
9795000,61,262.627,-21615,63.3316,0.363533
9810000,51,218.246,-21594.9,52.8118,0.388067
9825000,59,264.388,-21587.5,74.0967,0.377133
9840000,73,307.062,-21572.3,68.0572,0.399644
9855000,53,232.631,-21626.2,45.0689,0.379233
9870000,56,241.332,-21605.5,51.8939,0.386
9885000,63,287.324,-21589.7,78.8779,0.398933
9900000,62,274.453,-21575.2,60.1548,0.395933
9915000,58,263.732,-21589.8,58.0325,0.3901
9930000,68,300.281,-21587.3,60.5688,0.402933
9945000,66,301.656,-21586.7,64.5411,0.408667
9960000,72,336.647,-21589.6,78.7957,0.407467
9975000,69,302.442,-21572.4,75.2237,0.395667
9990000,73,321.173,-21551.7,66.8729,0.3928
10005000,53,227.851,-21602.4,61.7666,0.390533
10020000,64,285.571,-21577.5,63.3426,0.393567
10035000,60,256.907,-21560.3,52.4627,0.389867
10050000,50,209.183,-21628.2,45.5917,0.380271
10065000,57,241.656,-21572.5,66.4784,0.379233
10080000,64,287.576,-21577.6,75.2873,0.384267
10095000,69,289.795,-21565.7,62.2276,0.399867
10110000,73,320.181,-21577.2,70.2497,0.3982
10125000,64,286.089,-21562,59.4275,0.402667
10140000,55,238.963,-21604.3,59.6885,0.386989
10155000,59,267.945,-21587.9,51.0349,0.373933
10170000,64,273.037,-21581.2,67.8522,0.393067
10185000,68,315.318,-21566.8,69.0588,0.3941
10200000,67,287.269,-21568.2,81.1659,0.387133
10215000,58,246.139,-21560.5,74.4944,0.375911
10230000,55,231.07,-21582.4,53.2107,0.3854
10245000,64,267.836,-21560.4,53.1133,0.3934
10260000,62,267.157,-21570.9,58.2318,0.3794
10275000,64,274.021,-21599.6,68.6295,0.385378
10290000,53,223.691,-21581,48.218,0.388733
10305000,59,266.001,-21584.8,71.6761,0.392
10320000,63,272.558,-21587.8,66.6974,0.392083
10335000,55,220.963,-21575.2,53.0088,0.378782
10350000,54,246.544,-21564.2,64.8951,0.382567
10365000,66,281.962,-21557.2,59.4848,0.386933
10380000,51,217.271,-21610.9,49.5752,0.381644
10395000,65,282.956,-21574.9,65.7515,0.391233
10410000,72,320.476,-21592.5,80.2187,0.396333
10425000,77,323.806,-21570.1,77.6496,0.397867
10440000,77,336.352,-21573.1,76.5858,0.394933
10455000,66,288.239,-21567.9,73.0129,0.402733
10470000,56,253.059,-21576.3,57.3601,0.391
10485000,64,288.194,-21589.8,62.7522,0.378533
10500000,62,267.836,-21573,66.9293,0.380467
10515000,63,272.103,-21578.3,64.0963,0.390133
10530000,58,246.694,-21575.3,60.3105,0.387
10545000,49,210.387,-21605.1,55.2469,0.382218
10560000,66,291.031,-21590.9,67.7146,0.375267
10575000,62,274.708,-21576.3,76.5614,0.3972
10590000,71,284.957,-21560.7,70.1874,0.386277
10605000,58,247.585,-21584.1,63.5245,0.388
10620000,53,222.686,-21582.3,50.2036,0.382
10635000,65,284.029,-21569.8,55.8543,0.365733
10650000,68,300.988,-21557.8,69.5003,0.389133
10665000,68,288.691,-21571.1,63.4626,0.39092
10680000,60,266.323,-21577.9,59.7451,0.391667
10695000,57,254.436,-21556.4,60.3838,0.3912
10710000,60,232.813,-21562.4,66.9242,0.3828
10725000,59,256.609,-21575.7,72.9101,0.376167
10740000,66,290.574,-21576.6,60.6227,0.384133
10755000,50,216.802,-21602,51.8753,0.382629
10770000,66,289.513,-21591.8,56.2615,0.3905
10785000,62,258.964,-21583.1,62.1544,0.383933
10800000,73,319.152,-21585.4,70.8899,0.393867
10815000,75,343.789,-21565.8,75.0039,0.398933
10830000,63,279.374,-21593.9,62.5826,0.39695
10845000,66,299.161,-21578.2,72.2614,0.392533
10860000,59,238.006,-21583.6,61.3081,0.379073
10875000,79,353.93,-21575.3,81.234,0.414267
10890000,77,332.422,-21590.2,70.4735,0.39904
10905000,85,383.61,-21593.6,91.4574,0.405
10920000,72,316.848,-21594.3,93.9636,0.401133
10935000,78,356.128,-21567.6,78.3198,0.412267
10950000,51,212.979,-21590.6,58.9156,0.391667
10965000,43,190.926,-21605.2,35.2851,0.376867
10980000,63,283.216,-21565.3,63.9612,0.387844
10995000,46,187.698,-21596.4,46.1548,0.374367
11010000,56,239.894,-21589,44.2518,0.395741
11025000,52,235.174,-21592.2,55.7974,0.379233
11040000,55,232.434,-21607,68.4724,0.385
11055000,54,238.335,-21575.6,57.5432,0.37
11070000,50,211.869,-21606.6,50.3515,0.368533
11085000,67,269.369,-21587.1,65.491,0.3829
11100000,52,220.388,-21604,56.9259,0.3844
11115000,49,217.878,-21591,53.3591,0.395053
11130000,54,236.378,-21593.6,49.6064,0.3884
11145000,45,194.465,-21621.1,58.7018,0.376933
11160000,52,214.49,-21589.4,63.0594,0.3814
11175000,49,210.933,-21580.4,58.3265,0.384622
11190000,68,297.93,-21571,62.3676,0.391133
11205000,69,292.904,-21553.8,78.3195,0.394267
11220000,69,312.987,-21564.3,72.7351,0.397133
11235000,64,286.083,-21540.3,67.071,0.3908
11250000,55,249.302,-21592.7,51.9291,0.391627
11265000,83,367.069,-21541,85.2699,0.4026
11280000,92,409.085,-21540,103.717,0.3946
11295000,64,265.954,-21563.4,71.7559,0.388504
11310000,62,267.315,-21558.7,57.1796,0.387667
11325000,69,284.006,-21553.3,75.6345,0.388533
11340000,79,347.948,-21549.8,87.5858,0.400333
11355000,68,302.919,-21558.4,54.385,0.40556
11370000,56,245.254,-21566.9,59.0543,0.385467
11385000,67,294.7,-21567.3,74.3793,0.3868
11400000,60,269.377,-21556.4,89.3036,0.395067
11415000,70,307.286,-21554.2,72.8298,0.386567
11430000,69,307.696,-21565.3,72.8637,0.4046
11445000,72,320.561,-21563.4,71.4403,0.399933
11460000,62,272.008,-21549.9,66.2211,0.3992
11475000,60,255.438,-21569.6,74.3068,0.393436
11490000,56,249.064,-21556.4,43.0047,0.385133
11505000,60,266.67,-21561.4,61.5048,0.380067
11520000,61,255.957,-21583,63.2138,0.393267
11535000,74,326.012,-21561.4,70.9638,0.374563
11550000,78,351.631,-21557.8,108.055,0.389933
11565000,58,248.979,-21571.7,57.3088,0.391356
11580000,60,265.392,-21542.7,50.9148,0.3806
11595000,62,267.709,-21549.3,62.929,0.355267
11610000,71,313.853,-21560.2,76.7108,0.388173
11625000,77,330.803,-21534.3,83.4841,0.385067
11640000,82,342.358,-21547,84.0564,0.398867
11655000,82,354.761,-21582.6,70.5721,0.418622
11670000,70,316.169,-21580.3,53.6633,0.395933
11685000,62,281.813,-21565.4,67.0337,0.3964
11700000,72,325.279,-21553.6,79.2699,0.4016
11715000,50,216.395,-21603,52.3864,0.383089
11730000,44,194.733,-21579.8,43.3431,0.3778
11745000,54,246.827,-21593.8,62.242,0.381639
11760000,58,274.226,-21578.6,72.5955,0.395133
11775000,63,273.74,-21600.1,63.7458,0.387778
11790000,62,273.995,-21559,55.5777,0.392222
11805000,67,280.558,-21567.5,61.2775,0.380467
11820000,76,327.931,-21557.4,77.8676,0.389933
11835000,63,281.769,-21555.7,53.798,0.395667
11850000,61,261.911,-21551,60.2071,0.378133
11865000,60,284.401,-21611.8,54.2061,0.391367
11880000,60,263.01,-21589.6,68.1808,0.3832
11895000,59,247.042,-21580.3,57.0124,0.386
11910000,66,276.744,-21573.8,84.0289,0.3902
11925000,79,365.193,-21576.6,70.165,0.403067
11940000,60,266.745,-21579.1,48.6449,0.381947
11955000,75,339.048,-21557.1,91.1811,0.4026
11970000,65,288.737,-21582.3,59.8243,0.4012
11985000,86,375.926,-21553.5,76.8652,0.411667
12000000,92,402.159,-21563.7,106.304,0.410267
12015000,87,384.828,-21579.5,85.6078,0.412067
12030000,57,247.551,-21577.7,72.6561,0.390867
12045000,61,255.039,-21565.3,58.6027,0.414033
12060000,65,287.974,-21567.5,70.6828,0.3872
12075000,72,315.3,-21583.5,80.7785,0.401533
12090000,72,308.602,-21587,87.3704,0.3901
12105000,61,274.021,-21596,59.3204,0.409167
12120000,50,189.445,-21616.8,33.1548,0.382414
12135000,68,297.404,-21554.9,85.1259,0.399067
12150000,62,265.535,-21571.1,66.118,0.388667
12165000,56,260.019,-21574.1,61.3851,0.394067
12180000,55,219.978,-21589.9,49.3108,0.386756
12195000,60,280.644,-21588.8,57.4612,0.401367
12210000,71,308.666,-21552.8,72.1542,0.397167
12225000,60,262.148,-21583.3,68.9,0.3976
12240000,70,306.873,-21563.2,62.7515,0.3989
12255000,68,307.541,-21575.3,68.741,0.387
12270000,71,292.603,-21572.3,64.6488,0.401633
12285000,56,246.986,-21578.4,48.7724,0.3933
12300000,65,290.866,-21582.7,51.7513,0.387133
12315000,71,302.272,-21567.1,76.967,0.396044
12330000,88,383.192,-21570,107.94,0.399533
12345000,59,258.343,-21595.5,51.9788,0.4096
12360000,56,248.322,-21586.8,59.1244,0.396533
12375000,59,265.303,-21599.1,73.6582,0.392533
12390000,60,268.196,-21588.5,52.8242,0.396467
12405000,59,236.176,-21605.2,70.4967,0.3994
12420000,57,263.769,-21604.2,51.6846,0.399275
12435000,63,274.903,-21553.1,74.0271,0.395033
12450000,65,293.457,-21577.4,67.1784,0.384867
12465000,55,244.123,-21596.7,39.8684,0.392467
12480000,63,286.154,-21581.8,68.402,0.4028
12495000,73,324.241,-21553.1,75.401,0.399867
12510000,74,339.165,-21555.3,76.4711,0.399
12525000,49,201.099,-21594.9,50.8041,0.391533
12540000,72,326.85,-21553,72.813,0.407167
12555000,76,340.33,-21551,74.7392,0.397733
12570000,82,345.207,-21551.5,93.5996,0.412267
12585000,68,297.194,-21575.5,72.9457,0.3859
12600000,70,297.351,-21536.3,71.1821,0.400733
12615000,60,261.699,-21595.7,49.3972,0.399433
12630000,60,254.232,-21563.4,87.5999,0.384533
12645000,58,251.136,-21619.8,62.4961,0.3997
12660000,52,213.679,-21606.4,52.8707,0.4004
12675000,67,308.134,-21553.7,83.4116,0.386311
12690000,76,336.563,-21550.8,88.0837,0.4038
12705000,77,335.246,-21567.3,78.6821,0.408267
12720000,45,191.008,-21615.1,57.0774,0.38805
12735000,53,240.106,-21556.3,56.1863,0.387733
12750000,53,226.698,-21618.5,57.1224,0.374533
12765000,68,306.368,-21591.2,78.4462,0.380167
12780000,68,300.604,-21575.5,65.954,0.400267
12795000,59,271.722,-21583.1,67.5702,0.402533
12810000,61,250.839,-21567.2,52.3649,0.389
12825000,76,335.301,-21583.8,72.1335,0.405467
12840000,59,261.525,-21590.2,51.4182,0.400933
12855000,67,285.339,-21576.8,68.8722,0.391667
12870000,63,285.385,-21595.5,64.0847,0.403667
12885000,56,239.012,-21593.2,53.9118,0.385289
12900000,71,323.761,-21592.4,66.9229,0.395467
12915000,64,285.202,-21608,63.0553,0.378967
12930000,62,244.136,-21580.9,59.6196,0.4044
12945000,66,296.238,-21569.2,71.0244,0.395044
12960000,67,276.654,-21561.4,52.3589,0.404067
12975000,64,277.003,-21564.1,63.33,0.397667
12990000,77,339.432,-21585.7,75.0973,0.398667
13005000,68,298.542,-21574,61.9538,0.414333
13020000,67,287.038,-21589.2,74.7453,0.3984
13035000,69,310.921,-21614.6,67.0863,0.382202
13050000,55,248.397,-21594,45.4022,0.3872
13065000,68,306.868,-21621.6,59.1169,0.388067
13080000,57,247.93,-21610.7,58.1107,0.383
13095000,50,229.13,-21620.7,58.183,0.4014
13110000,58,256.306,-21596.4,49.3579,0.379883
13125000,59,241.922,-21589.5,57.8931,0.386267
13140000,65,279.272,-21600.9,82.5555,0.40112
13155000,74,318.727,-21590.1,63.3135,0.401933
13170000,58,247.947,-21561.8,57.5313,0.393022
13185000,59,255.938,-21602.4,55.2464,0.3954
13200000,64,284.557,-21557.7,68.4434,0.389467
13215000,59,265.269,-21575.4,54.3125,0.382467
13230000,56,244.437,-21576.2,48.3034,0.387707
13245000,57,234.731,-21567.3,48.0404,0.3818
13260000,69,286.281,-21555.3,64.5447,0.387267
13275000,69,301.028,-21571.9,63.3764,0.396133
13290000,73,328.292,-21548.1,71.6905,0.3858
13305000,66,287.804,-21553.3,61.3601,0.384
13320000,75,325.217,-21561,64.3919,0.392067
13335000,66,270.242,-21546.6,64.111,0.382733
13350000,80,341.644,-21577.6,80.5187,0.3984
13365000,66,295.509,-21572.4,62.8448,0.3946
13380000,68,284.335,-21576.9,71.2038,0.382985
13395000,59,252.852,-21619.8,58.3109,0.390833
13410000,62,262.3,-21548.7,61.2173,0.383767
13425000,55,237.408,-21570.9,47.6037,0.3706
13440000,61,268.07,-21560.2,56.0248,0.3754
13455000,67,290.798,-21563.5,67.3949,0.3788
13470000,58,273.432,-21564.6,52.4102,0.388333
13485000,57,251.073,-21580.5,55.6668,0.3866
13500000,61,268.799,-21582.7,51.716,0.387257
13515000,73,326.144,-21579.9,83.155,0.381167
13530000,63,271.051,-21580.7,68.6454,0.39416
13545000,63,267.542,-21577,52.5249,0.400467
13560000,73,330.715,-21583.1,68.4064,0.4122
13575000,58,259.181,-21583.7,57.1739,0.388483
13590000,48,225.333,-21583.2,36.4374,0.384133
13605000,53,216.557,-21555.6,56.0579,0.3816
13620000,56,241.952,-21595.3,49.3408,0.3941
13635000,66,287.426,-21574.5,69.0606,0.380767
13650000,59,239.243,-21589.6,69.1628,0.390467
13665000,69,297.345,-21584.2,56.6229,0.392267
13680000,58,251.962,-21586.6,63.1183,0.3906
13695000,61,267.114,-21561.7,59.8486,0.390044
13710000,73,317.218,-21565.6,68.2334,0.394267
13725000,70,315.856,-21582.7,52.9458,0.390444
13740000,73,319.15,-21578.3,88.3454,0.400467
13755000,60,257.837,-21571.5,66.7886,0.406
13770000,73,317.76,-21600.8,74.4576,0.402467
13785000,66,283.965,-21582.1,59.975,0.4044
13800000,69,300.887,-21589.5,58.8068,0.401333
13815000,74,319.054,-21561,87.7004,0.398592
13830000,70,302.045,-21563.2,64.1783,0.3998
13845000,69,303.948,-21572.7,78.2328,0.39224
13860000,60,259.604,-21590.2,48.8014,0.3886
13875000,44,180.679,-21604.3,43.5737,0.389867
13890000,67,277.029,-21579.1,57.1175,0.3941
13905000,62,270.011,-21559.7,57.9619,0.387867
13920000,63,271.715,-21609,60.7954,0.374
13935000,64,280.619,-21595.3,65.042,0.406133
13950000,62,268.165,-21575,73.3854,0.4064
13965000,75,332.927,-21581.5,92.4796,0.4012
13980000,70,294.623,-21535,74.399,0.391693
13995000,64,276.201,-21521.5,68.5301,0.389933
14010000,68,285.146,-21605.3,51.8203,0.401178
14025000,66,290.454,-21570.6,66.8566,0.394902
14040000,87,376.989,-21539,75.0769,0.386022
14055000,77,335.617,-21578.5,81.5678,0.400167
14070000,75,326.446,-21557.2,75.9595,0.4037
14085000,84,369.347,-21564.7,95.1268,0.3952
14100000,58,260.319,-21577.8,63.7816,0.388278
14115000,68,298.938,-21564,62.8071,0.3963
14130000,75,324.235,-21556.3,76.6903,0.396533
14145000,85,350.371,-21576.3,83.4735,0.399667
14160000,71,294.803,-21525,67.0243,0.3882
14175000,64,291.943,-21574.8,56.6755,0.395533
14190000,70,313.972,-21548.7,54.594,0.406844
14205000,67,294.833,-21582.6,59.9611,0.4006
14220000,80,341.425,-21572.1,77.3025,0.397917
14235000,68,292.67,-21566.9,77.8446,0.388
14250000,70,294.4,-21575,73.9916,0.405089
14265000,85,376.559,-21578.7,80.4522,0.404133
14280000,70,308.04,-21579.7,75.259,0.3982
14295000,69,284.16,-21557.1,57.601,0.392167
14310000,67,296.236,-21566.9,68.5455,0.394467
14325000,54,226.62,-21594,52.079,0.404467
14340000,80,331.88,-21570.8,82.652,0.393133
14355000,82,360.745,-21558.8,85.2715,0.4056
14370000,83,353.165,-21560.3,92.1702,0.3952
14385000,85,371.896,-21569.2,66.1665,0.4138
14400000,87,381.643,-21574.7,96.4442,0.406333
14415000,87,385.194,-21579.6,87.2343,0.405667
14430000,77,334.27,-21572.4,86.4498,0.410467
14445000,68,294.65,-21574.3,58.8345,0.397207
14460000,64,285.798,-21581.9,48.455,0.386267
14475000,63,272.754,-21571.1,75.9705,0.387533
14490000,59,256.331,-21586,78.3113,0.405164
14505000,51,239.351,-21587.1,42.4002,0.395587
14520000,54,256.307,-21583.4,59.4793,0.386733
14535000,66,277.953,-21586.4,71.3975,0.396333
14550000,66,279.828,-21565.3,69.4299,0.3996
14565000,66,259.509,-21569.6,72.5615,0.385722
14580000,61,252.961,-21583.7,59.1612,0.3856
14595000,51,220.696,-21590.5,51.5874,0.3942
14610000,62,265.315,-21593,56.816,0.4014
14625000,57,257.002,-21582.3,51.4266,0.388289
14640000,74,325.527,-21579.4,84.4922,0.404533
14655000,73,318.405,-21574.5,82.8664,0.402733
14670000,61,267.296,-21601.6,65.1632,0.388808
14685000,74,328.569,-21575.5,70.382,0.411767
14700000,67,274.335,-21577.8,67.3425,0.4018
14715000,48,218.166,-21601,55.629,0.394133
14730000,55,228.596,-21595.5,57.0662,0.376133
14745000,70,308.133,-21581.6,75.0277,0.410844
14760000,60,237.94,-21586.9,62.6865,0.384956
14775000,58,243.408,-21587.2,45.4634,0.397133
14790000,57,231.111,-21593.3,60.1935,0.3918
14805000,65,286.277,-21587.2,57.1661,0.39175
14820000,57,255.57,-21591.1,51.34,0.38095
14835000,66,284.722,-21598.7,61.9604,0.3963
14850000,63,262.252,-21571.4,57.3069,0.395667
14865000,60,260.093,-21609.9,54.9177,0.393867
14880000,66,279.547,-21586.5,70.9993,0.399567
14895000,64,263.333,-21582,70.636,0.392467
14910000,67,286.501,-21566.9,77.1823,0.403492
14925000,76,328.622,-21587.4,71.5016,0.4093
14940000,65,281.333,-21580,58.8894,0.401867
14955000,63,261.541,-21578.6,71.6421,0.393733
14970000,56,226.603,-21583.6,46.4686,0.386756
14985000,64,265.236,-21588.8,57.9169,0.389267
15000000,61,242.583,-21579.7,59.8258,0.401933
15015000,62,269.07,-21586.9,73.4912,0.39362
15030000,61,274.976,-21600.4,51.3563,0.404067
15045000,62,263.382,-21583.5,77.1153,0.3876
15060000,55,246.753,-21618.9,43.2625,0.385467
15075000,55,243.971,-21585.6,60.177,0.3817
15090000,67,292.301,-21586.2,79.0405,0.4042
15105000,73,333.543,-21596,67.5671,0.405933
15120000,75,331.147,-21601.1,61.9387,0.415133
15135000,52,236.686,-21611.6,49.5759,0.3804
15150000,45,207.046,-21605.7,53.4069,0.378667
15165000,47,191.853,-21611,43.2244,0.37935
15180000,47,190.855,-21626.6,49.3132,0.382267
15195000,56,268.591,-21589,52.6297,0.391707
15210000,54,240.649,-21578.2,59.6637,0.386733
15225000,54,223.934,-21601.2,63.1555,0.373844
15240000,48,209.901,-21608.1,47.3171,0.3799
15255000,40,166.602,-21620,45.1917,0.377648
15270000,56,232.224,-21597.3,70.0504,0.3745
15285000,62,282.56,-21600.1,62.9374,0.383717
15300000,59,257.878,-21595.2,48.9402,0.389467
15315000,52,230.653,-21630.9,64.8782,0.397267
15330000,52,214.821,-21584.4,40.9747,0.385233
15345000,46,195.198,-21605.2,55.6918,0.382833
15360000,54,241.338,-21605.4,50.9459,0.386381
15375000,46,197.28,-21610.2,52.565,0.368567
15390000,67,276.72,-21604.6,65.2233,0.3997
15405000,57,263.012,-21602.5,55.6063,0.3934
15420000,66,281.879,-21593.7,62.5071,0.395778
15435000,67,301.913,-21587.1,69.3056,0.401467
15450000,60,242.96,-21617.1,63.1767,0.406822
15465000,54,247.899,-21584.9,51.6516,0.3984
15480000,49,204.949,-21610.7,54.8984,0.404744
15495000,43,194.892,-21608.9,38.068,0.376667
15510000,60,260.717,-21615,57.7304,0.38524
15525000,65,291.508,-21599.8,82.4642,0.394183
15540000,64,265.863,-21600.9,63.9238,0.4039
15555000,52,221.067,-21587,52.0383,0.3836
15570000,50,207.378,-21595.1,49.0977,0.369867
15585000,54,228.198,-21564.9,58.5692,0.3792
15600000,68,300.547,-21594.9,54.9526,0.394907
15615000,63,271.868,-21595.2,68.6907,0.4024
15630000,51,213.509,-21623.4,61.2069,0.388881
15645000,75,317.767,-21578.7,75.6184,0.392383
15660000,69,299.495,-21562,71.3654,0.397867
15675000,54,241.374,-21590.6,61.2207,0.385067
15690000,67,304.192,-21578.3,61.6866,0.396967
15705000,57,250.822,-21584,64.8623,0.4
15720000,60,248.779,-21581,54.2553,0.387133
15735000,48,189.811,-21569.3,65.3936,0.3774
15750000,54,235.147,-21579.4,54.4794,0.3722
15765000,48,190.212,-21595.3,55.9944,0.391678
15780000,61,271.119,-21585.8,54.9726,0.400703
15795000,60,244.74,-21577.9,65.2704,0.389978
15810000,69,295.95,-21560.3,67.9103,0.381267
15825000,72,314.519,-21556.5,74.9319,0.3934
15840000,92,392.431,-21581.1,91.9836,0.413867
15855000,67,306.225,-21567.3,63.0622,0.402733
15870000,78,328.437,-21548.7,89.655,0.409033
15885000,62,263.019,-21572.8,65.0661,0.400208
15900000,67,314.295,-21568.9,63.9355,0.3954
15915000,65,285.423,-21579,65.6123,0.388683
15930000,69,299.155,-21567.8,78.7834,0.3922
15945000,74,324.525,-21568.9,75.4112,0.391378
15960000,76,342.835,-21542.1,78.7746,0.3892
15975000,68,283.198,-21553.8,69.7463,0.393911
15990000,89,377.712,-21553.2,90.1611,0.402819
16005000,82,370.369,-21546.3,81.27,0.408933
16020000,71,296.768,-21562.1,77.6445,0.3936
16035000,91,380.154,-21563,98.771,0.4016
16050000,87,383.074,-21530.1,93.4303,0.413467
16065000,85,355.959,-21544.5,84.9004,0.4104
16080000,77,338.318,-21544.7,79.0321,0.404667
16095000,78,345.969,-21540.8,71.0114,0.409933
16110000,76,335.961,-21545,71.8228,0.404067
16125000,89,398.06,-21548.4,86.5669,0.415267
16140000,75,314.765,-21546.2,64.3829,0.398608
16155000,73,321.411,-21547.1,81.1665,0.401067
16170000,72,325.15,-21548.7,73.5035,0.414267
16185000,76,332.351,-21548.2,88.9876,0.405267
16200000,90,418.96,-21541.7,92.737,0.414667
16215000,85,366.438,-21577.3,86.7046,0.386763
16230000,84,359.697,-21566.1,87.1937,0.415133
16245000,73,316.651,-21547.5,70.7946,0.412311
16260000,60,258.33,-21568.3,59.3763,0.402237
16275000,60,259.81,-21560.8,73.134,0.4065
16290000,63,262.282,-21583.7,67.7084,0.387467
16305000,58,240.585,-21595,44.2564,0.395356
16320000,63,286.705,-21557.2,69.5301,0.4015
16335000,73,309.045,-21576.4,80.2679,0.403067
16350000,54,234.645,-21589.4,71.0345,0.388178
16365000,69,301.294,-21580.4,66.4405,0.4086
16380000,55,236.207,-21593.4,46.4688,0.3848
16395000,62,277.028,-21585,72.2546,0.401533
16410000,67,286.814,-21599.9,69.0468,0.401867
16425000,55,227.46,-21560.9,44.9068,0.39365
16440000,60,253.407,-21578.1,61.1458,0.394
16455000,76,325.092,-21557.4,83.226,0.387942
16470000,71,327.629,-21577.9,64.5655,0.415067
16485000,73,330.21,-21583.4,86.8414,0.391383
16500000,69,302.363,-21570.8,59.5222,0.403867
16515000,54,228.966,-21571.7,39.5358,0.3978
16530000,66,288.188,-21564.5,73.1343,0.392456
16545000,72,314.747,-21566,66.6837,0.417267
16560000,67,284.464,-21535.2,61.107,0.383978
16575000,62,246.573,-21544.5,71.9463,0.382
16590000,74,322.836,-21551.6,85.0578,0.389067
16605000,52,227.919,-21605.7,53.0775,0.389276
16620000,64,276.137,-21564.2,49.0161,0.3929
16635000,68,298.566,-21585,58.8299,0.392522
16650000,68,301.065,-21599.6,90.5581,0.404667
16665000,58,258.587,-21604.3,52.4722,0.383567
16680000,63,279.046,-21569.5,73.8861,0.385917
16695000,72,323.345,-21595.8,78.4931,0.399689
16710000,60,271.471,-21564.6,52.298,0.3906
16725000,57,241.792,-21577.9,63.9964,0.374133
16740000,60,268.128,-21540.4,67.1821,0.3744
16755000,64,273.872,-21569.8,59.9337,0.395033
16770000,73,318.417,-21576.4,81.2058,0.403733
16785000,71,310.883,-21562,94.3194,0.398
16800000,89,377.11,-21560.1,104.481,0.390517
16815000,67,278.388,-21548.6,80.6363,0.4142
16830000,64,271.711,-21583.2,58.6884,0.405022
16845000,58,253.925,-21592.8,54.2293,0.389333
16860000,70,291.377,-21570.9,77.6585,0.3928
16875000,77,317.943,-21573.6,70.5788,0.405467
16890000,53,228.557,-21577,55.4567,0.37424
16905000,66,294.654,-21601.3,60.7437,0.3978
16920000,65,284.174,-21574.4,69.739,0.394467
16935000,70,303.163,-21550.3,59.1146,0.392156
16950000,56,251.956,-21608.1,52.2706,0.386856
16965000,56,229.154,-21607.9,45.4901,0.398444
16980000,56,242.276,-21572.3,60.375,0.392978
16995000,54,225.485,-21568.7,47.5474,0.3728
17010000,60,252.249,-21598.3,51.6575,0.382089
17025000,42,184.775,-21626.1,47.7619,0.385373
17040000,60,259.665,-21585.6,74.1554,0.389667
17055000,58,245.602,-21584.9,37.949,0.385933
17070000,52,214.513,-21606.5,42.8474,0.372
17085000,70,310.192,-21588.3,68.1845,0.382244
17100000,60,270.37,-21586.8,52.7867,0.4038
17115000,74,333.807,-21578.3,76.8192,0.388933
17130000,68,304.156,-21579.2,54.5797,0.391917
17145000,71,313.484,-21576.4,74.2326,0.392767
17160000,55,241.393,-21564.4,62.6457,0.3853
17175000,65,277.141,-21540,60.4551,0.3912
17190000,63,259.772,-21555.9,64.0581,0.386467
17205000,52,218.783,-21598.5,43.3763,0.382161
17220000,73,334.75,-21561.9,72.0542,0.3998
17235000,69,316.835,-21563.8,73.2901,0.403467
17250000,65,294.55,-21617.3,74.3849,0.379389
17265000,47,214.972,-21602.4,43.9301,0.3835
17280000,66,289.002,-21594.3,59.7557,0.403367
17295000,72,309.813,-21576,80.1727,0.394583
17310000,67,305.291,-21581.8,70.9679,0.397333
17325000,56,244.781,-21590.1,46.0787,0.404578
17340000,57,248.218,-21574.2,54.7764,0.3915
17355000,55,252.538,-21581.5,65.4217,0.392933
17370000,63,276.789,-21580.8,65.2583,0.391733
17385000,69,303.605,-21576.2,70.0716,0.396117
17400000,56,238.7,-21580,55.9011,0.393533
17415000,61,283.075,-21586.5,58.3339,0.3944
17430000,59,255.485,-21624.9,59.2615,0.386824
17445000,52,214.638,-21563.7,46.0883,0.384933
17460000,66,274.132,-21558.7,89.4889,0.382333
17475000,55,231.071,-21574.6,52.1404,0.376733
17490000,64,290.597,-21562,60.7976,0.39135
17505000,53,208.989,-21583.1,62.6041,0.3776
17520000,60,248.684,-21581.6,62.3713,0.384
17535000,60,254.696,-21580.6,59.3362,0.391
17550000,68,301.174,-21597.2,66.5895,0.391267
17565000,63,278.18,-21588.2,63.1623,0.376683
17580000,59,261.925,-21573.2,59.5965,0.401067
17595000,65,261.599,-21583.5,58.5092,0.391376
17610000,63,280.913,-21591.8,51.3203,0.385767
17625000,54,236.62,-21591.3,58.7654,0.382517
17640000,59,242.306,-21597.9,64.8722,0.3894
17655000,55,233.939,-21607.9,57.4565,0.391667
17670000,45,185.68,-21601.1,60.3335,0.385147
17685000,59,235.521,-21603.6,52.4801,0.387133
17700000,76,329.74,-21570.3,75.8535,0.400667
17715000,70,291.304,-21551.3,68.5608,0.395333
17730000,62,258.566,-21580,55.012,0.385493
17745000,69,297.267,-21575.3,57.4475,0.385233
17760000,61,239.306,-21560.5,62.9466,0.390067
17775000,57,252.827,-21597.4,53.6812,0.3928
17790000,71,286.058,-21582.6,84.9006,0.392144
17805000,64,286.635,-21588.7,63.893,0.387311
17820000,54,230.594,-21592.1,56.4613,0.3844
17835000,56,243.044,-21600.3,53.5854,0.380183
17850000,52,237.889,-21618.7,63.2341,0.393933
17865000,57,265.628,-21586.8,48.9339,0.389907
17880000,60,251.87,-21573.3,65.9119,0.391133
17895000,43,184.288,-21580.1,39.579,0.382133
17910000,44,185.626,-21596.1,34.7014,0.381022
17925000,65,280.01,-21571,63.8305,0.387333
17940000,57,234.267,-21590.6,57.447,0.3934
17955000,58,243.367,-21586.8,41.8884,0.392667
17970000,64,277.49,-21591.5,63.4358,0.390947
17985000,66,297.35,-21577.8,63.2614,0.4004
18000000,59,261.47,-21582.8,70.2393,0.378
18015000,60,270.825,-21584.6,71.5442,0.385067
18030000,56,252.096,-21613.1,54.4387,0.3806
18045000,55,227.568,-21588.3,40.8523,0.372133
18060000,67,291.416,-21597,56.1369,0.391667
18075000,59,257.851,-21612.3,54.5724,0.375342
18090000,54,235.232,-21645.5,44.1051,0.378387
18105000,64,299.694,-21575.6,65.0657,0.396667
18120000,54,243.748,-21610.7,53.0162,0.3872
18135000,55,253.029,-21607,59.1381,0.3898
18150000,53,214.765,-21597.4,48.8758,0.4
18165000,53,235.815,-21596.5,39.7497,0.379667
18180000,67,300.513,-21612.7,61.3574,0.388771
18195000,66,287.096,-21601.3,62.2378,0.4086
18210000,72,303.008,-21589.5,68.1825,0.387225
18225000,64,273.991,-21617,57.5446,0.39515
18240000,63,270.518,-21567.1,64.8062,0.404
18255000,45,199.27,-21612.1,47.2216,0.391233
18270000,69,294.284,-21594.7,64.4699,0.3915
18285000,75,309.617,-21582,77.9529,0.4
18300000,72,303.603,-21574.7,80.4245,0.407533
18315000,63,271.089,-21568.3,71.7495,0.397667
18330000,62,275.466,-21558.5,58.9104,0.390133
18345000,56,249.171,-21629.2,61.0914,0.380989
18360000,70,306.299,-21567.3,67.6688,0.398367
18375000,66,293.755,-21563.1,61.4939,0.394267
18390000,63,274.283,-21607.3,68.129,0.4074
18405000,62,267.9,-21588.8,47.1721,0.397
18420000,58,256.149,-21589.2,50.7686,0.394889
18435000,65,293.644,-21598.6,64.763,0.392767
18450000,65,247.598,-21585.4,66.3993,0.3904
18465000,71,330.985,-21587.9,76.46,0.388333
18480000,61,259.665,-21579,75.3949,0.393933
18495000,69,289.602,-21594.3,70.5993,0.383517
18510000,72,316.207,-21561.7,80.7384,0.399967
18525000,76,340.102,-21563.4,79.6083,0.385333
18540000,58,260.928,-21605,73.8254,0.385822
18555000,67,280.354,-21592.1,62.4675,0.397667
18570000,67,293.164,-21608.9,61.1964,0.396533
18585000,57,259.135,-21575.2,46.5752,0.391763
18600000,65,276.935,-21586.3,43.576,0.393467
18615000,55,235.529,-21576.5,57.4665,0.385967
18630000,58,254.761,-21567.4,45.3371,0.3678
18645000,58,267.151,-21595.2,56.3553,0.389889
18660000,68,286.128,-21566.5,49.0231,0.383633
18675000,71,306.397,-21552.7,86.0731,0.402333
18690000,73,308.036,-21560.7,71.1673,0.399333
18705000,54,219.522,-21565.1,48.202,0.386087
18720000,54,235.154,-21581.5,66.5212,0.392067
18735000,60,271.841,-21590.1,65.9448,0.3958
18750000,64,277.175,-21553.9,76.1501,0.389683
18765000,68,294.236,-21591.1,72.9737,0.3948
18780000,71,300.601,-21564.9,75.7086,0.391644
18795000,58,260.508,-21580.6,59.1759,0.397333
18810000,65,289.314,-21554.7,62.7253,0.393267
18825000,59,264.307,-21591.5,72.4233,0.387567
18840000,68,298.304,-21591.8,67.0165,0.405533
18855000,66,294.577,-21582.2,68.5067,0.385387
18870000,67,293.644,-21568.4,64.1899,0.382867
18885000,69,306.282,-21562.9,65.2661,0.3808
18900000,63,266.489,-21563.7,60.6991,0.386
18915000,70,294.313,-21565.7,78.743,0.3778
18930000,68,306.252,-21566.8,55.9816,0.376867
18945000,59,256.892,-21585.6,65.3079,0.386433
18960000,43,195.048,-21606.5,42.4341,0.381717
18975000,45,195.785,-21601.4,56.445,0.3654
18990000,61,260.537,-21575.3,56.8878,0.376889
19005000,59,265.197,-21567.9,54.0342,0.370133
19020000,58,255.399,-21596,61.2165,0.3966
19035000,56,237.362,-21595.4,52.0852,0.386533
19050000,52,228.149,-21594.6,59.3951,0.37712
19065000,48,209.735,-21600.6,59.4281,0.3864
19080000,46,187.654,-21599.2,41.7708,0.3748
19095000,60,272.385,-21571,66.0429,0.377717
19110000,50,223.624,-21597.9,53.0649,0.380867
19125000,51,215.844,-21603,51.8633,0.3844
19140000,52,229.688,-21583.9,67.9733,0.389467
19155000,71,312.27,-21547.6,74.9546,0.381676
19170000,68,293.176,-21562.1,71.1656,0.387467
19185000,46,183.364,-21585.5,50.3941,0.380267
19200000,57,251.449,-21548.7,55.4518,0.3817
19215000,55,227.48,-21571.1,54.8744,0.376244
19230000,50,203.984,-21583.7,52.2294,0.366867
19245000,56,248.256,-21570.7,58.5955,0.37185
19260000,66,291.909,-21581.6,61.6881,0.3794
19275000,54,226.405,-21585.1,50.9746,0.372556
19290000,75,320.17,-21584.1,61.8216,0.389333
19305000,62,257.89,-21563.4,63.8699,0.385867
19320000,68,282.897,-21530.3,77.2143,0.378867
19335000,62,268.115,-21598.1,51.3772,0.388253
19350000,67,279.044,-21561.3,63.1932,0.391733
19365000,49,209.821,-21600.6,41.0037,0.370578
19380000,68,291.464,-21547.4,62.1139,0.380067
19395000,70,297.834,-21548.6,64.5981,0.389467
19410000,69,285.11,-21573.9,54.0422,0.398067
19425000,57,241.492,-21571.3,57.4272,0.3828
19440000,56,244.408,-21566.9,62.8974,0.3794
19455000,59,241.992,-21569.4,64.1694,0.3888
19470000,51,218.57,-21595.1,44.1827,0.388267
19485000,43,185.436,-21592.6,37.688,0.364608
19500000,63,239.386,-21586.1,60.0114,0.3883
19515000,72,281.278,-21568,69.4201,0.402267
19530000,64,292.401,-21603.7,65.314,0.382405
19545000,50,222.577,-21594.8,41.4284,0.3956
19560000,58,245.95,-21602.1,45.8838,0.38136
19575000,74,312.007,-21592.9,90.9117,0.40245
19590000,68,304.885,-21581.9,67.5552,0.396133
19605000,76,306.469,-21556,79.2346,0.388467
19620000,81,339.011,-21552.8,68.5366,0.398667
19635000,84,365.128,-21546.2,98.1191,0.399533
19650000,89,385.297,-21529.4,79.7957,0.404733
19665000,78,324.265,-21550.9,85.9502,0.412133
19680000,67,288.85,-21543.4,77.3343,0.3906
19695000,77,317.345,-21559.3,77.5205,0.384333
19710000,70,292.341,-21558.6,60.2392,0.403
19725000,69,317.797,-21560.8,74.4985,0.405333
19740000,76,324.952,-21574.7,72.3921,0.4026
19755000,69,298.668,-21583.1,71.2737,0.408733
19770000,62,278.722,-21570.1,59.545,0.403333
19785000,56,244.172,-21575.7,63.0023,0.385583
19800000,60,266.26,-21556.3,58.4882,0.3831
19815000,62,279.561,-21605.4,67.9232,0.382529
19830000,62,258.177,-21574.6,67.3134,0.384356
19845000,72,332.823,-21550.3,63.5164,0.387778
19860000,73,302.447,-21549.9,64.8478,0.392756
19875000,70,308.788,-21566,77.0622,0.386367
19890000,64,256.348,-21562.2,66.4308,0.392733
19905000,62,263.036,-21563.5,68.7736,0.405978
19920000,53,224.686,-21563.9,50.7283,0.382167
19935000,52,225.706,-21571.5,55.8046,0.386371
19950000,66,290.967,-21554,61.0288,0.399956
19965000,79,337.329,-21571.3,72.448,0.387356
19980000,73,303.249,-21563.8,79.6163,0.4137
19995000,59,257.062,-21573.5,54.2197,0.4038
20010000,60,257.178,-21587.9,62.696,0.392933
20025000,71,317.109,-21556.5,79.0954,0.389133
20040000,83,354.616,-21594.1,83.3912,0.394343
20055000,73,319.255,-21588.4,63.9486,0.4196
20070000,59,265.839,-21573.8,59.1331,0.406943
20085000,53,234.317,-21557.7,63.8928,0.407333
20100000,55,250.158,-21566.8,57.5111,0.3788
20115000,52,229.775,-21564.5,54.0327,0.369
20130000,55,244.096,-21576,49.6049,0.394317
20145000,39,155.473,-21613.1,26.4363,0.390422
20160000,53,229.154,-21609.2,58.0398,0.385633
20175000,54,241.6,-21583.9,55.2706,0.376217
20190000,59,257.07,-21572.3,59.7662,0.388
20205000,65,284.424,-21551.8,61.964,0.389
20220000,46,196.784,-21600.9,45.365,0.379573
20235000,51,233.767,-21599.6,41.1442,0.3904
20250000,49,209.514,-21616.8,40.6406,0.393244
20265000,73,328.03,-21569.3,71.4534,0.40175
20280000,39,170.618,-21605.5,42.5393,0.385778
20295000,56,240.901,-21610.5,56.8917,0.386667
20310000,54,226.266,-21567.3,52.5014,0.388222
20325000,64,273.507,-21564.7,66.8537,0.382
20340000,66,288.334,-21568.9,65.3621,0.389533
20355000,70,299.772,-21590,78.8162,0.397467
20370000,74,318.878,-21598.1,79.4424,0.394867
20385000,49,211.059,-21596.8,55.414,0.377133
20400000,62,255.703,-21565.8,46.4447,0.3915
20415000,64,267.47,-21566.7,63.6232,0.3946
20430000,68,312.253,-21577.5,60.4246,0.388933
20445000,54,228.437,-21571.2,44.6738,0.3764
20460000,65,299.473,-21596.2,86.5137,0.392182
20475000,58,252.486,-21585.2,49.0756,0.3858
20490000,59,251.004,-21581.2,55.1744,0.404633
20505000,52,214.606,-21593.7,48.0357,0.395725
20520000,52,228.023,-21585.2,57.2799,0.379667
20535000,56,246.03,-21586.7,58.3036,0.3838
20550000,62,271.407,-21585.5,63.699,0.406
20565000,58,259.715,-21602.4,56.8637,0.393533
20580000,67,313.629,-21602,55.4225,0.391333
20595000,65,280.919,-21589.4,65.5927,0.395787
20610000,68,280.025,-21563.2,58.6812,0.393617
20625000,67,290.329,-21571.9,77.1789,0.4
20640000,69,315.073,-21564.8,71.3461,0.413067
20655000,66,276.435,-21588.9,72.5983,0.4026
20670000,45,188.05,-21595,46.3562,0.392853
20685000,64,257.53,-21581,63.0923,0.3907
20700000,67,296.95,-21562.4,51.8901,0.394867
20715000,71,304.854,-21574.3,65.7513,0.399133
20730000,67,288.034,-21576.3,67.8793,0.393533
20745000,58,250.634,-21599.8,51.2254,0.392352
20760000,64,265.707,-21563.2,72.2432,0.388733
20775000,75,312.194,-21553.7,62.8868,0.391822
20790000,49,216.315,-21602.5,46.2727,0.374425
20805000,64,285.698,-21578.7,69.81,0.396433
20820000,74,329.622,-21539.3,69.7664,0.390867
20835000,68,305.526,-21568.1,69.7344,0.400233
20850000,85,378.221,-21563.2,86.268,0.401667
20865000,62,261.542,-21563.7,63.1778,0.4061
20880000,65,272.25,-21572.7,66.2785,0.391067
20895000,69,289.631,-21543.5,74.191,0.397911
20910000,72,317.517,-21605.5,66.9335,0.404
20925000,53,237.263,-21568.3,53.8703,0.3941
20940000,55,238.769,-21592.5,50.6576,0.395867
20955000,62,260.726,-21591.8,67.8537,0.387733
20970000,72,307.099,-21568,69.2486,0.393244
20985000,57,251.896,-21610.6,68.0084,0.385959
21000000,76,328.827,-21554.3,82.8977,0.411467
21015000,57,243.778,-21584.3,56.5811,0.3814
21030000,74,318.196,-21562.8,69.7056,0.397967
21045000,81,368.063,-21564.4,86.5836,0.401367
21060000,72,317.989,-21540,63.0086,0.408633
21075000,64,281.34,-21572,68.1579,0.405733
21090000,68,278.472,-21589.7,69.863,0.409378
21105000,60,264.394,-21589.4,51.2856,0.3896
21120000,53,227.643,-21579,55.5338,0.382504
21135000,59,257.413,-21583.2,53.1118,0.3884
21150000,63,265.901,-21578.2,65.4904,0.3974
21165000,69,306.649,-21578.9,81.0592,0.402267
21180000,56,245.932,-21565.5,65.7091,0.378617
21195000,59,249.385,-21570.4,59.5066,0.3925
21210000,52,214.257,-21573,47.0971,0.387333
21225000,72,297.471,-21571.4,75.2607,0.401533
21240000,72,294.624,-21581,82.2636,0.4156
21255000,69,280.993,-21586.2,76.7328,0.393883
21270000,74,331.472,-21588.5,65.7513,0.402033
21285000,52,230.651,-21573.8,44.9347,0.397533
21300000,65,279.417,-21566.5,51.4976,0.387022
21315000,63,267.039,-21557,57.0598,0.3868
21330000,59,260.017,-21562.9,61.2068,0.386978
21345000,86,385.603,-21567.7,86.9368,0.399933
21360000,71,294.67,-21565,72.5595,0.411133
21375000,73,315.787,-21578.2,81.0649,0.410067
21390000,54,222.64,-21587.7,53.3963,0.404733
21405000,58,267.224,-21594,53.7604,0.404689
21420000,74,310.473,-21571.6,77.2833,0.401967
21435000,80,348.886,-21572.7,82.3121,0.402267
21450000,78,339.51,-21575,77.6794,0.419667
21465000,57,244.904,-21597.5,61.2158,0.400267
21480000,57,249.784,-21579.7,61.8575,0.391477
21495000,65,285.647,-21585.1,79.3918,0.403533
21510000,66,287.728,-21573,68.4686,0.402833
21525000,65,281.765,-21560.1,60.9755,0.409333
21540000,51,219.18,-21590.4,53.7504,0.39372
21555000,82,351.471,-21598.1,77.6822,0.414233
21570000,68,295.043,-21590.4,68.4509,0.401633
21585000,67,286.294,-21569.3,54.9273,0.390333
21600000,71,316.652,-21552.1,65.1523,0.403133
21615000,77,325.732,-21570.9,68.8901,0.408333
21630000,60,259.901,-21556.5,68.8819,0.394008
21645000,73,318.138,-21576.6,56.8918,0.3919
21660000,82,363.627,-21549.1,78.4591,0.409333
21675000,70,303.759,-21561.3,84.6306,0.405733
21690000,64,264.056,-21539.3,77.9869,0.400393
21705000,79,341.791,-21568.2,65.954,0.390333
21720000,49,203.36,-21592.1,55.1975,0.392589
21735000,71,319.798,-21580.8,70.8141,0.399133
21750000,65,297.78,-21565.6,65.3283,0.387467
21765000,65,288.023,-21570.5,67.5052,0.396533
21780000,67,301.119,-21593.9,65.5861,0.390229
21795000,48,198.621,-21581.2,42.2667,0.394433
21810000,57,264.587,-21584.2,49.1843,0.387356
21825000,60,259.436,-21606,88.4594,0.399067
21840000,54,244.637,-21619.8,45.9897,0.390333
21855000,52,217.948,-21627.1,49.504,0.391867
21870000,53,236.464,-21579.7,53.5561,0.389233
21885000,55,254.267,-21599.3,55.1457,0.394211
21900000,58,252.378,-21600.2,56.3803,0.395933
21915000,65,268.284,-21592.3,65.0622,0.405667
21930000,68,300.6,-21614.1,72.0929,0.4068
21945000,61,260.772,-21639.5,63.6235,0.415333
21960000,55,228.42,-21601.1,65.1091,0.389238
21975000,50,220.194,-21633.9,53.1805,0.382367
21990000,75,326.581,-21580.4,60.1626,0.389533
22005000,77,349.828,-21582.8,79.0814,0.406733
22020000,61,274.303,-21556.7,62.2808,0.393867
22035000,78,339.925,-21565.3,65.1723,0.39868
22050000,66,266.572,-21558.9,66.6203,0.404467
22065000,56,257.134,-21571.2,54.2744,0.397667
22080000,65,290.354,-21576.7,70.7268,0.401167
22095000,67,292.348,-21585.3,61.403,0.406333
22110000,49,208.044,-21582.7,47.9924,0.396978
22125000,51,229.104,-21575.9,64.2671,0.369067
22140000,55,244.449,-21616.6,62.047,0.389061
22155000,60,254.803,-21639.5,57.863,0.399
22170000,62,268.103,-21624.3,74.728,0.391067
22185000,58,241.633,-21633.5,55.5206,0.406733
22200000,46,196.386,-21588,51.012,0.385827
22215000,55,232.358,-21592.4,49.3358,0.3742
22230000,48,215.948,-21612.8,38.2011,0.3876
22245000,53,218.554,-21630.9,40.1737,0.392317
22260000,63,274.768,-21589,48.9611,0.388709
22275000,55,235.547,-21610.8,63.3449,0.392667
22290000,55,223.664,-21596,40.7923,0.377933
22305000,59,250.085,-21577.9,66.629,0.3926
22320000,65,287.464,-21592.6,60.876,0.403956
22335000,68,299.673,-21567.8,59.7349,0.392433
22350000,57,242.83,-21582.4,51.623,0.385442
22365000,61,241.022,-21596.3,65.8383,0.395711
22380000,60,276.647,-21567.8,69.8196,0.393911
22395000,59,259.427,-21587.7,55.4302,0.388667
22410000,51,226.507,-21590,50.7771,0.376183
22425000,58,245.535,-21589.1,61.2605,0.3809
22440000,55,240.833,-21581.1,60.577,0.387
22455000,58,258.096,-21591.9,68.6879,0.3832
22470000,78,353.672,-21579.6,63.8709,0.403933
22485000,75,310.547,-21600.5,93.2578,0.405533
22500000,51,233.773,-21584.8,54.8172,0.372333
22515000,58,252.5,-21599.2,45.9084,0.3826
22530000,61,263.122,-21580.9,69.8719,0.392267
22545000,69,307.17,-21570.6,50.7937,0.390533
22560000,70,300.485,-21560.8,73.7054,0.392733
22575000,63,270.363,-21596.6,62.5454,0.393011
22590000,61,260.543,-21594.6,59.9162,0.390867
22605000,67,304.279,-21553.3,51.7227,0.390733
22620000,65,279.78,-21593.1,79.0085,0.390367
22635000,66,298.733,-21559.3,60.9982,0.397433
22650000,75,329.337,-21581.1,56.7811,0.404667
22665000,76,321.203,-21549.7,68.191,0.4058
22680000,56,248.084,-21561.1,54.3093,0.398733
22695000,63,288.565,-21585.8,67.9823,0.3949
22710000,61,267.699,-21560.2,67.7176,0.388567
22725000,54,227.647,-21593.3,46.3381,0.3864
22740000,53,224.963,-21579.1,63.6319,0.395367
22755000,56,246.078,-21598.6,52.575,0.388987
22770000,68,292.916,-21568.5,66.7408,0.397
22785000,64,272.028,-21577,63.6136,0.400733
22800000,56,228.317,-21592.8,52.1492,0.400583
22815000,60,251.072,-21592.3,56.2057,0.386278
22830000,69,293.917,-21599.1,73.9768,0.3882
22845000,52,226.367,-21615.7,48.9622,0.395889
22860000,77,348.174,-21570.6,77.2195,0.4039
22875000,77,326.349,-21554.5,73.4502,0.402533
22890000,56,228.408,-21563.2,55.4948,0.399067
22905000,61,256.896,-21578.9,56.1953,0.39125
22920000,53,229.338,-21574.1,48.8198,0.387973
22935000,51,223.606,-21582.8,48.4287,0.3872
22950000,65,277.406,-21564.3,70.6729,0.390033
22965000,58,260.413,-21603.8,71.975,0.373267
22980000,60,265.811,-21560.8,67.0327,0.390367
22995000,64,285.407,-21577.9,65.0172,0.3831
23010000,52,234.158,-21592.5,46.8786,0.387419
23025000,56,254.288,-21600.6,66.8792,0.372267
23040000,72,328.131,-21556,86.8929,0.383844
23055000,70,321.636,-21568.4,64.8548,0.411133
23070000,61,273.691,-21557.7,60.032,0.391667
23085000,59,263.624,-21557.3,57.2267,0.3752
23100000,56,241.07,-21538.7,51.3745,0.3792
23115000,71,322.726,-21546.5,67.622,0.3922
23130000,65,284.996,-21562,68.9998,0.40288
23145000,66,297.189,-21540.5,69.7025,0.3961
23160000,68,297.725,-21569.4,50.9096,0.405333
23175000,73,327.291,-21577.2,77.1356,0.398233
23190000,65,283.091,-21586.5,64.9707,0.413567
23205000,70,303.234,-21549.8,75.509,0.409533
23220000,62,264.603,-21575.3,49.5561,0.3862
23235000,55,230.819,-21580.3,63.3637,0.393767
23250000,58,259.389,-21591.7,60.6575,0.38988
23265000,49,207.217,-21581.9,42.7531,0.368133
23280000,55,230.368,-21592.9,62.3561,0.372667
23295000,56,226.198,-21582.6,47.9443,0.385107
23310000,54,230.274,-21581.2,60.2287,0.395667
23325000,44,187.549,-21594.9,46.2534,0.368622
23340000,49,214.813,-21592.8,40.6124,0.361933
23355000,61,263.025,-21604.6,73.7481,0.393267
23370000,63,289.202,-21583.2,56.9054,0.390967
23385000,58,233.274,-21574.1,54.1083,0.399
23400000,53,231.862,-21599.7,58.6404,0.38043
23415000,70,312.87,-21589.7,56.4215,0.40915
23430000,65,272.171,-21571.5,59.346,0.397333
23445000,66,281.967,-21574.1,69.7574,0.402
23460000,50,213.865,-21576.3,55.5114,0.381783
23475000,50,208.45,-21615.4,42.4146,0.364
23490000,67,297.6,-21602.7,65.3218,0.393333
23505000,55,232.576,-21592.9,46.7089,0.392433
23520000,55,236.719,-21597.4,43.7216,0.392533
23535000,63,252.122,-21569.8,55.6547,0.398489
23550000,50,201.566,-21585.9,49.3946,0.3776
23565000,55,235.02,-21601.4,67.1733,0.374467
23580000,59,259.374,-21571.1,56.9945,0.383467
23595000,59,241.792,-21568.5,61.5097,0.378867
23610000,62,259.863,-21573.2,55.0218,0.3864
23625000,57,238.633,-21582.9,64.1171,0.398533
23640000,52,238.902,-21571.6,50.7441,0.38292
23655000,71,308.724,-21583.4,57.8572,0.391667
23670000,76,332.756,-21572,82.1784,0.397067
23685000,77,329.754,-21564.2,70.7212,0.385282
23700000,64,271.956,-21558.7,78.5546,0.396133
23715000,74,323.011,-21564.1,65.4533,0.404133
23730000,64,279.439,-21573.2,57.7916,0.399978
23745000,80,334.775,-21576.2,70.2606,0.401133
23760000,72,304.303,-21592.3,92.2814,0.400933
23775000,72,315.076,-21603.2,88.9773,0.4014
23790000,72,324.517,-21592.3,73.1273,0.389133
23805000,68,296.077,-21591.2,60.3245,0.404667
23820000,74,322.735,-21590.2,78.5541,0.407
23835000,56,236.932,-21582.5,45.46,0.385738
23850000,77,319.644,-21558.6,78.0247,0.407267
23865000,75,311.813,-21585.5,74.686,0.4006
23880000,73,320.588,-21570.9,80.5079,0.390333
23895000,83,351.942,-21580.1,79.4615,0.407533
23910000,69,280.382,-21565.3,69.3192,0.404267
23925000,73,317.703,-21580.9,85.5673,0.400667
23940000,80,360.054,-21584.4,81.0871,0.4036
23955000,77,321.798,-21578.8,87.4299,0.411
23970000,71,297.144,-21568,76.0797,0.400333
23985000,44,181.568,-21594.5,48.5006,0.392267
24000000,72,320.912,-21606.7,80.0314,0.395267
24015000,64,283.305,-21583.2,58.2475,0.4012
24030000,47,186.684,-21614.9,39.9855,0.384697
24045000,64,276.971,-21612.5,59.7162,0.4018
24060000,53,227.476,-21608,46.6801,0.38784
24075000,60,247.59,-21589.3,72.6855,0.401533
24090000,56,251.581,-21598,63.8205,0.403778
24105000,71,310.987,-21583.4,56.7129,0.399033
24120000,61,259.737,-21563.4,66.9027,0.4104
24135000,65,281.666,-21577.4,56.8953,0.3876
24150000,59,247.796,-21586,47.6859,0.401217
24165000,42,172.659,-21621.1,38.6814,0.394289
24180000,54,232.648,-21566.9,50.916,0.3938
24195000,63,275.924,-21582,69.7713,0.390733
24210000,60,265.683,-21582.3,66.7328,0.384133
24225000,46,195.578,-21594,56.0536,0.391667
24240000,56,242.729,-21592.3,53.0502,0.392333
24255000,59,263.949,-21599.2,58.7616,0.391076
24270000,55,237.147,-21604.7,61.8804,0.401667
24285000,60,255.733,-21599.2,58.8222,0.395356
24300000,71,322.675,-21583.6,57.6047,0.408133
24315000,63,272.841,-21561.6,50.1923,0.3946
24330000,56,247.165,-21594.2,53.9001,0.385817
24345000,61,266.635,-21601.3,64.6691,0.4014
24360000,60,246.116,-21603.3,57.8485,0.384297
24375000,58,260.841,-21629,69.4254,0.3926
24390000,63,288.987,-21581.1,50.2651,0.39364
24405000,50,202.508,-21618.9,47.8657,0.374489
24420000,51,214.033,-21616.8,50.3401,0.392822
24435000,67,281.368,-21600.3,78.0061,0.384422
24450000,49,189.839,-21607.9,49.3814,0.384167
24465000,52,229.532,-21611.7,52.3153,0.3884
24480000,63,290.633,-21585.4,59.1063,0.396511
24495000,62,266.83,-21629.5,57.1978,0.403567
24510000,52,226.162,-21611,50.7007,0.388933
24525000,61,262.375,-21605.8,59.2623,0.4014
24540000,57,250.932,-21602.1,64.2984,0.374785
24555000,59,252.441,-21602.2,63.7714,0.409267
24570000,65,285.497,-21593.1,53.6655,0.3942
24585000,72,331.027,-21572.1,70.7113,0.411
24600000,78,344.314,-21569,65.352,0.398467
24615000,70,309.64,-21580.4,61.5842,0.410333
24630000,56,232.733,-21628.5,65.4902,0.388407
24645000,55,234.135,-21576.3,64.1158,0.380533
24660000,54,257.479,-21587.9,51.4151,0.377958
24675000,57,251.671,-21588.9,50.6081,0.377333
24690000,73,293.342,-21571,82.4624,0.391178
24705000,69,293.74,-21560.8,68.2388,0.3964
24720000,82,340.57,-21580.4,77.0108,0.4026
24735000,72,308.793,-21583,79.9373,0.402133
24750000,62,268.04,-21581.9,73.51,0.38595
24765000,63,274.822,-21569.7,57.6811,0.3908
24780000,63,268.923,-21575.5,62.1769,0.395289
24795000,74,329.455,-21571.7,71.336,0.4028
24810000,63,276.826,-21586.5,59.7126,0.390667
24825000,66,301.218,-21583.7,63.9083,0.397433
24840000,56,252.335,-21579.9,50.8103,0.381
24855000,67,298.092,-21602,52.7901,0.385261
24870000,51,228.197,-21585.3,50.2821,0.404067
24885000,71,321,-21575.6,78.3476,0.405167
24900000,65,284.987,-21563.6,62.8086,0.404067
24915000,54,224.448,-21588.7,65.9969,0.377311
24930000,57,251.256,-21577.4,62.488,0.386767
24945000,58,255.853,-21565.7,64.7894,0.385219
24960000,61,270.609,-21583.4,67.9169,0.375133
24975000,76,335.025,-21551.1,86.7533,0.401933
24990000,46,194.366,-21594.3,47.5321,0.387187
25005000,67,284.155,-21537.7,78.4152,0.386613
25020000,80,351.679,-21543.3,84.4555,0.403667
25035000,84,345.358,-21566.7,81.3301,0.398517
25050000,56,235.742,-21569.2,48.4646,0.3747
25065000,82,348.962,-21556.5,63.5107,0.409033
25080000,66,268.03,-21571.4,62.6157,0.39925
25095000,71,310.579,-21579.5,55.677,0.399333
25110000,60,262.076,-21590.9,65.4481,0.393622
25125000,56,247.343,-21612.1,56.5749,0.385667
25140000,58,257.699,-21592.7,55.6206,0.388067
25155000,63,275.661,-21576.9,74.5443,0.3978
25170000,63,266.653,-21574.1,73.4977,0.398907
25185000,72,312.811,-21556.8,77.5907,0.3919
25200000,75,330.642,-21577.8,60.942,0.405467
25215000,65,286.192,-21576.6,73.4801,0.3961
25230000,66,275.867,-21565.3,74.1705,0.404233
25245000,68,285.767,-21585.4,72.29,0.386467
25260000,74,302.091,-21536.5,82.5918,0.389667
25275000,55,237.915,-21577.3,64.6436,0.375504
25290000,53,221.134,-21573.8,62.315,0.375533
25305000,70,304.552,-21544.9,61.5724,0.387689
25320000,54,220.892,-21574,58.6043,0.392744
25335000,81,338.186,-21535.1,92.6132,0.405233
25350000,66,282.226,-21542.5,69.806,0.406733
25365000,61,264.954,-21546.1,51.2423,0.399333
25380000,44,190.335,-21595.9,40.6459,0.375522
25395000,64,275.257,-21542.2,58.9098,0.3841
25410000,62,273.631,-21530.9,67.7148,0.385133
25425000,72,303.62,-21565.3,71.5411,0.391
25440000,76,320.981,-21567.1,81.0493,0.380133
25455000,78,350.942,-21566.7,80.732,0.3906
25470000,67,280.65,-21563.5,60.3155,0.3904
25485000,59,253.893,-21563.1,57.3972,0.398467
25500000,63,275.856,-21587.1,57.9399,0.388978
25515000,60,242.437,-21578.9,71.2711,0.3968
25530000,61,252.262,-21561.6,72.2651,0.387756
25545000,53,218.65,-21549,45.1386,0.3828
25560000,53,222.807,-21565.6,51.1579,0.368333
25575000,55,247.552,-21569.5,55.7605,0.372533
25590000,69,302.639,-21544,69.8341,0.388733
25605000,70,313.879,-21539.2,71.8039,0.399133
25620000,72,304.576,-21543.6,91.5537,0.389467
25635000,84,363.859,-21540.5,69.7033,0.403333
25650000,85,367.336,-21549.7,90.9663,0.411
25665000,74,322.658,-21558.8,66.1345,0.4034
25680000,73,330.834,-21551,71.2039,0.4098
25695000,70,309.734,-21563.5,86.7312,0.402
25710000,65,287.889,-21589.2,55.7229,0.387369
25725000,80,343.323,-21553.4,79.9957,0.413367
25740000,75,327.529,-21566.8,72.2359,0.397133
25755000,64,268.42,-21556.6,64.183,0.397267
25770000,49,203.451,-21623.2,36.667,0.3864
25785000,64,257.824,-21583.3,69.4783,0.386567
25800000,58,255.073,-21559.8,74.9849,0.370533
25815000,53,228.332,-21580,49.6156,0.380867
25830000,63,272.475,-21575.7,64.9605,0.390933
25845000,60,249.6,-21575.7,58.329,0.393867
25860000,55,237.493,-21582.8,49.5824,0.395267
25875000,59,256.988,-21593.1,59.4677,0.3982
25890000,47,211.075,-21634.6,44.0008,0.390358
25905000,65,266.159,-21579.1,70.8901,0.402133
25920000,69,307.871,-21560.9,71.8008,0.403333
25935000,48,209.388,-21620.7,43.6185,0.391156
25950000,58,251.17,-21622.5,63.5793,0.392867
25965000,53,233.214,-21611,58.3571,0.395267
25980000,44,194.814,-21592.3,38.1759,0.3824
25995000,53,238.161,-21603.5,50.0045,0.387133
26010000,54,242.072,-21608.2,51.1856,0.381638
26025000,71,309.396,-21563.7,76.2488,0.387733
26040000,84,361.82,-21554.1,77.423,0.408467
26055000,72,317.921,-21569.4,74.8572,0.410267
26070000,49,214.307,-21581.6,54.684,0.38948
26085000,55,241.38,-21592,64.7949,0.373667
26100000,54,233.834,-21610.2,66.2243,0.389844
26115000,45,182.487,-21609.7,54.4072,0.3806
26130000,53,225.749,-21592.1,57.2737,0.3841
26145000,55,228.106,-21602.6,65.3077,0.381133
26160000,54,238.85,-21601.4,52.0003,0.3784
26175000,59,258.047,-21589.1,56.4145,0.385333
26190000,52,216.633,-21599.3,37.4907,0.385924
26205000,63,266.729,-21574.4,67.1544,0.3905
26220000,62,279.383,-21553.5,58.2799,0.3872
26235000,53,245.024,-21576.2,61.1343,0.389244
26250000,52,227.082,-21588,44.0615,0.3838
26265000,70,308.712,-21563.1,83.3799,0.387778
26280000,65,283.594,-21558.1,73.3476,0.396333
26295000,71,305.64,-21554.7,71.0983,0.3972
26310000,74,307.471,-21545.1,77.3065,0.3994
26325000,57,248.777,-21606.7,53.445,0.390413
26340000,79,336.566,-21571.6,80.0703,0.4073
26355000,75,321.401,-21577.1,77.3212,0.396
26370000,76,311.046,-21579.7,75.0125,0.417667
26385000,64,281.94,-21568.8,76.6683,0.392067
26400000,67,297.493,-21588.5,62.3726,0.4098
26415000,72,333.073,-21566.7,74.5437,0.4104
26430000,81,354.262,-21603.3,79.6692,0.414
26445000,73,318.334,-21566.2,88.7862,0.416733
26460000,55,241.216,-21592,57.5088,0.39737
26475000,54,252.798,-21586.5,64.676,0.3836
26490000,65,286.085,-21574.5,63.533,0.397622
26505000,63,265.903,-21587.3,62.4239,0.4144
26520000,47,192.914,-21588.4,33.4996,0.381222
26535000,52,208.3,-21582.1,48.6054,0.386233
26550000,56,239.572,-21584,40.6167,0.3768
26565000,56,242.433,-21587,60.9918,0.390333
26580000,48,208.671,-21602.9,51.6171,0.3806
26595000,59,245.397,-21582.1,52.5174,0.386833
26610000,61,259.042,-21585.8,53.5376,0.392533
26625000,56,236.145,-21590.5,60.1186,0.378733
26640000,58,243.681,-21579.6,68.1152,0.3868
26655000,48,214.992,-21613.2,48.2988,0.387176
26670000,58,263.977,-21582.5,53.6932,0.375433
26685000,56,254.612,-21592.1,57.7688,0.3862
26700000,47,212.114,-21612.8,47.0037,0.387267
26715000,69,321.316,-21588.8,74.5577,0.391733
26730000,57,244.801,-21578,63.7167,0.387417
26745000,67,311.003,-21576.1,75.619,0.415233
26760000,59,261.434,-21625.6,63.8552,0.39835
26775000,82,367.259,-21591,80.6817,0.405533
26790000,46,207.288,-21612.9,48.9026,0.405067
26805000,48,221.793,-21620.8,42.3747,0.369667
26820000,65,281.909,-21556.4,78.8632,0.405489
26835000,69,303.552,-21584.2,70.5538,0.3998
26850000,67,304.013,-21575.3,65.2916,0.409267
26865000,65,303.718,-21603.2,69.3409,0.403667
26880000,58,250.325,-21599.2,46.4852,0.3986
26895000,46,209.419,-21619,55.1278,0.396044
26910000,59,246.517,-21581.8,50.7702,0.376311
26925000,71,301.73,-21556.3,62.599,0.396022
26940000,71,321.308,-21550.3,69.1175,0.397067
26955000,58,261.677,-21564,55.1685,0.375133
26970000,62,275.939,-21592.2,72.8698,0.393733
26985000,61,264.001,-21562.5,60.2359,0.3818
27000000,50,219.127,-21591.8,62.9749,0.404733
27015000,52,226.185,-21597.6,58.9839,0.390825
27030000,56,233.136,-21577.9,54.6647,0.3818
27045000,55,230.094,-21604.9,55.8538,0.385859
27060000,55,237.445,-21582.1,62.0793,0.371867
27075000,62,286.464,-21599.9,70.545,0.391911
27090000,65,280.416,-21586.8,77.3203,0.4002
27105000,41,179.589,-21597.6,55.1245,0.382433
27120000,57,255.127,-21591.1,54.3313,0.372
27135000,51,225.779,-21591.6,62.7327,0.389
27150000,51,237.439,-21585.6,38.9994,0.3722
27165000,45,196.021,-21589.5,49.8038,0.3428
27180000,67,298.441,-21576.4,80.8719,0.370267
27195000,58,258.955,-21571.6,72.9604,0.3868
27210000,64,286.473,-21558.5,61.5715,0.371533
27225000,62,284.601,-21555.6,56.6823,0.378133
27240000,60,271.224,-21571.9,38.8486,0.377867
27255000,67,298.424,-21571.2,74.8189,0.389667
27270000,63,281.33,-21591.2,66.3977,0.392733
27285000,52,243.182,-21616.1,56.6576,0.3808
27300000,49,215.94,-21603.8,63.991,0.399967
27315000,46,197.419,-21587.8,39.5121,0.3738
27330000,58,236.759,-21598.8,57.4242,0.387778
27345000,49,221.238,-21579.2,44.5991,0.379685
27360000,61,272.424,-21592.6,60.7224,0.3896
27375000,69,290.406,-21577.9,82.012,0.364333
27390000,64,271.877,-21579.9,55.8424,0.396
27405000,59,263.152,-21585.2,58.6806,0.403067
27420000,53,221.18,-21593.9,47.4161,0.392
27435000,65,286.359,-21598.6,58.4025,0.393633
27450000,85,388.23,-21580.9,82.9221,0.4138
27465000,69,304.151,-21554.5,75.0307,0.395622
27480000,82,362.224,-21554.2,71.2108,0.409133
27495000,80,361.205,-21567.4,82.0857,0.408267
27510000,64,280.835,-21551.4,67.1261,0.393233
27525000,69,280.304,-21542.8,87.0142,0.394467
27540000,69,300.223,-21576.3,66.6452,0.404022
27555000,82,368.307,-21577.8,76.1634,0.4084
27570000,71,302.164,-21556.3,71.6107,0.385111
27585000,79,353.375,-21550.3,88.8945,0.403667
27600000,64,283.944,-21578.2,58.9561,0.4012
27615000,65,272.976,-21570.5,65.7442,0.396667
27630000,51,219.948,-21626.5,58.6292,0.383632
27645000,49,209.294,-21558.4,48.885,0.3813
27660000,67,292.796,-21548,73.84,0.3692
27675000,59,266.678,-21606.7,56.5756,0.383978
27690000,63,285.034,-21548.1,62.1307,0.397667
27705000,66,292.102,-21567.3,71.045,0.389248
27720000,74,308.057,-21561.7,68.3366,0.410667
27735000,68,296.168,-21560.2,81.6758,0.403667
27750000,78,367.246,-21553.3,70.9598,0.402133
27765000,76,349.151,-21537.2,77.6846,0.401367
27780000,81,339.467,-21566.2,91.9794,0.396867
27795000,69,296.275,-21578.2,57.4376,0.4022
27810000,62,282.993,-21580.9,54.7401,0.405733
27825000,54,232.224,-21575.3,60.0385,0.397373
27840000,69,311.278,-21579.7,66.1018,0.4002
27855000,63,270.266,-21581.1,63.7293,0.3844
27870000,68,290.139,-21589,71.561,0.393367
27885000,76,340.97,-21593.6,84.8808,0.417267
27900000,71,314.403,-21567.8,61.2885,0.399356
27915000,61,278.357,-21566.4,66.1313,0.394933
27930000,77,343.926,-21554.5,76.564,0.395733
27945000,89,392.22,-21560,103.295,0.4132
27960000,77,337.469,-21558.8,77.107,0.408267
27975000,78,327.908,-21556.3,68.2938,0.4138
27990000,68,296.713,-21581.3,62.3493,0.399533
28005000,66,283.616,-21551.8,69.9588,0.3976
28020000,60,269.102,-21618.4,50.1452,0.393142
28035000,67,296.752,-21573.9,80.4024,0.401367
28050000,43,169.365,-21626.6,41.9196,0.393167
28065000,62,263.094,-21565.4,74.4576,0.399833
28080000,66,290.264,-21561.7,97.2585,0.3962
28095000,63,267.27,-21548.4,49.5373,0.3974
28110000,51,235.59,-21601.1,47.6958,0.386009
28125000,67,276.621,-21574.5,74.3121,0.3911
28140000,54,217.509,-21618.5,61.1208,0.3856
28155000,58,240.529,-21541.1,45.557,0.3863
28170000,60,247.626,-21543.6,53.4337,0.383467
28185000,77,321.575,-21560.8,66.7786,0.383733
28200000,87,329.582,-21574.6,93.332,0.418533
28215000,79,333.919,-21555,83.1454,0.407333
28230000,48,206.146,-21623.9,45.3087,0.391511
28245000,81,350.322,-21556.5,78.2078,0.4085
28260000,80,357.955,-21575.5,81.2075,0.402667
28275000,65,273.857,-21555.2,66.1886,0.395733
28290000,59,258.405,-21575,46.3901,0.388467
28305000,77,312.711,-21576.1,66.7232,0.386867
28320000,78,366.98,-21568.7,69.8023,0.383333
28335000,79,340.75,-21557.9,92.2869,0.414167
28350000,83,355.819,-21551.4,79.7215,0.4048
28365000,82,365.216,-21560.9,86.4156,0.394933
28380000,71,313.177,-21570.8,59.5766,0.3772
28395000,73,321.84,-21560.1,63.6787,0.400222
28410000,84,396.142,-21551.4,85.7804,0.413067
28425000,78,353.691,-21547.7,79.1498,0.410933
28440000,65,287.667,-21568.9,57.0072,0.391233
28455000,79,345.427,-21557.6,86.6785,0.397067
28470000,67,303.832,-21575.8,60.4308,0.388433
28485000,74,324.231,-21592.8,64.9447,0.4027
28500000,64,290.851,-21571.6,59.5879,0.400467
28515000,58,256.566,-21573.3,58.3324,0.367133
28530000,54,222.331,-21642.6,50.5031,0.389433
28545000,68,287.269,-21612.8,60.5197,0.394967
28560000,63,275.604,-21584.8,54.8907,0.4096
28575000,76,348.511,-21555.6,83.6041,0.410056
28590000,51,232.219,-21609.7,60.2461,0.390289
28605000,66,290.201,-21578.7,67.6921,0.4123
28620000,51,221.873,-21581.9,52.2647,0.38595
28635000,81,348.979,-21571.2,95.5303,0.404767
28650000,74,312.644,-21588.6,62.634,0.415267
28665000,64,281.864,-21574.2,60.1443,0.398867
28680000,61,256.513,-21587,53.9947,0.398667
28695000,51,229.135,-21591.8,46.6782,0.379952
28710000,54,225.98,-21575.8,53.7572,0.3692
28725000,57,238.744,-21573.6,57.9228,0.3762
28740000,51,220.962,-21612,50.3743,0.380275
28755000,61,262.124,-21605,59.7307,0.387867
28770000,59,251.478,-21579.6,50.6334,0.392667
28785000,55,246.986,-21630.8,58.3557,0.387
28800000,69,303.462,-21584.7,60.3499,0.393367
28815000,58,242.745,-21580.9,61.1437,0.390867
28830000,61,252.566,-21582.3,82.4175,0.385933
28845000,54,246.651,-21603.5,64.1057,0.387067
28860000,58,261.039,-21597.6,47.9507,0.39132
28875000,60,261.425,-21604.7,49.278,0.382767
28890000,63,271.574,-21594.8,61.1686,0.396533
28905000,63,283.507,-21581.4,52.7847,0.394133
28920000,49,216.708,-21596.3,50.3361,0.385333
28935000,62,277.37,-21574.9,69.4449,0.3874
28950000,56,252.571,-21574.3,55.941,0.386667
28965000,45,186.511,-21620.1,39.4929,0.389233
28980000,54,249.987,-21600.3,63.3976,0.392333
28995000,58,253.757,-21563.7,59.5631,0.396644
29010000,52,202.656,-21587.4,41.8635,0.383333
29025000,60,263.025,-21581,61.1861,0.398933
29040000,53,221.064,-21576,46.3929,0.3948
29055000,63,272.929,-21606.9,48.9166,0.393413
29070000,69,312.77,-21581.4,68.0223,0.381233
29085000,75,318.99,-21569.8,62.2982,0.404933
29100000,74,313.77,-21554.1,75.6298,0.402
29115000,70,320.275,-21555.3,73.142,0.387533
29130000,58,269.909,-21596.3,65.9489,0.387933
29145000,73,324.049,-21589.5,67.7866,0.3972
29160000,62,252.604,-21583.7,51.742,0.401019
29175000,58,256.279,-21577.5,68.9533,0.3824
29190000,64,291.222,-21550.5,67.8874,0.388578
29205000,86,383.657,-21574.6,89.4641,0.388667
29220000,69,309.973,-21603.9,57.9259,0.38669
29235000,58,248.74,-21595.7,55.6561,0.40195
29250000,56,228.235,-21578.9,51.8538,0.3854
29265000,62,276.586,-21599.8,68.6587,0.387067
29280000,58,274.584,-21605.4,53.2097,0.40356
29295000,56,234.104,-21596.8,52.053,0.398767
29310000,50,212.074,-21599.7,54.5227,0.3878
29325000,67,272.249,-21581.5,50.6815,0.392233
29340000,58,246.348,-21615,65.4464,0.396867
29355000,45,182.415,-21579.9,42.283,0.387756
29370000,48,206.305,-21617.1,49.078,0.38328
29385000,53,225.657,-21610,62.9661,0.386467
29400000,60,248.11,-21587.7,58.8112,0.384422
29415000,66,280.832,-21596.5,49.9867,0.38712
29430000,59,265.891,-21604.9,57.1628,0.393567
29445000,59,256.039,-21595.5,62.8996,0.404333
29460000,53,233.629,-21576.1,48.4967,0.3913
29475000,55,253.25,-21585.5,51.1306,0.376067
29490000,69,314.27,-21569.8,57.2937,0.400067
29505000,59,262.643,-21614.8,65.5348,0.402033
29520000,46,211.003,-21577,47.1552,0.3955
29535000,51,225.523,-21588.4,59.7579,0.39
29550000,69,292.017,-21615.5,56.8014,0.394333
29565000,68,293.242,-21582.7,61.8506,0.4018
29580000,60,271.88,-21594.4,53.6434,0.4034
29595000,49,231.932,-21586.8,60.2308,0.382
29610000,63,279.374,-21590.4,68.238,0.399533
29625000,54,240.96,-21577.6,36.8132,0.3968
29640000,59,258.798,-21566.2,60.8336,0.382333
29655000,41,172.931,-21628.9,39.2949,0.377107
29670000,68,302.367,-21538.4,80.7595,0.391833
29685000,73,314.442,-21543.9,83.6053,0.39
29700000,63,290.483,-21615.8,64.8957,0.395733
29715000,65,292.128,-21638.7,77.848,0.4192
29730000,63,277.581,-21556.4,57.6318,0.403133
29745000,74,312.923,-21563,73.7317,0.394067
29760000,68,307.843,-21602.7,66.3224,0.399556
29775000,70,304.034,-21580.6,71.3039,0.4154
29790000,66,273.328,-21582.4,64.4407,0.400467
29805000,64,250.739,-21559.6,78.6833,0.382733
29820000,69,306.619,-21574,71.0993,0.403733
29835000,61,268.242,-21575.8,60.1162,0.397567
29850000,78,329.091,-21563,98.9601,0.397933
29865000,66,290.829,-21567.5,68.5767,0.395267
29880000,67,298.038,-21592.2,76.3204,0.402244
29895000,63,276.847,-21576.5,60.5678,0.4022
29910000,84,361.312,-21544.5,68.4723,0.398044
29925000,85,368.325,-21563.8,84.7841,0.4122
29940000,55,223.752,-21588.9,57.0658,0.388511
29955000,65,274.513,-21554.9,66.0983,0.3938
29970000,53,237.907,-21588,58.1463,0.381467
29985000,61,252.104,-21593.8,62.7974,0.3942
