generation,N_shifts,logPrior,logLik,eventRate,acceptRate
0,0,-308.104,-22294.6,100,1
15000,1,4.75343,-21997.1,2.91826,0.260267
30000,1,6.49568,-21994.3,3.22042,0.270358
45000,3,10.3276,-21983.7,1.68946,0.299033
60000,1,6.36418,-21994.6,1.93518,0.2811
75000,4,18.0899,-21946.1,1.89331,0.334467
90000,3,10.9916,-21964.1,6.23302,0.28463
105000,4,18.3613,-21933.8,4.76821,0.328
120000,3,14.6246,-21994.8,9.11411,0.287633
135000,1,4.17164,-21993.9,1.91691,0.299267
150000,9,32.5049,-21881.1,10.4335,0.293167
165000,4,19.4329,-21930,4.60897,0.334617
180000,13,48.1665,-21858.9,11.1779,0.329
195000,12,44.077,-21832.9,6.57069,0.304867
210000,13,50.0657,-21815.7,17.5194,0.31
225000,12,35.7112,-21855,14.4525,0.335278
240000,21,78.2708,-21799.3,13.8042,0.340033
255000,17,67.2685,-21798,17.836,0.349467
270000,19,74.6515,-21823.9,23.5655,0.335114
285000,21,85.3042,-21797.1,25.5766,0.340067
300000,15,58.4238,-21815.4,16.4373,0.3478
315000,21,91.4561,-21800.8,20.8165,0.355667
330000,44,182.523,-21757.6,36.9854,0.3829
345000,52,207.117,-21706.1,56.2562,0.398467
360000,59,247.693,-21658.7,47.553,0.400933
375000,55,232.075,-21648.8,40.2068,0.408467
390000,39,153.839,-21706.2,27.7481,0.379789
405000,63,267.851,-21658.5,54.5361,0.400033
420000,68,301.126,-21673.1,63.1073,0.405
435000,70,296.802,-21650.4,71.8765,0.413067
450000,52,219.073,-21646.6,54.632,0.37377
465000,57,240.421,-21654.7,47.7245,0.3896
480000,50,201.377,-21647.8,41.2863,0.4022
495000,59,262.811,-21636.3,64.0156,0.3988
510000,59,261.191,-21642.1,64.0495,0.4016
525000,54,243.974,-21624,65.2171,0.4087
540000,48,188.067,-21636.9,54.0517,0.402567
555000,59,245.143,-21616.3,63.6014,0.393167
570000,56,228.572,-21626.5,51.637,0.3994
585000,44,178.475,-21647.5,47.2978,0.395764
600000,67,280.816,-21628,68.509,0.412467
615000,66,269.921,-21627.8,50.8796,0.413
630000,60,247.371,-21637.3,61.7176,0.403733
645000,38,165.563,-21642.2,38.6325,0.393083
660000,54,230.262,-21623.3,60.091,0.399133
675000,48,200.584,-21634.1,31.2989,0.375633
690000,56,242.799,-21640.2,56.7677,0.392933
705000,51,208.807,-21615.1,61.5374,0.394867
720000,60,258.751,-21612.3,73.671,0.386
735000,51,214.315,-21608.5,39.0883,0.392387
750000,59,252.128,-21618.8,53.9143,0.3939
765000,60,244.901,-21587.1,50.0566,0.3942
780000,72,296.611,-21604,68.6693,0.404067
795000,73,310.569,-21582.6,76.5711,0.4158
810000,47,184.461,-21625.9,57.955,0.39125
825000,62,266.441,-21607.9,55.5859,0.401667
840000,68,276.476,-21603.9,60.4771,0.394133
855000,69,298.434,-21595.3,72.5296,0.390867
870000,54,230.577,-21600.8,52.3039,0.376133
885000,61,249.014,-21589.5,62.8321,0.3756
900000,61,261.327,-21595.6,60.8618,0.398978
915000,67,284.056,-21624.4,65.4693,0.389781
930000,77,324.385,-21593.7,78.9795,0.396533
945000,75,307.227,-21574.8,74.3709,0.399667
960000,77,332.374,-21594.3,71.3285,0.39965
975000,68,295.174,-21578.3,75.7096,0.391333
990000,72,308.446,-21591.1,71.1197,0.399567
1005000,86,373.349,-21613.6,83.6773,0.412333
1020000,85,371.55,-21565.6,98.9838,0.409467
1035000,83,347.12,-21604.8,85.5071,0.417067
1050000,81,340.375,-21575.6,76.505,0.414733
1065000,54,226.499,-21589.6,49.7226,0.392093
1080000,69,301.751,-21576.9,69.9267,0.396033
1095000,80,339.424,-21598.8,82.0122,0.393267
1110000,70,294.955,-21570.5,70.033,0.390985
1125000,78,333.105,-21587.6,88.8566,0.4052
1140000,68,288.5,-21584,65.1558,0.400533
1155000,67,272.718,-21569.3,74.428,0.4006
1170000,65,274.214,-21589.8,68.6848,0.390933
1185000,65,260.38,-21578.1,76.5052,0.396667
1200000,80,343.275,-21569.3,68.1898,0.391289
1215000,80,344.105,-21576.3,71.8541,0.398933
1230000,85,377.354,-21537.3,85.4747,0.403733
1245000,68,266.038,-21598.5,67.7876,0.393817
1260000,80,355.114,-21561.9,96.082,0.398367
1275000,77,332.83,-21601.1,67.3865,0.402433
1290000,78,331.446,-21543.9,88.2976,0.3857
1305000,79,332.273,-21536.1,83.9583,0.398333
1320000,71,293.925,-21608.7,68.4658,0.393889
1335000,59,250.428,-21574.5,58.7427,0.38794
1350000,75,314.887,-21551.6,69.6493,0.3958
1365000,81,326.004,-21549.2,87.2333,0.380467
1380000,82,358.525,-21559.1,91.1689,0.401067
1395000,78,346.066,-21550.5,89.4177,0.409067
1410000,78,316.565,-21555.4,80.3882,0.391333
1425000,72,310.906,-21576.6,85.1001,0.3988
1440000,51,209.285,-21603.5,58.4212,0.38461
1455000,77,344.775,-21575.9,63.7005,0.3941
1470000,70,306.943,-21618.4,72.462,0.401067
1485000,70,305.739,-21594.5,65.0223,0.407733
1500000,69,305.933,-21584.4,68.4094,0.389867
1515000,56,233.175,-21565.6,50.4952,0.385733
1530000,60,260.926,-21560.3,72.3295,0.379467
1545000,60,251.635,-21586.4,69.456,0.378267
1560000,62,254.032,-21573.4,55.938,0.387158
1575000,66,284.824,-21588.7,58.8961,0.383267
1590000,55,243.478,-21601.3,45.1764,0.366067
1605000,70,299.017,-21586.7,72.9969,0.400633
1620000,56,228.176,-21601.1,55.7733,0.369233
1635000,61,260.89,-21582.8,58.0654,0.389079
1650000,66,278.95,-21608.3,61.0462,0.379167
1665000,51,210.794,-21597.7,49.4014,0.386967
1680000,72,276.427,-21596.6,89.7215,0.38516
1695000,72,305.577,-21589.3,62.7276,0.4034
1710000,61,254.998,-21576.6,67.1215,0.385233
1725000,60,252.594,-21586.2,66.9074,0.379767
1740000,67,288.813,-21585.2,73.8836,0.391067
1755000,55,223.632,-21567.5,65.9925,0.379111
1770000,72,327.376,-21596.2,61.2094,0.4016
1785000,61,245.922,-21617,62.4921,0.386083
1800000,66,280.608,-21581.9,70.5562,0.387156
1815000,65,268.181,-21574.4,61.279,0.402689
1830000,73,321.309,-21545.8,85.4873,0.3808
1845000,78,354.828,-21574.3,81.0575,0.3964
1860000,76,311.698,-21602.8,68.0217,0.394093
1875000,64,293.369,-21572,68.2472,0.373387
1890000,70,308.272,-21583,94.0256,0.379867
1905000,61,261.226,-21563.7,47.4621,0.386733
1920000,63,274.868,-21598.4,64.675,0.378067
1935000,44,196.201,-21647.8,38.8966,0.385944
1950000,53,237.917,-21570.4,72.7888,0.3811
1965000,51,216.736,-21611.9,46.0929,0.381533
1980000,58,237.118,-21594.9,54.1981,0.388008
1995000,75,331.183,-21560.5,74.9603,0.379733
2010000,77,337.826,-21581.5,63.4291,0.397133
2025000,80,332.846,-21592.4,87.7815,0.3998
2040000,62,266.649,-21575.2,54.5873,0.385307
2055000,74,319.579,-21578.6,68.4997,0.397
2070000,72,316.887,-21593.1,59.984,0.400733
2085000,65,295.566,-21569.5,66.0741,0.396267
2100000,74,328.101,-21581.9,68.1258,0.386067
2115000,62,267.513,-21589.6,58.8702,0.392993
2130000,57,243.302,-21585.4,52.5708,0.379667
2145000,67,281.636,-21568.9,68.8866,0.386667
2160000,67,286.876,-21599.8,90.3442,0.386492
2175000,79,346.288,-21563.8,69.179,0.398213
2190000,54,224.844,-21579.2,63.3629,0.3884
2205000,69,274.305,-21563.5,63.235,0.384633
2220000,74,321.985,-21575.7,76.9535,0.389667
2235000,85,369.725,-21578,90.2055,0.399933
2250000,54,226.4,-21571.8,49.8747,0.37455
2265000,68,293.914,-21580.7,74.2497,0.395233
2280000,68,286.967,-21586.5,75.0637,0.391948
2295000,68,292.674,-21572.1,65.8953,0.399033
2310000,70,298.554,-21562.4,72.0083,0.389467
2325000,72,322.232,-21558.1,76.1839,0.393
2340000,73,314.288,-21576.8,83.8604,0.403867
2355000,67,282.968,-21596,72.8768,0.379171
2370000,74,323.309,-21559.7,73.417,0.401767
2385000,57,232.195,-21570.7,56.0006,0.389467
2400000,70,291.529,-21585.2,58.2004,0.374267
2415000,58,238.357,-21604.2,50.4614,0.379733
2430000,74,297.154,-21569.2,85.372,0.392
2445000,86,362.386,-21584.6,90.0188,0.4122
2460000,51,198.184,-21623.8,47.9165,0.386029
2475000,64,288.747,-21576.5,48.5141,0.398933
2490000,64,274.572,-21579,58.6406,0.386067
2505000,68,284.525,-21585.5,54.4682,0.382578
2520000,64,271.18,-21575.9,57.8052,0.3889
2535000,65,281.34,-21605.7,57.0008,0.391767
2550000,74,310.549,-21571.6,63.51,0.394233
2565000,79,352.928,-21600.9,87.5738,0.3952
2580000,71,299.343,-21596.7,92.3811,0.406667
2595000,77,340.774,-21577.4,66.572,0.400133
2610000,65,286.825,-21626.5,76.0603,0.388967
2625000,64,273.091,-21587.3,59.4392,0.3977
2640000,64,271.781,-21599.7,56.9495,0.399733
2655000,62,256.707,-21609.7,61.3311,0.385667
2670000,69,280.164,-21587.3,71.1298,0.386133
2685000,57,236.214,-21589.5,55.0627,0.390267
2700000,66,279.035,-21553,66.4287,0.391218
2715000,65,271.129,-21587.1,56.4194,0.3802
2730000,60,248.218,-21559.5,56.6418,0.380467
2745000,57,243.894,-21614.3,56.3245,0.379933
2760000,62,259.538,-21613.7,64.64,0.384133
2775000,49,196.995,-21632.9,43.9136,0.394017
2790000,63,263.376,-21584.2,60.8407,0.376133
2805000,65,280.247,-21604.8,55.1555,0.385489
2820000,59,234.774,-21586.9,55.4051,0.390867
2835000,62,266.121,-21610.5,65.019,0.392267
2850000,61,262.814,-21603.5,55.7778,0.389867
2865000,59,245.756,-21624.7,44.1488,0.3877
2880000,63,281.288,-21605,55.6679,0.394467
2895000,50,212.796,-21596.9,56.6927,0.397933
2910000,66,281.22,-21591.2,73.857,0.399067
2925000,72,313.882,-21598.3,77.2275,0.408333
2940000,70,305.817,-21600.7,83.3652,0.4062
2955000,54,220.247,-21602.9,64.4187,0.384947
2970000,73,318.93,-21576.9,86.1927,0.397733
2985000,75,313.009,-21600.8,92.0612,0.403933
3000000,70,297.775,-21574.6,64.8812,0.396533
3015000,63,271.204,-21588.5,64.5739,0.407333
3030000,60,255.019,-21593.3,47.5292,0.3826
3045000,48,197.198,-21605.8,44.206,0.3775
3060000,69,300.419,-21623.1,61.122,0.38921
3075000,52,212.583,-21612.1,43.4064,0.388233
3090000,68,286.773,-21603.2,84.5077,0.4055
3105000,59,249.716,-21592.3,62.8835,0.382107
3120000,63,264.587,-21603.1,58.9802,0.3754
3135000,74,306.159,-21597.8,84.3959,0.391422
3150000,69,267.931,-21609.9,58.1847,0.390933
3165000,80,339.393,-21600.2,74.4257,0.3936
3180000,59,257.574,-21607.9,60.3329,0.401933
3195000,69,297.558,-21612.6,63.6958,0.403133
3210000,64,275.613,-21598.6,68.3489,0.388229
3225000,66,273.054,-21611.8,72.3872,0.410767
3240000,72,282.902,-21575.1,74.5502,0.40816
3255000,72,292.769,-21589.5,98.9031,0.3876
3270000,73,315.193,-21576.8,77.2217,0.400911
3285000,68,292.571,-21592.7,61.1941,0.398893
3300000,62,254.49,-21575.5,72.109,0.393667
3315000,63,261.211,-21579,62.9721,0.390667
3330000,63,255.473,-21595.2,61.9282,0.389711
3345000,53,223.14,-21604.5,49.4149,0.385844
3360000,53,211.733,-21594.7,61.4886,0.3898
3375000,56,230.646,-21594.7,56.8948,0.377533
3390000,60,269.456,-21580.6,59.629,0.367333
3405000,70,300.556,-21598.3,74.1903,0.398589
3420000,73,317.565,-21620.4,87.3164,0.412733
3435000,75,335.738,-21609.4,71.2409,0.414733
3450000,74,312.418,-21589.7,72.6118,0.400933
3465000,65,261.398,-21559,49.3042,0.3737
3480000,81,344.313,-21568.9,69.8872,0.410033
3495000,60,258.222,-21597.4,59.1746,0.378629
3510000,89,391.721,-21595.2,91.8618,0.4088
3525000,77,329.471,-21545.6,78.6116,0.39175
3540000,75,320.866,-21559.2,73.9834,0.379667
3555000,93,398.503,-21572.4,85.8086,0.408733
3570000,81,346.936,-21589.2,88.6695,0.4172
3585000,73,325.13,-21580.7,83.7338,0.3992
3600000,66,284.235,-21585.5,67.7538,0.402867
3615000,66,283.799,-21599.5,62.1253,0.38868
3630000,58,245.316,-21577,60.9223,0.4046
3645000,67,277.145,-21595,60.0923,0.378467
3660000,68,293.956,-21596.5,75.5945,0.397867
3675000,70,301.773,-21587.2,81.1116,0.3833
3690000,64,273.8,-21575.9,55.5665,0.395933
3705000,79,361.298,-21582.9,90.2285,0.4016
3720000,77,337.478,-21579.3,69.3572,0.390667
3735000,70,301.109,-21598.2,65.4003,0.402233
3750000,66,274.723,-21586.9,63.6422,0.405522
3765000,71,317.488,-21577.1,80.0013,0.3913
3780000,77,345.549,-21588.9,85.9865,0.396267
3795000,74,324.097,-21581.6,69.7139,0.395133
3810000,74,316.133,-21553.9,68.1618,0.409967
3825000,67,301.821,-21584.7,60.4862,0.392767
3840000,64,266.437,-21580.4,58.7099,0.379533
3855000,61,256.402,-21584.7,61.7576,0.394711
3870000,69,307.016,-21605.6,64.8867,0.400667
3885000,68,274.877,-21578.5,64.1422,0.397333
3900000,70,318.783,-21570.5,67.928,0.391517
3915000,73,310.618,-21574.5,85.8269,0.392933
3930000,76,328.58,-21559,70.1606,0.4009
3945000,74,317.877,-21560.3,71.3698,0.401833
3960000,74,316.478,-21577.2,71.9198,0.389683
3975000,54,219.085,-21567.7,41.002,0.384267
3990000,66,265.579,-21566.5,61.7882,0.3836
4005000,83,353.6,-21561.2,89.4385,0.387044
4020000,79,335.068,-21551.2,79.9037,0.398667
4035000,86,363.812,-21572.8,85.0075,0.4128
4050000,67,263.751,-21595.3,68.6506,0.388038
4065000,69,304.233,-21558,86.3062,0.3964
4080000,63,275.696,-21578.5,54.7789,0.392333
4095000,59,257.485,-21598.9,50.3561,0.3876
4110000,59,260.912,-21580.2,46.4807,0.393933
4125000,66,277.614,-21582.4,65.5513,0.400889
4140000,50,202.413,-21597.1,45.0243,0.385533
4155000,55,219.27,-21612.3,47.9587,0.374867
4170000,59,250.859,-21591.1,62.8278,0.378867
4185000,59,247.747,-21580.5,66.0046,0.379933
4200000,60,264.234,-21614.6,49.6244,0.383711
4215000,75,305.288,-21590.2,83.0426,0.411067
4230000,84,360.894,-21570.5,76.8239,0.385033
4245000,52,222.662,-21600.7,49.3613,0.391756
4260000,68,284.413,-21577.8,56.0694,0.395567
4275000,56,239.039,-21599.8,55.7136,0.3919
4290000,63,266.378,-21593.1,57.9862,0.3842
4305000,75,331.588,-21563.5,63.5358,0.393956
4320000,71,298.614,-21581.1,69.3106,0.398733
4335000,66,275.376,-21611.4,69.0307,0.3922
4350000,57,247.792,-21601.4,66.4085,0.394133
4365000,52,227.879,-21595.9,56.567,0.3752
4380000,66,267.01,-21576.8,61.0657,0.392967
4395000,74,328.305,-21602.2,77.389,0.3944
4410000,60,257.504,-21576.7,53.7894,0.398267
4425000,70,304.887,-21594.5,70.8125,0.3974
4440000,69,303.77,-21607.6,51.9467,0.389444
4455000,85,376.541,-21549.9,84.2051,0.405967
4470000,74,318.269,-21574.2,81.7961,0.396029
4485000,76,326.344,-21544.1,79.0991,0.408033
4500000,80,339.346,-21546.8,79.391,0.394933
4515000,80,342.141,-21557,93.4899,0.399733
4530000,78,330.501,-21544.6,63.4945,0.396667
4545000,83,345.373,-21563.4,110.061,0.390667
4560000,75,329.476,-21578.5,79.1959,0.405267
4575000,59,251.887,-21609.9,46.3902,0.401848
4590000,70,297.867,-21576.7,71.8524,0.396753
4605000,64,259.224,-21577.2,59.0162,0.379222
4620000,59,254.187,-21562.4,70.9248,0.379667
4635000,66,280.933,-21569.7,53.0164,0.400533
4650000,71,296.909,-21572.7,78.9297,0.3872
4665000,84,336.929,-21559.2,94.9063,0.3994
4680000,66,289.371,-21591,65.3096,0.384533
4695000,74,325.622,-21559.2,80.0863,0.4034
4710000,75,327.301,-21567.3,76.3164,0.383933
4725000,72,299.225,-21565.4,78.9166,0.401133
4740000,61,249.827,-21569.1,56.316,0.384525
4755000,76,328.279,-21609.3,75.6105,0.395
4770000,64,258.088,-21564.1,58.0378,0.389767
4785000,63,264.782,-21539.7,60.7663,0.374667
4800000,67,301.993,-21570.5,64.4571,0.387267
4815000,70,305.717,-21559.6,67.9498,0.394
4830000,70,306.315,-21584.5,75.7304,0.38316
4845000,65,280.413,-21583.5,65.2392,0.392867
4860000,59,262.83,-21597.8,48.8428,0.387667
4875000,71,305.882,-21591.2,69.3515,0.387133
4890000,62,273.874,-21585.2,47.3662,0.390533
4905000,74,323.514,-21560.4,90.6621,0.4015
4920000,75,325.847,-21562.9,89.9455,0.3962
4935000,70,308.037,-21550.8,67.0924,0.4064
4950000,67,284.856,-21597.3,63.2684,0.383778
4965000,66,267.706,-21588.9,66.8237,0.391093
4980000,72,312.005,-21547.3,66.3874,0.400444
4995000,61,265.448,-21570.7,58.653,0.392311
5010000,64,270.249,-21606.6,52.1027,0.389244
5025000,74,310.017,-21588.6,72.4092,0.389067
5040000,66,280.325,-21552.7,69.8777,0.391533
5055000,66,284.757,-21575.3,68.2551,0.402333
5070000,49,210.426,-21596.7,54.1422,0.397183
5085000,63,283.824,-21591.9,64.4883,0.389667
5100000,57,246.13,-21574.7,57.009,0.380289
5115000,59,257.35,-21585.5,52.2963,0.392267
5130000,57,254.745,-21589.8,71.9635,0.3958
5145000,65,281.978,-21599.1,62.5801,0.3874
5160000,65,279.193,-21584.5,58.1277,0.387022
5175000,78,343.07,-21575.8,80.8837,0.3929
5190000,62,261.981,-21607.7,54.7792,0.391867
5205000,72,311.89,-21572.9,71.0913,0.398817
5220000,54,228.589,-21609,64.8799,0.377333
5235000,67,279.485,-21571.3,74.0745,0.396033
5250000,64,285.476,-21601.4,69.8263,0.393333
5265000,76,314.184,-21564.4,81.2664,0.394
5280000,65,269.649,-21564.7,60.2982,0.401267
5295000,77,309.488,-21561.8,90.6365,0.3826
5310000,71,299.173,-21578.9,78.5043,0.400533
5325000,56,233.174,-21626.6,36.0732,0.396425
5340000,72,297.404,-21571.8,74.5336,0.4026
5355000,67,280.587,-21579.2,67.9409,0.395667
5370000,57,236.453,-21575.3,62.6835,0.385133
5385000,55,218.959,-21572.7,64.9052,0.376267
5400000,68,296.206,-21604.4,69.8566,0.384333
5415000,52,230.592,-21602.9,47.4306,0.38683
5430000,65,253.609,-21574.1,65.658,0.378267
5445000,88,370.972,-21553.4,91.0468,0.39
5460000,88,362.192,-21541,91.7331,0.403733
5475000,99,429.935,-21530.8,89.397,0.404867
5490000,89,374.312,-21516.4,79.4174,0.4004
5505000,81,329.525,-21541.1,88.5568,0.3954
5520000,78,325.335,-21592.4,64.1979,0.402467
5535000,57,233.94,-21578.4,48.8922,0.396383
5550000,69,290.912,-21569.2,81.8715,0.385271
5565000,59,245.361,-21567.4,53.2976,0.390533
5580000,63,251.283,-21571.5,63.7576,0.388733
5595000,57,239.596,-21591.6,48.1834,0.385483
5610000,59,255.277,-21597.5,62.3819,0.386867
5625000,55,235.833,-21613,62.1831,0.3847
5640000,46,190.758,-21615.5,36.5782,0.377
5655000,61,267.299,-21567.2,49.3015,0.39377
5670000,62,280.983,-21582.9,62.1818,0.382267
5685000,59,240.902,-21587.3,57.9121,0.38148
5700000,62,254.989,-21576.5,55.5518,0.375467
5715000,68,283.13,-21594.5,63.9417,0.3742
5730000,68,304.069,-21581.7,76.8975,0.393933
5745000,60,246.316,-21599.8,60.0092,0.380057
5760000,71,295.547,-21577.3,67.7449,0.3958
5775000,62,250.503,-21591.6,55.6728,0.3996
5790000,91,366.776,-21601.6,90.1033,0.391108
5805000,91,393.263,-21572.3,74.7064,0.417467
5820000,67,288.34,-21596.4,65.2946,0.392947
5835000,79,338.466,-21579.8,89.0172,0.405833
5850000,56,233.265,-21595.4,42.7757,0.390867
5865000,63,276.093,-21595.8,66.8222,0.393211
5880000,85,362.677,-21588.7,83.7987,0.397267
5895000,78,324.181,-21575.4,76.7809,0.3996
5910000,58,244.004,-21597.8,61.5341,0.389067
5925000,65,283.91,-21606.4,68.3432,0.3936
5940000,57,237.52,-21625.4,51.0892,0.388267
5955000,80,338.634,-21578.8,75.1216,0.389983
5970000,74,308.969,-21573.9,71.7822,0.396133
5985000,70,282.415,-21561.3,66.1942,0.406
6000000,44,190.14,-21594.9,30.2482,0.387593
6015000,59,244.856,-21597.2,43.0448,0.382333
6030000,55,223.354,-21583.1,62.6461,0.380322
6045000,55,234.521,-21594,58.0198,0.3932
6060000,64,258.23,-21589.8,66.5359,0.380967
6075000,78,309.584,-21587.8,90.3892,0.395267
6090000,62,252.325,-21579.6,56.7888,0.395933
6105000,68,272.149,-21578.5,65.7018,0.402133
6120000,58,256.669,-21583.1,60.3605,0.393933
6135000,56,230.784,-21576.1,59.7423,0.384
6150000,78,319.987,-21593.7,79.8334,0.390419
6165000,75,321.634,-21593.3,59.2511,0.401533
6180000,62,261.142,-21599,83.017,0.385962
6195000,56,241.551,-21625.8,53.4487,0.398933
6210000,61,260.1,-21591.1,48.9962,0.392433
6225000,48,205.252,-21616.5,43.5442,0.383689
6240000,49,222.653,-21606.9,43.4053,0.379133
6255000,61,260.059,-21607.7,70.2161,0.375533
6270000,61,265.958,-21599.1,61.8039,0.3812
6285000,61,270.032,-21564.3,64.7455,0.382722
6300000,78,322.172,-21573.7,81.8545,0.414333
6315000,71,298.725,-21577.3,68.3225,0.389733
6330000,68,304.496,-21560.6,63.3681,0.388267
6345000,65,285.787,-21598.8,58.4954,0.402367
6360000,65,293.05,-21558.7,77.2461,0.3938
6375000,72,317.252,-21551.3,63.4202,0.398467
6390000,71,307.726,-21576.8,69.7709,0.399133
6405000,72,305.826,-21569.4,90.0603,0.397733
6420000,67,277.436,-21593.2,62.3456,0.388867
6435000,57,248.575,-21595.3,60.3468,0.381033
6450000,73,296.883,-21598.4,64.3183,0.384467
6465000,65,279.841,-21553.3,58.1435,0.388022
6480000,68,282.013,-21568.9,79.7406,0.3862
6495000,70,298.698,-21568.7,76.9334,0.381867
6510000,71,303.663,-21571.2,64.6168,0.3874
6525000,60,238.397,-21609.9,65.6318,0.392197
6540000,70,304.39,-21581.6,87.1173,0.384533
6555000,79,338.349,-21592.2,82.0664,0.388771
6570000,83,382.751,-21592.2,64.5412,0.4038
6585000,67,293.279,-21608.1,66.959,0.402233
6600000,66,288.491,-21589.4,71.9673,0.3886
6615000,57,230.501,-21572.7,59.9378,0.371533
6630000,72,303.428,-21596.8,65.6125,0.394333
6645000,69,285.367,-21576.8,70.2732,0.400667
6660000,66,273.758,-21579.8,78.1208,0.382933
6675000,55,231.97,-21594.6,51.351,0.381613
6690000,76,302.762,-21558.8,88.0027,0.385933
6705000,73,311.06,-21567.3,84.3563,0.3928
6720000,71,326.453,-21553.9,65.0201,0.401667
6735000,75,309.709,-21553,69.0428,0.384933
6750000,68,291.822,-21563.6,69.5501,0.392827
6765000,65,286.661,-21569.8,50.4903,0.3876
6780000,68,293.533,-21572,63.6444,0.396683
6795000,63,270.255,-21601.5,55.5767,0.391467
6810000,63,265.293,-21565.6,56.2293,0.3734
6825000,60,268.97,-21586.6,46.4149,0.372867
6840000,64,274.918,-21599.4,62.6448,0.383622
6855000,76,328.469,-21591.2,79.0101,0.394533
6870000,72,313.636,-21590.3,77.8447,0.389644
6885000,67,290.243,-21595.2,69.2891,0.394183
6900000,67,285.403,-21588,71.7327,0.390933
6915000,53,219.44,-21588.2,35.7894,0.379733
6930000,64,267.288,-21595.3,57.269,0.399033
6945000,85,367.718,-21590.8,74.1423,0.396467
6960000,67,295.271,-21623.3,79.1553,0.380667
6975000,65,269.77,-21587.6,68.5319,0.400033
6990000,58,239.678,-21587.6,55.1812,0.3794
7005000,62,270.126,-21599,67.0648,0.3812
7020000,63,255.062,-21603.6,51.5631,0.384642
7035000,63,279.495,-21606.5,50.2582,0.380633
7050000,57,244.128,-21587.9,59.8175,0.372333
7065000,51,216.768,-21579.2,54.8626,0.375133
7080000,68,296.55,-21595.1,68.3044,0.379267
7095000,76,327.134,-21590.1,74.3645,0.384017
7110000,75,319.993,-21592.8,51.9391,0.398867
7125000,67,295.559,-21572.7,67.8828,0.398622
7140000,61,241.609,-21574.3,64.7412,0.387067
7155000,77,340.057,-21569.9,76.1162,0.392
7170000,75,338.441,-21585.8,74.8389,0.3986
7185000,63,270.784,-21604.9,65.9801,0.392533
7200000,57,249.228,-21584.6,63.1117,0.387778
7215000,59,259.418,-21590.4,62.0674,0.373139
7230000,55,230.73,-21592,42.6893,0.386933
7245000,74,309.005,-21579.6,71.4238,0.395044
7260000,66,287.576,-21596,63.5407,0.3942
7275000,67,298.493,-21584,66.4058,0.392133
7290000,71,312.592,-21579.2,80.0214,0.390907
7305000,56,245.263,-21608.7,57.9197,0.398467
7320000,69,298.772,-21607.1,72.0845,0.386744
7335000,67,272.997,-21589.2,67.5731,0.391533
7350000,68,302.712,-21604,61.5682,0.392567
7365000,68,291.936,-21583.7,84.054,0.393467
7380000,59,255.5,-21598.9,61.2789,0.381853
7395000,57,226.834,-21577.4,49.0922,0.371933
7410000,48,190.679,-21631.2,44.3987,0.390787
7425000,68,303.599,-21599.3,98.5647,0.395583
7440000,68,294.425,-21587.3,69.3033,0.381422
7455000,63,265.205,-21601.3,60.6332,0.399
7470000,62,259.223,-21601.9,56.2029,0.391556
7485000,62,269.395,-21596.6,79.6087,0.392067
7500000,66,284.034,-21606.9,70.4558,0.404467
7515000,68,289.136,-21567.3,51.5938,0.388333
7530000,75,316.77,-21565.1,72.9108,0.384
7545000,58,238.435,-21600.3,57.2194,0.4
7560000,67,290.607,-21592.2,61.1252,0.389833
7575000,65,292.826,-21612.9,65.4576,0.381267
7590000,58,248.268,-21587.7,86.6772,0.388
7605000,62,260.657,-21573.9,61.1146,0.3798
7620000,57,237.482,-21563.4,44.4511,0.383933
7635000,63,264.793,-21566.1,64.615,0.385267
7650000,53,228.417,-21630.1,56.4421,0.386267
7665000,57,247.45,-21607.4,68.5033,0.381682
7680000,60,256.623,-21615.6,61.8003,0.3978
7695000,67,288.9,-21606,73.3966,0.385083
7710000,80,340.428,-21585.5,80.8448,0.408767
7725000,63,266.533,-21610.1,69.2618,0.394533
7740000,62,248.797,-21591.2,57.1064,0.39965
7755000,71,308.516,-21584.1,72.3644,0.402667
7770000,73,303.523,-21603.7,74.698,0.39725
7785000,78,321.294,-21569.8,68.8046,0.406233
7800000,88,369.604,-21575.1,73.2334,0.4191
7815000,107,458.867,-21558.5,102.891,0.417533
7830000,95,404.056,-21557.2,90.0117,0.417467
7845000,98,441.001,-21551.2,95.9584,0.416933
7860000,100,446.761,-21544.1,88.5603,0.4164
7875000,87,372.191,-21553.4,70.1601,0.4096
7890000,82,356.452,-21538.5,73.765,0.392867
7905000,61,263.227,-21578,60.3361,0.396694
7920000,81,361.578,-21528,75.9347,0.393
7935000,78,351.103,-21569.8,70.1005,0.396533
7950000,73,331.182,-21575.5,67.4207,0.392
7965000,53,242.697,-21602.3,62.6613,0.368233
7980000,77,302.946,-21546.9,58.1476,0.381633
7995000,85,369.482,-21570.3,85.9778,0.400467
8010000,83,347.732,-21572.1,91.6164,0.400422
8025000,55,232.128,-21611.3,56.7773,0.391704
8040000,55,223.958,-21586.7,63.0874,0.398933
8055000,64,294.193,-21576.2,66.4233,0.404817
8070000,76,322.542,-21568.2,81.8131,0.393467
8085000,76,328.131,-21586.6,82.2498,0.396244
8100000,88,374.18,-21577.4,78.768,0.415
8115000,70,294.767,-21578.4,69.3825,0.397689
8130000,69,302.611,-21570.5,70.317,0.3933
8145000,73,315.357,-21589.1,70.6213,0.3956
8160000,73,321.773,-21574.8,60.109,0.406733
8175000,62,268.562,-21581.3,54.9628,0.4062
8190000,59,244.161,-21587.2,56.27,0.389583
8205000,63,264.504,-21601.4,63.9572,0.383733
8220000,71,303.931,-21586,75.8921,0.3919
8235000,79,343.084,-21579.9,70.6106,0.399933
8250000,88,358.625,-21600.8,71.9586,0.399613
8265000,72,302.001,-21590.1,79.1281,0.412133
8280000,62,269.333,-21569.7,55.8056,0.405756
8295000,66,288.392,-21550.8,65.6821,0.3962
8310000,63,268.223,-21562.9,56.6683,0.381333
8325000,55,237.762,-21571.4,58.3376,0.381733
8340000,75,335.866,-21580.4,75.937,0.3842
8355000,79,349.913,-21592.3,80.5976,0.3866
8370000,77,326.953,-21535.5,77.7965,0.392667
8385000,80,348.011,-21556.1,75.8359,0.400133
8400000,56,229.67,-21613.1,49.4922,0.387297
8415000,70,293.441,-21603.2,68.8966,0.4009
8430000,76,331.005,-21560.4,84.7229,0.400156
8445000,73,308.24,-21565.3,70.1303,0.389933
8460000,81,361.75,-21563,68.8766,0.404533
8475000,68,313.584,-21577.4,75.3422,0.393613
8490000,75,332.91,-21578,75.0997,0.402467
8505000,78,337.399,-21563.7,87.5022,0.395
8520000,49,199.408,-21614.4,47.4059,0.393533
8535000,72,323.041,-21554.1,77.0641,0.3992
8550000,87,376.176,-21563,93.6579,0.402333
8565000,80,349.858,-21586,72.7578,0.401067
8580000,50,214.512,-21599.9,47.0784,0.385544
8595000,76,348.351,-21591,80.0434,0.407833
8610000,86,358.86,-21589.8,91.2874,0.404533
8625000,46,190.581,-21620.1,43.501,0.386578
8640000,49,203.191,-21622.5,52.5562,0.364733
8655000,77,328.252,-21568.8,81.2634,0.394156
8670000,65,273.958,-21580.8,60.6426,0.397
8685000,55,239.207,-21593.9,51.9495,0.390267
8700000,60,266.346,-21611.8,54.7724,0.396567
8715000,55,253.254,-21589.7,57.9748,0.373967
8730000,61,274.366,-21604.1,58.5874,0.378
8745000,51,215.666,-21598.3,54.5623,0.366019
8760000,55,229.112,-21577.8,52.7429,0.382467
8775000,60,255.277,-21591.8,74.9742,0.3724
8790000,71,300.658,-21574.1,87.4601,0.390333
8805000,78,350.06,-21584.8,89.5289,0.398067
8820000,73,300.565,-21594.5,68.2025,0.389533
8835000,76,309.622,-21569.4,89.1802,0.401667
8850000,70,290.58,-21593.2,69.2734,0.39618
8865000,67,294.651,-21586.5,71.1615,0.394933
8880000,64,271.152,-21600.8,42.9906,0.391967
8895000,63,257.758,-21596.4,66.5964,0.378687
8910000,64,288.993,-21584.6,64.5814,0.3965
8925000,53,214.46,-21608.1,48.3612,0.388517
8940000,60,247.444,-21597.7,71.647,0.389033
8955000,64,285.536,-21610,77.976,0.3721
8970000,52,223.973,-21622.5,68.1917,0.382133
8985000,50,213.941,-21615.7,58.2912,0.373467
9000000,70,301.398,-21583.5,63.3137,0.37961
9015000,57,249.772,-21601.6,66.1399,0.384433
9030000,72,293.351,-21570.9,73.3323,0.394667
9045000,74,328.294,-21587.5,72.3643,0.394933
9060000,67,287.587,-21602.8,69.7273,0.3972
9075000,62,263.455,-21596.1,62.9246,0.387933
9090000,65,278.067,-21580.7,52.6817,0.3904
9105000,62,261.874,-21576.4,47.0095,0.375933
9120000,62,259.559,-21570.5,59.8594,0.394683
9135000,78,323.888,-21560.3,74.177,0.3944
9150000,51,210.536,-21594.7,68.2033,0.382827
9165000,62,258.904,-21566.3,49.9852,0.380267
9180000,77,324.372,-21572.7,84.0539,0.381
9195000,69,310.776,-21583.9,75.182,0.386133
9210000,54,242.692,-21591.1,55.2922,0.369017
9225000,60,259.07,-21600.5,54.0941,0.375867
9240000,63,273.666,-21609.1,60.1287,0.387867
9255000,60,248.462,-21601,62.6884,0.380167
9270000,78,331.544,-21601.3,69.7032,0.3973
9285000,73,306.7,-21602.2,96.7953,0.399067
9300000,63,281.197,-21611.9,71.9467,0.385867
9315000,54,226.437,-21590.4,52.6147,0.390467
9330000,65,286.29,-21595,60.4299,0.393633
9345000,59,262.863,-21607.5,60.2458,0.3693
9360000,74,328.17,-21622.7,68.5459,0.394506
9375000,63,287.246,-21615.3,74.1379,0.401733
9390000,59,255.069,-21608.7,54.0194,0.398667
9405000,72,318.03,-21609.2,84.6212,0.392833
9420000,72,304.573,-21594.4,69.5907,0.3953
9435000,69,288.392,-21606.9,66.9958,0.3964
9450000,60,252.881,-21580.8,56.2595,0.389625
9465000,53,215.512,-21588.3,53.3431,0.378556
9480000,73,318.236,-21563.1,58.2526,0.381567
9495000,58,243.881,-21601.2,39.7337,0.378067
9510000,67,291.467,-21601.7,51.5078,0.389467
9525000,55,237.518,-21592,57.1457,0.380567
9540000,76,341.706,-21592.6,72.916,0.3946
9555000,72,307.033,-21596.3,57.0093,0.3902
9570000,74,300.321,-21586,75.8349,0.396933
9585000,75,318.252,-21564.6,63.6157,0.4098
9600000,74,327.291,-21556.5,87.4024,0.398933
9615000,76,311.654,-21601.4,70.4388,0.386111
9630000,70,292.371,-21587,65.5545,0.391467
9645000,82,344.715,-21574.7,92.5371,0.399089
9660000,61,258.442,-21591.3,64.5788,0.3952
9675000,67,265.605,-21565.6,63.1993,0.391867
9690000,71,294.213,-21584,81.6522,0.394156
9705000,71,311.245,-21573.6,70.3232,0.3902
9720000,68,284.413,-21575.2,53.851,0.3972
9735000,66,298.5,-21560.1,58.4955,0.3886
9750000,65,281.396,-21580.1,67.3491,0.388733
9765000,67,266.355,-21554.6,52.8436,0.388971
9780000,70,313.119,-21608.2,67.997,0.393711
9795000,76,325.522,-21597.1,72.1394,0.404
9810000,75,312.234,-21568.9,87.6921,0.398489
9825000,61,260.131,-21573.4,54.7336,0.386613
9840000,66,282.976,-21591.8,72.0742,0.404133
9855000,70,306.65,-21551.4,65.8455,0.401267
9870000,66,274.233,-21562,49.0381,0.396667
9885000,88,361.155,-21558.5,70.9205,0.398133
9900000,71,306.569,-21580.5,83.2834,0.3959
9915000,69,305.584,-21556.8,68.4658,0.389367
9930000,64,261.801,-21550.1,66.9945,0.3752
9945000,61,263.233,-21600.9,48.0376,0.390356
9960000,65,281.986,-21581.2,62.2213,0.393217
9975000,69,292.598,-21601.1,55.4228,0.389267
9990000,72,311.662,-21564.3,73.3075,0.389583
10005000,66,283.419,-21565.8,70.5947,0.386333
10020000,78,337.863,-21589.7,89.1201,0.400533
10035000,69,308.196,-21575.4,70.4621,0.388089
10050000,76,315.028,-21575.3,73.0151,0.390422
10065000,68,309.331,-21624.1,65.4069,0.403033
10080000,70,308.476,-21569,74.4188,0.386333
10095000,63,272.198,-21603.9,62.7664,0.3894
10110000,73,308.603,-21562,68.5648,0.3942
10125000,68,292.224,-21563.1,71.479,0.3844
10140000,58,236.279,-21617.9,60.3976,0.398242
10155000,79,352.14,-21555.9,82.183,0.389733
10170000,80,330.883,-21541.4,78.9703,0.391467
10185000,71,304.18,-21550.7,86.1538,0.3902
10200000,68,299.488,-21594.6,73.2878,0.393867
10215000,60,263.181,-21573.4,56.6105,0.3799
10230000,75,315.646,-21571,57.7929,0.408567
10245000,50,210.846,-21593.3,38.7683,0.390687
10260000,58,246.699,-21592.4,54.0933,0.376533
10275000,67,286.754,-21564,70.0679,0.40135
10290000,59,245.849,-21576.2,62.3728,0.3936
10305000,47,201.438,-21605.1,36.2024,0.396507
10320000,61,258.31,-21588.3,62.4054,0.379933
10335000,55,230.574,-21562,56.1998,0.379293
10350000,63,267.879,-21572.8,82.9788,0.380933
10365000,70,287.95,-21578.9,65.3735,0.3992
10380000,72,304.749,-21572.7,85.7034,0.3972
10395000,57,245.546,-21585.2,51.2456,0.397133
10410000,59,255.568,-21621.2,56.1902,0.375543
10425000,60,259.053,-21593.1,61.3876,0.380781
10440000,60,250.916,-21577.1,80.1873,0.387711
10455000,61,270.743,-21566,62.561,0.387133
10470000,72,305.637,-21570.5,85.9789,0.389
10485000,75,338.71,-21597.5,54.6208,0.388427
10500000,72,306.794,-21564,59.9909,0.397633
10515000,79,352.703,-21548.4,64.7683,0.391467
10530000,79,336.236,-21575.3,84.0214,0.407378
10545000,56,240.26,-21568.3,44.4715,0.382442
10560000,80,354.715,-21585.2,84.6554,0.393378
10575000,58,268.675,-21593.5,47.0872,0.388767
10590000,60,272.789,-21593.9,69.2134,0.3852
10605000,63,248.119,-21596.4,57.9655,0.399267
10620000,69,303.954,-21579.2,68.1216,0.385033
10635000,70,298.911,-21586.9,53.9796,0.3891
10650000,62,273.616,-21575.2,69.9645,0.3738
10665000,72,298.659,-21567.1,64.4012,0.3842
10680000,69,303.163,-21570.9,73.4492,0.396133
10695000,66,269.819,-21565.9,70.6948,0.395427
10710000,59,249.24,-21579.4,66.7239,0.3872
10725000,58,250.709,-21574.8,61.682,0.377333
10740000,70,298.858,-21569.5,71.7328,0.377
10755000,70,296.439,-21572.6,66.0172,0.390067
10770000,69,293.927,-21556.9,64.6824,0.387294
10785000,79,349.756,-21555.3,56.4782,0.393667
10800000,77,329.839,-21589.6,91.222,0.396413
10815000,74,300.614,-21555.5,80.9669,0.388467
10830000,57,242.864,-21582.8,53.0183,0.378667
10845000,73,321.764,-21559.9,78.8739,0.39205
10860000,84,367.215,-21559.6,88.1683,0.402333
10875000,73,299.926,-21522.9,73.9661,0.385114
10890000,68,290.637,-21531.2,70.95,0.384067
10905000,60,260.119,-21567.8,57.2907,0.38984
10920000,58,243.619,-21548.3,56.8875,0.382267
10935000,80,333.175,-21544.8,68.9736,0.386822
10950000,91,403.7,-21550.2,107.165,0.408
10965000,98,438.01,-21524.2,112.933,0.413467
10980000,93,416.221,-21507.6,101.818,0.409133
10995000,87,373.892,-21525.3,92.6032,0.390733
11010000,75,308.167,-21541.6,75.2567,0.381133
11025000,60,255.633,-21549.6,62.3326,0.377333
11040000,70,285.539,-21560.3,71.7642,0.378867
11055000,60,249.908,-21590.9,63.0584,0.375052
11070000,74,324.543,-21566,54.1534,0.393467
11085000,67,276.426,-21594.7,66.7699,0.390933
11100000,67,284.835,-21553.3,58.8435,0.381978
11115000,67,295.726,-21552.5,58.6078,0.379733
11130000,77,337.925,-21557.1,78.3874,0.390367
11145000,73,326.117,-21552,77.2218,0.3976
11160000,69,315.257,-21543.8,67.2671,0.396933
11175000,73,316.387,-21569.5,63.0021,0.37735
11190000,82,339.05,-21547.7,76.8675,0.391233
11205000,74,311.849,-21551.6,93.6918,0.3963
11220000,75,320.669,-21564.7,59.8389,0.388867
11235000,59,251.602,-21578.2,50.4104,0.381513
11250000,62,262.932,-21587.5,71.2046,0.384267
11265000,77,334.434,-21541.8,74.9514,0.3912
11280000,64,256.415,-21589.1,48.8372,0.391583
11295000,73,326.722,-21569.9,51.1305,0.3862
11310000,56,235.261,-21559.7,47.7964,0.3808
11325000,79,323.56,-21571.5,79.502,0.3897
11340000,89,371.012,-21560.5,90.1391,0.379
11355000,71,291.485,-21536.6,69.3393,0.390933
11370000,61,256.67,-21615.5,65.0385,0.386728
11385000,85,361.111,-21551.7,86.8895,0.389333
11400000,55,226.753,-21575.5,55.2159,0.38732
11415000,68,287.559,-21587,69.1945,0.385867
11430000,68,309.003,-21591.5,83.6841,0.387533
11445000,56,243.261,-21566.6,52.8202,0.39145
11460000,60,254.75,-21576.8,71.4304,0.381667
11475000,64,286.265,-21600.3,56.8275,0.385033
11490000,62,264.638,-21561.1,52.6343,0.376333
11505000,76,332.335,-21569.3,72.8134,0.385867
11520000,75,336.088,-21615.4,84.649,0.392544
11535000,67,289.194,-21584.3,70.6204,0.388213
11550000,68,290.641,-21569.8,62.1349,0.381511
11565000,67,293.57,-21582.6,73.9693,0.391267
11580000,55,232.538,-21581.5,49.3912,0.378822
11595000,77,324.545,-21583.6,80.5758,0.384
11610000,70,288.016,-21573.2,58.718,0.407333
11625000,73,328.125,-21572.3,68.776,0.399667
11640000,94,386.378,-21595.9,85.312,0.399667
11655000,94,395.808,-21541,96.6179,0.407667
11670000,75,305.652,-21562.1,93.5105,0.39259
11685000,78,338.878,-21597,65.9535,0.394267
11700000,73,321.759,-21571.5,75.422,0.405089
11715000,61,255.706,-21565.6,56.6119,0.390933
11730000,55,236.851,-21586.7,55.1684,0.3598
11745000,64,272.466,-21587.6,71.9711,0.37695
11760000,68,300.09,-21601.4,55.1493,0.388867
11775000,66,265.214,-21588.7,70.6554,0.389373
11790000,58,235.928,-21594.5,57.3616,0.387267
11805000,70,280.22,-21557.3,71.2228,0.3868
11820000,67,275.874,-21561.1,56.6576,0.4004
11835000,53,235.963,-21603.5,52.5696,0.388467
11850000,66,292.575,-21590.7,67.8341,0.3878
11865000,59,257.19,-21596.6,64.9842,0.379867
11880000,68,283.389,-21579.6,58.4677,0.399322
11895000,59,257.114,-21578.5,74.7206,0.373067
11910000,74,308.162,-21546.3,72.3105,0.3778
11925000,80,357.714,-21563.3,62.2769,0.3906
11940000,83,356.884,-21559.6,78.8147,0.389933
11955000,84,370.07,-21545.4,77.2367,0.3962
11970000,68,286.907,-21554.6,72.418,0.3866
11985000,63,277.384,-21579.6,63.9528,0.390133
12000000,76,333.374,-21568.2,70.4423,0.388483
12015000,64,289.821,-21561.8,60.5621,0.385633
12030000,79,366.512,-21570.2,65.4154,0.38998
12045000,62,254.825,-21588.1,65.0396,0.388867
12060000,64,290.003,-21575.6,63.4316,0.400533
12075000,72,305.173,-21564,82.9049,0.396533
12090000,73,299.261,-21575.4,70.9956,0.395911
12105000,73,311.978,-21598.7,73.2799,0.3988
12120000,69,284.075,-21579.9,65.6268,0.401444
12135000,60,245.017,-21597.2,54.6681,0.38285
12150000,67,284.492,-21579.9,67.7481,0.388933
12165000,67,288.312,-21587.5,65.0344,0.382733
12180000,78,344.353,-21567.9,63.5309,0.386633
12195000,68,284.798,-21551.2,77.2247,0.393667
12210000,80,333.12,-21560,75.914,0.403111
12225000,75,321.799,-21547.3,58.2446,0.3936
12240000,70,301.327,-21538.7,80.2311,0.383467
12255000,56,257.692,-21594.1,59.3706,0.377525
12270000,78,334.934,-21535,72.1776,0.393433
12285000,74,305.867,-21560,71.7356,0.3801
12300000,62,264.232,-21558.1,59.8461,0.390411
12315000,56,238.227,-21578.2,56.935,0.384467
12330000,69,286.434,-21581.4,64.7109,0.387983
12345000,65,302.079,-21568.6,63.2545,0.391067
12360000,69,306.744,-21587.9,55.1678,0.3916
12375000,65,294.399,-21565.9,61.9105,0.403333
12390000,69,299.719,-21563.4,60.3366,0.379733
12405000,59,243.31,-21558.2,55.6411,0.371267
12420000,46,183.004,-21601,43.4545,0.380126
12435000,61,262.208,-21577.6,59.539,0.388358
12450000,56,245.13,-21620.5,58.0772,0.366567
12465000,63,250.232,-21567.4,56.6207,0.384033
12480000,62,269.77,-21608.8,55.3581,0.3921
12495000,53,219.366,-21596.4,72.3395,0.381333
12510000,81,335.834,-21562,86.1449,0.383057
12525000,62,251.306,-21593.1,66.5748,0.397333
12540000,76,324.974,-21585.3,72.5436,0.404733
12555000,55,249.25,-21577.3,58.1716,0.378867
12570000,73,312.967,-21570.7,85.2074,0.387367
12585000,68,290.605,-21584.2,70.6963,0.385967
12600000,56,241.076,-21576.4,53.9031,0.387867
12615000,80,336.437,-21580.2,82.7528,0.398333
12630000,63,262.383,-21562.1,60.4075,0.4044
12645000,69,295.305,-21570.5,85.7287,0.393533
12660000,70,298.478,-21577.3,61.6047,0.391897
12675000,73,315.399,-21549.9,81.4697,0.386267
12690000,76,341.452,-21581.5,61.0005,0.3963
12705000,71,306.235,-21576.3,67.905,0.409133
12720000,68,293.826,-21566.6,84.7382,0.388876
12735000,69,307.23,-21556.2,71.5999,0.388
12750000,74,309.054,-21546.3,82.8935,0.378667
12765000,56,222.003,-21570.3,56.1081,0.388367
12780000,74,294.481,-21553.1,66.2171,0.377567
12795000,84,362.684,-21644.1,75.388,0.394767
12810000,81,351.782,-21555.5,71.1869,0.408967
12825000,71,302.067,-21570.9,78.565,0.409667
12840000,60,248.208,-21568.3,60.27,0.388773
12855000,59,229.736,-21563.6,64.8282,0.385033
12870000,65,280.757,-21568.2,58.8579,0.3804
12885000,59,250.407,-21581.9,60.4137,0.375978
12900000,70,295.256,-21571,63.1144,0.392867
12915000,59,248.299,-21577,55.4682,0.378778
12930000,64,268.88,-21588.9,80.6923,0.3914
12945000,83,349.262,-21548.1,85.6748,0.399089
12960000,72,304.454,-21580.9,70.976,0.399267
12975000,61,267.468,-21589.3,69.8716,0.383467
12990000,79,306.301,-21550.4,66.0899,0.4002
13005000,80,342.351,-21577.2,79.3191,0.400733
13020000,61,258.652,-21593.3,65.0837,0.388422
13035000,53,216.147,-21574.8,38.6228,0.3866
13050000,68,275.847,-21571.9,78.997,0.385
13065000,65,266.018,-21578.1,54.4907,0.387378
13080000,70,310.246,-21586.2,55.5314,0.391233
13095000,65,284.93,-21571.1,68.7531,0.385767
13110000,65,278.146,-21598.5,68.516,0.391092
13125000,64,274.519,-21543.2,74.4084,0.388367
13140000,70,290.384,-21568.5,69.3624,0.388183
13155000,59,262.266,-21640.3,69.3394,0.387489
13170000,72,295.302,-21570.4,70.674,0.388133
13185000,72,317.578,-21557.1,67.4937,0.388667
13200000,81,338.897,-21566.8,76.091,0.39675
13215000,75,322.393,-21572,57.4031,0.392367
13230000,74,303.586,-21556.5,69.3789,0.400733
13245000,77,327.299,-21567.2,91.7545,0.3942
13260000,70,302.615,-21568.3,67.7351,0.401833
13275000,69,298.718,-21574.5,74.8798,0.397467
13290000,74,307.884,-21587.8,73.1791,0.403533
13305000,63,263.339,-21588.9,53.0429,0.395733
13320000,58,237.709,-21565.2,61.2816,0.388833
13335000,78,336.899,-21553.8,73.9318,0.392067
13350000,86,384.555,-21550.7,92.4851,0.398
13365000,94,394.623,-21540.7,95.7819,0.4196
13380000,97,406.219,-21537.5,92.6882,0.414333
13395000,88,384.824,-21533.3,90.8046,0.406533
13410000,59,236.587,-21573.2,54.3223,0.388781
13425000,74,315.426,-21516.6,80.5237,0.385867
13440000,79,338.133,-21529.7,89.854,0.387933
13455000,84,364.555,-21546.1,85.6554,0.385467
13470000,79,330.295,-21533.8,78.5907,0.378933
13485000,68,284.222,-21578.7,71.1255,0.3901
13500000,69,281.032,-21578,72.5637,0.392167
13515000,75,325.015,-21551.8,66.5838,0.387476
13530000,70,295.053,-21581,77.3448,0.3843
13545000,81,351.181,-21556.6,62.5422,0.389433
13560000,80,357.134,-21543.5,72.8474,0.402733
13575000,70,287.845,-21594.2,61.7358,0.396567
13590000,71,314.459,-21571.1,75.7552,0.3923
13605000,78,339.271,-21564.8,76.5298,0.403733
13620000,73,315.007,-21566.6,73.106,0.3822
13635000,80,333.261,-21537.7,85.1924,0.388619
13650000,76,325.659,-21566.6,56.8759,0.386233
13665000,89,383.431,-21558.2,98.7783,0.386933
13680000,75,313.123,-21564.3,67.6294,0.391567
13695000,75,339.626,-21551.8,81.3193,0.394267
13710000,54,218.942,-21594.9,54.5567,0.378341
13725000,72,306.146,-21554.3,70.3252,0.3841
13740000,71,310.104,-21574.7,65.8892,0.386033
13755000,66,276.733,-21561.3,71.6992,0.382733
13770000,69,277.295,-21586.5,72.0862,0.392
13785000,57,244.994,-21573.9,62.2284,0.383333
13800000,65,277.818,-21568.9,55.4479,0.381667
13815000,67,286.899,-21565.5,80.3283,0.373533
13830000,76,301.87,-21574.9,63.7213,0.3833
13845000,63,281.258,-21575.8,74.5313,0.3948
13860000,80,343.393,-21586,73.9027,0.390717
13875000,91,405.011,-21552.7,104.775,0.390644
13890000,87,372.793,-21551.5,81.9338,0.397867
13905000,78,341.054,-21548.3,85.4232,0.388933
13920000,60,253.089,-21595,66.7728,0.379617
13935000,81,339.592,-21573.5,78.6535,0.401167
13950000,50,210.69,-21607.9,47.7032,0.387267
13965000,72,320.276,-21562,82.692,0.400933
13980000,85,364.715,-21557,91.7865,0.391867
13995000,75,320.446,-21543.5,81.0037,0.384933
14010000,77,320.925,-21545.5,86.6916,0.398933
14025000,82,356.548,-21552.2,83.1274,0.399667
14040000,73,308.441,-21561.5,66.6812,0.3996
14055000,49,188.948,-21576.2,40.5657,0.383762
14070000,66,271.707,-21542.6,52.7656,0.3761
14085000,67,287.955,-21576.6,71.0471,0.381167
14100000,77,324.604,-21574.3,67.253,0.3897
14115000,73,320.653,-21555.5,57.8881,0.397667
14130000,86,369.419,-21558.7,93.4788,0.411733
14145000,84,355.011,-21602,77.9555,0.410867
14160000,88,373.391,-21592.1,83.8073,0.4154
14175000,66,287.228,-21594,50.1305,0.391056
14190000,73,297.777,-21582.1,73.5518,0.397533
14205000,72,313.342,-21593.6,63.4746,0.394533
14220000,69,302.819,-21575.9,70.2351,0.404667
14235000,67,293.94,-21610.8,64.5707,0.386533
14250000,81,326.507,-21591.4,100.253,0.401067
14265000,74,305.513,-21571.5,71.7779,0.404467
14280000,71,294.746,-21577.8,80.038,0.3922
14295000,78,338.481,-21587.4,65.2408,0.39305
14310000,71,283.624,-21577.2,67.7389,0.396
14325000,63,262.751,-21590.2,63.4427,0.39075
14340000,70,305.397,-21581.6,60.7978,0.389833
14355000,54,228.99,-21614,44.9526,0.397
14370000,69,281.861,-21624.9,67.976,0.402067
14385000,61,246.19,-21618.8,64.3617,0.402467
14400000,59,254.478,-21597.3,75.3557,0.3931
14415000,55,244.243,-21588.1,50.8588,0.384933
14430000,52,216.85,-21630.3,45.1623,0.3912
14445000,44,187.065,-21631.4,47.0858,0.385667
14460000,41,162.496,-21608,35.8585,0.377133
14475000,47,201.08,-21625.5,46.5031,0.394367
14490000,60,252.684,-21623.1,69.9011,0.381733
14505000,65,292.267,-21621.8,79.0034,0.388867
14520000,50,208.089,-21605.1,52.195,0.405733
14535000,46,184.87,-21608.3,50.2862,0.364667
14550000,45,191.03,-21628.5,43.9307,0.386817
14565000,44,198.242,-21617,42.8244,0.378619
14580000,52,219.069,-21614.8,53.3703,0.367778
14595000,67,293.404,-21588.9,73.8133,0.395333
14610000,73,328.249,-21581.1,64.5802,0.386689
14625000,71,295.368,-21607.9,69.9813,0.395187
14640000,66,244.065,-21600.6,61.2778,0.392467
14655000,58,248.408,-21586.8,59.2831,0.392911
14670000,71,305.22,-21591.5,79.0074,0.396933
14685000,57,231.156,-21582.6,74.2989,0.391867
14700000,65,283.721,-21592.6,51.0022,0.402433
14715000,67,285.076,-21573.7,68.1192,0.3838
14730000,67,283.072,-21569.3,71.7561,0.405867
14745000,60,250.595,-21585.9,57.4108,0.389907
14760000,63,262.358,-21560.5,71.6531,0.3929
14775000,70,271.478,-21572.8,65.4505,0.386933
14790000,65,255.859,-21580.1,66.1891,0.400867
14805000,58,248.557,-21609.9,53.6612,0.3901
14820000,69,287.699,-21571.7,72.3769,0.3899
14835000,57,253.038,-21604.1,60.6999,0.375467
14850000,64,257.346,-21561.7,64.8709,0.382867
14865000,64,269.563,-21575.2,50.653,0.392933
14880000,55,225.805,-21565.9,52.3702,0.375667
14895000,51,223.781,-21635.4,53.1026,0.391067
14910000,67,285.962,-21594.3,58.6349,0.3736
14925000,69,303.7,-21586.3,65.3948,0.393
14940000,70,285.997,-21595,61.715,0.3998
14955000,66,273.726,-21583.5,58.3151,0.406133
14970000,63,258.758,-21595.1,60.3964,0.381044
14985000,64,267.729,-21582.4,59.6004,0.389667
15000000,59,247.851,-21593.3,61.049,0.384267
15015000,55,225.738,-21598.9,55.8731,0.387933
15030000,60,265.411,-21594.8,80.7921,0.3696
15045000,41,168.637,-21613.2,51.4357,0.381689
15060000,46,183.778,-21587.7,56.0718,0.373017
15075000,61,280.32,-21598.6,59.1083,0.371733
15090000,59,236.731,-21591,56.65,0.389867
15105000,57,240.335,-21607.3,68.7797,0.383987
15120000,57,227.331,-21625.3,50.819,0.394667
15135000,65,292.843,-21614.3,68.5095,0.391044
15150000,44,172.983,-21593.3,42.3017,0.38421
15165000,64,244.085,-21586.1,55.0213,0.372533
15180000,51,213.614,-21584.5,57.1133,0.373689
15195000,65,297.647,-21588,62.7573,0.387733
15210000,58,249.911,-21602.5,62.9781,0.3886
15225000,59,242.825,-21580.7,66.3263,0.405133
15240000,62,275.312,-21567.3,64.5579,0.386
15255000,71,301.326,-21563.9,73.1349,0.391
15270000,63,269.784,-21576.2,61.2795,0.388817
15285000,66,279.754,-21575.8,64.648,0.3899
15300000,72,320.029,-21573,78.3282,0.385067
15315000,81,362.607,-21553.9,70.5953,0.395711
15330000,72,298.853,-21576.4,77.6864,0.393733
15345000,77,346.204,-21583.8,68.5352,0.407333
15360000,64,266.783,-21594.7,64.1674,0.394282
15375000,60,255.368,-21571.2,63.8389,0.381067
15390000,63,269.621,-21582.3,62.6452,0.393867
15405000,80,330.811,-21573.6,90.4306,0.403133
15420000,73,322.711,-21562,63.8044,0.396248
15435000,59,247.202,-21620.7,63.3741,0.399413
15450000,75,327.085,-21560.5,91.054,0.387867
15465000,80,342.761,-21567.1,77.2394,0.3992
15480000,91,396.332,-21568.2,95.6958,0.404133
15495000,81,335.652,-21569.4,80.0368,0.3978
15510000,81,350.389,-21557.2,85.4112,0.4006
15525000,74,330.611,-21599.4,82.0691,0.393492
15540000,77,329.981,-21582.9,93.6358,0.402533
15555000,72,320.377,-21609.8,69.2975,0.382792
15570000,72,325.316,-21602.4,94.7438,0.404467
15585000,72,307.571,-21569.6,60.0543,0.402933
15600000,67,294.78,-21579.6,63.2771,0.389578
15615000,58,237.969,-21604,56.8956,0.390778
15630000,52,207.738,-21584.2,65.2505,0.397067
15645000,47,212.465,-21597.9,42.0169,0.3784
15660000,53,220.213,-21588.1,57.9458,0.372867
15675000,46,197.819,-21606.2,45.2306,0.367133
15690000,56,246.052,-21643.7,71.0394,0.3762
15705000,53,231.189,-21599.2,63.191,0.377562
15720000,50,225.804,-21613.4,52.6,0.369333
15735000,51,215.371,-21595.1,60.0756,0.36815
15750000,51,227.529,-21609.9,44.7056,0.376833
15765000,62,268.834,-21608.9,60.5059,0.3736
15780000,53,234.947,-21596.7,45.6491,0.377733
15795000,55,217.919,-21593.7,43.2504,0.372467
15810000,50,232.31,-21602.5,47.9842,0.377811
15825000,55,235.975,-21593.3,70.6704,0.374067
15840000,54,253.115,-21595.5,53.0515,0.3717
15855000,59,260.205,-21599.9,59.408,0.382222
15870000,62,265.038,-21569.8,54.9021,0.379567
15885000,54,228.761,-21594.9,59.7259,0.383667
15900000,59,242.186,-21597.2,56.5596,0.380867
15915000,63,272.62,-21583.4,60.3976,0.383333
15930000,57,248.32,-21635.9,53.4311,0.383219
15945000,58,253.727,-21595.3,66.2241,0.387233
15960000,51,205.113,-21614.4,59.671,0.374667
15975000,56,239.201,-21599.7,65.8165,0.363267
15990000,52,233.638,-21622.4,42.8004,0.378667
16005000,53,223.595,-21622.3,50.9723,0.380533
16020000,40,167.527,-21610.6,42.8725,0.375967
16035000,48,211.547,-21617.2,47.0023,0.364667
16050000,59,265.41,-21601.9,60.6928,0.379133
16065000,57,254.081,-21601.9,52.4703,0.395067
16080000,55,236.525,-21592.5,49.6996,0.376933
16095000,62,265.714,-21616.5,61.493,0.381328
16110000,44,184.512,-21620.2,45.8035,0.378
16125000,52,237.178,-21628.3,40.3126,0.3786
16140000,51,211.162,-21604,44.3114,0.379233
16155000,58,244.861,-21589,60.5754,0.372067
16170000,61,256.711,-21613.3,65.1754,0.38845
16185000,55,225.263,-21589.2,60.2065,0.3889
16200000,60,272.347,-21612.9,47.7122,0.397
16215000,70,299.951,-21578,73.2207,0.4048
16230000,56,241.981,-21571.7,70.9705,0.376911
16245000,63,271.772,-21578.8,63.2414,0.389067
16260000,74,307.773,-21590.3,86.1492,0.402533
16275000,45,184.628,-21628.2,57.66,0.37856
16290000,53,229.555,-21610.3,50.8999,0.377033
16305000,54,231.968,-21598,57.8782,0.361133
16320000,40,166.294,-21646.9,43.9657,0.369156
16335000,59,251.652,-21629.6,65.4655,0.391383
16350000,59,254.884,-21582.2,53.9281,0.377167
16365000,60,252.372,-21593.8,44.2044,0.392667
16380000,54,227.871,-21637.2,55.5879,0.394
16395000,70,306.199,-21597.1,76.7865,0.379711
16410000,69,304.14,-21629.7,78.6677,0.397633
16425000,63,277.534,-21566.6,62.2515,0.4039
16440000,57,249.282,-21580.7,48.3732,0.384533
16455000,56,246.757,-21572.4,42.215,0.388189
16470000,62,252.633,-21582.1,59.1987,0.375333
16485000,58,240.926,-21625.5,74.0202,0.39
16500000,62,264.821,-21586.4,64.1529,0.382333
16515000,72,295.595,-21568.1,75.6185,0.397422
16530000,67,282.77,-21553.4,72.345,0.3772
16545000,69,294.113,-21553.1,82.7839,0.387667
16560000,73,315.976,-21549.7,67.1563,0.3948
16575000,60,244.466,-21641.1,51.7719,0.374433
16590000,75,318.768,-21565.9,66.0391,0.401433
16605000,85,356.615,-21576,88.8545,0.3972
16620000,55,244.256,-21588,39.0504,0.372408
16635000,62,257.723,-21581.7,35.7474,0.3896
16650000,60,252.297,-21570.3,70.8307,0.3698
16665000,50,196.226,-21570.5,46.9004,0.366267
16680000,44,180.059,-21645,44.5535,0.384438
16695000,72,301.762,-21565.5,89.8968,0.379733
16710000,61,261.11,-21576.8,48.8344,0.387333
16725000,68,282.018,-21572.1,58.814,0.364495
16740000,59,247.6,-21569,66.5538,0.383267
16755000,58,246.324,-21573,62.9786,0.378933
16770000,63,261.048,-21581.4,60.6441,0.38865
16785000,58,256.864,-21589.7,52.7117,0.379467
16800000,59,216.559,-21604.7,64.9424,0.3863
16815000,66,306.763,-21580.7,58.029,0.3839
16830000,63,271.783,-21564.8,56.693,0.3856
16845000,59,260.45,-21626.4,52.4444,0.385921
16860000,58,250.421,-21596.2,50.3068,0.389317
16875000,81,359.847,-21570.9,70.9488,0.381667
16890000,74,316.905,-21643.7,78.5222,0.409578
16905000,72,321.403,-21592.3,93.6131,0.400667
16920000,64,276.673,-21614.2,59.8988,0.4117
16935000,75,323.159,-21603.1,82.6114,0.406933
16950000,58,259.117,-21572.3,58.8417,0.381778
16965000,62,267.476,-21581.4,78.9444,0.390714
16980000,74,318.559,-21587.1,64.8284,0.397689
16995000,62,266.767,-21571.7,72.1469,0.375956
17010000,72,317.768,-21574.5,90.3564,0.3726
17025000,60,262.33,-21567.6,61.5761,0.384733
17040000,80,351.746,-21567.3,77.6242,0.402417
17055000,62,247.833,-21560,54.7037,0.382844
17070000,71,313.809,-21578.1,68.9869,0.395733
17085000,73,318.227,-21576.9,69.8338,0.398133
17100000,88,379.357,-21567.8,81.9041,0.408667
17115000,77,337.168,-21574.1,72.7622,0.410267
17130000,73,310.108,-21569.4,75.3626,0.401067
17145000,81,364.741,-21580.7,78.3038,0.4048
17160000,94,400.229,-21563.7,106.184,0.412733
17175000,90,383.036,-21583.7,80.5705,0.4208
17190000,79,326.335,-21567.5,94.4282,0.410267
17205000,63,257.869,-21570.9,53.4673,0.388683
17220000,70,310.782,-21549.1,68.7658,0.390867
17235000,56,241.648,-21595.4,58.3664,0.391133
17250000,69,285.674,-21594.6,71.0233,0.3813
17265000,58,258.77,-21597,52.5838,0.391133
17280000,69,284.857,-21600.4,59.7819,0.385133
17295000,72,310.105,-21590.6,70.4916,0.380163
17310000,60,242.445,-21596.3,64.4667,0.4044
17325000,76,323.472,-21610.7,71.6437,0.4008
17340000,50,199.055,-21591.1,45.8467,0.386133
17355000,62,260.128,-21572.6,54.4645,0.389838
17370000,56,254.209,-21599.9,65.995,0.396644
17385000,62,267.638,-21588.1,57.0296,0.380022
17400000,69,285.908,-21567.6,69.888,0.3842
17415000,59,261.91,-21606.1,49.6598,0.384622
17430000,67,286.966,-21549.7,53.7481,0.4045
17445000,66,277.596,-21572.6,56.4585,0.394333
17460000,59,241.322,-21574.4,54.2252,0.382444
17475000,66,267.715,-21565,70.9115,0.378767
17490000,52,218.021,-21612.7,65.0865,0.380767
17505000,69,300.976,-21564.7,72.5008,0.381833
17520000,69,275.941,-21566.9,78.8327,0.391333
17535000,47,182.182,-21611.2,42.8305,0.366913
17550000,57,245.917,-21612.3,56.0043,0.3775
17565000,60,246.316,-21587.9,72.2799,0.379222
17580000,64,271.593,-21571.4,50.3887,0.3886
17595000,63,251.489,-21590.6,56.517,0.375183
17610000,75,319.867,-21579.1,83.3962,0.395367
17625000,64,270.369,-21598.1,65.8043,0.3835
17640000,62,250.078,-21579,76.4443,0.389333
17655000,67,310.691,-21593,66.0223,0.392067
17670000,63,266.505,-21577.4,48.4011,0.3942
17685000,64,273.63,-21573.4,61.7364,0.400733
17700000,63,286.124,-21583.3,86.1132,0.380933
17715000,60,251.724,-21587.1,61.245,0.387685
17730000,65,296.018,-21600.6,69.8091,0.405667
17745000,60,265.455,-21562.7,56.7005,0.37761
17760000,80,353.25,-21582.4,87.9349,0.3881
17775000,66,281.179,-21589.8,76.1294,0.393967
17790000,61,267.709,-21600,54.1572,0.390467
17805000,64,271.62,-21563.7,73.4531,0.392267
17820000,72,294.199,-21579.3,62.2014,0.3908
17835000,63,277.627,-21588.3,57.2975,0.385333
17850000,60,249.492,-21604.9,43.22,0.380958
17865000,69,286.076,-21574.5,68.6431,0.385467
17880000,73,324.495,-21566.1,62.4386,0.396067
17895000,90,386.584,-21567.4,88.8751,0.406933
17910000,89,369.346,-21571.2,82.0144,0.4046
17925000,63,264.169,-21575.4,72.74,0.387956
17940000,71,311.667,-21599.2,76.9196,0.393144
17955000,71,293.346,-21565,59.1824,0.393489
17970000,64,253.159,-21562.3,79.9664,0.3858
17985000,72,314.295,-21569.4,79.6763,0.382333
18000000,60,262.42,-21601.9,54.4711,0.375733
18015000,71,316.862,-21551.9,65.7691,0.382233
18030000,78,343.34,-21567.4,83.9866,0.402867
18045000,66,265.071,-21564,76.0915,0.4038
18060000,80,366.573,-21577.8,73.2462,0.402333
18075000,74,304.915,-21571.2,73.4884,0.404867
18090000,79,346.838,-21582.6,81.9603,0.405467
18105000,74,316.686,-21587.5,70.7022,0.404333
18120000,62,254.456,-21579.3,56.2212,0.4086
18135000,52,222.858,-21617,60.5845,0.379385
18150000,67,302.378,-21591.7,52.08,0.3932
18165000,62,255.534,-21568.9,65.4926,0.392067
18180000,81,349.228,-21557.1,88.898,0.398667
18195000,65,285.268,-21602.2,72.7528,0.388357
18210000,54,234.376,-21591.2,48.8483,0.396467
18225000,55,221.14,-21574.6,50.0812,0.395367
18240000,69,295.985,-21594.5,62.0582,0.402467
18255000,69,319.292,-21596,73.1992,0.391844
18270000,80,341.924,-21579.8,82.158,0.4066
18285000,69,298.786,-21562.7,66.0683,0.397733
18300000,71,309.381,-21560.4,55.2069,0.409733
18315000,71,297.053,-21575.6,76.4433,0.3966
18330000,72,309.493,-21559.5,72.548,0.4014
18345000,75,329.621,-21554.2,63.7745,0.3954
18360000,60,260.544,-21552.3,51.571,0.390333
18375000,43,188.496,-21621.2,45.9029,0.381367
18390000,53,229.246,-21602.5,56.0969,0.388067
18405000,74,318.624,-21578.8,79.0243,0.3892
18420000,87,367.319,-21593.2,85.036,0.4118
18435000,73,321.258,-21600.3,88.4576,0.412133
18450000,50,218.803,-21603.6,60.5055,0.370893
18465000,56,237.494,-21622.6,50.3148,0.373133
18480000,51,210.017,-21591.1,35.6606,0.381489
18495000,65,281.866,-21609.8,64.9162,0.3938
18510000,51,223.647,-21621.2,44.2011,0.368156
18525000,60,262.033,-21581.8,49.4363,0.3931
18540000,57,239.962,-21573.8,58.837,0.370933
18555000,51,212.151,-21609.9,49.5562,0.381711
18570000,68,281.909,-21573.8,79.53,0.3854
18585000,73,302.526,-21579.3,63.9697,0.393467
18600000,76,324.367,-21583.1,68.6815,0.395133
18615000,69,293.422,-21587.9,63.5408,0.388206
18630000,47,218.06,-21625,55.5893,0.380467
18645000,62,267.301,-21604.3,62.0803,0.394667
18660000,49,207.216,-21606.7,55.8826,0.378267
18675000,59,252.525,-21612.4,62.2376,0.383933
18690000,65,283.867,-21601.6,61.3586,0.393267
18705000,60,273.28,-21597.5,55.2183,0.378222
18720000,65,281.948,-21581.9,73.1231,0.3867
18735000,79,320.577,-21564.7,80.1358,0.396267
18750000,76,310.543,-21579.9,79.3396,0.3992
18765000,67,285.908,-21576.8,68.5806,0.390289
18780000,65,284.061,-21595.9,64.6855,0.3898
18795000,58,259.403,-21605.5,57.7328,0.400333
18810000,52,239.204,-21593,50.7526,0.3834
18825000,68,287.598,-21626,56.3531,0.392733
18840000,53,228.409,-21627.8,47.9964,0.384538
18855000,54,236.999,-21612.6,57.3094,0.381
18870000,54,237.9,-21609.5,51.0389,0.391278
18885000,59,248.734,-21601.3,57.206,0.380133
18900000,56,234.306,-21603.7,58.7135,0.395533
18915000,60,246.727,-21594.4,58.625,0.389383
18930000,58,260.428,-21628.3,62.5779,0.382789
18945000,65,290.316,-21606.2,66.9383,0.392467
18960000,59,251.396,-21577.9,68.2999,0.394356
18975000,53,218.436,-21602.6,56.6486,0.379867
18990000,62,260.082,-21611.3,58.2025,0.400733
19005000,57,235.172,-21580.8,51.7837,0.380867
19020000,72,292.758,-21579.9,74.9824,0.3854
19035000,60,258.505,-21586.3,51.7823,0.389133
19050000,60,278.869,-21603.5,62.9394,0.377883
19065000,70,287.569,-21570.2,61.7048,0.383933
19080000,64,267.138,-21570.4,51.627,0.387722
19095000,65,281.933,-21575.5,66.8239,0.3977
19110000,70,290.044,-21559.8,67.4727,0.382967
19125000,65,281.375,-21575.6,55.5664,0.389
19140000,52,202.758,-21567.5,62.7415,0.376889
19155000,58,248.841,-21580.8,54.1524,0.3764
19170000,63,275.662,-21572.3,58.1167,0.378911
19185000,56,234.472,-21543.5,52.6671,0.382
19200000,69,283.42,-21566.8,61.6414,0.382378
19215000,75,333.985,-21567.9,97.0363,0.3966
19230000,59,252.529,-21586,63.5134,0.377739
19245000,73,309.07,-21540.8,61.3481,0.4037
19260000,68,275.205,-21557.5,53.7445,0.392933
19275000,52,214.105,-21608,41.3067,0.395933
19290000,63,277.252,-21581,60.3359,0.3946
19305000,71,290.563,-21567.8,68.4064,0.4088
19320000,90,406.79,-21570.6,77.9592,0.416267
19335000,76,321.309,-21555.3,97.894,0.425867
19350000,80,338.215,-21558.3,74.4643,0.405467
19365000,70,279.461,-21565.2,85.5162,0.399533
19380000,77,341.485,-21573.2,78.9552,0.4032
19395000,69,283.355,-21535.3,81.5044,0.399667
19410000,77,343.766,-21555.7,79.7715,0.4022
19425000,61,287.447,-21584.8,65.651,0.389867
19440000,78,332.464,-21560.5,57.4287,0.404967
19455000,82,353.966,-21569.6,85.2961,0.388
19470000,77,352.764,-21546.2,70.8397,0.409
19485000,72,285.479,-21586.3,65.3553,0.401033
19500000,52,231.986,-21586.6,62.1332,0.39056
19515000,67,281.522,-21596.2,70.182,0.3958
19530000,68,298.795,-21565.7,62.7441,0.394467
19545000,49,215.604,-21603.9,38.6204,0.373622
19560000,90,374.112,-21573.3,86.0094,0.389267
19575000,78,325.522,-21566.6,87.8662,0.397467
19590000,70,297.673,-21551.7,70.6095,0.3944
19605000,76,323.359,-21566.4,81.4357,0.3882
19620000,61,253.63,-21621.5,67.1366,0.385627
19635000,66,276.128,-21574.7,67.9488,0.388867
19650000,76,321.978,-21571.9,75.9639,0.382667
19665000,68,289.93,-21556.2,68.8731,0.3938
19680000,78,338.697,-21568,61.0294,0.3908
19695000,83,353.908,-21559.9,57.5739,0.4064
19710000,79,330.08,-21553.1,76.8904,0.4024
19725000,104,424.308,-21561.1,91.1812,0.411667
19740000,93,389.213,-21529.2,85.3799,0.412333
19755000,83,360.086,-21524,111.708,0.397267
19770000,83,360.921,-21522.8,75.6217,0.395333
19785000,92,398.669,-21559.9,92.907,0.408467
19800000,62,279.179,-21619.5,60.3859,0.399112
19815000,88,359.507,-21558.9,96.703,0.4164
19830000,86,358.51,-21550.5,117.248,0.4094
19845000,76,323.3,-21604.3,67.1291,0.403467
19860000,74,326.8,-21594.7,87.5454,0.391496
19875000,97,413.629,-21567.5,82.2916,0.405133
19890000,76,343.64,-21592.1,81.819,0.4099
19905000,67,293.999,-21552.7,54.0747,0.4059
19920000,60,254.721,-21602.6,58.7256,0.3902
19935000,62,243.974,-21571.9,59.4523,0.392
19950000,78,328.33,-21583.2,79.23,0.3846
19965000,64,284.828,-21608.7,72.6858,0.385578
19980000,74,322.571,-21563,68.6263,0.38208
19995000,67,297.841,-21575.5,56.8153,0.392778
20010000,59,252.008,-21600,52.7475,0.392
20025000,70,298.438,-21595.1,62.2939,0.390867
20040000,81,349.35,-21567,99.0376,0.38685
20055000,71,305.455,-21575.2,80.6352,0.391133
20070000,81,361.348,-21566.1,89.4568,0.3868
20085000,81,342.049,-21558.2,89.6801,0.396333
20100000,70,303.975,-21605,64.6433,0.39117
20115000,53,212.577,-21586.7,47.415,0.392267
20130000,69,295.556,-21571.2,69.1369,0.391244
20145000,75,330.704,-21557.6,59.0785,0.395
20160000,64,275.053,-21593.8,62.5889,0.378844
20175000,65,259.709,-21612,65.7595,0.3806
20190000,50,218.983,-21612.8,65.0211,0.395067
20205000,53,239.489,-21608.9,57.8644,0.369067
20220000,63,268.294,-21609.9,51.8894,0.380338
20235000,63,274.254,-21582.7,67.3811,0.3926
20250000,60,261.388,-21618.4,74.4167,0.386111
20265000,65,276.125,-21581.1,62.7821,0.398967
20280000,60,256.852,-21546.8,50.3562,0.391215
20295000,67,296.43,-21578.3,72.0571,0.394689
20310000,66,277.197,-21587.3,77.0939,0.394267
20325000,77,318.15,-21569.3,83.1893,0.386689
20340000,74,313.78,-21556.3,80.0526,0.391733
20355000,59,239.815,-21576.7,83.4344,0.392944
20370000,76,317.879,-21564.4,67.7318,0.387183
20385000,80,350.723,-21560,76.7457,0.399533
20400000,82,358.601,-21574.5,81.3393,0.3974
20415000,55,214.354,-21593.9,56.186,0.390833
20430000,76,328.069,-21577.8,84.0453,0.4011
20445000,80,354.028,-21579.5,73.0997,0.418
20460000,63,288.068,-21596.3,63.486,0.395067
20475000,56,247.215,-21587.2,42.412,0.3786
20490000,66,284.549,-21588,64.255,0.387887
20505000,52,217.27,-21604.5,52.4797,0.373733
20520000,54,231.839,-21609.5,47.9381,0.386222
20535000,47,192.854,-21594.2,43.7998,0.368233
20550000,49,204.696,-21593.4,53.0249,0.3833
20565000,53,234.202,-21604.3,45.1367,0.382067
20580000,64,263.842,-21594.7,71.6841,0.393333
20595000,80,340.208,-21609,94.4232,0.392617
20610000,72,314.839,-21597.4,63.5911,0.391607
20625000,70,297.89,-21565.1,66.4812,0.385733
20640000,53,221.539,-21603.9,63.2291,0.396333
20655000,66,279.398,-21593.3,76.0301,0.3774
20670000,65,287.803,-21568.7,63.1718,0.387467
20685000,59,232.962,-21605,52.3922,0.387878
20700000,66,269.321,-21587,48.6605,0.392
20715000,81,355.05,-21588.4,66.8677,0.397467
20730000,80,348.325,-21602.7,94.1848,0.4084
20745000,73,318.613,-21583.3,68.6813,0.39612
20760000,72,313.606,-21607.5,66.8047,0.409467
20775000,82,365.454,-21574.4,62.3291,0.405133
20790000,76,317.392,-21573.1,83.618,0.395333
20805000,73,306.24,-21581.9,63.7486,0.409533
20820000,71,303.154,-21569.8,79.8192,0.404333
20835000,65,284.638,-21584.7,77.0721,0.400433
20850000,66,272.627,-21584.4,55.3112,0.394133
20865000,86,368.644,-21533.9,91.1731,0.401556
20880000,92,425.042,-21553.9,98.7361,0.407067
20895000,84,366.955,-21565.5,86.9356,0.4068
20910000,65,298.292,-21605.4,61.7759,0.402983
20925000,61,262.268,-21602.3,74.7006,0.386733
20940000,56,247.418,-21610.9,52.6473,0.3816
20955000,62,272.962,-21577.5,49.2989,0.4004
20970000,59,252.48,-21599.9,49.9482,0.372467
20985000,65,269.676,-21589.3,63.2555,0.3904
21000000,66,300.383,-21595.3,66.8012,0.4092
21015000,56,244.687,-21590.2,57.5109,0.4051
21030000,48,192.539,-21616.6,42.762,0.384586
21045000,57,249.93,-21593.9,58.8749,0.372067
21060000,60,260.786,-21587.8,68.3621,0.379583
21075000,47,193.774,-21593.4,54.979,0.365267
21090000,61,271.826,-21584.7,51.2084,0.3727
21105000,57,265.533,-21622,60.2597,0.388
21120000,58,239.659,-21583.7,56.4961,0.386967
21135000,60,253.793,-21584.4,50.5683,0.372019
21150000,67,280.228,-21572.5,54.0539,0.393733
21165000,59,246.888,-21580.7,82.7841,0.377422
21180000,63,275.954,-21577.2,57.7786,0.3872
21195000,74,318.706,-21573.5,72.8724,0.401533
21210000,73,320.711,-21578.7,63.3099,0.4054
21225000,65,272.879,-21555.4,66.4543,0.386733
21240000,68,297.327,-21551,63.0023,0.395844
21255000,68,293.16,-21596.1,75.1951,0.391733
21270000,58,256.774,-21615.1,65.5058,0.383933
21285000,75,318.958,-21574,75.8547,0.397467
21300000,65,258.827,-21569.1,63.9425,0.396044
21315000,68,301.841,-21553,64.1824,0.3928
21330000,45,208.396,-21578.6,54.7395,0.3874
21345000,56,239.447,-21577.9,81.1776,0.3868
21360000,59,238.5,-21607.4,57.7048,0.3702
21375000,54,216.477,-21593.5,47.8249,0.3796
21390000,65,277.699,-21591.3,58.1652,0.393933
21405000,74,327.499,-21586,56.7841,0.4106
21420000,56,236.662,-21606.7,54.7496,0.389147
21435000,53,233.013,-21606,53.7482,0.378483
21450000,54,219.406,-21574.6,54.4026,0.3736
21465000,64,278.147,-21574.1,73.8356,0.380533
21480000,68,290.072,-21600.9,60.9396,0.39812
21495000,62,271.59,-21574.7,74.946,0.3814
21510000,57,238.221,-21601.5,53.8289,0.384467
21525000,67,286.268,-21588,61.5644,0.392467
21540000,51,210.949,-21588.6,57.0892,0.385417
21555000,51,206.569,-21592,54.5757,0.377686
21570000,56,242.562,-21588,55.3768,0.374333
21585000,61,248.267,-21574.8,52.6305,0.395933
21600000,68,294.232,-21587.2,62.7183,0.38148
21615000,59,229.4,-21574.6,70.5591,0.3882
21630000,71,291.223,-21556.4,62.0771,0.378533
21645000,67,296.967,-21574,71.1988,0.383733
21660000,60,259.63,-21594.5,57.0634,0.3992
21675000,60,249.441,-21587.7,53.916,0.395
21690000,67,279.285,-21581.2,72.0596,0.389333
21705000,57,243.756,-21598.8,62.7091,0.386483
21720000,77,335.368,-21560.8,86.8464,0.396667
21735000,78,323.775,-21562.6,78.4036,0.402867
21750000,88,404.728,-21563.8,76.7999,0.4018
21765000,53,218.963,-21634.3,59.3822,0.387305
21780000,74,307.762,-21562,59.974,0.411567
21795000,59,260.178,-21618.3,60.8341,0.397789
21810000,61,243.888,-21588.7,53.886,0.399133
21825000,77,343.23,-21577.4,81.601,0.397133
21840000,72,305.043,-21598.7,61.3279,0.4034
21855000,67,284.663,-21617.7,78.8782,0.388233
21870000,73,310.837,-21599.6,73.4344,0.403367
21885000,60,246.561,-21592.9,53.3859,0.408933
21900000,78,343.103,-21606.1,84.7446,0.388733
21915000,73,308.412,-21556.4,61.5861,0.387633
21930000,74,300.478,-21540.2,72.47,0.394333
21945000,72,298.413,-21570,65.0112,0.390133
21960000,69,297.729,-21626.5,57.3375,0.39755
21975000,63,273.806,-21605.4,57.165,0.4062
21990000,59,239.491,-21604,62.7193,0.389867
22005000,69,307.919,-21561.9,66.1345,0.39135
22020000,61,259.537,-21570.1,54.1941,0.390933
22035000,55,237.849,-21593.9,61.0511,0.3912
22050000,57,253.075,-21589.3,66.5326,0.384
22065000,68,302.615,-21577.5,56.7527,0.3994
22080000,80,344.933,-21563.9,77.6602,0.402867
22095000,60,240.414,-21612.9,55.0256,0.3818
22110000,45,189.513,-21650.1,48.5277,0.382078
22125000,66,294.023,-21571,53.4312,0.387089
22140000,75,325.212,-21568.2,76.0603,0.3868
22155000,76,326.372,-21569.9,83.3374,0.384567
22170000,68,295.047,-21562.6,74.0134,0.404133
22185000,61,235.687,-21567.7,79.8014,0.395867
22200000,77,351.809,-21566.6,75.8708,0.403933
22215000,82,345.475,-21554,70.612,0.399356
22230000,74,310.22,-21615.1,61.7645,0.384967
22245000,60,252.359,-21629,52.5436,0.398867
22260000,70,265.515,-21560,68.6293,0.399133
22275000,82,358.086,-21564.2,83.7177,0.399933
22290000,64,268.454,-21565.7,55.9956,0.398733
22305000,71,302.16,-21576.3,79.2021,0.3958
22320000,83,350.092,-21564.1,72.6933,0.390475
22335000,66,278.662,-21575.9,61.6609,0.389333
22350000,66,280.663,-21565,52.7548,0.3976
22365000,61,243.103,-21600.7,59.6767,0.380867
22380000,76,328.535,-21577.3,79.6136,0.394667
22395000,67,266.431,-21566.4,66.0761,0.3918
22410000,62,263.055,-21569.2,74.2139,0.371333
22425000,81,354.635,-21569.9,86.2306,0.399333
22440000,78,328.684,-21574,82.168,0.398867
22455000,45,189.601,-21617.3,46.5729,0.380344
22470000,73,296.824,-21551.2,75.952,0.3986
22485000,92,398.672,-21531.2,88.8911,0.398533
22500000,79,352.981,-21597.1,78.0795,0.394422
22515000,86,360.082,-21558.8,81.7376,0.4058
22530000,78,323.125,-21552,72.5312,0.4054
22545000,80,335.612,-21559,73.8632,0.396867
22560000,81,362.299,-21553.4,91.0226,0.404733
22575000,63,285.939,-21583.3,74.0736,0.3962
22590000,75,323.547,-21578.1,88.6819,0.3921
22605000,65,275.645,-21551.9,67.416,0.3832
22620000,56,241.341,-21573.7,53.3948,0.382556
22635000,78,349.844,-21568,77.8631,0.3981
22650000,74,332.171,-21546.7,84.0471,0.397333
22665000,52,214.663,-21615.2,59.709,0.383743
22680000,74,320.586,-21580.7,84.648,0.394967
22695000,69,299.244,-21581.7,74.8754,0.3986
22710000,68,303.152,-21566.9,65.39,0.386578
22725000,62,268.522,-21593,69.4497,0.399933
22740000,61,261.701,-21568.7,60.2006,0.378867
22755000,66,276.663,-21591.2,55.0152,0.3812
22770000,63,268.439,-21584.7,73.9827,0.392556
22785000,65,282.859,-21590.2,70.7129,0.403667
22800000,74,330.447,-21596.5,72.4749,0.389422
22815000,70,289.756,-21570.8,66.6867,0.394
22830000,62,268.072,-21588.3,72.9329,0.3774
22845000,57,243.8,-21565.8,52.064,0.3928
22860000,58,252.148,-21546.5,46.2676,0.371567
22875000,61,260.257,-21565.8,55.315,0.379967
22890000,68,298.191,-21570.9,64.1405,0.400867
22905000,55,242.995,-21634.4,55.3319,0.385604
22920000,66,292.352,-21570.1,68.4268,0.393933
22935000,62,277.842,-21592.3,54.6198,0.381333
22950000,64,275.837,-21591.4,62.3975,0.385689
22965000,56,228.229,-21552.4,53.0249,0.377333
22980000,72,299.121,-21604.1,57.7279,0.383667
22995000,73,330.269,-21594.7,87.5432,0.397644
23010000,68,303.267,-21573.7,62.2076,0.3928
23025000,73,322.818,-21564.5,59.6193,0.397067
23040000,66,290.638,-21553.1,70.3046,0.397933
23055000,63,256.311,-21567.9,61.2622,0.374533
23070000,75,321.975,-21574.1,71.1075,0.392333
23085000,70,305.123,-21565.3,73.2865,0.394067
23100000,75,329.729,-21570.2,74.4577,0.3852
23115000,66,282.123,-21580.8,48.1849,0.3888
23130000,67,271.184,-21582.7,74.4547,0.381333
23145000,82,350.763,-21612.2,83.5265,0.391267
23160000,79,322.078,-21595.9,75.9561,0.413067
23175000,45,181.716,-21616.2,45.9497,0.388056
23190000,67,292.124,-21596.5,64.9924,0.388067
23205000,67,288.442,-21604.5,56.7861,0.394067
23220000,49,213.516,-21646.3,44.622,0.381733
23235000,75,294.178,-21606.1,66.0318,0.396773
23250000,62,257.784,-21593.7,65.4051,0.4082
23265000,90,368.731,-21548,84.101,0.39195
23280000,100,432.06,-21561.3,100.625,0.4142
23295000,89,352.896,-21558,64.038,0.410622
23310000,77,321.235,-21591.8,95.6093,0.4042
23325000,54,234.422,-21619,53.9677,0.391781
23340000,79,346.331,-21541.3,82.6199,0.403233
23355000,82,344.654,-21549.5,75.9977,0.390467
23370000,76,336.763,-21543.8,74.4473,0.3896
23385000,77,327.186,-21554.6,89.0631,0.3974
23400000,82,356.01,-21551.7,81.7905,0.408267
23415000,70,317.903,-21558.4,67.2808,0.4044
23430000,57,236.45,-21602.9,69.8055,0.392508
23445000,88,383.194,-21542.8,83.6382,0.4026
23460000,76,331.854,-21550.9,76.984,0.391733
23475000,60,257.017,-21594.6,50.8979,0.393711
23490000,59,239.114,-21573,45.1435,0.388133
23505000,69,291.179,-21563.5,61.8962,0.388378
23520000,69,291.808,-21555.4,66.8108,0.393133
23535000,73,303.477,-21571.1,78.2186,0.3918
23550000,67,280.235,-21596.3,55.9607,0.379333
23565000,65,264.434,-21562.9,56.7843,0.3828
23580000,64,282.581,-21611.3,64.7488,0.389022
23595000,69,287.214,-21577,68.5621,0.3928
23610000,75,323.427,-21583.7,51.9123,0.397867
23625000,59,245.165,-21586.4,58.3911,0.388689
23640000,69,291.698,-21592.8,78.6421,0.395633
23655000,79,352.031,-21577,73.552,0.386933
23670000,73,311.765,-21593.7,79.3865,0.3938
23685000,63,267.859,-21604.3,65.6367,0.385433
23700000,54,235.655,-21631.1,51.7928,0.387112
23715000,65,248.66,-21595.8,91.7343,0.398067
23730000,67,271.288,-21620,68.7982,0.394267
23745000,63,270.427,-21588.8,81.6822,0.377
23760000,66,254.019,-21582.7,63.3921,0.3992
23775000,61,261.545,-21616.8,65.2664,0.383307
23790000,58,242.401,-21623.5,47.2912,0.379333
23805000,64,272.712,-21583.7,58.3268,0.397333
23820000,68,320.073,-21601.2,75.0418,0.387933
23835000,62,253.788,-21561.6,56.8894,0.393167
23850000,62,262.638,-21593.2,61.8572,0.386733
23865000,59,244.402,-21630.2,42.5954,0.383213
23880000,51,221.973,-21626.8,67.2119,0.387733
23895000,63,246.889,-21555.6,56.9824,0.383311
23910000,69,286.276,-21567.4,72.6113,0.390733
23925000,74,334.255,-21606.8,64.4866,0.383289
23940000,75,310.319,-21573.5,74.087,0.3951
23955000,77,328.341,-21571.7,72.005,0.397467
23970000,77,337.532,-21555.4,71.5755,0.382047
23985000,60,255.7,-21599.4,77.257,0.393267
24000000,64,267.932,-21544.2,73.778,0.384533
24015000,75,298.841,-21575.5,86.9416,0.401583
24030000,63,289.378,-21600.6,59.4981,0.3916
24045000,68,297.442,-21575.9,41.5724,0.3968
24060000,66,267.168,-21553.7,56.017,0.374417
24075000,58,257.714,-21575.2,51.8358,0.398267
24090000,64,282.319,-21576.2,72.4157,0.390356
24105000,79,321.992,-21564.7,88.8425,0.387733
24120000,79,331.4,-21553.1,84.4306,0.412267
24135000,72,299.912,-21541.2,76.7518,0.400667
24150000,62,273.468,-21580.8,52.1896,0.384367
24165000,63,295.573,-21601.6,70.1696,0.388956
24180000,63,274.945,-21596.6,64.1342,0.397933
24195000,66,276.298,-21591,74.6181,0.386244
24210000,82,348.157,-21555.6,78.0547,0.37532
24225000,49,201.041,-21619.5,59.1308,0.3902
24240000,75,322.11,-21557,83.1721,0.378233
24255000,64,264.806,-21533.3,66.7594,0.382467
24270000,62,265.76,-21557.2,60.5803,0.3672
24285000,60,248.247,-21576.6,54.0436,0.375667
24300000,62,260.356,-21577.7,67.1269,0.367333
24315000,72,311.495,-21574.8,71.7645,0.376483
24330000,63,262.1,-21585,66.2915,0.393667
24345000,55,231.514,-21566.6,46.0215,0.3738
24360000,69,288.05,-21571.3,64.1473,0.394733
24375000,73,300.143,-21558.6,58.8873,0.385107
24390000,68,298.615,-21556.2,65.7536,0.390867
24405000,63,272.258,-21559.9,70.1578,0.380533
24420000,68,292.796,-21554.4,67.7192,0.3898
24435000,68,285.424,-21566.1,58.5898,0.393333
24450000,74,316.952,-21551,66.6416,0.3976
24465000,70,292.858,-21575.5,59.7132,0.399067
24480000,57,228.619,-21542,53.9324,0.373
24495000,72,289.911,-21565.3,63.2868,0.390007
24510000,52,212.47,-21590.5,45.7147,0.377835
24525000,63,270.39,-21563.7,75.8671,0.376289
24540000,71,318.271,-21581.1,75.398,0.398267
24555000,62,263.112,-21564.3,59.0378,0.38205
24570000,69,298.183,-21589.7,85.5255,0.387333
24585000,60,237.835,-21581.2,55.8584,0.3972
24600000,73,321.832,-21572.2,77.0329,0.384311
24615000,71,303.97,-21549.9,75.945,0.3978
24630000,84,357.325,-21563.8,88.371,0.3958
24645000,80,326.764,-21526.9,72.4935,0.403533
24660000,66,261.925,-21551,66.708,0.384067
24675000,72,307.439,-21586.7,74.0329,0.3906
24690000,56,237.152,-21581.2,52.4472,0.383367
24705000,58,251.168,-21570.9,60.3033,0.360867
24720000,53,221.163,-21591.6,49.3257,0.363667
24735000,54,224.84,-21576.7,53.6185,0.3672
24750000,48,195.143,-21623.5,43.7366,0.387093
24765000,51,228.078,-21621.4,54.0616,0.381611
24780000,60,265.538,-21605.1,58.5409,0.372222
24795000,60,251.522,-21600.2,58.2343,0.376933
24810000,54,217.786,-21615.3,60.9391,0.3903
24825000,57,232.257,-21603.4,51.7352,0.3795
24840000,47,206.928,-21601.4,54.7686,0.387467
24855000,60,261.236,-21606.2,53.1616,0.3809
24870000,56,234.644,-21599.8,65.3314,0.3836
24885000,69,293.818,-21609.8,64.3947,0.3968
24900000,56,248.191,-21623.5,50.9763,0.3863
24915000,56,227.371,-21629.8,58.4152,0.37632
24930000,55,240.282,-21603.2,60.7396,0.386567
24945000,63,281.729,-21601.8,86.8182,0.382267
24960000,65,300.425,-21600.9,68.9365,0.390067
24975000,54,241.176,-21611.6,44.279,0.375267
24990000,75,305.357,-21593.6,73.4547,0.39221
25005000,78,331.475,-21569.1,74.6146,0.4156
25020000,75,319.133,-21583.9,70.7567,0.4118
25035000,78,312.731,-21597.9,65.1592,0.395842
25050000,69,286.935,-21575.6,73.1333,0.4002
25065000,70,301.546,-21571.9,70.2564,0.408733
25080000,76,321.486,-21596.5,86.1234,0.412467
25095000,57,235.798,-21596.5,55.6861,0.403973
25110000,73,314.771,-21583.9,83.4678,0.4051
25125000,65,272.676,-21568.8,63.0677,0.399933
25140000,60,243.364,-21562.5,66.2548,0.3798
25155000,64,261.567,-21605.8,74.8573,0.3978
25170000,53,223.362,-21615.9,51.8579,0.386492
25185000,67,277.954,-21609.3,67.2609,0.3894
25200000,69,310.769,-21606.9,82.374,0.38175
25215000,67,299.774,-21594.5,78.1238,0.3924
25230000,72,308.809,-21553.5,64.9337,0.393627
25245000,74,335.816,-21587.9,81.3261,0.4014
25260000,77,344.912,-21563.9,70.9162,0.4106
25275000,65,266.775,-21593.2,60.5539,0.401833
25290000,59,251.043,-21586.4,60.3499,0.3928
25305000,65,262.236,-21574.9,55.3288,0.386333
25320000,72,297.93,-21575.4,87.5344,0.382867
25335000,56,231.304,-21592.4,50.0814,0.391467
25350000,62,273.92,-21577.3,66.0191,0.373967
25365000,66,275.107,-21553.1,49.1383,0.387733
25380000,74,330.249,-21583,65.5961,0.3916
25395000,58,249.924,-21587.1,53.0247,0.382578
25410000,61,254.578,-21586.6,56.8784,0.385233
25425000,65,279.822,-21579.7,71.8585,0.383033
25440000,58,247.077,-21580.1,49.9729,0.377667
25455000,58,236.181,-21582.8,54.0233,0.3792
25470000,69,296.935,-21592.9,68.3136,0.382693
25485000,64,269.939,-21583.9,66.5394,0.383133
25500000,60,273.744,-21591.5,63.6909,0.3744
25515000,61,266.239,-21586.5,72.8442,0.388067
25530000,69,304.826,-21604.5,73.6653,0.391333
25545000,63,271.86,-21593.2,55.2989,0.380956
25560000,68,297.916,-21599.6,81.2203,0.3998
25575000,56,243.618,-21591.6,60.7224,0.387844
25590000,66,290.004,-21598.2,63.664,0.38764
25605000,64,277.236,-21580.9,54.3198,0.3911
25620000,71,311.429,-21569.5,85.4318,0.400467
25635000,68,286.448,-21553,60.8787,0.395267
25650000,54,246.872,-21599,48.8179,0.392511
25665000,69,297.903,-21571.6,71.5222,0.402567
25680000,61,269.5,-21581.2,67.9396,0.391533
25695000,63,276.986,-21595.6,71.1713,0.3898
25710000,58,257.248,-21583.4,73.6998,0.3762
25725000,87,384.033,-21559.8,78.7678,0.388479
25740000,88,381.213,-21541.9,82.769,0.400933
25755000,74,313.967,-21555.3,68.1241,0.408733
25770000,71,312.468,-21556.8,60.2046,0.397533
25785000,63,271.428,-21577.3,74.0558,0.394807
25800000,86,366.643,-21560.5,104.18,0.4045
25815000,91,402.183,-21572.4,89.6569,0.4112
25830000,58,260.554,-21584.1,44.29,0.38475
25845000,80,353.648,-21553.5,94.3206,0.396217
25860000,87,378.493,-21536.1,76.1306,0.414933
25875000,84,369.815,-21563.5,83.3625,0.401133
25890000,87,384.007,-21535.8,91.4869,0.407613
25905000,101,445.056,-21564.5,97.2723,0.404867
25920000,104,443.823,-21570.2,107.529,0.4198
25935000,93,385.972,-21573.1,75.7853,0.4136
25950000,77,349.375,-21581.8,89.988,0.401067
25965000,71,286.136,-21571.8,66.6394,0.396867
25980000,77,344.651,-21596.2,78.6124,0.397867
25995000,81,346.088,-21567.2,86.2706,0.4042
26010000,70,318.452,-21574.3,68.0309,0.397893
26025000,75,324.993,-21571.8,64.44,0.407467
26040000,71,301.459,-21576,73.8687,0.4046
26055000,72,290.128,-21567.8,82.0285,0.406067
26070000,64,274.917,-21582.3,61.4308,0.401267
26085000,62,259.721,-21596.1,62.0531,0.384467
26100000,80,344.032,-21575.6,90.6517,0.39701
26115000,58,244.736,-21576.2,67.4313,0.386674
26130000,75,317.882,-21584.3,62.3051,0.392267
26145000,77,343.352,-21581.4,76.8557,0.4144
26160000,56,226.167,-21582.4,46.0137,0.386267
26175000,65,293.532,-21592.9,59.1546,0.4029
26190000,57,233.428,-21589.9,57.8347,0.3772
26205000,61,260.637,-21581,66.1079,0.385822
26220000,70,294.716,-21582.8,68.7955,0.392633
26235000,43,178.484,-21615.4,37.1501,0.371492
26250000,68,271.766,-21572.8,67.5387,0.382822
26265000,64,273.109,-21589.3,70.062,0.389044
26280000,61,250.85,-21566.4,63.6609,0.384
26295000,65,267.793,-21570.9,58.7723,0.375033
26310000,73,311.949,-21565.3,64.266,0.386633
26325000,66,274.892,-21572.8,65.1639,0.394433
26340000,53,220.523,-21581.9,50.6527,0.381267
26355000,67,273.665,-21568.6,63.5645,0.378978
26370000,50,216.657,-21595.5,48.4606,0.3793
26385000,67,275.306,-21571,70.822,0.377367
26400000,63,262.598,-21610.9,62.9069,0.383433
26415000,62,253.866,-21565.3,59.7857,0.388833
26430000,62,257.989,-21584.4,75.2593,0.394133
26445000,64,286.487,-21631.8,64.5327,0.374971
26460000,67,284.854,-21605.7,100.929,0.396
26475000,73,317.876,-21585.3,77.9364,0.402067
26490000,57,244.959,-21626.8,56.9688,0.394467
26505000,63,262.777,-21578.5,70.0615,0.3952
26520000,67,293.534,-21575.3,75.7155,0.3714
26535000,59,258.04,-21582.5,59.0293,0.387296
26550000,53,235.756,-21617.9,39.0038,0.370333
26565000,62,240.149,-21582.4,52.4407,0.396289
26580000,59,237.687,-21593.7,58.6871,0.379267
26595000,81,365.524,-21603,81.2671,0.3844
26610000,72,316.459,-21576.8,54.8908,0.390733
26625000,63,267.087,-21623.2,67.5671,0.391467
26640000,67,287.587,-21600.2,58.153,0.403
26655000,63,253.9,-21577.6,69.4679,0.390658
26670000,55,243.905,-21604.9,49.1971,0.3783
26685000,70,283.745,-21575.8,64.4631,0.390733
26700000,60,252.032,-21592.3,61.7393,0.3925
26715000,78,334.687,-21568.4,91.4216,0.398367
26730000,59,241.809,-21586.3,54.422,0.396733
26745000,66,276.646,-21610.1,50.62,0.386467
26760000,55,222.035,-21610.1,53.5503,0.3892
26775000,61,263.362,-21580.7,70.9987,0.385333
26790000,65,269.337,-21599.1,63.5515,0.381
26805000,56,234.09,-21607.8,62.7123,0.376644
26820000,56,228.684,-21621,63.2312,0.377333
26835000,61,268.278,-21618.5,59.2591,0.37124
26850000,63,257.715,-21581.9,70.2527,0.38505
26865000,52,230.191,-21600.9,47.9103,0.375133
26880000,64,238.034,-21557.9,78.7955,0.3788
26895000,61,257.902,-21579.5,63.6448,0.3818
26910000,54,212.805,-21613.5,57.4242,0.381933
26925000,53,218.548,-21605.1,72.1418,0.370467
26940000,54,234.475,-21589.5,44.6365,0.377025
26955000,65,276.152,-21587.6,61.5044,0.383
26970000,67,274.389,-21584.2,73.3772,0.386693
26985000,76,329.991,-21572,65.2774,0.392467
27000000,59,249.623,-21581.7,72.733,0.3872
27015000,68,287.575,-21560.1,77.6788,0.402233
27030000,68,301.688,-21561.2,57.2957,0.401
27045000,70,305.03,-21552.1,67.6508,0.3912
27060000,68,300.867,-21565.8,84.8767,0.386556
27075000,77,336.012,-21549,76.5426,0.400667
27090000,60,252.485,-21589.1,68.1593,0.401467
27105000,83,357.433,-21581.1,78.9762,0.3941
27120000,87,382.705,-21567.2,65.669,0.4032
27135000,64,284.899,-21584.9,58.1982,0.393
27150000,82,375.453,-21585.2,76.6104,0.3934
27165000,71,295.024,-21552.2,71.1612,0.3896
27180000,83,325.42,-21575.2,96.4377,0.406067
27195000,62,253.639,-21559,50.2732,0.3984
27210000,56,239.3,-21611.8,47.095,0.378433
27225000,58,228.596,-21558.7,69.3987,0.388
27240000,65,268.041,-21566.5,75.8852,0.380158
27255000,62,265.359,-21567.2,51.9702,0.3837
27270000,63,275.555,-21587.7,55.509,0.388933
27285000,66,277.082,-21579.2,68.912,0.38128
27300000,61,250.107,-21592,61.2144,0.382
27315000,73,329.329,-21587,61.7835,0.379978
27330000,60,250.643,-21592.4,65.333,0.381967
27345000,64,272.102,-21568.1,44.7803,0.382017
27360000,57,243.465,-21563.6,61.3198,0.394644
27375000,64,269.781,-21564.4,52.4108,0.384089
27390000,49,213.931,-21581.7,43.6152,0.384467
27405000,68,283.248,-21565.9,81.1246,0.381167
27420000,69,294.908,-21558.5,73.8291,0.378893
27435000,70,309.453,-21546.9,81.9171,0.3862
27450000,70,290.738,-21572.9,68.606,0.388067
27465000,74,293.665,-21575.5,62.7397,0.393233
27480000,74,305.154,-21593.8,61.3878,0.410533
27495000,76,311.379,-21567.1,80.4224,0.4094
27510000,71,292.309,-21550.7,69.2164,0.385583
27525000,64,267.806,-21554.1,56.907,0.393733
27540000,54,227.473,-21594.7,58.3074,0.369527
27555000,60,264.996,-21596.2,66.4572,0.377333
27570000,75,323.287,-21555.3,75.8136,0.3902
27585000,82,345.715,-21544,76.0462,0.3936
27600000,56,251.058,-21605.9,49.1741,0.3754
27615000,84,353.582,-21548.6,101.169,0.400667
27630000,68,298.269,-21562.8,82.0193,0.374219
27645000,68,295.221,-21566.5,63.0514,0.380067
27660000,76,315.656,-21573.1,94.5579,0.3964
27675000,84,356.513,-21560.6,100.885,0.3814
27690000,46,182.61,-21652.9,54.0052,0.382456
27705000,76,316.992,-21560.6,83.2733,0.389467
27720000,71,300.192,-21566.6,90.9521,0.390133
27735000,77,310.294,-21583,86.3649,0.388773
27750000,76,329.61,-21571.3,67.8575,0.4002
27765000,79,327.294,-21567.3,83.4956,0.398422
27780000,79,306.045,-21554.6,84.6598,0.389733
27795000,74,318.035,-21556.4,82.6125,0.4018
27810000,85,386.629,-21579.2,85.0749,0.397567
27825000,81,358.531,-21567.7,83.6309,0.400467
27840000,85,359.5,-21566.3,88.714,0.405733
27855000,82,343.888,-21560.3,67.4985,0.4014
27870000,71,305.896,-21567.5,64.896,0.397467
27885000,77,327.292,-21601.9,84.0182,0.394867
27900000,83,348.113,-21602.1,81.918,0.400533
27915000,70,309.716,-21604,81.3705,0.383711
27930000,67,293.477,-21589.7,64.0841,0.4008
27945000,82,355.003,-21576.3,66.0696,0.407133
27960000,89,393.678,-21561.3,77.1996,0.399733
27975000,98,421.368,-21571.5,115.384,0.408267
27990000,91,407.401,-21552.1,100.456,0.4078
28005000,81,361.76,-21535.7,93.9365,0.4032
28020000,81,359.721,-21606.1,73.6,0.387578
28035000,81,375.962,-21555.7,86.3781,0.396
28050000,70,293.14,-21550.9,57.0853,0.389067
28065000,67,286.519,-21583.1,70.2651,0.388067
28080000,59,245.267,-21576.4,58.8874,0.387733
28095000,85,354.725,-21563.6,98.4195,0.388067
28110000,67,291.296,-21585.6,62.4128,0.390424
28125000,74,294.399,-21562.9,67.623,0.400033
28140000,73,303.467,-21550,74.6782,0.3988
28155000,92,411.199,-21605.1,93.959,0.408822
28170000,78,328.574,-21556,84.492,0.391
28185000,66,279.103,-21566.7,65.2719,0.395933
28200000,74,313.784,-21546.4,95.5445,0.3951
28215000,87,378.909,-21532.4,95.8443,0.3946
28230000,58,243.095,-21591.8,56.1198,0.386956
28245000,76,306.082,-21544.5,67.2202,0.396667
28260000,81,342.818,-21548.2,83.4078,0.396733
28275000,60,252.58,-21559,51.3851,0.386133
28290000,63,267.199,-21600.4,60.5618,0.387867
28305000,68,275.985,-21533.3,74.6234,0.391556
28320000,79,339.82,-21546.2,74.7867,0.3942
28335000,88,379.503,-21560.3,88.3885,0.3934
28350000,78,338.283,-21541.1,85.5135,0.394267
28365000,61,246.704,-21586.7,61.5589,0.3958
28380000,83,342.637,-21584.9,89.3298,0.396633
28395000,62,267.2,-21573.7,73.6156,0.392567
28410000,53,239.267,-21597.4,50.4314,0.38327
28425000,66,294.348,-21572.6,57.3656,0.386733
28440000,72,306.356,-21560.2,77.054,0.3984
28455000,69,294.966,-21546.9,55.5453,0.3976
28470000,63,279.721,-21591.5,52.4637,0.394667
28485000,58,259.583,-21597.3,53.3226,0.379747
28500000,62,277.398,-21605.3,59.8179,0.3786
28515000,67,296.507,-21567.9,59.2733,0.385444
28530000,82,342.496,-21574.4,78.0593,0.399133
28545000,56,246.467,-21605.6,49.2715,0.380133
28560000,64,279.341,-21594.6,74.0972,0.4015
28575000,57,239.465,-21613.9,47.2565,0.39308
28590000,62,267.317,-21596.9,73.6402,0.384067
28605000,42,184.33,-21638.8,53.0165,0.3678
28620000,58,246.101,-21602.5,56.9803,0.389767
28635000,55,228.294,-21635.6,68.4577,0.375867
28650000,50,210.606,-21606,62.6138,0.3834
28665000,53,237.184,-21599.3,61.7884,0.388244
28680000,61,273.832,-21601.3,62.5001,0.379767
28695000,73,312.654,-21593.5,59.5383,0.388667
28710000,70,282.795,-21584.5,57.3475,0.389467
28725000,74,320.201,-21586.3,81.6002,0.391533
28740000,65,286.094,-21582.8,71.8175,0.400467
28755000,58,261.415,-21612,54.7004,0.387105
28770000,77,330.857,-21564.3,96.3877,0.4022
28785000,88,400.596,-21576,91.5636,0.408533
28800000,81,371.458,-21581.5,85.7888,0.4144
28815000,76,345.575,-21570.4,70.2009,0.411067
28830000,79,346.506,-21555.1,76.2158,0.391467
28845000,77,332.344,-21617,72.993,0.387911
28860000,78,323.129,-21568.5,73.3485,0.403633
28875000,78,328.776,-21576.7,77.1946,0.388067
28890000,48,193.067,-21616,45.7354,0.399333
28905000,74,325.341,-21587.5,67.163,0.398033
28920000,55,219.63,-21589.7,52.8261,0.38816
28935000,78,304.327,-21577.1,90.2535,0.382933
28950000,64,285.288,-21604.3,55.1128,0.388867
28965000,69,288.348,-21594.1,69.83,0.408967
28980000,52,215.853,-21603,42.5733,0.386933
28995000,71,309.252,-21582.8,70.3422,0.397333
29010000,66,279.738,-21612.8,66.8811,0.397333
29025000,67,301.052,-21577.8,67.7721,0.395507
29040000,86,379.877,-21586.9,74.1712,0.402333
29055000,77,341.639,-21558.2,83.8621,0.396
29070000,56,242.234,-21586.8,51.5562,0.4025
29085000,75,333.103,-21593.7,88.6598,0.3866
29100000,57,255.878,-21614.4,52.8973,0.383533
29115000,83,345.742,-21577.9,73.9874,0.402367
29130000,75,323.191,-21590.9,79.1991,0.414533
29145000,76,324.342,-21586.1,62.2205,0.401133
29160000,68,291.133,-21577.5,83.8218,0.388933
29175000,61,265.968,-21576.8,67.5745,0.382933
29190000,64,262.787,-21618.1,55.994,0.389383
29205000,73,329.661,-21579.5,68.032,0.389467
29220000,62,273.084,-21587.8,59.6256,0.3914
29235000,55,238.856,-21586,50.3525,0.3646
29250000,46,183.963,-21616.3,43.2724,0.373567
29265000,54,240.817,-21620.7,63.1115,0.379242
29280000,71,297.852,-21567.9,69.0378,0.378844
29295000,77,332.993,-21569.3,82.547,0.399067
29310000,60,260.341,-21605,53.2411,0.394833
29325000,56,228.376,-21588.7,68.5772,0.395633
29340000,65,263.914,-21601.2,63.5436,0.371333
29355000,62,266.176,-21613.6,55.0528,0.3864
29370000,59,260.03,-21610.9,78.1943,0.3902
29385000,54,233.614,-21594.2,60.9475,0.3892
29400000,53,231.199,-21599.3,69.601,0.392922
29415000,53,220.6,-21600.6,46.2897,0.36436
29430000,59,260.075,-21605,63.8281,0.380733
29445000,60,251.234,-21609.5,62.8331,0.386889
29460000,72,305.644,-21593.8,66.5469,0.391933
29475000,52,231.615,-21597.1,56.4406,0.3862
29490000,52,213.795,-21609.9,40.47,0.3975
29505000,54,227.222,-21623.9,54.7937,0.390267
29520000,45,190.093,-21616.5,49.1131,0.391133
29535000,52,211.371,-21604.5,55.6326,0.362492
29550000,57,251.042,-21602.1,57.4151,0.38068
29565000,49,208.793,-21621,40.9308,0.381333
29580000,55,229.475,-21605.6,56.8599,0.3798
29595000,51,217.505,-21602,56.0358,0.377667
29610000,57,255.549,-21586.2,76.4493,0.3824
29625000,63,289.029,-21567.8,46.0116,0.397267
29640000,59,240.104,-21607.7,50.4138,0.390267
29655000,63,286.384,-21604.7,66.5259,0.394067
29670000,61,264.798,-21598.5,61.4413,0.3926
29685000,51,220.172,-21615.5,46.2322,0.363047
29700000,58,251.21,-21624.5,49.2256,0.3744
29715000,67,301.223,-21601.4,72.0947,0.398689
29730000,69,308.02,-21588.3,58.2015,0.397133
29745000,67,297.18,-21572.8,74.1495,0.390533
29760000,70,298.962,-21585.8,72.3133,0.383771
29775000,71,314.235,-21578.3,77.0973,0.4049
29790000,74,333.252,-21579.3,63.7528,0.403467
29805000,75,338.07,-21557.8,80.2583,0.3978
29820000,70,307.689,-21571.8,74.2476,0.40065
29835000,71,324.124,-21570.7,65.8323,0.3959
29850000,92,407.564,-21581.9,91.2418,0.4117
29865000,71,296.127,-21605.6,65.7296,0.386109
29880000,73,321.385,-21556.3,67.6283,0.403533
29895000,80,350.066,-21578.8,77.1211,0.40225
29910000,79,353.463,-21552.3,65.8897,0.402267
29925000,71,292.716,-21539.7,61.5505,0.392044
29940000,66,293.319,-21572.4,63.7188,0.394933
29955000,66,299.899,-21589,62.1957,0.385333
29970000,66,294.839,-21564.9,65.5939,0.386156
29985000,79,351.757,-21564.9,87.0058,0.3926
