generation,N_shifts,logPrior,logLik,eventRate,acceptRate
0,0,-23.6729,-22259,100,1
15000,0,-0.332698,-21994.8,0.752485,0.1688
30000,0,0.366506,-21993.9,0.251067,0.150933
45000,0,0.322898,-21994.6,0.579138,0.1526
60000,2,10.8464,-21966.8,3.426,0.301533
75000,1,4.22922,-21994.5,2.23648,0.160278
90000,1,5.30006,-21972.5,2.7128,0.337733
105000,3,10.2131,-21928.5,5.68879,0.3198
120000,6,23.9256,-21914.5,9.67923,0.2824
135000,5,21.9418,-21917.7,4.42474,0.317467
150000,4,14.9915,-21913.5,2.5344,0.321067
165000,6,26.064,-21887.9,12.3292,0.276247
180000,6,23.0995,-21887.1,10.562,0.331333
195000,8,36.2952,-21903.7,10.055,0.341533
210000,8,34.554,-21884,6.62705,0.334467
225000,4,17.4329,-21924.5,8.20043,0.279807
240000,4,15.8803,-21915.4,5.43662,0.314656
255000,3,14.7797,-21927.1,3.61972,0.3063
270000,9,35.1882,-21839,5.57943,0.315533
285000,16,75.5143,-21799.3,11.0047,0.327627
300000,16,65.9232,-21821.1,24.3737,0.340533
315000,22,100.416,-21773.1,20.1936,0.358633
330000,27,123.867,-21764.7,36.0967,0.382333
345000,21,86.1208,-21739.7,23.4011,0.359133
360000,24,93.9388,-21711.5,19.8932,0.338767
375000,27,115.192,-21706.5,23.8805,0.3646
390000,35,150.966,-21696.9,42.1827,0.373933
405000,34,140.049,-21693.3,40.5146,0.385733
420000,36,146.725,-21712.1,36.8163,0.36644
435000,28,120.573,-21712.1,30.6769,0.3654
450000,30,136.352,-21704.7,30.8273,0.381333
465000,39,165.162,-21681.5,37.4832,0.397111
480000,49,205.054,-21681.5,37.9652,0.402467
495000,42,179.343,-21679.2,42.6072,0.397867
510000,35,148.949,-21685.7,26.6222,0.386133
525000,18,81.2641,-21790.4,33.4768,0.336348
540000,38,160.587,-21682.2,29.7816,0.376056
555000,44,182.65,-21665,49.2006,0.396133
570000,45,189.798,-21664.7,38.7302,0.392533
585000,50,221.248,-21666.2,58.0585,0.396133
600000,39,159.683,-21652.9,28.6803,0.380511
615000,46,191.763,-21672.5,52.3258,0.389467
630000,45,199.353,-21647.7,41.0545,0.394733
645000,49,208.877,-21652.5,59.8902,0.392467
660000,66,283.058,-21634.6,60.3682,0.4048
675000,24,105.929,-21752.3,31.036,0.37252
690000,44,189.088,-21645.4,33.9212,0.4076
705000,40,177.636,-21636.8,43.2973,0.3762
720000,46,203.698,-21641.3,58.6607,0.394617
735000,22,88.9495,-21738.6,26.131,0.35255
750000,53,222.799,-21675.6,53.62,0.383967
765000,54,232.221,-21615.6,46.4031,0.391133
780000,51,214.079,-21657.9,53.1907,0.384867
795000,53,231.96,-21656.1,35.0099,0.400067
810000,61,272.572,-21607.4,58.6945,0.406267
825000,55,243.7,-21647.6,66.8189,0.392533
840000,50,198.291,-21630.9,51.9768,0.405867
855000,59,243.133,-21643,61.7123,0.399333
870000,59,258.77,-21634,72.3969,0.390333
885000,42,186.776,-21640.8,36.3842,0.397444
900000,54,233.941,-21646.5,41.7735,0.3909
915000,59,256.695,-21649.7,75.6725,0.4006
930000,39,173.213,-21668,43.9639,0.370123
945000,41,175.657,-21653.8,36.5348,0.392483
960000,52,232.551,-21647.7,36.0352,0.3768
975000,55,242.272,-21634.1,53.9784,0.402533
990000,60,263.976,-21618.3,53.6076,0.407267
1005000,61,276.107,-21624.6,63.5818,0.389789
1020000,65,292.216,-21632.2,57.5034,0.4085
1035000,62,273.672,-21606.4,61.2515,0.3964
1050000,72,324.509,-21592,71.6157,0.402533
1065000,53,223.9,-21636.2,47.338,0.391467
1080000,66,281.907,-21604.3,60.9321,0.407433
1095000,62,274.665,-21600,68.694,0.3908
1110000,72,308.21,-21591.4,90.6347,0.394533
1125000,78,345.162,-21608.4,80.9494,0.404733
1140000,53,239.891,-21652.3,64.543,0.407242
1155000,72,317.421,-21589.1,74.3275,0.404733
1170000,43,189.936,-21679.2,57.7268,0.390705
1185000,67,291.687,-21598.8,75.861,0.3962
1200000,52,207.015,-21640.3,43.3106,0.397717
1215000,72,313.815,-21598.7,70.155,0.395167
1230000,67,299.219,-21629.2,72.0998,0.3979
1245000,73,316.85,-21599,63.8562,0.405067
1260000,65,266.832,-21607.2,70.8181,0.396133
1275000,66,284.248,-21629,71.4828,0.402244
1290000,66,291.36,-21642.5,57.4924,0.4064
1305000,67,303.5,-21626.3,58.2995,0.4096
1320000,58,258.434,-21621.1,69.4782,0.402333
1335000,69,307.016,-21595.3,65.4867,0.41136
1350000,69,284.224,-21611.2,66.0192,0.400033
1365000,61,259.535,-21589.6,79.2142,0.390333
1380000,74,347.232,-21596.4,78.0013,0.4104
1395000,71,311.176,-21580.9,56.251,0.410967
1410000,54,232.945,-21587.6,63.8176,0.393233
1425000,66,278.538,-21589,56.6561,0.387133
1440000,80,356.44,-21599.3,78.216,0.397933
1455000,80,352.886,-21604.7,85.6419,0.414933
1470000,64,288.82,-21598,63.0134,0.388356
1485000,43,195.887,-21673.5,42.0287,0.379238
1500000,74,316.53,-21612.3,88.6468,0.420644
1515000,63,278.504,-21616,80.0761,0.399933
1530000,55,225.55,-21598,48.0883,0.38775
1545000,63,271.742,-21618.8,67.3004,0.404667
1560000,77,340.653,-21601.1,68.3703,0.411933
1575000,69,296.297,-21641.7,67.5508,0.405422
1590000,71,312.314,-21618.3,77.0194,0.407933
1605000,68,297.203,-21609.3,76.2606,0.407467
1620000,70,300.078,-21613.1,65.7156,0.405267
1635000,55,234.153,-21609,54.838,0.408067
1650000,49,201.51,-21617.6,59.0799,0.382
1665000,54,220.64,-21621.8,53.1491,0.404017
1680000,56,237.174,-21596.7,68.7492,0.375067
1695000,69,290.132,-21611.1,53.9606,0.395933
1710000,63,254.484,-21608.4,53.3251,0.388767
1725000,71,293.636,-21592.4,81.2563,0.3954
1740000,75,330.196,-21659.7,86.8438,0.406289
1755000,62,271.281,-21633.2,44.5274,0.4152
1770000,49,207.622,-21627.7,50.0917,0.389533
1785000,51,238.064,-21627.8,56.2169,0.394
1800000,71,308.632,-21609.6,71.4574,0.395133
1815000,54,242.212,-21637.9,42.1305,0.394033
1830000,51,219.4,-21622.9,54.3286,0.399133
1845000,64,280.244,-21626.5,62.5918,0.389258
1860000,60,269.726,-21630.2,45.7989,0.400133
1875000,67,288.479,-21649.4,81.7984,0.403133
1890000,80,360.126,-21638.9,70.7531,0.411556
1905000,61,264.721,-21657.1,73.2212,0.4235
1920000,70,290.127,-21624.4,71.0591,0.423733
1935000,62,273.16,-21621,57.5249,0.397
1950000,74,323.173,-21621,71.811,0.405867
1965000,78,335.682,-21625.4,71.3484,0.4216
1980000,52,212.38,-21624.7,53.2175,0.398733
1995000,75,338.691,-21611.8,76.6351,0.4181
2010000,63,289.867,-21614.5,67.4906,0.398179
2025000,72,294.445,-21613.1,71.1714,0.403933
2040000,70,326.948,-21608.7,59.0498,0.406267
2055000,61,272.79,-21601,63.6198,0.396067
2070000,74,328.485,-21624.2,71.8327,0.39835
2085000,72,310.487,-21603.5,67.0302,0.3985
2100000,77,346.102,-21585.9,67.3351,0.403067
2115000,59,257.595,-21618.3,64.5181,0.404289
2130000,61,264.937,-21610.9,63.6283,0.392133
2145000,56,247.565,-21648.3,65.5906,0.40083
2160000,56,256.218,-21598.5,73.6157,0.403833
2175000,66,297.756,-21611.4,72.6859,0.391467
2190000,47,204.798,-21627.6,45.856,0.394944
2205000,65,297.723,-21611.6,61.0671,0.4045
2220000,68,310.375,-21639.8,60.8811,0.40412
2235000,60,267.435,-21604.8,67.3416,0.398
2250000,62,283.298,-21624.2,56.1418,0.399533
2265000,61,256.663,-21608.8,58.7611,0.4064
2280000,59,257.104,-21630.6,69.1501,0.407683
2295000,60,262.944,-21620.2,80.7712,0.4029
2310000,63,284.92,-21598.9,57.7152,0.402733
2325000,67,278.566,-21608.4,68.1825,0.399733
2340000,66,273.78,-21613.6,66.962,0.402267
2355000,57,245.084,-21636.4,52.7816,0.3824
2370000,63,282.867,-21658.8,53.0103,0.401933
2385000,44,188.15,-21631.1,45.5982,0.403
2400000,50,222.455,-21626.6,45.0988,0.382667
2415000,69,302.374,-21619.9,70.6767,0.388862
2430000,63,273.354,-21616.7,70.8644,0.4086
2445000,84,351.483,-21590.4,96.3147,0.396812
2460000,86,385.381,-21605,88.9477,0.408333
2475000,65,280.095,-21632.2,68.0224,0.396827
2490000,77,329.044,-21585.7,80.9168,0.410633
2505000,60,256.157,-21608,60.8594,0.3964
2520000,65,290.568,-21604.3,64.7222,0.3904
2535000,78,311.772,-21607.3,86.7913,0.418156
2550000,65,283.713,-21599.1,56.1645,0.404108
2565000,57,244.698,-21629.8,51.6858,0.3918
2580000,77,346.085,-21602.5,80.799,0.4146
2595000,86,379.576,-21596.7,81.2126,0.413733
2610000,77,353.329,-21586.7,68.9461,0.4054
2625000,56,254.552,-21650.6,48.8107,0.386217
2640000,69,317.699,-21596.2,74.4922,0.406667
2655000,72,312.166,-21605.8,59.1516,0.3996
2670000,65,272.326,-21578,71.5041,0.393867
2685000,72,312.033,-21602.7,74.0882,0.397167
2700000,60,280.566,-21623.9,45.9645,0.3958
2715000,76,310.786,-21613.9,64.1784,0.389622
2730000,80,348.45,-21574,95.0583,0.399667
2745000,76,323.592,-21591.1,89.6076,0.3954
2760000,77,341.218,-21588.5,64.9202,0.404467
2775000,71,331.465,-21589.6,67.2784,0.413667
2790000,54,241.623,-21606.2,63.512,0.395188
2805000,60,263.984,-21623.3,51.8592,0.382
2820000,83,364.104,-21622.1,83.1045,0.4082
2835000,70,300.408,-21635.7,56.4888,0.4146
2850000,47,197.144,-21641.8,57.0754,0.399473
2865000,60,265.772,-21614.8,58.0811,0.4025
2880000,56,227.245,-21658.5,43.6268,0.400833
2895000,69,313.897,-21647.7,70.2492,0.402256
2910000,56,239.953,-21614.1,51.2689,0.4134
2925000,56,243.874,-21597.7,49.9113,0.4052
2940000,55,242.382,-21641.3,54.5031,0.3989
2955000,54,244.832,-21621.8,45.6675,0.393467
2970000,50,207.751,-21625.2,66.9922,0.362333
2985000,67,291.06,-21636.2,68.41,0.383333
3000000,58,261.721,-21647.2,54.6132,0.391858
3015000,73,326.443,-21605.4,76.4879,0.3904
3030000,62,275.956,-21617,58.968,0.401444
3045000,78,343.866,-21620,79.5376,0.4002
3060000,69,324.754,-21616.7,59.583,0.4064
3075000,70,300.804,-21627.4,50.8563,0.410667
3090000,73,309.506,-21608.7,64.469,0.4094
3105000,65,285.347,-21635.4,60.7227,0.403573
3120000,46,196.239,-21631.6,58.1784,0.395867
3135000,48,210.773,-21652.9,51.5667,0.387444
3150000,55,236.912,-21654.9,37.2818,0.392613
3165000,61,267.49,-21637.7,68.7861,0.397933
3180000,46,195.925,-21629.6,38.7894,0.385017
3195000,57,245.649,-21637.1,72.2345,0.4024
3210000,54,223.106,-21633.7,45.7742,0.396733
3225000,60,264.682,-21632.5,53.4666,0.399756
3240000,56,245.514,-21637,63.9832,0.3856
3255000,71,314.308,-21630.1,81.9165,0.400167
3270000,62,260.082,-21616,59.7956,0.392217
3285000,62,275.577,-21621.7,59.0972,0.3928
3300000,63,265.661,-21660.1,66.2653,0.409978
3315000,58,238.794,-21621.4,56.4201,0.411173
3330000,48,216.357,-21616.6,52.8037,0.3822
3345000,43,184.748,-21640.7,33.9194,0.392111
3360000,62,275.115,-21641,45.9875,0.408573
3375000,53,228.263,-21643,51.744,0.388433
3390000,52,220.619,-21643.9,42.9548,0.4008
3405000,57,239.676,-21633.7,61.3387,0.4042
3420000,59,270.355,-21631.9,54.504,0.395067
3435000,57,245.726,-21654.4,49.6056,0.403633
3450000,52,225.634,-21647.5,32.9337,0.397267
3465000,43,195.394,-21664.5,39.8013,0.4014
3480000,46,196.829,-21652.1,59.4621,0.398267
3495000,51,203.336,-21658.8,51.6265,0.394697
3510000,45,198.869,-21653.7,48.2365,0.396613
3525000,45,195.454,-21656.2,61.1639,0.3922
3540000,54,233.179,-21635.4,59.8189,0.387733
3555000,69,311.508,-21640.2,84.5454,0.401133
3570000,74,326.51,-21610.6,60.9379,0.404911
3585000,71,301.771,-21615.2,67.387,0.408733
3600000,65,289.437,-21625,78.3166,0.4106
3615000,60,256.946,-21620.9,59.2637,0.40915
3630000,55,223.093,-21649.2,54.4543,0.399222
3645000,69,304.243,-21604.9,71.1085,0.396833
3660000,53,237.195,-21634.7,67.708,0.398017
3675000,72,317.965,-21617,59.2977,0.399633
3690000,59,259.356,-21611.9,64.29,0.398167
3705000,61,255.045,-21630.7,53.9104,0.3975
3720000,55,229.092,-21625.7,52.0213,0.400467
3735000,48,211.82,-21644.9,57.4787,0.391238
3750000,51,203.452,-21631.5,62.044,0.406667
3765000,46,206.463,-21637.5,53.4672,0.3937
3780000,54,226.287,-21650.9,54.6157,0.394117
3795000,53,221.281,-21647.3,65.2298,0.395222
3810000,64,276.405,-21617.1,67.0213,0.406556
3825000,58,259.05,-21636.7,54.2129,0.403378
3840000,63,259.332,-21616.7,63.6368,0.4082
3855000,77,330.769,-21619.4,76.8138,0.4096
3870000,73,317.956,-21595,65.3616,0.424867
3885000,72,326.456,-21605.2,70.393,0.400467
3900000,65,280.005,-21596,66.099,0.3964
3915000,62,266.744,-21604.6,63.2791,0.4036
3930000,62,280.252,-21599.5,66.7489,0.392267
3945000,66,288.945,-21619.4,72.0306,0.395333
3960000,59,250.281,-21654.2,69.8126,0.389418
3975000,58,254.216,-21626.9,50.5471,0.3882
3990000,61,263.768,-21636.2,70.9893,0.397352
4005000,52,227.378,-21627.8,62.6013,0.394756
4020000,60,253.739,-21602.8,80.0506,0.401
4035000,61,273.912,-21586.1,53.3864,0.3974
4050000,69,307.676,-21598.4,60.6706,0.403933
4065000,66,272.475,-21606.8,72.028,0.390444
4080000,59,262.017,-21614,69.9737,0.403133
4095000,76,355.115,-21590.5,76.3194,0.404267
4110000,91,402.413,-21571.3,96.1198,0.4095
4125000,86,366.6,-21586,98.1439,0.417667
4140000,85,394.582,-21590.9,93.8809,0.4122
4155000,73,326.985,-21590.6,58.4049,0.407467
4170000,73,337.781,-21609.2,54.7887,0.404422
4185000,53,232.905,-21622.8,60.0176,0.399511
4200000,52,222.814,-21591.2,57.4297,0.394933
4215000,62,272.771,-21620.2,50.4281,0.408089
4230000,43,199.535,-21634.2,43.9494,0.389422
4245000,56,238.474,-21617,58.9936,0.383933
4260000,59,260.947,-21632,59.2865,0.403222
4275000,55,226.375,-21607.8,63.1246,0.3885
4290000,60,262.46,-21647.8,79.0986,0.393533
4305000,50,221.003,-21646.8,50.4575,0.403267
4320000,45,203.687,-21642.7,49.8204,0.383733
4335000,57,252.82,-21620,77.5993,0.393667
4350000,56,242.505,-21625.6,46.6836,0.394533
4365000,54,244.435,-21640.2,47.9863,0.388822
4380000,53,227.514,-21634.7,59.6135,0.393933
4395000,53,232.907,-21636.2,46.6589,0.384339
4410000,56,229.839,-21625.7,68.3529,0.3816
4425000,66,284.68,-21629.7,74.0357,0.389467
4440000,63,264.687,-21634,70.919,0.3888
4455000,54,229.536,-21613.8,62.4828,0.377213
4470000,56,247.85,-21612.6,60.9871,0.388981
4485000,57,266.728,-21630,49.307,0.3912
4500000,57,262.514,-21630.9,54.239,0.386533
4515000,70,309.505,-21643.3,60.5165,0.399667
4530000,54,232.536,-21646.8,53.1309,0.4184
4545000,63,272.085,-21635.8,54.485,0.399467
4560000,58,234.41,-21640,54.185,0.3913
4575000,66,289.771,-21616.8,62.5559,0.404587
4590000,71,317.124,-21620.7,69.3522,0.406778
4605000,64,286.46,-21648.4,50.8647,0.404933
4620000,48,212.267,-21649.3,47.1024,0.40545
4635000,54,227.12,-21607.4,49.8365,0.3975
4650000,77,330.119,-21601.3,80.541,0.397707
4665000,82,381.017,-21586.2,77.8682,0.416067
4680000,55,244.245,-21631.9,51.9955,0.401
4695000,81,375.252,-21594.9,83.3585,0.409233
4710000,85,381.129,-21586.2,77.5296,0.409667
4725000,54,228.086,-21641.6,46.8735,0.401733
4740000,82,357.397,-21592.8,79.5145,0.4117
4755000,67,285.163,-21606.3,67.7603,0.399133
4770000,65,280.555,-21601.3,67.7201,0.402333
4785000,53,238.66,-21603.8,63.218,0.385533
4800000,62,272.129,-21621.4,67.9297,0.397933
4815000,72,305.921,-21606.4,86.8225,0.4006
4830000,66,293.576,-21593.1,70.6974,0.395
4845000,79,338.786,-21583.1,88.6674,0.400467
4860000,75,298.911,-21584.8,71.6214,0.4128
4875000,75,340.811,-21585.5,72.4141,0.407267
4890000,64,287.415,-21597.3,58.6799,0.402
4905000,62,277.828,-21612.2,60.1431,0.396029
4920000,69,299.209,-21593.6,57.188,0.404333
4935000,54,213.84,-21630.1,54.1612,0.393552
4950000,67,297.81,-21569.7,79.1931,0.399467
4965000,83,348.373,-21590.9,78.4344,0.407933
4980000,45,204.443,-21619,45.5706,0.392533
4995000,58,254.653,-21629.3,53.9773,0.40392
5010000,61,246.975,-21592.3,55.2829,0.3988
5025000,68,295.569,-21610.6,79.0629,0.399733
5040000,78,336.104,-21595.2,84.0981,0.415467
5055000,73,320.629,-21594.6,70.0485,0.413133
5070000,70,315.365,-21604.7,72.7793,0.398622
5085000,64,292.004,-21619.2,54.9027,0.4034
5100000,51,217.134,-21625.9,60.5716,0.402044
5115000,66,282.017,-21630,73.4759,0.406533
5130000,65,295.562,-21609.7,53.6311,0.395033
5145000,61,259.571,-21605.2,74.5321,0.402267
5160000,52,233.876,-21617.9,58.4888,0.3878
5175000,64,268.436,-21601,60.6057,0.384533
5190000,55,242.403,-21628.8,41.4883,0.380467
5205000,56,240.117,-21622.9,62.2722,0.396133
5220000,56,252.273,-21596.2,60.0391,0.384133
5235000,55,246.259,-21646.8,52.5475,0.386333
5250000,72,304.006,-21594.8,75.7017,0.3917
5265000,74,325.377,-21588.9,83.8174,0.393533
5280000,69,291.098,-21601.6,75.2913,0.398267
5295000,53,230.813,-21623.7,54.8348,0.38055
5310000,74,314.02,-21613.1,71.7302,0.396633
5325000,62,275.552,-21614.2,56.6602,0.398733
5340000,41,178.127,-21647.2,40.5113,0.383899
5355000,74,319.732,-21614.1,64.644,0.405022
5370000,68,286.578,-21624.4,62.1847,0.4156
5385000,64,301.523,-21632,62.6967,0.402983
5400000,63,276.719,-21624.5,58.5148,0.4062
5415000,71,324.541,-21632.7,71.8274,0.400867
5430000,61,252.349,-21630.9,40.2277,0.401244
5445000,56,249.085,-21635.2,54.4357,0.388867
5460000,43,174.263,-21653.1,45.5672,0.388533
5475000,57,235.882,-21632.7,52.3662,0.395333
5490000,61,265.185,-21617.2,59.2371,0.384267
5505000,59,251.202,-21640.5,58.5808,0.388556
5520000,50,218.202,-21643.3,46.4954,0.393633
5535000,46,207.947,-21645,49.7934,0.382
5550000,51,220.651,-21670.6,67.0712,0.392867
5565000,40,178.502,-21663.3,47.5533,0.391111
5580000,60,270.816,-21640,61.5409,0.4044
5595000,62,273.183,-21636.7,48.5259,0.3958
5610000,43,186.79,-21650.6,38.1965,0.407433
5625000,68,281.409,-21628.6,58.2369,0.403667
5640000,43,196.913,-21642.3,48.146,0.377967
5655000,62,278.663,-21610.9,59.0055,0.406433
5670000,67,286.834,-21617.5,64.8228,0.399933
5685000,63,286.414,-21628.3,53.0505,0.401333
5700000,59,262.831,-21608.7,57.5332,0.402133
5715000,66,285.952,-21609.1,85.8812,0.382267
5730000,76,311.882,-21607.3,67.0717,0.412933
5745000,70,312.9,-21621.1,74.8386,0.405
5760000,74,321.654,-21635.7,63.5944,0.391087
5775000,73,326.061,-21605,71.9818,0.4019
5790000,62,280.642,-21625.9,56.0884,0.3868
5805000,77,343.354,-21623.6,89.4121,0.407767
5820000,54,230.65,-21651,47.8746,0.3975
5835000,66,283.825,-21634.4,53.7425,0.408867
5850000,68,313.852,-21620.5,88.863,0.4096
5865000,69,299.107,-21592.4,87.0765,0.404187
5880000,64,282.153,-21641.9,66.0863,0.4002
5895000,68,281.128,-21605.8,62.7604,0.409733
5910000,65,279.912,-21598.2,61.0836,0.399889
5925000,63,258.595,-21593.2,69.8081,0.3932
5940000,76,324.977,-21611.6,70.9481,0.4012
5955000,77,319.262,-21609.2,83.3356,0.4116
5970000,71,296.219,-21600.7,89.0833,0.414733
5985000,82,337.971,-21610.3,61.5096,0.409467
6000000,81,316.236,-21629,72.1921,0.419933
6015000,70,296.837,-21598.5,81.5353,0.4084
6030000,74,297.004,-21644,69.492,0.402807
6045000,52,216.522,-21622.4,46.868,0.405273
6060000,59,253.448,-21645.3,78.7738,0.39
6075000,64,272.858,-21592.4,55.4711,0.387067
6090000,59,264.354,-21572.5,50.6655,0.382067
6105000,78,349.439,-21579,80.5492,0.3972
6120000,57,248.626,-21628.1,55.0044,0.393567
6135000,61,259.244,-21651.3,54.1067,0.394067
6150000,57,253.512,-21620.3,50.3697,0.404222
6165000,62,287.598,-21622.4,68.4625,0.400567
6180000,65,281.269,-21619,54.8414,0.390667
6195000,58,243.691,-21637.3,57.1884,0.402111
6210000,72,328.516,-21605.4,71.5566,0.404933
6225000,78,331.54,-21613.5,72.6079,0.405578
6240000,82,367.76,-21619.5,74.2595,0.4096
6255000,72,316.25,-21594.3,60.2189,0.404267
6270000,57,245.064,-21601.1,55.365,0.394967
6285000,80,336.711,-21614.3,82.1167,0.399433
6300000,58,255.163,-21606.5,61.5211,0.405333
6315000,64,286.853,-21592,58.3946,0.390422
6330000,66,306.631,-21606.2,60.3952,0.391267
6345000,64,290.222,-21611.5,72.6423,0.397867
6360000,67,297.863,-21629.2,75.8928,0.399928
6375000,69,304.308,-21602.1,63.7598,0.392967
6390000,68,293.309,-21622.9,68.0618,0.406844
6405000,69,287.268,-21656.3,65.6815,0.409689
6420000,63,266.325,-21609.3,51.3469,0.395978
6435000,70,297.296,-21612.9,70.7259,0.405378
6450000,61,272.971,-21612.5,51.7432,0.395067
6465000,53,243.892,-21631.2,43.0477,0.39895
6480000,62,276.105,-21601.6,59.073,0.395833
6495000,83,358.173,-21597.9,77.8939,0.400813
6510000,71,303.004,-21609.9,74.1259,0.410367
6525000,69,291.561,-21589.3,78.1279,0.4002
6540000,69,283.022,-21609.9,63.824,0.397867
6555000,66,277.873,-21586.4,67.351,0.397933
6570000,57,255.624,-21621.1,62.2006,0.394733
6585000,52,235.986,-21623.1,59.864,0.369667
6600000,70,314.239,-21620.2,60.9183,0.3938
6615000,77,350.743,-21603.5,90.4184,0.401693
6630000,74,329.277,-21640.1,93.3626,0.4086
6645000,76,319.479,-21615.4,72.13,0.423867
6660000,75,319.746,-21612.7,74.4724,0.423022
6675000,72,296.641,-21605.6,82.1299,0.416067
6690000,47,211.393,-21641.1,39.4149,0.396556
6705000,61,257.364,-21630.6,56.0042,0.406383
6720000,65,284.639,-21641,68.8051,0.421867
6735000,75,304.538,-21615.5,80.3117,0.419867
6750000,67,282.605,-21629.5,62.4014,0.418067
6765000,45,200.187,-21650.4,47.1476,0.395867
6780000,80,359.012,-21629.1,72.0642,0.421333
6795000,62,256.374,-21617.6,67.3991,0.399617
6810000,63,267.636,-21620.4,51.0186,0.3882
6825000,71,293.542,-21632.6,65.2261,0.404822
6840000,58,264.742,-21642.5,51.706,0.403533
6855000,52,228.254,-21633.2,46.6858,0.3724
6870000,72,299.841,-21614.5,71.1811,0.40035
6885000,47,183.663,-21608.5,41.5526,0.365433
6900000,46,213.027,-21594.2,42.3231,0.366
6915000,62,255.745,-21613.9,55.3038,0.403311
6930000,65,270.491,-21612.6,62.8295,0.372533
6945000,61,262.632,-21615.6,45.006,0.3849
6960000,62,280.173,-21591.9,66.0026,0.381533
6975000,56,251.24,-21615.6,49.8191,0.376533
6990000,68,298.92,-21635.1,68.1498,0.401553
7005000,60,250.663,-21588.5,65.427,0.381133
7020000,63,265.89,-21604.9,77.8936,0.399267
7035000,63,278.761,-21650,61.4052,0.402733
7050000,73,318.866,-21603.6,75.7111,0.407956
7065000,59,258.492,-21603.5,57.228,0.386067
7080000,63,286.987,-21626.5,62.3031,0.399217
7095000,67,286.007,-21606.8,76.2512,0.402867
7110000,60,255.532,-21602.4,49.5001,0.389911
7125000,77,336.097,-21624.3,64.346,0.404833
7140000,67,288.822,-21606.5,56.5136,0.405067
7155000,64,278.185,-21605.8,66.8028,0.398933
7170000,69,302.566,-21631.7,83.2103,0.409067
7185000,49,211.975,-21652.2,48.0984,0.384893
7200000,50,218.83,-21633.6,49.0237,0.3892
7215000,53,230.534,-21622.8,43.5733,0.398889
7230000,53,234.104,-21632.1,45.285,0.375567
7245000,69,295.083,-21633.9,71.2006,0.403414
7260000,48,215.509,-21632.5,55.4742,0.3904
7275000,67,293.851,-21645.7,67.4703,0.404683
7290000,59,250.211,-21640,58.1952,0.416778
7305000,62,279.118,-21630,64.7025,0.4026
7320000,72,308.775,-21621.9,73.7653,0.410933
7335000,62,270.005,-21593.3,53.3362,0.407067
7350000,78,340.622,-21591.3,73.5828,0.4096
7365000,53,230.056,-21644.5,64.0846,0.374343
7380000,80,348.671,-21605.7,89.1187,0.420533
7395000,81,365.145,-21617.6,78.1423,0.406575
7410000,79,342.482,-21600.1,85.2681,0.4006
7425000,64,282.126,-21615.5,50.429,0.406733
7440000,68,308.125,-21623.2,77.0089,0.404733
7455000,71,301.205,-21627,71.9365,0.407333
7470000,47,189.63,-21648.3,37.0188,0.380943
7485000,43,177.614,-21632.1,48.332,0.392767
7500000,51,219.693,-21609.6,62.496,0.362267
7515000,57,243.663,-21634,64.0543,0.390933
7530000,61,261.928,-21631.8,54.8824,0.3964
7545000,60,268.678,-21632.1,72.7832,0.406
7560000,57,240.914,-21632.7,62.4843,0.3952
7575000,74,319.602,-21625.5,80.5576,0.402867
7590000,67,287.806,-21621.2,60.8533,0.405533
7605000,65,299.953,-21642.4,64.5451,0.392875
7620000,57,258.105,-21598.5,68.5417,0.3957
7635000,46,202.005,-21647.2,45.6097,0.38797
7650000,62,268.926,-21623.1,66.1698,0.399667
7665000,59,261.48,-21623.5,55.2251,0.406367
7680000,62,269.974,-21621.3,61.557,0.407467
7695000,57,253.717,-21625.1,60.4014,0.3995
7710000,57,238.788,-21583.6,60.9104,0.4154
7725000,77,330.736,-21624,82.6217,0.406889
7740000,84,345.505,-21584.3,85.8274,0.409
7755000,85,368.47,-21600.6,74.4816,0.407467
7770000,79,338.541,-21580,80.7424,0.410233
7785000,73,334.835,-21576.6,81.2889,0.408
7800000,64,292.092,-21570.9,58.5604,0.395
7815000,70,314.57,-21596.9,70.3215,0.398733
7830000,76,336.412,-21624.8,79.202,0.40064
7845000,65,287.971,-21604.2,65.2291,0.412533
7860000,65,274.706,-21632.2,49.9443,0.4081
7875000,66,279.371,-21627.5,72.8737,0.393467
7890000,57,245.801,-21641.9,62.9732,0.402133
7905000,78,352.016,-21615.2,80.7001,0.395067
7920000,57,255.16,-21631.7,58.8186,0.398031
7935000,60,272.007,-21642.5,62.6099,0.400867
7950000,59,247.663,-21618,64.6894,0.412844
7965000,58,256.589,-21611.2,51.2037,0.3956
7980000,55,239.864,-21596.9,58.6248,0.3912
7995000,60,255.44,-21612.6,76.3346,0.387533
8010000,66,281.566,-21621.4,60.5893,0.388467
8025000,67,275.297,-21613.7,75.1356,0.410133
8040000,61,273.386,-21605.4,67.0757,0.398733
8055000,47,200.352,-21621.2,49.1216,0.382733
8070000,58,260.393,-21615.8,58.585,0.3812
8085000,54,236.054,-21629.5,56.6309,0.38996
8100000,58,255.703,-21617.5,44.2171,0.399867
8115000,53,227.447,-21619.3,44.8237,0.386533
8130000,62,247.313,-21660,61.4534,0.399133
8145000,70,309.196,-21605.7,58.0498,0.3952
8160000,47,207.594,-21659.4,41.0284,0.3951
8175000,61,266.451,-21631.2,72.5698,0.395033
8190000,59,260.299,-21638.5,67.794,0.406233
8205000,57,244.658,-21636.3,54.8274,0.400267
8220000,77,340.078,-21583.3,64.1531,0.407427
8235000,76,307.665,-21601.2,68.9933,0.404867
8250000,66,278.051,-21639.1,48.8804,0.402844
8265000,69,316.066,-21623.8,76.8577,0.396933
8280000,55,245.36,-21647.6,50.2891,0.397581
8295000,58,238.026,-21609.5,61.3506,0.4004
8310000,42,183.969,-21661.6,49.5341,0.383067
8325000,65,255.275,-21616.8,67.796,0.405867
8340000,69,294.554,-21609.7,61.729,0.404867
8355000,60,263.019,-21626.4,68.1485,0.405667
8370000,64,279.741,-21619,55.5033,0.403467
8385000,73,306.061,-21621.1,76.1271,0.401667
8400000,60,269.359,-21632.8,59.7282,0.401213
8415000,40,183.276,-21663.6,40.7205,0.386743
8430000,59,252.483,-21635.1,52.6902,0.397844
8445000,58,254.699,-21624,51.4901,0.387667
8460000,67,288.368,-21603,60.8357,0.4083
8475000,50,219.395,-21662.1,35.3453,0.402233
8490000,63,289.373,-21610.1,74.487,0.392067
8505000,69,315.914,-21613.3,58.4611,0.394267
8520000,69,292.459,-21599.4,65.379,0.408667
8535000,69,294.217,-21588.5,74.4597,0.399
8550000,67,286.133,-21575.3,52.4509,0.398933
8565000,71,301.899,-21592.3,78.9605,0.395583
8580000,71,309.738,-21620.1,73.2411,0.4055
8595000,69,301.995,-21604.8,62.4958,0.402933
8610000,77,325.455,-21621.6,73.4638,0.4087
8625000,70,290.546,-21586.7,63.8526,0.405133
8640000,79,326.332,-21612,72.0192,0.421267
8655000,74,316.252,-21623.3,67.5882,0.4144
8670000,73,323.703,-21620.4,83.15,0.419067
8685000,68,311.019,-21638.7,71.0487,0.416483
8700000,68,289.705,-21634,63.244,0.408933
8715000,79,328.052,-21620.2,65.5816,0.412067
8730000,71,322.523,-21637,71.1065,0.4216
8745000,52,224.078,-21614.5,53.5167,0.405867
8760000,50,200.87,-21623,54.5882,0.4011
8775000,55,237.965,-21627.6,55.8654,0.3988
8790000,45,189.291,-21666.2,44.4731,0.401486
8805000,48,210.317,-21665.9,47.8199,0.400467
8820000,64,281.83,-21610.8,69.7625,0.403467
8835000,46,192.814,-21611,36.6499,0.375233
8850000,66,300.999,-21600.3,62.2133,0.3939
8865000,56,237.593,-21616.9,52.7245,0.385567
8880000,84,368.82,-21610.9,83.6947,0.417367
8895000,55,234.32,-21634.4,48.444,0.415667
8910000,66,299.12,-21649.4,64.3238,0.405924
8925000,64,277.899,-21629,52.3665,0.418833
8940000,49,222.151,-21620.6,43.8767,0.38692
8955000,52,224.662,-21643,46.2909,0.412867
8970000,53,218.653,-21635.8,61.2308,0.378167
8985000,70,292.01,-21629.7,84.0352,0.407267
9000000,59,248.585,-21648.9,51.1359,0.400453
9015000,73,316.627,-21615.2,67.9409,0.405467
9030000,58,264.039,-21640.7,60.0333,0.4119
9045000,55,234.269,-21652.7,56.3361,0.3982
9060000,67,282.272,-21594,67.5572,0.394544
9075000,75,334.847,-21568.1,81.784,0.3952
9090000,72,304.495,-21587.8,83.606,0.396933
9105000,76,323.168,-21583.6,65.9394,0.4012
9120000,82,366.37,-21590,74.4604,0.409267
9135000,63,260.506,-21578.1,55.4744,0.4036
9150000,55,228.575,-21644.6,60.5356,0.400141
9165000,66,295.095,-21613.9,66.8055,0.395167
9180000,60,272.16,-21586,54.9338,0.377867
9195000,71,306.931,-21589.9,68.6547,0.387933
9210000,64,283.863,-21629.2,66.0394,0.3947
9225000,71,295.108,-21577.2,80.4447,0.394233
9240000,73,326.118,-21625.6,81.5033,0.407292
9255000,66,293.121,-21598.7,68.779,0.391633
9270000,70,299.613,-21579.8,78.0462,0.398467
9285000,67,275.524,-21589.7,83.3546,0.3948
9300000,70,302.828,-21599.7,61.159,0.4134
9315000,61,260.684,-21657.2,52.4981,0.400629
9330000,60,272.454,-21635.4,67.4717,0.4168
9345000,62,272.302,-21633.8,86.2411,0.408489
9360000,68,298.724,-21610.4,69.1593,0.4063
9375000,63,271.686,-21644.3,55.795,0.409422
9390000,61,268.794,-21606.2,54.9311,0.407933
9405000,63,265.825,-21617.3,60.217,0.403867
9420000,57,246.448,-21631.1,65.1795,0.39756
9435000,62,244.614,-21617.3,58.646,0.395267
9450000,81,344.533,-21617.5,80.7848,0.404
9465000,70,286.866,-21608.3,67.0324,0.410767
9480000,79,339.527,-21620.6,83.2997,0.410133
9495000,71,280.701,-21599,62.6477,0.4132
9510000,63,268.049,-21616,85.8245,0.395244
9525000,52,234.395,-21604.3,62.166,0.4016
9540000,78,336.795,-21588.7,87.8533,0.396333
9555000,64,275.859,-21603.5,75.0796,0.401417
9570000,77,339.809,-21612.2,77.1519,0.405567
9585000,66,274.341,-21627.5,64.6694,0.4122
9600000,57,239.485,-21624.7,62.2925,0.401067
9615000,69,315.971,-21619.5,62.0323,0.4011
9630000,62,269.749,-21633.7,64.671,0.4036
9645000,55,238.231,-21607.1,48.5852,0.393
9660000,77,339.392,-21615.4,72.6605,0.403756
9675000,55,218.522,-21644.4,71.5688,0.407133
9690000,56,238.943,-21615.6,42.5755,0.408633
9705000,67,290.531,-21610.6,53.6644,0.3794
9720000,55,239.101,-21650.9,57.2728,0.377089
9735000,71,311.14,-21612.5,62.5464,0.406767
9750000,64,288.629,-21618.9,63.0026,0.403
9765000,77,327.637,-21595.6,70.3865,0.4082
9780000,73,327.121,-21620.2,67.8234,0.4122
9795000,74,333.061,-21613.3,69.5538,0.410133
9810000,68,304.648,-21624.8,58.4882,0.412067
9825000,61,265.336,-21622.6,63.8623,0.399933
9840000,62,272.779,-21611,74.1985,0.401733
9855000,57,250.567,-21634.1,51.41,0.394467
9870000,91,395.087,-21610.9,101.419,0.40955
9885000,78,352.993,-21621.7,67.8724,0.426133
9900000,53,240.376,-21621,43.391,0.403333
9915000,63,293.627,-21612.2,57.5584,0.4018
9930000,62,272.919,-21618.9,66.5848,0.417733
9945000,69,312.037,-21631.5,67.3605,0.400267
9960000,62,271.197,-21643.4,54.3895,0.409133
9975000,58,261.111,-21611.4,52.5234,0.390578
9990000,55,243.45,-21608.4,54.9284,0.406933
10005000,71,305.77,-21607.5,63.6933,0.4022
10020000,65,297.375,-21627.7,77.7712,0.388378
10035000,68,300.656,-21616,69.4978,0.404947
10050000,49,228.453,-21618.4,48.1848,0.389
10065000,71,305.967,-21608.2,54.1316,0.4045
10080000,46,214.577,-21616,56.0541,0.376667
10095000,68,288.583,-21616.3,57.6466,0.415
10110000,66,272.002,-21588.9,59.7065,0.405333
10125000,61,263.581,-21622.4,55.1194,0.393333
10140000,51,213.706,-21628,49.1839,0.395933
10155000,57,248.721,-21618.2,65.8647,0.397133
10170000,70,299.624,-21593.3,71.9282,0.396667
10185000,65,282.55,-21602.2,60.985,0.397333
10200000,78,345.017,-21607.9,79.3399,0.4172
10215000,79,339.607,-21625.3,74.565,0.411
10230000,69,309.622,-21554.3,52.3468,0.4046
10245000,56,247.989,-21620.7,57.9309,0.377521
10260000,92,394.588,-21592.9,82.2591,0.415467
10275000,92,412.829,-21567.7,89.9379,0.4308
10290000,96,428.453,-21602.6,97.2979,0.414267
10305000,92,410.705,-21580,107.578,0.425
10320000,47,206.702,-21635.4,39.3877,0.382853
10335000,73,313.271,-21600.7,65.7199,0.410467
10350000,52,233.884,-21619.6,54.5657,0.3741
10365000,66,288.484,-21600.2,76.2059,0.402167
10380000,74,331.682,-21593.1,73.3684,0.4008
10395000,60,266.193,-21610.2,65.34,0.397844
10410000,79,350.066,-21580.5,80.0972,0.4095
10425000,63,258.482,-21654.5,62.4684,0.396552
10440000,70,307.639,-21586.6,73.6683,0.410267
10455000,64,278.523,-21611.6,71.7008,0.405
10470000,78,332.236,-21607.1,76.3919,0.411
10485000,59,235.491,-21626.9,61.9164,0.404017
10500000,59,260.088,-21616.3,60.933,0.4136
10515000,62,263.519,-21627.5,63.8679,0.397733
10530000,63,254.329,-21641,70.4483,0.410333
10545000,66,276.698,-21613.6,45.7498,0.393217
10560000,59,253.329,-21633.8,59.2849,0.3985
10575000,49,205.528,-21596.6,58.4392,0.392733
10590000,54,225.845,-21634.5,51.7958,0.384667
10605000,69,289.528,-21624.5,66.4247,0.386167
10620000,62,289.384,-21641.2,61.3973,0.3987
10635000,58,243.577,-21598.3,53.0727,0.402833
10650000,61,272.49,-21615.3,68.8612,0.389
10665000,68,288.394,-21604.7,66.7203,0.392133
10680000,63,272.319,-21637,73.0435,0.402933
10695000,67,281.2,-21607.1,75.1907,0.3965
10710000,46,207.077,-21632.4,42.9402,0.390367
10725000,69,299.28,-21591.7,73.0683,0.4003
10740000,77,337.749,-21582.1,76.1622,0.4006
10755000,77,328.176,-21604.9,81.4607,0.406733
10770000,85,378.001,-21609.3,90.828,0.411
10785000,83,362.935,-21584.7,67.8012,0.409067
10800000,89,395.575,-21572.7,77.5563,0.409133
10815000,53,232.763,-21652.9,43.046,0.402324
10830000,47,201.284,-21633.2,40.8145,0.386933
10845000,89,403.199,-21596.1,75.9137,0.408667
10860000,97,425.198,-21563.8,96.9575,0.413467
10875000,84,358.198,-21565.9,83.8424,0.41
10890000,74,302.334,-21588.2,87.4983,0.397667
10905000,69,296.672,-21595.2,72.6576,0.4002
10920000,74,317.584,-21596.6,71.5951,0.389867
10935000,69,302.657,-21608,66.5259,0.402733
10950000,81,348.399,-21623.4,89.4416,0.413533
10965000,65,285.724,-21652.6,64.9051,0.400148
10980000,58,259.156,-21647.1,61.4611,0.417333
10995000,81,349.5,-21625.5,95.8186,0.413067
11010000,77,337.477,-21623.7,90.6733,0.4184
11025000,53,241.815,-21653.8,55.8789,0.386867
11040000,65,288.918,-21621.7,65.2188,0.403067
11055000,77,339.74,-21614.7,81.0344,0.410511
11070000,74,318.89,-21596.7,96.7577,0.4024
11085000,70,317.008,-21596.2,58.3966,0.4028
11100000,59,251.843,-21632.9,55.2676,0.394867
11115000,75,335.259,-21611.8,85.8676,0.401633
11130000,76,328.205,-21606.5,78.6121,0.4122
11145000,50,196.164,-21610.5,42.8721,0.388463
11160000,56,242.436,-21646.8,55.0424,0.400183
11175000,71,309.963,-21623.8,68.5612,0.412111
11190000,65,287.43,-21655.5,57.7702,0.415933
11205000,60,260.834,-21626.3,70.4463,0.397333
11220000,65,288.939,-21631.2,61.047,0.402533
11235000,50,226.879,-21630.7,49.2156,0.413267
11250000,57,256.551,-21629.1,62.4934,0.400476
11265000,60,252.716,-21621.7,64.4862,0.405233
11280000,59,253.064,-21607.1,65.4634,0.4008
11295000,45,202.572,-21638.8,58.0676,0.397993
11310000,68,300.83,-21647.8,83.1932,0.4156
11325000,62,260.062,-21609.5,62.7494,0.409547
11340000,83,364.369,-21627.1,91.9255,0.425333
11355000,61,262.725,-21646.2,68.036,0.3961
11370000,95,421.637,-21604.2,102.889,0.4317
11385000,84,370.681,-21603.2,83.6355,0.4312
11400000,65,289.639,-21660.1,65.1654,0.4112
11415000,86,368.885,-21589.7,100.55,0.414267
11430000,92,410.543,-21603.7,78.6999,0.420867
11445000,78,343.301,-21626.7,80.9221,0.422067
11460000,86,346.167,-21609.4,84.5474,0.428
11475000,65,280.913,-21605.9,68.2398,0.416333
11490000,56,241.567,-21610.5,63.9778,0.410733
11505000,61,264.627,-21632.7,60.312,0.4084
11520000,46,198.289,-21646.9,54.3233,0.391451
11535000,62,249.969,-21651.1,79.0777,0.4028
11550000,50,213.358,-21634.2,47.8702,0.3908
11565000,51,208.848,-21665.4,50.9911,0.3882
11580000,54,225.336,-21656.5,60.0956,0.392533
11595000,49,213.206,-21641,52.3974,0.386733
11610000,44,200.632,-21659.1,36.1721,0.387676
11625000,56,251.662,-21626.5,62.9081,0.396922
11640000,45,199.532,-21654.3,59.6028,0.383556
11655000,61,276.046,-21611.6,49.7857,0.3994
11670000,65,277.298,-21610.2,66.4466,0.414333
11685000,54,243.521,-21598.3,44.0719,0.400867
11700000,54,237.492,-21608.8,54.62,0.3882
11715000,49,221.375,-21609.4,42.4937,0.3918
11730000,41,174.336,-21659,44.9324,0.383633
11745000,66,298.482,-21610.7,68.9583,0.4017
11760000,53,228.663,-21628.4,58.4731,0.385067
11775000,43,188.581,-21634.1,40.0676,0.392
11790000,58,244.882,-21608.5,48.8984,0.398933
11805000,52,232.737,-21652.7,42.6661,0.390287
11820000,45,183.621,-21675.4,47.6817,0.385311
11835000,51,214.073,-21648.5,59.0759,0.401067
11850000,51,220.525,-21642.9,60.638,0.398533
11865000,48,207.136,-21666.6,51.5717,0.391511
11880000,61,266.96,-21641.2,64.6019,0.396467
11895000,47,203.286,-21627,42.6726,0.389178
11910000,36,152.614,-21645.4,35.4308,0.390567
11925000,49,223.77,-21626,42.5556,0.386767
11940000,43,186.801,-21648.1,46.8967,0.393
11955000,38,176.878,-21682.9,38.6787,0.388233
11970000,48,209.262,-21613.8,69.2149,0.398933
11985000,40,176.748,-21653.6,33.6025,0.379907
12000000,45,195.676,-21642,61.8675,0.384533
12015000,50,220.206,-21644.6,47.9012,0.386467
12030000,59,261.002,-21603.9,59.1211,0.3902
12045000,55,239.601,-21577.6,50.7959,0.394067
12060000,54,223.439,-21602.8,51.2148,0.391133
12075000,67,301.825,-21603.1,69.3735,0.399933
12090000,64,253.391,-21599.9,58.928,0.408667
12105000,67,285.223,-21596.7,80.5423,0.401933
12120000,60,275.537,-21654.9,57.7992,0.391315
12135000,82,365.262,-21594.7,81.1402,0.410133
12150000,61,275.463,-21602.6,71.193,0.399667
12165000,49,193.394,-21642.4,44.4184,0.397578
12180000,69,307.501,-21599.6,72.18,0.4029
12195000,64,261.923,-21620.3,78.6212,0.408267
12210000,55,236.296,-21644.5,57.5223,0.398756
12225000,68,307.921,-21634.6,62.6403,0.399252
12240000,60,252.736,-21651.1,64.8803,0.4073
12255000,64,262.816,-21663,61.7786,0.417867
12270000,66,277.983,-21604.3,70.7797,0.403093
12285000,59,273.769,-21594.3,60.1467,0.403867
12300000,54,244.423,-21636.9,51.5021,0.404778
12315000,63,275.509,-21615.4,65.9621,0.401533
12330000,53,229.047,-21590.7,60.4473,0.395
12345000,49,218.219,-21610.2,48.5445,0.404092
12360000,54,224.393,-21620.4,48.7439,0.3947
12375000,59,245.493,-21605.7,51.4425,0.399867
12390000,49,211.671,-21619.9,45.0843,0.395911
12405000,69,308.028,-21591.9,72.5405,0.4146
12420000,66,296.039,-21630.8,65.867,0.414
12435000,59,258.688,-21622.8,61.8165,0.4184
12450000,62,270.515,-21601.6,51.2484,0.401733
12465000,57,259.174,-21608.6,54.9984,0.394467
12480000,65,282.126,-21592.5,54.338,0.399417
12495000,64,282.334,-21604.1,66.3873,0.394933
12510000,55,241.196,-21655.1,49.5608,0.405224
12525000,64,277.755,-21573,54.9167,0.399467
12540000,67,274.407,-21589.3,79.7358,0.404933
12555000,53,229.314,-21596.9,62.247,0.392167
12570000,63,262.293,-21605.1,61.6926,0.404867
12585000,58,248.834,-21620.6,57.3994,0.401622
12600000,48,209.869,-21620.3,50.5953,0.403667
12615000,61,266.374,-21607.6,74.1017,0.388133
12630000,55,243.531,-21610.5,60.9026,0.3958
12645000,65,293.627,-21605.4,62.7382,0.408133
12660000,79,327.455,-21604.6,82.1728,0.415867
12675000,54,234.704,-21668.7,51.4788,0.40003
12690000,68,292.922,-21605.1,56.339,0.412833
12705000,60,262.753,-21627.1,67.8188,0.401133
12720000,57,256.59,-21588.8,59.6378,0.4103
12735000,56,245.673,-21635.9,61.7158,0.39845
12750000,53,236.012,-21634.3,58.0491,0.396333
12765000,64,283.917,-21633.7,72.2671,0.396633
12780000,63,284.964,-21623.5,58.8308,0.4012
12795000,55,239.867,-21633.9,53.9604,0.3976
12810000,59,252.317,-21611.6,54.1698,0.392
12825000,56,228.496,-21631.8,48.6177,0.402089
12840000,55,241.363,-21619.5,52.8457,0.4022
12855000,56,230.264,-21611.4,50.2552,0.382533
12870000,46,200.284,-21643.2,46.9354,0.398311
12885000,68,314.847,-21612.4,64.0003,0.400233
12900000,52,233.068,-21630.2,51.4673,0.397733
12915000,64,282.168,-21610.2,57.3623,0.391133
12930000,52,221.5,-21632.5,49.3605,0.385883
12945000,60,259.224,-21631.6,59.536,0.398489
12960000,65,284.83,-21623.4,60.5831,0.4044
12975000,57,246.246,-21609.6,40.6351,0.3996
12990000,58,251.844,-21616.2,57.9471,0.398533
13005000,69,289.915,-21615.9,77.587,0.4065
13020000,68,281.508,-21615.2,65.8038,0.404933
13035000,64,277.972,-21626.8,66.5689,0.399178
13050000,74,318.636,-21609.1,65.3049,0.409467
13065000,68,291.988,-21604.6,61.6195,0.415867
13080000,71,306.366,-21604.7,83.688,0.413067
13095000,68,299.82,-21605.5,81.3867,0.4142
13110000,79,334.343,-21621.8,83.8078,0.422733
13125000,67,273.839,-21630.3,63.7928,0.403371
13140000,66,292.409,-21618.2,73.0216,0.405933
13155000,77,345.239,-21610.2,72.6295,0.410867
13170000,80,342.648,-21603.2,77.9777,0.413333
13185000,72,312.482,-21607.1,69.7214,0.407733
13200000,82,369.902,-21588,83.9114,0.4194
13215000,70,314.687,-21610.2,72.3677,0.413467
13230000,64,278.668,-21598.2,64.7972,0.401933
13245000,69,306.718,-21602.4,81.6071,0.397467
13260000,64,292.955,-21604.5,53.9492,0.400333
13275000,65,297.418,-21627.8,66.096,0.409
13290000,75,327.807,-21628,74.018,0.406733
13305000,68,290.648,-21628.6,71.773,0.4006
13320000,63,269.891,-21605.1,70.8291,0.3945
13335000,59,267.337,-21592.2,66.4659,0.396
13350000,70,310.993,-21598.8,68.0637,0.4006
13365000,69,275.785,-21602.5,62.3215,0.395483
13380000,54,218.166,-21601.7,62.4768,0.397907
13395000,58,253.667,-21599.3,55.1344,0.399178
13410000,67,291.107,-21617.2,73.202,0.397433
13425000,65,269.499,-21599.5,69.9091,0.39305
13440000,70,315.218,-21597.9,60.6924,0.3916
13455000,40,184.079,-21629.4,41.3005,0.395422
13470000,65,288.934,-21592.1,57.3113,0.395867
13485000,82,361.99,-21625.4,77.4854,0.385456
13500000,70,299.821,-21606.9,67.6041,0.412867
13515000,57,257.4,-21592.8,44.3867,0.405033
13530000,59,269.412,-21592,51.529,0.402933
13545000,58,254.861,-21628,61.1213,0.416667
13560000,79,340.883,-21594.5,59.2487,0.407744
13575000,69,320.111,-21595.7,68.7163,0.4068
13590000,73,319.403,-21623.4,75.2584,0.401867
13605000,61,271.576,-21594.8,63.3005,0.411467
13620000,69,290.648,-21630.7,65.7075,0.410667
13635000,55,225.405,-21619.9,54.5249,0.401867
13650000,53,219.124,-21615.1,58.1412,0.378667
13665000,68,282.413,-21582.2,70.9022,0.394167
13680000,56,245.229,-21626.5,41.1963,0.397156
13695000,64,278.012,-21593.2,59.588,0.389
13710000,57,248.838,-21621.4,56.208,0.390733
13725000,62,266.3,-21627,66.3304,0.3932
13740000,59,270.897,-21607.2,66.5942,0.400917
13755000,63,274.759,-21615.6,63.6096,0.395233
13770000,54,224.281,-21610.4,57.2887,0.405467
13785000,58,250.402,-21605.2,52.8524,0.39824
13800000,55,240.707,-21610.4,58.4526,0.4033
13815000,49,209.498,-21621.3,48.6042,0.393733
13830000,77,330.472,-21604,90.1744,0.40548
13845000,80,339.539,-21574.4,75.6354,0.403533
13860000,81,325.273,-21593,79.9067,0.412067
13875000,58,241.095,-21615.3,59.3361,0.391956
13890000,97,413.973,-21594.3,93.3254,0.424967
13905000,98,388.161,-21562.6,98.2762,0.412
13920000,108,470.428,-21597.6,123.923,0.418733
13935000,75,335.002,-21589,74.9815,0.408842
13950000,96,404.438,-21604.9,81.3008,0.4263
13965000,65,282.775,-21591.1,68.8841,0.400467
13980000,79,309.781,-21581.8,75.095,0.426
13995000,71,306.078,-21577.2,77.1265,0.418933
14010000,72,299.903,-21623.9,65.4329,0.424867
14025000,66,276.95,-21604.3,79.844,0.41
14040000,78,338.848,-21590.5,88.978,0.413533
14055000,70,308.611,-21603,82.2765,0.401567
14070000,73,316.504,-21569.7,83.4273,0.397267
14085000,77,317.184,-21599.3,74.3335,0.407
14100000,62,270.882,-21575.3,62.2509,0.400417
14115000,55,244.917,-21596.9,54.9687,0.385533
14130000,49,197.43,-21600.5,54.5799,0.404022
14145000,63,267.233,-21597.7,82.9013,0.3928
14160000,67,304.514,-21601.9,68.5825,0.390533
14175000,66,278.104,-21595.2,72.7962,0.388467
14190000,77,340.199,-21592.2,64.9459,0.402533
14205000,68,309.453,-21610.4,72.6464,0.415
14220000,74,326.275,-21618.2,66.3953,0.403517
14235000,69,298.595,-21609,64.7293,0.406033
14250000,55,246.831,-21628.6,55.1784,0.410667
14265000,76,329.429,-21615.8,71.975,0.4018
14280000,72,307.17,-21625,71.7235,0.4028
14295000,46,179.279,-21644.6,33.0279,0.406822
14310000,50,224.658,-21598.2,53.6652,0.394531
14325000,45,199.142,-21652,41.6718,0.3878
14340000,76,348.776,-21623.8,64.9016,0.411217
14355000,52,233.592,-21606.8,49.6671,0.400911
14370000,69,289.881,-21618.9,66.9427,0.411867
14385000,56,241.473,-21610.8,43.7681,0.407733
14400000,57,253.67,-21639.1,41.4308,0.385653
14415000,69,303.041,-21601.3,73.9988,0.401383
14430000,68,287.998,-21623.2,79.5472,0.4172
14445000,51,239.074,-21617.4,58.0243,0.3956
14460000,66,285.043,-21598.7,65.8605,0.406089
14475000,59,272.935,-21614.2,50.8953,0.405533
14490000,63,274.268,-21622.2,59.1541,0.404133
14505000,45,192.76,-21617.5,47.1307,0.387
14520000,54,236.152,-21625.3,58.0384,0.404889
14535000,49,216.319,-21644.4,57.2361,0.3842
14550000,48,208.396,-21667.2,48.6193,0.384133
14565000,53,237.73,-21655,66.3768,0.390867
14580000,50,221.424,-21629.6,54.7048,0.399883
14595000,52,215.205,-21631.8,66.7294,0.389389
14610000,55,250.449,-21654.9,54.4919,0.401756
14625000,48,212.682,-21665.1,42.2657,0.399933
14640000,52,220.492,-21625.7,61.025,0.394667
14655000,53,215.432,-21621.4,52.4121,0.403733
14670000,44,168.513,-21649.6,44.8907,0.395333
14685000,42,179.177,-21630.6,42.0817,0.379833
14700000,43,176.147,-21646.3,48.7795,0.3941
14715000,57,253.139,-21607.1,59.4675,0.377433
14730000,63,250.828,-21619.7,60.1294,0.4112
14745000,50,212.361,-21646.5,52.4978,0.395258
14760000,54,234.361,-21642,59.7364,0.391667
14775000,64,292.72,-21634.5,64.2328,0.408067
14790000,62,271.388,-21635.1,48.4917,0.400733
14805000,59,262.742,-21630.1,56.0452,0.408573
14820000,51,239.987,-21625.4,56.2384,0.405883
14835000,68,314.106,-21610.6,81.2204,0.4104
14850000,54,222.325,-21657.7,45.4735,0.405367
14865000,37,154.124,-21655,52.8111,0.3946
14880000,69,300.324,-21611.9,78.358,0.4088
14895000,53,229.856,-21672,69.353,0.3833
14910000,62,261.027,-21628.4,59.7806,0.413467
14925000,56,235.055,-21630.2,63.8531,0.415933
14940000,50,216.452,-21625.3,50.4069,0.393956
14955000,45,193.924,-21653.2,52.4859,0.391038
14970000,58,238.3,-21628.4,71.0687,0.390133
14985000,59,246.653,-21617.3,64.8318,0.395867
15000000,46,190.676,-21630.8,54.7018,0.3948
15015000,55,243.06,-21648.4,50.2524,0.411133
15030000,47,200.635,-21626.5,44.1881,0.396333
15045000,45,198.01,-21640.8,41.1777,0.3744
15060000,51,216.849,-21624.2,55.2837,0.390133
15075000,43,180.892,-21674.9,29.727,0.401233
15090000,43,183.92,-21667.1,41.9612,0.395733
15105000,46,204.908,-21626.5,60.0581,0.387489
15120000,46,193.92,-21619,44.3476,0.4018
15135000,48,211.156,-21623.9,48.1959,0.3844
15150000,54,238.217,-21627.3,55.3972,0.401467
15165000,50,218.719,-21641.4,52.7785,0.396817
15180000,45,182.692,-21629.2,43.3576,0.3957
15195000,60,260.831,-21618.6,51.0523,0.3994
15210000,58,243.538,-21628.3,56.4507,0.391133
15225000,57,239.094,-21625,57.5261,0.401333
15240000,58,244.052,-21621.3,51.4941,0.396093
15255000,44,192.092,-21627.6,49.0238,0.3893
15270000,61,264.036,-21634.2,55.6112,0.382667
15285000,60,272.508,-21620.3,82.7485,0.3933
15300000,62,261.47,-21618.8,58.0451,0.404367
15315000,67,278.08,-21628.4,74.4506,0.415267
15330000,72,312.106,-21612.6,73.4942,0.400467
15345000,77,331.394,-21605.9,61.7979,0.4052
15360000,68,301.966,-21597.5,60.3691,0.3932
15375000,58,250.585,-21598.4,70.354,0.395533
15390000,65,265.485,-21623.1,62.0006,0.400267
15405000,44,187.619,-21606.6,37.7212,0.385133
15420000,57,252.603,-21634.8,59.2317,0.384067
15435000,33,128.694,-21663.4,32.8723,0.398635
15450000,51,226.879,-21611.2,68.9703,0.393873
15465000,54,240.632,-21635.7,61.7345,0.391178
15480000,57,256.623,-21634.7,46.359,0.396733
15495000,53,242.213,-21637.3,63.3897,0.3842
15510000,56,252.716,-21646.3,62.6116,0.396667
15525000,55,245.9,-21634.8,46.2423,0.3968
15540000,52,231.308,-21623.1,58.1907,0.385722
15555000,56,231.408,-21634,61.7359,0.3804
15570000,53,218.37,-21632.4,56.8455,0.397667
15585000,63,276.331,-21598.8,60.731,0.402067
15600000,59,243.976,-21629.2,66.2508,0.398273
15615000,60,248.611,-21643.9,56.0603,0.394933
15630000,61,249.793,-21651.9,56.4851,0.416667
15645000,49,206.366,-21626.6,60.7373,0.405089
15660000,50,219.192,-21636,46.6512,0.393633
15675000,63,256.909,-21640.7,58.515,0.387744
15690000,63,275.386,-21600.5,60.8037,0.402333
15705000,54,239.434,-21655.7,60.3578,0.403222
15720000,56,245.584,-21655,63.028,0.400933
15735000,47,202.793,-21671.4,43.2618,0.399267
15750000,59,264.969,-21600.5,83.3728,0.402183
15765000,64,283.155,-21603,61.2575,0.396
15780000,46,194.478,-21669.8,37.3469,0.385289
15795000,53,210.276,-21636.9,42.5042,0.394633
15810000,62,276.661,-21627.9,68.8657,0.397267
15825000,62,280.255,-21593.1,64.3371,0.40145
15840000,59,259.676,-21659.8,55.2565,0.4034
15855000,53,216.933,-21607.6,68.3967,0.3945
15870000,67,290.023,-21590.5,58.1953,0.390267
15885000,53,227.613,-21593,56.7289,0.385
15900000,47,203.268,-21626.6,60.2359,0.391544
15915000,51,229.894,-21633,49.7216,0.3916
15930000,64,286.002,-21600,63.4272,0.409533
15945000,56,234.56,-21592.1,53.2174,0.3996
15960000,48,196.005,-21620.5,44.0445,0.392467
15975000,53,230.445,-21629.5,42.4451,0.390667
15990000,51,225.753,-21612.1,43.3036,0.391667
16005000,59,261.108,-21615.9,51.3935,0.4094
16020000,60,247.004,-21631.1,83.1664,0.4114
16035000,55,223.56,-21626.4,59.2882,0.4048
16050000,60,256.274,-21608.3,55.1047,0.388114
16065000,71,316.686,-21598.3,67.8223,0.414533
16080000,56,233.023,-21615,44.0269,0.395467
16095000,61,279.884,-21610.9,75.6845,0.407
16110000,72,302.819,-21600.3,65.7778,0.398711
16125000,53,231.869,-21611.3,70.5034,0.4014
16140000,53,207.379,-21640.9,40.5309,0.395489
16155000,46,196.349,-21617.2,59.477,0.378633
16170000,59,251.635,-21642.3,54.6245,0.394133
16185000,52,220.48,-21647.2,54.6603,0.387351
16200000,44,186.466,-21622.6,46.9706,0.391067
16215000,47,209.007,-21671.6,54.1217,0.392333
16230000,52,228.932,-21617.1,62.7472,0.371767
16245000,45,206.139,-21610.6,41.578,0.386667
16260000,48,206.861,-21618.9,40.8572,0.378
16275000,53,230.346,-21634.9,58.6039,0.37485
16290000,63,274.351,-21625.9,73.4363,0.3936
16305000,57,234.225,-21601.1,46.219,0.395756
16320000,65,273.745,-21628.4,65.1343,0.394133
16335000,46,203.536,-21636.4,47.9261,0.381956
16350000,46,201.649,-21663.5,47.4647,0.382514
16365000,48,213.371,-21616.9,53.4932,0.398911
16380000,49,205.885,-21650.1,59.9008,0.404533
16395000,44,187.039,-21654.4,49.3295,0.380533
16410000,52,217.425,-21621.3,58.8839,0.395244
16425000,65,273.798,-21630.7,66.2777,0.4036
16440000,50,204.581,-21613.4,58.3704,0.374295
16455000,54,230.372,-21628.7,40.2226,0.395233
16470000,69,298.822,-21618.8,79.845,0.382067
16485000,65,283.64,-21592.8,68.8737,0.393867
16500000,71,322.656,-21628.8,60.2524,0.3988
16515000,85,351.911,-21627.2,79.5071,0.407267
16530000,43,183.47,-21614.7,46.7409,0.400853
16545000,55,236.383,-21633.5,59.8253,0.395467
16560000,55,239.915,-21634.8,50.1446,0.392533
16575000,47,199.011,-21633.6,49.2991,0.3974
16590000,42,187.34,-21642.3,40.4854,0.3806
16605000,47,203.417,-21655,44.6904,0.387333
16620000,71,299.419,-21621.8,82.8538,0.3898
16635000,66,286.176,-21608.8,64.7831,0.4154
16650000,72,303.452,-21619.2,80.373,0.400533
16665000,66,294.815,-21626.2,61.3069,0.390267
16680000,65,285.712,-21616.9,52.7894,0.391827
16695000,63,284.401,-21617.3,57.1978,0.414533
16710000,66,296.169,-21613.7,57.0031,0.390025
16725000,55,236.093,-21627.9,42.8683,0.394333
16740000,87,393.867,-21619.7,101.91,0.402867
16755000,66,284.194,-21589.4,74.154,0.405717
16770000,79,349.465,-21604.4,88.7815,0.398933
16785000,63,271.922,-21599.8,69.8464,0.4044
16800000,51,236.293,-21622.1,47.7384,0.397
16815000,73,319.432,-21593,66.7173,0.403707
16830000,63,290.262,-21629.6,73.4068,0.401289
16845000,48,188.598,-21647.4,64.4712,0.398044
16860000,79,355.377,-21592.2,71.5327,0.402156
16875000,79,343.985,-21609.1,87.9135,0.416933
16890000,41,176.728,-21649.6,48.9589,0.387111
16905000,65,273.407,-21620.2,65.3446,0.420427
16920000,63,267.049,-21639.6,56.6054,0.4058
16935000,75,339.069,-21613.5,86.9251,0.4042
16950000,61,267.2,-21623.5,50.8691,0.404267
16965000,51,217.064,-21618.7,43.9387,0.383773
16980000,54,240.36,-21611.9,71.3169,0.396027
16995000,39,169.734,-21618.9,43.0082,0.3927
17010000,54,233.311,-21629.3,53.957,0.391
17025000,58,255.061,-21595.5,45.1282,0.38796
17040000,56,239.055,-21598.9,68.81,0.393983
17055000,60,258.199,-21610.6,79.3759,0.382167
17070000,63,281.267,-21613.6,50.4725,0.402
17085000,69,292.807,-21617.6,73.0681,0.4126
17100000,60,257.49,-21617.3,58.7213,0.407533
17115000,62,270.643,-21607.9,62.2322,0.397333
17130000,66,296.559,-21601.6,69.6996,0.391675
17145000,73,318.647,-21607.4,87.7744,0.394644
17160000,77,333.845,-21615,74.5281,0.4182
17175000,46,196.889,-21642.3,45.005,0.405917
17190000,54,239.368,-21617.5,49.8389,0.404733
17205000,61,268.615,-21612.3,63.4856,0.400333
17220000,63,287.443,-21602.8,69.6974,0.39605
17235000,49,213.111,-21607.4,45.9849,0.393156
17250000,62,264.938,-21609.5,49.7224,0.402533
17265000,70,295.979,-21607.9,75.2838,0.409467
17280000,66,304.512,-21614,70.6514,0.399733
17295000,63,276.398,-21620.5,71.8159,0.406867
17310000,55,237.19,-21606.5,50.4122,0.395924
17325000,51,220.321,-21637.9,50.3811,0.393033
17340000,56,250.085,-21623.2,48.334,0.394267
17355000,67,295.619,-21611.5,58.0154,0.407
17370000,54,221.198,-21614.6,51.0914,0.394567
17385000,64,273.117,-21620.3,58.0226,0.399182
17400000,64,292.988,-21622.2,71.9308,0.412044
17415000,57,248.693,-21603.1,58.8021,0.384178
17430000,59,262.057,-21612.2,57.7872,0.394267
17445000,61,273.56,-21614.9,69.0107,0.4074
17460000,47,207.089,-21626.3,58.5716,0.382587
17475000,55,219.496,-21600.7,52.3182,0.3915
17490000,49,217.11,-21647.4,52.2638,0.395989
17505000,46,176.709,-21621.2,47.9462,0.392089
17520000,46,200.806,-21612.7,46.5369,0.399222
17535000,47,191.618,-21631.1,51.5281,0.388433
17550000,55,236.605,-21609.3,67.1495,0.379333
17565000,48,193.625,-21621,57.3526,0.388733
17580000,48,226.085,-21632.1,38.1314,0.384689
17595000,73,327.683,-21606.1,74.6417,0.383733
17610000,63,265.547,-21616.7,71.7548,0.377622
17625000,63,276.97,-21602.9,75.0472,0.404033
17640000,73,307.997,-21584.9,74.5568,0.397133
17655000,60,246.425,-21597.8,67.4267,0.399267
17670000,76,310.074,-21588.3,71.92,0.4089
17685000,60,260.636,-21600.1,39.3468,0.407667
17700000,68,288.027,-21579.3,54.0362,0.396833
17715000,56,217.543,-21630.1,54.3137,0.385895
17730000,52,233.723,-21613,53.9109,0.398267
17745000,58,258.068,-21626.3,51.2499,0.401933
17760000,81,363.728,-21602.1,79.4369,0.4056
17775000,88,407.486,-21583.2,85.9572,0.423867
17790000,89,377.295,-21563.8,68.8827,0.4114
17805000,86,383.205,-21557.5,82.8568,0.414733
17820000,60,272.391,-21627.6,47.6666,0.401827
17835000,81,357.257,-21585.6,89.6967,0.4168
17850000,63,257.968,-21644.6,57.7885,0.408233
17865000,66,286.517,-21594.6,73.2137,0.4119
17880000,64,272.051,-21613.4,79.5904,0.403667
17895000,55,243.439,-21633.1,52.2692,0.396311
17910000,63,280.618,-21613.2,58.3744,0.405367
17925000,63,273.83,-21634.6,72.9269,0.3976
17940000,64,258.15,-21616.6,71.4369,0.3944
17955000,53,233.571,-21615.6,47.1448,0.396111
17970000,47,200.995,-21626.7,52.8745,0.387867
17985000,59,260.57,-21634,62.2802,0.394178
18000000,77,323.442,-21580.9,85.7513,0.397067
18015000,58,257.305,-21612.9,52.5146,0.393467
18030000,65,279.338,-21590.6,70.5793,0.3974
18045000,70,296.079,-21593.8,81.607,0.414089
18060000,64,271.759,-21586.3,67.8854,0.3956
18075000,61,270.198,-21588.3,57.3989,0.39
18090000,57,239.51,-21591,56.0601,0.383067
18105000,63,281.262,-21607,66.1665,0.404467
18120000,66,293.143,-21628.3,64.619,0.393133
18135000,63,270.661,-21633.5,56.3253,0.387487
18150000,70,331.077,-21609.4,73.9907,0.4168
18165000,64,283.231,-21592.9,85.6311,0.413711
18180000,65,291.47,-21605,56.7361,0.397533
18195000,79,334.876,-21596.3,72.9672,0.403467
18210000,54,222.536,-21628.4,60.8091,0.391183
18225000,73,338.863,-21592.9,61.0165,0.404956
18240000,53,235.6,-21628.5,59.7273,0.399333
18255000,71,305.841,-21573.9,76.2555,0.395333
18270000,65,259.367,-21619.5,69.7975,0.388267
18285000,62,249.961,-21581.8,54.5732,0.410467
18300000,58,249.083,-21608.4,65.4027,0.394211
18315000,60,258.213,-21606.8,67.2424,0.4052
18330000,64,275.203,-21601.4,66.3991,0.4078
18345000,71,305.294,-21606.6,64.1465,0.394373
18360000,67,308.563,-21604.1,78.0282,0.399
18375000,60,235.208,-21596.5,52.8201,0.404122
18390000,72,334.868,-21591.1,58.7385,0.405489
18405000,70,306.668,-21605.4,67.5679,0.402933
18420000,71,340.147,-21603.6,63.3702,0.405
18435000,75,316.912,-21607.3,53.9943,0.4144
18450000,66,282.28,-21607.8,75.4088,0.401489
18465000,64,283.003,-21611.1,60.1998,0.4111
18480000,61,265.738,-21595,59.3326,0.403956
18495000,81,365.08,-21612.6,99.5008,0.400533
18510000,78,336.84,-21583.5,75.7198,0.400067
18525000,68,306.01,-21605.1,64.9821,0.392333
18540000,78,324.685,-21592.7,78.0838,0.394533
18555000,86,361.088,-21620.2,94.456,0.4148
18570000,80,357.204,-21606.3,73.467,0.4184
18585000,85,369.669,-21581.8,90.9468,0.4058
18600000,76,339.154,-21575.7,68.9473,0.410667
18615000,61,259.645,-21604,60.8107,0.394567
18630000,87,392.83,-21588,80.6313,0.4102
18645000,61,246.013,-21629.2,73.8532,0.4071
18660000,79,351.14,-21573.4,82.3421,0.409667
18675000,79,353.748,-21576.3,90.2373,0.395333
18690000,58,217.068,-21604.7,65.5557,0.395089
18705000,43,173.358,-21623.8,37.0654,0.393
18720000,64,271.503,-21614.5,63.5109,0.4028
18735000,43,175.664,-21658.4,63.7692,0.384267
18750000,69,296.892,-21630.9,61.9099,0.4017
18765000,44,165.276,-21633.7,39.6098,0.3899
18780000,65,273.011,-21645.5,66.7192,0.407267
18795000,56,239.989,-21639.6,58.2681,0.402333
18810000,54,218.506,-21647.4,61.3389,0.395733
18825000,61,263.303,-21636.7,59.6632,0.399267
18840000,63,262.474,-21654.6,67.2148,0.403133
18855000,64,272.578,-21621.9,63.9322,0.416133
18870000,52,228.134,-21633.5,46.4625,0.401076
18885000,51,228.208,-21636,65.7099,0.391267
18900000,63,281.437,-21633,63.2669,0.400022
18915000,59,265.098,-21614.2,59.0975,0.4001
18930000,57,243.643,-21630,57.2565,0.4058
18945000,73,313.865,-21585.9,84.0052,0.4043
18960000,51,237.456,-21639.6,49.3149,0.398776
18975000,53,240.238,-21633.9,55.9473,0.3948
18990000,55,227.227,-21606.3,68.2799,0.40275
19005000,58,252.905,-21610.6,54.0597,0.4094
19020000,69,292.815,-21633.7,82.1214,0.398333
19035000,59,246.471,-21623.7,72.3574,0.406933
19050000,61,272.759,-21640.9,63.3513,0.413733
19065000,66,278.171,-21607.2,66.7353,0.404267
19080000,57,248.564,-21598.9,58.3072,0.398467
19095000,73,316.465,-21597.3,81.8993,0.416625
19110000,68,279.373,-21600.5,75.3299,0.402067
19125000,79,349.974,-21606.2,73.6151,0.415133
19140000,75,317.519,-21590.8,59.5906,0.41
19155000,67,275.489,-21585.4,56.5902,0.407533
19170000,55,233.099,-21594.5,43.3106,0.397256
19185000,71,299.399,-21595.9,56.2557,0.399373
19200000,71,310.913,-21589.5,73.9279,0.407667
19215000,70,300.273,-21587.1,75.2895,0.398289
19230000,60,254.172,-21603.5,55.8436,0.397733
19245000,70,309.922,-21595.8,59.3424,0.407467
19260000,63,293.428,-21566.4,68.9626,0.398067
19275000,60,270.382,-21629.2,62.2985,0.39632
19290000,68,273.206,-21584,69.4385,0.398111
19305000,57,242.573,-21605.3,53.2847,0.394822
19320000,59,264.786,-21606.7,57.3261,0.389533
19335000,58,253.345,-21609.7,60.389,0.401844
19350000,59,254.812,-21603.4,53.2835,0.395167
19365000,50,203.921,-21624.3,45.4737,0.391911
19380000,65,282.849,-21596.1,63.199,0.4022
19395000,72,301.408,-21616.6,54.985,0.403567
19410000,54,236.59,-21655.1,65.1461,0.401827
19425000,56,242.204,-21627.5,60.8647,0.416367
19440000,57,262.184,-21607.6,55.956,0.402267
19455000,64,288.225,-21596.3,53.9346,0.405333
19470000,66,294.175,-21585,66.3682,0.418267
19485000,53,221.391,-21630,53.1742,0.395633
19500000,46,200.981,-21625.3,38.7753,0.390933
19515000,50,223.225,-21618.9,44.9577,0.3932
19530000,74,327.232,-21581,76.4853,0.392883
19545000,65,268.546,-21637.7,63.0946,0.402067
19560000,71,311.007,-21591.6,78.1372,0.405367
19575000,55,233.208,-21598.2,60.5192,0.398667
19590000,66,278.302,-21617.1,67.6799,0.391483
19605000,63,282.859,-21593.4,58.2903,0.394967
19620000,48,194.821,-21610,42.2444,0.390467
19635000,50,211.109,-21628.1,56.9105,0.4057
19650000,58,252.493,-21610.9,48.8191,0.4017
19665000,50,201.188,-21651.2,41.4778,0.3983
19680000,58,255.59,-21637.8,60.5653,0.3964
19695000,73,314.824,-21592.9,94.5265,0.401533
19710000,59,269.367,-21651.9,51.9699,0.396356
19725000,50,201.239,-21647.7,48.353,0.399533
19740000,66,289.335,-21602.9,73.8933,0.389711
19755000,57,245.011,-21644.5,53.3309,0.4051
19770000,63,266.06,-21613.1,67.5978,0.402783
19785000,72,317.995,-21631,58.8042,0.408933
19800000,60,268.491,-21632.6,58.3647,0.4072
19815000,74,340.222,-21600.4,76.1503,0.392413
19830000,73,324.849,-21613.9,82.5135,0.407467
19845000,51,223.997,-21610.4,52.3336,0.4002
19860000,74,337.016,-21599.4,67.2297,0.405467
19875000,52,237.361,-21605.8,47.5675,0.382117
19890000,75,335.734,-21612.6,75.0887,0.4111
19905000,80,377.211,-21627.8,75.4955,0.428267
19920000,56,230.769,-21619.5,60.1317,0.384622
19935000,74,309.338,-21616.7,57.9215,0.414467
19950000,73,317.078,-21628.9,73.494,0.408381
19965000,64,274.102,-21603.5,66.3328,0.385
19980000,55,239.575,-21620.9,46.5567,0.410067
19995000,58,258.17,-21624.4,49.8259,0.391
20010000,50,218.884,-21645.5,44.5365,0.4033
20025000,59,262.509,-21633.5,53.2032,0.398567
20040000,54,234.753,-21646,54.431,0.398933
20055000,41,181.657,-21651.1,32.8667,0.378467
20070000,61,264.018,-21629.3,67.6898,0.389667
20085000,69,302.281,-21626.6,57.6023,0.407178
20100000,64,300.322,-21656.3,66.4927,0.416667
20115000,59,260.375,-21652.1,60.6799,0.4122
20130000,49,225.789,-21648.5,52.1739,0.4096
20145000,43,189.779,-21659.1,42.0831,0.397973
20160000,51,215.995,-21639.4,55.6704,0.385543
20175000,47,199.747,-21625.8,43.7689,0.3774
20190000,52,197.909,-21646.6,47.7942,0.389533
20205000,47,196.798,-21651.8,47.0122,0.3892
20220000,55,239.445,-21656.6,54.1702,0.401267
20235000,52,227.746,-21657.5,61.0185,0.400267
20250000,47,192.222,-21659.4,50.6285,0.396317
20265000,34,140.82,-21671.9,35.0096,0.383975
20280000,38,160.623,-21663.5,44.2197,0.375733
20295000,53,226.979,-21650.5,57.4294,0.38975
20310000,37,155.87,-21650.6,35.8359,0.375333
20325000,46,197.725,-21628.7,51.9104,0.386267
20340000,48,196.119,-21660.9,44.9322,0.396733
20355000,49,201.722,-21639.5,74.2365,0.388229
20370000,50,209.983,-21637.3,52.9105,0.399467
20385000,61,263.717,-21651.3,59.4124,0.417467
20400000,55,243.422,-21646.9,51.2925,0.391773
20415000,57,235.983,-21652.3,56.3809,0.416
20430000,44,186.72,-21649.1,38.3371,0.392589
20445000,49,198.304,-21642.7,48.0471,0.400333
20460000,67,278.721,-21606.7,73.0183,0.413533
20475000,68,284.045,-21628.2,55.8176,0.400433
20490000,56,234.843,-21602.6,65.228,0.406733
20505000,64,273.859,-21652.8,65.4164,0.390893
20520000,62,264.21,-21649.2,71.5831,0.413067
20535000,45,193.342,-21612.1,36.8912,0.40076
20550000,68,298.935,-21605.7,75.4839,0.4032
20565000,75,301.668,-21602.3,83.5044,0.411733
20580000,64,272.99,-21596,61.8532,0.407667
20595000,75,325.124,-21611.2,71.9238,0.399733
20610000,67,295.23,-21633.8,49.966,0.410267
20625000,58,241.531,-21649.3,64.7184,0.404267
20640000,43,186.11,-21636.2,34.1425,0.39261
20655000,55,237.023,-21647,63.0044,0.4019
20670000,67,292.967,-21588.3,49.9962,0.393587
20685000,67,294.591,-21584.1,68.2122,0.391667
20700000,76,337.069,-21582.6,79.9071,0.400067
20715000,52,225.531,-21646.4,46.2261,0.386417
20730000,69,300.731,-21602.7,58.6202,0.400967
20745000,52,212.372,-21619.7,46.4787,0.4066
20760000,49,217.013,-21633.6,40.8995,0.381733
20775000,55,229.303,-21638.4,52.6238,0.405333
20790000,55,234.174,-21622.9,57.744,0.393267
20805000,48,199.871,-21665.4,51.7104,0.390344
20820000,60,264.22,-21658.7,56.6042,0.400267
20835000,47,202.617,-21655.2,49.6486,0.406933
20850000,53,230.319,-21652.4,54.6608,0.4002
20865000,57,251.054,-21633.5,53.9708,0.389462
20880000,65,289.916,-21612.3,64.1489,0.405878
20895000,63,278.543,-21607.5,61.8199,0.4135
20910000,62,263.132,-21590.2,67.4977,0.410633
20925000,63,272.063,-21612,68.5542,0.410867
20940000,73,313.324,-21595.2,63.4218,0.4087
20955000,75,324.075,-21630.5,87.5345,0.403533
20970000,71,314.756,-21608.1,70.0383,0.4198
20985000,75,329.2,-21638.8,76.4456,0.400311
21000000,71,296.553,-21640.4,61.9397,0.411733
21015000,69,300.759,-21593.1,68.5397,0.4114
21030000,65,287.515,-21619.2,61.6739,0.402433
21045000,59,260.38,-21612.2,54.6417,0.401167
21060000,74,326.655,-21604.8,55.2466,0.402367
21075000,63,279.397,-21620.1,54.577,0.4132
21090000,66,285.412,-21597.1,51.5761,0.415133
21105000,85,366.117,-21626,102.133,0.411911
21120000,70,302.434,-21627.6,74.1136,0.418367
21135000,74,333.069,-21623.7,76.22,0.417833
21150000,64,290.434,-21613.7,70.252,0.4112
21165000,53,237.121,-21615.3,42.2753,0.398733
21180000,51,213.205,-21626.8,60.5856,0.397976
21195000,48,213.877,-21607.1,44.403,0.389667
21210000,67,293.82,-21620.6,74.929,0.40572
21225000,56,244.171,-21622.9,54.8411,0.403667
21240000,58,239.447,-21622.6,62.3957,0.3908
21255000,77,341.348,-21591.8,73.2966,0.404078
21270000,54,226.626,-21626.5,49.9053,0.38472
21285000,66,276.594,-21614.8,62.3511,0.407667
21300000,65,283.485,-21604.2,71.0082,0.417333
21315000,77,342.065,-21611.7,74.5334,0.4254
21330000,69,304.496,-21621.9,63.8756,0.426133
21345000,69,294.448,-21620.5,66.1553,0.409133
21360000,73,313.275,-21617.4,78.415,0.417
21375000,72,315.263,-21596.7,68.5331,0.404244
21390000,46,200.839,-21637.7,35.4526,0.397717
21405000,71,312.352,-21606.9,84.5582,0.403
21420000,79,348.431,-21613.1,70.5064,0.405267
21435000,57,249.294,-21639.6,52.5001,0.407867
21450000,65,280.795,-21633.6,89.0957,0.407833
21465000,52,227.595,-21633.4,38.1854,0.400167
21480000,69,283.25,-21591.2,71.7366,0.407417
21495000,78,325.493,-21588.9,90.4323,0.393867
21510000,77,333.287,-21589,74.8095,0.419067
21525000,69,316.845,-21593,64.203,0.408933
21540000,63,255.076,-21568.7,82.0029,0.395
21555000,66,303.106,-21622.2,50.1361,0.408011
21570000,80,336.151,-21631.8,78.3067,0.437933
21585000,73,326.118,-21573.2,57.3582,0.4026
21600000,69,309.489,-21645.9,78.8962,0.39696
21615000,78,350.926,-21590,82.9499,0.398667
21630000,70,289.586,-21572.2,78.1224,0.406133
21645000,51,222.644,-21663.6,46.8281,0.402422
21660000,81,367.14,-21588.2,74.268,0.409233
21675000,69,282.15,-21581.9,67.8761,0.4006
21690000,70,307.888,-21576.6,67.9119,0.3916
21705000,64,280.08,-21591.2,58.1856,0.3882
21720000,78,341.755,-21566.2,66.4955,0.398133
21735000,70,298.602,-21577.8,67.3533,0.4132
21750000,73,333.949,-21568.3,78.7606,0.408067
21765000,66,286.441,-21620.7,61.165,0.403421
21780000,64,280.254,-21586.8,64.1039,0.402433
21795000,57,239.223,-21607,59.7271,0.397733
21810000,68,307.3,-21648.1,70.8495,0.391667
21825000,67,298.092,-21645.3,69.7842,0.415333
21840000,77,330.413,-21614.2,77.2764,0.4182
21855000,56,239.437,-21632,55.798,0.407167
21870000,51,225.614,-21599.7,57.2949,0.399413
21885000,75,334.585,-21629,73.8406,0.417578
21900000,53,237.136,-21619.8,52.6761,0.389356
21915000,67,288.374,-21597.9,63.6758,0.397911
21930000,75,323.382,-21615.2,79.4184,0.413822
21945000,59,257.176,-21622.4,51.9604,0.4022
21960000,60,270.832,-21624,52.1556,0.396533
21975000,59,246.127,-21629.3,52.8061,0.4124
21990000,61,262.715,-21601.6,66.1505,0.406267
22005000,55,228.972,-21636.6,56.1302,0.408767
22020000,61,271.731,-21597.7,64.3094,0.4032
22035000,71,297.636,-21607.8,66.5993,0.4111
22050000,48,194.623,-21639.9,58.4149,0.395181
22065000,74,305.797,-21593.6,75.9735,0.4201
22080000,62,245.793,-21611.3,90.0186,0.402133
22095000,70,303.944,-21629,70.5571,0.408422
22110000,58,261.465,-21619.1,58.5295,0.4006
22125000,64,277.616,-21600.8,65.642,0.396267
22140000,68,277.941,-21589.6,72.2657,0.413533
22155000,61,272.09,-21610.1,65.0702,0.405867
22170000,59,246.755,-21615.7,54.1276,0.408676
22185000,63,275.977,-21636.2,65.3023,0.402633
22200000,49,212.226,-21617,42.6857,0.391156
22215000,62,274.998,-21633.3,61.441,0.386967
22230000,69,298.86,-21611.7,93.4663,0.401783
22245000,54,247.814,-21623.3,62.0903,0.404733
22260000,53,232.495,-21627.7,54.0714,0.409067
22275000,60,280.19,-21620.1,57.4449,0.40445
22290000,63,287.383,-21632.4,56.9838,0.4066
22305000,57,246.057,-21626.7,58.1646,0.398543
22320000,75,316.041,-21625.1,74.4586,0.413733
22335000,72,303.066,-21608.3,81.8789,0.402033
22350000,80,363.954,-21607.1,84.0458,0.4104
22365000,76,316.393,-21601.1,63.8911,0.408867
22380000,74,332.852,-21604.8,63.1019,0.4172
22395000,61,265.601,-21609.6,62.7983,0.407
22410000,56,235.81,-21624.8,66.1472,0.399313
22425000,59,262.55,-21619.7,57.2608,0.400067
22440000,52,223.157,-21591.5,55.8355,0.391
22455000,71,305.643,-21616,72.5754,0.411644
22470000,63,274.849,-21625.7,58.8456,0.393778
22485000,54,232.388,-21609.5,57.3193,0.412633
22500000,58,253.078,-21612.5,56.8801,0.400133
22515000,53,234.349,-21643.7,37.0048,0.395711
22530000,78,344.255,-21614.6,78.0004,0.401744
22545000,55,223.964,-21635.2,51.3254,0.396367
22560000,93,418.056,-21611.4,90.2729,0.415933
22575000,68,282.271,-21594.1,70.9606,0.410133
22590000,65,298.287,-21603.5,59.2873,0.42035
22605000,75,336.693,-21569.8,67.3414,0.398533
22620000,67,294.894,-21579.9,65.1748,0.411
22635000,66,287.104,-21613.5,72.2485,0.401189
22650000,74,321.923,-21590,91.2165,0.409367
22665000,81,371.064,-21601.8,68.6174,0.4272
22680000,81,368.547,-21595.9,87.6782,0.428267
22695000,59,253.86,-21623.9,56.8041,0.412933
22710000,66,300.287,-21613.6,73.2323,0.404533
22725000,67,297.866,-21620.7,63.3244,0.4122
22740000,58,248.802,-21621.7,53.2335,0.413061
22755000,70,289.478,-21631.7,67.7369,0.4056
22770000,59,235.654,-21643,52.947,0.403747
22785000,75,328.989,-21607.4,78.5293,0.406767
22800000,77,326.618,-21600.5,76.6069,0.4206
22815000,65,293.517,-21594,59.0848,0.404
22830000,67,281.4,-21626.3,68.0078,0.406083
22845000,92,375.985,-21597.3,90.1944,0.409378
22860000,84,362.42,-21589.9,96.0729,0.41
22875000,61,259.294,-21621.2,66.1201,0.401867
22890000,74,320.116,-21629.1,70.688,0.411907
22905000,58,246.953,-21623.8,64.3588,0.4028
22920000,66,285.587,-21612.2,72.0421,0.4073
22935000,75,332.18,-21605.2,81.1492,0.406467
22950000,72,333.193,-21639,59.6993,0.410267
22965000,55,205.816,-21631.8,56.0713,0.39645
22980000,58,251.555,-21633.1,66.2227,0.399767
22995000,50,226.588,-21608.3,41.1571,0.4038
23010000,51,222.601,-21626,45.7336,0.396533
23025000,45,191.73,-21632.7,47.9524,0.391533
23040000,59,272.326,-21651.7,51.1715,0.390467
23055000,45,172.71,-21639.9,51.9407,0.387744
23070000,66,297.381,-21601.2,69.0068,0.396933
23085000,61,269.675,-21633,57.0549,0.387667
23100000,48,213.905,-21642.6,34.1496,0.391311
23115000,67,290.434,-21611.5,69.9566,0.394267
23130000,71,317.676,-21607.9,70.066,0.398867
23145000,61,267.824,-21631.9,61.7997,0.397122
23160000,63,262.975,-21619.1,59.0134,0.412467
23175000,71,307.006,-21619.2,69.6474,0.398222
23190000,73,291.055,-21615.8,54.6449,0.4109
23205000,76,332.103,-21604.1,71.8135,0.405333
23220000,67,284.943,-21612.2,63.7104,0.412133
23235000,65,277.758,-21605.5,75.1387,0.416333
23250000,53,227.891,-21606.2,46.5911,0.41245
23265000,69,295.918,-21605.2,63.7382,0.4092
23280000,58,263.287,-21619,60.2709,0.3958
23295000,50,200.587,-21647.5,58.4649,0.392933
23310000,51,204.129,-21618.2,40.8998,0.389667
23325000,65,292.373,-21612.6,64.6904,0.409667
23340000,51,208.586,-21633.8,49.6719,0.39875
23355000,43,189.936,-21618,38.2195,0.383333
23370000,61,275.283,-21646.2,62.2817,0.407422
23385000,58,250.114,-21631.7,56.0837,0.4064
23400000,56,247.667,-21625.1,62.6563,0.391556
23415000,59,262.516,-21641.8,53.1498,0.400105
23430000,65,286.212,-21615.3,65.5627,0.407067
23445000,56,246.111,-21622.9,59.0577,0.3954
23460000,52,221.918,-21628.3,57.0546,0.396867
23475000,57,251.688,-21640,48.5318,0.3932
23490000,36,171.638,-21672.9,41.8327,0.391267
23505000,57,248.392,-21591.9,46.1416,0.407156
23520000,62,277.797,-21627.4,80.4586,0.395556
23535000,63,277.143,-21620.9,49.1764,0.387633
23550000,63,276.841,-21639.2,68.0396,0.396367
23565000,56,262.648,-21648.4,47.6533,0.398267
23580000,57,239.538,-21640.6,59.6003,0.409
23595000,63,280.791,-21625.4,61.0842,0.399183
23610000,54,235.51,-21614.3,50.6955,0.390733
23625000,57,247.5,-21591.2,56.6442,0.403133
23640000,60,263.427,-21592.7,64.508,0.405933
23655000,70,325.791,-21607.6,62.6477,0.4108
23670000,80,354.216,-21635.6,80.1214,0.397222
23685000,70,312.43,-21582.4,86.241,0.4137
23700000,70,309.643,-21598.7,68.6146,0.4182
23715000,55,250.672,-21621.4,48.6859,0.405
23730000,70,301.41,-21610.6,84.6872,0.410033
23745000,80,345.844,-21607.3,67.6428,0.413267
23760000,55,247.963,-21623.5,56.3472,0.404544
23775000,59,258.953,-21628.5,56.1121,0.406267
23790000,55,260.975,-21621,59.8407,0.405433
23805000,61,263.569,-21623.6,68.8329,0.405467
23820000,49,215.572,-21651.2,55.4154,0.3946
23835000,55,232.448,-21620.8,50.8858,0.402733
23850000,51,200.081,-21620.7,47.4586,0.39143
23865000,47,206.34,-21669,50.5731,0.396444
23880000,46,206.712,-21619.6,54.0745,0.372767
23895000,67,302.07,-21614.4,70.8928,0.397383
23910000,78,345.523,-21604.2,68.2992,0.4148
23925000,52,235.202,-21609.8,54.5418,0.401422
23940000,63,284.163,-21635.8,60.7635,0.388053
23955000,48,214.119,-21597.6,55.0936,0.402156
23970000,57,254.176,-21601.7,55.8246,0.391
23985000,55,241.015,-21631.7,53.2136,0.399533
24000000,55,241.604,-21647.7,44.4827,0.389933
24015000,55,247.23,-21636.8,54.4229,0.392833
24030000,67,286.941,-21590.2,62.8144,0.403317
24045000,70,306.991,-21599.5,67.9612,0.3906
24060000,62,281.787,-21593.8,58.8493,0.4
24075000,72,318.847,-21601.1,68.743,0.395933
24090000,65,302.188,-21581.2,57.963,0.406267
24105000,69,300.355,-21594.6,65.8488,0.406
24120000,66,289.43,-21596.6,64.2621,0.400467
24135000,61,266.276,-21606.6,65.9302,0.396067
24150000,45,194.944,-21653.3,53.8055,0.393733
24165000,53,227.808,-21610.5,60.9211,0.391533
24180000,62,279.234,-21642.4,61.3987,0.404333
24195000,53,241.687,-21636.7,56.9658,0.394667
24210000,71,319.049,-21621.7,74.4464,0.4196
24225000,70,326.793,-21633.5,66.0485,0.408667
24240000,86,373.754,-21583.3,103.35,0.396013
24255000,78,343.362,-21590.3,86.4622,0.424467
24270000,67,301.052,-21625,74.0723,0.413067
24285000,69,314.985,-21608.7,81.9732,0.4108
24300000,64,277.196,-21596.9,54.6972,0.407733
24315000,70,311.38,-21615.9,70.4001,0.401867
24330000,51,217.811,-21643.1,52.5327,0.398078
24345000,73,327.511,-21605.1,76.3904,0.403358
24360000,59,255.816,-21584.7,52.2666,0.400556
24375000,58,256.509,-21606.3,58.9898,0.3856
24390000,54,236.515,-21596.3,47.3622,0.3786
24405000,59,259.732,-21588.3,65.1264,0.3828
24420000,63,263.673,-21610.5,80.0288,0.401467
24435000,63,262.826,-21608,74.4524,0.3978
24450000,62,271.163,-21589.8,61.5508,0.396844
24465000,69,296.753,-21592.1,72.5312,0.398733
24480000,81,360.719,-21595.6,84.4032,0.407867
24495000,68,303.908,-21612.4,85.2106,0.411467
24510000,60,274.395,-21628.9,59.0371,0.397813
24525000,64,272.551,-21616,38.8691,0.388867
24540000,49,216.391,-21602,42.3256,0.403067
24555000,71,284.114,-21569.5,80.055,0.402
24570000,77,319.903,-21576.4,84.836,0.398333
24585000,88,387.455,-21578.1,107.881,0.415667
24600000,82,353.859,-21593.1,76.0719,0.416533
24615000,78,346.22,-21567.5,68.6603,0.416667
24630000,57,236.981,-21599,46.0947,0.398467
24645000,60,274.914,-21593.6,49.9329,0.398168
24660000,75,347.807,-21597.8,79.0225,0.4166
24675000,80,345.87,-21627.4,80.959,0.407253
24690000,68,307.669,-21585.8,67.8392,0.411733
24705000,62,278.878,-21591.6,70.0166,0.407067
24720000,57,266.581,-21638.5,62.0702,0.404867
24735000,51,225.807,-21641.1,51.5198,0.411333
24750000,63,283.727,-21624.6,69.8788,0.3933
24765000,53,236.582,-21617.5,46.9214,0.401067
24780000,50,207.441,-21655.5,45.34,0.411978
24795000,73,323.298,-21626.3,73.4554,0.393267
24810000,70,298.536,-21627.8,70.3697,0.402133
24825000,37,154.093,-21628,27.9105,0.394467
24840000,54,228.233,-21625.3,59.1553,0.381933
24855000,54,231.031,-21624.8,56.6449,0.390644
24870000,57,258.577,-21635.1,51.7696,0.4046
24885000,77,329.522,-21608.5,77.1535,0.400067
24900000,69,295.596,-21617.2,71.6924,0.421533
24915000,56,239.194,-21605.6,50.5135,0.404578
24930000,64,268.71,-21601.4,59.7953,0.405667
24945000,59,255.83,-21633.5,60.6731,0.388528
24960000,55,238.494,-21605.6,47.1851,0.398633
24975000,69,307.226,-21609.1,70.531,0.398
24990000,68,290.788,-21612.4,61.4244,0.404333
25005000,48,200.31,-21612.4,33.9879,0.388533
25020000,47,186.993,-21630.3,34.6195,0.39016
25035000,53,240.085,-21652.6,53.5054,0.3806
25050000,49,206.521,-21627.6,49.5853,0.3832
25065000,57,239.106,-21628.1,65.779,0.397133
25080000,57,252.763,-21627.5,63.1639,0.40057
25095000,47,206.564,-21645.8,38.8911,0.409667
25110000,67,299.478,-21656.9,73.4035,0.393093
25125000,44,196.19,-21656.3,44.5204,0.390167
25140000,54,227.799,-21631.7,55.1094,0.3936
25155000,48,210.351,-21641.6,46.1668,0.399633
25170000,60,252.379,-21639.9,54.1976,0.402267
25185000,57,252.863,-21622.4,56.8816,0.415
25200000,62,285.865,-21598.3,73.7895,0.3811
25215000,58,252.339,-21616.4,59.2772,0.402247
25230000,57,250.404,-21631,60.9985,0.402433
25245000,58,254.909,-21633.8,56.7032,0.4094
25260000,49,223.166,-21617.8,46.6787,0.391667
25275000,51,224.495,-21618.5,55.6485,0.3702
25290000,59,268.942,-21638.6,56.5271,0.4024
25305000,66,265.211,-21604.2,71.9209,0.405
25320000,73,330.79,-21603.2,75.5539,0.396489
25335000,75,332.425,-21598,59.5458,0.416533
25350000,63,265.335,-21605.9,62.5862,0.400667
25365000,59,257.313,-21628.9,61.8282,0.394867
25380000,70,285.752,-21623.6,67.1585,0.3922
25395000,62,280.259,-21601.6,61.7234,0.3964
25410000,61,287.961,-21618,54.4119,0.401
25425000,58,250.824,-21617.7,57.8161,0.3978
25440000,51,229.011,-21657.8,48.3096,0.391875
25455000,81,376.957,-21617.7,85.3398,0.402787
25470000,69,293.92,-21609.8,64.4479,0.407
25485000,61,266.142,-21611.6,56.5176,0.39985
25500000,58,247.65,-21586.5,75.5195,0.3938
25515000,72,296.726,-21570.6,68.2293,0.399667
25530000,71,317.991,-21589.7,85.7659,0.414867
25545000,76,332.164,-21575.7,63.7479,0.415333
25560000,54,240.806,-21609.8,45.1387,0.39064
25575000,81,347.063,-21600.6,71.6582,0.4095
25590000,61,262.749,-21660.9,59.8495,0.403047
25605000,70,317.674,-21601.7,59.3842,0.405844
25620000,58,236.907,-21632.3,51.1854,0.4012
25635000,52,222.477,-21612.5,62.6592,0.399117
25650000,55,239.423,-21608.3,63.3358,0.387
25665000,74,326.315,-21611,70.9494,0.393667
25680000,63,259.352,-21609.9,52.3816,0.4029
25695000,70,307.82,-21615.1,68.2843,0.400033
25710000,70,318.949,-21615.6,58.2076,0.406467
25725000,67,307.235,-21609.4,64.0807,0.415067
25740000,68,273.215,-21584.4,61.7,0.40585
25755000,54,227.176,-21590.3,65.8924,0.382067
25770000,62,269.379,-21617.2,59.8433,0.395387
25785000,70,292.267,-21616.1,52.601,0.398933
25800000,58,248.316,-21598.2,80.1005,0.403867
25815000,69,294.202,-21634.4,67.4381,0.399283
25830000,58,251.641,-21631.7,60.8876,0.391305
25845000,50,220.447,-21618.3,46.707,0.403633
25860000,42,190.084,-21622.1,40.2648,0.3856
25875000,55,248.433,-21630.8,45.8299,0.396413
25890000,62,256.052,-21633.3,53.4635,0.400867
25905000,64,288.255,-21616.8,71.6332,0.402617
25920000,66,273.085,-21618.5,74.9029,0.393567
25935000,61,278.507,-21641.8,58.9557,0.415633
25950000,57,241.182,-21612.9,65.3237,0.393733
25965000,48,211.471,-21624,56.6049,0.378219
25980000,49,215.402,-21614.2,48.3973,0.393433
25995000,64,270.569,-21613.7,65.2465,0.406733
26010000,51,226.541,-21656.6,51.1999,0.403933
26025000,55,230.823,-21600,55.6787,0.402433
26040000,40,170.102,-21624.1,51.6358,0.37392
26055000,53,230.307,-21638.7,57.461,0.404889
26070000,60,268.911,-21611.3,59.8376,0.389
26085000,62,295.471,-21642.1,69.3356,0.382778
26100000,60,260.682,-21615.2,60.079,0.403467
26115000,50,195.61,-21604.1,49.8564,0.3834
26130000,48,207.273,-21606.5,46.0033,0.386133
26145000,56,230.009,-21607.1,52.1978,0.383333
26160000,61,256.713,-21634.8,64.5574,0.389253
26175000,55,221.359,-21614,53.5575,0.3908
26190000,49,209.682,-21617.9,50.2618,0.393933
26205000,66,284.023,-21604.8,74.1686,0.409244
26220000,75,332.499,-21598.1,91.0176,0.388933
26235000,58,238.867,-21623.1,48.4765,0.392756
26250000,71,318.951,-21607.8,59.0439,0.387433
26265000,64,279.418,-21605,57.5249,0.398933
26280000,68,296.875,-21600.9,70.7361,0.381133
26295000,47,196.887,-21623.4,46.2313,0.395383
26310000,64,262.397,-21591.7,54.7112,0.384033
26325000,62,281.504,-21607.5,61.6063,0.388267
26340000,62,288.642,-21634.9,43.1726,0.3888
26355000,57,255.927,-21640.3,50.0589,0.388267
26370000,51,227.408,-21617.5,41.4299,0.39064
26385000,46,205.417,-21633.7,30.2403,0.391979
26400000,55,240.401,-21603.4,53.9425,0.3964
26415000,57,250.831,-21610,69.3879,0.395133
26430000,63,272.301,-21590.4,58.0596,0.391933
26445000,51,209.205,-21656.3,56.1029,0.39285
26460000,59,270.022,-21626.3,52.0252,0.386133
26475000,65,274.548,-21583.3,46.0531,0.3962
26490000,52,234.84,-21622.3,51.1005,0.377433
26505000,74,314.867,-21617.1,85.4374,0.400333
26520000,53,222.724,-21651.2,53.5002,0.390173
26535000,47,206.099,-21641.4,47.0026,0.3962
26550000,52,234.029,-21648.2,49.823,0.414267
26565000,52,218.866,-21595.4,57.0321,0.392733
26580000,52,237.695,-21637.6,48.2375,0.377144
26595000,58,245.623,-21615.7,69.3195,0.400067
26610000,61,247.36,-21610.5,76.6513,0.4026
26625000,67,287.856,-21607.4,68.6968,0.393
26640000,61,237.92,-21615,52.9543,0.392733
26655000,46,201.702,-21634,43.0611,0.381387
26670000,50,232.606,-21625.7,53.2019,0.377067
26685000,81,366.566,-21602,82.2487,0.405356
26700000,78,349.141,-21611.7,73.8423,0.3924
26715000,72,318.682,-21618,83.8647,0.405333
26730000,60,263.35,-21614.7,72.2057,0.414333
26745000,71,314.128,-21596.9,72.8318,0.398333
26760000,55,228.429,-21624.9,53.061,0.397705
26775000,69,304.162,-21602.5,65.4712,0.407667
26790000,56,245.139,-21639.3,57.8538,0.4046
26805000,66,267.165,-21611.4,65.9005,0.396358
26820000,71,313.582,-21593.4,72.1029,0.4062
26835000,71,324.34,-21607.2,54.3787,0.39885
26850000,61,253.227,-21615,58.0201,0.413433
26865000,58,264.275,-21604.6,61.315,0.395267
26880000,65,282.418,-21600.4,66.6943,0.405267
26895000,58,242.618,-21588.1,63.4301,0.401448
26910000,64,281.15,-21630.3,69.1385,0.396133
26925000,63,291.337,-21620.2,64.5269,0.414933
26940000,47,191.312,-21646.1,43.8593,0.384743
26955000,62,256.26,-21629.9,65.9502,0.395467
26970000,67,292.945,-21614.9,54.5564,0.410333
26985000,82,367.599,-21611.4,85.8381,0.421267
27000000,80,358.303,-21594.1,65.7705,0.421867
27015000,61,258.621,-21608.6,63.3919,0.397778
27030000,64,271.733,-21583,74.2677,0.406667
27045000,70,298.299,-21611.2,68.4322,0.393333
27060000,92,412.883,-21562.8,93.1865,0.406533
27075000,75,330.152,-21597.3,68.4093,0.418333
27090000,78,345.087,-21582.1,74.1022,0.407533
27105000,74,335.953,-21611.4,82.1059,0.411067
27120000,82,375.803,-21590.9,84.6239,0.389594
27135000,74,327.117,-21586.6,62.5474,0.392067
27150000,56,238.684,-21625.4,51.9507,0.402771
27165000,52,220.777,-21606.5,44.1211,0.390133
27180000,53,231.887,-21609.1,50.2509,0.384733
27195000,50,199.767,-21586.6,54.4317,0.395556
27210000,60,248.272,-21627.8,57.1982,0.3765
27225000,78,323.509,-21602.7,65.6091,0.401467
27240000,71,321.29,-21580.3,67.612,0.399156
27255000,60,267.685,-21589.1,59.3922,0.402967
27270000,68,300.153,-21579.1,59.9846,0.3995
27285000,68,297.35,-21595.2,75.3341,0.400067
27300000,64,271.112,-21611.9,64.366,0.396756
27315000,60,276.421,-21612,54.5832,0.394067
27330000,53,223.74,-21636.9,48.2144,0.396067
27345000,56,259.776,-21632.4,72.1852,0.405333
27360000,67,287.994,-21579.6,75.9327,0.39612
27375000,79,358.797,-21605.3,73.8655,0.399133
27390000,57,243.644,-21583.8,47.2164,0.389747
27405000,53,245.69,-21614.5,59.1933,0.379733
27420000,55,247.796,-21584.9,51.7227,0.3836
27435000,65,271.3,-21590.8,62.8693,0.394533
27450000,55,249.521,-21620.9,55.5618,0.384511
27465000,61,274.101,-21616.9,56.4927,0.395
27480000,61,260.263,-21591.8,48.6385,0.391444
27495000,83,361.895,-21603.8,73.6945,0.4068
27510000,76,336.557,-21576,84.5992,0.405889
27525000,71,305.607,-21590.8,74.6504,0.4128
27540000,70,319.46,-21570.8,75.3498,0.406733
27555000,54,225.242,-21609.5,53.036,0.386652
27570000,52,220.535,-21623,50.8157,0.3946
27585000,69,285.181,-21584.2,58.898,0.396111
27600000,76,335.812,-21596.4,83.0899,0.399667
27615000,89,377.206,-21596,85.2672,0.4104
27630000,78,337.031,-21569.7,79.276,0.418467
27645000,81,357.247,-21581.6,80.1201,0.415533
27660000,58,257.082,-21622.4,54.0143,0.400533
27675000,81,347.235,-21587.2,75.835,0.408067
27690000,89,398.24,-21593.8,87.4041,0.401867
27705000,82,365.095,-21581.5,63.6669,0.414067
27720000,83,344.197,-21585.9,89.5646,0.4068
27735000,76,342.2,-21564.6,85.4491,0.400533
27750000,65,299.351,-21591.6,70.008,0.401276
27765000,49,203.245,-21632.3,45.5766,0.397257
27780000,52,235.19,-21617.6,54.3527,0.407133
27795000,74,314.671,-21591.4,66.8945,0.403383
27810000,72,309.896,-21587.1,69.1362,0.389467
27825000,76,337.768,-21596.6,80.8689,0.404267
27840000,63,287.947,-21644.3,62.1585,0.4036
27855000,64,276.684,-21615.9,55.2326,0.396467
27870000,67,300.981,-21634.3,55.1389,0.398352
27885000,57,264.727,-21604.7,55.7251,0.391567
27900000,69,312.533,-21618.8,61.7212,0.4032
27915000,62,277.64,-21618.6,56.0029,0.399867
27930000,71,301.934,-21625.5,66.3099,0.402033
27945000,66,284.683,-21616.8,68.0234,0.401467
27960000,58,258.3,-21626.6,72.2283,0.400022
27975000,61,275.251,-21645.2,64.7319,0.400933
27990000,53,239.938,-21634.5,39.4169,0.401067
28005000,57,259.582,-21625.4,68.5505,0.399333
28020000,62,264.921,-21632.1,50.0824,0.405253
28035000,84,365.774,-21618.3,76.2215,0.408133
28050000,75,315.986,-21628.8,66.4566,0.414467
28065000,43,192.388,-21660.7,49.5182,0.4011
28080000,50,211.921,-21627.1,41.1553,0.39285
28095000,49,206.454,-21634.7,60.7738,0.396267
28110000,64,273.723,-21614.9,60.8871,0.396833
28125000,42,193.345,-21647.9,41.5539,0.382333
28140000,50,228.951,-21645.5,41.3098,0.391667
28155000,43,168.112,-21631,41.7391,0.387267
28170000,66,284.977,-21615.2,51.7943,0.40025
28185000,54,237.557,-21631.5,59.1869,0.386067
28200000,58,228.878,-21615.6,56.8587,0.385733
28215000,64,292.036,-21617.9,65.9786,0.382793
28230000,60,277.196,-21631.6,50.1869,0.4002
28245000,66,288.556,-21619.8,68.653,0.408333
28260000,60,262.957,-21648.8,50.9964,0.396417
28275000,58,244.576,-21617.3,75.4748,0.402667
28290000,57,258.064,-21633.9,61.1547,0.400875
28305000,55,242.002,-21624.7,72.482,0.389933
28320000,54,235.176,-21639.7,59.4107,0.4116
28335000,49,221.556,-21639.7,53.2827,0.392147
28350000,54,234.605,-21629.2,50.0627,0.413533
28365000,59,270.124,-21631.4,52.0679,0.3901
28380000,56,254.913,-21637.6,51.17,0.404613
28395000,60,269.337,-21605.5,44.461,0.3957
28410000,58,254.006,-21609,59.9869,0.383867
28425000,49,210.909,-21663.2,45.4458,0.398907
28440000,57,251.412,-21631.1,51.5993,0.411467
28455000,74,310.921,-21624.7,76.4267,0.396827
28470000,78,350.469,-21611.6,81.8886,0.4224
28485000,66,285.196,-21592,72.8105,0.40644
28500000,69,288.841,-21601.6,62.8798,0.4074
28515000,71,307.305,-21613.9,75.4326,0.419533
28530000,63,281.339,-21597.1,74.3395,0.4074
28545000,51,210.329,-21614.1,59.1802,0.399438
28560000,66,262.591,-21609.7,41.7932,0.396133
28575000,65,288.046,-21588,63.134,0.402733
28590000,71,318.418,-21599.5,75.2282,0.407867
28605000,66,294.419,-21610.8,68.7115,0.405067
28620000,73,321.645,-21588.5,66.198,0.410867
28635000,59,260.434,-21613.5,53.3889,0.401867
28650000,70,301.744,-21592.7,60.2539,0.395633
28665000,66,278.922,-21594.3,84.9001,0.406
28680000,53,231.841,-21608.2,51.2539,0.398667
28695000,59,254.348,-21589,46.6835,0.3958
28710000,72,312.116,-21619.6,82.1806,0.39524
28725000,64,286.381,-21613.4,62.0991,0.409733
28740000,74,326.053,-21606.4,77.9988,0.3974
28755000,65,292.166,-21622.5,69.9424,0.403533
28770000,62,277.093,-21612.9,56.7065,0.396067
28785000,71,285.802,-21606.9,62.3719,0.402744
28800000,62,261.106,-21577.4,64.8422,0.400733
28815000,62,271.722,-21616.3,56.7169,0.402222
28830000,68,303.505,-21605.9,62.8455,0.4023
28845000,65,289.57,-21611.1,62.6306,0.386867
28860000,54,213.249,-21635.4,39.7488,0.3934
28875000,69,290.329,-21584.4,77.118,0.399067
28890000,62,258.543,-21631.6,49.7421,0.4078
28905000,79,347.592,-21586.2,71.7708,0.4103
28920000,73,295.48,-21577.8,96.749,0.411733
28935000,83,345.494,-21583.5,97.2191,0.4124
28950000,73,318.86,-21604.9,68.0373,0.419933
28965000,65,277.132,-21588.1,59.4251,0.4138
28980000,60,263.213,-21591.2,64.8415,0.4
28995000,49,213.696,-21657.3,43.8489,0.39806
29010000,52,207.402,-21671.2,55.5994,0.401783
29025000,77,317.799,-21583.7,87.8982,0.399933
29040000,62,266.617,-21614,60.5651,0.4094
29055000,62,258.833,-21613.3,70.7297,0.402067
29070000,72,319.528,-21606.3,70.7819,0.418067
29085000,46,199.766,-21659.9,35.5405,0.378589
29100000,66,282.747,-21619.9,61.4911,0.397878
29115000,69,295.834,-21613,68.8522,0.405133
29130000,56,250.226,-21641.4,52.145,0.394178
29145000,43,187.962,-21637.7,37.3849,0.413289
29160000,61,254.941,-21626.3,59.8038,0.414844
29175000,59,246.35,-21631.3,78.6812,0.392833
29190000,64,280.493,-21640.7,67.2714,0.399
29205000,60,252.393,-21628,49.119,0.394822
29220000,70,304.413,-21587.7,67.4616,0.396333
29235000,61,256.245,-21648,67.3193,0.387622
29250000,61,252.693,-21609.7,55.214,0.4084
29265000,50,219.654,-21602.3,55.8109,0.3912
29280000,43,183.337,-21656.6,46.1467,0.386743
29295000,57,259.067,-21652.3,49.2407,0.4062
29310000,86,378.569,-21626.4,84.1822,0.400222
29325000,90,383.119,-21602.7,99.4218,0.432133
29340000,76,335.066,-21587.3,63.5588,0.423533
29355000,63,260.72,-21581.5,66.6383,0.4046
29370000,62,272.077,-21589.9,64.5414,0.3966
29385000,46,198.576,-21662.6,49.205,0.397627
29400000,61,244.218,-21632.7,63.748,0.399933
29415000,48,217.039,-21655,51.7868,0.3909
29430000,63,291.272,-21607.3,67.7767,0.401067
29445000,39,159.758,-21643.6,28.2027,0.3873
29460000,62,270.499,-21595.6,62.171,0.407267
29475000,55,239.646,-21598.2,55.6318,0.400267
29490000,56,245.232,-21615.9,53.1444,0.397133
29505000,59,236.985,-21604.1,44.0879,0.398467
29520000,58,252.835,-21603.3,49.7313,0.398267
29535000,49,212.131,-21634.1,58.1627,0.374978
29550000,69,298.724,-21603.6,70.1127,0.402833
29565000,62,264.053,-21618.1,65.0195,0.4017
29580000,78,340.955,-21589.7,78.617,0.404333
29595000,56,246.841,-21618.4,64.6385,0.4068
29610000,70,297.183,-21568.6,71.5785,0.396133
29625000,61,257.507,-21588.4,64.1209,0.406133
29640000,63,267.946,-21606.8,57.0045,0.383867
29655000,64,288.815,-21605.6,72.6512,0.387775
29670000,65,297.719,-21600,70.8683,0.407667
29685000,76,330.35,-21583.1,86.9597,0.416667
29700000,86,370.675,-21595.4,65.8485,0.401333
29715000,64,276.472,-21627.6,70.4585,0.4115
29730000,74,338.941,-21623,78.9096,0.417833
29745000,79,353.298,-21613,57.5563,0.413133
29760000,87,391.769,-21599.6,82.4307,0.418333
29775000,84,372.95,-21586.6,101.325,0.408067
29790000,70,298.198,-21601.3,64.5523,0.404933
29805000,72,322.572,-21600.3,65.5234,0.408448
29820000,70,310.798,-21597.1,89.0214,0.4027
29835000,60,237.079,-21590.9,60.095,0.4084
29850000,55,231.237,-21619.3,71.8894,0.3914
29865000,61,263.798,-21601,66.169,0.397067
29880000,64,271.859,-21599.6,64.943,0.415093
29895000,60,255.725,-21626,69.0204,0.400411
29910000,60,245.418,-21598,55.5588,0.408433
29925000,72,300.28,-21609.9,65.661,0.398667
29940000,83,364.058,-21615.7,87.6174,0.4228
29955000,49,226.989,-21600.5,48.8602,0.395911
29970000,74,326.261,-21578.5,78.1237,0.4213
29985000,68,295.315,-21583.2,66.5396,0.393667
