generation,N_shifts,logPrior,logLik,eventRate,acceptRate
0,0,-81.6811,-22264.9,100,1
15000,1,5.09458,-21978,3.36317,0.257333
30000,1,5.5372,-21974.3,1.05943,0.231267
45000,2,10.2782,-21955.5,2.11617,0.2468
60000,2,8.50636,-21968,2.88091,0.221496
75000,2,9.49105,-21965.5,1.88061,0.291533
90000,2,10.097,-21972.8,1.8006,0.328
105000,1,5.3423,-21980.8,8.94549,0.289045
120000,3,14.7088,-21913,5.22065,0.26076
135000,3,11.4526,-21914.1,2.05928,0.269533
150000,6,24.29,-21897.2,9.61696,0.294267
165000,5,24.0612,-21936.1,6.25063,0.322893
180000,4,20.2224,-21928.8,2.69893,0.28552
195000,5,22.6991,-21892.9,7.62661,0.316867
210000,5,22.1711,-21900.1,6.16359,0.288867
225000,8,35.172,-21888,4.07222,0.31895
240000,8,30.0662,-21881.2,8.31458,0.331067
255000,11,55.0218,-21864.9,7.3529,0.305383
270000,12,53.9184,-21865.6,7.54179,0.345533
285000,7,29.5974,-21860.3,7.13599,0.325733
300000,7,30.3342,-21858.1,7.86165,0.304
315000,6,24.5551,-21878.5,5.73966,0.300773
330000,6,22.4346,-21870.1,9.83716,0.293333
345000,9,38.5169,-21856,5.37449,0.278267
360000,10,47.6159,-21839.1,11.486,0.325617
375000,14,54.0029,-21841.7,19.9682,0.318967
390000,19,73.6155,-21770.5,22.6699,0.302361
405000,10,43.5961,-21844.7,11.4142,0.316033
420000,12,59.0339,-21835.1,14.5548,0.338817
435000,27,110.904,-21734.3,27.938,0.348733
450000,34,136.851,-21725,24.2678,0.3646
465000,31,130.294,-21721.2,28.8399,0.383667
480000,42,189.302,-21728.6,61.715,0.403267
495000,33,154.638,-21729.7,33.1637,0.384133
510000,34,139.919,-21732.6,31.7649,0.3682
525000,33,144.254,-21702.5,26.7504,0.372467
540000,31,129.582,-21705.3,40.1695,0.359467
555000,43,170.558,-21673.3,40.2519,0.383467
570000,44,188.525,-21687.7,44.1517,0.384733
585000,43,183.274,-21742.4,49.0253,0.341709
600000,48,198.434,-21661.3,49.3952,0.3932
615000,44,196.644,-21716.6,37.382,0.33679
630000,43,182.211,-21649.5,58.0848,0.3934
645000,37,170.592,-21723.4,43.1607,0.383617
660000,52,228.031,-21639.9,55.7194,0.3764
675000,51,230.98,-21694.1,50.8161,0.36515
690000,50,219.121,-21698,48.1391,0.4038
705000,51,208.024,-21659.6,58.2825,0.386267
720000,58,253.078,-21631.6,57.0728,0.396733
735000,50,205.373,-21650.6,43.6381,0.394667
750000,57,260.735,-21629.4,55.695,0.386133
765000,28,119.002,-21683.6,33.748,0.372893
780000,41,193.653,-21694.3,57.3687,0.357267
795000,53,234.708,-21632.7,52.3848,0.391689
810000,47,195.373,-21656.2,38.2811,0.375533
825000,55,238.448,-21643.6,71.6456,0.3998
840000,46,194.864,-21650,50.7725,0.388667
855000,37,159.169,-21684.1,33.3487,0.378995
870000,40,173.139,-21667.6,38.588,0.395267
885000,42,186.596,-21653.8,49.5483,0.373133
900000,42,179.907,-21669.5,43.8488,0.3814
915000,47,197.316,-21666.5,46.193,0.372633
930000,56,244.746,-21640.5,60.9604,0.388789
945000,48,202.475,-21671.4,41.5236,0.390067
960000,71,329.549,-21617.7,57.0746,0.404767
975000,67,299.747,-21639.3,74.9204,0.398467
990000,61,253.321,-21633.5,66.7004,0.397533
1005000,51,217.238,-21683.9,58.5391,0.38665
1020000,58,262.014,-21620.1,54.3304,0.397467
1035000,70,314.351,-21601.8,73.4555,0.402
1050000,61,268.729,-21635.3,58.4923,0.388074
1065000,50,216.619,-21624.6,48.2492,0.393133
1080000,72,315.726,-21602.1,96.299,0.395578
1095000,74,334.65,-21626.5,80.969,0.396867
1110000,52,224.626,-21640.9,52.8404,0.382956
1125000,43,192.727,-21649.5,52.4199,0.3921
1140000,53,232.095,-21616.4,40.5463,0.399089
1155000,47,194.577,-21659.8,48.5848,0.3762
1170000,58,258.144,-21627.7,56.1457,0.386333
1185000,64,291.512,-21602.9,96.2082,0.3982
1200000,68,292.956,-21612.1,78.5065,0.405067
1215000,60,262.981,-21626.8,56.7829,0.398333
1230000,62,249.202,-21631.9,59.3477,0.3806
1245000,49,209.366,-21639,43.6117,0.3914
1260000,45,185.951,-21667.1,38.3337,0.374905
1275000,57,249.437,-21636.6,51.539,0.3906
1290000,66,305.823,-21653.6,65.956,0.394867
1305000,65,299.787,-21620.4,51.2594,0.4104
1320000,48,198.33,-21665.6,46.2841,0.390082
1335000,57,264.82,-21631.4,51.5911,0.383947
1350000,56,260.525,-21612.2,44.7764,0.380267
1365000,55,251.876,-21605.6,52.1763,0.389067
1380000,58,266.192,-21613.5,48.4297,0.384067
1395000,65,300.316,-21605.9,74.0338,0.3724
1410000,58,251.526,-21594.3,62.5271,0.3822
1425000,64,293.789,-21594.9,70.5011,0.376133
1440000,64,282.285,-21584.6,65.955,0.384533
1455000,69,308.445,-21590.5,70.1867,0.3768
1470000,73,310.441,-21593.7,61.3811,0.392
1485000,66,282.631,-21606.1,81.2837,0.3904
1500000,75,324.299,-21607.6,73.3496,0.4122
1515000,53,226.999,-21630,52.6007,0.400467
1530000,66,302.18,-21605.8,61.214,0.3942
1545000,55,217.268,-21620.9,38.7562,0.384133
1560000,60,249.448,-21643.5,48.7782,0.384467
1575000,62,268.255,-21651.8,61.9682,0.401067
1590000,56,224.968,-21660,70.3047,0.381575
1605000,53,231.488,-21625.8,52.5168,0.402367
1620000,55,242.246,-21613.9,50.6688,0.393267
1635000,56,243.777,-21636,53.3491,0.388933
1650000,52,221.615,-21620.2,53.5935,0.377333
1665000,57,238.448,-21622.9,56.6633,0.386067
1680000,46,216.546,-21664.4,44.8503,0.3788
1695000,64,275.123,-21598.6,66.0544,0.385633
1710000,46,207.688,-21661.2,46.1658,0.382105
1725000,73,310.081,-21605.3,81.6434,0.390733
1740000,56,242.835,-21628.4,66.3844,0.384917
1755000,71,296.265,-21574.7,53.2245,0.3963
1770000,74,319.71,-21563.7,68.4162,0.3954
1785000,74,324.296,-21608.8,82.6437,0.3988
1800000,71,325.674,-21610.7,56.9079,0.400733
1815000,55,244.481,-21635.7,57.5023,0.388867
1830000,49,202.731,-21655,48.5184,0.386925
1845000,50,208.765,-21660.6,44.1655,0.387667
1860000,49,206.117,-21657.2,52.7506,0.391333
1875000,47,201.196,-21659.9,51.0706,0.383
1890000,68,314.085,-21586.8,68.6095,0.374333
1905000,63,279.026,-21589,66.3531,0.3842
1920000,60,261.521,-21601.1,76.6785,0.381267
1935000,64,269.346,-21586.1,73.7344,0.384
1950000,62,272.702,-21593.1,68.7293,0.383333
1965000,56,252.403,-21629.1,60.7539,0.395
1980000,51,219.369,-21604.4,50.911,0.3694
1995000,44,192.24,-21683.9,45.7115,0.380322
2010000,76,314.013,-21612.9,70.7518,0.377633
2025000,40,179.107,-21711.1,40.1409,0.3801
2040000,39,158.247,-21702.5,40.466,0.392133
2055000,69,285.247,-21624.1,65.4953,0.399378
2070000,29,119.756,-21696.2,19.6463,0.378133
2085000,41,185.013,-21666.8,42.3406,0.380271
2100000,54,234.175,-21616.7,56.6353,0.385089
2115000,62,270.363,-21627,88.1018,0.376267
2130000,60,261.853,-21633.4,64.4235,0.382
2145000,55,245.62,-21620.3,58.9497,0.389667
2160000,56,254.943,-21617.9,69.8772,0.377733
2175000,63,280.576,-21616,66.8639,0.377
2190000,74,341.001,-21625.7,60.8547,0.399933
2205000,56,255.259,-21626.4,58.4029,0.404933
2220000,47,201.273,-21632.1,46.902,0.374837
2235000,61,265.719,-21609,69.1221,0.3852
2250000,60,237.985,-21608.6,50.6331,0.380467
2265000,57,269.57,-21617,62.5939,0.3888
2280000,64,283.612,-21595.9,57.8195,0.390733
2295000,67,295.241,-21600.4,62.7285,0.384133
2310000,64,295.095,-21612.5,69.2347,0.3976
2325000,64,297.19,-21623.1,67.1047,0.399333
2340000,62,256.521,-21612.5,56.5541,0.385667
2355000,53,226.857,-21609.5,56.6485,0.370867
2370000,48,205.597,-21634.4,42.8799,0.378992
2385000,53,240.202,-21603.5,43.695,0.3811
2400000,67,304.217,-21605.3,73.6498,0.3938
2415000,53,247.639,-21639,49.5124,0.376487
2430000,53,245.105,-21625.2,50.3527,0.3764
2445000,41,176.482,-21668.1,48.9942,0.39048
2460000,68,304.879,-21623.3,71.4512,0.381217
2475000,64,275.193,-21618.1,66.4754,0.4008
2490000,50,209.55,-21619.6,51.3828,0.381067
2505000,60,277.035,-21619.2,74.4456,0.3853
2520000,55,251.376,-21609.5,47.2804,0.384533
2535000,42,187.555,-21618.5,53.4136,0.382444
2550000,52,234.083,-21602.2,51.1115,0.3725
2565000,52,231.427,-21617.5,48.107,0.372867
2580000,60,270.794,-21611.1,66.0409,0.3772
2595000,42,189.31,-21643.3,37.566,0.38398
2610000,49,207.073,-21617.5,48.5874,0.374587
2625000,48,212.788,-21608.9,54.6522,0.380644
2640000,57,244.68,-21590.9,54.1753,0.380467
2655000,56,234.523,-21638.5,57.5887,0.393417
2670000,71,287.764,-21594.3,84.7906,0.381933
2685000,69,309.224,-21593.6,72.4373,0.397933
2700000,79,361.288,-21581.2,69.1688,0.398533
2715000,81,350.614,-21559.5,78.4256,0.3914
2730000,75,329.611,-21577.4,72.5634,0.393467
2745000,47,212.674,-21621.5,42.862,0.380926
2760000,54,213.291,-21635,57.9014,0.401019
2775000,66,293.958,-21615.8,69.2117,0.381933
2790000,72,304.845,-21635.7,69.2228,0.402167
2805000,65,283.336,-21613.8,72.4622,0.4003
2820000,52,223.187,-21620.4,73.113,0.397467
2835000,57,249.023,-21625.9,76.1166,0.3787
2850000,55,240.073,-21657.2,59.6658,0.412533
2865000,43,195.816,-21612.2,50.5037,0.371556
2880000,49,232.562,-21629.5,55.219,0.360867
2895000,51,221.362,-21629.2,59.1103,0.3828
2910000,57,257.295,-21632.8,55.6104,0.3656
2925000,46,203.801,-21658.1,46.8083,0.394415
2940000,49,207.85,-21648.4,51.5123,0.380467
2955000,53,231.085,-21643.7,63.7347,0.384133
2970000,53,224.135,-21646.5,63.3366,0.400533
2985000,63,290.265,-21596.1,62.2811,0.380373
3000000,67,281.393,-21606.8,62.8237,0.381533
3015000,71,314.619,-21592.5,56.1401,0.387933
3030000,61,271.513,-21584.1,65.3477,0.390667
3045000,66,291.555,-21615.2,58.3736,0.393973
3060000,61,256.237,-21612.1,59.4129,0.3968
3075000,68,294.344,-21581.3,71.8947,0.397484
3090000,55,238.771,-21588.4,59.4726,0.3834
3105000,83,360.935,-21588.1,72.8304,0.390633
3120000,49,214.253,-21633,66.8806,0.396067
3135000,47,214.225,-21631.7,66.6102,0.365044
3150000,53,249.888,-21632.6,47.5392,0.381367
3165000,53,224.717,-21632.2,52.0523,0.359733
3180000,66,304.758,-21611.5,61.5669,0.404747
3195000,67,296.982,-21616.3,61.2902,0.3951
3210000,72,302.137,-21615.2,72.5336,0.404833
3225000,63,282.399,-21603.5,65.4354,0.400733
3240000,77,328.748,-21590.9,75.1393,0.405267
3255000,82,363.399,-21576.3,79.5873,0.412933
3270000,78,340.145,-21571.7,77.1656,0.4042
3285000,74,313.641,-21582.7,63.7508,0.401867
3300000,70,282.778,-21583.5,65.8701,0.383867
3315000,48,219.482,-21627.2,46.4803,0.391018
3330000,85,395.713,-21574.7,77.3905,0.393167
3345000,66,317.162,-21613.2,66.201,0.39008
3360000,76,331.877,-21571.6,80.2368,0.401867
3375000,76,329.704,-21597,81.0338,0.4048
3390000,73,309.162,-21600.3,66.7734,0.4124
3405000,77,343.413,-21572.6,73.2203,0.401
3420000,56,266.324,-21621.5,50.9467,0.390033
3435000,81,362.44,-21597.1,84.0213,0.39325
3450000,89,402.228,-21577.9,94.8091,0.4158
3465000,73,305.371,-21580.1,69.8838,0.405533
3480000,51,224.853,-21618.7,59.398,0.393
3495000,71,321.792,-21580,83.3722,0.383333
3510000,73,311.384,-21571.5,93.0209,0.399733
3525000,75,338.551,-21578.2,63.4508,0.4034
3540000,48,214.01,-21627.1,48.9365,0.391143
3555000,78,360.328,-21593.4,83.406,0.388767
3570000,71,313.625,-21587.6,59.8891,0.394
3585000,56,244.031,-21619,56.8256,0.3924
3600000,67,304.107,-21604.9,74.6554,0.3904
3615000,66,304.474,-21593.6,45.5678,0.381163
3630000,75,326.76,-21597.8,61.1177,0.3868
3645000,71,321.055,-21610.1,51.6858,0.390489
3660000,70,297.604,-21607.3,68.5939,0.4056
3675000,63,279.147,-21597.6,64.0818,0.394
3690000,65,286.514,-21580.1,57.8462,0.393067
3705000,66,294.325,-21562.6,58.6539,0.3802
3720000,52,216.889,-21621.7,49.3434,0.375894
3735000,63,287.056,-21580.8,63.181,0.389567
3750000,67,263.964,-21574.6,67.2302,0.389344
3765000,61,261.463,-21610.4,53.7492,0.3845
3780000,72,322.158,-21577.9,81.1147,0.385433
3795000,75,331.051,-21587.5,69.6331,0.381267
3810000,78,331.19,-21569.5,86.7797,0.3979
3825000,73,314.219,-21576.1,56.8223,0.405167
3840000,81,319.997,-21595.9,93.4259,0.4026
3855000,60,249.664,-21609.5,56.8127,0.388767
3870000,63,258.883,-21598.5,75.8459,0.374707
3885000,65,268.93,-21595,71.9111,0.3848
3900000,72,302.555,-21594,75.3193,0.3882
3915000,60,257.203,-21595.6,71.3303,0.3846
3930000,61,284.266,-21599.8,63.8014,0.38505
3945000,63,275.097,-21631.4,60.19,0.403667
3960000,63,286.276,-21591.7,69.4217,0.386067
3975000,77,334.068,-21567.5,75.1378,0.3992
3990000,55,243.344,-21642.7,53.9178,0.390956
4005000,54,231.606,-21608.8,50.0799,0.390507
4020000,53,231.617,-21609,52.8059,0.373933
4035000,59,264.382,-21608.3,65.8138,0.3606
4050000,82,354.709,-21589.3,71.9826,0.3914
4065000,80,351.963,-21612.8,77.1112,0.414867
4080000,91,404.913,-21577.2,87.2037,0.4206
4095000,88,390.433,-21588.2,71.1284,0.4126
4110000,70,305.283,-21602.6,59.3591,0.39608
4125000,76,339.396,-21574.4,72.7926,0.4046
4140000,70,300.38,-21600.9,70.4957,0.388833
4155000,74,317.814,-21593.5,69.1544,0.404733
4170000,58,265.52,-21601.6,54.0117,0.402533
4185000,54,245.415,-21636.1,48.6768,0.384282
4200000,66,287.123,-21589.8,72.6789,0.392933
4215000,62,274.28,-21595.5,54.3168,0.384867
4230000,58,252.986,-21611.9,71.7552,0.386133
4245000,74,329.245,-21598.1,74.8415,0.396244
4260000,81,361.417,-21580,85.3839,0.4034
4275000,87,356.209,-21590.3,99.8894,0.416067
4290000,69,297.418,-21624.9,73.0207,0.401883
4305000,89,361.168,-21597.6,92.8976,0.400133
4320000,85,375.014,-21585,84.2227,0.3972
4335000,57,236.566,-21597.5,61.5376,0.388644
4350000,88,390.902,-21575.9,86.8116,0.4008
4365000,86,380.035,-21602,90.0051,0.412467
4380000,69,307.001,-21593.1,67.6686,0.416533
4395000,66,289.006,-21579.5,70.2115,0.387867
4410000,65,287.83,-21591.1,62.672,0.391467
4425000,64,289.595,-21582.1,71.3696,0.3928
4440000,59,258.7,-21593.7,54.7242,0.369629
4455000,67,288.474,-21613.6,66.3398,0.390433
4470000,60,252.749,-21579.4,59.1908,0.390267
4485000,54,236.521,-21588.6,55.1825,0.383133
4500000,58,256.85,-21601.4,60.6035,0.3826
4515000,61,262.312,-21597.2,64.4473,0.387067
4530000,54,232.621,-21611.9,59.2481,0.373789
4545000,56,264.938,-21606,60.3659,0.375067
4560000,49,224.811,-21624.4,55.5919,0.380605
4575000,61,261.871,-21589.7,63.7405,0.386367
4590000,58,249.899,-21574.3,65.7248,0.385133
4605000,54,249.367,-21662.8,45.7673,0.380244
4620000,54,244.057,-21612.2,58.3482,0.386547
4635000,76,335.718,-21588.6,83.7031,0.386067
4650000,58,268.519,-21644.2,45.1254,0.3822
4665000,59,270.073,-21592.4,71.9829,0.3895
4680000,57,259.737,-21619.1,49.7968,0.3738
4695000,70,295.209,-21589.6,63.6149,0.373733
4710000,59,262.1,-21622.3,54.9296,0.372083
4725000,74,323.508,-21577.5,71.8908,0.3924
4740000,79,352.766,-21584.8,73.7831,0.391733
4755000,88,378.542,-21572.4,73.8581,0.401133
4770000,79,351.232,-21575.6,87.8071,0.406667
4785000,72,315.06,-21590,69.4434,0.3938
4800000,64,283.086,-21599.1,66.269,0.379
4815000,63,275.299,-21601.2,61.8591,0.382676
4830000,53,223.975,-21576.9,46.7398,0.378767
4845000,91,387.28,-21612.3,84.6982,0.398667
4860000,65,283.463,-21590.1,69.6783,0.384156
4875000,60,263.517,-21600.2,59.3394,0.383067
4890000,65,269.569,-21602.3,53.8304,0.393633
4905000,37,159.387,-21656.5,38.0459,0.375867
4920000,55,237.14,-21609,47.7792,0.3803
4935000,61,264.594,-21620.2,57.3315,0.372933
4950000,52,235.881,-21608.9,52.0095,0.366067
4965000,38,168.759,-21663.5,41.1259,0.367617
4980000,59,267.903,-21614.8,59.5818,0.370978
4995000,58,252.321,-21615.1,54.2182,0.3824
5010000,45,181.782,-21618.1,45.8181,0.36455
5025000,64,285.485,-21597.1,65.4517,0.383633
5040000,60,263.261,-21596.2,73.1489,0.391867
5055000,59,258.603,-21597.8,59.8907,0.381333
5070000,62,261.232,-21582.4,59.9372,0.389633
5085000,67,284.038,-21587.2,51.6774,0.3788
5100000,69,302.173,-21614.6,61.5763,0.4042
5115000,66,274.335,-21585.6,55.816,0.392244
5130000,73,324.169,-21591.6,78.1525,0.393633
5145000,63,264.849,-21617.7,59.3743,0.407967
5160000,47,193.583,-21605.7,63.3,0.388533
5175000,38,162.286,-21643.5,35.5228,0.36119
5190000,68,291.164,-21592.1,75.4546,0.388067
5205000,57,241.135,-21615.6,70.6043,0.369667
5220000,56,237.411,-21602.2,63.6662,0.3756
5235000,53,213.605,-21580.5,53.6945,0.361853
5250000,47,216.884,-21642.1,40.5696,0.363013
5265000,65,272.992,-21615.4,76.1005,0.387333
5280000,72,312.25,-21596.3,74.0249,0.400133
5295000,72,327.23,-21609.1,69.7942,0.402333
5310000,62,252.237,-21573.3,79.0429,0.39084
5325000,64,278.839,-21614.4,85.2252,0.395267
5340000,67,279.651,-21599.9,78.3139,0.3932
5355000,62,282.292,-21611.8,67.0688,0.392156
5370000,61,260.708,-21593.4,53.8028,0.385267
5385000,76,337.42,-21571.8,95.785,0.380933
5400000,72,296.088,-21609,74.8167,0.40105
5415000,65,251.441,-21621.7,62.0911,0.404733
5430000,70,293.366,-21587.8,69.4985,0.4024
5445000,51,229.268,-21599.9,58.2823,0.3843
5460000,59,268.044,-21586.8,82.0075,0.3746
5475000,55,254.565,-21611.9,52.4996,0.382333
5490000,66,294.426,-21630,62.531,0.3858
5505000,67,312.759,-21595.9,63.1089,0.3799
5520000,66,277.782,-21607.4,64.2684,0.384333
5535000,46,207.364,-21637.3,44.8461,0.376523
5550000,67,292.654,-21619.8,70.2599,0.3975
5565000,55,228.929,-21619.5,51.5553,0.3892
5580000,50,215.384,-21617.5,44.0041,0.37956
5595000,63,275.317,-21616.4,64.3969,0.377567
5610000,64,272.288,-21605,65.5708,0.392
5625000,60,264.029,-21643.1,53.5326,0.399467
5640000,49,209.482,-21641.6,54.6845,0.3762
5655000,47,209.774,-21617.5,43.388,0.3823
5670000,54,225.895,-21615.3,45.0002,0.400833
5685000,61,270.725,-21632.6,56.1833,0.380333
5700000,61,259.682,-21621.8,51.2327,0.396733
5715000,62,269.778,-21641.1,55.5352,0.3626
5730000,65,264.695,-21622.2,69.2953,0.3974
5745000,72,319.443,-21611.9,69.714,0.380389
5760000,75,332.319,-21600.9,68.9348,0.4194
5775000,66,269.322,-21595.4,51.8789,0.400222
5790000,42,186.786,-21640.1,41.8835,0.371773
5805000,76,336.013,-21603.9,63.4774,0.407067
5820000,85,395.682,-21600.5,94.7239,0.40155
5835000,80,347.293,-21581.7,79.3925,0.404333
5850000,73,319.044,-21578.2,68.5894,0.394933
5865000,60,264.339,-21599.3,70.9282,0.385133
5880000,60,261.255,-21570.9,67.079,0.392578
5895000,69,288.944,-21586.8,77.2671,0.391133
5910000,75,326.106,-21610.3,79.3818,0.403733
5925000,80,363.063,-21606.5,74.755,0.394511
5940000,52,225.333,-21612.3,50.8837,0.382087
5955000,67,298.681,-21603.1,72.2816,0.372
5970000,80,348.356,-21574,72.1722,0.397067
5985000,62,267.86,-21608.2,53.5377,0.384433
6000000,59,269.366,-21583.3,47.3436,0.371267
6015000,70,313.77,-21598.5,58.6477,0.389
6030000,73,336.043,-21589,77.0113,0.392333
6045000,58,271.032,-21591.1,66.7257,0.39344
6060000,67,303.226,-21612.9,61.6344,0.3885
6075000,75,326.189,-21616.6,82.1112,0.398
6090000,62,278.056,-21604.4,52.0512,0.396067
6105000,66,287.619,-21603.2,74.8031,0.3929
6120000,62,273.984,-21587.9,61.6771,0.392933
6135000,65,274.85,-21587.4,64.9844,0.379533
6150000,63,275.839,-21590.1,63.5717,0.387
6165000,58,248.987,-21630.7,44.3302,0.389587
6180000,60,249.656,-21589,70.4441,0.379833
6195000,57,251.484,-21598.6,58.034,0.384414
6210000,56,239.117,-21592.3,56.1304,0.383067
6225000,67,285.173,-21590.4,73.2039,0.387289
6240000,52,231.702,-21617.9,51.8172,0.385013
6255000,63,268.174,-21605.2,52.8192,0.390133
6270000,69,299.046,-21605.2,71.6497,0.393333
6285000,52,235.42,-21622,45.4126,0.387578
6300000,66,295.238,-21614.4,69.8255,0.3967
6315000,57,248.602,-21601.9,58.21,0.384933
6330000,57,257.992,-21620.3,48.0125,0.379467
6345000,60,249.266,-21590.7,55.2683,0.381267
6360000,53,226.498,-21576.9,53.8341,0.37756
6375000,56,246.046,-21584.9,59.1563,0.374733
6390000,62,273.816,-21584.7,64.2397,0.3816
6405000,50,219.239,-21602.4,49.602,0.391367
6420000,51,225.927,-21599,44.1515,0.3754
6435000,51,235.037,-21607.9,54.9157,0.3784
6450000,43,194.305,-21597.3,39.3307,0.3666
6465000,55,230.311,-21626.9,58.9574,0.365467
6480000,58,256.612,-21596.8,52.6542,0.3928
6495000,70,318.696,-21597.4,84.7277,0.394411
6510000,67,296.264,-21604.9,68.7783,0.4032
6525000,53,239.843,-21611.9,53.2502,0.376013
6540000,58,261.145,-21605.9,52.0889,0.3736
6555000,61,275.254,-21606.8,60.6545,0.378933
6570000,56,247.153,-21624.4,45.5263,0.401517
6585000,54,232.925,-21637.4,58.0436,0.390067
6600000,60,256.316,-21594,53.879,0.377133
6615000,59,261.128,-21606.1,56.2072,0.393467
6630000,49,224.618,-21608.1,49.8139,0.3776
6645000,56,242.176,-21626.3,55.5338,0.38375
6660000,56,258.881,-21599,69.2105,0.381267
6675000,66,293.936,-21607.8,84.0188,0.393933
6690000,57,265.304,-21607.4,49.3087,0.389267
6705000,77,360.41,-21602.4,69.7041,0.396883
6720000,63,275.203,-21623.9,63.5986,0.410133
6735000,58,251.797,-21610.5,59.5156,0.3926
6750000,58,250.181,-21610.7,63.4798,0.378
6765000,64,281.743,-21597,67.2423,0.38556
6780000,71,312.087,-21572.6,68.8153,0.398933
6795000,62,280.66,-21561.7,55.0407,0.381933
6810000,52,237.903,-21630.8,58.0007,0.39515
6825000,57,255.453,-21625,42.5676,0.3814
6840000,52,219.452,-21647,50.0692,0.383944
6855000,59,257.314,-21605.2,57.7514,0.39235
6870000,56,257.569,-21610.2,42.6501,0.391333
6885000,49,224.619,-21621.5,63.9237,0.392733
6900000,55,241.203,-21639.9,58.846,0.38172
6915000,54,244.432,-21628.8,64.129,0.383667
6930000,56,257.638,-21622.8,46.4549,0.379978
6945000,48,207.913,-21633.6,44.1062,0.387067
6960000,43,192.548,-21630.2,46.7881,0.371756
6975000,55,244.607,-21620.3,54.9259,0.3597
6990000,37,163.97,-21642.7,41.7834,0.373233
7005000,63,266.518,-21616.2,58.9391,0.382567
7020000,61,265.216,-21613.2,51.6437,0.3862
7035000,62,263.139,-21593.5,77.4986,0.38456
7050000,48,213.599,-21622.7,55.6435,0.3753
7065000,58,248.169,-21599.3,43.53,0.3805
7080000,41,171.265,-21635.1,34.6158,0.388933
7095000,40,163.063,-21624.2,37.9501,0.366022
7110000,52,224.492,-21617.3,63.0935,0.356
7125000,57,253.854,-21611.3,58.688,0.376822
7140000,59,229.191,-21630.2,52.4788,0.396067
7155000,52,224.568,-21642.2,61.3544,0.388667
7170000,48,213.78,-21606.3,57.187,0.376983
7185000,52,235.242,-21613.9,54.8117,0.382333
7200000,55,239.984,-21611.9,56.6918,0.383533
7215000,68,301.93,-21606.1,78.6036,0.3832
7230000,56,241.869,-21622.4,60.4122,0.393133
7245000,54,246.816,-21617.9,68.1284,0.38255
7260000,53,219.674,-21662.9,54.426,0.392171
7275000,46,199.521,-21628.2,56.137,0.390133
7290000,58,255.337,-21609.7,61.4187,0.393433
7305000,46,211.351,-21651.9,39.6531,0.393422
7320000,41,179.782,-21626.5,44.9038,0.362422
7335000,68,301.2,-21587.9,61.2353,0.396
7350000,43,199.17,-21624.6,40.4493,0.356833
7365000,68,285.914,-21577.8,69.9765,0.4043
7380000,59,265.256,-21627.8,58.0709,0.387893
7395000,64,284.476,-21661.8,81.531,0.406733
7410000,81,341.397,-21591.5,73.9938,0.406356
7425000,50,196.083,-21614.7,59.8562,0.375987
7440000,67,289.395,-21609.1,59.7956,0.408267
7455000,81,341.972,-21575.5,68.5928,0.409933
7470000,83,371.341,-21595.8,84.4627,0.4326
7485000,81,354.772,-21587.1,89.276,0.4152
7500000,86,358.307,-21578.2,91.5185,0.420333
7515000,87,369.995,-21588.9,98.2153,0.4094
7530000,80,350.918,-21596.9,92.8037,0.414067
7545000,78,351.781,-21601.3,72.6713,0.415867
7560000,71,291.016,-21581.5,70.8587,0.3996
7575000,71,305.9,-21607.7,58.8741,0.398133
7590000,54,240.862,-21628.6,49.3951,0.396733
7605000,69,291.304,-21603.1,69.4742,0.395133
7620000,54,242.385,-21599.5,46.6817,0.378933
7635000,62,276.204,-21605.8,62.732,0.379
7650000,56,241.852,-21581.2,47.9756,0.3938
7665000,59,275.196,-21600,50.6544,0.3776
7680000,72,306.101,-21574,75.3107,0.39408
7695000,55,241.319,-21605.1,62.8497,0.381867
7710000,71,310.978,-21599.8,57.3517,0.401633
7725000,67,293.846,-21590,67.3836,0.403733
7740000,68,313.713,-21595.3,73.0216,0.377067
7755000,49,203.031,-21629.1,49.1789,0.391479
7770000,61,271.987,-21605.1,65.2803,0.3905
7785000,65,293.911,-21585.7,78.262,0.39145
7800000,69,292.811,-21585.7,56.3218,0.3892
7815000,66,277.776,-21626.1,74.3671,0.389633
7830000,74,331.248,-21601,61.0117,0.403
7845000,49,226.324,-21609.4,45.3903,0.378947
7860000,77,348.761,-21595.3,60.6232,0.3889
7875000,72,322.168,-21563.9,68.4728,0.395
7890000,52,227.23,-21599.5,55.0321,0.386889
7905000,89,399.499,-21575.6,83.9133,0.4004
7920000,74,291.798,-21619.3,79.3235,0.403067
7935000,67,281.924,-21575.7,58.4184,0.400533
7950000,70,307.141,-21606.6,89.5965,0.410233
7965000,71,311.937,-21620.9,82.6225,0.419867
7980000,62,267.291,-21580,68.7153,0.387622
7995000,60,254.108,-21585.5,54.7656,0.390133
8010000,63,270.678,-21601,56.2864,0.382267
8025000,51,220.789,-21598.2,54.0134,0.386
8040000,62,273.344,-21580.2,53.9384,0.39496
8055000,51,220.895,-21597.4,55.8445,0.381233
8070000,68,287.483,-21582.9,61.5692,0.401033
8085000,58,262.685,-21609.5,61.2981,0.370974
8100000,68,288.825,-21591.9,64.6854,0.398833
8115000,46,200.696,-21641.1,45.2203,0.386633
8130000,62,263.563,-21610.2,59.781,0.387433
8145000,66,283.754,-21602.3,63.3762,0.390422
8160000,57,257.338,-21620.6,62.7416,0.398567
8175000,44,191.594,-21608.4,35.4325,0.379717
8190000,67,294.943,-21602.1,67.9043,0.393044
8205000,71,327.606,-21599.9,67.4582,0.391267
8220000,60,272.808,-21627,64.9718,0.385356
8235000,46,202.976,-21612.2,40.3297,0.3864
8250000,56,255.243,-21616.7,64.5926,0.395467
8265000,50,230.261,-21602.2,40.5716,0.390343
8280000,50,203.528,-21619.8,61.9118,0.3762
8295000,47,205.854,-21616.1,46.4421,0.373578
8310000,52,223.171,-21612.5,44.4611,0.365267
8325000,56,237.326,-21606.6,47.9258,0.365956
8340000,54,243.554,-21619.5,58.9789,0.377667
8355000,67,281.58,-21641.7,59.7275,0.386611
8370000,55,249.828,-21610.4,47.0905,0.3883
8385000,47,215.133,-21627.3,54.9004,0.3927
8400000,62,271.255,-21596.8,63.6049,0.388333
8415000,62,278.289,-21580.1,66.9751,0.3756
8430000,71,314.993,-21615.2,92.8294,0.389133
8445000,61,279.289,-21622.7,64.5356,0.384227
8460000,60,255.034,-21558.3,52.372,0.384467
8475000,77,343.169,-21590.8,72.7972,0.383867
8490000,69,312.104,-21552.5,74.6812,0.388067
8505000,68,297.8,-21550.3,66.1177,0.377933
8520000,76,343.299,-21559.6,62.8563,0.379067
8535000,76,324.589,-21566.8,68.6958,0.399533
8550000,86,369.594,-21539.5,89.3259,0.397333
8565000,98,442.276,-21545.5,88.829,0.3928
8580000,95,416.922,-21538.5,93.1153,0.412667
8595000,80,349.857,-21537.7,69.7363,0.389133
8610000,78,338.22,-21541.8,81.7469,0.378
8625000,80,341.238,-21547.8,81.9568,0.378267
8640000,78,328.139,-21567.6,82.9652,0.3694
8655000,83,367.035,-21553.1,77.9929,0.3982
8670000,74,341.46,-21561.4,83.8238,0.3906
8685000,62,290.372,-21563.8,65.4531,0.393667
8700000,63,281.753,-21583.2,61.9958,0.366667
8715000,52,245.911,-21601.6,47.4571,0.381381
8730000,59,245.806,-21598.6,62.1239,0.3658
8745000,56,249.111,-21610.7,59.7192,0.380133
8760000,50,219.686,-21651.3,58.0172,0.385515
8775000,42,174.958,-21608.7,51.6345,0.374767
8790000,62,266.683,-21577.5,67.1712,0.373978
8805000,66,281.307,-21579.8,67.9459,0.379867
8820000,69,311.774,-21598.4,62.8701,0.404
8835000,55,242.79,-21596.8,46.2912,0.37745
8850000,69,295.578,-21602.8,68.0174,0.3936
8865000,68,302.146,-21558.3,65.7151,0.387311
8880000,74,328.313,-21558.5,67.3312,0.402067
8895000,64,264.354,-21591.6,69.0094,0.387659
8910000,78,333.781,-21557.4,94.3846,0.4097
8925000,78,337.751,-21584.4,86.5809,0.3982
8940000,62,254.53,-21596.4,73.6739,0.389444
8955000,73,329.832,-21582.9,76.3048,0.391333
8970000,73,322.254,-21593.4,63.4642,0.389867
8985000,64,287.461,-21602.1,69.3284,0.3948
9000000,57,240.694,-21596.5,62.8488,0.3948
9015000,65,295.421,-21600.5,56.7737,0.3905
9030000,56,239.025,-21571,55.2191,0.393333
9045000,76,327.122,-21574.1,75.5788,0.3947
9060000,78,338.061,-21545.9,76.2842,0.386133
9075000,64,285.673,-21611.4,64.1285,0.378516
9090000,76,335.729,-21548.8,71.7952,0.401467
9105000,75,347.795,-21539.3,73.2392,0.380267
9120000,66,288.268,-21553,74.9371,0.385667
9135000,65,290.727,-21564.7,61.0242,0.366867
9150000,46,209.26,-21625.1,36.6371,0.367987
9165000,66,285.024,-21572.7,71.6219,0.378533
9180000,74,324.115,-21566.9,72.0252,0.386533
9195000,73,307.452,-21573.2,62.7904,0.389933
9210000,64,268.226,-21590,61.8514,0.388511
9225000,66,285.02,-21598.3,73.3634,0.37224
9240000,63,272.992,-21594.5,52.7402,0.381733
9255000,55,251.182,-21599.1,61.728,0.377833
9270000,59,254.178,-21601.2,46.9089,0.38605
9285000,71,309.767,-21564.2,76.9081,0.389378
9300000,73,314.34,-21583.5,84.5061,0.3852
9315000,71,310.366,-21576,55.6782,0.395533
9330000,71,330.094,-21627.9,64.5718,0.393507
9345000,75,317.579,-21589.2,76.4235,0.39136
9360000,76,314.316,-21569.1,73.5699,0.382
9375000,57,257.204,-21591.7,48.1479,0.4017
9390000,75,326.21,-21586,69.6079,0.3933
9405000,68,304.736,-21594.1,69.8162,0.3849
9420000,58,245.363,-21578,51.698,0.377667
9435000,52,226.943,-21622.9,60.2734,0.38479
9450000,67,288.291,-21554.4,74.115,0.380533
9465000,79,341.193,-21581.5,94.6186,0.388
9480000,86,395.05,-21567.7,75.9538,0.392867
9495000,64,267.959,-21609.2,77.5014,0.406533
9510000,60,237.502,-21596.8,54.6104,0.392467
9525000,63,284.37,-21584.3,63.4848,0.401667
9540000,60,259.565,-21582.8,57.7928,0.3956
9555000,66,289.402,-21586.1,70.635,0.385
9570000,50,207.549,-21586,35.9868,0.400967
9585000,48,222.308,-21622,49.9673,0.37268
9600000,67,295.786,-21603.7,78.0046,0.382444
9615000,67,267.812,-21574.7,63.8335,0.388489
9630000,64,282.195,-21571.1,62.3344,0.400467
9645000,51,222.383,-21639.1,49.5208,0.36645
9660000,65,276.472,-21582.1,73.3285,0.389167
9675000,69,291.035,-21578.3,74.7388,0.396733
9690000,64,278.174,-21588.8,65.1962,0.392867
9705000,71,301.781,-21573.7,57.463,0.3948
9720000,63,270.626,-21622.7,56.9075,0.383093
9735000,71,297.123,-21568.4,56.6799,0.4048
9750000,66,285.606,-21576,78.5281,0.4006
9765000,67,282.932,-21592.7,70.4214,0.406333
9780000,77,346.543,-21608.5,86.1604,0.3882
9795000,63,267.378,-21581.3,66.6089,0.393233
9810000,64,274.507,-21597.7,59.7089,0.398
9825000,72,309.518,-21579,92.2839,0.394667
9840000,68,297.253,-21600.3,56.0541,0.3918
9855000,65,276.148,-21605.5,69.9979,0.39132
9870000,68,296.646,-21603.9,65.818,0.3967
9885000,64,277.652,-21597.6,79.312,0.399
9900000,59,257.331,-21586.6,53.7523,0.3868
9915000,64,278.773,-21577.6,67.6212,0.386667
9930000,55,252.518,-21630,55.4864,0.381752
9945000,67,295.879,-21558.2,79.4919,0.399433
9960000,50,228.457,-21619.4,49.716,0.386238
9975000,63,257.376,-21561,61.8486,0.380433
9990000,65,287.647,-21602.4,62.925,0.374783
10005000,66,269.881,-21588.9,66.286,0.3764
10020000,71,292.933,-21560.5,78.6807,0.405133
10035000,74,317.255,-21558.5,58.5664,0.3884
10050000,63,284.361,-21577.3,78.9107,0.387489
10065000,76,333.028,-21583.6,75.1526,0.395067
10080000,68,307.069,-21579.2,67.1012,0.39
10095000,65,272.575,-21571.9,65.5756,0.3806
10110000,65,290.195,-21597.7,46.4794,0.395933
10125000,63,279.734,-21600.7,68.7745,0.387467
10140000,50,230.661,-21612,54.5701,0.389104
10155000,73,317.871,-21583.9,87.3502,0.394467
10170000,77,331.512,-21567.8,78.2546,0.3962
10185000,73,328.486,-21597.7,67.4973,0.392067
10200000,72,301.865,-21572.7,61.2559,0.3881
10215000,54,235.132,-21614.9,49.1584,0.371613
10230000,55,255.484,-21592.8,59.3029,0.3824
10245000,62,276.203,-21611.8,71.6711,0.383133
10260000,72,332.673,-21597.4,99.316,0.394333
10275000,54,227.285,-21604.1,58.2738,0.383667
10290000,68,312.414,-21600.5,66.5801,0.404567
10305000,62,265.764,-21624.6,46.1668,0.406733
10320000,61,272.621,-21633.7,69.4682,0.399533
10335000,58,252.259,-21618.1,59.0364,0.3846
10350000,54,223.5,-21599.5,49.1207,0.3728
10365000,53,223.415,-21613.8,47.6715,0.3732
10380000,59,247.349,-21584.1,48.5226,0.387867
10395000,59,261.387,-21574.4,51.1859,0.383733
10410000,57,245.9,-21609.2,46.1532,0.393467
10425000,50,217.212,-21608.1,56.4481,0.367467
10440000,54,237.134,-21623.1,50.8288,0.385781
10455000,49,223.144,-21633.7,51.3112,0.373267
10470000,56,238.845,-21649.6,55.7042,0.379533
10485000,56,234.938,-21636.9,52.3472,0.383
10500000,63,279.824,-21635,63.2969,0.389853
10515000,64,283.574,-21656.4,79.7078,0.396233
10530000,73,306.21,-21581.7,66.5008,0.383143
10545000,65,261.466,-21595.1,58.9892,0.3956
10560000,59,264.214,-21629.8,55.69,0.4028
10575000,58,250.332,-21613.3,51.506,0.3906
10590000,69,292.725,-21591,75.2878,0.388356
10605000,54,226.82,-21617.3,62.8593,0.382033
10620000,67,289.317,-21605.6,73.1162,0.404133
10635000,68,294.323,-21602.8,68.4342,0.404133
10650000,53,225.71,-21616.1,51.4029,0.407467
10665000,64,272.968,-21606.4,71.4821,0.392667
10680000,61,255.538,-21609.7,53.9952,0.380733
10695000,59,244.065,-21628.2,61.2252,0.374422
10710000,53,219.233,-21645.5,58.6419,0.379533
10725000,54,240.486,-21629.1,41.0126,0.372156
10740000,50,224.397,-21635.7,55.8127,0.379684
10755000,57,252.831,-21617.6,66.509,0.3774
10770000,57,251.168,-21608.5,53.403,0.3772
10785000,62,285.04,-21613.4,61.3726,0.3904
10800000,58,256.637,-21614.9,53.6339,0.3874
10815000,65,286.568,-21611.2,78.525,0.384667
10830000,62,274.814,-21624.8,65.4352,0.387244
10845000,56,236.459,-21616.8,50.1665,0.3928
10860000,74,310.289,-21622.6,81.5003,0.399467
10875000,60,271.227,-21605.3,74.8581,0.396867
10890000,67,281.959,-21620.4,63.6238,0.402267
10905000,59,271.44,-21613.1,57.0999,0.392422
10920000,49,214.748,-21656.6,57.5468,0.3803
10935000,56,242.75,-21631.7,59.8178,0.396689
10950000,62,266.095,-21588.9,62.8671,0.3968
10965000,76,326.615,-21594.6,91.062,0.399333
10980000,57,245.526,-21603.6,64.5262,0.385667
10995000,69,310.004,-21602.6,75.8917,0.3802
11010000,70,326.189,-21624.5,86.381,0.397556
11025000,59,260.907,-21620.1,55.9986,0.3988
11040000,66,307.644,-21577.1,64.6965,0.389267
11055000,78,343.027,-21578.4,94.3816,0.3974
11070000,57,240.559,-21626.3,48.5286,0.384578
11085000,56,246.459,-21615.7,43.9478,0.394533
11100000,69,279.454,-21578.3,63.7622,0.41
11115000,52,224.813,-21641.5,61.7954,0.376472
11130000,60,265.505,-21592.3,52.2357,0.3834
11145000,68,306.554,-21577.6,73.443,0.3926
11160000,81,371.83,-21587.3,78.6678,0.398
11175000,78,355.331,-21587,94.9897,0.397933
11190000,65,291.261,-21603.5,77.2397,0.394733
11205000,48,221.932,-21613.7,56.1642,0.381422
11220000,63,284.24,-21618,57.6425,0.388667
11235000,75,316.368,-21575.1,78.6739,0.379911
11250000,73,334.273,-21590.3,82.5027,0.4132
11265000,70,306.422,-21586.8,67.4592,0.396867
11280000,73,323.255,-21578.9,76.6011,0.403333
11295000,69,293.987,-21598,56.1225,0.4012
11310000,71,307.841,-21599.9,66.5186,0.400733
11325000,59,281.961,-21619.6,51.0303,0.367737
11340000,64,275.272,-21603.6,59.3415,0.394867
11355000,65,288.228,-21596.6,59.0143,0.389933
11370000,63,289.649,-21622.4,49.5451,0.388727
11385000,57,266.744,-21594.6,75.8855,0.380633
11400000,66,293.873,-21584,73.0683,0.391911
11415000,73,323.868,-21611.5,68.9206,0.402533
11430000,66,295.734,-21615,76.514,0.3944
11445000,53,236.72,-21597.2,56.9137,0.378867
11460000,78,351.041,-21606.9,84.434,0.4009
11475000,60,257.382,-21593.3,89.1802,0.413133
11490000,62,279.059,-21601.5,54.9231,0.411933
11505000,74,327.52,-21637.3,72.8014,0.386362
11520000,63,286.619,-21627.7,63.3206,0.403067
11535000,61,278.793,-21613.7,60.0186,0.392333
11550000,75,340.645,-21592.6,77.2788,0.394356
11565000,81,343.08,-21574.6,82.1947,0.3956
11580000,78,337.253,-21568.1,79.2968,0.3952
11595000,76,341.453,-21553.9,80.0713,0.3764
11610000,80,355.72,-21574.5,71.4586,0.4
11625000,51,226.348,-21595.3,70.9805,0.388311
11640000,49,214.835,-21617.2,51.2527,0.386533
11655000,75,356.719,-21562.5,91.4818,0.395822
11670000,66,292.979,-21567.4,71.2369,0.393467
11685000,71,322.809,-21563.7,57.0995,0.389
11700000,69,284.724,-21573.4,62.953,0.380867
11715000,62,263.175,-21612.1,54.5828,0.382574
11730000,70,312.439,-21590.2,71.9373,0.388133
11745000,78,351.906,-21592.1,79.8041,0.400933
11760000,54,236.561,-21589.5,52.3551,0.3688
11775000,54,241.774,-21590.5,47.3983,0.383867
11790000,57,254.975,-21601,54.9237,0.385289
11805000,54,232.466,-21611,56.8503,0.378967
11820000,65,287.973,-21588.6,64.3569,0.386689
11835000,57,258.219,-21620.2,50.7656,0.381244
11850000,57,227.613,-21612,62.5492,0.3841
11865000,64,286.528,-21609,71.6175,0.389633
11880000,68,303.604,-21621.9,58.8128,0.398533
11895000,63,284.817,-21621.2,68.55,0.3918
11910000,54,237.287,-21623,61.7967,0.395333
11925000,54,232.481,-21623.3,55.5162,0.390667
11940000,60,262.315,-21596.5,59.4756,0.3792
11955000,63,282.66,-21595.1,55.0827,0.394733
11970000,60,271.072,-21591.5,65.3801,0.3852
11985000,56,236.684,-21592.8,56.6247,0.3922
12000000,59,258.911,-21609.3,50.1066,0.386267
12015000,63,278.517,-21592.8,66.3254,0.385133
12030000,65,283.65,-21585.3,55.3441,0.391667
12045000,57,242.428,-21599.9,53.3197,0.380111
12060000,66,290.316,-21572.1,75.3802,0.374233
12075000,59,245.994,-21607.8,61.5464,0.390713
12090000,55,244.922,-21581.9,53.6603,0.375222
12105000,59,259.172,-21578.4,55.9446,0.3686
12120000,62,273.283,-21586,63.4563,0.3774
12135000,73,330.194,-21578.6,70.8654,0.3856
12150000,70,320.239,-21576.1,58.2474,0.3906
12165000,65,278.011,-21584.4,64.0828,0.374181
12180000,76,348.45,-21598.7,68.7564,0.398867
12195000,72,315.738,-21587.2,79.0174,0.402333
12210000,61,261.861,-21592.6,60.6331,0.394067
12225000,63,283.492,-21604,84.1601,0.382067
12240000,65,283.124,-21599.6,74.8758,0.384467
12255000,57,258.766,-21586.4,63.2322,0.376461
12270000,59,261.377,-21601.5,70.1611,0.3902
12285000,52,222.995,-21597,51.6421,0.3942
12300000,53,240.366,-21589.3,55.3617,0.381867
12315000,48,213.679,-21599,50.0322,0.372
12330000,67,293.803,-21610,68.2888,0.379909
12345000,57,252.767,-21608.8,58.4587,0.366
12360000,67,293.938,-21611.7,58.049,0.3838
12375000,75,351.841,-21596.5,71.2127,0.391311
12390000,74,310.369,-21587.3,74.5846,0.389133
12405000,82,373.071,-21589.1,92.0691,0.403133
12420000,51,214.97,-21604.8,54.6235,0.394689
12435000,64,282.748,-21578.8,60.7699,0.392
12450000,70,307.962,-21588.1,65.9209,0.386133
12465000,66,273.604,-21597.1,62.0901,0.392333
12480000,49,202.418,-21623.2,44.4113,0.384271
12495000,68,285.406,-21586.8,80.3155,0.384233
12510000,60,261.612,-21595.9,68.4442,0.391267
12525000,64,276.675,-21603.4,56.2541,0.384867
12540000,51,220.998,-21604.2,45.5623,0.378808
12555000,58,259.062,-21598.6,56.5344,0.384067
12570000,79,340.502,-21617.2,78.1731,0.396778
12585000,76,340.451,-21622,57.7926,0.401933
12600000,66,274.123,-21588.3,53.6327,0.392333
12615000,53,232.881,-21633.4,48.4729,0.382622
12630000,78,331.257,-21580,68.3326,0.394433
12645000,60,268.812,-21599.2,52.6878,0.397467
12660000,65,284.623,-21595.9,63.3343,0.370333
12675000,75,331.578,-21596.3,83.8159,0.3978
12690000,68,278.414,-21593.6,73.4349,0.394083
12705000,55,228.929,-21651.1,55.8621,0.386789
12720000,57,255.225,-21585.3,56.8535,0.388378
12735000,66,267.563,-21586.7,70.9759,0.400378
12750000,45,209.277,-21626.8,44.6008,0.383156
12765000,57,247.643,-21594,45.6691,0.395167
12780000,63,269.485,-21607.1,62.9094,0.397
12795000,60,270.548,-21632.7,58.9739,0.388422
12810000,68,297.444,-21621.2,77.7147,0.398767
12825000,72,322.571,-21606.5,63.43,0.415133
12840000,48,219.72,-21636.3,48.7385,0.376822
12855000,50,232.39,-21601,44.6094,0.379341
12870000,53,230.959,-21637.6,45.1899,0.365267
12885000,60,267.187,-21626.1,66.4266,0.391467
12900000,57,260.051,-21616.7,54.7678,0.383733
12915000,58,270.092,-21628.9,52.4308,0.394467
12930000,53,242.713,-21623.4,50.4519,0.380933
12945000,56,251.709,-21654.7,58.1038,0.379057
12960000,63,281.621,-21636.7,63.3465,0.391267
12975000,57,222.233,-21630.4,61.8223,0.399467
12990000,48,200.524,-21633.1,45.4466,0.391333
13005000,53,239.649,-21618.5,57.9083,0.376933
13020000,56,239.081,-21636.4,46.9628,0.3914
13035000,60,256.995,-21609.4,59.2071,0.377543
13050000,50,238.45,-21619.9,51.6999,0.368667
13065000,49,215.406,-21609.4,44.7932,0.374267
13080000,54,234.623,-21624.3,62.4919,0.376467
13095000,49,212.213,-21611.2,42.8233,0.3886
13110000,38,161.787,-21620.1,37.8585,0.3534
13125000,60,261.229,-21627.7,66.356,0.392267
13140000,66,279.178,-21620.3,74.5844,0.402067
13155000,74,335.868,-21626.9,70.9519,0.4124
13170000,56,259.17,-21603.1,49.8682,0.388683
13185000,48,212.911,-21643.7,42.349,0.387938
13200000,64,286.242,-21605.5,76.661,0.399367
13215000,48,215.044,-21627.3,61.4034,0.3772
13230000,49,220.42,-21635.7,44.5122,0.376867
13245000,63,281.046,-21617,84.0337,0.3794
13260000,56,248.097,-21614.6,53.1012,0.393
13275000,65,288.221,-21602.6,61.6039,0.3816
13290000,42,174.228,-21625.5,39.8163,0.380919
13305000,43,184.664,-21654,47.9928,0.393833
13320000,68,317.584,-21605.1,64.6881,0.386911
13335000,61,268.794,-21598,65.7293,0.3888
13350000,38,166.093,-21679.6,33.4386,0.374578
13365000,50,213.094,-21617.4,45.5986,0.374667
13380000,60,273.372,-21641.9,62.158,0.388378
13395000,46,205.548,-21638.1,52.5009,0.3862
13410000,44,183.463,-21659.1,39.585,0.355356
13425000,48,220.35,-21643.8,46.2408,0.3772
13440000,48,205.071,-21635,53.0284,0.371333
13455000,54,244.077,-21617.8,54.8842,0.3764
13470000,64,276.443,-21633,58.6603,0.373667
13485000,56,237.139,-21633.8,68.9832,0.4118
13500000,68,289.493,-21632.7,70.191,0.4006
13515000,79,338.502,-21613.8,88.9808,0.408533
13530000,57,250.012,-21616,56.2366,0.388067
13545000,51,223.946,-21609.7,56.6881,0.3921
13560000,60,252.415,-21617.5,61.4106,0.380133
13575000,62,236.724,-21628.3,60.7477,0.391515
13590000,47,192.045,-21633,57.3541,0.380433
13605000,58,255.989,-21631.6,60.4496,0.380444
13620000,55,233.631,-21635.4,54.1531,0.3952
13635000,48,203.188,-21633.8,45.0596,0.376567
13650000,61,267.434,-21633.5,54.058,0.380133
13665000,58,256.317,-21616.6,54.7716,0.3804
13680000,57,241.558,-21644.5,51.7305,0.398878
13695000,59,244.326,-21609.2,56.1393,0.389567
13710000,40,169.429,-21628.1,45.0794,0.393017
13725000,53,213.161,-21637.1,52.0585,0.392333
13740000,48,213.249,-21659.4,50.3042,0.386667
13755000,50,212.989,-21629.8,36.9754,0.39272
13770000,50,201.47,-21652,60.7385,0.376867
13785000,60,265.477,-21648.3,77.6259,0.384111
13800000,47,207.984,-21652.4,48.2345,0.379533
13815000,47,206.389,-21634.2,39.4089,0.374867
13830000,57,246.766,-21629.6,67.2629,0.380267
13845000,45,177.801,-21649.8,52.9516,0.388547
13860000,62,272.194,-21601.4,71.3531,0.377267
13875000,51,209.124,-21632.6,49.5997,0.380067
13890000,42,177.755,-21641,70.265,0.381476
13905000,47,208.41,-21644.1,51.1307,0.375667
13920000,51,222.489,-21630,65.0457,0.375022
13935000,55,236.582,-21644.4,52.0991,0.379056
13950000,50,223.054,-21647,45.2745,0.41
13965000,56,231.679,-21607.2,60.3234,0.372689
13980000,68,297.029,-21644,72.6998,0.396613
13995000,50,223.311,-21618.1,49.6854,0.393267
14010000,52,226.87,-21615.9,48.4243,0.377822
14025000,45,203.246,-21620.4,39.5332,0.379333
14040000,64,264.371,-21611.2,66.8938,0.384689
14055000,44,192.544,-21611,44.7446,0.374533
14070000,48,213.378,-21628.8,44.3958,0.357267
14085000,41,171.152,-21647,39.2602,0.388319
14100000,58,256.356,-21618.8,58.234,0.369067
14115000,56,250.344,-21614.3,54.1454,0.3816
14130000,74,318.225,-21615.8,87.3366,0.3942
14145000,64,276.21,-21625.5,78.4544,0.385667
14160000,56,228.098,-21636.9,69.1028,0.384467
14175000,50,190.116,-21626.5,45.4341,0.379867
14190000,60,278.985,-21635.7,55.7587,0.386295
14205000,65,278.805,-21635.6,61.6319,0.4006
14220000,64,288.613,-21622,64.7319,0.372446
14235000,66,273.761,-21606.9,65.618,0.377233
14250000,56,245.686,-21641.1,48.7111,0.400578
14265000,67,272.732,-21628.5,59.2224,0.396867
14280000,54,239.238,-21625.5,52.7863,0.397533
14295000,50,220.328,-21615.6,44.9775,0.3852
14310000,62,270.834,-21625.9,44.2803,0.3958
14325000,65,297.448,-21607.2,69.647,0.402467
14340000,70,308.955,-21590,73.8594,0.401467
14355000,56,235.756,-21601.9,57.9152,0.387183
14370000,61,246.255,-21604.6,58.2204,0.3933
14385000,54,227.091,-21613.6,54.3722,0.396267
14400000,62,258.958,-21612.2,58.3279,0.366511
14415000,54,223.648,-21598,43.5895,0.3682
14430000,50,225.804,-21623.7,47.549,0.3922
14445000,70,298.865,-21565.6,66.1419,0.3852
14460000,62,267.921,-21611.3,69.5284,0.405833
14475000,55,246.952,-21636.8,37.6479,0.396533
14490000,64,283.556,-21588.6,72.6561,0.381333
14505000,64,264.655,-21613,77.1571,0.3913
14520000,55,227.509,-21610.2,45.8665,0.372767
14535000,68,303.58,-21595.4,69.2662,0.381467
14550000,51,213.912,-21629.8,53.785,0.394644
14565000,61,275.496,-21610.4,67.052,0.371178
14580000,66,272.527,-21603.8,57.9599,0.392667
14595000,69,294.4,-21604,60.6034,0.384467
14610000,46,194.059,-21603.4,53.1804,0.370533
14625000,56,232.524,-21611.7,49.8292,0.398093
14640000,63,249.991,-21600.2,48.9549,0.399667
14655000,62,282.267,-21613.1,72.7283,0.365222
14670000,63,287.2,-21580,60.3737,0.390467
14685000,69,313.134,-21582.1,63.196,0.3872
14700000,72,299.178,-21602.8,70.2205,0.398933
14715000,68,296.698,-21592.7,76.1688,0.3944
14730000,76,322.19,-21585,62.3564,0.409689
14745000,67,289.51,-21609.1,63.2219,0.414733
14760000,68,286.026,-21598.6,68.4085,0.393133
14775000,67,291.96,-21610.7,64.5595,0.40225
14790000,71,304.333,-21620.7,70.235,0.412622
14805000,67,261.681,-21597.5,64.1085,0.4088
14820000,63,284.033,-21588.8,66.6718,0.381567
14835000,75,321.887,-21590.1,92.5861,0.404633
14850000,81,353.361,-21589.2,94.163,0.417467
14865000,75,336.496,-21570.7,77.5167,0.391911
14880000,79,340.103,-21552.3,78.1742,0.406533
14895000,75,316.456,-21578.1,65.2879,0.414889
14910000,60,257.831,-21611.9,61.6259,0.387081
14925000,66,287.1,-21582.3,58.1862,0.398911
14940000,70,309.783,-21609.8,65.3291,0.401867
14955000,69,294.389,-21602.9,67.4028,0.401717
14970000,44,194.053,-21610.8,41.2827,0.387033
14985000,65,276.105,-21587.5,69.7021,0.3927
15000000,68,311.657,-21575.5,57.9638,0.395956
15015000,87,368.894,-21586.8,85.8141,0.4026
15030000,64,279.574,-21602.3,73.7291,0.38505
15045000,62,282.166,-21594.9,66.0959,0.392
15060000,66,273.467,-21594.9,52.9928,0.411422
15075000,63,256.463,-21579.1,66.0397,0.395373
15090000,71,310.308,-21576.1,75.6205,0.384033
15105000,68,301.04,-21595.3,84.0609,0.387267
15120000,69,285.351,-21587.3,81.1952,0.391
15135000,61,263.694,-21622.2,67.0531,0.378067
15150000,59,265.635,-21615.6,69.7529,0.4038
15165000,61,264.216,-21602,50.8608,0.392033
15180000,62,266.692,-21600.5,55.9965,0.389683
15195000,60,256.262,-21576.8,56.2007,0.394333
15210000,71,311.17,-21609.7,77.3349,0.4024
15225000,75,320.929,-21584.4,66.7461,0.409333
15240000,71,297.194,-21583.2,77.5406,0.388078
15255000,60,264.866,-21594.8,59.7622,0.397667
15270000,73,308.293,-21568.1,67.4039,0.3869
15285000,73,322.546,-21592.6,77.4499,0.391533
15300000,69,288.121,-21594.2,64.9291,0.389904
15315000,63,270.058,-21582.5,60.4451,0.3736
15330000,81,353.936,-21591,68.4744,0.386867
15345000,84,369.661,-21601.8,72.6604,0.4012
15360000,77,343.736,-21575,72.4326,0.405867
15375000,58,234.395,-21653.7,56.8091,0.400742
15390000,64,277.913,-21605.3,57.6452,0.390707
15405000,69,287.116,-21606.5,67.7236,0.403
15420000,70,300.383,-21598.6,76.3055,0.396283
15435000,61,272.279,-21613.1,78.5808,0.401167
15450000,66,283.686,-21608.7,59.9274,0.391533
15465000,77,345.353,-21595.1,87.7821,0.391322
15480000,55,243.114,-21618.8,53.9493,0.390267
15495000,70,305.937,-21600.5,66.6692,0.389493
15510000,67,305.338,-21599.5,55.9452,0.398533
15525000,56,250.962,-21636.8,48.0635,0.376911
15540000,71,318.405,-21595.6,70.2593,0.38768
15555000,69,306.481,-21592.6,64.529,0.3992
15570000,74,325.481,-21607.8,77.7002,0.399533
15585000,55,254.335,-21603.8,54.7086,0.393707
15600000,79,356.692,-21570.7,80.3705,0.403467
15615000,83,372.514,-21562.2,78.4647,0.412333
15630000,83,348.345,-21579.8,82.8766,0.410067
15645000,81,340.424,-21602.4,74.6763,0.409533
15660000,64,279.518,-21613.4,67.5678,0.3928
15675000,71,318.473,-21610.3,60.6067,0.411033
15690000,66,298.76,-21610.8,74.2932,0.402933
15705000,63,269.153,-21622.6,71.0789,0.391767
15720000,61,271.02,-21613,59.4441,0.366733
15735000,70,306.167,-21621.6,70.1961,0.393111
15750000,51,210.913,-21617.2,51.5739,0.3891
15765000,59,257.831,-21601.1,52.2288,0.3943
15780000,62,274.523,-21612.3,78.1813,0.392967
15795000,52,229.102,-21611.8,53.8088,0.382222
15810000,77,331.021,-21588.7,71.6978,0.399578
15825000,74,314.201,-21575.4,71.1658,0.4038
15840000,67,299.757,-21584.7,61.1734,0.379844
15855000,58,257.24,-21599.7,47.4475,0.3882
15870000,70,292.537,-21589.4,68.3626,0.3792
15885000,59,269.464,-21610,58.8301,0.3968
15900000,72,311.42,-21584.3,64.9679,0.390627
15915000,68,295.536,-21567.9,62.4789,0.397267
15930000,76,335.403,-21564.5,80.9855,0.392333
15945000,90,377.524,-21555.5,83.0573,0.414
15960000,81,352.787,-21576.4,80.0293,0.414267
15975000,65,286.151,-21583.4,62.4055,0.3979
15990000,70,310.862,-21557.7,69.6714,0.403733
16005000,78,327.539,-21573.5,58.7016,0.387667
16020000,62,255.974,-21598.9,67.7746,0.398067
16035000,79,359.383,-21579.4,62.7458,0.387843
16050000,73,330.13,-21602,61.3644,0.400533
16065000,77,333.531,-21594.9,78.7294,0.4114
16080000,73,307.254,-21545.6,65.1316,0.402517
16095000,78,344.357,-21570.1,72.6898,0.3936
16110000,79,354.252,-21567.7,83.2329,0.398952
16125000,71,318.537,-21580,74.5386,0.402167
16140000,74,332.591,-21580,63.784,0.410267
16155000,73,321.104,-21594,84.8283,0.397267
16170000,77,344.004,-21591.2,81.5984,0.394267
16185000,91,401.747,-21535.9,107.542,0.405613
16200000,83,379.155,-21542.1,79.2346,0.406333
16215000,79,341.099,-21559.4,84.6544,0.387
16230000,66,297.484,-21615.9,65.4641,0.388703
16245000,66,307.22,-21631.7,65.8714,0.414667
16260000,55,245.076,-21599.8,57.0612,0.397089
16275000,71,303.11,-21564.6,72.9206,0.3998
16290000,96,427.124,-21570.7,95.262,0.405067
16305000,64,276.344,-21586.1,70.195,0.388578
16320000,59,260.748,-21581.5,49.7875,0.3878
16335000,72,329.286,-21570.9,76.1482,0.408867
16350000,91,411.138,-21554.6,94.9366,0.408933
16365000,74,334.408,-21587.4,60.8178,0.411467
16380000,64,277.262,-21576.3,72.7481,0.397067
16395000,67,306.929,-21581.1,66.4735,0.394467
16410000,81,341.963,-21593.6,69.58,0.4024
16425000,59,269.594,-21629.2,46.1516,0.381361
16440000,61,271.955,-21626.8,60.2471,0.389258
16455000,68,297.765,-21600.4,74.7477,0.372667
16470000,61,268.441,-21593.9,61.1867,0.394533
16485000,57,247.277,-21588.5,56.2767,0.393987
16500000,59,235.123,-21628.3,68.1808,0.387493
16515000,60,260.291,-21590.1,48.0742,0.388067
16530000,60,258.113,-21617.3,49.0701,0.386983
16545000,51,222.705,-21636.8,57.7828,0.409578
16560000,70,300.524,-21629.6,71.0988,0.394467
16575000,59,261.146,-21596.1,45.3452,0.384178
16590000,61,267.456,-21603.1,64.1195,0.391667
16605000,82,366.875,-21609.2,101.854,0.393644
16620000,75,331.672,-21617.2,95.069,0.412733
16635000,68,297.122,-21619.6,73.6941,0.4086
16650000,63,258.563,-21604.2,65.076,0.390474
16665000,61,283.672,-21585.9,65.3189,0.39936
16680000,59,254.276,-21610,54.5598,0.3833
16695000,77,337.954,-21582.6,63.1178,0.408667
16710000,79,357.181,-21578.3,93.6299,0.399489
16725000,55,241.947,-21585.9,67.187,0.397533
16740000,49,213.618,-21633.2,55.1283,0.3968
16755000,57,244.933,-21607.6,55.9368,0.393
16770000,50,224.493,-21603.2,54.0649,0.380883
16785000,60,265.34,-21598.4,49.9,0.369717
16800000,74,326.202,-21587.4,65.6559,0.396
16815000,59,250.785,-21632.3,68.8154,0.378978
16830000,56,254.512,-21597.2,64.7595,0.3789
16845000,55,244.649,-21613.4,43.6131,0.386522
16860000,60,271.665,-21609.7,55.2736,0.3853
16875000,58,255.631,-21591.8,64.8127,0.395133
16890000,50,215.58,-21598.2,64.4068,0.393533
16905000,45,192.877,-21626.8,42.0051,0.3746
16920000,44,182.051,-21626.3,48.2877,0.365333
16935000,39,156.152,-21626.9,33.4341,0.3602
16950000,59,248.974,-21624.2,50.6192,0.392267
16965000,49,214.372,-21625.6,57.8321,0.363167
16980000,51,232.884,-21655.6,62.6476,0.3938
16995000,59,252.793,-21608.1,60.4699,0.394422
17010000,63,277.574,-21624.8,64.2945,0.4028
17025000,79,359.782,-21644.1,90.6504,0.4042
17040000,83,368.346,-21658.5,87.374,0.419533
17055000,79,324.801,-21573.8,90.2806,0.382522
17070000,83,346.65,-21634.1,81.967,0.431467
17085000,70,322.803,-21629.1,76.4624,0.424
17100000,65,279.514,-21596.2,67.2078,0.3971
17115000,61,275.308,-21617.4,59.4852,0.4065
17130000,70,307.857,-21622.6,65.5255,0.390633
17145000,72,317.387,-21636.4,59.2312,0.401867
17160000,68,289.745,-21615.2,71.826,0.392571
17175000,62,296.55,-21652.1,50.2136,0.395867
17190000,77,321.851,-21628,89.159,0.401
17205000,52,212.564,-21625.7,62.5531,0.3842
17220000,52,227.829,-21639.8,44.6295,0.388044
17235000,51,229.08,-21633.5,57.6776,0.374667
17250000,45,198.207,-21629.4,56.8436,0.379678
17265000,56,252.129,-21619.4,64.9798,0.396067
17280000,37,163.382,-21643.4,34.3529,0.380289
17295000,55,229.983,-21629.3,47.32,0.382267
17310000,47,194.534,-21645.1,44.4379,0.380033
17325000,53,226.749,-21648.5,45.5652,0.392667
17340000,58,247.597,-21634.8,65.0054,0.380011
17355000,65,280.928,-21606.1,65.3808,0.402483
17370000,61,263.612,-21623.3,62.3142,0.3928
17385000,78,335.241,-21652.6,79.1285,0.3944
17400000,61,269.463,-21626.4,57.016,0.3948
17415000,66,286.818,-21630.2,50.1681,0.403133
17430000,73,317.056,-21600.9,72.8749,0.398422
17445000,67,284.396,-21602.9,67.5175,0.3874
17460000,51,229.832,-21660.7,45.2548,0.390742
17475000,59,274.789,-21630.4,70.4644,0.393733
17490000,53,231.682,-21601.4,57.1886,0.382133
17505000,47,193.217,-21634.3,43.8943,0.370467
17520000,61,268.983,-21601.9,60.1146,0.380383
17535000,67,300.816,-21602,85.6586,0.398067
17550000,55,250.174,-21623.2,40.3313,0.380889
17565000,68,290.805,-21600.1,65.458,0.392633
17580000,59,254.511,-21593.7,56.1278,0.3876
17595000,63,267.175,-21615.6,60.6591,0.3882
17610000,66,293.284,-21601.8,62.7351,0.4066
17625000,69,294.48,-21611.1,71.8747,0.403733
17640000,71,324.11,-21627.8,61.7428,0.398154
17655000,68,300.87,-21596.2,67.2531,0.399033
17670000,83,369.101,-21581.6,83.02,0.4116
17685000,79,346.379,-21593.4,68.0556,0.416533
17700000,71,312.976,-21593.1,52.4967,0.4154
17715000,85,355.555,-21599,85.6643,0.401533
17730000,55,239.574,-21625.3,59.4442,0.398611
17745000,90,390.606,-21603.9,98.6949,0.409333
17760000,59,251.559,-21633.4,53.6762,0.385667
17775000,64,275.735,-21595.9,64.9349,0.4122
17790000,71,320.597,-21605.7,84.2216,0.399367
17805000,64,275.031,-21575.6,51.2125,0.396086
17820000,61,275.448,-21587.7,51.3881,0.386467
17835000,65,278.667,-21594.3,70.2488,0.392733
17850000,69,290.428,-21609.3,61.2712,0.392267
17865000,65,275.955,-21589.1,57.97,0.383067
17880000,64,279.032,-21586,49.8751,0.384133
17895000,61,285.802,-21594.4,54.2784,0.400267
17910000,65,285.796,-21576.6,65.679,0.385333
17925000,64,292.447,-21573.1,60.5716,0.377733
17940000,44,180.133,-21625.2,53.9239,0.381642
17955000,53,229.06,-21604.9,56.2989,0.377667
17970000,49,216.595,-21611.7,53.274,0.373822
17985000,75,321.964,-21589.5,76.0967,0.397733
18000000,76,299.206,-21590.3,77.6123,0.407467
18015000,50,221.598,-21634.3,68.28,0.368933
18030000,66,287.682,-21603.9,70.6992,0.408033
18045000,62,277.529,-21633.7,62.5464,0.400133
18060000,64,267.921,-21613.5,69.6001,0.4028
18075000,54,234.314,-21608.9,58.2832,0.391467
18090000,55,245.575,-21599.5,58.6404,0.375633
18105000,62,272.554,-21606,68.3297,0.3948
18120000,59,268.217,-21594.1,64.8831,0.389067
18135000,62,248.773,-21597.2,54.3214,0.377333
18150000,65,282.209,-21622.7,48.104,0.4022
18165000,62,278.033,-21613.5,61.81,0.406933
18180000,59,275.378,-21624.7,58.3739,0.365582
18195000,57,261.225,-21620.3,51.1639,0.386867
18210000,70,309.21,-21579,71.9522,0.391489
18225000,63,277.003,-21635.1,47.8663,0.386767
18240000,71,323.603,-21572.6,74.8926,0.404
18255000,72,311.604,-21579.2,63.9786,0.402333
18270000,49,201.189,-21613.3,51.9668,0.392711
18285000,59,252.209,-21611.5,62.6728,0.389833
18300000,64,254.691,-21620.8,59.9161,0.398367
18315000,75,328.764,-21624.3,69.9804,0.413067
18330000,78,349.454,-21605.1,77.0454,0.418133
18345000,61,260.663,-21597.5,51.616,0.398067
18360000,57,241.07,-21603.5,67.6884,0.3764
18375000,58,243.248,-21629.3,62.459,0.398356
18390000,61,266.184,-21614.5,44.6693,0.398167
18405000,53,229.458,-21599.2,50.4301,0.3882
18420000,56,239.987,-21629.9,53.2042,0.389911
18435000,48,199.756,-21616.9,57.3308,0.392133
18450000,53,220.921,-21607.2,49.8489,0.388178
18465000,54,229.41,-21616.4,56.9564,0.393633
18480000,46,200.776,-21619.6,55.9771,0.3727
18495000,65,290.065,-21599.5,60.9671,0.382667
18510000,51,215.482,-21611.3,57.8385,0.369502
18525000,46,208.785,-21617.2,47.2251,0.3744
18540000,66,289.843,-21609.9,59.8234,0.382773
18555000,57,265.483,-21583.4,50.4313,0.39325
18570000,50,211.731,-21645.6,42.9803,0.3781
18585000,79,363.069,-21627.9,77.4743,0.413433
18600000,66,295.659,-21606.8,71.0844,0.400233
18615000,57,255.424,-21606.6,51.978,0.3964
18630000,55,237.958,-21607.5,54.8924,0.373333
18645000,47,214.921,-21621.3,62.9853,0.373633
18660000,71,302.44,-21598.7,69.1729,0.379233
18675000,59,262.57,-21609.8,52.1607,0.393467
18690000,67,281.017,-21602.9,58.9529,0.388933
18705000,54,222.876,-21651.5,49.6952,0.389283
18720000,70,310.698,-21586.7,66.7757,0.391
18735000,54,239.061,-21637.3,55.6066,0.381433
18750000,68,288.157,-21587.5,59.6504,0.3933
18765000,83,367.353,-21584.5,90.48,0.4016
18780000,58,253.789,-21604.2,52.679,0.382733
18795000,64,280.178,-21605.5,65.2706,0.3782
18810000,61,281.705,-21609.9,68.2269,0.400867
18825000,71,327.189,-21586.8,92.0368,0.394556
18840000,47,211.039,-21631.2,44.1262,0.378914
18855000,66,283.476,-21596.3,64.5983,0.386533
18870000,67,288.412,-21587.6,58.2532,0.393533
18885000,72,318.577,-21588.2,77.2227,0.4092
18900000,71,312.629,-21583.7,60.4673,0.412467
18915000,64,272.91,-21596.4,64.8806,0.401267
18930000,71,312.421,-21592.3,61.0559,0.37972
18945000,72,303.041,-21576,66.8086,0.398867
18960000,77,331.873,-21589.8,69.9584,0.395733
18975000,49,202.589,-21617,57.3698,0.39435
18990000,51,220,-21618.5,49.1163,0.3884
19005000,83,367.69,-21582.9,77.5365,0.400356
19020000,93,418.429,-21576.4,106.095,0.409533
19035000,81,361.772,-21575.9,62.1898,0.4004
19050000,77,337.53,-21586.3,78.3239,0.409133
19065000,74,325.324,-21559.9,79.0838,0.397533
19080000,83,369.069,-21565,87.8775,0.388733
19095000,82,343.649,-21573.9,74.5764,0.395067
19110000,67,280.96,-21599.8,85.6456,0.400533
19125000,62,271.282,-21582.7,57.7031,0.384389
19140000,64,276.045,-21586.6,61.9514,0.400533
19155000,64,282.252,-21587.3,57.8167,0.379911
19170000,75,318.021,-21575.3,67.8854,0.395667
19185000,75,325.317,-21591.2,69.1146,0.3952
19200000,70,301.897,-21588.3,75.5416,0.391133
19215000,53,214.894,-21604.7,65.7802,0.38125
19230000,61,273.722,-21612.9,54.7824,0.401633
19245000,57,254.071,-21590.1,48.6763,0.365467
19260000,67,306.897,-21580.9,63.4528,0.3746
19275000,65,293.73,-21608.8,66.3284,0.391889
19290000,61,269.581,-21602.6,64.0621,0.394333
19305000,76,341.395,-21611.3,58.9384,0.411133
19320000,70,286.119,-21592.1,64.3261,0.4008
19335000,78,340.836,-21604.5,73.3918,0.4086
19350000,65,265.341,-21612.6,83.829,0.404333
19365000,73,305.5,-21604,79.9866,0.397
19380000,65,276.864,-21595.3,82.6355,0.395
19395000,73,330.158,-21610.8,79.2412,0.411667
19410000,75,316.878,-21614.7,85.387,0.385693
19425000,64,276.676,-21592.3,63.2214,0.3968
19440000,68,287.764,-21612.5,59.4561,0.4046
19455000,78,357.962,-21604,65.5912,0.389767
19470000,68,299.301,-21591.5,55.9896,0.397
19485000,69,304.613,-21591,67.638,0.395267
19500000,74,320.112,-21584,80.7348,0.3968
19515000,84,365.01,-21594.8,99.1728,0.39655
19530000,90,396.691,-21585.6,78.7472,0.410667
19545000,64,279.384,-21600.4,69.4962,0.3958
19560000,85,379.14,-21632.3,77.594,0.411667
19575000,75,323.259,-21601.8,77.1444,0.397667
19590000,72,306.06,-21605.6,68.1442,0.397133
19605000,43,185.771,-21654.6,27.2432,0.38475
19620000,75,334.502,-21611.1,66.4841,0.393567
19635000,79,355.626,-21603.6,70.5869,0.394933
19650000,75,337.853,-21590.3,73.0868,0.407533
19665000,74,336.465,-21585.1,77.0245,0.406533
19680000,70,292.255,-21602.6,75.2553,0.400767
19695000,80,352.887,-21582.6,67.2368,0.402733
19710000,62,271.954,-21617.3,69.6927,0.389581
19725000,74,321.192,-21581.3,82.2491,0.389367
19740000,68,289.627,-21597.4,64.8846,0.403733
19755000,53,230.953,-21571.1,51.286,0.381222
19770000,63,280.842,-21619.5,56.6091,0.383378
19785000,61,255.008,-21585.8,60.0083,0.387833
19800000,59,259.274,-21627.3,68.514,0.4108
19815000,56,244.56,-21601,55.4695,0.388833
19830000,58,256.477,-21617.3,58.4045,0.396167
19845000,50,188.996,-21610,45.745,0.390433
19860000,70,307.059,-21604.8,67.2394,0.399133
19875000,59,250.587,-21627.6,72.5896,0.401556
19890000,63,290.293,-21606.6,57.6674,0.402067
19905000,78,341.121,-21600.2,97.2516,0.400479
19920000,59,244.866,-21603.5,66.1383,0.397667
19935000,53,222.017,-21615.5,51.7357,0.387967
19950000,62,258.533,-21582.6,59.0669,0.387233
19965000,66,294.891,-21588.2,52.9157,0.400467
19980000,70,320.124,-21582.6,65.6372,0.389789
19995000,74,317.658,-21585.6,89.6397,0.395133
20010000,72,325.29,-21575.9,64.6759,0.4024
20025000,67,294.489,-21628.4,65.4041,0.400356
20040000,81,345.832,-21586,87.2844,0.409867
20055000,65,290.227,-21601.4,65.4039,0.399633
20070000,68,296.915,-21616.3,75.5807,0.404633
20085000,77,343.021,-21581.7,89.5326,0.393467
20100000,69,320.71,-21604.6,74.8181,0.393
20115000,72,325.792,-21590.8,78.3378,0.396533
20130000,70,297.44,-21586.2,69.3766,0.396913
20145000,68,289.383,-21597.4,86.3749,0.403733
20160000,66,297.843,-21600.5,73.9366,0.393133
20175000,49,215.519,-21621.3,51.9163,0.3811
20190000,72,332.554,-21593.3,88.7106,0.381933
20205000,67,298.389,-21592.1,71.8349,0.386293
20220000,71,306.188,-21604.8,76.9775,0.398067
20235000,54,246.003,-21589.2,58.7958,0.391267
20250000,60,257.322,-21616.5,63.7526,0.39172
20265000,64,284.83,-21582.9,71.433,0.386
20280000,50,215.373,-21612.4,45.9207,0.392667
20295000,66,289.523,-21638,76.898,0.387017
20310000,47,212.761,-21599.8,45.218,0.394867
20325000,54,223.925,-21611.9,64.0785,0.378533
20340000,61,249.818,-21596.1,58.5104,0.388333
20355000,69,297.304,-21593.8,70.9114,0.398
20370000,62,255.923,-21600,73.0064,0.3954
20385000,65,288.14,-21607.6,56.0704,0.399267
20400000,71,315.417,-21649.5,78.9357,0.395933
20415000,53,238.381,-21622.3,62.1094,0.3945
20430000,56,232.596,-21610,63.6938,0.388089
20445000,48,214.512,-21612.5,40.8481,0.368933
20460000,57,256.938,-21603.4,78.1012,0.390622
20475000,55,256.317,-21605.9,56.4998,0.3918
20490000,63,286.967,-21610.6,73.4735,0.380578
20505000,65,314.305,-21623.5,57.2585,0.393429
20520000,61,262.932,-21608.8,66.4938,0.382178
20535000,59,255.276,-21605.5,68.2784,0.3704
20550000,49,210.676,-21624.4,50.9348,0.391467
20565000,65,285.339,-21590.3,56.3204,0.4034
20580000,64,292.828,-21611.2,60.6758,0.387933
20595000,67,288.84,-21621,59.3086,0.391
20610000,82,366.103,-21603.3,85.1255,0.400933
20625000,78,351.358,-21582.3,89.2053,0.420933
20640000,67,299.644,-21571.4,70.6899,0.4056
20655000,55,229.573,-21616.9,40.2451,0.3834
20670000,53,234.97,-21602.5,58.7107,0.3858
20685000,59,261.347,-21590.4,63.499,0.369867
20700000,50,208.614,-21595.6,59.7002,0.3664
20715000,65,288.733,-21600.5,87.511,0.3828
20730000,56,260.856,-21633.3,56.4756,0.389272
20745000,69,306.099,-21581,77.5281,0.380111
20760000,63,278.133,-21585.5,56.2589,0.395933
20775000,62,274.611,-21579.1,61.9729,0.394467
20790000,64,290.555,-21579.8,73.3509,0.381867
20805000,64,279.591,-21571.2,71.9262,0.389733
20820000,68,292.678,-21611.1,73.1125,0.383711
20835000,55,245.002,-21586.8,53.3273,0.388767
20850000,67,292.381,-21596.4,71.3044,0.39337
20865000,65,267.471,-21598.2,58.1936,0.380733
20880000,50,214.039,-21617.7,40.9105,0.377133
20895000,57,246.328,-21572.3,68.0513,0.384033
20910000,46,193.489,-21621.8,42.7981,0.381344
20925000,50,221.093,-21598.7,52.5916,0.378433
20940000,51,220.365,-21604,50.0692,0.371733
20955000,46,207.706,-21609.5,48.3917,0.363933
20970000,61,279.989,-21611.1,56.0571,0.388333
20985000,51,219.565,-21632.7,67.9606,0.385333
21000000,56,223.915,-21620.8,56.3609,0.378183
21015000,60,261.891,-21616.7,71.9566,0.380827
21030000,60,277.395,-21608.8,62.1683,0.396667
21045000,60,248.805,-21598.8,64.9094,0.3635
21060000,59,277.989,-21608.6,59.3254,0.377267
21075000,70,308.367,-21583.2,72.7359,0.379033
21090000,54,238.635,-21606,58.3679,0.382213
21105000,69,305.983,-21625,67.7369,0.380689
21120000,58,257.966,-21599.1,44.5961,0.380133
21135000,54,244.236,-21587.5,45.0292,0.373933
21150000,53,228.025,-21606.2,49.1162,0.365
21165000,47,214.058,-21623.5,42.2263,0.383493
21180000,63,288.936,-21611.1,60.7064,0.379587
21195000,49,207.439,-21636.3,61.5543,0.377333
21210000,55,249.789,-21605.8,64.8712,0.3768
21225000,53,234.339,-21604.9,60.9081,0.375547
21240000,50,223.758,-21596.6,66.6147,0.363933
21255000,56,243.748,-21606.2,62.8481,0.375344
21270000,62,259.118,-21598,56.3078,0.374667
21285000,46,209.976,-21616,29.4002,0.371956
21300000,61,256.048,-21587.5,61.5239,0.374211
21315000,54,236.185,-21621.8,54.4615,0.394533
21330000,56,246.563,-21620.6,72.0206,0.382433
21345000,66,281.303,-21614.8,65.0296,0.3862
21360000,75,309.435,-21587,74.4334,0.388411
21375000,79,349.534,-21613.4,76.3499,0.3953
21390000,72,317.817,-21590.3,69.9154,0.407133
21405000,70,316.389,-21616.8,81.0144,0.4088
21420000,60,265.797,-21612.6,60.5136,0.386733
21435000,52,227.093,-21600.9,48.4285,0.376933
21450000,55,240.43,-21609,57.1671,0.381333
21465000,76,325.535,-21554.1,57.249,0.39099
21480000,79,348.848,-21581.3,75.0685,0.3904
21495000,62,263.953,-21564.5,60.0494,0.395133
21510000,70,294.28,-21592.4,65.0784,0.381483
21525000,60,266.432,-21590.2,49.0815,0.3811
21540000,78,343.92,-21594.5,67.8282,0.399933
21555000,63,286.643,-21583.8,82.3355,0.3868
21570000,75,344.258,-21573,72.0723,0.399467
21585000,79,341.192,-21594.3,71.3585,0.3956
21600000,64,278.583,-21592.2,79.1303,0.401
21615000,71,314.248,-21585.8,83.9474,0.394778
21630000,56,247.725,-21601.8,55.5308,0.389365
21645000,68,291.955,-21598.8,76.0261,0.389644
21660000,59,244.582,-21590.4,67.2127,0.387667
21675000,61,264.675,-21581.6,55.0466,0.386117
21690000,59,271.58,-21604.2,60.5154,0.3714
21705000,61,279.684,-21596.8,57.1292,0.384044
21720000,64,282.014,-21612,81.8464,0.3895
21735000,78,346.075,-21591.9,82.1527,0.389267
21750000,75,306.245,-21560.7,71.5256,0.400133
21765000,46,202.205,-21627.6,52.3071,0.37923
21780000,82,359.571,-21574.4,79.4843,0.405033
21795000,81,349.7,-21572.8,83.5592,0.410933
21810000,82,368.719,-21574.7,77.6307,0.408267
21825000,68,295.349,-21570.3,78.0754,0.391
21840000,52,229.2,-21662.2,60.7463,0.38663
21855000,51,222.667,-21590.8,44.6956,0.397033
21870000,53,233.141,-21605.4,62.8008,0.3752
21885000,55,250.134,-21604.6,61.8967,0.386608
21900000,47,213.611,-21619.6,59.3519,0.383133
21915000,60,237.632,-21584.1,66.5624,0.372222
21930000,61,255.158,-21586.7,57.2464,0.374133
21945000,65,269.424,-21584.9,69.2995,0.387733
21960000,62,271.381,-21608.7,72.9251,0.400867
21975000,49,209.707,-21619.2,43.3197,0.384173
21990000,67,291.509,-21600.2,60.3288,0.387033
22005000,52,227.375,-21624.5,58.9102,0.3788
22020000,44,198.572,-21621.6,52.4395,0.374506
22035000,46,197.967,-21613.1,39.4363,0.380367
22050000,54,232.547,-21626.5,60.3889,0.373556
22065000,62,271.856,-21604.5,50.5786,0.375089
22080000,54,245.642,-21614.5,51.8379,0.391167
22095000,63,278.92,-21601.6,64.725,0.384133
22110000,40,176.377,-21631.8,33.6074,0.375747
22125000,53,240.961,-21600.6,49.0406,0.369
22140000,54,237.082,-21613.9,64.2003,0.373417
22155000,50,216.531,-21635.5,39.5349,0.369711
22170000,49,212.141,-21599.1,52.4057,0.365133
22185000,42,192.594,-21639.3,39.6342,0.363067
22200000,50,223.406,-21625.9,60.6868,0.360667
22215000,57,245.713,-21637,48.8965,0.374733
22230000,45,200.715,-21612.1,57.7264,0.378483
22245000,58,263.112,-21606.3,57.0681,0.384914
22260000,58,253.028,-21607.2,54.8233,0.398267
22275000,58,252.96,-21618.5,75.9484,0.384467
22290000,67,310.56,-21626.9,63.0206,0.376756
22305000,65,297.953,-21603.7,60.5615,0.3924
22320000,69,322.91,-21609.1,78.3481,0.395622
22335000,78,345.305,-21582.7,66.108,0.397333
22350000,77,336.776,-21580.1,76.7984,0.4012
22365000,67,280.813,-21640.5,74.2287,0.386247
22380000,68,302.371,-21618.6,61.1768,0.399387
22395000,57,247.92,-21600.1,53.9023,0.4012
22410000,52,239.466,-21635.7,71.6415,0.390778
22425000,64,294.642,-21590.9,63.3389,0.397
22440000,74,345.511,-21587.2,70.4053,0.4034
22455000,68,291.586,-21586.2,68.5562,0.4064
22470000,73,319.551,-21573.5,82.4529,0.390467
22485000,73,330.991,-21586.5,82.4675,0.3924
22500000,58,251.055,-21594.3,61.4525,0.393667
22515000,60,275.735,-21593.6,65.732,0.387
22530000,55,239.938,-21614.5,62.6424,0.382
22545000,54,238.172,-21608.4,49.5726,0.366
22560000,59,258.444,-21616.6,77.3085,0.388867
22575000,50,219.482,-21618.2,49.3539,0.384194
22590000,68,297.666,-21592.9,62.3871,0.385703
22605000,56,245.336,-21610.3,51.7922,0.384967
22620000,45,202.621,-21618.4,42.3653,0.370817
22635000,61,276.914,-21611,55.8486,0.391733
22650000,48,197.656,-21624.4,37.918,0.387311
22665000,49,212.347,-21630.2,43.2174,0.3864
22680000,53,225.423,-21605.4,51.2226,0.373167
22695000,59,259.32,-21611,54.2184,0.3861
22710000,57,251.012,-21644.8,49.7229,0.384667
22725000,39,173.74,-21619.4,40.5494,0.362467
22740000,61,253.279,-21642.1,62.4553,0.3852
22755000,58,247.77,-21642.3,69.2564,0.375733
22770000,59,251.791,-21613,58.0759,0.369533
22785000,59,252.58,-21638,65.7933,0.391022
22800000,64,278.547,-21617.3,74.5887,0.395967
22815000,56,249.738,-21619.5,46.7914,0.380767
22830000,52,236.976,-21636.7,50.9631,0.3809
22845000,53,228.698,-21668.8,50.0354,0.403633
22860000,51,214.835,-21594.7,48.4177,0.386311
22875000,57,241.743,-21618.9,61.6988,0.376467
22890000,57,258.199,-21618.9,60.7668,0.386578
22905000,53,232.839,-21619.2,48.9822,0.3829
22920000,54,242.403,-21620.9,43.8819,0.393767
22935000,62,267.874,-21635,73.9702,0.384933
22950000,52,215.903,-21619.6,70.7471,0.377583
22965000,55,245.199,-21628.5,50.0264,0.38095
22980000,60,265.754,-21624.7,43.3956,0.391533
22995000,71,307.458,-21604.8,92.412,0.381711
23010000,50,227.83,-21634.9,53.8354,0.390833
23025000,65,281.606,-21614.9,53.8921,0.395033
23040000,61,263.639,-21602.6,62.1611,0.395667
23055000,71,308.31,-21600,83.1626,0.394208
23070000,60,247.673,-21600.3,47.482,0.4053
23085000,71,320.313,-21588.2,68.1446,0.395867
23100000,66,289.884,-21598.5,74.0842,0.389067
23115000,67,285.722,-21592.3,56.3807,0.3902
23130000,63,279.632,-21611.8,42.3478,0.395467
23145000,67,294.97,-21578.4,75.6758,0.390344
23160000,55,229.799,-21623.8,49.6164,0.394313
23175000,58,258.973,-21585.9,55.0784,0.382467
23190000,50,221.116,-21630.3,40.2179,0.3814
23205000,59,260.624,-21607.5,59.9349,0.3799
23220000,49,229.981,-21662,41.571,0.3939
23235000,63,267.682,-21602.8,71.5383,0.387133
23250000,54,223.564,-21627.1,64.0698,0.3932
23265000,58,259.778,-21625.2,52.943,0.387575
23280000,61,258.733,-21596.5,77.0815,0.373067
23295000,55,240.933,-21611.9,60.206,0.388733
23310000,61,268.552,-21621.1,71.3762,0.392267
23325000,61,270.064,-21602.5,51.9665,0.388689
23340000,51,232.123,-21603.5,53.0042,0.377933
23355000,64,287.713,-21610.2,63.1847,0.376467
23370000,75,317.301,-21601.4,76.2056,0.394067
23385000,65,281.233,-21614.9,74.4272,0.3944
23400000,66,277.289,-21601.5,60.2751,0.397467
23415000,65,276.215,-21616.8,62.6308,0.401133
23430000,63,273.223,-21607.1,79.2827,0.4012
23445000,65,270.469,-21616.2,64.0454,0.392267
23460000,64,282.802,-21596.3,62.8189,0.39
23475000,64,278.299,-21623.9,67.8183,0.391604
23490000,60,253.77,-21589.9,68.8106,0.397
23505000,71,308.435,-21573.5,72.8091,0.3948
23520000,71,310.384,-21580.5,75.0642,0.388533
23535000,72,318.845,-21581.3,68.7612,0.404867
23550000,57,252.783,-21620.6,61.1109,0.398217
23565000,63,275.821,-21601,80.5935,0.392133
23580000,72,320.236,-21592.6,67.6576,0.404978
23595000,57,248.933,-21592,68.8689,0.4012
23610000,58,273.23,-21601.7,65.5837,0.386167
23625000,62,275.846,-21594,66.9997,0.379083
23640000,56,243.834,-21614.5,72.0447,0.389844
23655000,56,247.246,-21597.8,54.8157,0.393233
23670000,46,202.395,-21637.7,59.1447,0.38685
23685000,54,244.22,-21612,43.3606,0.380067
23700000,64,267.776,-21609.9,58.7449,0.380467
23715000,52,231.327,-21632.4,57.2535,0.384022
23730000,56,252.54,-21645.9,54.2802,0.4058
23745000,68,305.075,-21590.2,51.1221,0.388883
23760000,59,251.971,-21593.2,65.7507,0.3822
23775000,63,283.29,-21595.2,71.4391,0.378467
23790000,70,296.183,-21605.8,72.2094,0.394667
23805000,57,255.492,-21626,56.782,0.3996
23820000,52,225.423,-21605.9,48.5542,0.392456
23835000,64,286.611,-21573.7,73.1493,0.395756
23850000,66,296.541,-21583.3,77.5552,0.370267
23865000,57,248.167,-21635.3,58.0747,0.375156
23880000,51,228.581,-21641.3,48.8293,0.388867
23895000,74,323.739,-21590.8,58.8793,0.383644
23910000,72,320.42,-21590,77.9592,0.389267
23925000,54,240.922,-21628.9,57.843,0.379244
23940000,50,213.326,-21625.2,47.9636,0.388815
23955000,58,258.831,-21586.8,54.8392,0.388467
23970000,68,304.778,-21562.6,55.2081,0.384133
23985000,68,295.266,-21585.4,66.45,0.3838
24000000,70,306.493,-21555.8,55.6454,0.381
24015000,74,311.453,-21548,89.7956,0.396733
24030000,80,363.969,-21562.3,80.7776,0.403067
24045000,54,240.472,-21615.7,51.4547,0.381958
24060000,74,316.92,-21566,70.3977,0.389533
24075000,57,258.135,-21573.7,62.0194,0.383267
24090000,65,295.295,-21573.4,81.5769,0.381467
24105000,60,259.758,-21599.9,60.4633,0.389333
24120000,69,315.868,-21590.9,76.3572,0.390233
24135000,65,268.803,-21578.7,54.0925,0.385467
24150000,61,260.914,-21603.7,62.8357,0.373956
24165000,62,274.144,-21603.6,60.2542,0.371933
24180000,75,322.787,-21592.1,71.311,0.388889
24195000,55,235.644,-21610.5,55.5044,0.389216
24210000,49,205.347,-21639.1,57.4922,0.394533
24225000,67,290.066,-21584.6,69.3406,0.389933
24240000,54,232.219,-21606.2,54.1974,0.387947
24255000,50,213.144,-21619.6,58.9618,0.384667
24270000,57,250.812,-21610.5,58.7011,0.388333
24285000,43,191.53,-21645.3,42.1735,0.376813
24300000,59,257.481,-21608.6,61.6804,0.3962
24315000,51,218.298,-21608.5,54.2487,0.38415
24330000,65,266.97,-21589.5,68.7024,0.389933
24345000,64,285.983,-21595.7,68.4392,0.388933
24360000,48,201.531,-21586.3,54.7355,0.368267
24375000,49,213.336,-21627.7,52.9083,0.372987
24390000,54,242.908,-21581,49.5499,0.3702
24405000,54,242.864,-21624.9,48.9734,0.3698
24420000,57,243.391,-21599.6,53.1244,0.3748
24435000,75,332.015,-21583.4,63.5735,0.382089
24450000,74,318.835,-21603.7,78.9589,0.381933
24465000,68,277.197,-21566.6,60.1536,0.383567
24480000,70,308.85,-21581.7,65.3311,0.391967
24495000,78,323.305,-21583.2,92.0638,0.3764
24510000,61,256.979,-21640.7,54.6963,0.385436
24525000,55,234.791,-21609.7,72.8421,0.378067
24540000,51,217.372,-21623.8,45.9341,0.387867
24555000,57,267.386,-21608.6,57.4936,0.379133
24570000,49,216.712,-21606.8,59.3399,0.369933
24585000,72,333.552,-21568.3,71.8453,0.387056
24600000,70,307.397,-21535,69.0684,0.3934
24615000,75,331.514,-21575.3,82.0188,0.394267
24630000,68,312.117,-21569.3,65.5764,0.372733
24645000,64,287.557,-21565,40.1821,0.386067
24660000,69,311.458,-21591.1,66.0803,0.391
24675000,72,307.297,-21564.5,70.0127,0.382867
24690000,78,323.154,-21565.8,73.4987,0.3838
24705000,81,366.788,-21612.6,87.5404,0.382719
24720000,96,431.403,-21561.5,113.769,0.4031
24735000,57,252.254,-21599.8,56.0324,0.3971
24750000,91,388.581,-21556.5,89.6465,0.41
24765000,86,356.58,-21546.7,76.0583,0.396533
24780000,60,275.024,-21582.9,56.6151,0.382756
24795000,72,299.307,-21660.6,61.9801,0.3868
24810000,77,329.2,-21592.6,67.5732,0.404067
24825000,62,253.592,-21601,66.5513,0.387867
24840000,59,255.031,-21641.9,54.8301,0.398644
24855000,57,264.435,-21599.5,56.6958,0.37448
24870000,75,329.117,-21610.3,78.8622,0.421733
24885000,84,374.736,-21602.4,99.8383,0.417467
24900000,76,327.127,-21613.1,61.0647,0.416
24915000,71,317.079,-21600.2,72.3095,0.400322
24930000,72,291.266,-21618.1,55.6207,0.408633
24945000,53,229.814,-21582.6,59.8196,0.378967
24960000,62,279.707,-21604.5,49.568,0.390311
24975000,64,273.487,-21591.3,57.6674,0.389467
24990000,62,269.677,-21595.5,63.6852,0.374222
25005000,54,248.73,-21583.4,54.734,0.377733
25020000,61,263.086,-21585.2,74.8476,0.378
25035000,62,247.56,-21568.6,49.8833,0.379627
25050000,68,302.671,-21617.4,75.5328,0.39024
25065000,64,280.154,-21587.3,72.7515,0.378822
25080000,80,357.027,-21573.3,86.0911,0.390733
25095000,81,337.855,-21577.9,91.9327,0.404933
25110000,74,314.98,-21578.5,75.7837,0.3908
25125000,77,336.262,-21576,88.2785,0.398507
25140000,81,347.086,-21588.7,71.8311,0.384747
25155000,76,326.104,-21606.2,78.5303,0.379822
25170000,55,231.29,-21613,58.4463,0.3866
25185000,56,251.399,-21595.2,65.451,0.380222
25200000,58,257.451,-21575,54.9218,0.3708
25215000,51,213.978,-21589.2,53.2992,0.375533
25230000,51,233.319,-21636.6,57.0487,0.3699
25245000,57,232.585,-21606,53.2519,0.381967
25260000,51,227.695,-21601.9,49.9975,0.382486
25275000,50,216.022,-21627.1,52.3057,0.374867
25290000,53,235.007,-21607,46.4276,0.3815
25305000,51,214.964,-21628.6,52.5125,0.379933
25320000,62,264.471,-21632.6,66.4676,0.379778
25335000,66,283.133,-21612.1,72.5518,0.3946
25350000,49,214.226,-21618.8,55.0173,0.373178
25365000,65,281.578,-21621.4,72.8015,0.387533
25380000,55,233.964,-21623.6,54.1304,0.391567
25395000,65,295.999,-21634.2,61.6191,0.4042
25410000,66,284.607,-21602.2,64.1949,0.378258
25425000,70,322.655,-21595,59.212,0.385133
25440000,81,349.545,-21571.6,78.1187,0.394867
25455000,72,322.739,-21587.3,73.8289,0.3952
25470000,73,316.06,-21573,76.0382,0.385467
25485000,69,286.697,-21592.6,63.4005,0.388925
25500000,68,309.525,-21565.4,65.865,0.381467
25515000,75,326.388,-21563.7,82.7385,0.385467
25530000,76,322.284,-21579.5,81.7631,0.386467
25545000,66,291.245,-21594.4,56.2636,0.388233
25560000,78,333.583,-21574,68.7822,0.385767
25575000,64,277.218,-21583.5,61.3957,0.393133
25590000,55,231.838,-21587.4,59.4918,0.3832
25605000,64,272.762,-21580.6,48.4592,0.386933
25620000,69,321.953,-21606.4,73.2815,0.383293
25635000,70,296.775,-21618.4,56.0914,0.396
25650000,61,262.459,-21606.5,61.1541,0.3956
25665000,53,210.831,-21606.1,57.8067,0.378717
25680000,67,291.725,-21621.3,63.4888,0.392267
25695000,51,213.728,-21635.2,52.5564,0.376889
25710000,60,252.858,-21601.1,73.1026,0.397767
25725000,51,222.507,-21600.6,51.9703,0.385252
25740000,49,206.375,-21619.1,46.1414,0.3934
25755000,66,277.413,-21598.3,57.6729,0.3812
25770000,66,291.282,-21571.1,65.7244,0.387067
25785000,66,285.603,-21585.3,75.8785,0.3844
25800000,72,315.002,-21570.1,72.4959,0.3816
25815000,83,358.311,-21573.9,76.563,0.400733
25830000,74,329.023,-21604.2,61.0139,0.3884
25845000,68,290.818,-21567.1,73.9564,0.404367
25860000,76,317.697,-21569.4,81.0266,0.388
25875000,75,324.965,-21570,88.272,0.406067
25890000,65,276.202,-21584.6,66.3346,0.3904
25905000,77,335.147,-21575.6,75.6431,0.397133
25920000,53,215.659,-21603.3,46.0386,0.390671
25935000,57,269.971,-21593.8,58.1936,0.394857
25950000,66,292.505,-21590.5,58.9629,0.3954
25965000,62,271.969,-21589.6,59.0841,0.3942
25980000,60,271.367,-21582.5,82.8719,0.376867
25995000,55,235.57,-21628.9,58.7141,0.3718
26010000,48,188.149,-21593,50.8294,0.379533
26025000,50,221.367,-21606.6,50.3614,0.377958
26040000,47,218.853,-21629,46.0593,0.373511
26055000,59,255.075,-21634.3,68.6716,0.385533
26070000,53,225.362,-21594.3,43.0109,0.368622
26085000,53,242.137,-21589.3,54.6889,0.364333
26100000,56,245.985,-21582.2,58.2574,0.392533
26115000,50,213.288,-21594.8,56.563,0.364533
26130000,54,241.418,-21591.9,58.2134,0.369667
26145000,82,352.088,-21576.8,86.1875,0.3882
26160000,67,284.419,-21575.3,78.6182,0.389467
26175000,63,286.625,-21622.7,74.1622,0.387588
26190000,60,265.922,-21611.8,66.2323,0.3913
26205000,54,244.791,-21609.5,52.7823,0.3774
26220000,50,216.069,-21625.6,48.8974,0.370267
26235000,44,201.736,-21625.3,53.6366,0.379889
26250000,62,268.132,-21612.1,59.8387,0.39456
26265000,70,305.497,-21593.5,84.3478,0.395733
26280000,52,231.497,-21612.1,50.3941,0.3754
26295000,44,210.249,-21633.1,41.8302,0.372683
26310000,52,230.433,-21619.7,48.0602,0.388378
26325000,57,248.297,-21623.4,62.5318,0.374867
26340000,66,289.599,-21613,79.9907,0.383833
26355000,57,255.919,-21622.6,68.1686,0.3637
26370000,64,293.11,-21594.2,60.3397,0.406867
26385000,73,337.107,-21591.3,68.5165,0.402867
26400000,68,307.432,-21604.8,66.7149,0.39012
26415000,63,275.679,-21592.8,63.3553,0.386667
26430000,65,290.507,-21591.9,74.9376,0.393956
26445000,51,223.77,-21621.2,52.6441,0.375233
26460000,55,241.471,-21593.3,62.6465,0.388633
26475000,57,249.088,-21603.6,57.0003,0.378267
26490000,60,253.48,-21607.3,77.7085,0.3846
26505000,62,274.791,-21597.5,62.8524,0.387511
26520000,69,297.295,-21590.1,68.2051,0.393533
26535000,73,312.867,-21564.1,81.7741,0.3946
26550000,71,310.457,-21564.4,68.3482,0.414
26565000,61,262.429,-21618.7,48.6481,0.3947
26580000,69,305.505,-21583.5,91.7035,0.405333
26595000,57,249.707,-21598.3,56.4597,0.368813
26610000,67,273.01,-21594.6,66.8659,0.3959
26625000,59,256.242,-21594.7,43.2421,0.394333
26640000,63,267.917,-21605.8,57.9943,0.38
26655000,55,241.949,-21622.9,65.165,0.384389
26670000,54,240.815,-21620.5,61.5476,0.375067
26685000,58,259.444,-21601.3,59.1393,0.371089
26700000,52,230.365,-21615.9,51.0169,0.374
26715000,71,300.522,-21578.8,80.0069,0.3988
26730000,67,289.866,-21581.6,64.4601,0.397667
26745000,53,240.329,-21591.9,47.961,0.367833
26760000,59,252.634,-21619.3,73.4944,0.368467
26775000,63,261.084,-21583.7,69.8696,0.381489
26790000,68,316.533,-21589.2,66.8746,0.4024
26805000,72,306.44,-21606.6,69.2868,0.377
26820000,84,358.622,-21570,74.7625,0.396067
26835000,52,201.956,-21614.1,40.1126,0.371033
26850000,65,281.72,-21607.4,54.843,0.388933
26865000,82,372.336,-21593.5,82.9434,0.399333
26880000,82,359.837,-21589.3,95.4088,0.4076
26895000,65,269.353,-21580.5,64.9668,0.407267
26910000,72,318.946,-21592.4,79.8156,0.401
26925000,53,228.474,-21627.9,53.4305,0.379467
26940000,51,220.698,-21616.1,41.6966,0.395533
26955000,59,267.667,-21581.6,60.7902,0.381723
26970000,49,227.427,-21600,44.9765,0.3856
26985000,67,287.776,-21579.2,64.2293,0.393213
27000000,56,251.796,-21576.6,53.7109,0.391533
27015000,65,275.432,-21594.7,51.6915,0.392267
27030000,60,250.422,-21627.2,64.6207,0.379033
27045000,70,318.316,-21590.7,69.8325,0.3933
27060000,66,295.492,-21581.6,56.4073,0.402133
27075000,57,265.512,-21601.4,47.5312,0.380838
27090000,67,295.392,-21622.9,75.0224,0.386533
27105000,56,247.454,-21602.3,48.3146,0.367333
27120000,67,307.518,-21580.6,57.5795,0.381783
27135000,61,270.794,-21590.5,72.5201,0.371367
27150000,57,260.738,-21595.7,69.7143,0.388
27165000,56,238.479,-21606.3,60.6383,0.380274
27180000,71,309.74,-21604.1,78.7765,0.386467
27195000,66,291.579,-21599,62.4431,0.3928
27210000,69,299.444,-21579.1,58.3651,0.393633
27225000,64,282.172,-21569.6,84.8102,0.389133
27240000,63,263.608,-21582,79.9024,0.390267
27255000,55,245.154,-21588.6,49.7317,0.380767
27270000,64,286.623,-21613.5,74.617,0.376133
27285000,54,240.335,-21576.2,56.3535,0.382022
27300000,62,279.234,-21618.7,69.075,0.380533
27315000,72,305.319,-21580.3,56.0752,0.3874
27330000,85,372.201,-21560.2,101.377,0.405133
27345000,59,269.649,-21611.8,62.0397,0.390822
27360000,61,258.381,-21619.8,59.62,0.394213
27375000,74,322.006,-21600.2,83.3213,0.400867
27390000,67,300.056,-21588,57.1871,0.389267
27405000,61,262.105,-21608.5,48.4182,0.384233
27420000,59,240.154,-21602,64.0802,0.3954
27435000,65,296.316,-21587.4,63.3925,0.386022
27450000,76,337.242,-21579,80.4406,0.396533
27465000,66,283.177,-21567.8,77.4882,0.383267
27480000,76,339.038,-21587.9,83.3602,0.397933
27495000,83,371.942,-21588.7,79.42,0.410333
27510000,55,236.116,-21639.6,69.7762,0.383933
27525000,70,304.943,-21572,70.6116,0.398933
27540000,55,236.797,-21615,54.1231,0.389711
27555000,61,257,-21571.5,87.8073,0.376067
27570000,61,287.227,-21581.2,58.9751,0.362933
27585000,68,298.134,-21582.2,63.133,0.376467
27600000,70,300.976,-21579.1,70.8242,0.3912
27615000,71,300.541,-21587.3,79.9273,0.394
27630000,67,282.33,-21584,66.944,0.390933
27645000,67,295.241,-21586.3,65.0001,0.385933
27660000,88,388.045,-21567.7,82.4153,0.4048
27675000,58,266.942,-21594.1,53.8666,0.395867
27690000,64,287.419,-21566.7,78.9772,0.3806
27705000,64,290.645,-21602.4,66.596,0.373467
27720000,67,282.111,-21578.2,64.8635,0.385
27735000,69,312.172,-21578.9,68.9651,0.3844
27750000,73,319.367,-21589.4,74.3298,0.3968
27765000,68,299.939,-21595.3,71.9899,0.3798
27780000,74,315.052,-21577.1,92.5615,0.4058
27795000,69,316.912,-21587.3,60.015,0.418
27810000,53,242.202,-21587.3,50.5168,0.3952
27825000,46,210.455,-21635.8,45.0851,0.374232
27840000,44,199.287,-21643.5,34.379,0.385073
27855000,75,339.472,-21586.2,76.4781,0.395644
27870000,62,286.453,-21583.3,55.2284,0.387267
27885000,72,311.419,-21598.5,74.2346,0.3768
27900000,48,211.9,-21632.7,57.0875,0.375573
27915000,68,284.5,-21584,81.8548,0.4027
27930000,47,200.482,-21623.1,37.821,0.378667
27945000,76,337.471,-21590.1,80.273,0.3876
27960000,70,310.822,-21593.3,86.8915,0.396467
27975000,78,337.343,-21580.9,84.867,0.403933
27990000,52,219.892,-21619.5,52.0827,0.3745
28005000,77,342.825,-21590,78.0324,0.401633
28020000,61,245.775,-21605.5,65.601,0.386
28035000,65,280.377,-21581.5,65.1363,0.398333
28050000,52,242.34,-21612.5,48.7315,0.3695
28065000,58,248.314,-21575.7,53.1707,0.383533
28080000,63,269.789,-21607.1,60.7155,0.3868
28095000,85,360.861,-21583.6,83.6041,0.409
28110000,83,362.983,-21585.2,90.252,0.410467
28125000,59,280.345,-21610.5,58.5366,0.38536
28140000,66,302.489,-21603.6,82.9782,0.394533
28155000,56,249.217,-21608.7,51.9791,0.384933
28170000,58,250.973,-21586.4,53.418,0.39445
28185000,69,316.778,-21598.6,76.2978,0.3958
28200000,52,232.587,-21592.4,49.6151,0.374622
28215000,69,289.987,-21596,72.343,0.391267
28230000,70,306.025,-21588.6,77.6854,0.397333
28245000,64,281.686,-21621.2,59.8723,0.384556
28260000,54,240.638,-21605.7,54.3153,0.390367
28275000,54,233.971,-21587.5,50.3468,0.3866
28290000,59,248.282,-21571.7,50.6862,0.3674
28305000,84,363.887,-21589.7,106.066,0.3988
28320000,82,350.128,-21579.3,76.0992,0.402333
28335000,89,381.417,-21546,81.117,0.414933
28350000,92,412.892,-21572.9,82.4939,0.400533
28365000,86,371.931,-21576.3,88.621,0.4054
28380000,52,234.611,-21619.7,57.7232,0.382222
28395000,92,409.465,-21566.2,92.4171,0.407933
28410000,87,382.94,-21590.2,102.529,0.411133
28425000,68,294.595,-21599.1,65.6461,0.409667
28440000,72,332.44,-21578.3,68.2706,0.402133
28455000,59,256.346,-21574.3,56.8675,0.393333
28470000,63,276.654,-21576.6,56.3236,0.383667
28485000,62,260.017,-21583.2,59.1303,0.3866
28500000,65,276.797,-21584,90.1223,0.387867
28515000,53,224.127,-21583.2,65.4254,0.387733
28530000,48,205.869,-21604.6,49.9335,0.3794
28545000,53,233.435,-21604.4,53.5759,0.392067
28560000,57,248.255,-21612.6,50.2929,0.393867
28575000,54,245.927,-21610.6,54.2308,0.37321
28590000,60,266.088,-21636.8,71.3496,0.390161
28605000,82,349.554,-21579.4,89.3985,0.389644
28620000,74,313.385,-21575.7,94.6878,0.4044
28635000,72,327.933,-21587.9,71.1447,0.3914
28650000,43,193.202,-21640.4,49.6118,0.38835
28665000,73,327.688,-21607.9,76.0384,0.406267
28680000,85,386.705,-21585.4,80.35,0.406933
28695000,75,320.188,-21564.7,75.9938,0.395667
28710000,55,242.067,-21640,49.465,0.388917
28725000,88,387.782,-21584.5,96.4313,0.402633
28740000,81,350.074,-21587.6,81.0152,0.403533
28755000,79,344.928,-21573.7,69.2558,0.4094
28770000,75,300.439,-21576,83.8508,0.406667
28785000,78,311.348,-21553.4,90.6482,0.396733
28800000,78,327.515,-21578,78.5589,0.391533
28815000,80,358.773,-21579.7,79.5457,0.402733
28830000,62,270.173,-21628,60.6936,0.38145
28845000,81,358.088,-21560.8,84.771,0.3961
28860000,83,371.681,-21577.4,81.8444,0.4036
28875000,82,364.953,-21580.5,87.7164,0.407067
28890000,70,318.203,-21602.7,78.1526,0.403533
28905000,67,293.051,-21602.5,46.2135,0.3926
28920000,66,303.826,-21579.2,72.2137,0.3918
28935000,41,182.151,-21641.2,40.5096,0.385689
28950000,55,242.197,-21609.1,62.7739,0.371467
28965000,50,196.262,-21629.6,54.7116,0.387496
28980000,52,226.226,-21615.2,49.3021,0.371867
28995000,63,266.232,-21589.4,74.4314,0.384956
29010000,65,289.444,-21610.5,68.725,0.392933
29025000,70,300.232,-21570.6,65.9336,0.3871
29040000,66,299.703,-21618,70.7442,0.403
29055000,87,374.718,-21563.6,86.1416,0.399933
29070000,68,300.375,-21593.9,73.5287,0.410667
29085000,57,241.924,-21603.3,48.8608,0.385956
29100000,65,278.103,-21594,62.7882,0.388867
29115000,67,287.839,-21597.6,60.9381,0.395067
29130000,76,333.838,-21586.1,80.5661,0.405533
29145000,70,315.759,-21584.7,52.798,0.396556
29160000,76,325.618,-21599,78.778,0.398667
29175000,68,303.934,-21585,63.5558,0.390867
29190000,73,324.997,-21562.9,55.6816,0.390733
29205000,71,318.802,-21584.1,70.0113,0.404933
29220000,50,214.148,-21604.8,41.4652,0.381319
29235000,52,229.709,-21610.6,49.5558,0.3716
29250000,66,304.756,-21615.2,52.7772,0.391444
29265000,46,192.526,-21622,49.0004,0.377933
29280000,39,159.284,-21600.8,39.5033,0.363667
29295000,40,170.445,-21612,36.9743,0.368267
29310000,51,230.711,-21628.9,49.923,0.38455
29325000,51,218.135,-21616.8,69.0036,0.381756
29340000,73,328.447,-21591.8,84.2141,0.392333
29355000,63,270.972,-21614.7,73.7345,0.379733
29370000,69,301.155,-21620.6,73.677,0.407233
29385000,59,256.649,-21596.9,46.8932,0.394
29400000,60,263.533,-21612.3,62.1896,0.3989
29415000,65,268.653,-21610,62.4851,0.402867
29430000,71,301.074,-21607.3,57.542,0.397889
29445000,47,217.567,-21627.2,47.0793,0.386033
29460000,61,260.151,-21613.6,69.9036,0.397356
29475000,57,250.001,-21623.7,51.8334,0.402467
29490000,61,277.368,-21643.2,56.626,0.402333
29505000,58,254.43,-21604.9,53.942,0.400333
29520000,51,231.419,-21633.7,54.8429,0.373933
29535000,51,228.241,-21634.3,48.2677,0.389124
29550000,63,276.822,-21630.1,51.3021,0.384933
29565000,61,261.768,-21631.2,58.6409,0.4032
29580000,44,186.643,-21640,50.9867,0.378567
29595000,63,271.247,-21639.6,65.7036,0.399356
29610000,60,258.984,-21659,66.1164,0.407733
29625000,56,242.234,-21657.2,49.9761,0.399
29640000,68,290.788,-21622.6,66.5941,0.393533
29655000,53,225.213,-21611.6,58.6582,0.386387
29670000,65,295.056,-21619.8,52.1012,0.4045
29685000,56,247.16,-21622.3,65.4688,0.3792
29700000,53,227.168,-21638.2,53.1161,0.3971
29715000,63,283.818,-21628.4,65.9729,0.391878
29730000,77,348.148,-21615.3,82.2652,0.3988
29745000,75,326.536,-21597.2,64.7491,0.391333
29760000,62,265.895,-21606.9,52.5683,0.412133
29775000,67,293.207,-21595.6,81.7716,0.396333
29790000,64,271.217,-21606.8,63.0169,0.398267
29805000,67,297.875,-21601.1,67.9979,0.398467
29820000,43,192.568,-21629,46.5714,0.392467
29835000,58,263.312,-21615.2,66.2918,0.390167
29850000,63,268.019,-21630,66.1993,0.393617
29865000,60,275.424,-21623.6,56.809,0.402267
29880000,67,276.113,-21623.6,70.2137,0.389433
29895000,74,317.368,-21595.5,75.5128,0.396093
29910000,78,356.728,-21608.8,74.4362,0.4016
29925000,68,297.906,-21613.8,62.6312,0.412967
29940000,55,246.113,-21615.3,58.8604,0.405067
29955000,54,235.247,-21623,54.6254,0.392733
29970000,67,290.795,-21606.2,67.2118,0.386133
29985000,61,250.668,-21606.7,59.1616,0.399933
