generation,N_shifts,logPrior,logLik,eventRate,acceptRate
0,0,0.641453,-24235.1,100,0
15000,0,-0.558144,-22079.9,0.0547388,0.155856
30000,0,0.799968,-22079.2,0.136771,0.151467
45000,2,9.66764,-22015.8,3.85859,0.281
60000,1,5.53979,-22057.3,1.04062,0.261822
75000,2,8.89575,-22057.9,1.67941,0.210317
90000,2,1.86671,-22036.3,1.89462,0.2828
105000,8,28.9144,-21946.6,10.1872,0.327867
120000,5,15.2818,-21993.4,4.60665,0.2502
135000,15,45.935,-21862,13.561,0.339367
150000,22,90.4799,-21834,24.1398,0.338267
165000,22,78.0618,-21824.7,23.4358,0.3616
180000,23,91.2602,-21802.4,27.0859,0.368267
195000,25,93.6697,-21787.8,29.3007,0.359533
210000,11,43.4642,-21843.2,12.1183,0.309044
225000,42,166.042,-21774.2,36.0231,0.374667
240000,39,158.887,-21766.3,33.8914,0.395667
255000,36,159.22,-21764.1,39.2118,0.381067
270000,13,50.4335,-21835.4,15.4884,0.340717
285000,41,170.885,-21748.3,39.166,0.3859
300000,42,185.463,-21749.8,50.0219,0.3956
315000,47,209.109,-21707.2,44.3764,0.396733
330000,54,243.766,-21702,51.6386,0.413467
345000,30,123.198,-21819.2,34.6209,0.322071
360000,66,285.973,-21693.7,67.0258,0.399367
375000,62,272.464,-21713.2,57.2691,0.421467
390000,44,175.322,-21787.5,37.5589,0.391044
405000,63,281.62,-21738.7,67.4897,0.404733
420000,70,323.867,-21715.8,62.6988,0.423133
435000,51,221.921,-21701.2,62.2124,0.4014
450000,41,177.755,-21735.4,41.6026,0.409333
465000,56,258.019,-21684.4,55.8875,0.388267
480000,58,241.635,-21700.6,60.0685,0.3916
495000,54,230.951,-21740.8,60.7792,0.391911
510000,53,227.493,-21703.1,65.9631,0.409867
525000,58,262.684,-21700.9,65.9748,0.392933
540000,52,236.164,-21677.3,59.5034,0.390711
555000,53,228.583,-21686.6,56.8384,0.388467
570000,44,187.493,-21685,43.3163,0.391711
585000,59,273.409,-21660.7,60.2008,0.392
600000,45,183.449,-21670.5,52.4547,0.377818
615000,52,221.035,-21666,57.6171,0.387833
630000,71,315.148,-21659.7,65.6852,0.391867
645000,56,242.764,-21702,58.9853,0.383756
660000,50,216.075,-21643,47.5969,0.3873
675000,52,218.273,-21646.5,45.9722,0.372533
690000,47,214.391,-21642.6,50.6437,0.369333
705000,57,247.342,-21663.3,68.8106,0.369
720000,64,282.043,-21646.1,60.3168,0.3882
735000,71,319.862,-21639,76.9236,0.402133
750000,51,216.673,-21697.5,53.2129,0.379114
765000,51,227.616,-21671.1,40.5276,0.384308
780000,63,276.332,-21625.3,74.9808,0.386222
795000,65,289.739,-21643.5,61.7999,0.3936
810000,63,290.593,-21669,63.0752,0.391467
825000,60,271.733,-21650.1,62.599,0.386667
840000,57,247.178,-21641.9,47.2623,0.3986
855000,55,242.089,-21697.5,65.8823,0.392095
870000,63,277.344,-21641.1,55.9279,0.387567
885000,47,201.173,-21689.5,49.9157,0.391533
900000,49,199.344,-21661.4,53.5301,0.3777
915000,45,198.752,-21687.8,50.6954,0.370333
930000,39,165.935,-21669.5,39.8854,0.351667
945000,52,218.613,-21674.5,36.7461,0.392078
960000,42,179.536,-21674.3,42.634,0.3562
975000,50,215.191,-21669.2,54.2296,0.387667
990000,60,260.014,-21684.8,74.046,0.397333
1005000,64,278.922,-21687.3,68.6608,0.402733
1020000,59,247.391,-21676.9,51.3447,0.408933
1035000,67,280.118,-21674.9,59.2285,0.383933
1050000,61,273.355,-21652.5,72.6405,0.38972
1065000,68,283.113,-21634.4,70.2444,0.397
1080000,82,338.528,-21670.3,76.7794,0.419178
1095000,66,297.187,-21665.4,68.3833,0.417867
1110000,59,264.666,-21671.9,63.0471,0.392933
1125000,55,248.329,-21678,54.3907,0.380312
1140000,83,338.94,-21665.9,83.9513,0.393773
1155000,81,337.615,-21652.4,84.245,0.4194
1170000,69,308.604,-21648.7,75.1891,0.414133
1185000,70,311.324,-21662.7,73.8048,0.407333
1200000,50,218.786,-21677.4,48.5689,0.38516
1215000,56,241.305,-21663.3,51.7464,0.3842
1230000,53,223.006,-21673.3,51.9747,0.395467
1245000,75,317.334,-21679.2,63.6347,0.388007
1260000,63,249.886,-21674,64.5839,0.405967
1275000,58,248.378,-21663.4,65.6492,0.390933
1290000,51,218.366,-21659.9,42.9178,0.393867
1305000,55,237.521,-21652.8,53.9493,0.3794
1320000,55,230.791,-21666.6,59.9494,0.375733
1335000,71,289.494,-21653.4,69.3162,0.399767
1350000,67,283.531,-21642.6,70.6434,0.3961
1365000,59,256.045,-21670.5,60.5848,0.396933
1380000,55,240.975,-21649.2,53.7742,0.389
1395000,58,246.772,-21643.4,73.627,0.3968
1410000,72,333.152,-21647,69.6225,0.391044
1425000,74,328.537,-21651.2,71.3137,0.413333
1440000,58,240.179,-21650.3,64.0279,0.3956
1455000,44,185.687,-21697.3,42.7027,0.383337
1470000,52,223.125,-21643.1,42.6218,0.3779
1485000,59,239.709,-21662.9,62.7947,0.391144
1500000,49,216.185,-21650.2,52.4505,0.3794
1515000,63,268.93,-21672.1,70.9827,0.407733
1530000,67,299.683,-21638.3,69.5088,0.3778
1545000,63,286.85,-21660,65.6772,0.3989
1560000,63,274.209,-21647.5,69.0403,0.398067
1575000,65,279.965,-21653.1,65.9479,0.402933
1590000,62,269.346,-21628.8,49.5705,0.3882
1605000,75,314.191,-21651.9,65.6391,0.3971
1620000,62,248.825,-21638.2,67.2162,0.391
1635000,61,261.371,-21629.9,62.8105,0.380267
1650000,67,295.261,-21662.6,70.6566,0.397067
1665000,76,339.945,-21658,68.7853,0.411533
1680000,67,288.412,-21646.7,69.3781,0.412533
1695000,65,286.224,-21657.3,78.4341,0.4114
1710000,60,274.492,-21664.5,51.4046,0.401667
1725000,52,215.255,-21699.8,42.4003,0.380533
1740000,64,267.141,-21623.1,62.6451,0.380314
1755000,63,268.436,-21628.9,75.3179,0.3756
1770000,56,250.115,-21610.5,52.0511,0.374467
1785000,66,293.24,-21615.1,65.7786,0.368133
1800000,46,195.514,-21626.1,39.1618,0.3726
1815000,49,208.962,-21625.8,51.5272,0.349067
1830000,57,243.514,-21690,53.1971,0.384905
1845000,66,296.279,-21662.8,66.4953,0.390452
1860000,56,243.733,-21665.5,67.5938,0.402133
1875000,57,251.278,-21662.6,42.7442,0.380667
1890000,62,285.651,-21658.9,44.0589,0.383933
1905000,53,223.195,-21689.5,44.6678,0.381053
1920000,60,279.438,-21650.1,53.1684,0.393733
1935000,66,268.286,-21637.9,55.2085,0.390067
1950000,64,277.901,-21635.9,65.5687,0.384933
1965000,61,263.724,-21674.4,51.0355,0.384767
1980000,51,208.719,-21641.4,46.5677,0.3622
1995000,53,235.49,-21649.9,69.5823,0.3558
2010000,57,242.765,-21653.8,46.6934,0.376933
2025000,62,274.141,-21655.9,83.6879,0.37632
2040000,68,303.032,-21666,67.1116,0.396567
2055000,42,187.957,-21706.9,41.1892,0.35445
2070000,57,250.169,-21654.9,60.2712,0.394622
2085000,44,197.852,-21679.5,39.656,0.370356
2100000,72,314.367,-21642.3,78.1948,0.3783
2115000,67,302.272,-21653.7,73.0543,0.394867
2130000,44,181.541,-21668,38.3405,0.370378
2145000,71,318.729,-21624.1,67.1116,0.395867
2160000,70,294.845,-21643,56.9012,0.394267
2175000,64,258.781,-21628.8,68.8141,0.3916
2190000,79,336.573,-21627.5,65.3336,0.391467
2205000,63,272.906,-21685.6,54.9821,0.392547
2220000,84,387.901,-21637.4,89.5494,0.411133
2235000,81,357.582,-21635.9,86.2863,0.4182
2250000,50,214.106,-21697.4,41.4558,0.387778
2265000,73,324.958,-21642.1,70.8585,0.398467
2280000,63,264.031,-21647.8,44.7404,0.387467
2295000,63,271.149,-21650.2,60.1633,0.360125
2310000,61,261.004,-21685.1,82.968,0.3978
2325000,76,324.371,-21629.9,78.5596,0.387333
2340000,77,341.416,-21674.4,70.4173,0.387578
2355000,64,292.043,-21618,60.8237,0.392033
2370000,64,286.85,-21654.6,63.8193,0.3898
2385000,64,279.096,-21638.5,64.0389,0.3774
2400000,63,286.734,-21637.5,63.8216,0.385933
2415000,53,225.356,-21691.1,42.9632,0.390453
2430000,73,311.086,-21629,81.1006,0.369433
2445000,71,317.912,-21625.4,67.7063,0.3836
2460000,48,197.15,-21664.7,48.3939,0.374087
2475000,76,348.343,-21636.9,81.0264,0.388833
2490000,71,307.597,-21649.1,78.1061,0.399267
2505000,66,283.047,-21644.1,70.873,0.410133
2520000,46,213.75,-21648.1,46.8566,0.364383
2535000,64,267.791,-21650.4,55.7898,0.387833
2550000,52,241.629,-21664.6,59.4631,0.3868
2565000,60,268.34,-21665.2,54.1908,0.3966
2580000,70,308.405,-21659.2,67.295,0.397
2595000,71,322.703,-21642.3,57.4949,0.4
2610000,71,318.417,-21629.5,60.7143,0.413467
2625000,55,246.025,-21643.1,51.776,0.3908
2640000,43,178.308,-21694.6,40.5076,0.37944
2655000,54,241.038,-21641.5,56.401,0.382833
2670000,59,255.706,-21649.6,52.6996,0.380067
2685000,70,301.284,-21651.9,71.6644,0.390933
2700000,72,311.149,-21617.8,64.9197,0.394667
2715000,79,346.528,-21640.5,90.0366,0.400333
2730000,72,311.223,-21634.7,62.4732,0.398333
2745000,64,279.035,-21624.1,59.2281,0.393333
2760000,55,250.493,-21695.3,69.7763,0.371246
2775000,58,243.413,-21638.6,49.4092,0.385067
2790000,54,220.923,-21662.4,48.6064,0.389427
2805000,66,276.837,-21661.1,73.3633,0.366067
2820000,53,218.057,-21654.3,51.4963,0.371733
2835000,59,254.636,-21687.7,59.3008,0.384111
2850000,46,184.248,-21715.6,52.8246,0.396267
2865000,62,267.284,-21667.4,74.0841,0.3866
2880000,71,302.217,-21665.3,59.8328,0.392667
2895000,55,250.086,-21679.2,48.171,0.359281
2910000,53,234.427,-21690.6,58.3038,0.396733
2925000,57,244.657,-21685.4,59.1332,0.3976
2940000,67,280.909,-21666.3,59.6226,0.401317
2955000,58,250.208,-21648.8,53.2901,0.392
2970000,49,214.811,-21677.7,52.7332,0.3822
2985000,52,231.392,-21679.2,45.6894,0.3778
3000000,56,266.031,-21699.2,48.7544,0.383113
3015000,37,150.784,-21680.5,35.598,0.3738
3030000,53,221.87,-21666.2,53.3289,0.383267
3045000,51,219.836,-21672.1,58.1107,0.392
3060000,54,221.496,-21657.2,66.1355,0.381933
3075000,63,253.438,-21639.3,62.2449,0.375867
3090000,60,250.631,-21636.3,60.0257,0.3804
3105000,67,287.357,-21630.3,67.3858,0.3804
3120000,82,375.529,-21626.3,80.5203,0.4002
3135000,50,217.411,-21645.6,48.8036,0.377541
3150000,78,320.33,-21639.7,102.777,0.3996
3165000,55,236.88,-21664.5,44.8111,0.3875
3180000,48,215.388,-21688.2,36.8503,0.393267
3195000,48,197.429,-21695.3,41.7379,0.357478
3210000,74,330.042,-21639.3,82.7713,0.393467
3225000,64,280.616,-21645.8,62.4282,0.3876
3240000,62,261,-21664.3,65.1339,0.3922
3255000,73,313.728,-21651.8,88.9484,0.386333
3270000,69,291.731,-21630.2,91.0478,0.409
3285000,78,325.399,-21659.6,70.3943,0.4068
3300000,68,285.052,-21639.5,76.0814,0.403067
3315000,39,163.986,-21663,42.6105,0.373117
3330000,74,315.146,-21624.7,69.2577,0.392567
3345000,56,236.236,-21671.8,63.8306,0.371339
3360000,54,238.625,-21669.9,58.5588,0.376867
3375000,46,197.989,-21667.6,43.5039,0.3734
3390000,70,292.834,-21611,68.184,0.389467
3405000,45,198.327,-21678.5,58.8347,0.357944
3420000,54,223.888,-21626.5,53.5692,0.388467
3435000,55,239.944,-21643.7,47.0658,0.372067
3450000,52,219.795,-21639.2,66.14,0.386467
3465000,48,205.713,-21642.5,50.3177,0.3684
3480000,60,278.336,-21627.3,62.0635,0.366733
3495000,71,309.224,-21618.7,70.0317,0.392867
3510000,58,251.518,-21652,63.0781,0.375133
3525000,62,277.011,-21650.9,75.9993,0.3838
3540000,56,251.228,-21653.1,42.3961,0.391733
3555000,49,221.713,-21642.9,43.3991,0.370533
3570000,63,285.39,-21640.5,55.3497,0.374
3585000,42,185.807,-21706.5,34.8478,0.361528
3600000,68,296.333,-21641.8,77.3471,0.378967
3615000,51,206.394,-21651.2,50.5513,0.378287
3630000,68,289.607,-21616.5,64.243,0.397733
3645000,78,358.306,-21626.8,69.7108,0.402
3660000,60,260.458,-21657.1,65.6857,0.3832
3675000,58,235.641,-21636.4,56.8394,0.3874
3690000,46,196.002,-21675.7,42.9104,0.3702
3705000,48,214.248,-21642.2,39.0705,0.359333
3720000,48,204.29,-21643.8,56.7841,0.374956
3735000,50,227.523,-21653.7,50.7424,0.3808
3750000,50,222.749,-21662.5,40.0392,0.360044
3765000,53,216.343,-21664.8,56.8059,0.377413
3780000,59,264.276,-21664.9,67.8647,0.3848
3795000,75,336.434,-21647.3,82.8214,0.39565
3810000,51,205.459,-21680.6,50.1894,0.3818
3825000,55,230.11,-21648.4,52.8135,0.377533
3840000,69,313.031,-21631.2,64.5162,0.398889
3855000,83,375.001,-21662.1,71.6806,0.403067
3870000,79,374.697,-21635.9,86.1675,0.4154
3885000,85,381.677,-21628.8,69.8326,0.406
3900000,93,409.907,-21620.1,102.556,0.415667
3915000,83,356.872,-21638.7,70.6771,0.432467
3930000,54,242.625,-21650,66.1643,0.376419
3945000,52,221.123,-21658.2,61.2715,0.3954
3960000,47,201.87,-21650.2,37.1718,0.371
3975000,53,238.528,-21665.7,57.8304,0.383333
3990000,56,256.223,-21658.1,56.1521,0.377267
4005000,55,245.458,-21655.9,51.6414,0.373467
4020000,56,236.074,-21663.1,57.5878,0.383
4035000,59,264.945,-21643.7,71.5882,0.402133
4050000,55,248.195,-21690.1,61.982,0.384592
4065000,57,256.743,-21641.4,59.9873,0.369637
4080000,50,210.256,-21643.6,61.494,0.386933
4095000,79,355.342,-21647.5,74.8283,0.400467
4110000,50,207.281,-21648.7,54.0008,0.376633
4125000,66,289.269,-21637.4,55.3421,0.401733
4140000,61,262.01,-21633.5,68.9451,0.381533
4155000,80,333.575,-21625.5,66.8036,0.394467
4170000,71,303.023,-21651.7,78.1893,0.406733
4185000,47,206.381,-21668.9,35.8282,0.383215
4200000,71,316.594,-21627.7,59.2866,0.3952
4215000,70,306.591,-21630.5,64.8004,0.394933
4230000,48,207.078,-21657.8,48.8465,0.362917
4245000,44,183.378,-21655.9,46.3743,0.364467
4260000,48,190.053,-21671.6,54.3301,0.369267
4275000,40,169.963,-21690.5,41.4871,0.343867
4290000,38,155.062,-21676,51.781,0.354844
4305000,60,277.701,-21671.1,71.4581,0.394089
4320000,60,270.329,-21655.3,62.2944,0.381733
4335000,67,298.351,-21683.9,64.3204,0.393533
4350000,56,253.913,-21670.8,66.6504,0.380067
4365000,60,257.435,-21681.5,67.8482,0.4078
4380000,57,254.28,-21649,50.2791,0.377733
4395000,56,245.754,-21659,58.4096,0.390133
4410000,58,256.143,-21685,52.7223,0.3864
4425000,44,186.391,-21696.2,38.9154,0.354822
4440000,43,180.3,-21688.9,39.7268,0.383947
4455000,43,167.646,-21666.4,39.4123,0.375933
4470000,46,198.153,-21669.5,43.014,0.346667
4485000,54,244.609,-21663.6,48.0468,0.382293
4500000,52,232.673,-21661.8,54.8369,0.38065
4515000,58,251.839,-21667.7,56.257,0.381867
4530000,55,234.031,-21667.6,50.2536,0.3794
4545000,56,251.313,-21684.7,58.5555,0.383933
4560000,51,216.754,-21688.8,40.746,0.3756
4575000,48,213.39,-21655.1,47.1732,0.363133
4590000,50,224.425,-21682.8,47.3037,0.3739
4605000,47,196.638,-21695.1,51.3225,0.388467
4620000,49,214.448,-21667.8,42.4065,0.375389
4635000,38,161.339,-21713.9,33.6602,0.378667
4650000,47,217.756,-21642.2,49.5375,0.385667
4665000,50,222.599,-21662,55.9383,0.362967
4680000,55,236.437,-21658.1,54.9321,0.365933
4695000,46,203.484,-21704.1,45.223,0.377633
4710000,47,206.527,-21713.6,47.0047,0.365667
4725000,57,244.615,-21672,51.3557,0.374044
4740000,47,197.356,-21660.9,42.2936,0.362133
4755000,46,197.546,-21671.1,57.0077,0.354
4770000,52,233.79,-21682,44.0153,0.375733
4785000,44,175.336,-21689.9,46.5676,0.373227
4800000,50,211.171,-21648.5,59.6551,0.373233
4815000,59,252.06,-21692.1,63.5979,0.370433
4830000,50,226.133,-21655.6,52.7411,0.3786
4845000,65,254.556,-21669.6,60.0063,0.400067
4860000,42,176.991,-21675.8,42.4024,0.358648
4875000,42,181.289,-21679.6,39.7839,0.337067
4890000,44,199.557,-21689.7,42.8876,0.374044
4905000,43,189.339,-21700.8,37.4229,0.372533
4920000,52,228.15,-21668.8,53.4672,0.366556
4935000,51,238.195,-21678,52.4387,0.3827
4950000,50,212.827,-21646.2,48.5431,0.367833
4965000,59,243.137,-21661.7,63.9351,0.366133
4980000,63,291.548,-21635.8,60.1581,0.377467
4995000,56,242.001,-21658.9,46.7999,0.3942
5010000,45,197.295,-21679.6,56.5212,0.349437
5025000,48,203.821,-21649.8,58.1941,0.375767
5040000,55,242.808,-21628.3,65.9387,0.363867
5055000,56,239.644,-21634.6,57.199,0.3778
5070000,41,184.451,-21681,29.6816,0.355667
5085000,52,222.592,-21656.7,44.9996,0.358427
5100000,57,247.971,-21659.7,48.7798,0.368967
5115000,64,292.04,-21689.5,66.1144,0.383183
5130000,43,185.261,-21668.8,50.8077,0.3855
5145000,63,272.24,-21695.9,74.4018,0.3946
5160000,59,241.925,-21682.9,77.0958,0.396933
5175000,50,216.257,-21662.3,53.2861,0.359822
5190000,54,237.363,-21657,47.7822,0.382867
5205000,36,154.988,-21680.9,43.1002,0.365708
5220000,58,242.963,-21647.2,51.7552,0.380667
5235000,61,260.848,-21675.4,55.0129,0.384133
5250000,44,202.035,-21696.3,44.02,0.365422
5265000,39,172.563,-21654.4,38.2835,0.366533
5280000,44,188.776,-21707.5,36.0076,0.389083
5295000,43,153.948,-21700.5,40.7785,0.382867
5310000,52,238.38,-21654,63.4313,0.366533
5325000,41,167.75,-21702.8,37.646,0.382233
5340000,38,172.939,-21691,44.4913,0.364011
5355000,44,188.026,-21708.4,48.7866,0.366167
5370000,47,208.598,-21687.6,47.4004,0.365667
5385000,40,165.812,-21676.8,35.6247,0.368467
5400000,53,248.768,-21656.1,49.8074,0.373133
5415000,52,228.744,-21659.8,51.2491,0.356286
5430000,41,177.528,-21674,50.8446,0.358622
5445000,44,180.749,-21656.9,38.571,0.371667
5460000,56,233.023,-21626.1,59.4968,0.375533
5475000,60,247.879,-21625.2,69.0107,0.365067
5490000,62,287.207,-21616.7,70.4191,0.3712
5505000,53,232.3,-21631.3,51.4167,0.358067
5520000,54,250.148,-21621.9,58.3591,0.359133
5535000,54,232.002,-21643.6,59.4572,0.3662
5550000,60,279.241,-21635.8,58.0843,0.359933
5565000,59,262.218,-21691.4,50.1508,0.39183
5580000,67,284.621,-21704.1,74.163,0.421267
5595000,57,251.919,-21668.9,43.0785,0.384367
5610000,52,228.562,-21654.4,44.9117,0.3597
5625000,55,251.52,-21649,56.3119,0.384567
5640000,61,274.15,-21644.7,66.1289,0.394233
5655000,45,200.759,-21646.9,44.2773,0.363733
5670000,65,278.964,-21628.4,61.3263,0.3952
5685000,71,313.17,-21635.5,76.8596,0.389733
5700000,53,218.737,-21660.1,48.751,0.369453
5715000,54,239.436,-21650.8,50.6131,0.391733
5730000,61,260.83,-21663,51.2385,0.391533
5745000,83,361.652,-21662.8,87.2392,0.391267
5760000,56,260.102,-21673.7,53.637,0.393333
5775000,40,165.127,-21675.5,51.5459,0.36225
5790000,53,236.956,-21663.2,47.8231,0.3871
5805000,59,252.827,-21685.3,73.1659,0.387267
5820000,48,210.205,-21667.3,35.9894,0.384733
5835000,48,208.505,-21691.4,61.2113,0.3634
5850000,46,193.967,-21673.1,41.9349,0.369533
5865000,42,180.385,-21691.2,43.4079,0.358822
5880000,68,292.923,-21660.8,71.4743,0.393222
5895000,58,256.899,-21653.3,55.4872,0.383778
5910000,55,244.081,-21646.7,71.1141,0.3798
5925000,49,214.073,-21667.9,54.4023,0.3717
5940000,46,196.768,-21660.8,57.571,0.3768
5955000,50,214.803,-21663.4,52.1314,0.387253
5970000,53,243.381,-21650.6,54.2501,0.366767
5985000,54,226.841,-21674.1,50.3092,0.394267
6000000,49,204.907,-21677.3,29.4699,0.379667
6015000,40,172.763,-21659.5,43.189,0.356889
6030000,42,190.289,-21651.6,38.4799,0.347467
6045000,56,250.598,-21686.7,58.1843,0.367756
6060000,59,242.752,-21683.1,55.7462,0.3812
6075000,61,262.175,-21664.1,61.0216,0.398667
6090000,49,215.372,-21634.7,59.7598,0.3515
6105000,58,248.277,-21669.4,57.7006,0.368872
6120000,49,202.509,-21669.4,40.2208,0.372711
6135000,51,238.268,-21661.1,58.5409,0.378289
6150000,66,290.072,-21663.8,60.0237,0.393767
6165000,51,232.503,-21670.3,53.4297,0.387033
6180000,61,268.411,-21629.3,58.503,0.384022
6195000,52,237.043,-21676.6,41.1834,0.369033
6210000,53,236.934,-21690.7,53.1021,0.3758
6225000,66,271.691,-21632.3,80.1823,0.378933
6240000,61,283.694,-21685.5,61.8129,0.3974
6255000,57,253.592,-21633.8,69.8348,0.383133
6270000,65,284.297,-21671.6,62.5752,0.393067
6285000,67,296.064,-21642.8,78.2463,0.390367
6300000,60,281.016,-21625.6,59.1769,0.386333
6315000,70,310.09,-21630.8,75.4788,0.392
6330000,67,305.053,-21631.6,72.8374,0.393533
6345000,70,316.671,-21635.3,62.8149,0.394467
6360000,56,241.195,-21655.5,53.4856,0.373387
6375000,64,301.233,-21634.8,65.8231,0.376233
6390000,63,271.251,-21634.1,61.2712,0.392933
6405000,64,292.388,-21639.2,66.2299,0.370867
6420000,69,313.177,-21633.9,59.5316,0.389733
6435000,62,270.686,-21629.8,75.5038,0.375867
6450000,48,202.851,-21705.5,51.4756,0.397072
6465000,66,279.81,-21621.2,63.6704,0.375
6480000,63,283.24,-21598.2,59.7781,0.3762
6495000,59,261.912,-21603.3,57.6046,0.381533
6510000,53,223.607,-21692.9,49.3834,0.384833
6525000,60,273.046,-21640.1,63.1875,0.372933
6540000,60,263.85,-21663.6,53.1416,0.384733
6555000,71,316.546,-21607.1,80.5209,0.3807
6570000,54,240.717,-21681.7,49.206,0.391233
6585000,61,258.962,-21627.9,51.2415,0.3766
6600000,75,327.149,-21682.9,70.3343,0.3907
6615000,71,310.159,-21618.9,77.2925,0.379167
6630000,65,291.627,-21671.7,73.7925,0.401067
6645000,72,322.492,-21644.3,65.1613,0.396433
6660000,61,271.133,-21630.7,48.1678,0.384067
6675000,56,247.86,-21668.9,47.0075,0.358149
6690000,56,241.696,-21671.7,60.4924,0.383267
6705000,56,237.219,-21654.5,63.8624,0.374022
6720000,58,235.676,-21641.8,64.5501,0.371933
6735000,59,251.725,-21620.2,63.0564,0.376667
6750000,65,268.862,-21648.6,67.4765,0.3812
6765000,38,161.6,-21691.6,42.5967,0.37064
6780000,66,283.719,-21651.4,71.9915,0.392
6795000,62,257.004,-21632.3,71.6158,0.3818
6810000,57,256.714,-21653.3,55.5643,0.375333
6825000,60,258.118,-21676.8,56.5626,0.382441
6840000,44,193.209,-21669.4,38.8437,0.356467
6855000,49,208.54,-21659.5,47.4041,0.3676
6870000,58,261.885,-21656.7,56.273,0.384133
6885000,53,235.534,-21657.9,70.6302,0.381467
6900000,62,295.46,-21621.6,80.5932,0.366
6915000,71,320.05,-21630.9,62.0394,0.380333
6930000,61,244.383,-21692.1,55.2063,0.394457
6945000,68,309.936,-21617.6,69.6409,0.404933
6960000,78,334.648,-21628.9,73.0846,0.392667
6975000,82,382.326,-21625.4,92.1083,0.4008
6990000,71,333.883,-21617.6,82.4133,0.4006
7005000,76,345.062,-21604.7,98.6629,0.397867
7020000,58,252.771,-21668.2,70.8395,0.37237
7035000,51,230.296,-21701.5,58.3714,0.397457
7050000,63,279.841,-21636.8,58.0827,0.390867
7065000,68,297.528,-21640,69.7815,0.3942
7080000,66,290.128,-21658,71.4863,0.397133
7095000,53,246.688,-21663.3,55.7986,0.3894
7110000,50,206.032,-21656.8,42.8635,0.384778
7125000,60,270.283,-21634.8,50.4575,0.379167
7140000,60,257.169,-21613.9,64.2618,0.376733
7155000,67,293.427,-21624.2,76.5476,0.3784
7170000,63,266.716,-21612.2,66.5703,0.3892
7185000,56,240.454,-21678.7,55.4581,0.381013
7200000,61,274.832,-21633.3,42.3405,0.385
7215000,65,287.687,-21643.7,59.0926,0.377533
7230000,53,230.083,-21673.4,50.6411,0.374875
7245000,68,294.583,-21632,61.0579,0.389667
7260000,63,259.144,-21692.7,60.6081,0.382853
7275000,68,305.99,-21612.3,60.7234,0.396867
7290000,55,244.8,-21691.9,60.747,0.389417
7305000,69,311.942,-21618.3,66.6891,0.385433
7320000,70,321.206,-21606.7,63.1527,0.384667
7335000,66,283.695,-21596.7,80.0062,0.392867
7350000,68,301.349,-21596.4,72.985,0.384467
7365000,81,357.176,-21610.2,73.2685,0.3974
7380000,90,406.88,-21627.1,91.1974,0.402933
7395000,76,321.081,-21612.4,66.9463,0.404867
7410000,73,289.258,-21610.4,83.873,0.3896
7425000,82,347.648,-21632.9,96.146,0.388667
7440000,75,320.264,-21636.2,78.549,0.398667
7455000,80,341.104,-21640.7,77.9863,0.4006
7470000,89,396.996,-21609.5,89.4934,0.412867
7485000,68,310.128,-21611.2,81.4666,0.4034
7500000,74,316.392,-21599.5,89.4291,0.3852
7515000,80,353.636,-21632.6,89.9588,0.398
7530000,67,296.962,-21629.4,62.7405,0.3936
7545000,62,262.244,-21666.8,63.0125,0.385898
7560000,62,265.323,-21635.2,61.4026,0.3868
7575000,74,350.127,-21612.6,82.9117,0.381333
7590000,48,216.16,-21655.3,47.7958,0.378897
7605000,62,271.919,-21624.9,62.0213,0.3871
7620000,53,250.538,-21671.1,62.3599,0.3756
7635000,74,332.932,-21618.4,89.2984,0.398767
7650000,65,298.758,-21659.6,70.675,0.382667
7665000,56,247.132,-21665.7,58.1583,0.39095
7680000,56,256.182,-21659,60.9652,0.394
7695000,60,255.665,-21646,60.3649,0.3842
7710000,57,258.511,-21629,64.7613,0.372856
7725000,71,329.056,-21635.3,78.2474,0.38784
7740000,73,327,-21629.7,76.7928,0.399
7755000,78,341.547,-21640.4,82.0506,0.408067
7770000,72,305.722,-21630.3,55.1625,0.4086
7785000,61,284.831,-21630.9,68.343,0.37888
7800000,56,235.523,-21643.5,65.2737,0.390362
7815000,48,207.43,-21619.5,52.98,0.369667
7830000,60,249.308,-21657.6,64.4874,0.3578
7845000,54,240.012,-21657.7,51.205,0.39484
7860000,58,248.701,-21627.3,68.655,0.373467
7875000,52,221.632,-21665.5,47.95,0.372833
7890000,45,192.682,-21668.7,44.3003,0.362533
7905000,56,245.098,-21597.5,46.8616,0.369578
7920000,50,212.735,-21664.4,56.799,0.3742
7935000,54,235.383,-21657.4,51.6848,0.382667
7950000,56,249.893,-21656.7,52.6769,0.394667
7965000,57,252.846,-21645.7,48.6681,0.375483
7980000,56,231.723,-21703.7,66.8889,0.395339
7995000,47,209.391,-21677.9,49.4721,0.368444
8010000,62,278.299,-21615.1,50.3895,0.3708
8025000,58,246.251,-21620.8,58.1851,0.386133
8040000,42,171.721,-21692.3,51.3828,0.372711
8055000,58,256.1,-21627.5,51.9736,0.366367
8070000,59,255.022,-21630.7,62.1609,0.373733
8085000,53,220.709,-21644,46.9863,0.371867
8100000,57,246.056,-21614.9,51.7224,0.361667
8115000,54,235.111,-21638.6,54.6579,0.367533
8130000,55,240.975,-21636.7,46.7722,0.3572
8145000,56,248.619,-21644.9,50.946,0.3664
8160000,61,262.67,-21655.2,64.4517,0.357375
8175000,53,227.708,-21651,42.2294,0.371533
8190000,49,197.747,-21620.8,51.0567,0.358533
8205000,47,202.087,-21641.7,45.9441,0.3705
8220000,57,241.523,-21647.6,49.2307,0.380667
8235000,53,221.058,-21648.1,51.8368,0.3632
8250000,48,194.653,-21632.8,42.3025,0.359583
8265000,58,255.287,-21613.4,53.8956,0.362533
8280000,57,247.91,-21611.5,55.5094,0.368422
8295000,54,232.443,-21641.6,70.5284,0.363033
8310000,68,275.952,-21640.1,65.3516,0.3796
8325000,65,284.605,-21638.2,68.295,0.3886
8340000,65,288.116,-21645.2,67.8796,0.3718
8355000,68,286.883,-21647,61.7957,0.398333
8370000,69,289.179,-21604.1,76.8437,0.3844
8385000,50,224.484,-21657.5,45.054,0.390033
8400000,68,291.51,-21630.6,59.0657,0.380733
8415000,36,147.469,-21712.8,37.1692,0.372246
8430000,42,168.949,-21647.9,31.2782,0.372033
8445000,45,194.798,-21651.6,45.2707,0.352867
8460000,67,277.547,-21667.1,68.6802,0.391811
8475000,62,271.621,-21642.3,77.6762,0.399533
8490000,69,282.357,-21629.5,78.4473,0.384133
8505000,66,296.099,-21656.6,67.1317,0.384667
8520000,69,315.947,-21635.9,57.9165,0.377867
8535000,60,272.807,-21625,63.9686,0.3856
8550000,58,255.7,-21632.8,47.4538,0.387533
8565000,67,304.646,-21636.1,75.1239,0.398867
8580000,64,282.474,-21639.1,56.0512,0.395733
8595000,72,329.709,-21633.9,73.5143,0.3876
8610000,72,286.619,-21634.9,76.174,0.402333
8625000,65,272.582,-21608.4,85.7685,0.393733
8640000,69,305.477,-21619.1,78.3677,0.3858
8655000,64,282.299,-21681.4,56.8576,0.38155
8670000,66,289.092,-21633.8,82.2484,0.3935
8685000,40,166.924,-21651.5,52.7709,0.363746
8700000,46,193.449,-21650.7,52.2426,0.360733
8715000,76,342.193,-21624.3,93.1945,0.3892
8730000,50,219.263,-21704.3,62.2652,0.383387
8745000,65,282.224,-21704.8,63.8871,0.385
8760000,59,264.355,-21635.9,55.6562,0.384956
8775000,56,242.337,-21624.3,48.1226,0.367187
8790000,56,237.758,-21642.2,52.2221,0.376933
8805000,72,306.982,-21650.6,78.9771,0.393911
8820000,73,319.573,-21619.2,54.693,0.399667
8835000,53,239.558,-21633.5,62.8462,0.359356
8850000,63,287.758,-21640.5,72.454,0.396567
8865000,74,313.918,-21652.1,86.0826,0.393133
8880000,52,230.932,-21671,66.1737,0.390756
8895000,76,327.326,-21622.5,82.563,0.397933
8910000,81,378.111,-21624.2,80.2822,0.413733
8925000,80,360.635,-21646.2,74.1832,0.416933
8940000,74,318.954,-21629.6,70.1592,0.4006
8955000,63,290.174,-21693.8,63.2983,0.395187
8970000,58,253.634,-21628.9,60.8473,0.369504
8985000,69,291.965,-21642.7,65.4811,0.400244
9000000,65,282.743,-21642.6,69.4538,0.3939
9015000,62,255.893,-21620.8,64.4523,0.393367
9030000,70,314.727,-21629.7,62.1256,0.399867
9045000,64,273.45,-21633.1,81.8501,0.384711
9060000,67,293.095,-21624.4,69.3273,0.3738
9075000,68,282.451,-21611.9,73.9776,0.385667
9090000,56,226.458,-21655.3,56.5475,0.384267
9105000,68,289.536,-21650.3,53.2798,0.394933
9120000,76,331.425,-21620.4,66.8274,0.408067
9135000,71,303.831,-21610.3,58.2223,0.372867
9150000,55,239.361,-21660.9,60.1954,0.395595
9165000,62,281.285,-21639.6,59.2343,0.4008
9180000,68,293.802,-21651.6,69.2424,0.389867
9195000,72,322.345,-21649.5,72.3262,0.4052
9210000,61,258.957,-21659.1,79.2852,0.393617
9225000,55,244.878,-21620.4,54.2001,0.367156
9240000,66,292.256,-21621.3,66.6409,0.385467
9255000,64,283.843,-21633.5,61.5792,0.391067
9270000,63,282.288,-21654.9,50.587,0.384467
9285000,60,263.515,-21654.6,49.0996,0.388933
9300000,61,261.125,-21656.7,64.1483,0.3772
9315000,64,281.402,-21646.7,73.307,0.388
9330000,62,259.671,-21652.5,58.9844,0.386333
9345000,58,250.37,-21644.7,56.0629,0.397067
9360000,65,304.484,-21665.5,74.1091,0.386333
9375000,48,199.074,-21632,47.8567,0.368513
9390000,63,270.532,-21630.9,53.0723,0.377356
9405000,56,241.293,-21617,69.8639,0.3812
9420000,46,194.323,-21651.4,34.9903,0.384517
9435000,50,208.703,-21636.3,44.7303,0.3597
9450000,58,256.862,-21645.1,62.0271,0.3582
9465000,55,227.468,-21640.9,48.106,0.374467
9480000,58,256.773,-21625.2,66.4355,0.370067
9495000,55,245.409,-21680.3,63.0997,0.381267
9510000,55,233.775,-21640.6,64.2899,0.3811
9525000,55,255.033,-21665.5,52.922,0.381
9540000,57,248.458,-21649.9,74.4552,0.380633
9555000,59,243.149,-21640.4,44.1139,0.392667
9570000,60,268.306,-21649.1,56.1021,0.373533
9585000,53,229.051,-21674.8,54.3247,0.392133
9600000,61,275.018,-21668.7,55.4085,0.392
9615000,65,268.644,-21649.3,82.2315,0.386387
9630000,66,283.072,-21632.1,75.6681,0.3956
9645000,72,321.686,-21680.5,70.214,0.392956
9660000,79,349.351,-21687.2,84.5889,0.396
9675000,66,287.922,-21668.8,59.2663,0.4022
9690000,61,270.804,-21642.9,59.8058,0.382983
9705000,60,253.849,-21654.5,67.948,0.3814
9720000,66,273.38,-21645.5,49.9747,0.3958
9735000,69,294.479,-21631.5,51.2892,0.395467
9750000,60,255.581,-21634.6,59.5485,0.381267
9765000,60,247.031,-21631.5,62.6274,0.384133
9780000,53,233.898,-21678.4,51.073,0.383057
9795000,76,321.402,-21599.2,69.747,0.398233
9810000,73,330.254,-21615.9,73.6946,0.3984
9825000,66,292.139,-21615.2,62.8401,0.3984
9840000,61,251.478,-21644.5,55.9112,0.388867
9855000,60,248.225,-21623.3,70.6983,0.3808
9870000,58,244.741,-21640.2,55.9299,0.375667
9885000,39,159.134,-21682.3,43.0262,0.363761
9900000,58,249.712,-21639.7,66.2571,0.385867
9915000,47,210.935,-21626.2,45.7584,0.377267
9930000,49,226.033,-21660.6,62.0211,0.3712
9945000,64,282.553,-21659.7,65.3191,0.38237
9960000,49,212.372,-21647.4,50.5488,0.3789
9975000,40,167.343,-21640.4,26.9237,0.359133
9990000,53,228.134,-21650.6,42.3467,0.3546
10005000,46,201.267,-21645.8,53.0944,0.3726
10020000,66,283.15,-21667.4,85.842,0.391307
10035000,56,254.967,-21662.9,48.5935,0.377567
10050000,40,175.063,-21693.5,41.2362,0.3975
10065000,43,178.141,-21666.7,36.7976,0.380722
10080000,41,183.382,-21651.5,51.9412,0.380244
10095000,40,164.842,-21688.3,45.3871,0.380822
10110000,45,202.835,-21676.3,37.622,0.380889
10125000,45,195.101,-21696.6,48.8259,0.380467
10140000,46,204.067,-21716.2,38.0739,0.3862
10155000,47,205.39,-21672.6,44.735,0.375244
10170000,49,223.042,-21682.6,41.8792,0.372467
10185000,53,246.849,-21662.6,61.3776,0.366562
10200000,61,264.54,-21656.7,47.2085,0.380156
10215000,60,282.185,-21648.3,44.1406,0.377633
10230000,58,263.77,-21646.8,48.9273,0.389467
10245000,65,292.625,-21632.2,68.5007,0.400444
10260000,65,281.939,-21628.9,69.4279,0.3875
10275000,60,265.487,-21643.3,69.5786,0.392933
10290000,79,332.19,-21603.7,70.4672,0.395978
10305000,69,304.234,-21630.8,69.3667,0.397933
10320000,70,300.102,-21634.6,67.2145,0.3988
10335000,53,220.759,-21685.5,65.9981,0.385636
10350000,72,313.94,-21623,79.3441,0.4008
10365000,64,268.522,-21604.6,60.8335,0.391533
10380000,74,325.148,-21619,80.6572,0.395467
10395000,80,349.508,-21621.3,88.5691,0.3992
10410000,67,299.135,-21626.4,65.3773,0.383785
10425000,87,373.278,-21616.9,100.415,0.4147
10440000,81,350.25,-21623.7,71.7974,0.412
10455000,81,335.493,-21626.6,79.8265,0.404733
10470000,66,295.714,-21641,58.2019,0.397
10485000,60,282.595,-21669.9,68.8783,0.396813
10500000,55,241.313,-21635.5,59.4833,0.385833
10515000,66,275.515,-21626.1,59.6323,0.396311
10530000,60,264.045,-21642,80.6431,0.407
10545000,57,245.258,-21611.1,53.4589,0.3826
10560000,60,272.904,-21645.7,61.2,0.395267
10575000,51,230.712,-21668.6,52.2627,0.395844
10590000,56,247.077,-21663.1,48.5465,0.390933
10605000,64,292.739,-21652.9,67.0556,0.402775
10620000,51,230.186,-21642.2,48.1383,0.3919
10635000,67,303.198,-21640.7,70.0171,0.396613
10650000,56,240.124,-21632.7,67.5824,0.384
10665000,47,206.122,-21669.6,51.4388,0.38835
10680000,58,251.07,-21654.6,67.6409,0.385067
10695000,62,259.816,-21626.6,73.6968,0.391333
10710000,65,279.149,-21657.4,79.3815,0.397833
10725000,63,276.243,-21653.7,59.438,0.396133
10740000,67,312.843,-21652,76.013,0.4037
10755000,59,254.607,-21647.6,50.8929,0.387637
10770000,60,239.691,-21642,67.5643,0.398533
10785000,88,404.272,-21625.8,80.8661,0.403267
10800000,83,348.329,-21624.6,76.4091,0.411067
10815000,73,331.255,-21631.6,85.7776,0.399733
10830000,47,211.548,-21658.8,51.5812,0.385667
10845000,64,275.835,-21623.7,76.2029,0.3937
10860000,52,232.25,-21688,44.3406,0.392667
10875000,66,285.979,-21637.4,53.3709,0.402967
10890000,56,250.944,-21631.3,61.1202,0.380442
10905000,63,265.521,-21655.9,59.7839,0.392933
10920000,71,311.04,-21641.6,71.4661,0.376667
10935000,74,328.342,-21641.6,64.1977,0.387667
10950000,68,294.564,-21639.2,65.9328,0.399533
10965000,67,288.618,-21644.8,61.7714,0.393133
10980000,69,295.794,-21640.5,75.2481,0.379733
10995000,72,314.222,-21633.8,68.9081,0.380267
11010000,53,221.868,-21668.7,46.804,0.385489
11025000,74,317.807,-21637.5,79.052,0.393633
11040000,84,373.36,-21636,99.422,0.415133
11055000,66,274.102,-21647,60.5559,0.386067
11070000,63,254.923,-21641.8,62.9052,0.394267
11085000,79,341.493,-21638.3,77.3928,0.4102
11100000,46,200.246,-21667.9,41.8501,0.376244
11115000,76,335.764,-21612.2,69.2555,0.399467
11130000,63,266.097,-21621.7,68.6184,0.385133
11145000,41,184.031,-21675.1,38.5435,0.361422
11160000,65,276.961,-21623.2,65.7315,0.377633
11175000,49,223.243,-21677.6,48.7304,0.371432
11190000,59,252.068,-21625.4,52.8555,0.3812
11205000,62,267.611,-21641.6,58.0112,0.380333
11220000,54,237.602,-21666.2,59.8487,0.381427
11235000,76,332.528,-21611.7,79.9387,0.38955
11250000,83,372.937,-21631,85.548,0.416933
11265000,79,338.358,-21651.8,75.3719,0.403
11280000,82,361.213,-21640.8,91.3794,0.399533
11295000,80,349.278,-21660.4,77.1657,0.414667
11310000,70,309.212,-21643.8,69.8546,0.396267
11325000,72,331.955,-21642.5,73.014,0.39376
11340000,54,244.518,-21654.1,45.8632,0.398933
11355000,50,221.735,-21668.1,68.5982,0.394667
11370000,49,216.624,-21646.4,45.9064,0.363333
11385000,53,230.985,-21659.3,53.8335,0.3778
11400000,63,287.02,-21644.1,62.8866,0.3761
11415000,65,283.54,-21641.3,54.767,0.383867
11430000,75,336.451,-21621.5,73.2499,0.396867
11445000,70,305.423,-21655.9,73.6699,0.38105
11460000,72,311.258,-21634.6,70.7036,0.398867
11475000,69,295.357,-21653.5,72.7503,0.3958
11490000,80,347.62,-21622,82.356,0.406017
11505000,83,367.219,-21606,91.7638,0.402467
11520000,82,361.117,-21632.7,99.939,0.4108
11535000,48,212.801,-21691.2,44.7485,0.387016
11550000,82,365.331,-21619.5,76.616,0.398467
11565000,77,334.141,-21618,89.4678,0.4024
11580000,68,310.252,-21615.7,69.945,0.393667
11595000,73,317.428,-21627.9,74.6149,0.3928
11610000,66,273.924,-21624,76.9885,0.3954
11625000,50,224.475,-21666.8,59.5564,0.393413
11640000,68,293.186,-21637.1,68.1767,0.382933
11655000,62,253.271,-21644,65.6133,0.390067
11670000,55,243.36,-21687.7,66.1194,0.38857
11685000,59,249.359,-21641.4,56.4766,0.399
11700000,70,291.439,-21636,65.9226,0.387733
11715000,59,236.752,-21661.1,56.1908,0.383278
11730000,53,234.168,-21666.3,59.1048,0.3998
11745000,55,247.745,-21670.4,57.8974,0.383844
11760000,55,236.007,-21679,56.6892,0.378867
11775000,69,300.707,-21637.3,58.1899,0.389
11790000,54,221.749,-21654.8,49.8239,0.378667
11805000,68,290.337,-21609.9,67.478,0.383667
11820000,71,299.517,-21633.2,92.143,0.389133
11835000,73,311.488,-21614.8,65.215,0.3946
11850000,79,348.621,-21640.5,78.5172,0.394267
11865000,70,300.216,-21621.4,60.1619,0.391333
11880000,63,256.037,-21661.7,66.3588,0.383183
11895000,67,289.822,-21618.9,70.437,0.3865
11910000,58,262.999,-21669.1,63.6778,0.394033
11925000,65,269.961,-21643.7,65.4366,0.3894
11940000,64,269.817,-21668.7,65.6506,0.392933
11955000,73,313.357,-21630.5,86.9661,0.3931
11970000,63,282.31,-21655.4,54.9033,0.38657
11985000,68,306.593,-21645.2,62.8707,0.411867
12000000,66,300.049,-21643.8,80.3233,0.401467
12015000,63,283.377,-21628.4,62.8949,0.389833
12030000,77,345.598,-21628.1,73.5693,0.391333
12045000,59,248.994,-21636.8,60.8172,0.390867
12060000,64,273.549,-21635.8,62.5576,0.375333
12075000,62,255.507,-21647.7,60.4739,0.392489
12090000,59,250.316,-21638.3,60.8483,0.369667
12105000,56,245.597,-21651.8,59.5737,0.382467
12120000,58,262.454,-21664.8,63.8388,0.385267
12135000,64,283.699,-21659,77.2029,0.394496
12150000,58,251.346,-21660.4,59.3066,0.380533
12165000,62,269.586,-21659.2,55.1244,0.3966
12180000,58,249.101,-21663.9,73.9434,0.393222
12195000,61,268.608,-21639.6,52.6679,0.389933
12210000,71,317.139,-21647,64.5266,0.384467
12225000,55,235.967,-21630.1,52.2583,0.384
12240000,55,234.513,-21629.7,54.599,0.385233
12255000,66,282.624,-21605.6,66.0329,0.3806
12270000,60,251.594,-21616.5,62.6672,0.3748
12285000,55,240.55,-21676.3,69.9047,0.383333
12300000,64,292.278,-21643,72.0102,0.387367
12315000,58,259.847,-21642.5,64.4234,0.369333
12330000,83,377.134,-21632.7,75.0028,0.3838
12345000,85,372.84,-21620,81.6697,0.407467
12360000,86,380.531,-21631.6,76.2463,0.4082
12375000,77,326.123,-21609.2,77.9387,0.406267
12390000,69,281.801,-21628.7,59.0175,0.397467
12405000,51,218.523,-21663.7,53.9866,0.370893
12420000,66,277.737,-21620.1,68.1539,0.393933
12435000,56,250.494,-21664.7,73.7482,0.388567
12450000,69,307.484,-21613.1,69.0002,0.384733
12465000,65,273.022,-21642.5,65.029,0.3956
12480000,68,273.417,-21632.1,74.6011,0.3852
12495000,52,228.132,-21650.8,69.7588,0.383167
12510000,53,243.262,-21671.4,46.1528,0.390533
12525000,42,182.718,-21662.8,55.8312,0.3716
12540000,61,265.353,-21640.1,60.7649,0.3857
12555000,59,262.952,-21647.9,65.4977,0.371707
12570000,52,234.726,-21667.3,49.812,0.366133
12585000,55,248.033,-21620.9,70.5455,0.382022
12600000,56,235.774,-21634.7,58.4307,0.384267
12615000,59,258.768,-21682.4,63.7696,0.389133
12630000,59,263.74,-21682.1,45.9216,0.398467
12645000,58,239.717,-21662.9,59.8797,0.37756
12660000,56,250.664,-21658.7,52.9584,0.381933
12675000,71,320.071,-21647.1,64.1536,0.386533
12690000,72,298.94,-21634.5,75.5634,0.398267
12705000,65,268.464,-21638.7,76.6828,0.404267
12720000,58,246.397,-21648.9,45.7205,0.3833
12735000,57,237.579,-21624.1,50.8065,0.382785
12750000,59,233.374,-21668.6,85.9281,0.395767
12765000,69,309.215,-21673.8,55.9094,0.394017
12780000,73,308.077,-21627.8,85.6817,0.405333
12795000,60,267.441,-21633.5,72.193,0.391533
12810000,53,241.904,-21630,48.413,0.38564
12825000,53,225.06,-21625.9,65.3139,0.371667
12840000,60,259.85,-21653.5,57.0954,0.390267
12855000,76,324.424,-21696.8,80.3657,0.400905
12870000,79,356.863,-21626.5,69.3272,0.4074
12885000,58,248.997,-21697.3,50.2429,0.4214
12900000,67,298.347,-21627.3,76.9648,0.401667
12915000,61,265.037,-21659.5,78.4804,0.395133
12930000,64,259.745,-21641,68.2854,0.3856
12945000,50,216.472,-21664.8,36.6988,0.388667
12960000,65,273.644,-21654.4,63.8209,0.3995
12975000,45,192.551,-21698.5,33.8092,0.386122
12990000,63,259.619,-21659.2,56.9786,0.393567
13005000,52,212.454,-21658.7,50.1207,0.3712
13020000,53,221.326,-21646.1,57.6836,0.38952
13035000,47,197.718,-21669.7,47.341,0.379533
13050000,55,222.064,-21655.9,51.9548,0.383067
13065000,56,228.195,-21672.7,72.0738,0.380417
13080000,59,255.197,-21660.7,58.7651,0.384067
13095000,53,236.592,-21686.2,52.726,0.374583
13110000,66,280.738,-21651.5,51.451,0.393433
13125000,57,248.763,-21650.3,51.2126,0.386587
13140000,55,229.894,-21681.7,63.2865,0.385356
13155000,70,314.137,-21626.7,71.2203,0.389356
13170000,69,300.736,-21620.2,70.4815,0.3972
13185000,57,265.211,-21651.3,52.9555,0.3872
13200000,50,218.455,-21630.6,46.8668,0.3762
13215000,59,258.958,-21626.7,64.3386,0.382867
13230000,57,251.169,-21677.8,67.994,0.381456
13245000,57,244.308,-21647.9,46.9137,0.382333
13260000,61,254.006,-21642,60.1359,0.386267
13275000,60,261.383,-21649.5,60.2419,0.4054
13290000,58,263.125,-21645.2,46.2885,0.379733
13305000,53,227.458,-21664.9,58.5995,0.387733
13320000,47,198.328,-21658.5,46.3274,0.3664
13335000,61,260.529,-21656.1,57.6187,0.3794
13350000,61,261.941,-21646.1,59.0936,0.3868
13365000,60,270.973,-21652.3,53.8165,0.3854
13380000,56,248.033,-21653.9,51.8404,0.370267
13395000,61,240.012,-21645.2,61.281,0.3646
13410000,47,210.615,-21673.6,49.1464,0.387695
13425000,52,225.213,-21670.7,58.6168,0.387
13440000,47,186.915,-21654.5,47.2893,0.368911
13455000,59,241.637,-21685,83.3526,0.388067
13470000,67,281.674,-21647.1,74.7169,0.3746
13485000,56,248.826,-21651,64.8746,0.392167
13500000,57,236.287,-21647.2,60.129,0.383567
13515000,74,321.641,-21663.4,78.2896,0.3888
13530000,54,236.92,-21671.3,68.9503,0.385267
13545000,50,213.48,-21666.7,38.8231,0.398633
13560000,53,217.439,-21661.8,66.6255,0.361633
13575000,55,236.686,-21642.5,53.5709,0.3766
13590000,60,258.165,-21657.5,57.9268,0.3932
13605000,57,249.251,-21638.7,62.4546,0.392383
13620000,54,229.356,-21663.6,46.0402,0.387067
13635000,54,242.962,-21635.1,58.5849,0.381467
13650000,56,242.1,-21639.7,64.8916,0.394667
13665000,66,279.385,-21639.6,64.0945,0.384467
13680000,39,161.406,-21708.3,31.7999,0.369282
13695000,69,294.82,-21639.4,67.7919,0.390833
13710000,65,265.796,-21636.8,73.8244,0.397733
13725000,66,291.37,-21630,68.4143,0.383667
13740000,65,293.84,-21640.2,71.9392,0.396067
13755000,64,277.464,-21646.9,63.4818,0.392467
13770000,61,267.453,-21639.8,65.7019,0.3916
13785000,58,244.169,-21644.2,55.6141,0.367708
13800000,60,263.259,-21635.7,59.4605,0.3897
13815000,50,209.271,-21635,48.6024,0.389133
13830000,57,252.325,-21650.5,46.4121,0.389933
13845000,63,275.914,-21644.3,55.2277,0.3788
13860000,73,315.013,-21657,62.7486,0.4054
13875000,71,303.136,-21657.5,73.0512,0.424733
13890000,73,321.793,-21657.2,83.7264,0.402533
13905000,59,256.662,-21678.3,65.8622,0.403867
13920000,57,255.366,-21652.6,62.8197,0.389267
13935000,65,285.793,-21673.8,64.9225,0.400533
13950000,49,198.924,-21640.4,62.2776,0.3788
13965000,35,153.66,-21714.3,39.3659,0.369502
13980000,46,191.061,-21649.1,49.7221,0.357433
13995000,50,210.428,-21643.3,41.3086,0.355
14010000,55,223.713,-21646.5,50.7221,0.375133
14025000,48,210.934,-21666.2,42.5963,0.3824
14040000,55,231.401,-21653.1,60.245,0.3767
14055000,63,265.338,-21665.6,61.3661,0.388167
14070000,58,258.4,-21660.6,63.6739,0.381767
14085000,73,328.6,-21662.9,82.522,0.4025
14100000,49,203.11,-21675.2,42.9593,0.3756
14115000,60,266.823,-21663.1,53.8554,0.385087
14130000,48,210.934,-21632.7,59.8495,0.377311
14145000,49,207.653,-21655.7,62.7587,0.380033
14160000,60,255.485,-21634.3,55.5326,0.383733
14175000,62,269.516,-21658.9,58.567,0.387033
14190000,53,231.767,-21679.9,50.1373,0.4008
14205000,76,344.88,-21646.9,78.0277,0.401178
14220000,59,240.282,-21646.7,46.8594,0.365908
14235000,67,302.441,-21645.3,62.8361,0.408667
14250000,50,210.234,-21625.1,46.0961,0.382133
14265000,54,239.648,-21652.4,50.426,0.378289
14280000,65,284.261,-21645.7,82.6609,0.3848
14295000,54,228.659,-21677.9,68.5325,0.387029
14310000,64,284.754,-21637.3,67.1891,0.390767
14325000,68,294.281,-21633.5,70.1901,0.3918
14340000,74,305.131,-21624.6,74.8615,0.386267
14355000,64,273.08,-21634.1,56.9856,0.396
14370000,63,275.625,-21646.2,69.5205,0.393
14385000,65,272.409,-21625.1,75.619,0.383867
14400000,52,225.419,-21681.5,51.748,0.38619
14415000,64,292.957,-21633.6,84.5357,0.3999
14430000,63,252.507,-21648.6,59.4873,0.400933
14445000,66,281.069,-21647.3,57.9385,0.403867
14460000,55,241.309,-21647.4,51.9636,0.363031
14475000,62,255.945,-21643.8,62.3812,0.3929
14490000,52,219.993,-21687.5,69.933,0.374767
14505000,56,243.007,-21678,57.9864,0.383533
14520000,58,254.031,-21641.6,52.5403,0.364183
14535000,61,252.117,-21639.3,70.525,0.380333
14550000,61,261.544,-21672.5,52.179,0.391013
14565000,55,252.858,-21666.9,53.3822,0.378267
14580000,45,180.481,-21666.2,47.9598,0.3906
14595000,61,268.528,-21635.8,67.0117,0.3848
14610000,59,278.589,-21656,57.3352,0.388333
14625000,67,298.088,-21632.6,62.4737,0.389467
14640000,62,271.592,-21678.9,50.5561,0.3963
14655000,58,258.998,-21633.2,57.1329,0.389633
14670000,49,208.702,-21654.9,51.7724,0.367459
14685000,58,230.383,-21629.4,50.3248,0.3642
14700000,59,252.016,-21647.2,55.1189,0.365933
14715000,55,234.342,-21685.4,50.4374,0.378093
14730000,54,228.487,-21647.8,60.9919,0.3756
14745000,59,258.899,-21642.3,49.9367,0.3773
14760000,55,247.803,-21620.2,43.4248,0.3872
14775000,55,238.817,-21658.4,57.9788,0.3748
14790000,59,243.365,-21646.9,52.6576,0.365333
14805000,58,243.823,-21669.6,61.8345,0.376
14820000,50,217.074,-21643.6,40.4196,0.3618
14835000,52,239.041,-21639.5,57.7197,0.367733
14850000,63,276.213,-21638.5,72.397,0.378067
14865000,61,273.055,-21648.4,59.195,0.386067
14880000,56,236.422,-21654.1,49.7279,0.371022
14895000,50,216.635,-21661.7,34.2684,0.379633
14910000,58,265.387,-21675.5,59.3526,0.382733
14925000,59,259.811,-21635,78.1424,0.373978
14940000,53,218.978,-21649.5,68.9437,0.388476
14955000,47,190.4,-21660.3,38.0518,0.347133
14970000,47,205.001,-21672.1,45.4178,0.3905
14985000,45,192.039,-21636,60.0993,0.350467
15000000,58,241.701,-21649.7,50.5161,0.3782
15015000,63,279.527,-21624.8,77.0407,0.3595
15030000,58,260.793,-21619.6,69.5277,0.374867
15045000,63,267.27,-21645.1,44.6148,0.380933
15060000,64,272.021,-21641.1,77.5496,0.401133
15075000,66,290.381,-21644.8,69.2859,0.380457
15090000,56,245.661,-21671.8,50.616,0.3882
15105000,66,283.087,-21690.3,57.8534,0.3994
15120000,53,232.061,-21687.4,59.5404,0.4036
15135000,63,282.56,-21640.6,62.1465,0.368143
15150000,60,289.131,-21654.5,48.7768,0.391489
15165000,72,303.858,-21602.2,62.9645,0.391867
15180000,67,299.171,-21627.8,62.8625,0.400233
15195000,71,304.973,-21630.7,68.3054,0.3938
15210000,67,293.184,-21618.5,58.5213,0.391933
15225000,66,276.612,-21615.1,57.7559,0.4084
15240000,76,327.134,-21623.7,80.2189,0.395467
15255000,63,265.913,-21632.9,69.1623,0.376167
15270000,78,345.751,-21643,73.9931,0.387467
15285000,57,244.35,-21640.9,57.9305,0.372767
15300000,55,241.094,-21652.6,72.4641,0.392572
15315000,74,328.998,-21641.5,83.0197,0.3966
15330000,75,331.571,-21624.2,76.1439,0.3866
15345000,60,248.673,-21638.4,51.7805,0.387867
15360000,63,267.649,-21647.2,68.8079,0.389267
15375000,52,223.533,-21642,56.6643,0.369344
15390000,54,225.009,-21630.9,57.1649,0.352
15405000,55,237.921,-21635.8,55.5644,0.356467
15420000,67,300.321,-21606.3,71.1089,0.379333
15435000,60,261.204,-21612.6,69.3513,0.369867
15450000,52,247.305,-21644.9,51.9678,0.379233
15465000,62,269.304,-21651.7,69.172,0.3906
15480000,55,229.948,-21644.1,65.4127,0.385552
15495000,62,257.847,-21642.8,59.5668,0.373517
15510000,52,223.783,-21640.3,55.0169,0.378433
15525000,56,244.399,-21649.6,50.0606,0.3792
15540000,61,264.118,-21657.9,73.5064,0.3873
15555000,51,232.053,-21674,51.4403,0.374567
15570000,68,282.555,-21618.1,60.7755,0.371756
15585000,53,227.287,-21641.4,59.447,0.387711
15600000,79,344.337,-21638.6,80.2929,0.3841
15615000,62,279.198,-21643.8,83.2359,0.380133
15630000,66,279.803,-21629,66.4903,0.397067
15645000,62,266.691,-21673.4,52.0724,0.379556
15660000,61,262.32,-21636.6,68.1723,0.374033
15675000,62,287.262,-21642.8,58.2738,0.375667
15690000,48,215.026,-21665.8,44.6994,0.379689
15705000,55,231.696,-21653.5,67.5546,0.382256
15720000,62,264.161,-21625.6,78.2632,0.376911
15735000,56,228.84,-21675.8,50.7301,0.3834
15750000,65,264.801,-21651.5,56.4125,0.382667
15765000,56,246.37,-21681.3,57.9318,0.37444
15780000,64,270.168,-21640.6,72.0594,0.374183
15795000,63,293.143,-21667.9,54.1778,0.382833
15810000,57,248.604,-21655.3,65.6989,0.383667
15825000,75,309.711,-21633.9,73.7497,0.38884
15840000,83,346.579,-21656.1,83.5706,0.4102
15855000,65,285.383,-21663.3,59.2629,0.3986
15870000,60,256.698,-21616.3,64.0875,0.386183
15885000,61,260.621,-21609.6,52.46,0.3778
15900000,57,253.827,-21654.3,54.6672,0.380822
15915000,56,239.511,-21624,50.5907,0.368533
15930000,55,231.081,-21662.7,47.778,0.381433
15945000,60,274.443,-21636.3,58.0369,0.385
15960000,65,299.548,-21639.5,68.0866,0.3938
15975000,64,267.509,-21626.2,70.4424,0.382683
15990000,65,280.943,-21628.4,77.9722,0.383933
16005000,54,227.84,-21655.8,62.6462,0.391612
16020000,62,267.581,-21642.3,51.6827,0.397067
16035000,62,255.674,-21662.1,56.7443,0.3897
16050000,54,231.949,-21626.1,61.8755,0.3976
16065000,57,246.378,-21660.3,66.212,0.402333
16080000,48,206.725,-21657.4,46.7931,0.383733
16095000,63,277.345,-21659.1,57.4021,0.3868
16110000,57,261.448,-21646.9,70.1092,0.3892
16125000,65,278.771,-21672.1,73.4414,0.381444
16140000,63,270.027,-21665.5,46.2667,0.397111
16155000,58,246.601,-21650.4,70.3107,0.3884
16170000,58,254.517,-21657.3,49.8167,0.394867
16185000,61,280.667,-21634.5,71.3337,0.3942
16200000,64,273.878,-21640.4,69.0326,0.389333
16215000,56,235.782,-21670.1,38.6996,0.379611
16230000,62,274.008,-21618.2,62.0141,0.373067
16245000,57,247.512,-21633.7,53.0277,0.390733
16260000,68,303.662,-21645.9,66.7121,0.387717
16275000,63,280.77,-21636.8,67.6302,0.3894
16290000,64,285.097,-21663,61.7013,0.3918
16305000,65,263.852,-21622.4,71.3843,0.39792
16320000,65,275.165,-21630.3,72.4418,0.3836
16335000,63,273.52,-21637.7,58.79,0.394383
16350000,57,265.988,-21647.5,65.7071,0.394933
16365000,69,303.981,-21636.9,81.3023,0.3954
16380000,45,186.179,-21671.4,51.7052,0.372217
16395000,57,229.224,-21652.1,43.3484,0.391667
16410000,54,233.008,-21654.5,53.6447,0.383867
16425000,58,255.841,-21673.9,60.4903,0.3742
16440000,59,249.017,-21667.7,60.3146,0.394067
16455000,52,222.191,-21649.1,42.7007,0.373933
16470000,68,298.698,-21660.1,58.732,0.382833
16485000,56,233.659,-21647.1,46.0301,0.380033
16500000,55,240.359,-21648.3,46.2679,0.374067
16515000,58,264.747,-21634.7,47.3443,0.378533
16530000,62,248.775,-21642.2,72.456,0.397333
16545000,61,268.545,-21621.8,53.2753,0.383067
16560000,69,294.176,-21618.5,72.9842,0.381067
16575000,63,287.037,-21636.2,63.4009,0.388267
16590000,64,284.438,-21634.4,56.774,0.384183
16605000,68,290.816,-21643,83.6387,0.404933
16620000,58,261.314,-21647.6,58.7684,0.397
16635000,62,283.508,-21638.9,73.0637,0.383951
16650000,52,232.02,-21632.8,56.082,0.374533
16665000,54,233.914,-21651,50.9735,0.3688
16680000,70,311.776,-21626.9,69.1814,0.386667
16695000,63,264.743,-21661.6,64.2414,0.39364
16710000,49,222.173,-21662.6,50.3572,0.370978
16725000,66,284.468,-21622.2,71.3157,0.377178
16740000,68,304.044,-21626,74.5837,0.3876
16755000,61,252.012,-21618.5,59.3313,0.383933
16770000,51,217.167,-21647.4,62.1277,0.37968
16785000,73,328.98,-21635.2,69.5989,0.3926
16800000,70,316.669,-21626.2,63.2928,0.3842
16815000,77,350.694,-21629.9,70.8902,0.396533
16830000,86,387.322,-21608.1,86.3722,0.4032
16845000,78,336.026,-21618,81.2528,0.415467
16860000,88,388.108,-21602.8,100.012,0.4022
16875000,93,431.774,-21601.1,101.656,0.410133
16890000,86,380.619,-21618.9,93.6051,0.410867
16905000,72,320.902,-21626.3,77.6244,0.39545
16920000,67,288.883,-21632.6,56.1655,0.398067
16935000,71,320.705,-21624,79.3001,0.401044
16950000,76,330.952,-21602.1,84.4366,0.404267
16965000,75,337.667,-21641.2,72.3011,0.403167
16980000,84,367.537,-21637.3,72.5514,0.3886
16995000,64,270.898,-21615.7,69.0705,0.3979
17010000,77,348.48,-21614.2,74.1923,0.405
17025000,67,298.816,-21606.1,61.0736,0.399733
17040000,70,321.121,-21622.7,56.9201,0.398467
17055000,64,274.443,-21635.1,81.9741,0.368768
17070000,71,310.98,-21634.2,67.8798,0.401433
17085000,80,353.131,-21620.8,68.7427,0.412467
17100000,74,327.906,-21610.4,69.6642,0.40705
17115000,67,293.816,-21618.8,73.8081,0.381467
17130000,62,268.696,-21634.6,58.1943,0.399689
17145000,66,299.221,-21625.4,84.2706,0.389867
17160000,63,286.446,-21629.5,68.0263,0.3948
17175000,66,286.928,-21605.7,77.8781,0.3942
17190000,65,282.548,-21645.6,64.2359,0.392
17205000,52,227.513,-21634.6,51.4177,0.385022
17220000,58,242.081,-21636.7,47.1598,0.3744
17235000,65,284.078,-21644.3,67.7185,0.389767
17250000,67,308.175,-21626.9,67.9637,0.411
17265000,56,226.422,-21646.9,56.3548,0.377422
17280000,55,231.549,-21632.8,48.2107,0.3684
17295000,60,267.143,-21612.1,72.037,0.375644
17310000,56,236.28,-21643.4,57.9049,0.368043
17325000,61,268.505,-21655,44.2719,0.389167
17340000,56,253.079,-21640.2,66.3604,0.38205
17355000,58,247.435,-21656.2,63.0094,0.390167
17370000,57,244.056,-21646,62.6712,0.360933
17385000,54,233.235,-21652.8,45.5296,0.380689
17400000,52,221.129,-21637.6,50.25,0.360322
17415000,60,254.998,-21634.2,57.3262,0.383933
17430000,48,205.371,-21674.4,39.6823,0.365883
17445000,74,317.194,-21672.2,72.0221,0.387783
17460000,76,339.97,-21651.6,76.3579,0.4044
17475000,58,263.683,-21654,59.5398,0.3976
17490000,58,244.419,-21647.7,52.9536,0.374233
17505000,79,344.279,-21639.9,79.3627,0.380722
17520000,65,283.264,-21635.8,62.2248,0.393
17535000,63,269.76,-21654.6,55.382,0.396117
17550000,65,299.926,-21648.4,58.7169,0.398433
17565000,66,294.516,-21632.4,70.3407,0.382533
17580000,69,316.845,-21631.3,72.6745,0.393867
17595000,68,306.437,-21619.6,68.8406,0.379733
17610000,74,315.312,-21606.8,83.5918,0.389867
17625000,71,313.249,-21630.4,62.7148,0.378689
17640000,66,277.086,-21621,60.8224,0.387173
17655000,71,309.444,-21626,73.5122,0.386311
17670000,66,289.608,-21631,55.9959,0.389067
17685000,77,339.622,-21616.3,62.0672,0.385267
17700000,70,290.631,-21641,73.5469,0.375567
17715000,70,308.444,-21630.8,61.9016,0.3868
17730000,71,329.387,-21616.7,72.3729,0.397956
17745000,75,339.643,-21634.2,69.982,0.404733
17760000,79,356.243,-21622.4,74.7344,0.405533
17775000,53,230.996,-21660.3,63.1068,0.382387
17790000,54,231.697,-21647.6,57.1345,0.373733
17805000,68,304.906,-21670.3,73.6103,0.400911
17820000,55,242.302,-21610,49.8985,0.379838
17835000,62,270.393,-21610.5,49.1395,0.381133
17850000,52,227.111,-21659,48.1801,0.3822
17865000,55,230.457,-21649.7,49.0636,0.388067
17880000,56,250.639,-21672.3,56.8703,0.377978
17895000,61,265.824,-21644.1,57.3435,0.387733
17910000,53,240.207,-21641.1,46.8566,0.379733
17925000,75,348.744,-21637.7,68.6381,0.398233
17940000,93,419.282,-21652.3,100.034,0.420267
17955000,73,337.631,-21631.3,68.9722,0.392333
17970000,57,250.94,-21648.9,64.0684,0.376133
17985000,51,224.381,-21673.1,51.937,0.382956
18000000,62,267.925,-21626.6,54.674,0.372033
18015000,73,311.35,-21619,71.2048,0.380533
18030000,69,299.708,-21610.5,56.9794,0.393067
18045000,70,323.956,-21632.1,54.0263,0.3878
18060000,66,298.362,-21640.2,66.7388,0.397067
18075000,75,333.507,-21640.2,78.2406,0.3934
18090000,73,330.786,-21622.9,62.211,0.402467
18105000,57,256.637,-21693.5,42.8209,0.395739
18120000,70,313.187,-21645.8,64.867,0.389233
18135000,65,291.003,-21654.7,61.1996,0.395993
18150000,53,223.559,-21655.7,49.1443,0.375422
18165000,61,271.898,-21665.1,54.6499,0.394067
18180000,60,271.976,-21641.2,67.8289,0.385917
18195000,54,244.678,-21650.2,50.7192,0.376044
18210000,74,325.458,-21671.5,93.0785,0.3806
18225000,53,219.767,-21648.9,56.5795,0.3731
18240000,45,198.289,-21692.5,42.9698,0.3841
18255000,53,211.346,-21654.5,47.268,0.373507
18270000,65,283.265,-21654.5,55.5028,0.372378
18285000,62,252.059,-21651.8,47.7696,0.389133
18300000,75,332.923,-21631.9,64.4137,0.390867
18315000,75,318.27,-21634.1,69.431,0.406
18330000,58,254.146,-21668.5,62.8363,0.37776
18345000,63,270.878,-21642,65.0317,0.395967
18360000,63,269.891,-21682.8,72.3066,0.384942
18375000,50,207.43,-21656.7,57.0423,0.379267
18390000,49,195.147,-21644.2,54.1056,0.3568
18405000,60,251.557,-21656.7,71.3462,0.380867
18420000,64,287.802,-21633.4,57.6062,0.381867
18435000,66,299.017,-21639.2,61.4415,0.393467
18450000,73,327.127,-21629.5,69.4448,0.382792
18465000,41,184.119,-21692.1,37.1302,0.381238
18480000,76,326.328,-21638.3,90.0763,0.392556
18495000,85,380.628,-21647.2,73.5388,0.398333
18510000,67,291.87,-21640.4,70.3953,0.4056
18525000,61,279.65,-21672.1,65.7432,0.396213
18540000,57,250.798,-21642,61.248,0.385
18555000,68,307.024,-21626,71.8891,0.373
18570000,71,318.439,-21616.5,93.7063,0.384
18585000,59,270.897,-21635,56.1319,0.374933
18600000,62,269.852,-21621,65.3144,0.3874
18615000,65,302.236,-21640.8,65.5321,0.381533
18630000,60,264.534,-21654.2,51.9518,0.387333
18645000,61,263.139,-21673.7,56.8036,0.386411
18660000,69,286.114,-21652.9,76.8884,0.382567
18675000,70,301.066,-21625.5,70.2448,0.39
18690000,70,309.776,-21642.6,66.6004,0.391733
18705000,62,266.132,-21658.4,59.2539,0.384422
18720000,58,253.738,-21636.6,71.6239,0.370033
18735000,63,282.391,-21638.5,72.8413,0.369667
18750000,70,320.077,-21625.4,76.6848,0.384933
18765000,61,252.248,-21630.9,70.8801,0.389467
18780000,50,222.475,-21664,45.9759,0.387941
18795000,81,357.035,-21616,76.4519,0.3823
18810000,95,422.782,-21599.2,119.962,0.407267
18825000,76,341.884,-21642.3,73.5178,0.387775
18840000,91,411.933,-21643.2,93.4269,0.411067
18855000,68,303.842,-21632.2,74.2356,0.400333
18870000,70,318.442,-21630.9,83.6601,0.386133
18885000,83,362.965,-21610.8,85.888,0.4034
18900000,75,324.447,-21618,65.1418,0.397733
18915000,65,305.238,-21658.3,71.3005,0.394326
18930000,64,287.183,-21673.4,61.0947,0.399267
18945000,59,259.228,-21658.4,57.0974,0.395067
18960000,57,250.582,-21651,63.8194,0.390467
18975000,49,221.33,-21673.3,56.8442,0.392413
18990000,55,230.34,-21679.2,55.4931,0.383733
19005000,59,253.852,-21660.9,66.6277,0.365133
19020000,55,243.615,-21673.9,56.0905,0.3919
19035000,63,289.416,-21652.9,56.2565,0.389333
19050000,70,311.822,-21657.6,67.0789,0.382387
19065000,76,328.247,-21661.6,68.2056,0.3896
19080000,60,266.936,-21661.4,56.2426,0.3914
19095000,50,225.758,-21649.6,43.7766,0.3826
19110000,61,261.37,-21649.4,62.4946,0.3848
19125000,74,328.866,-21644.9,67.1715,0.38475
19140000,76,327.81,-21629.8,103.539,0.401533
19155000,72,292.156,-21630.6,84.1635,0.3886
19170000,73,324.752,-21637.2,63.019,0.403817
19185000,63,272.653,-21637.4,54.0897,0.3702
19200000,58,254.626,-21669.4,57.9062,0.3906
19215000,61,260.24,-21633.8,63.1772,0.3813
19230000,58,234.978,-21618.3,63.7158,0.373467
19245000,61,257.211,-21634.4,67.5836,0.3702
19260000,60,259.59,-21632.6,65.7335,0.3642
19275000,65,293.562,-21627.5,68.2863,0.3918
19290000,70,305.637,-21646,61.031,0.389456
19305000,56,249.706,-21642.5,52.1157,0.382089
19320000,60,270.178,-21662.5,71.0579,0.4063
19335000,61,282.694,-21636.5,48.0305,0.387933
19350000,63,285.293,-21640.9,76.6789,0.392033
19365000,64,293.122,-21630.5,56.8257,0.3688
19380000,61,263.687,-21654.5,79.2531,0.392
19395000,71,306.737,-21614.6,75.8885,0.384333
19410000,66,285.692,-21621.8,62.6327,0.392467
19425000,62,276.939,-21644,64.7567,0.373067
19440000,63,268.212,-21660.4,86.6561,0.392583
19455000,60,278.927,-21637.6,53.3753,0.378367
19470000,59,275.139,-21652.4,52.1731,0.388627
19485000,66,288.57,-21622.6,80.6876,0.371067
19500000,50,222.572,-21656.4,57.8435,0.3743
19515000,42,188.373,-21658.3,45.2898,0.375307
19530000,46,200.138,-21662.1,50.4767,0.3766
19545000,56,251.748,-21652.2,53.5109,0.379089
19560000,58,251.67,-21665.1,66.9601,0.3954
19575000,53,225.186,-21651.4,53.707,0.388467
19590000,43,179.776,-21675.3,43.2439,0.364867
19605000,49,213.388,-21686.4,55.1653,0.373875
19620000,49,219.262,-21680.6,36.9584,0.3806
19635000,50,224.177,-21657.9,45.1323,0.371107
19650000,52,240.154,-21661.4,58.7085,0.367333
19665000,58,248.905,-21677.7,57.357,0.378533
19680000,59,242.88,-21660.1,57.6841,0.382733
19695000,65,288.871,-21641.1,60.4344,0.3852
19710000,50,223.423,-21683.4,61.3941,0.39235
19725000,51,218.088,-21657.7,59.0361,0.375
19740000,49,199.537,-21616.2,47.8439,0.380029
19755000,54,223.202,-21669.8,45.8177,0.366767
19770000,56,234.866,-21651.6,56.9271,0.376067
19785000,55,238.929,-21662.3,47.7869,0.384667
19800000,64,273.859,-21624.8,59.3938,0.371433
19815000,54,239.919,-21650.2,52.1613,0.369667
19830000,55,240.055,-21639.6,54.8329,0.373733
19845000,49,230.873,-21662.1,55.981,0.356233
19860000,60,256.533,-21643.7,68.4156,0.368333
19875000,55,231.717,-21619.3,51.6072,0.3876
19890000,73,315.683,-21647.3,78.6558,0.3818
19905000,80,359.777,-21640.2,92.796,0.4046
19920000,50,218.017,-21633.9,52.7361,0.371307
19935000,61,267.086,-21643.2,65.2719,0.3751
19950000,65,279.993,-21628.5,71.619,0.3778
19965000,53,224.942,-21638.8,49.5395,0.369
19980000,54,238.291,-21643.5,46.5416,0.352067
19995000,57,242.883,-21612.3,47.2828,0.3666
20010000,62,273.512,-21641.7,54.7683,0.3752
20025000,57,251.1,-21625.3,46.8996,0.358533
20040000,73,328.869,-21623.1,63.8561,0.374733
20055000,72,317.482,-21608.4,63.1957,0.379933
20070000,70,297.341,-21622.5,70.2257,0.380067
20085000,56,233.024,-21657.1,53.4888,0.382555
20100000,50,205.51,-21645.6,56.9158,0.359867
20115000,66,293.893,-21616.5,65.7989,0.36601
20130000,53,245.24,-21679.8,55.3848,0.395733
20145000,61,262.364,-21651.5,67.1458,0.398133
20160000,54,244.648,-21648.9,63.2529,0.369367
20175000,58,253.818,-21644.4,48.2211,0.382356
20190000,45,199.589,-21640.5,42.9829,0.376822
20205000,44,201.661,-21643.9,36.9364,0.356
20220000,45,195.874,-21661.1,43.3124,0.383644
20235000,63,279.074,-21675.7,62.8331,0.375
20250000,56,230.951,-21653.7,51.3854,0.366867
20265000,53,241.919,-21682.6,55.9148,0.385733
20280000,55,243.353,-21653.3,48.0242,0.37188
20295000,56,254.782,-21656,58.8442,0.366067
20310000,47,215.885,-21647.2,43.2042,0.367067
20325000,52,234.45,-21680.2,65.0884,0.3801
20340000,67,292.526,-21641.2,65.2556,0.381067
20355000,74,319.863,-21650.9,77.1036,0.408933
20370000,50,213.861,-21644.3,43.92,0.385644
20385000,68,283.693,-21629.2,64.319,0.373733
20400000,62,267.695,-21666,64.6216,0.383067
20415000,70,310.497,-21653,72.0894,0.3892
20430000,61,281.879,-21635.6,60.6139,0.364717
20445000,73,333.688,-21619.5,61.0444,0.388467
20460000,70,312.84,-21616.1,81.5503,0.4018
20475000,65,302.019,-21618.9,59.9041,0.389978
20490000,64,290.604,-21626.1,64.0882,0.3841
20505000,70,311.232,-21622.9,64.229,0.393167
20520000,57,264.459,-21645.8,50.4736,0.386833
20535000,60,258.665,-21634.5,53.8228,0.380033
20550000,63,288.523,-21619.8,59.9203,0.377533
20565000,55,244.116,-21645.6,50.3847,0.378844
20580000,65,282.96,-21668.5,68.7364,0.382333
20595000,61,268.227,-21634.4,53.7231,0.389844
20610000,50,208.734,-21681.5,51.3201,0.392129
20625000,66,291.062,-21606,57.9457,0.382
20640000,54,231.227,-21665.5,43.557,0.4016
20655000,53,225.651,-21669.9,47.7934,0.384667
20670000,49,214.694,-21631.3,53.9321,0.371133
20685000,47,197.221,-21684.6,48.5972,0.378
20700000,53,227.879,-21615.7,47.5611,0.379933
20715000,50,208.47,-21625.9,44.66,0.359533
20730000,51,213.542,-21648.7,47.7361,0.36338
20745000,63,269.513,-21668.6,54.1085,0.38
20760000,48,200.38,-21663,41.0927,0.365133
20775000,53,233.851,-21658.4,57.5936,0.3514
20790000,48,194.43,-21664.4,53.3567,0.380838
20805000,57,234.555,-21656.7,59.7785,0.378
20820000,66,268.281,-21639.1,69.5997,0.398667
20835000,74,317.787,-21624.3,77.1067,0.406933
20850000,65,291.513,-21643.3,77.4933,0.383556
20865000,74,307.153,-21619.1,81.5479,0.394767
20880000,67,289.815,-21609.5,52.6051,0.401333
20895000,75,320.976,-21627.1,71.4234,0.397533
20910000,66,271.883,-21653.2,57.3911,0.370259
20925000,61,258.475,-21676.2,75.8462,0.369333
20940000,55,236.091,-21641.9,64.1846,0.381933
20955000,60,260.988,-21617.9,54.6435,0.373962
20970000,64,279.306,-21635.4,59.1384,0.363
20985000,64,268.884,-21646.1,57.8617,0.383867
21000000,53,228.057,-21635.4,55.4574,0.38879
21015000,62,297.336,-21656.1,53.8728,0.383267
21030000,58,226.215,-21642,55.5469,0.386633
21045000,53,235.2,-21642.2,50.221,0.382467
21060000,57,250.613,-21638.8,60.1863,0.384038
21075000,60,255.239,-21623.4,72.1964,0.383622
21090000,71,335.381,-21618.3,65.1098,0.386433
21105000,70,309.458,-21613.6,85.1741,0.390433
21120000,73,302.29,-21623,71.0477,0.409133
21135000,56,255.763,-21651.2,64.6496,0.3882
21150000,61,258.428,-21648.6,73.9415,0.3975
21165000,61,267.449,-21639.6,60.7989,0.392267
21180000,73,331.25,-21646.9,72.9575,0.392778
21195000,64,276.115,-21636.2,61.069,0.4048
21210000,60,272.38,-21646.5,48.9412,0.406667
21225000,66,275.051,-21612.9,71.2631,0.3874
21240000,65,283.106,-21631.9,40.8063,0.396
21255000,66,292.037,-21639.3,69.188,0.380752
21270000,56,249.8,-21614.7,63.7844,0.394233
21285000,54,235.916,-21665.5,59.7426,0.397427
21300000,73,318.433,-21619.4,66.7322,0.387867
21315000,52,220.551,-21626.9,52.9975,0.393667
21330000,62,271.981,-21662,62.336,0.382867
21345000,59,249.847,-21662.2,61.7569,0.400933
21360000,53,228.897,-21675.1,46.995,0.382352
21375000,55,236.678,-21653.2,61.2225,0.372533
21390000,61,266.212,-21645.3,60.6987,0.394556
21405000,48,211.842,-21688.1,47.3502,0.383692
21420000,40,176.603,-21702.6,37.5174,0.3862
21435000,57,253.395,-21676.4,62.2099,0.388733
21450000,66,293.719,-21645.4,67.2489,0.399117
21465000,54,227.777,-21699.3,54.0831,0.372244
21480000,80,361.254,-21632.1,79.9013,0.400567
21495000,55,242.878,-21655.6,59.5045,0.3948
21510000,59,263.893,-21658.3,67.087,0.396867
21525000,61,254.252,-21681.6,58.007,0.38895
21540000,59,258.775,-21643.4,55.5432,0.395867
21555000,74,317.006,-21649.1,70.3702,0.389083
21570000,78,345.981,-21643,77.072,0.407333
21585000,58,244.644,-21624.1,64.4632,0.394378
21600000,58,259.906,-21643.4,65.4281,0.3964
21615000,43,179.804,-21663,49.5765,0.385067
21630000,65,272.247,-21623,71.3374,0.3753
21645000,72,320.357,-21615.2,72.599,0.3856
21660000,72,299.796,-21595.2,77.1045,0.396733
21675000,53,237.498,-21648.7,61.3836,0.3772
21690000,46,197.82,-21682,38.6882,0.386182
21705000,67,296.517,-21622.4,60.0555,0.375867
21720000,84,381.612,-21622.2,81.1453,0.400067
21735000,70,307.644,-21620.8,79.518,0.3922
21750000,51,230.633,-21660,38.087,0.38315
21765000,49,216.824,-21664.6,45.8536,0.379467
21780000,81,382.043,-21612,86.4751,0.391089
21795000,72,309.3,-21632.7,64.8036,0.3842
21810000,77,331.234,-21624.4,94.2877,0.395733
21825000,82,362.543,-21633.7,73.0528,0.4078
21840000,72,312.068,-21607.2,81.3104,0.397733
21855000,75,339.33,-21611.3,72.7087,0.402333
21870000,50,209.847,-21684,47.811,0.385744
21885000,75,319.702,-21633.7,77.2964,0.388667
21900000,66,293.386,-21665.1,67.3478,0.383393
21915000,61,253.888,-21612.3,75.0099,0.3965
21930000,53,229.752,-21648,62.4544,0.382267
21945000,62,251.244,-21656.1,67.1821,0.3856
21960000,66,293.371,-21639.3,69.1471,0.412333
21975000,49,212.794,-21654.8,62.8948,0.390781
21990000,59,256.169,-21654.6,81.1971,0.405133
22005000,51,233.221,-21667.8,41.9451,0.387822
22020000,67,286.41,-21649.5,55.6099,0.388133
22035000,59,261.643,-21662.1,48.3555,0.374733
22050000,51,232.56,-21647.8,55.0247,0.390667
22065000,63,280.952,-21643.9,66.9674,0.386122
22080000,48,212.869,-21658.8,43.1949,0.377933
22095000,61,264.15,-21655.5,64.1114,0.397307
22110000,48,205.082,-21681.3,44.8362,0.391489
22125000,63,270.367,-21643.6,51.7318,0.361467
22140000,64,275.517,-21665.3,54.6687,0.387844
22155000,51,226.52,-21682.9,41.3108,0.403311
22170000,53,235.425,-21637.2,48.2369,0.375644
22185000,51,209.906,-21666.2,45.3379,0.381822
22200000,55,234.783,-21648,54.8015,0.377533
22215000,52,233.267,-21652.8,58.0486,0.386267
22230000,60,252.019,-21657.2,79.4996,0.399027
22245000,60,260.018,-21683.9,62.2272,0.388067
22260000,58,251.368,-21664.7,66.9108,0.3982
22275000,65,272.066,-21680.5,75.0126,0.400067
22290000,57,247.561,-21638.4,55.4337,0.360575
22305000,62,268.816,-21665.5,61.4151,0.371933
22320000,50,232.09,-21684.2,50.6941,0.368133
22335000,51,222.957,-21634.1,49.4402,0.3703
22350000,50,209.265,-21642,46.5565,0.3728
22365000,53,226.036,-21641.5,50.1529,0.368867
22380000,54,245.829,-21681.8,58.9668,0.381914
22395000,59,266.094,-21618.8,56.1631,0.376233
22410000,44,191.707,-21687.8,34.6322,0.367922
22425000,52,221.595,-21630.7,54.074,0.360467
22440000,53,221.17,-21596,42.7331,0.359533
22455000,50,227.747,-21627.2,46.9367,0.362533
22470000,49,215.566,-21637.9,43.8428,0.367867
22485000,60,272.508,-21630.5,70.7792,0.366533
22500000,58,264.874,-21631.2,50.1368,0.383667
22515000,49,233.908,-21689,62.2251,0.382659
22530000,58,253.168,-21667.4,56.9722,0.378725
22545000,46,198.995,-21689.8,35.4374,0.391
22560000,46,197.492,-21633.3,39.9837,0.358583
22575000,52,216.711,-21640.6,48.7722,0.3584
22590000,56,250.839,-21657.4,52.8453,0.380667
22605000,56,235.82,-21661,44.9504,0.386
22620000,64,287.741,-21640.7,55.4154,0.376667
22635000,53,232.151,-21661.7,62.7542,0.352717
22650000,56,236.696,-21665.2,54.6067,0.393433
22665000,52,234.29,-21670.2,67.4029,0.3598
22680000,47,217.933,-21684.4,56.2868,0.377926
22695000,51,227.733,-21701.9,51.2305,0.377289
22710000,51,223.931,-21684,54.6285,0.392667
22725000,65,280.77,-21656,64.8678,0.3865
22740000,58,245.989,-21658.3,48.8154,0.383867
22755000,38,164.445,-21699.4,39.2491,0.392
22770000,60,248.034,-21654.3,55.153,0.382067
22785000,54,224.708,-21698.2,52.1378,0.387333
22800000,55,244.163,-21662.6,47.8365,0.390733
22815000,46,198.449,-21666.9,54.6793,0.370733
22830000,48,219.713,-21689.2,41.3868,0.385956
22845000,42,188.604,-21703.7,46.046,0.375933
22860000,33,148.437,-21700.6,39.5208,0.374133
22875000,60,270.524,-21676.8,84.1965,0.377683
22890000,44,191.094,-21674.1,46.9947,0.395
22905000,57,262.561,-21688.7,51.938,0.395267
22920000,36,152.476,-21710.6,35.5296,0.373283
22935000,45,188.721,-21685.4,37.2521,0.386178
22950000,68,281.961,-21685.7,65.8931,0.393067
22965000,64,273.957,-21693.6,63.43,0.417467
22980000,44,187.393,-21668,36.6022,0.376867
22995000,48,210.061,-21691.8,58.0031,0.401167
23010000,55,241.446,-21683.4,77.6972,0.377867
23025000,48,208.342,-21687.2,47.7554,0.383067
23040000,36,160.629,-21714.6,33.6063,0.379858
23055000,49,216.252,-21669,57.8174,0.368956
23070000,57,263.341,-21668,67.0261,0.378133
23085000,55,232.167,-21663.9,49.4627,0.370567
23100000,62,267.874,-21657.5,45.2307,0.394833
23115000,56,250.957,-21646.5,51.6169,0.379067
23130000,64,285.259,-21646,74.5811,0.375
23145000,60,262.066,-21653,62.7108,0.381333
23160000,56,238.027,-21647.7,48.9818,0.381133
23175000,68,300.46,-21662.2,56.8174,0.3842
23190000,71,300.967,-21638.9,75.6433,0.3994
23205000,55,246.951,-21651.4,48.6831,0.375933
23220000,44,196.647,-21711.6,39.2142,0.387467
23235000,52,232.691,-21682.1,52.2531,0.403107
23250000,52,226.769,-21647.6,55.2211,0.371156
23265000,54,218.833,-21633.3,61.2397,0.357133
23280000,51,208.79,-21653.3,46.0151,0.357133
23295000,54,246.673,-21667.3,56.7149,0.398483
23310000,47,209.108,-21633.4,44.1975,0.356933
23325000,58,244.232,-21666.1,58.7887,0.384633
23340000,59,249.966,-21667.5,56.1973,0.3862
23355000,55,239.366,-21625.8,56.9212,0.3664
23370000,60,245.684,-21621.5,70.4304,0.390489
23385000,54,240.362,-21667.9,50.8815,0.390533
23400000,60,264.96,-21630.1,48.3865,0.375822
23415000,50,202.862,-21659.9,50.4298,0.390467
23430000,52,216.946,-21673.8,54.4793,0.371333
23445000,46,180.328,-21689.8,49.1605,0.38865
23460000,64,257.697,-21645.2,83.4219,0.371067
23475000,57,260.427,-21646.4,48.4608,0.371267
23490000,66,283.385,-21646.3,60.6156,0.396317
23505000,64,272.367,-21643.4,57.196,0.386767
23520000,50,212.994,-21670.1,46.4808,0.388493
23535000,58,245.364,-21638,76.1897,0.378567
23550000,56,247.687,-21649,58.4783,0.3732
23565000,63,274.904,-21657.8,64.9411,0.40044
23580000,53,240.46,-21663.7,53.3693,0.3781
23595000,52,234.41,-21671.3,55.2355,0.3752
23610000,65,303.054,-21656.2,60.6726,0.394944
23625000,72,310.282,-21680.7,61.7719,0.4186
23640000,62,254.189,-21664.7,53.0016,0.399933
23655000,68,298.583,-21675.9,71.1239,0.395867
23670000,55,251.739,-21663.3,58.8886,0.381547
23685000,63,281.627,-21652.8,74.6807,0.3784
23700000,70,313.535,-21649.4,59.6656,0.399733
23715000,51,220.008,-21657.3,56.8346,0.385533
23730000,55,254.304,-21648.9,69.5694,0.380867
23745000,65,290.066,-21666.8,54.7596,0.398692
23760000,59,238.568,-21636.7,60.3286,0.383933
23775000,61,260.399,-21687.6,64.4874,0.396467
23790000,65,290.999,-21653.7,59.1661,0.391833
23805000,49,213.099,-21664.3,52.1371,0.399133
23820000,70,311.166,-21660,77.6008,0.394733
23835000,57,251.73,-21660.1,59.3083,0.3884
23850000,55,237.241,-21661.3,41.3094,0.389318
23865000,62,270.481,-21666.8,57.4868,0.391778
23880000,63,271.369,-21651.7,68.6813,0.380978
23895000,51,233.842,-21656.6,57.8097,0.383067
23910000,59,261.987,-21648.1,49.2725,0.389089
23925000,59,259.666,-21669.2,76.5181,0.3967
23940000,52,227.441,-21675.8,46.8165,0.386944
23955000,53,228.68,-21669.7,47.5315,0.3818
23970000,61,267.354,-21645.7,55.2383,0.386222
23985000,50,211.425,-21652.7,46.7069,0.3808
24000000,55,229.954,-21658.7,63.919,0.363333
24015000,62,287.979,-21641.2,64.5889,0.381111
24030000,49,202.342,-21662.1,45.153,0.375425
24045000,63,273.015,-21637.9,49.1464,0.373067
24060000,49,205.308,-21668.5,41.5833,0.3625
24075000,58,263.071,-21619.3,55.0863,0.368267
24090000,53,219.419,-21621,57.6685,0.387633
24105000,71,303.835,-21627.5,66.5356,0.385667
24120000,61,269.757,-21644.6,70.2912,0.380022
24135000,54,229.905,-21643.5,44.1306,0.3887
24150000,60,268.066,-21657.2,70.2577,0.387104
24165000,62,267.652,-21638.1,82.9909,0.381
24180000,55,227.701,-21655.8,55.705,0.375367
24195000,59,257.981,-21633.5,64.4369,0.381967
24210000,63,278.696,-21676.6,50.5173,0.3937
24225000,54,232.154,-21659.2,55.1711,0.381489
24240000,57,244.199,-21615.5,68.739,0.376178
24255000,49,207.132,-21649.5,64.5313,0.388644
24270000,51,235.138,-21665.7,55.1803,0.375133
24285000,65,274.031,-21643.5,65.9678,0.388133
24300000,56,251.973,-21666.7,58.1347,0.3713
24315000,56,234.865,-21612.4,47.4423,0.38116
24330000,54,228.075,-21641.4,49.5143,0.379333
24345000,59,246.026,-21644.1,76.0381,0.371767
24360000,70,309.81,-21651.7,58.419,0.371778
24375000,71,294.548,-21629.5,76.7251,0.373711
24390000,72,318.252,-21647.1,76.6609,0.401233
24405000,65,278.734,-21642.3,54.4916,0.3942
24420000,57,241.511,-21638.3,62.6402,0.377067
24435000,58,248.077,-21652.6,48.076,0.3696
24450000,54,226.214,-21643.6,63.8712,0.365133
24465000,61,246.321,-21616.7,63.1704,0.385433
24480000,45,184.097,-21641.8,46.7934,0.380571
24495000,59,259.975,-21642.7,61.8048,0.383967
24510000,63,273.426,-21640.9,53.5859,0.398333
24525000,39,172.388,-21694,56.5947,0.370107
24540000,45,163.131,-21661.5,39.6579,0.34975
24555000,47,196.07,-21632.9,37.6069,0.338267
24570000,50,225.655,-21662,49.3785,0.3693
24585000,43,183.664,-21663.1,33.6593,0.365133
24600000,41,165.692,-21692,30.5106,0.367307
24615000,56,234.112,-21618.7,59.1394,0.365233
24630000,52,222.803,-21639.2,53.7181,0.3648
24645000,67,292.738,-21633.5,77.0991,0.374233
24660000,59,250.493,-21641.3,55.4264,0.3712
24675000,53,234.733,-21647.8,53.2426,0.3883
24690000,56,232.22,-21624,71.0914,0.383767
24705000,59,248.164,-21659.4,52.8858,0.3604
24720000,56,242.837,-21649.3,61.5072,0.378925
24735000,67,283.443,-21662.9,77.7039,0.3822
24750000,52,213.816,-21640.9,46.3075,0.3726
24765000,53,241.766,-21659.6,44.7197,0.359844
24780000,55,240.35,-21642.7,55.5835,0.35576
24795000,54,216.409,-21620.7,62.6597,0.353667
24810000,48,194.755,-21631.9,42.3747,0.351
24825000,66,282.211,-21610,54.2353,0.3616
24840000,64,267.781,-21600.8,56.3902,0.379733
24855000,61,262.094,-21659.1,78.0773,0.369778
24870000,64,266.861,-21618.2,60.5912,0.365667
24885000,56,249.901,-21666,73.022,0.3784
24900000,64,272.131,-21635,68.7808,0.3763
24915000,60,275.912,-21649.5,60.4792,0.383533
24930000,70,319.951,-21617.3,61.9412,0.391867
24945000,41,171.383,-21658.6,35.6514,0.367318
24960000,64,273.7,-21606.2,67.8069,0.37815
24975000,57,242.682,-21625.1,62.991,0.3748
24990000,76,319.249,-21605.4,73.3655,0.3731
25005000,65,278.715,-21619,67.433,0.384133
25020000,62,271.587,-21620.4,56.3481,0.380067
25035000,66,286.856,-21622.5,68.0904,0.391417
25050000,49,209.848,-21613.3,59.2072,0.385267
25065000,59,251.614,-21625.4,53.7282,0.357333
25080000,52,210.494,-21636.7,60.4052,0.372044
25095000,53,214.035,-21644.9,44.8765,0.3712
25110000,71,295.156,-21635.4,75.4491,0.3824
25125000,61,259.349,-21638.9,65.5447,0.393867
25140000,60,266.591,-21636.3,52.1342,0.363133
25155000,65,303.386,-21624,59.6698,0.367333
25170000,67,301.812,-21652.5,72.5444,0.388267
25185000,62,262.063,-21629.1,56.7532,0.373833
25200000,60,251.608,-21635.9,60.643,0.3716
25215000,67,276.109,-21626.1,67.2966,0.375133
25230000,82,351.241,-21622.1,78.4241,0.3934
25245000,71,319.563,-21619.7,62.576,0.391733
25260000,66,288.303,-21637,65.8698,0.3804
25275000,69,303.971,-21669.8,75.7628,0.381576
25290000,49,212.977,-21640.9,44.57,0.373742
25305000,46,202.986,-21640.5,48.9071,0.378778
25320000,56,242.418,-21624.5,47.9568,0.363333
25335000,67,284.944,-21636.2,60.2076,0.380733
25350000,51,216.9,-21641.9,40.2631,0.373167
25365000,71,305.899,-21652.4,66.3349,0.400678
25380000,58,248.76,-21621.6,58.9413,0.380156
25395000,53,211.668,-21651.9,64.3527,0.367133
25410000,72,303.425,-21669.4,78.3055,0.399556
25425000,48,207.684,-21664.4,60.9953,0.376767
25440000,57,257.085,-21690,60.8854,0.374
25455000,59,261.684,-21686.9,83.6387,0.407689
25470000,55,244.586,-21702.2,47.0693,0.395333
25485000,40,166.963,-21712.4,40.8882,0.406733
25500000,60,278.825,-21700.2,56.403,0.380007
25515000,55,226.797,-21652.2,40.7969,0.37952
25530000,55,237.9,-21685.5,66.8386,0.393867
25545000,58,245.161,-21664.5,57.6591,0.385
25560000,50,221.608,-21679.3,55.2807,0.363333
25575000,55,257.121,-21674.4,63.1347,0.387
25590000,74,314.694,-21684.6,71.6541,0.391981
25605000,64,275.954,-21689,62.5882,0.399
25620000,46,210.1,-21667.8,40.3216,0.369689
25635000,42,178.111,-21691.6,34.5285,0.384533
25650000,47,210.29,-21668.6,45.0757,0.38939
25665000,52,235.686,-21701.6,41.8802,0.364067
25680000,56,239.883,-21662.2,65.9682,0.376533
25695000,69,301.771,-21673,49.9704,0.391856
25710000,48,194.033,-21660.3,50.3289,0.362833
25725000,55,240.662,-21682,44.473,0.406067
25740000,49,221.375,-21660.6,76.1645,0.362333
25755000,42,176.555,-21700.2,35.9563,0.380433
25770000,54,228.559,-21705.2,50.9034,0.393933
25785000,51,219.892,-21666.4,71.87,0.362111
25800000,43,191.735,-21669.5,58.8559,0.368
25815000,45,208.44,-21684.6,36.2859,0.380267
25830000,37,147.041,-21672.2,33.6199,0.359382
25845000,49,217.41,-21677.8,47.6507,0.353833
25860000,45,192.292,-21669.2,49.0635,0.3638
25875000,62,273.636,-21657.1,62.4492,0.388152
25890000,47,199.568,-21660.4,47.386,0.342133
25905000,55,247.608,-21652.8,61.998,0.385433
25920000,71,319.536,-21653.6,72.015,0.392
25935000,40,171.873,-21689.1,43.0027,0.363343
25950000,47,207.924,-21675.5,43.6109,0.3941
25965000,44,175.878,-21690.2,53.9673,0.352133
25980000,50,215.445,-21673,58.0092,0.365633
25995000,46,191.776,-21658.4,46.57,0.349105
26010000,51,225.775,-21660.3,47.1489,0.383733
26025000,53,219.559,-21679.5,48.3518,0.37105
26040000,47,207.032,-21666.5,45.6627,0.356578
26055000,56,257.644,-21675.8,56.9945,0.3751
26070000,61,263.914,-21660.9,78.2968,0.386717
26085000,49,203.016,-21664.7,59.229,0.362667
26100000,44,170.683,-21644,38.4971,0.375333
26115000,60,249.768,-21648,70.0911,0.37915
26130000,60,269.591,-21618.2,56.854,0.377333
26145000,57,235.484,-21636.5,67.7828,0.391533
26160000,48,214.648,-21662.7,43.7268,0.3713
26175000,45,190.646,-21638.7,41.6882,0.357867
26190000,65,296.507,-21670.1,61.9611,0.383067
26205000,43,174.884,-21663.6,46.1167,0.358667
26220000,55,237.755,-21671.9,39.741,0.38628
26235000,54,240.741,-21653.1,63.6736,0.363733
26250000,52,232.053,-21679.3,51.8172,0.390767
26265000,52,232.398,-21647.5,54.0445,0.377778
26280000,59,256.728,-21660.8,47.7379,0.3862
26295000,68,278.244,-21667.1,66.6136,0.391533
26310000,49,218.615,-21655.1,37.7755,0.3729
26325000,63,273.68,-21661.7,79.4364,0.375533
26340000,52,224.513,-21662.8,55.0678,0.381933
26355000,55,241.782,-21676.4,34.6481,0.384467
26370000,52,232.039,-21661.3,42.0968,0.36395
26385000,65,293.666,-21663.2,68.0907,0.392567
26400000,70,308.536,-21641.6,62.0913,0.3805
26415000,61,268.674,-21633.5,57.3563,0.388067
26430000,62,276.744,-21653.8,57.0088,0.387733
26445000,75,340.819,-21664.9,80.9177,0.401733
26460000,78,327.329,-21640.4,64.6597,0.409867
26475000,63,271.495,-21646.2,61.9389,0.402667
26490000,51,229.54,-21691,50.9768,0.389433
26505000,50,220.54,-21665,55.9356,0.394167
26520000,52,219.502,-21670.8,53.1726,0.377733
26535000,56,243.306,-21666,66.4322,0.362167
26550000,71,296.486,-21663.4,71.8508,0.382
26565000,59,251.941,-21680.4,64.0065,0.391967
26580000,76,341.655,-21655.3,74.6729,0.4051
26595000,58,260.602,-21638.9,56.1818,0.391307
26610000,56,241.006,-21651.4,52.3748,0.377822
26625000,51,238.364,-21652,42.096,0.382511
26640000,54,227.428,-21656.4,57.0382,0.3772
26655000,60,259.451,-21621.5,49.6099,0.3759
26670000,60,264.904,-21650.4,52.1129,0.388933
26685000,61,278.688,-21630.8,67.3743,0.383867
26700000,74,326.415,-21638,63.7065,0.407467
26715000,56,254.528,-21662.3,61.7573,0.38516
26730000,54,226.584,-21673.3,55.0163,0.385533
26745000,63,274.039,-21633.8,55.4436,0.384156
26760000,52,229.961,-21627.8,57.2144,0.376733
26775000,55,233.787,-21639.7,58.9835,0.3682
26790000,55,247.784,-21658.6,60.2397,0.38265
26805000,66,286.615,-21632.3,67.1975,0.383033
26820000,71,313.897,-21636.5,75.6279,0.3976
26835000,52,231.886,-21669,57.9006,0.385489
26850000,68,304.909,-21625.1,69.2023,0.3956
26865000,46,208.123,-21657.1,44.9781,0.365108
26880000,44,193.604,-21669.2,45.3357,0.350067
26895000,46,209.125,-21671.7,42.9203,0.368867
26910000,56,248.98,-21684,45.2448,0.39505
26925000,64,291.726,-21689.1,57.3791,0.3968
26940000,51,218.008,-21695.7,65.4461,0.390086
26955000,52,237.886,-21691.2,56.7983,0.3979
26970000,61,277.074,-21639.8,65.8179,0.371747
26985000,60,260.634,-21663.1,60.711,0.398167
27000000,45,195.74,-21650.6,44.9676,0.393133
27015000,59,239.472,-21670.4,65.9167,0.393187
27030000,58,265.662,-21679.2,55.5281,0.388289
27045000,46,216.705,-21695.2,47.5311,0.383667
27060000,46,203.156,-21674,41.4737,0.37355
27075000,41,179.3,-21684.7,35.5266,0.371633
27090000,54,243.705,-21672.1,48.6216,0.377567
27105000,51,207.932,-21662.5,44.9381,0.393067
27120000,42,185.343,-21649.5,59.8488,0.366133
27135000,55,246.21,-21669.1,53.7618,0.365867
27150000,54,231.441,-21686.2,58.8672,0.3728
27165000,58,249.738,-21660.7,51.0823,0.384733
27180000,52,217.287,-21664.9,46.0937,0.380933
27195000,68,309.54,-21644,59.4815,0.385
27210000,69,310.673,-21654.6,77.2677,0.410533
27225000,53,232.852,-21661.2,50.9294,0.370311
27240000,55,244.463,-21660.8,58.9602,0.3636
27255000,56,233.079,-21652.7,57.9817,0.388138
27270000,65,288.187,-21654.7,86.6559,0.384183
27285000,45,191.491,-21685.1,47.2983,0.371244
27300000,53,232.405,-21622.8,53.0722,0.375967
27315000,60,262.973,-21655.4,46.8172,0.381367
27330000,67,284.467,-21645,56.7603,0.4012
27345000,77,323.43,-21631.2,67.6051,0.404867
27360000,67,292.161,-21655.3,73.7681,0.398533
27375000,62,279.648,-21639.5,61.595,0.384933
27390000,71,328.104,-21642.6,64.143,0.3984
27405000,76,344.507,-21629,72.6694,0.407933
27420000,61,274.052,-21630.6,53.5882,0.3704
27435000,73,307.784,-21660.3,73.3348,0.408333
27450000,81,362.967,-21628.3,69.7551,0.407467
27465000,62,264.513,-21626,57.0127,0.368133
27480000,53,227.838,-21625,52.765,0.364533
27495000,52,226.185,-21630.1,59.3064,0.4038
27510000,47,208.461,-21649.1,51.5163,0.340467
27525000,63,278.09,-21634,60.5831,0.382933
27540000,61,253.463,-21645.6,63.8237,0.385067
27555000,63,274.387,-21648.5,64.1145,0.393667
27570000,60,262.621,-21649.5,78.3266,0.363083
27585000,58,257.973,-21661.8,55.698,0.380267
27600000,70,307.117,-21625.2,83.0668,0.387822
27615000,53,225.246,-21662.2,43.3787,0.368067
27630000,70,313.167,-21647.6,73.5816,0.406967
27645000,58,246.85,-21652.7,55.6289,0.380133
27660000,73,317.447,-21628.1,68.6587,0.366089
27675000,63,285.469,-21620.3,69.4375,0.37
27690000,69,312.099,-21641.9,79.962,0.372867
27705000,68,283.307,-21632.6,83.3486,0.385133
27720000,63,270.047,-21637.2,62.1984,0.399547
27735000,76,342.293,-21630.2,82.3689,0.3847
27750000,70,312.749,-21648,66.3155,0.4038
27765000,65,290.588,-21634.4,66.7704,0.401756
27780000,78,354.999,-21646,66.58,0.4188
27795000,64,288.699,-21635.6,61.4772,0.3946
27810000,57,238.915,-21645.3,61.2466,0.402
27825000,52,225.213,-21646.7,58.2357,0.374947
27840000,64,273.35,-21669.5,79.3669,0.388867
27855000,60,264.073,-21632.6,51.8254,0.368067
27870000,54,218.239,-21622.2,49.9888,0.379867
27885000,53,232.378,-21639.3,51.3654,0.359733
27900000,64,273.904,-21637.9,67.5638,0.386817
27915000,68,285.239,-21647.7,83.7847,0.379167
27930000,43,188.132,-21657.9,47.5064,0.384067
27945000,64,276.945,-21626.6,77.4498,0.3804
27960000,73,303.534,-21621,69.3138,0.391467
27975000,58,251.169,-21628.9,56.4475,0.3766
27990000,55,236.621,-21617.4,35.9009,0.360733
28005000,49,205.546,-21657.3,48.6774,0.37568
28020000,62,261.041,-21626.2,53.2775,0.377967
28035000,66,290.063,-21633.7,57.9258,0.376667
28050000,57,252.647,-21636.3,69.7914,0.363956
28065000,58,261.333,-21632.9,55.0803,0.382933
28080000,57,247.652,-21623.4,58.0928,0.375578
28095000,74,303.381,-21624.8,83.9161,0.378433
28110000,64,278.043,-21635.2,70.4676,0.391567
28125000,58,250.904,-21635.3,64.3963,0.400467
28140000,61,253.232,-21610.4,63.4402,0.374533
28155000,53,232.881,-21619.3,52.8791,0.364422
28170000,52,225.587,-21620.7,59.9576,0.378133
28185000,53,250.5,-21646.2,38.24,0.360067
28200000,59,270.828,-21644.7,58.219,0.383283
28215000,46,211.948,-21648.6,40.1024,0.359433
28230000,54,236.241,-21626.7,58.5674,0.368467
28245000,59,253.348,-21646,56.5502,0.369108
28260000,55,239.392,-21676,59.5151,0.379233
28275000,62,273.084,-21647.8,50.6505,0.375433
28290000,50,224.348,-21657.9,49.4725,0.37145
28305000,54,242.152,-21658.3,56.6982,0.371467
28320000,62,283.641,-21642.5,61.4017,0.3786
28335000,64,292.863,-21635,70.4061,0.372267
28350000,56,249.87,-21655.8,47.3272,0.3852
28365000,56,248.095,-21636.8,47.668,0.38035
28380000,69,300.085,-21634.5,82.8567,0.400933
28395000,62,268.232,-21640.8,59.2362,0.393933
28410000,64,286.557,-21649.6,57.9147,0.38396
28425000,59,247.162,-21617.4,62.9003,0.3835
28440000,61,253.748,-21626.7,54.9493,0.366733
28455000,62,253.983,-21643.6,48.6883,0.390756
28470000,61,269.882,-21646,74.1214,0.394067
28485000,60,274.742,-21629.3,62.5999,0.3898
28500000,61,268.975,-21636,71.9537,0.3856
28515000,57,256.342,-21649.2,51.4778,0.374345
28530000,54,241.822,-21647.7,60.5548,0.381133
28545000,63,273.009,-21639.1,73.3212,0.378267
28560000,72,314.656,-21641.8,84.3915,0.390914
28575000,64,276.785,-21635.6,48.8774,0.389867
28590000,64,275.385,-21619.8,61.081,0.379311
28605000,67,302.877,-21613.9,85.4638,0.398089
28620000,57,260.84,-21627.8,46.4292,0.381733
28635000,58,257.731,-21641.6,50.7213,0.375267
28650000,53,235.465,-21634,53.1094,0.386507
28665000,47,210.506,-21639.8,37.305,0.373733
28680000,61,270.561,-21638.7,66.806,0.381444
28695000,63,292.895,-21675.2,75.8464,0.374476
28710000,53,233.297,-21647.3,60.7417,0.389267
28725000,40,172.975,-21634.3,32.9752,0.3751
28740000,56,252.123,-21640.2,58.5826,0.357867
28755000,49,217.828,-21646.8,49.537,0.358067
28770000,50,216.463,-21649.4,35.2808,0.366933
28785000,66,285.319,-21639.2,85.2742,0.362733
28800000,74,324.674,-21639.4,75.0556,0.375733
28815000,74,312.673,-21645,80.3331,0.394067
28830000,53,238.315,-21696.6,64.8388,0.38338
28845000,74,326.223,-21640.8,82.8068,0.385033
28860000,69,297.755,-21613,62.1527,0.385867
28875000,64,280.941,-21625.1,60.2838,0.370933
28890000,68,296.454,-21619,82.5,0.379933
28905000,76,342.676,-21676.9,70.188,0.3758
28920000,66,304.584,-21636,80.2171,0.387933
28935000,79,343.428,-21632.3,83.1,0.3796
28950000,67,302.905,-21639.1,71.1427,0.382867
28965000,61,276.496,-21647.1,77.195,0.393963
28980000,57,263.44,-21652,43.4576,0.374917
28995000,61,275.593,-21634.1,51.7129,0.390533
29010000,72,322.968,-21650.5,77.7506,0.399733
29025000,52,234.064,-21639.9,44.2423,0.3813
29040000,47,217.038,-21663.8,43.882,0.3978
29055000,54,242.842,-21685.3,51.1617,0.366633
29070000,65,284.721,-21622.7,60.7519,0.38085
29085000,54,235.18,-21631.3,48.4859,0.379533
29100000,65,289.059,-21647.3,93.9126,0.383067
29115000,55,244.884,-21669.2,40.4363,0.39244
29130000,59,264.207,-21641,64.5089,0.381833
29145000,51,222.673,-21655.9,61.237,0.3734
29160000,53,219.457,-21654.9,52.8693,0.369333
29175000,65,289.199,-21636.7,72.3274,0.3757
29190000,48,212.985,-21659.7,46.8262,0.377933
29205000,65,277.954,-21644.4,54.7877,0.387533
29220000,69,308.603,-21627,61.5719,0.386133
29235000,61,258.33,-21660.8,51.0256,0.398133
29250000,67,281.61,-21653.6,66.947,0.4014
29265000,67,297.917,-21636.7,68.5476,0.402089
29280000,64,258.99,-21638.7,71.1982,0.385733
29295000,56,236.729,-21660.2,60.2675,0.393578
29310000,57,241.134,-21629.2,59.142,0.387967
29325000,59,255.145,-21655.4,65.4859,0.3978
29340000,54,231.209,-21659.9,62.2301,0.392267
29355000,53,229.571,-21656.5,53.2094,0.386067
29370000,61,266.656,-21643.3,55.4344,0.37815
29385000,56,251.105,-21642.1,59.9812,0.375267
29400000,59,262.276,-21675.1,62.6054,0.393933
29415000,56,256.917,-21649.8,67.6678,0.383367
29430000,46,205.542,-21660.8,60.7996,0.383233
29445000,65,289.387,-21645.9,60.578,0.3853
29460000,51,222.348,-21657,43.3888,0.379811
29475000,50,219.58,-21642.2,61.1873,0.3766
29490000,48,210.6,-21651.4,42.0857,0.3676
29505000,64,287.144,-21640.9,71.2745,0.3768
29520000,61,266.095,-21632.3,62.2542,0.394267
29535000,60,262.619,-21677.7,56.277,0.388733
29550000,53,227.459,-21644.7,53.7894,0.383233
29565000,62,278.482,-21652.2,63.4948,0.379067
29580000,57,248.564,-21639.8,64.5914,0.3881
29595000,63,272.888,-21646.7,53.641,0.391767
29610000,65,292.668,-21640.7,81.5783,0.389067
29625000,68,308.126,-21638.3,63.0089,0.380933
29640000,70,303.279,-21630.3,84.3311,0.3872
29655000,66,291.133,-21632.2,73.5631,0.3922
29670000,70,315.849,-21625.8,59.813,0.3912
29685000,76,331.386,-21619,87.8732,0.401067
29700000,71,314.915,-21637.3,62.9301,0.400733
29715000,63,285.934,-21642.9,61.5152,0.385133
29730000,57,229.644,-21613.8,76.3755,0.377667
29745000,51,209.634,-21612.8,49.685,0.362
29760000,56,227.182,-21596.4,51.782,0.3572
29775000,50,201.125,-21633.9,43.1297,0.3544
29790000,55,249.348,-21678.3,53.9046,0.387694
29805000,48,210.711,-21657.5,47.9333,0.387533
29820000,63,262.647,-21667.4,51.9346,0.390822
29835000,61,261.549,-21629.3,59.1371,0.3956
29850000,62,276.355,-21637.9,60.9426,0.388133
29865000,57,252.298,-21656.1,44.47,0.397533
29880000,58,249.661,-21624.6,64.5618,0.3776
29895000,63,277.961,-21636.1,66.7605,0.383583
29910000,59,238.023,-21645.2,62.9639,0.383133
29925000,60,259.258,-21674,56.592,0.393867
29940000,56,258.451,-21671.5,61.3286,0.39836
29955000,63,271.249,-21650.4,61.4274,0.391767
29970000,60,257.944,-21658.5,64.0129,0.394317
29985000,74,339.819,-21634.7,82.2201,0.392533
