generation,N_shifts,logPrior,logLik,eventRate,acceptRate
0,0,0.641453,-24225.2,100,0
15000,1,0.0257254,-22042.1,2.40416,0.1568
30000,1,1.39194,-22053.4,3.03137,0.170228
45000,4,12.6461,-22007.8,1.97214,0.2583
60000,7,26.9563,-21987.8,3.8287,0.306267
75000,8,30.7753,-21951.9,7.21617,0.308
90000,8,26.5878,-21969.7,5.80552,0.339489
105000,7,26.8045,-21944.6,6.42196,0.3189
120000,12,51.6789,-21898.3,14.2624,0.320067
135000,12,48.3275,-21901.4,9.86577,0.327467
150000,8,31.6315,-21926.4,10.0819,0.313867
165000,12,52.1767,-21895.1,12.6834,0.3575
180000,15,63.0927,-21869.5,7.47503,0.341867
195000,11,48.0405,-21859,11.0617,0.3654
210000,16,74.1194,-21867.4,14.2207,0.347467
225000,12,44.1589,-21905.4,16.7386,0.330053
240000,27,112.312,-21823.7,33.0354,0.3783
255000,27,111.435,-21817.3,27.1836,0.3978
270000,10,37.7839,-21925.4,11.8809,0.223921
285000,41,170.114,-21800.1,37.5358,0.407033
300000,43,183.594,-21779.4,52.1087,0.416333
315000,14,61.0742,-21868,14.9787,0.359289
330000,47,190.745,-21742.8,53.909,0.4108
345000,52,232.156,-21756.2,47.9808,0.395533
360000,19,83.0866,-21867.9,20.094,0.364022
375000,54,230.528,-21750.5,53.4095,0.4137
390000,26,104.531,-21845.4,22.7963,0.381033
405000,40,166.11,-21835.4,46.4532,0.387267
420000,38,157.989,-21796.1,40.2074,0.4226
435000,53,212.222,-21713.9,52.5272,0.395417
450000,59,253.067,-21705.3,61.9332,0.376333
465000,61,263.183,-21709.3,65.9548,0.394467
480000,57,247.673,-21712.5,67.1659,0.4014
495000,53,239.697,-21704.7,54.0296,0.401733
510000,64,270.252,-21714.3,62.932,0.4072
525000,59,245.419,-21720.8,51.7994,0.404533
540000,51,206.703,-21709.1,47.6743,0.3928
555000,36,163.02,-21805.9,29.1947,0.392889
570000,55,233.962,-21704.7,57.9988,0.401433
585000,59,278.569,-21688.9,49.6382,0.391133
600000,66,294.053,-21694.3,86.2391,0.4034
615000,54,249.86,-21708.5,51.8209,0.405667
630000,56,245.274,-21720.6,60.3193,0.398667
645000,64,285.495,-21714.6,49.1142,0.3992
660000,68,302.121,-21709.3,59.9248,0.406267
675000,63,263.702,-21721.5,62.327,0.368286
690000,55,243.674,-21715.9,56.1665,0.399333
705000,49,220.122,-21718.4,62.8002,0.405156
720000,38,158.077,-21736.6,31.7966,0.395945
735000,48,212.857,-21711,40.3605,0.3942
750000,53,236.295,-21730.5,54.964,0.4057
765000,49,227.125,-21724.5,58.1081,0.405533
780000,53,225.729,-21720.2,49.527,0.405967
795000,45,200.526,-21734.8,41.3203,0.407267
810000,54,233.343,-21733.5,50.861,0.4122
825000,67,280.765,-21719.4,66.3022,0.4067
840000,65,297.082,-21710.8,70.5916,0.4122
855000,42,184.559,-21724.9,52.129,0.400156
870000,27,115.722,-21781.8,28.3211,0.382133
885000,44,189.743,-21720.3,53.4248,0.402556
900000,42,182.91,-21738.1,42.2119,0.3794
915000,59,248.216,-21743.4,63.3854,0.417133
930000,48,218.503,-21710.3,43.979,0.4176
945000,51,215.995,-21706.9,52.3234,0.408867
960000,54,231.109,-21734.1,60.926,0.392857
975000,55,252.242,-21732.9,50.6637,0.414633
990000,55,241.413,-21731.7,52.0603,0.413267
1005000,37,177.71,-21743.6,26.4788,0.400756
1020000,45,202.371,-21736.5,42.9626,0.386467
1035000,49,219.731,-21717.3,61.8623,0.409356
1050000,56,236.905,-21722.8,51.1044,0.4112
1065000,56,239.291,-21733.1,59.1964,0.4066
1080000,44,199.772,-21730.5,45.741,0.39405
1095000,48,205.016,-21734.2,53.3011,0.404667
1110000,39,174.349,-21762.9,38.2107,0.387508
1125000,57,256.314,-21726.1,51.287,0.400756
1140000,57,265.693,-21719.5,79.9399,0.398844
1155000,69,296.718,-21695.5,76.1855,0.4198
1170000,60,256.592,-21701.2,61.0576,0.423733
1185000,50,224.612,-21725.7,61.2275,0.3954
1200000,55,253.357,-21715.4,61.0254,0.4058
1215000,61,275.333,-21697.8,83.4671,0.410289
1230000,65,307.457,-21699,56.7071,0.4117
1245000,48,205.408,-21698.4,45.3921,0.384
1260000,51,215.64,-21719,70.8372,0.394044
1275000,52,221.075,-21700.7,46.9497,0.390867
1290000,59,253.988,-21704.3,72.558,0.390667
1305000,51,222.287,-21680.6,59.2286,0.398733
1320000,36,142.404,-21697.7,33.6588,0.3836
1335000,34,148.465,-21782.9,47.0726,0.388573
1350000,47,209.768,-21707.7,34.6018,0.382467
1365000,47,197.643,-21724.1,44.5761,0.3844
1380000,52,238.203,-21752.2,43.013,0.401775
1395000,46,193.052,-21721.7,45.2722,0.381567
1410000,40,177.58,-21715.7,44.3068,0.3758
1425000,41,180.827,-21736.4,42.2113,0.373789
1440000,49,222.003,-21709.5,59.0048,0.390767
1455000,60,265.854,-21711.7,56.4874,0.400653
1470000,70,313.271,-21707.8,85.938,0.404033
1485000,77,346.718,-21683.4,81.4879,0.415
1500000,73,300.026,-21723.2,60.1143,0.410022
1515000,68,304.322,-21693.5,53.6641,0.4093
1530000,56,250.101,-21727.6,58.3259,0.4193
1545000,72,312.003,-21698.1,79.6537,0.407433
1560000,78,354.058,-21699.4,81.2416,0.4202
1575000,53,238.759,-21744.2,59.57,0.409222
1590000,60,273.824,-21712,69.0737,0.4063
1605000,55,250.415,-21697.5,63.1683,0.393667
1620000,55,239.138,-21705.6,57.2868,0.396867
1635000,53,245.062,-21716.8,51.6331,0.399333
1650000,51,222.982,-21734,51.8709,0.411333
1665000,40,180.068,-21749.1,35.8326,0.399421
1680000,48,209.776,-21736,44.6095,0.4058
1695000,57,252.479,-21687.5,60.7052,0.395147
1710000,58,257.387,-21692.8,55.5784,0.391467
1725000,54,239.952,-21697.8,45.4759,0.389867
1740000,45,190.458,-21736.8,46.7772,0.399317
1755000,59,264.259,-21713.3,62.7224,0.401457
1770000,65,273.792,-21705.2,74.4766,0.407467
1785000,76,323.529,-21702.5,79.3555,0.4198
1800000,53,219.325,-21712,61.2339,0.393747
1815000,40,170.777,-21750.5,34.8905,0.395893
1830000,63,274.985,-21723.3,62.9875,0.411311
1845000,61,271.822,-21688.2,72.964,0.405356
1860000,47,201.5,-21729.2,50.9362,0.402033
1875000,59,258.841,-21732.1,57.1964,0.405133
1890000,57,243.866,-21702.3,70.2127,0.411933
1905000,56,245.862,-21695,59.7093,0.403867
1920000,49,203.133,-21708.9,36.5136,0.4026
1935000,47,202.015,-21708.6,55.2374,0.392367
1950000,53,234.045,-21728.6,44.7583,0.389933
1965000,52,223.162,-21699.7,57.966,0.388733
1980000,52,227.589,-21700.2,53.4078,0.395267
1995000,52,231.967,-21707.6,60.8484,0.394267
2010000,54,218.719,-21744,50.4834,0.398183
2025000,59,264.169,-21731.7,49.6637,0.4081
2040000,62,270.217,-21730.2,72.2585,0.4018
2055000,62,251.723,-21713.8,68.2995,0.406267
2070000,46,216.028,-21748.6,54.8204,0.388459
2085000,75,316.006,-21686.7,64.0135,0.4129
2100000,60,254.551,-21720,67.4748,0.413583
2115000,66,297.918,-21678.3,74.5627,0.4087
2130000,60,268.902,-21741.8,57.5984,0.419967
2145000,72,327.258,-21692.7,81.2205,0.408233
2160000,55,244.609,-21710.2,48.935,0.402067
2175000,57,274.567,-21703.4,54.7116,0.392367
2190000,54,228.488,-21718.8,69.7074,0.397233
2205000,36,161.586,-21743.7,36.4121,0.391548
2220000,47,202.177,-21724.1,55.3062,0.382267
2235000,57,245.209,-21706.3,52.681,0.403067
2250000,65,280.242,-21683.3,73.2961,0.394733
2265000,37,154.454,-21743.3,26.5543,0.38105
2280000,57,239.955,-21692.9,66.0497,0.400767
2295000,66,290.922,-21680.2,55.839,0.407667
2310000,70,325.419,-21685.6,74.842,0.4146
2325000,61,245.454,-21691.7,52.3565,0.4068
2340000,45,195.199,-21724.4,47.8559,0.401562
2355000,48,202.061,-21743.4,33.264,0.392978
2370000,56,223.102,-21702.5,48.2352,0.3924
2385000,55,237.82,-21719,59.7092,0.405689
2400000,59,244.279,-21682.9,55.5596,0.3993
2415000,61,259.479,-21711.6,56.8764,0.403933
2430000,48,209.813,-21718.4,59.2627,0.3978
2445000,71,299.264,-21713.2,60.9356,0.4
2460000,64,269.967,-21705.6,67.3535,0.407067
2475000,60,256.854,-21708.4,66.0261,0.388933
2490000,59,250.412,-21687.1,49.2647,0.376467
2505000,57,234.527,-21700.3,53.0379,0.3974
2520000,64,295.537,-21712.4,71.9014,0.392733
2535000,63,272.119,-21700.2,56.9327,0.403867
2550000,56,258.341,-21715.2,60.427,0.397867
2565000,62,265.264,-21695,65.2535,0.397475
2580000,67,298.971,-21725.7,74.6216,0.4206
2595000,62,256.349,-21731.6,58.1812,0.409778
2610000,55,252.937,-21697.1,52.1782,0.404733
2625000,57,264.672,-21710.7,66.7414,0.405978
2640000,57,257.546,-21699.1,49.5386,0.397367
2655000,54,232.763,-21700.8,58.2595,0.397833
2670000,56,241.642,-21691.9,69.5582,0.3922
2685000,48,206.185,-21715,38.7627,0.393178
2700000,89,399.054,-21673.8,89.9268,0.409433
2715000,89,377.621,-21701.9,79.5315,0.417
2730000,79,352.655,-21675.1,80.3962,0.411867
2745000,68,280.101,-21717.5,66.3634,0.430667
2760000,52,218.599,-21695.7,61.6994,0.387906
2775000,60,266.386,-21704,65.7423,0.395433
2790000,59,238.01,-21714.4,50.546,0.3952
2805000,54,233.491,-21716.6,54.359,0.403467
2820000,54,240.75,-21706.2,52.9825,0.410467
2835000,54,237.503,-21715.4,62.9537,0.3908
2850000,53,231.896,-21718.1,50.8345,0.383767
2865000,49,217.172,-21697,67.411,0.390067
2880000,52,227.198,-21717.8,57.901,0.397578
2895000,51,218.065,-21700.6,41.0284,0.390533
2910000,39,165.954,-21726.1,37.1521,0.403794
2925000,58,259.757,-21717.7,52.2509,0.387017
2940000,55,251.017,-21720.1,53.9046,0.398267
2955000,50,221.915,-21717.5,57.6332,0.400133
2970000,60,258.975,-21716.9,56.2392,0.403133
2985000,50,222.497,-21713.2,60.7295,0.391267
3000000,62,278.651,-21696,69.9735,0.396978
3015000,53,237.135,-21727.5,54.9103,0.393889
3030000,59,264.381,-21738.7,56.1728,0.4106
3045000,56,236.477,-21731.1,57.3017,0.392167
3060000,48,226.525,-21725.9,43.5961,0.4013
3075000,56,249.703,-21698.8,65.4184,0.41404
3090000,52,221.462,-21706.5,56.6341,0.408267
3105000,48,216.1,-21732.3,57.626,0.391578
3120000,53,234.6,-21707.1,59.6301,0.40392
3135000,44,197.247,-21736,47.371,0.385967
3150000,44,197.931,-21705.9,55.0005,0.385183
3165000,55,255.765,-21700,59.1993,0.384067
3180000,63,264.871,-21729.1,80.1724,0.4102
3195000,55,242.504,-21716.4,58.7928,0.416933
3210000,55,238.147,-21695.3,48.1249,0.404933
3225000,52,245.71,-21728.9,52.4722,0.39401
3240000,68,306.963,-21703,63.3798,0.396067
3255000,67,286.596,-21700.9,56.3783,0.4128
3270000,52,234.193,-21709.7,51.901,0.390244
3285000,68,287.757,-21704.2,81.112,0.4188
3300000,66,291.761,-21689.5,73.0346,0.417267
3315000,74,321.507,-21718.9,71.9183,0.4124
3330000,69,295.7,-21705.2,74.6147,0.412867
3345000,56,242.205,-21686.5,60.483,0.402133
3360000,62,271.901,-21705.8,52.2751,0.409267
3375000,57,238.236,-21679,60.4374,0.39699
3390000,67,301.734,-21708.2,75.4128,0.3952
3405000,54,229.902,-21693.2,59.0197,0.401733
3420000,59,274.663,-21743.1,70.2603,0.410267
3435000,66,291.856,-21689.2,50.488,0.405267
3450000,72,313.106,-21687,76.3575,0.4128
3465000,66,294.01,-21686.8,74.4292,0.416667
3480000,77,312.505,-21706.8,61.2936,0.409333
3495000,61,265.319,-21701.5,55.1715,0.422933
3510000,45,202.398,-21717.1,43.2537,0.401133
3525000,64,266.546,-21708.8,68.9616,0.400767
3540000,49,218.042,-21738.5,54.0597,0.4092
3555000,35,154.055,-21722.6,33.4592,0.382733
3570000,48,206.139,-21706.5,46.2289,0.371867
3585000,64,275.256,-21694.7,52.7061,0.397833
3600000,54,243.929,-21719.9,48.8861,0.4074
3615000,46,191.389,-21713.5,30.3836,0.395167
3630000,45,195.874,-21737.9,38.3089,0.395367
3645000,48,227.96,-21738.8,44.2483,0.407867
3660000,53,219.898,-21715.7,55.0541,0.399404
3675000,48,216.025,-21741.6,50.1916,0.411333
3690000,50,223.356,-21741.5,42.7212,0.397067
3705000,59,264.396,-21702.7,58.2846,0.401533
3720000,51,232.586,-21747.5,57.4174,0.413367
3735000,50,213.589,-21730.3,48.7322,0.409
3750000,50,218.183,-21724.2,51.0968,0.396867
3765000,54,224.856,-21723.9,45.0408,0.408733
3780000,58,258.609,-21716,60.1165,0.400373
3795000,50,213.442,-21712.8,48.9612,0.4044
3810000,52,241.114,-21733,53.0924,0.409556
3825000,61,257.104,-21696.6,60.2478,0.3924
3840000,70,296.131,-21683.4,70.7527,0.414133
3855000,51,220.771,-21693.2,44.6269,0.394078
3870000,46,195.038,-21701.7,50.9027,0.3988
3885000,45,197.286,-21716.2,40.5453,0.38
3900000,52,204.3,-21719.8,55.3578,0.382533
3915000,60,244.698,-21724.1,52.959,0.395333
3930000,53,234.123,-21702.4,43.2921,0.398933
3945000,50,226.445,-21705,45.22,0.402867
3960000,57,263.184,-21686.7,54.3515,0.400933
3975000,59,253.442,-21706.5,71.82,0.407467
3990000,59,257.711,-21723.7,77.6135,0.407933
4005000,62,283.738,-21709.1,77.9622,0.408533
4020000,64,289.788,-21685.3,63.3162,0.402667
4035000,60,259.945,-21681.1,65.0824,0.3874
4050000,55,240.818,-21707,52.168,0.393667
4065000,41,169.708,-21714.7,47.8829,0.380157
4080000,54,230.787,-21706.8,53.5,0.4011
4095000,58,255.59,-21718.7,55.6937,0.397298
4110000,58,251.929,-21719.4,66.6601,0.409367
4125000,57,255.883,-21713.7,55.3786,0.4035
4140000,67,269.019,-21704.2,74.2135,0.3992
4155000,43,176.008,-21701.9,45.5922,0.394467
4170000,40,164.263,-21702.6,44.5991,0.383467
4185000,53,239.989,-21690.1,48.3143,0.3724
4200000,64,292.878,-21714,69.9787,0.396767
4215000,62,288.172,-21694.2,64.188,0.411667
4230000,70,310.143,-21678.1,69.1721,0.403289
4245000,66,291.935,-21680.2,80.8828,0.4072
4260000,68,300.831,-21691.6,80.7871,0.413067
4275000,68,297.623,-21695.3,68.5721,0.413333
4290000,64,290.575,-21715.3,66.2259,0.406293
4305000,61,258,-21711,68.34,0.398467
4320000,68,308,-21682.8,72.3633,0.426267
4335000,50,209.297,-21717.1,54.7234,0.40395
4350000,46,197.438,-21712.5,53.8047,0.389133
4365000,60,252.084,-21701.7,63.773,0.410489
4380000,55,253.544,-21720.8,61.0682,0.3938
4395000,62,276.368,-21702.4,74.4712,0.399067
4410000,68,307.11,-21703.5,77.3032,0.413267
4425000,76,344.398,-21690.3,83.4649,0.421533
4440000,61,282.097,-21709,57.1746,0.399989
4455000,73,332.512,-21698.2,82.241,0.416267
4470000,65,281.44,-21688.2,64.6229,0.4098
4485000,66,305.14,-21688.2,62.5906,0.402533
4500000,53,253.217,-21686.8,49.0448,0.401867
4515000,61,266.306,-21721.3,67.4103,0.4038
4530000,47,203.003,-21730.3,62.1401,0.393228
4545000,45,202.716,-21725.9,41.8277,0.390667
4560000,63,298.377,-21693.1,57.1167,0.407111
4575000,60,265.512,-21711.2,60.7242,0.4
4590000,58,253.879,-21712.1,57.6529,0.406667
4605000,52,213.551,-21703.1,54.6745,0.395367
4620000,49,225.795,-21715.6,54.0853,0.387167
4635000,49,205.885,-21687.6,48.6884,0.391967
4650000,56,247.176,-21693.4,69.2668,0.386633
4665000,48,222.619,-21696.3,49.5791,0.3924
4680000,53,233.411,-21711.5,58.623,0.391689
4695000,48,215.957,-21724.1,50.9858,0.388304
4710000,63,276.482,-21709.3,48.606,0.386622
4725000,75,309.284,-21695.8,83.9601,0.411733
4740000,74,337.316,-21695.6,69.5424,0.404467
4755000,62,258.243,-21706.7,56.8754,0.41072
4770000,64,287.939,-21717.7,64.8589,0.418533
4785000,63,286.524,-21678.6,66.4912,0.416089
4800000,48,198.674,-21711.9,41.728,0.406533
4815000,42,172.326,-21708.6,46.8139,0.381867
4830000,42,178.906,-21706.3,43.4404,0.388933
4845000,55,233.339,-21716,57.2174,0.381467
4860000,66,283.842,-21696.6,79.2877,0.406933
4875000,49,205.94,-21697.2,45.8863,0.405067
4890000,49,212.629,-21699.5,53.9999,0.4
4905000,60,279.194,-21702.9,55.2186,0.393383
4920000,50,217.334,-21696.4,63.3622,0.3975
4935000,45,188.938,-21696.7,41.7471,0.386067
4950000,45,182.969,-21697.1,50.0623,0.383867
4965000,61,272.558,-21696.1,63.2674,0.390933
4980000,45,204.549,-21690.7,47.6381,0.386947
4995000,60,257.576,-21683.3,68.4392,0.390533
5010000,50,213.121,-21676.5,40.0534,0.3934
5025000,50,225.151,-21692.5,56.3569,0.392321
5040000,50,227.435,-21682.5,55.5788,0.388867
5055000,67,293.725,-21682.1,62.1484,0.396089
5070000,57,263.921,-21707,70.466,0.399333
5085000,61,275.587,-21698,47.1281,0.395267
5100000,58,255.524,-21730.2,48.1506,0.395517
5115000,62,275.178,-21690,54.2369,0.392127
5130000,66,297.918,-21721.6,52.8752,0.407233
5145000,56,251.539,-21694.5,54.0884,0.419267
5160000,60,271.914,-21683.3,49.3296,0.408947
5175000,53,229.509,-21692.6,67.7977,0.387667
5190000,51,225.723,-21688.6,45.3173,0.397267
5205000,64,286.223,-21690.4,61.8137,0.399333
5220000,59,268.238,-21690.2,69.9745,0.404467
5235000,67,301.361,-21665.1,65.9866,0.3915
5250000,65,273.007,-21672.6,81.2224,0.4018
5265000,61,264.23,-21700.1,74.7834,0.3968
5280000,60,257.026,-21671.1,59.3786,0.3984
5295000,60,255.761,-21707.4,57.7054,0.40096
5310000,45,195.527,-21710.3,38.4502,0.387133
5325000,45,204.285,-21702.1,46.2839,0.376133
5340000,54,233.858,-21697.9,46.9721,0.397992
5355000,55,240.652,-21707.7,63.9687,0.398167
5370000,50,220.877,-21714.8,46.6263,0.371967
5385000,55,249.066,-21732.8,53.5593,0.385267
5400000,62,265.227,-21708.2,44.6432,0.398467
5415000,56,233.719,-21714.2,67.7489,0.39245
5430000,59,252.813,-21681.3,47.4161,0.403511
5445000,40,175.521,-21730.1,47.1184,0.407756
5460000,64,276.231,-21696.3,54.6581,0.399767
5475000,52,237.705,-21727.1,50.1231,0.381267
5490000,55,240.316,-21710.2,62.0912,0.400533
5505000,32,132.495,-21750.7,31.1773,0.381867
5520000,38,151.403,-21715.1,38.1695,0.382422
5535000,53,228.469,-21706.2,54.4173,0.400178
5550000,49,210.177,-21726.3,46.2944,0.401267
5565000,59,255.344,-21725.5,59.8107,0.390383
5580000,45,174.886,-21711.5,47.2303,0.389167
5595000,54,231.182,-21721,56.2136,0.396033
5610000,55,242.621,-21723.1,59.2649,0.415067
5625000,59,262.434,-21696,57.0602,0.403467
5640000,54,243.8,-21703.4,45.1877,0.394667
5655000,63,284.973,-21700.3,58.52,0.393733
5670000,51,220.111,-21714.5,63.735,0.395667
5685000,51,229.069,-21736.4,48.1061,0.390104
5700000,61,250.686,-21705,70.3875,0.397967
5715000,70,308.025,-21713,78.9978,0.405933
5730000,62,293.72,-21738.6,59.6749,0.399733
5745000,75,324.885,-21681.5,74.5033,0.4197
5760000,55,234.175,-21714.4,62.0234,0.398106
5775000,76,321.843,-21665.8,79.9215,0.415467
5790000,70,305.967,-21687.2,63.6649,0.393767
5805000,62,288.018,-21715,69.5914,0.4042
5820000,56,232.795,-21699.7,47.6209,0.399533
5835000,60,278.302,-21696.2,46.7705,0.39765
5850000,58,263.162,-21700.9,43.4086,0.412133
5865000,60,248.786,-21687.1,64.7639,0.393222
5880000,79,347.948,-21693.1,70.7976,0.407733
5895000,79,346.667,-21679.1,74.5852,0.410733
5910000,57,258.417,-21689.9,66.1717,0.4031
5925000,59,265.576,-21702.1,68.1881,0.408367
5940000,54,222.242,-21687.1,49.1691,0.3949
5955000,60,280.764,-21686.4,53.4318,0.391
5970000,73,333.19,-21693.1,54.1765,0.4082
5985000,69,298.055,-21707,63.2182,0.403467
6000000,53,243.69,-21703,58.1727,0.408813
6015000,62,271.332,-21690.4,61.201,0.4009
6030000,58,263.33,-21692.3,51.8582,0.384467
6045000,72,320.195,-21698.6,69.3201,0.396467
6060000,49,232.279,-21719.2,55.1595,0.393645
6075000,50,228.059,-21710.6,47.5337,0.383767
6090000,54,257.878,-21729.9,47.1158,0.390367
6105000,68,307.694,-21687.8,72.6775,0.3995
6120000,59,251.304,-21692.7,51.0091,0.413467
6135000,48,207.002,-21710.1,53.1585,0.39204
6150000,71,324.682,-21690.8,68.529,0.398967
6165000,52,248.409,-21718.9,35.3292,0.393307
6180000,57,257.708,-21698.5,60.293,0.4009
6195000,41,199.715,-21725.5,40.044,0.394433
6210000,65,284.26,-21696.1,60.9415,0.3961
6225000,66,278.495,-21675.6,67.7606,0.406333
6240000,62,254.238,-21693.9,62.651,0.400467
6255000,62,272.341,-21708.9,62.6141,0.407483
6270000,46,198.06,-21721.5,51.6261,0.385963
6285000,41,189.147,-21708.8,37.1273,0.387067
6300000,37,169.555,-21715.7,29.9214,0.394267
6315000,41,174.946,-21739.1,45.3658,0.386867
6330000,42,171.865,-21743.6,45.0117,0.375867
6345000,58,237.704,-21699.9,51.75,0.400722
6360000,61,265.485,-21711.9,52.5741,0.404058
6375000,62,277.046,-21692.8,72.1742,0.4043
6390000,58,263.362,-21704.3,44.7138,0.391267
6405000,60,265.933,-21701.5,63.0494,0.4066
6420000,58,253.35,-21720.7,52.1203,0.410733
6435000,44,205.005,-21714.4,35.4886,0.395
6450000,48,210.457,-21704.7,49.932,0.402667
6465000,48,217.173,-21723.8,44.4207,0.382533
6480000,51,217.135,-21705.4,53.7667,0.3976
6495000,66,300.379,-21711.9,72.8224,0.416467
6510000,52,239.162,-21691.8,47.4099,0.399778
6525000,51,240.076,-21709.6,48.2216,0.3958
6540000,57,251.616,-21699.1,65.7334,0.400711
6555000,57,254.479,-21700.6,45.8955,0.390958
6570000,56,243.279,-21701.2,50.4198,0.4026
6585000,48,210.831,-21719.7,39.882,0.400444
6600000,52,227.177,-21718,49.7887,0.3919
6615000,45,193.081,-21745.3,47.223,0.3976
6630000,57,257.791,-21710.8,51.4437,0.402562
6645000,58,257.799,-21721.2,48.3815,0.406867
6660000,51,221.821,-21713.9,59.4884,0.3966
6675000,50,220.89,-21724.1,51.3149,0.388133
6690000,44,193.545,-21708.9,49.7455,0.396213
6705000,54,223.324,-21731.1,63.7512,0.3774
6720000,45,199.518,-21727.3,57.7651,0.385556
6735000,47,209.452,-21721.1,51.9495,0.397433
6750000,35,152.958,-21736.7,37.8417,0.382222
6765000,53,223.322,-21735.9,57.9698,0.383267
6780000,63,297.811,-21738.6,57.5058,0.402933
6795000,40,177.768,-21721.4,37.681,0.391233
6810000,55,247.083,-21716.7,61.8488,0.408667
6825000,38,177.103,-21736.7,41.5044,0.3753
6840000,56,246.716,-21696.6,42.1376,0.391733
6855000,54,231.473,-21697.8,49.1108,0.386467
6870000,36,162.228,-21736.2,33.9716,0.385158
6885000,61,267.797,-21675,63.2693,0.398633
6900000,45,191.887,-21732.7,36.3645,0.387667
6915000,57,237.222,-21688.7,56.7684,0.399367
6930000,56,242.232,-21693.6,55.5092,0.397
6945000,56,240.273,-21715.1,54.0075,0.393675
6960000,53,219.461,-21724.7,60.8422,0.4216
6975000,51,221.193,-21723.1,53.006,0.4124
6990000,57,244.431,-21725.3,58.4664,0.408067
7005000,48,200.884,-21722.2,44.709,0.402333
7020000,39,177.261,-21757.2,26.9401,0.396222
7035000,55,224.163,-21700.5,61.3908,0.394533
7050000,60,266.159,-21694.4,65.4938,0.393
7065000,44,195.248,-21708.4,57.1184,0.377091
7080000,48,206.799,-21712.1,40.3263,0.383267
7095000,45,199.968,-21757.7,55.1925,0.392373
7110000,30,128.324,-21750.4,36.4263,0.381867
7125000,37,169.342,-21726.6,38.398,0.361067
7140000,41,186.584,-21703.3,34.6771,0.379233
7155000,52,228.564,-21707.7,43.9127,0.361733
7170000,56,246.748,-21725.9,61.3312,0.389
7185000,47,206.942,-21704.2,43.0903,0.388867
7200000,43,199.841,-21728.6,37.8735,0.38536
7215000,53,214.559,-21696.7,46.9654,0.383067
7230000,60,271.637,-21693.8,53.6984,0.389533
7245000,47,196.367,-21720.8,41.5874,0.396
7260000,57,259.527,-21700.7,53.2253,0.394133
7275000,48,216.344,-21711.1,48.434,0.394587
7290000,52,228.155,-21723.2,51.5184,0.398867
7305000,49,225.89,-21693.6,35.1727,0.381756
7320000,55,246.525,-21704.1,61.3623,0.388933
7335000,55,244.524,-21714,47.5601,0.398933
7350000,55,245.186,-21716.3,61.4295,0.419267
7365000,57,243.654,-21697.6,50.5045,0.406467
7380000,48,211.404,-21724.3,60.629,0.398409
7395000,39,162.715,-21716.3,48.3702,0.3945
7410000,41,178.709,-21708.7,40.1693,0.3883
7425000,50,206.447,-21703.2,55.9991,0.389225
7440000,51,214.816,-21712.3,50.8315,0.389333
7455000,44,202.524,-21711.4,38.6364,0.3887
7470000,58,250.719,-21692.7,53.4057,0.393967
7485000,69,307.698,-21716.7,60.9219,0.397133
7500000,61,267.026,-21705.3,71.7588,0.401067
7515000,55,244.191,-21691.7,48.0879,0.388778
7530000,59,267.128,-21698.5,60.1613,0.401367
7545000,50,236.906,-21716,50.1747,0.397867
7560000,59,248.146,-21669.4,60.9468,0.386222
7575000,64,290.704,-21666.8,54.1122,0.404267
7590000,55,248.083,-21684.7,55.049,0.3906
7605000,59,263.928,-21695.4,60.894,0.397733
7620000,46,203.021,-21716.8,43.4949,0.384093
7635000,57,252.868,-21692.1,52.3519,0.390033
7650000,58,242.441,-21691.5,62.127,0.385267
7665000,66,288.965,-21727.9,68.4359,0.39002
7680000,55,259.335,-21677.8,69.3042,0.388633
7695000,61,284.591,-21709.2,63.3317,0.398253
7710000,61,259.253,-21700.3,58.162,0.401133
7725000,55,242.223,-21690.1,55.8462,0.389267
7740000,60,261.281,-21701.6,64.9533,0.3912
7755000,48,208.671,-21715.5,57.4133,0.398933
7770000,52,235.359,-21712.2,48.4331,0.3962
7785000,36,153.108,-21760.4,33.8471,0.396783
7800000,59,258.607,-21690.9,52.4684,0.396833
7815000,48,198.641,-21708.5,45.7008,0.392333
7830000,61,262.438,-21676.8,79.4056,0.395248
7845000,48,208.048,-21698,49.1137,0.381533
7860000,31,137.447,-21751.9,42.721,0.395467
7875000,54,232.267,-21701.2,54.0805,0.380933
7890000,56,258.816,-21727.1,54.1046,0.396567
7905000,42,180.003,-21704.4,39.9357,0.379067
7920000,45,192.826,-21696.1,50.7537,0.376933
7935000,44,181.674,-21754.6,52.2853,0.383827
7950000,52,231.088,-21758.7,52.892,0.411333
7965000,54,229.68,-21722.9,58.5304,0.385067
7980000,36,158.587,-21748.7,37.0726,0.394333
7995000,45,198.663,-21736.6,50.5849,0.406044
8010000,50,224.689,-21691.2,53.7916,0.372867
8025000,41,191.622,-21738.9,42.4201,0.382511
8040000,56,247.292,-21702.6,53.9688,0.3999
8055000,48,208.13,-21740.6,51.8477,0.401167
8070000,55,244.287,-21748.7,48.9037,0.40448
8085000,70,291.159,-21681,88.4144,0.404
8100000,64,272.76,-21683.5,68.3139,0.4052
8115000,54,247.308,-21682.9,60.117,0.399333
8130000,64,280.943,-21683.4,56.6004,0.397133
8145000,51,232.927,-21745.3,42.7994,0.405111
8160000,58,247.035,-21698.3,66.4916,0.394967
8175000,57,253.291,-21692.3,48.9947,0.395467
8190000,62,277.319,-21721.6,56.2348,0.406022
8205000,55,250.278,-21722,54.7191,0.4152
8220000,67,295.462,-21676,85.9221,0.396089
8235000,50,227.939,-21733.8,38.9842,0.413467
8250000,51,232.939,-21739.8,42.8265,0.407733
8265000,56,251.185,-21739.6,62.9671,0.413667
8280000,54,247.055,-21714.5,55.9589,0.400005
8295000,55,244.558,-21700.8,37.2905,0.40004
8310000,45,190.856,-21732.3,44.0193,0.409022
8325000,59,263.335,-21692.8,55.8327,0.396733
8340000,58,258.218,-21708.1,52.4712,0.401133
8355000,58,252.861,-21718.2,68.9902,0.408667
8370000,38,173.431,-21758.9,34.5186,0.393989
8385000,39,181.808,-21710.7,41.1901,0.3818
8400000,50,213.388,-21729.8,54.2007,0.393111
8415000,47,222.819,-21720.3,33.1694,0.3869
8430000,42,184.812,-21719.1,45.7749,0.387467
8445000,51,228.285,-21760.4,53.7739,0.4002
8460000,46,199.677,-21722.1,61.0144,0.396567
8475000,53,233.846,-21725.5,61.7134,0.386533
8490000,59,260.402,-21691.6,62.4212,0.410511
8505000,66,289.228,-21726.9,69.9446,0.395333
8520000,80,351.926,-21704.3,69.6318,0.4132
8535000,72,314.338,-21718.6,78.8525,0.419267
8550000,64,270.462,-21708.1,79.1788,0.422467
8565000,44,184.248,-21717.1,34.8887,0.392408
8580000,59,253.401,-21712.8,53.0161,0.409933
8595000,60,264.001,-21704.5,62.0404,0.402211
8610000,53,214.42,-21730.6,51.0228,0.424767
8625000,49,211.888,-21706.1,48.0271,0.3948
8640000,55,238.069,-21723.5,48.1074,0.4054
8655000,59,252.23,-21693.9,57.3296,0.409667
8670000,56,227.52,-21703.2,48.9589,0.409067
8685000,44,202.923,-21708.1,38.9719,0.393467
8700000,50,231.755,-21693.9,53.847,0.382933
8715000,52,247.29,-21725.1,50.2103,0.393048
8730000,59,268.642,-21713.1,58.0733,0.4061
8745000,57,272.867,-21725.5,54.8841,0.412
8760000,46,207.885,-21719.5,47.0246,0.402533
8775000,48,215.607,-21718.6,58.5127,0.391133
8790000,54,240.476,-21722.3,49.7582,0.3976
8805000,38,159.821,-21724.8,45.9126,0.399544
8820000,42,180.051,-21736.3,36.0078,0.386267
8835000,43,199.345,-21727.3,42.3978,0.389267
8850000,38,170.637,-21712.1,34.9189,0.372267
8865000,40,168.028,-21705,42.6404,0.3686
8880000,49,207.416,-21709,57.5786,0.388067
8895000,39,184.879,-21759.4,44.2576,0.393717
8910000,44,207.496,-21727,31.9974,0.3783
8925000,53,237.17,-21710.7,53.9414,0.384267
8940000,53,254.16,-21708.5,48.2857,0.397467
8955000,54,245.961,-21715.8,55.4202,0.399733
8970000,67,304.914,-21718.8,74.0809,0.391933
8985000,37,166.225,-21742.7,45.809,0.381026
9000000,59,257.79,-21707.4,46.9146,0.406833
9015000,48,224.41,-21729.1,50.5553,0.38875
9030000,46,203.517,-21716.7,36.9586,0.383733
9045000,43,184.142,-21724.6,42.2909,0.3842
9060000,55,221.068,-21709.1,45.7352,0.391
9075000,55,238.623,-21710.2,59.4771,0.413733
9090000,68,289.863,-21695.6,79.5352,0.402267
9105000,60,262.717,-21738.1,51.6303,0.38999
9120000,53,222.656,-21736,50.5608,0.386896
9135000,53,221.344,-21700.1,59.9849,0.3974
9150000,57,255.429,-21730.9,47.8153,0.4072
9165000,51,207.941,-21697.7,58.0066,0.401033
9180000,30,129.786,-21732.5,29.0221,0.391733
9195000,49,213.813,-21701,46.0953,0.407867
9210000,47,198.828,-21724.9,46.3217,0.400983
9225000,43,199.94,-21720.3,47.8549,0.403467
9240000,54,250.169,-21711.6,63.5895,0.402067
9255000,59,272.799,-21702,63.1315,0.4005
9270000,62,270.443,-21710.7,50.8337,0.399267
9285000,57,252.481,-21725.4,58.8957,0.394648
9300000,54,233.1,-21718,53.6976,0.4066
9315000,52,235.809,-21720.6,50.5831,0.407827
9330000,42,165.402,-21712.4,40.6064,0.3988
9345000,46,204.655,-21748.3,49.4865,0.39236
9360000,42,190.609,-21733,41.4247,0.389367
9375000,62,265.068,-21721,58.937,0.389747
9390000,32,140.594,-21766,43.0132,0.386833
9405000,33,138.571,-21730.1,37.4102,0.381933
9420000,51,214.094,-21713.8,48.0558,0.391556
9435000,52,234.037,-21709.3,54.047,0.376733
9450000,47,214.026,-21719.1,56.7535,0.404467
9465000,37,162.099,-21767.8,46.2118,0.373
9480000,37,160.114,-21742,41.8956,0.382967
9495000,40,187.572,-21745.3,32.3129,0.394467
9510000,35,163.93,-21737.1,27.2957,0.366733
9525000,40,175.687,-21733.2,43.732,0.3722
9540000,47,209.023,-21725.8,50.8557,0.392775
9555000,44,197.701,-21722.2,40.882,0.390333
9570000,46,214.828,-21734.1,55.6913,0.3956
9585000,48,217.339,-21709.8,57.1845,0.397533
9600000,45,204.722,-21710.3,28.5796,0.391
9615000,43,201.186,-21735.5,39.1537,0.386856
9630000,58,262.608,-21706.3,61.047,0.387836
9645000,57,245.765,-21698.9,53.3569,0.4138
9660000,48,220.338,-21702.4,45.5801,0.4023
9675000,52,215.419,-21722.7,59.6713,0.403667
9690000,55,249.727,-21722.1,41.2645,0.396667
9705000,49,220.821,-21706.1,35.1011,0.382178
9720000,38,171.596,-21713.8,33.6241,0.388
9735000,58,257.759,-21728.2,55.7145,0.393067
9750000,51,229.944,-21705.8,41.7378,0.413067
9765000,50,225.223,-21719,39.5614,0.408667
9780000,54,236.916,-21718.5,52.0223,0.3984
9795000,72,309.105,-21733.9,80.3205,0.4166
9810000,59,262.65,-21699.9,65.7878,0.402229
9825000,53,245.279,-21748.1,50.793,0.42
9840000,45,188.644,-21727,53.3752,0.415
9855000,39,163.256,-21716.5,37.7718,0.403833
9870000,39,167.626,-21703,46.984,0.379133
9885000,31,129.223,-21734.7,36.5962,0.393644
9900000,44,193.624,-21736.2,37.6488,0.387733
9915000,50,229.007,-21755,41.7874,0.382833
9930000,45,197.232,-21721.6,46.6499,0.3923
9945000,48,224.941,-21716.3,47.7909,0.392844
9960000,46,200.929,-21710.5,44.7712,0.398567
9975000,48,207.29,-21704.2,50.7268,0.396033
9990000,51,229.472,-21710.2,45.9887,0.4028
10005000,61,296.093,-21734.9,71.4823,0.394
10020000,55,250.008,-21729.1,65.6556,0.399433
10035000,47,203.201,-21707.3,51.1409,0.396917
10050000,71,324.193,-21706.5,68.8115,0.4115
10065000,62,283.571,-21712.4,55.6526,0.405133
10080000,63,286.353,-21688.3,51.6574,0.4231
10095000,62,271.54,-21686.5,62.6807,0.3996
10110000,62,271.105,-21677.4,72.8803,0.408333
10125000,68,303.177,-21686.5,62.752,0.408667
10140000,53,217.386,-21680.7,55.1178,0.395467
10155000,49,218.528,-21728,63.9194,0.3946
10170000,48,218.671,-21714,44.4607,0.380233
10185000,59,275.249,-21721.4,46.254,0.3876
10200000,64,285.867,-21705.4,78.0051,0.410133
10215000,64,294.986,-21706.8,68.3815,0.3972
10230000,72,313.766,-21693.6,71.3953,0.4098
10245000,82,364.407,-21696.8,82.2111,0.415267
10260000,82,360.946,-21696.4,94.5677,0.421267
10275000,66,308.628,-21675.6,79.9205,0.403933
10290000,78,340.335,-21659,76.0348,0.406
10305000,71,326.85,-21691.6,71.372,0.400133
10320000,81,369.803,-21689.3,82.8746,0.414133
10335000,64,280.976,-21703.1,60.6212,0.404067
10350000,41,189.176,-21746.9,32.8512,0.394621
10365000,60,267.775,-21720.5,60.3634,0.393267
10380000,38,167.591,-21737.3,35.2959,0.385267
10395000,53,242.418,-21725.3,42.7783,0.392533
10410000,51,242.219,-21739.1,43.372,0.413133
10425000,41,186.807,-21725.5,41.8207,0.397244
10440000,39,161.669,-21729.8,33.8751,0.394733
10455000,41,192.441,-21731.1,36.6748,0.399522
10470000,43,178.312,-21717.3,34.5394,0.3821
10485000,52,217.593,-21717.2,52.142,0.390667
10500000,52,226.197,-21715.1,42.6668,0.394222
10515000,49,203.387,-21724.9,55.8428,0.3908
10530000,55,250.191,-21714.3,65.1403,0.416
10545000,46,206.176,-21715.8,39.1725,0.39785
10560000,51,243.06,-21708.9,42.7087,0.397615
10575000,64,281.652,-21718.8,68.6884,0.408333
10590000,42,196.077,-21759.9,33.1803,0.39835
10605000,65,274.626,-21714.7,68.0705,0.414067
10620000,59,273.441,-21719.7,81.2798,0.400867
10635000,64,273.33,-21681,50.7578,0.403133
10650000,61,264.84,-21697.4,70.9235,0.404933
10665000,51,220.245,-21716.9,58.7124,0.413667
10680000,58,265.742,-21713.3,59.6072,0.402867
10695000,42,178.853,-21731.8,43.9728,0.383295
10710000,47,209.386,-21700.8,44.6651,0.387167
10725000,54,240.616,-21698.9,51.654,0.385667
10740000,50,234.684,-21717.5,54.6081,0.394026
10755000,63,273.658,-21697.7,62.2104,0.3907
10770000,42,190.483,-21717.8,40.4048,0.39092
10785000,61,273.365,-21684,57.5696,0.406967
10800000,45,212.281,-21723,40.3581,0.384967
10815000,48,219.684,-21713.5,60.5392,0.391067
10830000,44,198.318,-21725.3,47.1698,0.3756
10845000,38,175.211,-21705.5,42.3802,0.374867
10860000,44,201.204,-21716.8,53.0505,0.391173
10875000,39,189.602,-21733.8,29.9666,0.384933
10890000,48,234.677,-21711.5,42.1961,0.392
10905000,59,246.955,-21716,50.5327,0.400467
10920000,50,221.47,-21704.8,46.5802,0.391187
10935000,46,205.556,-21709.4,56.6142,0.39912
10950000,66,297.098,-21732.5,80.407,0.409367
10965000,60,269.234,-21716.3,54.4233,0.389467
10980000,46,190.088,-21739.6,46.7473,0.405489
10995000,53,234.97,-21704.1,39.6791,0.409933
11010000,48,210.011,-21706.1,35.903,0.3964
11025000,38,172.671,-21714.4,46.1853,0.387467
11040000,52,208.305,-21734.7,40.7351,0.3758
11055000,54,234.076,-21729.9,64.6584,0.39325
11070000,49,227.58,-21740.7,43.9421,0.398078
11085000,59,251.574,-21700.7,55.3037,0.388511
11100000,51,226.501,-21717.4,55.1021,0.4078
11115000,52,225.357,-21710.9,62.1685,0.403733
11130000,53,234.547,-21728.7,48.4473,0.403
11145000,56,256.379,-21715.6,50.0854,0.413067
11160000,43,177.221,-21731.6,52.0004,0.392
11175000,50,235.039,-21701.5,52.7583,0.388467
11190000,45,192.423,-21720.3,46.2359,0.366333
11205000,43,197.57,-21734.1,39.0872,0.3994
11220000,44,187.323,-21751.8,32.0544,0.398818
11235000,45,193.032,-21743.8,45.7017,0.3844
11250000,51,230.656,-21753.9,44.0927,0.4134
11265000,52,235.539,-21748.3,56.8431,0.403133
11280000,54,218.076,-21734.8,57.0936,0.393627
11295000,56,233.419,-21703.1,48.1225,0.410867
11310000,52,233.862,-21725.2,43.1833,0.40282
11325000,48,206.478,-21730.2,43.8225,0.408933
11340000,48,215.406,-21741.8,45.5939,0.401733
11355000,52,218.022,-21721.4,56.2236,0.402217
11370000,50,213.701,-21734.8,56.7436,0.403162
11385000,45,211.641,-21722.5,52.8226,0.395667
11400000,42,191.935,-21728.7,44.2392,0.395833
11415000,39,164.777,-21737.5,47.2012,0.393222
11430000,36,158.831,-21737.6,35.9967,0.381844
11445000,54,236.481,-21715.6,48.9602,0.394689
11460000,39,165.083,-21732.7,34.973,0.396622
11475000,44,189.896,-21725.2,43.0034,0.399233
11490000,31,128.694,-21756.4,26.5309,0.381233
11505000,51,233.065,-21734.5,46.7162,0.402289
11520000,41,177.652,-21737.9,46.8932,0.385422
11535000,49,216.361,-21723.7,35.8329,0.3958
11550000,47,194.883,-21744.7,46.5447,0.405667
11565000,43,180.142,-21738.6,56.3944,0.404067
11580000,47,228.377,-21729.5,46.7387,0.372789
11595000,45,187.355,-21714.3,53.3541,0.382667
11610000,58,265.528,-21712.1,53.1245,0.399333
11625000,60,275.867,-21703.5,52.3867,0.406
11640000,55,257.028,-21731.6,55.1185,0.3893
11655000,53,242.694,-21725.5,47.0201,0.400667
11670000,64,290.544,-21722.2,55.5479,0.399429
11685000,54,230.075,-21752,52.9548,0.410867
11700000,54,237.499,-21722.1,51.1114,0.399213
11715000,40,176.865,-21764.9,39.8812,0.406867
11730000,44,182.669,-21712.4,45.1984,0.3916
11745000,49,213.845,-21708,52.7271,0.3892
11760000,44,189.505,-21738.6,36.5655,0.395724
11775000,46,209.353,-21707.9,47.8606,0.384767
11790000,37,150.133,-21745.9,33.8125,0.396067
11805000,44,184.724,-21736.3,41.6739,0.393467
11820000,48,212.092,-21705,36.3337,0.380578
11835000,42,192.152,-21717.1,45.584,0.3856
11850000,48,213.197,-21713.7,48.0968,0.367467
11865000,55,252.013,-21701.7,66.882,0.381867
11880000,59,265.37,-21708.2,50.6479,0.402533
11895000,60,246.589,-21685.1,73.9581,0.405067
11910000,75,331.365,-21692.8,84.2242,0.407067
11925000,62,275.808,-21665.5,55.1579,0.403933
11940000,65,293.008,-21693.6,53.1072,0.399133
11955000,56,235.23,-21767.3,52.52,0.4073
11970000,53,254.898,-21720.6,62.3789,0.389924
11985000,55,242.964,-21718.2,44.6188,0.415467
12000000,58,263.55,-21694.4,58.2809,0.4084
12015000,58,255.652,-21683.3,55.9449,0.398267
12030000,60,275.353,-21695.7,67.748,0.407067
12045000,61,251.534,-21688.8,57.0434,0.40175
12060000,64,297.63,-21686.1,67.7199,0.405767
12075000,55,248.946,-21685.7,61.0993,0.4016
12090000,63,287.208,-21693.3,55.9168,0.392667
12105000,70,316.876,-21665.4,73.9795,0.406267
12120000,91,393.952,-21672.7,99.4971,0.425133
12135000,72,330.717,-21676,69.167,0.4204
12150000,82,349.658,-21697.4,95.4365,0.406867
12165000,75,340.677,-21706.3,73.2787,0.427533
12180000,58,253.331,-21700.9,48.378,0.401933
12195000,57,264.074,-21691.6,63.7129,0.385667
12210000,67,285.811,-21715.3,66.2053,0.398382
12225000,40,167.101,-21742.8,41.2022,0.394759
12240000,64,292.795,-21706.3,63.4967,0.414233
12255000,56,253.717,-21727,59.8258,0.396467
12270000,53,225.663,-21722.8,46.1346,0.393867
12285000,37,160.652,-21751.1,52.2271,0.396933
12300000,42,185.454,-21754.4,41.4583,0.3874
12315000,54,242.175,-21751.4,60.7358,0.396411
12330000,50,230.5,-21724.5,59.7594,0.388881
12345000,31,143.469,-21747.2,23.3573,0.390511
12360000,37,170.297,-21742.4,34.3893,0.401533
12375000,43,209.009,-21718.8,46.476,0.383378
12390000,51,227.134,-21743.1,55.5558,0.397333
12405000,53,229.078,-21729.6,50.6633,0.4096
12420000,45,212.813,-21752.8,56.9954,0.4032
12435000,58,267.496,-21712.8,54.6447,0.397283
12450000,35,160.326,-21735.2,35.0634,0.401044
12465000,45,191.069,-21738.4,42.094,0.3892
12480000,51,235.859,-21724.9,58.0236,0.3959
12495000,49,225.375,-21729.9,40.7232,0.4098
12510000,57,243.846,-21721.8,50.8723,0.4096
12525000,41,189.723,-21737.5,43.8878,0.398933
12540000,44,194.594,-21718.5,28.6442,0.392133
12555000,48,210.152,-21718.2,50.9169,0.398067
12570000,50,223.151,-21736.9,57.0151,0.395422
12585000,47,212.856,-21731.5,41.6011,0.396467
12600000,45,200.155,-21739.6,54.0733,0.382133
12615000,42,187.763,-21732.1,33.1869,0.382467
12630000,45,197.772,-21739.7,49.2462,0.397653
12645000,50,209.794,-21735.3,45.5374,0.38805
12660000,50,216.711,-21723.2,45.3998,0.390444
12675000,53,216.56,-21733.3,51.7584,0.385867
12690000,68,273.73,-21727.3,75.7809,0.4044
12705000,39,172.289,-21745.1,50.22,0.387987
12720000,53,237.302,-21742.8,43.2463,0.388133
12735000,45,185.612,-21728.6,53.8959,0.397867
12750000,68,290.314,-21715.7,58.7018,0.40565
12765000,52,230.976,-21713,52.4376,0.392333
12780000,58,253.611,-21722.1,55.8769,0.396175
12795000,50,203.429,-21729.8,67.3464,0.407467
12810000,51,232.889,-21724.5,50.8257,0.394644
12825000,51,213.306,-21718.2,55.0693,0.395433
12840000,52,219.45,-21700.5,62.9981,0.409367
12855000,44,192.074,-21698.9,47.2735,0.385444
12870000,50,236.16,-21714.2,55.2575,0.384933
12885000,40,186.353,-21711.6,43.9947,0.380633
12900000,47,204.614,-21700.5,49.0856,0.392
12915000,43,190.726,-21702.1,64.6279,0.403133
12930000,55,248.748,-21733.5,58.1588,0.394
12945000,67,306.37,-21712.7,68.7337,0.4112
12960000,59,250.44,-21698.2,61.9225,0.410267
12975000,57,242.893,-21724.6,67.5886,0.400067
12990000,42,185.998,-21726,36.5076,0.402333
13005000,55,235.712,-21703.2,57.5407,0.389933
13020000,59,242.075,-21708.6,60.5091,0.392
13035000,54,209.487,-21710.2,44.9848,0.405067
13050000,67,263.596,-21696.2,65.0137,0.408867
13065000,63,268.707,-21690.5,78.6291,0.412067
13080000,60,256.834,-21692.4,61.9167,0.401667
13095000,65,283.271,-21679.7,67.4075,0.409533
13110000,77,337.619,-21688,87.9562,0.415933
13125000,56,240.923,-21703.2,53.8692,0.4156
13140000,47,191.765,-21715.7,54.6456,0.397267
13155000,42,190.283,-21724.1,42.8926,0.380822
13170000,44,190.923,-21725.7,37.5061,0.387633
13185000,55,240.55,-21706.4,44.1844,0.397467
13200000,37,176.656,-21737.7,43.7515,0.389119
13215000,55,249.004,-21714.3,56.2466,0.394167
13230000,60,268.369,-21701.9,65.7774,0.410733
13245000,47,208.435,-21723.4,50.4162,0.392289
13260000,54,256.59,-21724.4,42.1722,0.4034
13275000,40,173.709,-21705,45.6615,0.375083
13290000,52,231.728,-21716.9,52.7723,0.3874
13305000,35,157.702,-21740.8,32.89,0.389617
13320000,57,252.717,-21701.5,39.4673,0.391033
13335000,41,172.174,-21739.8,38.0506,0.3935
13350000,67,299.355,-21725.9,66.0062,0.3978
13365000,60,263.968,-21725.4,50.4464,0.414667
13380000,53,229.763,-21714.7,52.2414,0.401183
13395000,53,226.382,-21720.4,52.1076,0.396167
13410000,47,219.858,-21708.7,42.2127,0.3958
13425000,58,260.216,-21728.9,46.3582,0.411133
13440000,61,275.785,-21707.7,58.4534,0.40155
13455000,70,306.913,-21679.7,73.2425,0.420133
13470000,73,325.879,-21677.8,61.5971,0.411133
13485000,71,302.806,-21725.3,60.5318,0.418033
13500000,66,299.358,-21670.8,72.5038,0.411533
13515000,53,219.242,-21682.3,43.0015,0.405
13530000,51,205.006,-21710.9,59.4965,0.407889
13545000,74,331.156,-21702.6,71.6722,0.395867
13560000,53,237.833,-21682,54.4114,0.409467
13575000,49,217.482,-21687.5,54.4371,0.405467
13590000,68,297.938,-21737.1,71.1262,0.40845
13605000,71,325.12,-21721.1,65.4271,0.424467
13620000,43,201.102,-21711.5,52.7018,0.389095
13635000,49,227.574,-21727.2,43.8052,0.389
13650000,54,226.927,-21723.6,50.6607,0.407778
13665000,54,231.749,-21740.5,70.4968,0.404533
13680000,53,237.392,-21708.7,52.9267,0.395178
13695000,52,228.961,-21713.6,43.5262,0.396
13710000,65,294.281,-21676.2,80.9628,0.385133
13725000,54,245.671,-21714.6,49.3958,0.387067
13740000,48,210.989,-21707.4,57.7921,0.395461
13755000,55,243.487,-21702.2,50.3629,0.393267
13770000,57,264.625,-21724.3,46.9363,0.395633
13785000,57,267.655,-21686.9,60.9139,0.404967
13800000,71,321.949,-21682.5,69.232,0.405
13815000,57,246.624,-21687,57.2945,0.4118
13830000,45,196.334,-21692.7,48.5613,0.386733
13845000,55,226.13,-21742.4,52.2652,0.400628
13860000,59,283.89,-21724.9,58.4597,0.394
13875000,62,270.869,-21726.3,67.9332,0.398448
13890000,49,207.583,-21733.2,63.104,0.417067
13905000,46,194.111,-21711.3,52.2376,0.401044
13920000,47,200.954,-21717.2,47.3763,0.395067
13935000,45,203.572,-21724.9,41.12,0.393717
13950000,45,194.079,-21718.9,47.059,0.3852
13965000,41,164.242,-21728.3,39.2271,0.387133
13980000,57,247.488,-21722.4,53.6652,0.382333
13995000,55,230.281,-21701.6,59.4629,0.398867
14010000,50,225.475,-21699.6,40.9962,0.393267
14025000,58,247.961,-21717.2,59.2421,0.4042
14040000,31,128.948,-21743,30.5199,0.393147
14055000,48,206.513,-21732,38.5097,0.380667
14070000,47,206.369,-21693.2,38.2675,0.381422
14085000,52,237.924,-21696.3,54.1663,0.381333
14100000,52,227.589,-21691,51.5277,0.3912
14115000,48,196.399,-21748.8,48.0649,0.392502
14130000,36,149.352,-21740.4,38.2615,0.39708
14145000,52,238.449,-21696.6,50.4563,0.387533
14160000,56,246.856,-21702.1,54.009,0.400067
14175000,54,233.984,-21703.3,45.7711,0.406644
14190000,62,250.573,-21696.5,59.5782,0.403133
14205000,61,265.803,-21685.8,56.0176,0.4056
14220000,53,226.506,-21723.2,60.8409,0.4126
14235000,50,209.782,-21725.6,55.8174,0.396967
14250000,55,242.644,-21682.7,36.0311,0.401956
14265000,50,216.373,-21683.7,41.8986,0.382867
14280000,56,258.632,-21697,51.9769,0.387756
14295000,68,299.092,-21711.5,79.0874,0.405533
14310000,66,289.217,-21701.3,50.4199,0.395122
14325000,62,272.305,-21701.5,68.3196,0.392717
14340000,62,272.906,-21686.6,53.7088,0.410511
14355000,45,200.174,-21696.2,50.7958,0.397533
14370000,46,209.126,-21707.7,52.8889,0.395817
14385000,49,223.751,-21709.6,51.922,0.384233
14400000,47,206.384,-21701.2,42.14,0.407667
14415000,50,218.192,-21721.7,64.4838,0.39
14430000,44,191.88,-21717.8,45.8969,0.389657
14445000,36,165.103,-21734.8,37.3596,0.364433
14460000,45,175.634,-21710.2,56.7895,0.382533
14475000,42,169.702,-21709.6,58.9569,0.3786
14490000,55,250.286,-21731.6,45.5239,0.395511
14505000,58,255.258,-21704.6,64.7112,0.3845
14520000,62,274.79,-21712.7,67.3276,0.38596
14535000,63,278.682,-21675.8,72.6683,0.404467
14550000,52,230.182,-21698.4,43.0473,0.395467
14565000,53,215.907,-21725.1,59.0525,0.40345
14580000,48,201.056,-21723.9,39.3763,0.4
14595000,54,215.324,-21705.7,57.9064,0.390733
14610000,54,217.229,-21706.6,67.3477,0.382533
14625000,39,146.96,-21707.8,38.367,0.379667
14640000,46,192.787,-21718.1,50.2942,0.390973
14655000,49,222.468,-21690.5,47.438,0.386581
14670000,46,192.16,-21720,39.6951,0.3774
14685000,67,299.86,-21707.1,52.9528,0.3872
14700000,45,193.066,-21705.5,54.8372,0.3963
14715000,48,213.886,-21718.2,58.2873,0.380289
14730000,56,262.734,-21703.3,48.4545,0.398333
14745000,61,274.118,-21715,45.8664,0.4066
14760000,52,238.237,-21700.8,48.7671,0.394667
14775000,53,239.053,-21694.3,52.9303,0.39792
14790000,51,239.91,-21722.2,51.9125,0.4044
14805000,45,200.394,-21716.3,37.08,0.388133
14820000,47,197.687,-21723.7,50.6803,0.3897
14835000,63,279.902,-21694,60.0908,0.3926
14850000,57,244.031,-21717.7,63.2349,0.389222
14865000,59,255.183,-21682.1,59.2304,0.399333
14880000,60,268.113,-21700,50.6095,0.4058
14895000,57,261.646,-21714.3,49.5785,0.394578
14910000,52,233.373,-21727.8,54.1946,0.390392
14925000,60,263.403,-21679.5,56.8796,0.3951
14940000,60,263.222,-21730.9,58.4614,0.4144
14955000,60,254.318,-21716.1,71.5933,0.4066
14970000,60,269.642,-21694.3,63.1836,0.4018
14985000,60,268.143,-21709.4,63.715,0.402333
15000000,53,230.985,-21726.7,56.7817,0.401333
15015000,41,182.268,-21706.3,58.6216,0.406133
15030000,49,217.521,-21719.4,48.76,0.40025
15045000,44,200.209,-21723.4,43.1723,0.397233
15060000,44,188.504,-21713.9,32.3117,0.4033
15075000,51,236.28,-21718.2,65.9064,0.395333
15090000,56,242.334,-21723.3,53.7962,0.391711
15105000,53,229.917,-21741.4,46.9899,0.398667
15120000,58,263.666,-21726.7,57.2641,0.403667
15135000,42,194.476,-21742.5,38.9447,0.392367
15150000,54,242.961,-21702.2,61.8692,0.390067
15165000,56,247.908,-21705.3,54.5432,0.400133
15180000,46,182.866,-21716.3,40.1038,0.397697
15195000,52,208.472,-21699.2,51.625,0.396567
15210000,46,201.695,-21725.7,37.0006,0.3823
15225000,33,140.572,-21747.3,35.3069,0.380611
15240000,37,163.959,-21741.2,34.9986,0.392533
15255000,48,207.018,-21720.6,52.9755,0.392183
15270000,46,199.092,-21723.5,43.6594,0.395517
15285000,43,189.429,-21722.5,50.1098,0.399567
15300000,48,211.608,-21739.9,47.3767,0.389867
15315000,48,206.959,-21724,45.1406,0.3874
15330000,53,233.931,-21728.9,53.8601,0.391217
15345000,34,145.691,-21753.1,37.3339,0.390848
15360000,52,228.493,-21757.9,50.4225,0.403133
15375000,58,242.248,-21716.5,51.4346,0.403422
15390000,45,219.803,-21729.4,37.8539,0.392967
15405000,48,210.861,-21735.4,41.145,0.415633
15420000,42,178.316,-21714.8,36.5327,0.374667
15435000,62,268.599,-21703.5,74.1085,0.397858
15450000,56,238.08,-21715.4,59.5283,0.410333
15465000,53,223.308,-21697.6,57.5915,0.389533
15480000,43,194.491,-21736,55.5493,0.394033
15495000,53,233.463,-21693.8,44.9399,0.3981
15510000,55,227.575,-21697.4,52.9079,0.401533
15525000,31,138.58,-21728.1,25.9246,0.383867
15540000,44,183.088,-21698.8,46.1628,0.384067
15555000,44,190.605,-21710.6,41.3487,0.386067
15570000,42,191.018,-21722.8,33.112,0.372133
15585000,50,221.721,-21716.7,46.7914,0.385121
15600000,69,263.837,-21690.3,73.1012,0.392711
15615000,62,255.186,-21700.7,46.3555,0.382267
15630000,53,244.674,-21726.1,66.8587,0.386533
15645000,58,269.037,-21718.8,61.9483,0.406267
15660000,48,217.594,-21736.9,37.2462,0.3869
15675000,49,233.91,-21709.7,45.1511,0.3953
15690000,43,189.91,-21709.2,45.353,0.381093
15705000,52,230.524,-21693.1,57.6249,0.386533
15720000,55,248.15,-21724.9,61.9518,0.389222
15735000,38,178.279,-21725.5,38.8146,0.387467
15750000,48,203.932,-21705.1,51.9925,0.375667
15765000,48,217.31,-21725.9,36.6308,0.390933
15780000,48,221.798,-21691.3,48.5341,0.3866
15795000,55,249.662,-21698.6,52.5741,0.383756
15810000,39,187.256,-21721.8,24.5326,0.382667
15825000,49,215.699,-21740.4,50.3393,0.395533
15840000,45,189.641,-21707.9,49.3522,0.386717
15855000,47,221.75,-21720.4,47.9453,0.400233
15870000,42,201.029,-21720.7,42.5598,0.3916
15885000,53,238.51,-21709.4,51.9579,0.391778
15900000,41,176.152,-21728.5,35.8454,0.381553
15915000,40,170.209,-21711.3,32.1037,0.381633
15930000,50,227.798,-21723.6,41.4694,0.386067
15945000,36,155.61,-21726.1,32.1002,0.383933
15960000,39,190.153,-21711,43.7095,0.365667
15975000,42,195.653,-21715.3,39.423,0.377733
15990000,40,191.887,-21716.7,30.0262,0.3794
16005000,54,249.184,-21706.1,69.3603,0.3918
16020000,57,256.632,-21724.4,47.8578,0.41
16035000,45,180.478,-21742.6,54.3638,0.403838
16050000,50,235.569,-21721.6,44.9594,0.398633
16065000,47,204.834,-21715,47.953,0.3962
16080000,61,265.776,-21711,45.0749,0.402133
16095000,49,236.055,-21701.8,42.3464,0.402933
16110000,51,241.464,-21703.5,47.903,0.388533
16125000,50,228.276,-21734.3,50.3367,0.395871
16140000,46,213.573,-21717.8,44.9356,0.391633
16155000,65,298.284,-21707.3,57.774,0.423667
16170000,56,265.488,-21711.2,34.5224,0.415067
16185000,55,245.399,-21690.7,55.3544,0.3916
16200000,64,299.726,-21673.7,72.4384,0.401667
16215000,65,289.434,-21718.5,61.8464,0.4222
16230000,71,310.462,-21686.2,74.184,0.403033
16245000,74,349.601,-21685,62.7278,0.400933
16260000,63,272.91,-21673.7,60.2572,0.400533
16275000,63,256.345,-21675.2,81.7459,0.395667
16290000,73,323.719,-21686.6,64.0747,0.4072
16305000,49,205.805,-21714.8,52.7617,0.392122
16320000,68,296.64,-21678.9,80.8679,0.413367
16335000,65,293.302,-21700.8,79.0135,0.416067
16350000,60,261.911,-21678.9,63.7058,0.4104
16365000,59,261.254,-21698.7,66.7772,0.398333
16380000,48,213.818,-21695.2,61.8877,0.3998
16395000,51,228.453,-21692.3,38.5744,0.3798
16410000,55,250.207,-21730.2,52.9251,0.407236
16425000,51,236.61,-21707.8,51.0885,0.380733
16440000,61,273.799,-21696.1,51.4397,0.4072
16455000,62,279.126,-21710.3,78.4034,0.408733
16470000,68,304.84,-21693.3,54.4771,0.417817
16485000,64,276.748,-21686.3,77.0036,0.412467
16500000,51,237.779,-21714.8,47.937,0.3946
16515000,55,254.815,-21724.2,56.1427,0.393067
16530000,49,217.074,-21693.2,39.6284,0.406067
16545000,49,224.993,-21724,45.4011,0.3792
16560000,58,273.028,-21703.8,47.8552,0.403133
16575000,56,252.448,-21696.8,72.1995,0.413333
16590000,76,357.153,-21704.3,72.3153,0.411667
16605000,64,293.866,-21681.6,50.9373,0.420133
16620000,50,235.423,-21714.2,62.1069,0.400302
16635000,47,196.447,-21698.6,43.7781,0.397407
16650000,54,233.329,-21687.5,46.3347,0.397578
16665000,46,191.775,-21734,56.9044,0.377767
16680000,51,229.604,-21724.4,63.6842,0.394467
16695000,40,177.756,-21715.5,35.4772,0.379311
16710000,36,149.903,-21746.1,41.5717,0.3948
16725000,51,236.647,-21701.8,59.4008,0.384033
16740000,47,216.595,-21701.8,43.6903,0.3838
16755000,65,302.346,-21729,58.0346,0.399644
16770000,48,216.215,-21737.8,45.7143,0.384111
16785000,50,225.778,-21719,58.7423,0.4041
16800000,50,225.824,-21710.5,44.118,0.392833
16815000,60,271.813,-21711.9,54.422,0.400067
16830000,45,196.309,-21734.8,30.321,0.408533
16845000,46,199.154,-21701.4,39.4906,0.389893
16860000,50,218.539,-21711.2,50.9977,0.383
16875000,51,228.104,-21714.8,46.5958,0.382933
16890000,42,204.316,-21716.7,41.6475,0.379822
16905000,52,239.034,-21743.6,51.4758,0.386533
16920000,55,256.267,-21709.4,57.8801,0.390444
16935000,54,238.073,-21723.1,52.9694,0.404967
16950000,48,204.411,-21727.6,56.6311,0.4154
16965000,58,278.533,-21707.3,59.6789,0.407044
16980000,50,237.79,-21727.9,46.4191,0.404933
16995000,55,248.062,-21734.1,53.4661,0.402933
17010000,49,208.491,-21737.7,46.7395,0.39625
17025000,59,253.397,-21719.6,61.8379,0.396744
17040000,43,187.227,-21730,50.0286,0.400067
17055000,44,176.067,-21736.9,38.9804,0.402
17070000,37,178.133,-21738.5,40.0895,0.387293
17085000,55,250.956,-21708.8,54.0214,0.39176
17100000,38,164.771,-21737.2,37.9845,0.3815
17115000,62,274.989,-21714.3,73.0859,0.399667
17130000,39,180.938,-21731.1,53.7943,0.389293
17145000,55,240.535,-21694.5,50.8481,0.409233
17160000,61,255.314,-21699.2,52.8551,0.3996
17175000,65,276.766,-21722.5,67.8477,0.4178
17190000,38,170.804,-21734.3,44.999,0.385867
17205000,46,190.403,-21729.1,36.0271,0.382533
17220000,45,204.204,-21729.9,38.1244,0.3846
17235000,38,173.268,-21753.9,31.6087,0.383733
17250000,39,167.073,-21719.7,42.0866,0.392133
17265000,67,306.128,-21724.7,79.0958,0.400244
17280000,57,254.417,-21713,65.5071,0.423933
17295000,53,244.275,-21707.6,48.1707,0.396467
17310000,52,232.348,-21711.8,58.4288,0.4065
17325000,75,325.668,-21712.4,72.7657,0.411133
17340000,69,300.741,-21702.5,66.2613,0.420467
17355000,66,282.327,-21693,70.0741,0.416933
17370000,45,186.497,-21742.2,44.4897,0.399767
17385000,55,233.522,-21716.5,45.7555,0.4119
17400000,69,312.818,-21721.5,72.6422,0.4192
17415000,69,282.578,-21701.4,62.4219,0.418533
17430000,73,313.874,-21688.4,70.4599,0.414067
17445000,77,353.686,-21707.3,76.1854,0.425133
17460000,57,251.057,-21720.4,71.0471,0.407533
17475000,66,293.554,-21723,52.452,0.414314
17490000,57,237.882,-21712.2,56.5765,0.414733
17505000,69,283.447,-21708.9,66.0236,0.413978
17520000,45,206.317,-21735.6,51.1136,0.4022
17535000,61,259.462,-21723.7,66.3622,0.421733
17550000,46,200.801,-21724.7,48.2748,0.380187
17565000,51,227.325,-21721,42.2364,0.392533
17580000,48,214.819,-21732.2,43.9987,0.408667
17595000,47,213.797,-21721.3,44.6648,0.392
17610000,50,220.986,-21740,47.5576,0.408111
17625000,50,231.481,-21729.3,53.7376,0.391667
17640000,50,200.56,-21730.7,53.8201,0.407829
17655000,42,182.372,-21727.5,41.6051,0.392267
17670000,49,221.47,-21712.5,61.7155,0.3916
17685000,62,285.101,-21697.3,54.7572,0.392373
17700000,60,265.027,-21709.5,46.327,0.4108
17715000,61,268.946,-21691.6,63.6917,0.4109
17730000,57,243.365,-21712.1,52.0199,0.3962
17745000,59,249.036,-21701.2,59.4173,0.4014
17760000,46,205.403,-21739.1,55.1589,0.402292
17775000,56,246.294,-21686.2,77.2548,0.407933
17790000,61,283.922,-21694.5,53.2981,0.4086
17805000,62,259.779,-21724.8,57.4112,0.391867
17820000,56,243.245,-21724.9,59.1891,0.409733
17835000,54,237.769,-21706.8,58.5251,0.395356
17850000,48,196.674,-21721.5,53.5785,0.3941
17865000,51,221.674,-21701,45.23,0.3901
17880000,43,173.251,-21743.1,54.3618,0.3826
17895000,55,253.36,-21704.5,53.2178,0.399533
17910000,50,233.298,-21688.1,50.2875,0.397867
17925000,49,208.626,-21709.8,48.0969,0.395
17940000,48,195.822,-21724.3,47.8451,0.4022
17955000,52,204.411,-21722.6,51.2232,0.390333
17970000,62,253.504,-21718.8,57.5204,0.413933
17985000,62,262.075,-21701,66.8464,0.399867
18000000,59,255.216,-21693.8,58.2969,0.4002
18015000,45,198.016,-21697.6,43.2848,0.390629
18030000,56,237.012,-21686.9,61.2814,0.403633
18045000,63,280.154,-21688,60.9074,0.400733
18060000,60,250.783,-21702.9,54.9372,0.3994
18075000,42,186.317,-21707.4,42.3699,0.385
18090000,47,216.23,-21690.3,46.7491,0.390067
18105000,56,238.691,-21696.8,64.0548,0.402622
18120000,54,258.018,-21679.1,40.8381,0.384733
18135000,60,275.791,-21711.9,60.5571,0.387667
18150000,59,275.688,-21681.2,45.215,0.405067
18165000,52,215.765,-21688.5,41.8699,0.39645
18180000,60,256.967,-21693.5,50.9251,0.381533
18195000,46,186.675,-21708.4,48.4565,0.391822
18210000,38,160.758,-21742.5,33.6256,0.38797
18225000,57,224.833,-21694.2,52.1933,0.3945
18240000,55,238.946,-21699.6,53.2928,0.401467
18255000,57,259.118,-21706,60.318,0.397933
18270000,50,205.3,-21728.7,47.5509,0.401889
18285000,55,253.799,-21689.7,47.9919,0.407067
18300000,60,269.562,-21727.6,47.4103,0.392067
18315000,51,226.468,-21712,62.1205,0.3964
18330000,48,211.137,-21696.1,59.2619,0.3848
18345000,53,235.431,-21695.5,55.7554,0.391933
18360000,50,225.917,-21703.6,49.155,0.394867
18375000,54,232.207,-21715.8,57.0778,0.401213
18390000,47,216.3,-21717.3,48.6388,0.3999
18405000,60,258.596,-21707.9,51.5352,0.396733
18420000,57,251.273,-21722.6,57.2659,0.3938
18435000,64,275.768,-21701.6,69.2419,0.405267
18450000,73,327.363,-21703.6,74.1689,0.419333
18465000,54,238.655,-21685.5,68.4123,0.3992
18480000,52,226.273,-21702.4,47.8645,0.402533
18495000,51,224.001,-21705.6,45.6691,0.399733
18510000,47,204.486,-21730.5,46.4175,0.389987
18525000,38,163.942,-21704.1,46.8362,0.397133
18540000,52,219.819,-21688.2,49.8176,0.389253
18555000,59,263.986,-21677.1,55.5113,0.4014
18570000,51,227.093,-21711.9,49.8428,0.392067
18585000,53,230.16,-21675,59.9002,0.400967
18600000,42,183.116,-21718,46.294,0.392433
18615000,67,284.735,-21688.5,59.3988,0.394033
18630000,60,267.893,-21684.7,60.3266,0.4024
18645000,52,225.029,-21689.3,45.1217,0.397467
18660000,51,204.723,-21739.5,53.2215,0.389121
18675000,48,221.052,-21725.8,38.4892,0.38784
18690000,58,257.975,-21742.9,66.783,0.4138
18705000,52,218.751,-21704.3,58.6904,0.39995
18720000,45,196.626,-21735,52.867,0.412733
18735000,59,269.439,-21711.9,50.8333,0.412583
18750000,51,225.525,-21717,41.1448,0.4142
18765000,48,219.423,-21702.3,42.7637,0.407
18780000,56,265.17,-21694.8,55.6965,0.405
18795000,67,290.875,-21708.2,83.3375,0.402
18810000,51,228.532,-21708,45.4305,0.409867
18825000,42,187.94,-21722.6,39.2324,0.396892
18840000,43,195.701,-21698.9,44.7089,0.3907
18855000,44,206.662,-21695.5,48.4167,0.3758
18870000,45,194.774,-21719.3,36.2782,0.3927
18885000,36,158.264,-21753.4,37.8053,0.392673
18900000,41,182.02,-21692.2,44.9243,0.378311
18915000,48,181.709,-21748.5,47.8664,0.4008
18930000,36,145.964,-21735.5,32.9453,0.374533
18945000,43,184.7,-21733.4,51.8503,0.363733
18960000,53,234.259,-21727.5,48.5481,0.408
18975000,58,259.938,-21696.5,63.5094,0.389387
18990000,50,210.375,-21734.4,53.1386,0.411
19005000,36,153.026,-21751.1,30.0256,0.3754
19020000,48,215.913,-21728.8,40.7935,0.3968
19035000,35,141.822,-21732.6,32.0463,0.401711
19050000,53,229.392,-21738.9,61.2535,0.402733
19065000,49,206.351,-21727.4,43.165,0.3938
19080000,49,214.787,-21733,52.1036,0.399133
19095000,47,197.192,-21736.4,61.0699,0.405933
19110000,56,240.654,-21724.7,53.2461,0.407578
19125000,49,230.637,-21727.8,73.4123,0.402467
19140000,54,250.293,-21728.1,54.7968,0.413067
19155000,55,259.218,-21725.8,54.6999,0.410067
19170000,48,211.041,-21715.6,41.7614,0.407133
19185000,49,220.266,-21707.7,47.5547,0.398067
19200000,59,269.021,-21732.4,73.3591,0.406533
19215000,40,184.638,-21742.1,52.5356,0.38779
19230000,41,177.226,-21753.2,37.0634,0.386133
19245000,48,219.732,-21708.8,38.9789,0.395467
19260000,51,233.073,-21720.4,59.1272,0.391267
19275000,46,204.632,-21702.6,38.361,0.39
19290000,56,241.338,-21695.5,60.0126,0.387133
19305000,57,238.272,-21724.7,57.5579,0.404019
19320000,47,216.022,-21701.7,45.8413,0.394167
19335000,45,202.29,-21713.8,48.057,0.391057
19350000,56,248.244,-21707.3,64.796,0.396467
19365000,61,270.174,-21722.7,51.272,0.40915
19380000,47,214.098,-21717,44.7218,0.3941
19395000,60,266.177,-21696,53.9977,0.404933
19410000,55,230.615,-21719.9,58.0356,0.399578
19425000,51,235.751,-21722.5,54.1029,0.398944
19440000,44,200.088,-21700,48.036,0.399822
19455000,51,240.311,-21730.8,58.7997,0.383233
19470000,54,249.741,-21712.2,47.9306,0.4076
19485000,49,225.308,-21718.5,47.3491,0.39544
19500000,53,246.954,-21684.6,53.0395,0.39955
19515000,71,312.781,-21695.3,69.0231,0.408
19530000,53,230.556,-21682.1,48.8879,0.407667
19545000,56,249.11,-21675.5,59.4532,0.388533
19560000,44,189.831,-21716.6,44.8876,0.38388
19575000,66,291.155,-21684.7,63.888,0.379
19590000,76,347.326,-21685.8,76.7005,0.419533
19605000,67,313.339,-21705.5,58.7137,0.422267
19620000,61,269.955,-21720.1,68.6396,0.4174
19635000,37,142.448,-21749.4,40.0625,0.381709
19650000,44,191.975,-21707.9,49.9002,0.3952
19665000,70,300.349,-21697.6,65.2134,0.406581
19680000,70,302.593,-21696.9,70.9345,0.417067
19695000,69,293.663,-21693.6,82.7505,0.410867
19710000,39,173.36,-21713.4,47.6319,0.396533
19725000,59,262.227,-21716.3,67.2455,0.400933
19740000,42,188.62,-21716.3,36.0878,0.398133
19755000,57,248.479,-21694.8,45.3725,0.398833
19770000,65,295.23,-21684.8,80.2291,0.401
19785000,57,254.644,-21707,69.1022,0.402133
19800000,30,120.395,-21742.3,32.8154,0.372448
19815000,60,268.079,-21695.2,59.6396,0.396933
19830000,37,165.069,-21721.2,32.2742,0.366933
19845000,36,160.18,-21730,35.6414,0.38379
19860000,62,255.813,-21689.4,57.969,0.403133
19875000,60,254.22,-21674,56.6436,0.388867
19890000,66,291.265,-21694.5,63.7619,0.409933
19905000,40,174.481,-21749.1,60.1369,0.378773
19920000,57,262.782,-21707.9,60.2662,0.382907
19935000,62,275.005,-21690,60.638,0.401089
19950000,62,273.999,-21702.2,61.4565,0.395033
19965000,67,308.527,-21687.1,72.8077,0.391233
19980000,70,302.952,-21696.9,80.4639,0.402633
19995000,73,330.557,-21656.6,71.8895,0.3996
20010000,63,285.449,-21679.7,100.282,0.4067
20025000,59,267.011,-21698.7,54.9894,0.417
20040000,71,286.364,-21682.6,87.2265,0.4056
20055000,67,294.519,-21704,73.7479,0.4054
20070000,65,296.031,-21690.1,56.8586,0.4062
20085000,68,307.077,-21704.6,73.4457,0.4018
20100000,56,248.676,-21684,45.6016,0.406133
20115000,57,240.596,-21676.6,61.7022,0.387453
20130000,57,236.997,-21697.9,65.391,0.387933
20145000,64,288.898,-21694,64.4108,0.39
20160000,48,204.186,-21693.4,48.6502,0.380933
20175000,57,228.663,-21685.9,60.9011,0.377
20190000,56,243.365,-21714.9,53.7862,0.399133
20205000,55,245.453,-21711.5,60.4625,0.395714
20220000,43,200.902,-21719.3,43.3852,0.4108
20235000,48,209.377,-21724,35.889,0.400911
20250000,51,216.803,-21732,50.0614,0.4021
20265000,68,294.56,-21678.4,82.554,0.404567
20280000,74,333.182,-21692.1,69.902,0.4116
20295000,63,287.57,-21686.3,56.3866,0.4168
20310000,58,267.001,-21695.9,59.9178,0.4028
20325000,56,252.774,-21708.5,56.7,0.4096
20340000,51,216.985,-21710.8,47.4308,0.412667
20355000,39,182.247,-21750.9,33.9745,0.395533
20370000,61,290.111,-21714.8,67.0171,0.405933
20385000,52,233.318,-21729.7,57.4742,0.388681
20400000,50,223.402,-21718.8,45.9642,0.411433
20415000,48,204.391,-21726.2,46.7788,0.402867
20430000,50,215.072,-21736.7,55.0964,0.39544
20445000,58,252.902,-21723.3,60.8279,0.402067
20460000,48,212.097,-21719.7,44.8736,0.398947
20475000,52,236.164,-21706.1,59.4992,0.394767
20490000,49,206.947,-21718.7,50.8127,0.405067
20505000,46,220.098,-21747.9,40.5958,0.389022
20520000,41,181.682,-21730.9,46.5342,0.3956
20535000,53,231.736,-21706.2,44.6573,0.395981
20550000,62,280.379,-21696.5,68.6481,0.400733
20565000,50,210.242,-21716.4,43.6203,0.3982
20580000,68,302.139,-21693.9,65.0108,0.397967
20595000,74,322.704,-21660.8,74.724,0.402867
20610000,76,336.247,-21643.6,66.9677,0.4056
20625000,67,287.806,-21664.3,65.4427,0.3998
20640000,72,291.54,-21657.8,69.3821,0.398267
20655000,63,281.525,-21669,61.0755,0.407733
20670000,41,174.144,-21729,38.6563,0.39461
20685000,54,219.588,-21690.5,57.7816,0.3842
20700000,56,252.726,-21711.5,57.4117,0.3994
20715000,39,174.691,-21754,45.3699,0.39101
20730000,48,222.222,-21695,60.2849,0.389633
20745000,54,241.297,-21692.7,55.5272,0.385533
20760000,51,225.515,-21707.5,55.7621,0.380267
20775000,56,252.241,-21708.6,54.9688,0.3994
20790000,48,199.72,-21737.3,48.6315,0.39288
20805000,55,238.197,-21731.9,55.3618,0.406533
20820000,46,200.053,-21710.1,46.8252,0.4038
20835000,47,214.264,-21722,43.5991,0.4012
20850000,44,194.246,-21726.1,37.6286,0.384067
20865000,52,251.86,-21713.4,54.9073,0.397067
20880000,56,245.205,-21707.5,60.305,0.390162
20895000,70,304.458,-21692.9,71.6753,0.407867
20910000,61,259.012,-21710.9,60.4862,0.4144
20925000,63,277.588,-21704.9,58.454,0.410133
20940000,49,207.039,-21734.5,48.6778,0.38923
20955000,47,200.685,-21713.4,41.3377,0.401267
20970000,46,193.633,-21740.4,39.6224,0.384233
20985000,47,194.228,-21732.8,48.4417,0.394333
21000000,55,265.439,-21717.5,54.5236,0.4142
21015000,54,238.135,-21719.6,61.6159,0.409133
21030000,49,221.013,-21699.7,47.7603,0.390952
21045000,45,198.451,-21725.1,42.7338,0.400333
21060000,48,203.315,-21718.3,45.4034,0.395333
21075000,48,213.95,-21710.6,42.3423,0.3994
21090000,50,225.79,-21722.3,50.7435,0.391267
21105000,57,236.684,-21714.8,51.9542,0.389033
21120000,51,232.637,-21721.3,54.9968,0.393067
21135000,61,275.697,-21704.8,51.8882,0.4034
21150000,55,232.5,-21722.4,60.0789,0.4042
21165000,55,247.508,-21716.4,56.9351,0.3994
21180000,52,228.743,-21726.4,58.3059,0.392707
21195000,62,276.448,-21722.4,63.6819,0.402733
21210000,47,217.901,-21749.1,57.7666,0.382017
21225000,59,256.109,-21725.4,69.8527,0.4183
21240000,53,228.172,-21709.9,69.3575,0.403233
21255000,43,170.758,-21739.8,41.9606,0.383133
21270000,48,225.654,-21738.9,35.8845,0.396267
21285000,45,196.78,-21735.5,49.5674,0.3816
21300000,48,214.867,-21721.4,39.2588,0.384667
21315000,43,195.34,-21716.3,50.2252,0.389057
21330000,51,225.05,-21734.1,50.5867,0.396067
21345000,67,292.342,-21710,54.0047,0.40255
21360000,60,254.715,-21731.9,61.0437,0.405167
21375000,34,154.625,-21710.4,33.0201,0.38635
21390000,50,214.37,-21701.3,53.8563,0.410867
21405000,46,187.285,-21708.3,54.7867,0.388556
21420000,50,201.732,-21685.2,52.5895,0.403533
21435000,62,262.547,-21706,57.159,0.400933
21450000,65,301.818,-21686.9,61.1587,0.394333
21465000,47,207.85,-21713.6,46.3731,0.368456
21480000,55,248.175,-21705.5,55.1197,0.409756
21495000,57,245.836,-21725.8,58.3271,0.4044
21510000,45,191.657,-21711.3,42.3617,0.395083
21525000,43,173.173,-21724.3,36.2609,0.408267
21540000,45,200.691,-21747.7,41.3866,0.396667
21555000,38,156.791,-21714.8,40.3951,0.377822
21570000,43,195.335,-21746.2,44.8847,0.3952
21585000,41,184.027,-21749.5,43.0527,0.393467
21600000,55,246.857,-21704.4,55.2857,0.377311
21615000,51,216.19,-21729.6,48.783,0.381583
21630000,41,171.31,-21695.6,46.6199,0.3844
21645000,44,174.984,-21740.3,34.33,0.39635
21660000,54,240.543,-21720.4,63.2024,0.389333
21675000,44,195.846,-21714.6,48.9954,0.377133
21690000,68,304.608,-21680.5,58.6409,0.385644
21705000,61,272.465,-21714.2,55.0573,0.409533
21720000,63,278.152,-21729.3,70.9056,0.400867
21735000,58,257.656,-21713.5,68.8749,0.410933
21750000,53,236.521,-21704.4,42.6018,0.4058
21765000,40,188.425,-21721.4,38.4277,0.398844
21780000,47,208.145,-21706,46.8702,0.397194
21795000,58,258.203,-21715.4,64.288,0.3942
21810000,52,221.351,-21713.1,51.6777,0.38805
21825000,53,225.189,-21725.3,66.8788,0.390167
21840000,51,225.107,-21731.5,56.0537,0.410133
21855000,67,302.093,-21720.1,66.2951,0.399511
21870000,52,217.122,-21713.1,53.6962,0.389733
21885000,42,176.759,-21722.9,37.661,0.397511
21900000,54,222.3,-21695.1,54.0213,0.3981
21915000,46,201.697,-21726.8,51.6176,0.394033
21930000,67,292.601,-21722.5,69.431,0.409267
21945000,42,196.169,-21747.4,37.923,0.388872
21960000,53,232.145,-21703.7,59.2149,0.4023
21975000,55,251.083,-21714.2,62.8196,0.4006
21990000,64,276.621,-21703,63.431,0.411867
22005000,60,279.77,-21721.5,64.4966,0.400733
22020000,57,254.952,-21696.2,58.9349,0.420567
22035000,33,148.201,-21731.1,32.3817,0.381233
22050000,53,240.576,-21704.3,53.4634,0.396289
22065000,58,247.434,-21725.9,59.7545,0.402867
22080000,60,267.683,-21705.3,60.3796,0.412667
22095000,51,220.371,-21727,50.3975,0.390817
22110000,55,254.683,-21725.7,58.0279,0.412
22125000,43,179.773,-21724.9,45.7675,0.394556
22140000,51,224.716,-21717.6,36.4235,0.399167
22155000,62,280.368,-21688.6,74.836,0.394457
22170000,56,254.188,-21699.8,66.5407,0.396933
22185000,58,258.247,-21708.3,53.0062,0.384467
22200000,53,235.183,-21704.4,52.8756,0.3902
22215000,54,228.846,-21707,39.798,0.389933
22230000,44,189.117,-21719.7,39.6323,0.388789
22245000,60,282.745,-21720.1,61.3145,0.39
22260000,59,243.803,-21688.5,60.2312,0.4098
22275000,58,239.266,-21679.2,57.7008,0.401933
22290000,54,231.701,-21690.6,50.7218,0.4022
22305000,43,187.909,-21713.4,38.7709,0.389467
22320000,55,231.749,-21704.8,42.363,0.375267
22335000,47,199.596,-21719.8,58.996,0.389333
22350000,56,241.182,-21721.7,53.0994,0.3971
22365000,58,265.349,-21713.2,49.5817,0.407733
22380000,48,214.198,-21716.6,43.5632,0.394773
22395000,57,256.601,-21715.2,56.6928,0.394783
22410000,41,164.566,-21720,36.3805,0.393467
22425000,51,216.138,-21723.2,51.2928,0.404533
22440000,36,162.845,-21739.2,33.8088,0.393707
22455000,59,258.188,-21717.4,76.8015,0.406067
22470000,52,220.285,-21723.3,49.849,0.405067
22485000,55,256.957,-21732.3,50.3781,0.42
22500000,47,210.229,-21728.6,46.7133,0.404633
22515000,73,319.881,-21713,68.8657,0.399767
22530000,56,244.231,-21688.6,52.2653,0.395889
22545000,49,223.249,-21751,40.0103,0.415333
22560000,59,234.99,-21688.4,63.282,0.4013
22575000,52,228.307,-21707.6,49.7423,0.400467
22590000,52,218.575,-21710.5,52.7419,0.401978
22605000,47,201.255,-21712.6,33.1879,0.396067
22620000,63,272.778,-21695.1,49.6271,0.4084
22635000,45,186.817,-21738.2,47.5112,0.391033
22650000,60,268.085,-21730.9,65.763,0.397689
22665000,48,213.621,-21695.4,53.1609,0.405356
22680000,50,215.141,-21718.1,54.0366,0.3908
22695000,64,272.502,-21740.5,59.4106,0.396933
22710000,55,241.034,-21709.1,52.1594,0.4036
22725000,43,194.626,-21711.1,56.8223,0.395378
22740000,62,276.489,-21729.3,67.7571,0.405133
22755000,49,221.714,-21742,40.5538,0.398633
22770000,42,199.481,-21715.3,46.4999,0.39385
22785000,37,150.147,-21727,35.985,0.4012
22800000,41,170.662,-21714.8,44.4156,0.383267
22815000,60,269.408,-21715.4,74.5359,0.394053
22830000,51,213.263,-21705.1,46.5188,0.388483
22845000,50,219.17,-21706.1,54.9539,0.387933
22860000,51,217.499,-21720.3,42.9759,0.390317
22875000,59,234.263,-21709.2,60.7284,0.412267
22890000,39,152.715,-21732.6,41.1815,0.3904
22905000,41,177.695,-21734.7,37.4586,0.382227
22920000,39,180.554,-21727.5,39.0686,0.3842
22935000,39,172.318,-21730.1,39.3333,0.378467
22950000,45,192.523,-21731.5,57.0092,0.383333
22965000,52,234.256,-21722.5,51.269,0.412933
22980000,51,233.592,-21695.1,68.7383,0.384089
22995000,57,250.741,-21732.6,70.6066,0.39686
23010000,59,255.669,-21743.7,66.7981,0.408333
23025000,39,164.091,-21752,34.9896,0.387517
23040000,48,213.425,-21729.9,42.9555,0.4086
23055000,39,172.133,-21722.1,49.9577,0.375133
23070000,47,209.154,-21742.1,34.6874,0.39585
23085000,40,174.815,-21728.1,38.0675,0.3795
23100000,55,236.089,-21710.3,52.0001,0.403533
23115000,40,187.066,-21730.7,40.1656,0.371167
23130000,38,168.441,-21713.3,41.6644,0.382147
23145000,68,302.852,-21722.7,70.0652,0.405289
23160000,58,255.642,-21726.5,50.8042,0.394133
23175000,44,208.078,-21707.5,41.4556,0.389556
23190000,46,186.744,-21708.9,43.5603,0.384433
23205000,52,236.046,-21717.1,46.528,0.382933
23220000,56,257.349,-21712.2,61.1126,0.383667
23235000,40,181.517,-21739,50.7796,0.386442
23250000,53,236.357,-21689.3,50.0996,0.392333
23265000,59,270.813,-21708.4,55.3566,0.389022
23280000,36,160.315,-21742.7,35.6803,0.390867
23295000,33,150.547,-21741,38.7927,0.38785
23310000,38,175.887,-21742.8,54.3748,0.378267
23325000,60,250.926,-21717.4,71.3459,0.3979
23340000,52,221.588,-21735.8,48.9844,0.411267
23355000,63,280.452,-21706.7,52.2006,0.395547
23370000,51,236.49,-21697.3,55.4387,0.4028
23385000,58,257.126,-21713.1,66.7902,0.3772
23400000,54,253.545,-21750.5,69.744,0.390183
23415000,51,247.013,-21729.1,43.1075,0.4037
23430000,53,237.345,-21721.2,43.2083,0.395742
23445000,63,293.796,-21702.5,66.0359,0.4109
23460000,64,282.1,-21715.2,65.7746,0.415
23475000,47,211.106,-21718.4,41.4331,0.398911
23490000,63,265.87,-21711.2,64.4849,0.407967
23505000,61,278.834,-21717.2,82.0483,0.407133
23520000,65,295.182,-21720.8,60.4914,0.405133
23535000,59,255.022,-21719.2,58.1396,0.40597
23550000,58,262.459,-21712.2,53.5423,0.407533
23565000,47,197.711,-21716.2,46.6511,0.391611
23580000,44,192.92,-21719.2,49.3903,0.381
23595000,39,181.574,-21729,43.4433,0.387489
23610000,51,234.513,-21734.3,48.6098,0.3848
23625000,68,286.903,-21705.5,56.916,0.396367
23640000,66,252.52,-21716.7,59.7808,0.4078
23655000,65,281.959,-21701.5,63.621,0.4076
23670000,51,209.858,-21715,52.4385,0.3841
23685000,51,226.51,-21700.3,53.6062,0.396333
23700000,56,249.111,-21705.4,46.1574,0.402289
23715000,48,222.127,-21748.4,46.2633,0.395274
23730000,54,241.334,-21705.1,51.875,0.405578
23745000,56,248.605,-21716,56.9411,0.4132
23760000,44,190.781,-21743.7,43.0379,0.404067
23775000,44,204.312,-21744.7,35.2234,0.3994
23790000,66,287.949,-21744.8,73.0255,0.3924
23805000,58,261.713,-21725.3,70.4428,0.4146
23820000,56,246.78,-21764.2,46.3687,0.415
23835000,36,157.136,-21763.6,28.9494,0.4072
23850000,39,164.494,-21750.9,49.3988,0.391933
23865000,46,189.615,-21733.2,51.3936,0.391067
23880000,48,203.842,-21730.3,47.4089,0.401867
23895000,42,169.015,-21724.3,47.0508,0.391667
23910000,48,187.896,-21726.7,47.6725,0.400533
23925000,50,200.066,-21723,55.9916,0.402
23940000,41,169.752,-21743.5,38.6483,0.385581
23955000,36,164.717,-21742.6,36.801,0.387417
23970000,43,191.219,-21744.4,53.0906,0.370467
23985000,36,159.115,-21736.4,36.1207,0.384689
24000000,53,233.479,-21742.5,44.8308,0.380133
24015000,38,162.92,-21738.7,42.838,0.388167
24030000,47,201.263,-21735,58.0401,0.396714
24045000,53,232.357,-21733.9,55.082,0.400433
24060000,74,320.632,-21720.5,66.6599,0.402633
24075000,40,161.768,-21748.4,46.7715,0.397107
24090000,50,210.428,-21724.7,44.3391,0.4022
24105000,48,205.099,-21715.4,47.9071,0.402333
24120000,56,254.161,-21718.5,59.0586,0.409167
24135000,55,238.989,-21727.6,50.451,0.402067
24150000,51,221.31,-21728.1,52.2605,0.406333
24165000,50,218.143,-21739.3,58.1682,0.407667
24180000,56,260.499,-21722.9,54.688,0.407333
24195000,61,280.535,-21719.2,76.5725,0.410933
24210000,70,320.927,-21710.3,61.0134,0.409133
24225000,56,249.083,-21699.2,46.4749,0.404208
24240000,55,244.542,-21709.5,57.404,0.4056
24255000,52,232.539,-21743.4,57.3266,0.420933
24270000,54,232.375,-21734.6,56.3972,0.432133
24285000,63,290.972,-21698.1,81.3172,0.403622
24300000,44,199.668,-21741.8,41.4495,0.383529
24315000,70,307.725,-21713,76.2503,0.425
24330000,53,247.294,-21704.1,61.8989,0.4294
24345000,54,237.148,-21692.9,56.3357,0.397
24360000,59,266.1,-21699.3,61.9673,0.412267
24375000,48,223.675,-21726.3,54.4007,0.391933
24390000,56,235.038,-21702,59.0195,0.4049
24405000,50,228.926,-21701.5,39.145,0.405022
24420000,54,232.465,-21701.8,65.596,0.3956
24435000,53,237.898,-21711.4,47.2321,0.399167
24450000,59,247.555,-21700.6,62.6099,0.396467
24465000,58,259.804,-21691.1,71.8096,0.393733
24480000,67,305.355,-21706.2,58.1832,0.4022
24495000,67,294.058,-21715.2,64.8944,0.395967
24510000,51,230.692,-21708.4,48.385,0.409833
24525000,65,281.152,-21706.1,67.8612,0.402
24540000,57,255.507,-21707,53.586,0.399067
24555000,32,146.134,-21737.3,43.6411,0.401242
24570000,52,225.254,-21709.4,55.3673,0.3949
24585000,67,303.825,-21746.9,75.9374,0.407683
24600000,57,252.61,-21696.9,59.4308,0.410667
24615000,43,199.935,-21763.1,38.3945,0.401683
24630000,64,291.961,-21721.8,59.8175,0.4062
24645000,49,223.282,-21733.3,37.587,0.400333
24660000,50,196.57,-21700.1,61.4782,0.4054
24675000,57,239.262,-21724,57.0944,0.406822
24690000,50,218.297,-21706.5,56.8707,0.398533
24705000,57,256.834,-21704.9,79.781,0.405167
24720000,40,183.801,-21735.2,48.9202,0.397027
24735000,58,252.366,-21696.5,69.1045,0.392833
24750000,33,155.599,-21736.4,35.3682,0.3754
24765000,56,248.786,-21686.9,66.3016,0.383767
24780000,56,235.353,-21711.6,50.5107,0.395133
24795000,34,145.836,-21702.5,29.974,0.381952
24810000,58,261.466,-21704.1,72.0106,0.398367
24825000,57,250.642,-21681.1,69.4767,0.3832
24840000,61,276.736,-21711.1,67.6687,0.394133
24855000,62,281.414,-21697.4,62.2665,0.400933
24870000,66,287.521,-21708.2,70.0546,0.394267
24885000,46,209.577,-21721.3,47.3269,0.398656
24900000,54,229.078,-21727.5,52.6569,0.4081
24915000,49,230.236,-21715.7,61.2627,0.3935
24930000,43,204.471,-21706.5,41.6653,0.396267
24945000,47,215.06,-21734,44.6678,0.392867
24960000,56,249.796,-21703.9,52.4513,0.401633
24975000,55,244.501,-21716.5,46.7533,0.391067
24990000,45,203.271,-21733.9,53.7493,0.398333
25005000,46,209.067,-21731.7,48.4854,0.389267
25020000,48,205.68,-21710.3,41.262,0.398289
25035000,56,238.472,-21700.5,64.2258,0.397533
25050000,58,260.839,-21693.4,65.9476,0.3932
25065000,64,280.643,-21730.4,57.3047,0.407517
25080000,65,293.411,-21712.1,79.1627,0.409467
25095000,66,301.508,-21715.3,77.9926,0.433433
25110000,55,243.325,-21693.6,45.5918,0.399733
25125000,59,249.558,-21697.7,56.3344,0.3938
25140000,52,217.511,-21715.7,55.2135,0.395317
25155000,56,254.771,-21683.4,60.5766,0.400133
25170000,62,295.177,-21701.7,62.3943,0.403467
25185000,66,298.576,-21687.7,51.0458,0.406133
25200000,61,282.59,-21696.5,60.6058,0.415333
25215000,67,291.067,-21663.9,64.3397,0.391
25230000,59,260.262,-21685.5,54.7097,0.392
25245000,58,260.988,-21712.2,49.1164,0.397133
25260000,50,222.981,-21704.7,43.8358,0.3824
25275000,48,205.331,-21730.7,41.9778,0.400428
25290000,54,223.784,-21714,52.0936,0.396567
25305000,42,187.928,-21712.7,40.8384,0.3811
25320000,60,279.349,-21692.8,55.1095,0.394233
25335000,67,314.777,-21701,86.302,0.410167
25350000,64,271.748,-21690.9,70.1444,0.408533
25365000,65,279.904,-21715.2,55.4263,0.403933
25380000,49,216.256,-21692.5,45.9455,0.408978
25395000,49,213.567,-21696.6,51.8249,0.394067
25410000,59,259.024,-21711.2,60.6095,0.392933
25425000,55,238.669,-21703.6,68.1236,0.402356
25440000,62,274.076,-21682.8,73.5833,0.399167
25455000,60,257.609,-21680.4,72.2868,0.379667
25470000,69,310.718,-21674.4,73.0688,0.404333
25485000,81,368.19,-21682,79.3108,0.4172
25500000,66,295.333,-21698.8,64.0989,0.411333
25515000,43,187.943,-21744.2,53.6765,0.397111
25530000,94,438.291,-21675.8,91.9613,0.421333
25545000,77,345.683,-21690.5,79.8928,0.420933
25560000,66,295.217,-21715.1,67.1569,0.416267
25575000,47,219.126,-21703.2,43.8054,0.395933
25590000,43,195.584,-21705.3,41.9408,0.3792
25605000,55,228.854,-21701.8,52.4536,0.38732
25620000,50,228.344,-21708,43.3614,0.390167
25635000,41,183.293,-21706.1,29.1133,0.3874
25650000,48,223.75,-21715.1,47.7791,0.3638
25665000,56,240.849,-21707.2,58.8364,0.3952
25680000,39,175.117,-21717,38.0359,0.384173
25695000,56,251.283,-21706.5,63.5401,0.403867
25710000,47,205.906,-21703.2,49.6942,0.391867
25725000,44,197.743,-21714,44.0858,0.397267
25740000,29,127.6,-21777.9,37.2318,0.392076
25755000,41,168.484,-21767.5,58.5903,0.3904
25770000,61,267.832,-21705.3,65.9834,0.399356
25785000,65,280.068,-21702.3,75.293,0.4142
25800000,54,219.9,-21690.6,48.7688,0.403133
25815000,61,256.683,-21703.3,70.6201,0.400667
25830000,46,184.459,-21688.8,47.193,0.391267
25845000,50,208.864,-21687.4,49.8965,0.3776
25860000,52,229.675,-21721.2,54.8214,0.399333
25875000,50,231.936,-21702.1,51.4768,0.388467
25890000,59,285.815,-21705.1,73.8451,0.396333
25905000,51,224.915,-21711.7,48.5346,0.396333
25920000,38,165.03,-21713,42.2392,0.375858
25935000,52,230.667,-21688.2,47.3151,0.393467
25950000,60,269.109,-21677.6,57.3601,0.3918
25965000,47,210.836,-21700.8,57.3013,0.387111
25980000,63,261.798,-21688.8,77.6196,0.4029
25995000,38,160.504,-21775,43.5816,0.394308
26010000,52,229.397,-21721.7,58.6135,0.403244
26025000,38,158.583,-21724,38.81,0.4066
26040000,47,211.392,-21708.6,44.3464,0.374867
26055000,38,185.909,-21734,41.5926,0.3752
26070000,42,173.777,-21734.9,38.6338,0.387089
26085000,45,210.525,-21698,50.007,0.373133
26100000,51,226.338,-21710.8,40.4535,0.378267
26115000,45,196.806,-21714.2,51.9394,0.3864
26130000,34,148.712,-21742.6,32.5421,0.3842
26145000,51,231.732,-21704.7,51.0002,0.3809
26160000,48,221.167,-21713.8,57.0226,0.3896
26175000,38,164.745,-21718.3,40.1188,0.388848
26190000,45,209.173,-21715.6,47.2681,0.3736
26205000,47,208.138,-21716.5,53.4492,0.380667
26220000,46,212.35,-21719.2,42.2118,0.399267
26235000,42,188.231,-21735.5,45.9275,0.396267
26250000,47,217.48,-21697.1,43.4658,0.367333
26265000,58,259.151,-21707,50.2212,0.3802
26280000,44,184.226,-21702.3,46.3518,0.381189
26295000,43,196.496,-21711.1,46.7774,0.384733
26310000,58,267.038,-21714.8,44.9883,0.400893
26325000,55,243.761,-21695.9,57.5763,0.3866
26340000,55,257.781,-21707.2,60.5785,0.403933
26355000,52,240.092,-21740.6,62.4374,0.38565
26370000,73,327.419,-21713.3,86.407,0.397911
26385000,64,270.956,-21696,79.5531,0.403844
26400000,59,263.243,-21707.5,60.15,0.410467
26415000,53,222.891,-21693.3,46.3133,0.402289
26430000,55,230.44,-21699,76.4839,0.404867
26445000,64,284.702,-21699.9,53.6387,0.400467
26460000,73,334.083,-21691.9,74.6202,0.3988
26475000,71,317.903,-21676.3,56.7848,0.411067
26490000,71,308.174,-21692,67.2385,0.413267
26505000,48,215.003,-21727.9,48.3412,0.388327
26520000,53,231.722,-21696,54.1178,0.4019
26535000,44,180.298,-21719.6,46.8145,0.397633
26550000,63,297.332,-21689.9,56.4933,0.404233
26565000,64,280.645,-21706,55.2615,0.4103
26580000,57,257.341,-21699.4,50.0216,0.411967
26595000,39,163.269,-21721.4,44.6246,0.395617
26610000,66,301.513,-21687.5,68.637,0.404233
26625000,47,206.644,-21682,30.586,0.4032
26640000,57,247.428,-21703.6,51.9904,0.396027
26655000,63,279.355,-21688.5,58.9475,0.4034
26670000,47,215.68,-21710.8,52.8884,0.3937
26685000,45,197.319,-21708.5,37.6273,0.400767
26700000,45,213.687,-21715.5,48.3258,0.397533
26715000,35,143.122,-21743.2,48.2941,0.383083
26730000,41,176.439,-21741.4,39.3672,0.385433
26745000,39,164.397,-21745.7,36.9925,0.361
26760000,44,208.956,-21723.2,42.5341,0.376978
26775000,49,212.924,-21721.1,49.9215,0.387467
26790000,39,175.496,-21734.2,37.6524,0.374653
26805000,46,210.502,-21727.5,38.776,0.385378
26820000,59,265.099,-21721.5,75.1039,0.395467
26835000,60,270.78,-21731.6,48.6579,0.3949
26850000,60,251.642,-21712.6,64.0251,0.414933
26865000,48,218.056,-21734.2,39.8906,0.399213
26880000,56,238.797,-21691.8,57.3896,0.408983
26895000,37,167.045,-21735,40.7118,0.395533
26910000,35,161.466,-21738.6,33.2022,0.370067
26925000,29,124.473,-21729.3,29.1434,0.3754
26940000,50,223.727,-21704.6,58.2599,0.3893
26955000,39,171.779,-21731.3,35.5449,0.385333
26970000,38,177.491,-21738,28.575,0.392286
26985000,43,172.158,-21717.1,23.116,0.392733
27000000,51,234.653,-21726.6,51.8147,0.404133
27015000,51,223.781,-21734,47.538,0.393147
27030000,52,223.014,-21730.4,66.8592,0.397533
27045000,53,233.683,-21701.4,45.1796,0.404133
27060000,49,207.677,-21701.9,50.4091,0.383533
27075000,47,205.794,-21730.4,37.5038,0.3855
27090000,52,237.188,-21700.8,59.1462,0.4015
27105000,40,170.152,-21733.8,47.3822,0.3978
27120000,47,218.264,-21698.9,37.5622,0.393967
27135000,42,191.123,-21737.9,31.4855,0.379467
27150000,54,233.899,-21693,64.6112,0.387133
27165000,39,175.409,-21718,49.9638,0.387622
27180000,78,340.339,-21672.9,77.8019,0.4031
27195000,48,213.931,-21716.8,62.4987,0.394117
27210000,56,248.113,-21686.6,47.4376,0.408067
27225000,58,249.439,-21711.5,56.5766,0.3956
27240000,60,264.768,-21700.6,57.8663,0.4034
27255000,51,219.066,-21709.1,49.5544,0.405933
27270000,38,161.557,-21721.3,31.5247,0.3928
27285000,49,222.457,-21706.7,59.2425,0.391867
27300000,60,275.991,-21696.5,56.8745,0.4118
27315000,68,298.627,-21692.5,56.1119,0.417933
27330000,47,223.721,-21722.1,38.8865,0.397683
27345000,55,245.089,-21736.6,58.9312,0.398567
27360000,68,289.702,-21741.7,67.5522,0.415667
27375000,48,213.727,-21729.9,49.5332,0.407267
27390000,56,267.941,-21690.1,69.7055,0.40912
27405000,54,237.539,-21700.3,63.0078,0.399067
27420000,55,247.935,-21694.9,56.4461,0.3926
27435000,61,269.155,-21699.8,66.6861,0.4074
27450000,52,236.284,-21717.7,62.6094,0.399
27465000,35,143.434,-21750.5,32.2728,0.403086
27480000,50,228.89,-21709.8,42.1741,0.4044
27495000,32,142.704,-21751.8,23.5936,0.379467
27510000,55,258.197,-21719.9,68.0494,0.394733
27525000,57,242.719,-21709.8,47.0786,0.4236
27540000,52,233.528,-21745,43.4158,0.397111
27555000,45,191.506,-21745.3,44.106,0.398189
27570000,44,189.955,-21723.9,44.9858,0.399667
27585000,35,150.079,-21736.7,39.2304,0.397956
27600000,41,172.043,-21721.8,25.0087,0.382567
27615000,42,190.887,-21733.2,49.5114,0.380333
27630000,50,222.198,-21736.4,50.8528,0.393693
27645000,46,201.622,-21719.1,54.8022,0.400267
27660000,44,200.682,-21720.8,46.7839,0.38148
27675000,47,217.376,-21722.2,60.0874,0.389783
27690000,51,231.503,-21699.4,54.9124,0.4008
27705000,57,236.248,-21719.4,46.4122,0.4026
27720000,42,176.69,-21731.6,36.5443,0.38632
27735000,48,217.825,-21731.3,44.1665,0.391987
27750000,46,207.132,-21710,40.3041,0.394978
27765000,42,195.697,-21720.4,47.2596,0.389267
27780000,44,195.545,-21721.2,47.4294,0.388422
27795000,48,209.026,-21726.2,53.7662,0.382533
27810000,44,197.612,-21694.9,42.3019,0.377867
27825000,41,195.694,-21717.4,37.0597,0.382267
27840000,63,275.734,-21700.8,67.0742,0.392317
27855000,53,226.566,-21719.3,48.7764,0.394833
27870000,58,269.479,-21684.5,60.8257,0.399233
27885000,42,195.148,-21719.4,30.3256,0.408767
27900000,44,203.598,-21705.1,35.9135,0.402
27915000,42,182.764,-21680.4,38.075,0.3883
27930000,57,258.503,-21702.7,62.9533,0.392267
27945000,57,252.636,-21708.6,51.8805,0.391667
27960000,59,272.696,-21694.6,56.9946,0.392067
27975000,55,243.632,-21692.6,53.7015,0.377233
27990000,50,215.825,-21742.1,62.0501,0.398167
28005000,47,216.787,-21710.5,50.6203,0.383267
28020000,49,201.203,-21718.9,52.9368,0.413533
28035000,42,183.595,-21698.5,48.7919,0.370167
28050000,47,210.178,-21704.9,45.7877,0.3656
28065000,59,264.526,-21696.2,68.7176,0.3946
28080000,59,251.126,-21706.1,47.1644,0.3874
28095000,56,259.935,-21730,43.2199,0.405027
28110000,42,183.159,-21721.5,43.2173,0.398667
28125000,49,229.649,-21710.8,49.6609,0.398483
28140000,55,252.325,-21718.2,46.4387,0.400467
28155000,57,252.674,-21727.6,48.232,0.393311
28170000,57,255.862,-21695.9,62.1629,0.403556
28185000,58,257.056,-21686,46.4274,0.400756
28200000,50,230.226,-21715,41.9188,0.398933
28215000,63,287.803,-21700,61.6641,0.408044
28230000,48,221.155,-21699.1,45.195,0.3957
28245000,52,234.718,-21706.6,50.567,0.402822
28260000,46,219.873,-21692.7,54.8138,0.392667
28275000,59,263.001,-21710.9,52.5308,0.401967
28290000,53,225.276,-21709.3,56.895,0.400867
28305000,54,236.567,-21715.3,50.7819,0.399333
28320000,51,225.967,-21723,46.83,0.3956
28335000,54,246.048,-21714.9,49.7272,0.394367
28350000,54,228.211,-21716.1,53.7988,0.397767
28365000,62,280.794,-21670.8,73.6981,0.389743
28380000,60,276.15,-21716.6,57.2429,0.416567
28395000,67,310.882,-21697.9,69.6942,0.406
28410000,57,249.85,-21718.4,51.4303,0.415867
28425000,39,169.029,-21721.8,30.2374,0.396467
28440000,58,249.013,-21695.7,48.9387,0.396556
28455000,75,326.363,-21688.7,77.071,0.387333
28470000,65,292.913,-21682.4,58.5533,0.404733
28485000,58,274.118,-21666.6,59.1989,0.396667
28500000,58,249.641,-21699.1,55.7512,0.389733
28515000,49,213.992,-21687.9,48.7705,0.3856
28530000,45,204.237,-21698,47.2555,0.368067
28545000,49,205.232,-21707.4,45.2805,0.369933
28560000,74,321.161,-21701.2,93.4876,0.391338
28575000,73,330.388,-21692.4,70.267,0.416467
28590000,72,306.356,-21680.2,68.3409,0.421933
28605000,63,284.217,-21701.5,54.3122,0.415667
28620000,62,266.139,-21705.2,57.5925,0.409667
28635000,63,287.372,-21689.4,59.9416,0.404867
28650000,61,272.17,-21714.5,57.0545,0.382971
28665000,49,210.627,-21702,35.2739,0.383933
28680000,65,289.476,-21711.1,51.0046,0.404644
28695000,52,216.529,-21697.8,40.0189,0.400667
28710000,51,206.262,-21681.6,51.179,0.411233
28725000,40,160.191,-21703.4,45.691,0.3889
28740000,44,187.166,-21706.9,51.8538,0.398867
28755000,50,210.253,-21711.9,47.2118,0.401267
28770000,52,227.675,-21723.6,49.9863,0.393133
28785000,54,236.229,-21712.1,65.1791,0.384167
28800000,51,211.077,-21745.3,48.1592,0.4007
28815000,49,212.4,-21702,53.2799,0.3843
28830000,54,244.479,-21680.4,55.7186,0.372333
28845000,47,200.919,-21725,43.7476,0.395822
28860000,49,216.148,-21693.8,49.4238,0.3941
28875000,73,340.979,-21698.1,76.1668,0.407933
28890000,56,260.533,-21707.6,62.5491,0.4006
28905000,51,224.098,-21713.8,58.3622,0.388333
28920000,45,208.321,-21716.7,48.123,0.39176
28935000,38,182.244,-21715.2,38.0287,0.376633
28950000,46,217.805,-21728.7,47.8354,0.382333
28965000,56,263.321,-21716.2,51.568,0.392
28980000,55,254.474,-21734.7,52.2018,0.411167
28995000,41,193.242,-21735.9,38.9059,0.409933
29010000,44,205.674,-21728.3,51.5068,0.394956
29025000,48,216.798,-21737.3,46.852,0.394267
29040000,47,225.701,-21734.3,42.8298,0.411067
29055000,41,190.618,-21727.9,47.8636,0.383533
29070000,46,201.889,-21727.7,47.0662,0.388712
29085000,50,229.508,-21753.8,53.0296,0.3925
29100000,50,206.871,-21715.3,67.689,0.397167
29115000,48,211.971,-21709.4,53.4507,0.3766
29130000,49,213.177,-21714.5,65.9791,0.3942
29145000,44,183.251,-21719.5,43.4032,0.384133
29160000,37,161.945,-21709.3,34.9311,0.38837
29175000,41,182.413,-21721.7,41.9373,0.378778
29190000,40,182.785,-21740.1,52.4401,0.384133
29205000,47,209.246,-21722.4,48.9837,0.39505
29220000,52,225.164,-21722.6,70.7816,0.394067
29235000,50,222.302,-21711.2,48.1481,0.399667
29250000,48,224.139,-21694.1,51.6598,0.3921
29265000,61,284.044,-21709,67.0481,0.3924
29280000,46,206.042,-21716.5,35.695,0.392267
29295000,48,224.932,-21724,49.9702,0.376267
29310000,49,227.446,-21712.4,59.2533,0.382714
29325000,66,285.015,-21694.4,59.992,0.398456
29340000,56,241.682,-21720.2,55.237,0.402
29355000,49,208.634,-21714.2,54.9248,0.391111
29370000,53,233.861,-21724.7,52.9932,0.388333
29385000,61,259.999,-21692.4,58.8918,0.409378
29400000,68,304.051,-21699.6,72.5975,0.410133
29415000,53,243.297,-21684.9,52.1683,0.382108
29430000,49,219.898,-21699.4,46.6091,0.38505
29445000,60,248.22,-21705.1,60.5981,0.415511
29460000,61,276.312,-21723.3,48.9534,0.416333
29475000,48,219.879,-21708.7,47.5859,0.379117
29490000,56,251.934,-21712.4,70.4629,0.4021
29505000,44,191.738,-21727.1,31.1577,0.386667
29520000,61,261.545,-21692.2,68.3716,0.409867
29535000,66,286.018,-21675,56.8335,0.414
29550000,36,155.381,-21740.8,37.7029,0.397022
29565000,56,255.888,-21687.7,64.3684,0.380289
29580000,50,231.118,-21722.3,41.5594,0.386867
29595000,63,280.082,-21708.2,62.6842,0.396183
29610000,52,229.588,-21711.2,54.1672,0.394867
29625000,61,264.418,-21683.7,68.9546,0.396133
29640000,60,266.929,-21685.4,78.2189,0.392293
29655000,59,263.342,-21709.6,50.6612,0.402333
29670000,61,259.346,-21718.1,55.1445,0.407467
29685000,56,251.117,-21737.6,82.0844,0.407733
29700000,52,236.211,-21701.2,45.4464,0.386367
29715000,65,286.414,-21680.7,70.5669,0.401933
29730000,58,253.916,-21673.5,49.0932,0.3864
29745000,62,291.026,-21713.5,61.1202,0.401267
29760000,52,234.388,-21701.1,53.309,0.384533
29775000,47,211.584,-21704.5,47.3845,0.390544
29790000,55,248.426,-21694.8,47.9829,0.398933
29805000,46,204.719,-21695.6,46.5457,0.375667
29820000,40,181.325,-21725.8,33.2493,0.399567
29835000,31,146.216,-21755.9,33.4043,0.400867
29850000,46,203.024,-21717.1,38.4111,0.378044
29865000,37,170.732,-21731.9,38.5341,0.3771
29880000,52,234.019,-21707.4,50.115,0.387877
29895000,53,228.081,-21726.2,54.7981,0.407067
29910000,55,265.845,-21717.1,53.4035,0.396644
29925000,50,217.151,-21688.6,47.2739,0.376493
29940000,51,230.67,-21700.7,58.238,0.395867
29955000,61,267.98,-21701.9,54.0635,0.398867
29970000,46,208.598,-21715.1,55.3535,0.393933
29985000,44,201.249,-21761.8,44.8248,0.39268
