generation,N_shifts,logPrior,logLik,eventRate,acceptRate
0,0,-47.1811,-22314,100,1
15000,0,1.02173,-22075.5,3.27921,0.157456
30000,0,0.247171,-22068.6,0.407648,0.1568
45000,0,-0.907208,-22069.1,1.04825,0.159508
60000,0,-0.126365,-22068.8,1.00612,0.1487
75000,0,-0.123143,-22068.8,0.759917,0.141667
90000,0,1.04863,-22073.9,4.03388,0.14332
105000,0,-0.00156488,-22068.2,0.668753,0.144467
120000,1,3.31252,-22059.7,1.91879,0.198167
135000,2,10.2716,-22047.2,2.69488,0.355667
150000,3,13.8403,-22040.9,3.51245,0.346867
165000,4,17.6684,-22050.4,4.75059,0.276811
180000,2,10.6302,-22044.1,3.90149,0.3798
195000,6,20.2287,-21999.2,15.1321,0.376533
210000,9,45.4556,-21911,13.0508,0.351533
225000,9,45.6886,-21911.2,8.17988,0.355333
240000,16,72.1081,-21894.5,30.3189,0.360067
255000,15,69.8233,-21890.8,19.6412,0.3792
270000,14,50.5971,-21900.9,18.9469,0.337824
285000,13,52.6235,-21875.2,21.3281,0.33797
300000,13,57.098,-21879.3,14.8301,0.349489
315000,16,53.3905,-21855.2,21.4659,0.331933
330000,14,63.6991,-21868.4,12.1696,0.355067
345000,28,116.527,-21840.5,23.4332,0.361833
360000,18,75.0329,-21835.9,14.0237,0.3456
375000,15,64.3925,-21835.4,7.855,0.336267
390000,15,63.0213,-21862,17.8509,0.336627
405000,35,148.678,-21771,24.5322,0.3779
420000,22,94.324,-21773.5,21.6998,0.374667
435000,21,97.0149,-21783,21.1674,0.3484
450000,36,161.629,-21770,39.7162,0.360267
465000,46,193.058,-21771.6,48.2315,0.399867
480000,32,145.996,-21780.7,33.994,0.360238
495000,51,221.797,-21745.1,45.873,0.403133
510000,64,272.232,-21705.6,59.2198,0.413133
525000,60,248.382,-21711.6,70.0103,0.415267
540000,63,278.482,-21706.7,75.9044,0.402667
555000,69,299.628,-21711.7,68.2986,0.403533
570000,53,241.193,-21702.5,56.3657,0.395467
585000,55,246.779,-21709.3,52.4119,0.3966
600000,62,286.896,-21711.4,61.7676,0.404333
615000,52,227.686,-21724.1,64.7987,0.364533
630000,55,248.38,-21701.7,45.2662,0.4054
645000,64,289.874,-21693.5,65.7172,0.399533
660000,54,240.321,-21683.4,58.1458,0.4056
675000,56,245.714,-21720.3,48.024,0.4035
690000,61,264.84,-21689.5,67.3661,0.4151
705000,61,271.87,-21711.3,73.0796,0.415067
720000,40,169.148,-21695.1,46.4066,0.393811
735000,60,250.473,-21681.4,63.8768,0.391367
750000,84,374.176,-21691.9,90.1827,0.407933
765000,87,381.296,-21694.1,94.6908,0.418267
780000,65,282.405,-21684.6,63.3976,0.417133
795000,53,217.912,-21708.2,58.6235,0.400267
810000,66,284.699,-21687.4,82.831,0.400967
825000,67,298.314,-21685.8,66.179,0.4132
840000,57,255.422,-21706,53.4476,0.402667
855000,55,234.741,-21691.6,59.5828,0.4051
870000,57,262.26,-21714.6,53.6895,0.4111
885000,49,216.899,-21717.1,48.0077,0.402
900000,50,226.72,-21703.5,36.717,0.412933
915000,56,240.62,-21711.6,81.5739,0.392533
930000,52,232.637,-21705.1,53.9443,0.397333
945000,58,261.399,-21684.7,52.4828,0.397067
960000,47,205.213,-21718.6,47.7396,0.400019
975000,56,237.676,-21688.3,70.0188,0.396838
990000,54,236.818,-21667.9,58.8551,0.3924
1005000,62,271.836,-21671.7,74.6379,0.384267
1020000,68,304.833,-21683.9,73.6689,0.417933
1035000,64,275.059,-21728.9,57.3743,0.401307
1050000,58,247.286,-21689.8,83.3702,0.3934
1065000,59,255.754,-21694.6,55.0081,0.4113
1080000,62,266.623,-21664.8,68.9787,0.4048
1095000,78,360.388,-21664.7,76.6121,0.4104
1110000,52,230.238,-21717.5,56.3397,0.401533
1125000,64,284.71,-21696.3,52.9822,0.407967
1140000,49,219.338,-21679.2,43.2506,0.384167
1155000,67,289.551,-21670.5,75.1305,0.3973
1170000,66,298.771,-21656,66.8467,0.402781
1185000,69,293.807,-21669,63.6699,0.409467
1200000,68,290.268,-21690.3,64.9163,0.413867
1215000,59,256.952,-21681.9,54.2502,0.4098
1230000,56,258.118,-21674.9,50.1082,0.389667
1245000,56,250.62,-21692.3,58.7662,0.391133
1260000,63,251.333,-21671.7,65.9453,0.396667
1275000,53,223.169,-21697.1,47.2792,0.400748
1290000,60,242.706,-21675.2,66.2617,0.388533
1305000,47,211.122,-21697.9,42.1922,0.3968
1320000,55,243.477,-21672.6,48.9741,0.392717
1335000,60,286.259,-21699.3,59.2548,0.390767
1350000,58,250.321,-21699.2,58.3571,0.4076
1365000,66,290.804,-21661.5,75.5952,0.396844
1380000,60,273.007,-21660.8,41.9707,0.4074
1395000,43,189.02,-21681.6,45.9242,0.395733
1410000,72,304.525,-21695.7,67.72,0.392743
1425000,76,333.58,-21683.1,74.4699,0.3884
1440000,69,295.76,-21654.9,67.1441,0.4106
1455000,64,276.314,-21715.2,60.7435,0.406633
1470000,63,271.968,-21665,75.3677,0.411933
1485000,73,317.886,-21659.9,70.5503,0.4002
1500000,59,245.514,-21650.1,54.4909,0.409467
1515000,50,211.034,-21655.2,42.8753,0.382067
1530000,55,234.138,-21663.1,66.5571,0.372067
1545000,52,236.222,-21701.8,49.017,0.392044
1560000,66,277.264,-21642.9,73.3393,0.386567
1575000,53,230.2,-21662.8,50.3647,0.375467
1590000,57,240.119,-21691.4,62.3031,0.401178
1605000,68,283.347,-21683.3,72.8333,0.401692
1620000,48,202.371,-21689.4,58.4186,0.3934
1635000,53,226.765,-21707.8,47.7673,0.386333
1650000,64,268.144,-21686.1,69.8565,0.3936
1665000,74,326.611,-21684.2,77.2252,0.413467
1680000,74,324.771,-21679.6,64.2438,0.401495
1695000,84,369.178,-21690,88.3417,0.424267
1710000,64,258.814,-21673.5,68.5599,0.4146
1725000,55,228.048,-21695.8,57.375,0.393133
1740000,57,259.63,-21670.8,54.9891,0.398883
1755000,58,257.634,-21667.8,56.5886,0.396667
1770000,50,214.834,-21689.3,57.2587,0.384267
1785000,52,222.921,-21714.4,61.0569,0.397679
1800000,38,167.866,-21712.8,45.8078,0.39544
1815000,53,243.212,-21696.1,55.9847,0.394556
1830000,51,220.372,-21719.9,53.8472,0.394044
1845000,55,224.253,-21715.2,52.1323,0.397133
1860000,64,274.942,-21706.4,67.2786,0.401356
1875000,54,238.389,-21711.5,60.0765,0.398244
1890000,57,261.456,-21699.1,70.3384,0.397967
1905000,54,219.313,-21688.7,56.601,0.4026
1920000,57,245.087,-21684.3,60.5162,0.400667
1935000,61,266.042,-21682.6,58.7078,0.393
1950000,56,248.985,-21697.5,57.8587,0.39236
1965000,41,181.851,-21696.3,43.2899,0.388267
1980000,53,236.212,-21702.3,67.5619,0.3988
1995000,73,307.398,-21696.5,71.5563,0.401573
2010000,56,258.249,-21697,64.662,0.4064
2025000,64,271.102,-21678,64.8164,0.4068
2040000,59,251.465,-21671.1,58.3469,0.416244
2055000,50,210.077,-21689.2,60.9409,0.399617
2070000,58,254.775,-21668.4,62.0973,0.393644
2085000,49,216.863,-21678.9,49.8876,0.3936
2100000,61,262.076,-21668.3,61.4752,0.400233
2115000,45,199.06,-21694.4,49.731,0.37508
2130000,43,177.534,-21677.9,45.9737,0.377233
2145000,47,215.75,-21707.1,41.4796,0.38885
2160000,54,230.731,-21679.1,51.9494,0.3952
2175000,62,258.613,-21685.4,56.1776,0.406667
2190000,51,224.432,-21703,49.2006,0.398622
2205000,51,229.737,-21710.9,48.3429,0.396733
2220000,52,222.354,-21694.7,70.9591,0.389778
2235000,47,218.443,-21701.3,50.4547,0.400267
2250000,51,223.382,-21699.2,46.9605,0.3808
2265000,51,227.329,-21702,53.7256,0.3966
2280000,52,222.545,-21690.1,43.4693,0.39175
2295000,60,265.912,-21688.3,49.9615,0.386494
2310000,56,246.888,-21683.7,85.551,0.3919
2325000,60,261.572,-21672.9,60.6995,0.397533
2340000,62,260.763,-21697.6,66.8171,0.392489
2355000,72,322.117,-21666.3,68.3202,0.407533
2370000,73,315.425,-21688.3,79.3738,0.405933
2385000,73,328.092,-21687.4,80.0624,0.404933
2400000,61,253.348,-21662.3,59.6088,0.402667
2415000,57,239.057,-21676.6,59.2254,0.38212
2430000,77,340.768,-21651.6,80.7378,0.408667
2445000,65,292.628,-21662.3,53.8864,0.4036
2460000,54,208.976,-21699.5,65.4782,0.384
2475000,60,274.469,-21688.3,54.2844,0.409533
2490000,66,271.086,-21691,79.9141,0.405933
2505000,60,233.938,-21676.1,64.0065,0.4144
2520000,57,239.496,-21684.1,56.444,0.384967
2535000,54,235.395,-21674.3,51.1051,0.3776
2550000,77,337.045,-21694.7,79.7567,0.404533
2565000,65,276.597,-21678.7,64.1992,0.4096
2580000,67,279.273,-21673.3,72.5,0.403
2595000,71,295.937,-21654.5,78.0186,0.401144
2610000,52,235.005,-21693.9,49.6519,0.395287
2625000,63,268.61,-21666.1,71.7078,0.396778
2640000,66,282.886,-21659.3,58.9412,0.400333
2655000,59,262.058,-21674.8,60.1452,0.410417
2670000,66,283.814,-21682.9,60.8035,0.400867
2685000,62,276.758,-21645.2,64.865,0.398711
2700000,57,235.517,-21670.3,58.9372,0.389933
2715000,49,215.334,-21676.4,46.9577,0.382867
2730000,58,236.659,-21652.8,65.1893,0.365067
2745000,50,211.175,-21658,50.8674,0.368733
2760000,55,235.109,-21648.8,64.1284,0.384
2775000,54,233.057,-21678.8,51.5755,0.390438
2790000,64,276.508,-21675.9,64.111,0.405733
2805000,68,295.032,-21684.3,56.485,0.406133
2820000,69,304.258,-21671.5,60.8774,0.389583
2835000,51,221.736,-21694.1,51.6817,0.397567
2850000,56,248.449,-21678,50.9754,0.3774
2865000,60,260.433,-21663.7,71.9869,0.386667
2880000,52,220.556,-21677.3,45.5956,0.3889
2895000,52,227.886,-21708.1,54.8553,0.3886
2910000,56,227.662,-21701.2,66.2376,0.39908
2925000,68,311.08,-21651.4,55.2141,0.392367
2940000,67,298.543,-21676.8,74.4283,0.396533
2955000,48,210.558,-21686.5,52.5144,0.3918
2970000,60,262.425,-21696.2,60.0114,0.3922
2985000,62,279.82,-21665.8,61.664,0.394
3000000,47,201.712,-21677.5,44.4246,0.388267
3015000,69,296.51,-21672.4,64.4744,0.397067
3030000,61,273.028,-21654,56.3122,0.389133
3045000,62,267.293,-21642.1,56.4255,0.3744
3060000,56,242.751,-21666.5,53.8312,0.386
3075000,50,209.776,-21672.1,37.0781,0.381867
3090000,57,236.367,-21682.2,56.5139,0.380733
3105000,62,281.371,-21691.3,61.8519,0.402667
3120000,52,218.461,-21708.4,44.9866,0.3837
3135000,53,229.023,-21696.4,62.1157,0.3908
3150000,46,203.665,-21683.9,58.9141,0.3834
3165000,51,230.182,-21691.6,62.0587,0.395767
3180000,54,230.349,-21688.8,66.0041,0.389233
3195000,48,211.39,-21688.2,47.7978,0.379711
3210000,69,292.451,-21675.3,86.6249,0.396967
3225000,58,249.998,-21676.4,58.7999,0.392567
3240000,56,249.867,-21689.2,48.5818,0.399
3255000,67,285.944,-21657.5,63.4131,0.3988
3270000,54,237.231,-21680.1,45.6653,0.3939
3285000,55,230.759,-21692.3,77.7726,0.3998
3300000,48,209.035,-21691.2,40.1155,0.378867
3315000,55,240.437,-21679.5,60.2438,0.390383
3330000,53,245.005,-21681.6,53.4109,0.395533
3345000,48,201.128,-21672.8,42.962,0.397111
3360000,47,204.411,-21697.3,50.3159,0.4013
3375000,52,228.33,-21692.6,60.1663,0.387067
3390000,44,177.478,-21694.3,36.4324,0.389822
3405000,58,242.063,-21695,67.8167,0.389133
3420000,66,292.257,-21688.7,81.7243,0.402533
3435000,51,225.143,-21680.9,39.4723,0.406533
3450000,53,237.421,-21668.3,46.9937,0.3848
3465000,66,288.054,-21682.4,58.609,0.3988
3480000,47,214.422,-21684.8,47.5032,0.394
3495000,60,255.413,-21689.8,50.7095,0.396692
3510000,68,293.445,-21713.4,70.9362,0.4042
3525000,57,235.257,-21707.9,48.7856,0.4008
3540000,50,200.923,-21687,57.1388,0.393067
3555000,45,192.056,-21715.8,35.9284,0.385787
3570000,50,209.252,-21691.6,41.4472,0.400733
3585000,43,180.418,-21697,39.6077,0.372133
3600000,48,218.013,-21713.2,47.2593,0.393733
3615000,61,246.266,-21695.1,50.8876,0.390187
3630000,62,242.234,-21696.1,82.2983,0.395
3645000,60,242.302,-21674.1,57.3182,0.400533
3660000,67,278.285,-21660.2,82.0054,0.404
3675000,60,254.034,-21664,69.1236,0.399067
3690000,60,260.734,-21658.4,51.2592,0.385467
3705000,70,284.416,-21645.3,65.5068,0.394667
3720000,73,316.551,-21721.3,69.5671,0.400726
3735000,55,233.946,-21661.6,52.2497,0.382033
3750000,72,316.284,-21649.6,68.4691,0.3959
3765000,52,227.753,-21653.3,55.5653,0.4018
3780000,59,258.509,-21656.1,63.9311,0.385867
3795000,64,280.279,-21665.4,72.2133,0.408
3810000,63,260.248,-21675.6,63.6722,0.403744
3825000,52,218.216,-21667.5,46.4278,0.383156
3840000,56,251.613,-21648.1,37.9822,0.3924
3855000,45,193.476,-21672.8,39.1585,0.377967
3870000,54,225.852,-21681,51.559,0.396233
3885000,54,239.733,-21664.2,52.3621,0.395489
3900000,53,229.786,-21684.3,49.2062,0.387644
3915000,47,207.365,-21657.5,60.4586,0.373933
3930000,66,286.711,-21689.9,70.114,0.396533
3945000,78,335.791,-21636.6,88.1215,0.388167
3960000,86,339.464,-21634.9,76.2475,0.414333
3975000,76,321.266,-21642.7,67.7822,0.402533
3990000,61,277.921,-21702.3,61.6019,0.409533
4005000,74,323.974,-21674.5,86.5189,0.398933
4020000,44,189.063,-21697,44.1888,0.387815
4035000,59,254.378,-21667.1,65.7536,0.399033
4050000,44,193.602,-21709.3,48.7095,0.385267
4065000,45,192.266,-21669.4,53.3555,0.3914
4080000,48,207.523,-21686.6,45.4093,0.389433
4095000,53,214.752,-21669.4,59.8151,0.394933
4110000,55,232.223,-21673.2,45.5949,0.397778
4125000,61,267.904,-21664,51.1965,0.3962
4140000,59,258.086,-21664.2,64.8735,0.402133
4155000,42,186.813,-21694.6,41.8771,0.3876
4170000,66,271.957,-21669.1,60.3432,0.4024
4185000,52,220.383,-21698.6,59.7357,0.391033
4200000,66,288.627,-21648.9,62.9233,0.393833
4215000,76,324.926,-21659.5,75.6569,0.4062
4230000,58,238.023,-21690.9,52.3008,0.3964
4245000,59,242.189,-21688.7,57.3006,0.403867
4260000,57,246.795,-21695,60.6619,0.39237
4275000,62,267.076,-21648.3,55.6955,0.4018
4290000,57,260.744,-21655.6,64.2963,0.388667
4305000,56,250.519,-21693.3,40.9836,0.398378
4320000,67,300.022,-21654.9,58.6196,0.39824
4335000,44,195.492,-21717,37.2479,0.384933
4350000,44,186.894,-21698,47.9068,0.370867
4365000,38,176.503,-21714.2,48.911,0.354933
4380000,37,160.091,-21714.9,31.0298,0.383378
4395000,46,193.112,-21732,44.5705,0.393067
4410000,50,212.838,-21701.4,61.6589,0.393
4425000,40,157.977,-21709.8,47.9661,0.387705
4440000,42,161.546,-21706.4,39.6349,0.3902
4455000,47,189.848,-21688.4,44.5154,0.3566
4470000,49,222.331,-21679.8,51.9977,0.377276
4485000,53,219.241,-21686.3,53.9793,0.386267
4500000,52,216.497,-21696.3,46.4798,0.4032
4515000,41,180.658,-21686.7,32.4423,0.387467
4530000,45,189.913,-21688.2,37.0581,0.371067
4545000,56,248.057,-21693.6,58.3545,0.3896
4560000,57,254.276,-21691.2,52.784,0.394689
4575000,62,269.816,-21682.9,59.2641,0.399576
4590000,61,279.593,-21687.6,54.7953,0.399556
4605000,47,200.168,-21685.2,48.8155,0.397667
4620000,53,226.331,-21682.3,50.2916,0.3814
4635000,56,249.236,-21683.5,46.799,0.385333
4650000,58,245.289,-21673.8,56.6732,0.402667
4665000,59,256.054,-21679.6,52.6366,0.3978
4680000,40,171.513,-21710.5,37.2775,0.395295
4695000,46,193.755,-21702.3,50.3122,0.388104
4710000,51,212.108,-21704.4,43.1486,0.393
4725000,59,238.81,-21725.7,54.6718,0.398183
4740000,62,272.977,-21687.7,57.7564,0.403533
4755000,52,228.548,-21702.4,53.7804,0.399733
4770000,56,252.576,-21724.2,53.975,0.401533
4785000,49,217.502,-21695.4,48.9242,0.394067
4800000,58,261.743,-21681.4,56.8102,0.392833
4815000,68,299.578,-21676.5,70.8291,0.394
4830000,55,237.683,-21680.7,51.8753,0.379267
4845000,60,273.282,-21677.8,69.395,0.386267
4860000,51,216.475,-21713,48.5435,0.403427
4875000,63,292.525,-21666.2,51.6342,0.392433
4890000,56,242.092,-21647,60.8227,0.3898
4905000,75,334.09,-21657.8,70.9456,0.400056
4920000,61,272.418,-21705.3,60.0985,0.40395
4935000,56,237.23,-21695.8,53.3242,0.404867
4950000,54,231.273,-21667.7,53.3141,0.393617
4965000,53,239.805,-21702.5,60.0484,0.402517
4980000,57,247.723,-21690.6,61.4793,0.3996
4995000,57,250.149,-21691,57.4517,0.40015
5010000,56,231.631,-21701.6,58.031,0.398367
5025000,65,267.29,-21689.9,65.4872,0.4032
5040000,51,226.573,-21690.5,62.5168,0.3944
5055000,48,206.147,-21658.9,63.2172,0.3896
5070000,55,223.219,-21688.2,50.6438,0.3952
5085000,45,186.162,-21671.6,52.4947,0.3834
5100000,51,205.213,-21679.5,55.2584,0.379133
5115000,69,283.53,-21671.8,75.913,0.393067
5130000,76,298.923,-21675.5,101.233,0.409
5145000,63,276.855,-21655.8,71.4769,0.392433
5160000,58,242.109,-21681.4,77.3577,0.394867
5175000,54,241.752,-21663.7,41.4304,0.3917
5190000,58,261.652,-21650.1,49.8949,0.378733
5205000,65,281.647,-21663.3,73.8211,0.392067
5220000,72,310.832,-21669.8,83.204,0.398433
5235000,67,301.707,-21671,69.0298,0.400929
5250000,60,261.914,-21648.1,62.3001,0.407067
5265000,51,237.75,-21690.9,45.285,0.393217
5280000,77,338.452,-21663.1,89.1134,0.407233
5295000,56,251.027,-21687.1,51.9789,0.3939
5310000,66,290.172,-21641.1,70.6376,0.3992
5325000,64,282.834,-21634.9,53.5493,0.3946
5340000,79,324.992,-21652.4,85.1067,0.416133
5355000,76,305.025,-21641.7,77.9307,0.409933
5370000,71,315.481,-21655.1,63.9048,0.4042
5385000,71,310.282,-21648.3,74.0576,0.402467
5400000,62,266.143,-21647.5,56.6207,0.3872
5415000,70,304.934,-21642.5,75.3105,0.4034
5430000,74,306.763,-21646.1,56.7852,0.398133
5445000,47,206.11,-21676.5,46.8495,0.382987
5460000,70,296.459,-21648.3,71.5145,0.412733
5475000,66,280.176,-21667.6,75.8802,0.393843
5490000,57,228.688,-21663.1,65.9154,0.399333
5505000,68,301.846,-21661.2,71.9832,0.388933
5520000,75,340.717,-21681.8,73.1626,0.4126
5535000,87,351.45,-21615.1,85.0089,0.402213
5550000,87,377.168,-21619.1,99.0319,0.418067
5565000,63,270.728,-21638.2,62.2735,0.4026
5580000,85,376.361,-21603,59.7795,0.4043
5595000,101,426.004,-21626.8,99.5123,0.415133
5610000,100,459.265,-21605.7,112.469,0.413667
5625000,78,309.571,-21642.7,85.559,0.415133
5640000,90,394.363,-21647.6,82.6992,0.415333
5655000,90,376.092,-21642.3,106.793,0.417
5670000,77,332.192,-21649.7,54.9539,0.412067
5685000,73,315.633,-21618.1,66.2952,0.4018
5700000,64,258.598,-21678.1,61.9739,0.39792
5715000,72,326.975,-21645.5,71.7246,0.398667
5730000,76,340.04,-21683.1,82.6158,0.4116
5745000,83,340.21,-21632.2,69.5459,0.4032
5760000,86,378.231,-21653.2,86.8531,0.4036
5775000,81,349.869,-21641.7,82.1142,0.418
5790000,85,363.118,-21657,83.7797,0.405733
5805000,61,278.662,-21679.4,66.6154,0.389064
5820000,75,319.298,-21648,66.1118,0.416233
5835000,71,305.431,-21661.9,58.23,0.409067
5850000,80,356.856,-21656.7,97.8146,0.420933
5865000,73,334.578,-21684.4,85.0324,0.426
5880000,75,335.441,-21672.7,87.7986,0.4064
5895000,83,368.976,-21671,76.0375,0.413667
5910000,72,315.131,-21659,68.3438,0.415867
5925000,68,311.102,-21684.1,62.7681,0.423267
5940000,80,340.075,-21656.9,87.6094,0.426333
5955000,72,326.272,-21642.8,77.3828,0.415867
5970000,88,390.004,-21649.7,100.412,0.407267
5985000,78,333.379,-21655.5,81.9135,0.4178
6000000,88,369.815,-21647.7,89.2063,0.411267
6015000,78,347.351,-21657.1,75.6763,0.4168
6030000,87,380.465,-21651.8,101.724,0.414467
6045000,51,223.162,-21709.9,50.4461,0.405313
6060000,51,225.658,-21708.9,46.7673,0.39557
6075000,71,313.776,-21639.4,70.4204,0.416822
6090000,40,175.053,-21705.7,35.6778,0.389311
6105000,52,230.205,-21673.2,55.3793,0.4001
6120000,49,228.663,-21714.7,47.0857,0.38655
6135000,55,242.441,-21667.7,62.0343,0.377567
6150000,61,265.644,-21683.5,57.8115,0.392867
6165000,59,257.975,-21697.1,50.1191,0.379053
6180000,60,263.78,-21684,66.3061,0.400667
6195000,55,227.651,-21675.1,59.0511,0.398333
6210000,60,258.764,-21663.3,60.0645,0.400667
6225000,60,270.56,-21678.9,56.7036,0.404867
6240000,44,185.859,-21693.1,46.8032,0.391827
6255000,38,167.3,-21741.8,51.7452,0.392637
6270000,48,210.018,-21716.7,41.5828,0.3736
6285000,53,213.516,-21697.4,54.3094,0.396683
6300000,61,247.42,-21695.7,61.0073,0.4058
6315000,58,249.656,-21674.3,73.7397,0.386711
6330000,36,144.907,-21730.6,30.7894,0.388147
6345000,61,255.871,-21718.6,63.7303,0.405578
6360000,50,215.929,-21677.8,41.8034,0.381956
6375000,49,186.771,-21704.5,41.2052,0.392367
6390000,48,216.025,-21706,60.3731,0.403733
6405000,38,153.692,-21711.4,35.6372,0.386733
6420000,49,228.592,-21684.9,47.1519,0.3842
6435000,62,275.646,-21682.7,47.4939,0.3934
6450000,69,305.799,-21682.5,66.4139,0.406933
6465000,62,248.195,-21681.4,67.1069,0.407387
6480000,61,292.438,-21675.5,59.1177,0.403433
6495000,63,281.039,-21666.9,52.6677,0.400267
6510000,71,323.675,-21696,59.7256,0.405467
6525000,56,249.267,-21682.2,54.4428,0.404733
6540000,62,276.389,-21676.5,54.9197,0.397867
6555000,59,251.075,-21670.9,59.5761,0.391333
6570000,57,261.372,-21662,58.2951,0.389667
6585000,56,226.037,-21692.4,62.9141,0.396578
6600000,55,242.76,-21664.4,60.4665,0.3876
6615000,59,266.758,-21664.9,52.5788,0.375733
6630000,58,248.628,-21676.9,57.1809,0.410467
6645000,46,212.061,-21682.4,40.3328,0.4042
6660000,46,197.122,-21691.2,42.7552,0.388933
6675000,56,251.698,-21704.8,44.0597,0.3918
6690000,46,193.062,-21724.2,42.2699,0.394809
6705000,57,217.69,-21669.6,70.3742,0.397133
6720000,67,301.319,-21683,63.3549,0.404333
6735000,79,352.538,-21682.3,82.6209,0.429733
6750000,78,340.845,-21666.3,78.2964,0.4152
6765000,41,177.52,-21704.6,39.5688,0.386306
6780000,48,204.813,-21690.7,46.2997,0.388711
6795000,59,236.539,-21665,50.7974,0.390178
6810000,58,248.562,-21682,63.0986,0.381467
6825000,52,227.624,-21692.4,45.2945,0.394756
6840000,50,217.427,-21703.3,49.074,0.387667
6855000,58,244.047,-21660.3,59.2141,0.404378
6870000,57,252.6,-21662.5,55.6937,0.391733
6885000,52,226.915,-21668.8,50.5131,0.39
6900000,45,186.009,-21721.5,51.8213,0.397911
6915000,62,270.973,-21679.3,77.8227,0.3886
6930000,54,224.6,-21676.1,44.2332,0.400533
6945000,34,122.71,-21715,29.3707,0.381629
6960000,44,178.954,-21704.6,47.7421,0.372933
6975000,48,209.665,-21681.8,54.5649,0.388533
6990000,44,189.665,-21725.3,43.4714,0.3876
7005000,51,229.836,-21684.1,56.1751,0.396767
7020000,43,172.752,-21707.8,41.044,0.377333
7035000,42,183.196,-21701.1,37.8914,0.4011
7050000,56,238.851,-21674.4,56.6415,0.376167
7065000,58,233.751,-21668.8,62.824,0.384733
7080000,58,252.525,-21680.6,72.6968,0.404333
7095000,52,222.758,-21684.8,57.2122,0.3968
7110000,51,207.701,-21698.9,58.7029,0.399467
7125000,47,211.016,-21707.3,53.0873,0.392107
7140000,54,235.579,-21677.5,58.847,0.394489
7155000,47,201.004,-21717.4,51.8322,0.403233
7170000,54,234.782,-21704.9,49.9192,0.407267
7185000,55,251.318,-21701.8,68.2608,0.3984
7200000,43,179.139,-21698.1,45.317,0.4032
7215000,46,201.613,-21709.3,46.8322,0.409467
7230000,49,221.575,-21689.5,56.7947,0.390244
7245000,54,236.301,-21697.2,44.4732,0.4054
7260000,49,216.724,-21723.9,41.237,0.396089
7275000,50,237.411,-21693.5,49.3078,0.398367
7290000,55,235.247,-21722.2,44.2029,0.386311
7305000,49,202.337,-21684.7,54.9609,0.404578
7320000,40,144.105,-21722.8,44.49,0.385467
7335000,44,188.968,-21718.3,36.84,0.376267
7350000,49,217.444,-21699.1,65.1127,0.392467
7365000,45,192.422,-21705.1,36.4952,0.379078
7380000,44,178.192,-21703.5,40.9126,0.397167
7395000,47,199.844,-21707,47.7627,0.385133
7410000,46,197.865,-21691,48.2208,0.3816
7425000,61,261.708,-21719,67.2862,0.394356
7440000,49,208.907,-21695.7,53.0089,0.387967
7455000,60,271.41,-21675.6,54.7171,0.394033
7470000,46,200.905,-21707.9,42.0949,0.400533
7485000,57,260.688,-21680.5,59.654,0.388667
7500000,62,273.343,-21668.4,70.0665,0.407733
7515000,65,271.423,-21676.2,57.3611,0.411333
7530000,55,230.439,-21663.3,59.0804,0.410333
7545000,64,290.088,-21681.7,58.5376,0.387543
7560000,66,286.696,-21677.9,69.5473,0.3996
7575000,69,301.654,-21683.8,77.7054,0.399333
7590000,52,225.091,-21707.1,61.9863,0.393883
7605000,55,243.421,-21661.7,46.3314,0.395867
7620000,68,300.493,-21656.9,69.2628,0.378933
7635000,44,197.1,-21681.8,38.4499,0.386352
7650000,59,279.175,-21672.1,49.6898,0.391567
7665000,48,205.602,-21665.5,40.6915,0.377933
7680000,53,229.561,-21669.9,53.3683,0.375333
7695000,62,273.851,-21650.3,62.2047,0.385167
7710000,54,227.585,-21648.5,69.673,0.384533
7725000,62,267.827,-21660.4,65.8817,0.386533
7740000,72,322.725,-21652.9,76.5105,0.4029
7755000,63,255.5,-21660,71.9221,0.404733
7770000,67,289.292,-21669.3,73.4135,0.396267
7785000,66,287.923,-21645.1,61.8364,0.401867
7800000,64,270.806,-21666.5,69.8172,0.409733
7815000,46,182.327,-21707.5,52.1987,0.395582
7830000,67,288.931,-21647.5,62.983,0.3899
7845000,69,293.865,-21652.7,62.1959,0.404467
7860000,38,164.122,-21731.3,42.6051,0.395622
7875000,59,247.836,-21656.5,58.2841,0.3911
7890000,62,268.993,-21708.5,86.9393,0.405467
7905000,65,291.383,-21682,41.4676,0.410967
7920000,55,235.59,-21694.7,54.295,0.390467
7935000,62,262.734,-21690.3,49.7147,0.401924
7950000,55,245.684,-21699.9,50.3379,0.403067
7965000,55,240.258,-21672.6,53.3594,0.403033
7980000,63,268.513,-21666.4,60.7119,0.394533
7995000,55,231.666,-21673.1,50.3068,0.402467
8010000,55,245.125,-21687.6,50.9838,0.396983
8025000,53,224.574,-21684.9,55.4074,0.393233
8040000,67,298.89,-21682.3,60.7402,0.3877
8055000,58,240.699,-21702,49.9873,0.408533
8070000,62,281.744,-21694.4,63.9135,0.405733
8085000,58,265.797,-21676.7,56.2764,0.391578
8100000,51,208.748,-21672.4,62.9103,0.397533
8115000,51,219.818,-21677.7,46.5965,0.377
8130000,62,267.278,-21664.7,51.2218,0.387667
8145000,48,204.866,-21700.4,44.3524,0.396747
8160000,48,208.824,-21676.9,46.4564,0.3852
8175000,51,212.362,-21703.1,31.7367,0.383867
8190000,54,234.017,-21679.5,44.8804,0.400133
8205000,39,170.685,-21721.9,38.191,0.375967
8220000,43,171.494,-21698.1,44.8357,0.39179
8235000,47,191.515,-21699.7,53.2753,0.387267
8250000,49,204.598,-21687.4,38.4128,0.401133
8265000,57,254.365,-21646.5,54.473,0.392667
8280000,61,275.335,-21673.7,56.9384,0.388933
8295000,54,229.897,-21658.1,57.4196,0.392067
8310000,46,207.395,-21676.2,43.3869,0.385533
8325000,50,208.546,-21681.9,49.9754,0.3762
8340000,44,177.564,-21716.9,50.2938,0.395344
8355000,46,193.588,-21699.4,34.2043,0.385
8370000,61,262.454,-21657.6,62.0365,0.398889
8385000,63,256.023,-21671.6,67.3846,0.404867
8400000,46,195.645,-21727.2,44.589,0.389333
8415000,59,256.144,-21666.6,72.5866,0.402067
8430000,67,282.175,-21652.6,70.5599,0.388667
8445000,87,391.711,-21635.7,87.5614,0.408533
8460000,60,248.509,-21700,60.7549,0.39455
8475000,62,270.226,-21657.8,63.0392,0.407867
8490000,65,271.412,-21633.2,74.0059,0.3916
8505000,79,354.023,-21639.7,72.3992,0.3922
8520000,68,289.037,-21640.6,61.4215,0.391133
8535000,60,266.311,-21677.5,58.539,0.398147
8550000,59,253.608,-21686.4,57.1455,0.397467
8565000,61,263.926,-21660.4,58.8203,0.385311
8580000,61,267.103,-21646.2,59.22,0.3902
8595000,65,292.498,-21654.5,56.2965,0.384533
8610000,47,196.724,-21699.2,58.8203,0.39885
8625000,59,255.823,-21654,63.4804,0.3896
8640000,58,257.535,-21657.8,62.6994,0.3918
8655000,49,205.711,-21701.4,51.0611,0.388756
8670000,76,326.418,-21649.6,75.7603,0.401233
8685000,70,308.23,-21684.7,72.3627,0.3938
8700000,74,318.687,-21654.2,83.3614,0.4239
8715000,50,218.882,-21716.3,49.5727,0.409967
8730000,81,340.432,-21640.4,67.3314,0.400167
8745000,55,211.451,-21695,51.6744,0.396011
8760000,65,265.547,-21641.9,54.7053,0.407367
8775000,66,291.024,-21659.8,66.3042,0.4135
8790000,72,316.331,-21655.6,73.8909,0.413133
8805000,80,355.309,-21639.5,66.4154,0.405844
8820000,72,306.64,-21665.7,86.9527,0.4134
8835000,58,240.23,-21670.5,55.8886,0.409622
8850000,56,233.358,-21668,47.8561,0.3993
8865000,70,311.418,-21670.9,59.9887,0.3949
8880000,56,244.421,-21668,65.8246,0.4004
8895000,70,311.128,-21677.5,65.6241,0.405867
8910000,59,249.183,-21659.4,73.0848,0.411067
8925000,45,196.183,-21677.2,56.5862,0.402489
8940000,47,208.061,-21688.1,56.3247,0.3788
8955000,63,267.549,-21681.4,57.1591,0.401178
8970000,54,248.375,-21666,46.781,0.399533
8985000,47,196.215,-21692.4,45.1461,0.398467
9000000,47,205.18,-21693.7,39.9988,0.385267
9015000,53,236.02,-21701.7,55.9345,0.394667
9030000,64,266.004,-21678.4,79.4161,0.396667
9045000,58,269.66,-21691.4,59.0363,0.407733
9060000,72,316.829,-21671.5,78.4499,0.410467
9075000,83,356.482,-21660.9,88.8815,0.396985
9090000,61,239.158,-21660.4,54.2951,0.403233
9105000,68,282.978,-21631.3,67.3781,0.4108
9120000,66,261.715,-21653.5,87.2632,0.393667
9135000,66,293.74,-21680.4,62.7075,0.403022
9150000,57,245.87,-21689.3,46.6062,0.394067
9165000,68,301.509,-21690.1,64.0787,0.403867
9180000,70,307.741,-21643.1,67.9329,0.4098
9195000,67,303.978,-21650.6,77.8188,0.3988
9210000,48,219.984,-21705,47.754,0.400533
9225000,69,298.621,-21639.8,71.6404,0.3997
9240000,48,194.836,-21713.1,51.3485,0.383667
9255000,67,268.673,-21630.9,70.1336,0.391233
9270000,70,309.658,-21669,67.8875,0.403467
9285000,67,277.818,-21650.1,58.913,0.395267
9300000,56,231.629,-21676.9,65.5492,0.393967
9315000,52,228.173,-21672.1,51.8687,0.400133
9330000,58,249.271,-21657.5,51.7426,0.390133
9345000,56,254.957,-21711.6,54.6162,0.396267
9360000,50,214.94,-21652.9,54.9771,0.379333
9375000,58,251.959,-21678.5,54.093,0.3945
9390000,49,200.57,-21649.9,47.9656,0.374333
9405000,40,162.227,-21695.5,39.553,0.385067
9420000,70,291.6,-21642.5,65.9822,0.392633
9435000,61,262.106,-21655,62.5793,0.3936
9450000,57,237.021,-21644,68.623,0.376667
9465000,63,277.522,-21655.2,58.7877,0.385933
9480000,66,300.511,-21652.6,71.4335,0.3872
9495000,72,291.955,-21659.3,74.9235,0.391333
9510000,62,248.326,-21666.9,71.773,0.383267
9525000,72,319.612,-21670.5,72.2869,0.381
9540000,38,156.116,-21728.2,29.7634,0.394348
9555000,69,305.186,-21632.5,63.9969,0.379067
9570000,76,328.779,-21629,69.8052,0.3884
9585000,74,306.375,-21640.3,67.7921,0.398333
9600000,53,234.298,-21694.1,47.3426,0.3883
9615000,60,259.332,-21642.9,60.2152,0.3838
9630000,61,255.32,-21628.7,68.3158,0.382133
9645000,57,253.897,-21643.7,53.8227,0.3774
9660000,61,269.857,-21647.8,66.2614,0.366133
9675000,69,277.156,-21642.5,73.8565,0.373733
9690000,49,220.629,-21712.3,50.4524,0.384934
9705000,68,298.738,-21662.1,53.7016,0.394167
9720000,65,278.244,-21697.5,57.2534,0.38665
9735000,65,284.19,-21643.6,69.9671,0.3985
9750000,52,223.539,-21724.9,51.8537,0.398867
9765000,51,213.64,-21708.1,48.3964,0.400333
9780000,40,161.599,-21685.6,47.7043,0.370667
9795000,58,250.893,-21700.5,56.7528,0.3962
9810000,38,182.377,-21714.7,39.1614,0.383617
9825000,46,206.937,-21720.1,52.676,0.383533
9840000,49,220.192,-21716.8,44.6844,0.403267
9855000,54,232.586,-21686.3,55.321,0.385825
9870000,47,201.817,-21723.2,46.8696,0.384133
9885000,59,244.479,-21703.6,83.6066,0.388333
9900000,49,215.037,-21704.6,53.8976,0.390876
9915000,49,209.227,-21688.3,51.0438,0.397267
9930000,41,175.147,-21713.9,44.3427,0.395233
9945000,54,207.583,-21706.9,54.1613,0.407644
9960000,47,200.404,-21703.1,47.271,0.383244
9975000,43,180.162,-21731,48.2824,0.385567
9990000,42,188.083,-21728,39.4127,0.379
10005000,48,209.013,-21703.1,55.7822,0.381667
10020000,53,216.752,-21700.5,55.5025,0.387667
10035000,45,184.005,-21727.2,33.3957,0.380229
10050000,60,247.279,-21701.7,53.0389,0.396133
10065000,46,188.521,-21681.5,49.0416,0.400067
10080000,63,280.125,-21691,59.3621,0.378256
10095000,60,263.963,-21685.3,83.225,0.399333
10110000,53,230.505,-21697.5,46.8424,0.395533
10125000,72,313.296,-21684,83.4877,0.405933
10140000,57,244.713,-21670.6,61.1051,0.400333
10155000,51,220.848,-21673.7,54.1498,0.388933
10170000,64,291.978,-21680.7,66.1508,0.395733
10185000,69,304.909,-21658.1,87.9618,0.3962
10200000,69,302.751,-21651.5,69.0605,0.4198
10215000,69,296.389,-21660.1,81.0599,0.402733
10230000,74,338.784,-21662.5,73.5261,0.410333
10245000,74,301.057,-21651.7,78.1422,0.414333
10260000,65,278.154,-21659.1,56.9338,0.396933
10275000,65,270.775,-21675.9,67.1562,0.3964
10290000,61,263.541,-21679.4,53.8605,0.3924
10305000,68,301.975,-21656,72.2093,0.400667
10320000,70,302.63,-21673,67.4485,0.405133
10335000,65,283.166,-21681.3,56.9417,0.397533
10350000,52,220.803,-21707,60.5654,0.38892
10365000,47,200.717,-21686.8,52.4932,0.4
10380000,47,199.336,-21667.8,52.1468,0.385267
10395000,58,240.508,-21689.2,40.3446,0.389317
10410000,48,205.186,-21698.3,41.4908,0.390167
10425000,46,198.283,-21708.5,54.9474,0.386205
10440000,45,190.397,-21707.6,44.9027,0.391733
10455000,41,175.017,-21706.9,38.379,0.3806
10470000,50,207.777,-21675.1,40.1671,0.374833
10485000,66,296.713,-21706.5,68.2959,0.4016
10500000,67,277.67,-21698.4,71.2392,0.4118
10515000,39,161.664,-21726.8,43.9564,0.3651
10530000,57,236.37,-21696.6,54.6257,0.400267
10545000,56,248.97,-21706,45.187,0.392837
10560000,49,205.285,-21712,45.4546,0.398133
10575000,64,274.952,-21706.2,63.8738,0.412667
10590000,66,287.899,-21687.1,66.1835,0.392717
10605000,50,205.138,-21694.4,37.8064,0.403167
10620000,50,207.784,-21692.5,48.5416,0.390867
10635000,55,232.666,-21699.4,50.3132,0.397333
10650000,56,251.222,-21703.4,61.8923,0.408933
10665000,64,286.998,-21729.9,71.6917,0.415067
10680000,55,216.563,-21685.6,43.784,0.393627
10695000,43,193.343,-21711.1,43.3691,0.392911
10710000,52,236.447,-21708,41.3641,0.3926
10725000,66,269.185,-21694.7,66.7,0.398683
10740000,58,232.227,-21684.3,60.7327,0.410733
10755000,64,288.247,-21686.8,56.9671,0.4202
10770000,56,249.81,-21707.8,62.3854,0.403333
10785000,59,244.491,-21697.7,54.8242,0.411311
10800000,42,182.009,-21694.1,46.9695,0.398283
10815000,56,241.819,-21704.4,57.5281,0.394844
10830000,50,216.498,-21712.2,51.3471,0.395067
10845000,54,240.637,-21706.5,43.3277,0.3862
10860000,33,144.372,-21729.6,32.1024,0.377227
10875000,51,208.923,-21697.3,47.9479,0.388507
10890000,48,187.073,-21707.4,45.4998,0.389067
10905000,61,262.317,-21694,70.4902,0.406333
10920000,54,219.315,-21682.8,47.8071,0.402867
10935000,55,258.41,-21687.7,41.4159,0.395189
10950000,55,237.249,-21688.9,46.2546,0.3818
10965000,51,224.391,-21712.3,47.733,0.390033
10980000,62,272.861,-21705.1,65.1827,0.4066
10995000,57,242.394,-21693.5,56.4764,0.4018
11010000,61,271.044,-21667.6,60.4418,0.397644
11025000,64,273.36,-21691.7,59.7072,0.404033
11040000,65,291.302,-21659.4,59.9384,0.403067
11055000,62,274.528,-21667.7,49.043,0.4008
11070000,60,246.073,-21658.8,69.1116,0.3962
11085000,61,262.679,-21651.4,61.0358,0.390133
11100000,51,206.606,-21719.5,49.3107,0.393067
11115000,78,342.877,-21664.6,78.4982,0.4165
11130000,80,334.737,-21656,75.037,0.410933
11145000,67,296.768,-21671.4,59.159,0.412778
11160000,72,308.058,-21672.3,77.6254,0.404267
11175000,65,291.899,-21688.9,57.0717,0.407667
11190000,60,261.963,-21654.9,62.5924,0.393933
11205000,74,334.011,-21657.6,73.6216,0.4062
11220000,71,295.522,-21688.3,62.1633,0.404533
11235000,74,310.394,-21653,81.9726,0.4018
11250000,63,285.294,-21673.4,73.4939,0.395867
11265000,58,251.105,-21665.9,50.2596,0.399333
11280000,62,272.372,-21658.5,79.4886,0.386933
11295000,49,200.826,-21688.9,58.2563,0.397013
11310000,67,291.753,-21645.2,59.3389,0.389267
11325000,73,319.748,-21644,74.1779,0.404533
11340000,54,235.841,-21680.9,48.9109,0.390365
11355000,59,258.678,-21660,63.2693,0.399967
11370000,52,229.409,-21665.8,57.0005,0.395933
11385000,56,228.848,-21656.6,64.5703,0.388267
11400000,69,312.03,-21683.7,65.4831,0.399857
11415000,66,279.064,-21687.5,70.6979,0.398107
11430000,67,264.429,-21664.5,68.2097,0.413767
11445000,77,339.688,-21667.4,52.8809,0.4056
11460000,56,241.349,-21696,46.4481,0.39396
11475000,73,315.98,-21661.2,62.6919,0.406633
11490000,54,221.841,-21668,48.7004,0.386167
11505000,66,291.94,-21707.3,86.6562,0.395611
11520000,51,232.649,-21684,38.3707,0.404767
11535000,62,256.885,-21664.3,59.9215,0.408583
11550000,79,327.273,-21666.3,80.6997,0.401667
11565000,69,293.209,-21672.3,76.7988,0.419133
11580000,74,330.536,-21670,83.9583,0.411133
11595000,65,286.944,-21699.4,76.084,0.405722
11610000,76,339.993,-21691.9,65.2876,0.430267
11625000,43,190.407,-21711.9,55.2005,0.390429
11640000,49,209.5,-21701.7,52.1276,0.413567
11655000,48,197.495,-21711.8,45.9724,0.407533
11670000,51,229.323,-21696.9,41.6956,0.399511
11685000,47,210.593,-21700.5,62.4938,0.397467
11700000,53,228.602,-21682.1,60.6614,0.408675
11715000,56,247.16,-21684.2,57.3654,0.394133
11730000,51,224.407,-21673.3,55.3561,0.3932
11745000,49,202.027,-21689.1,39.5663,0.380817
11760000,54,236.02,-21689.4,50.9169,0.3868
11775000,50,217.257,-21713.5,51.941,0.387308
11790000,47,207.306,-21688.7,44.0858,0.381667
11805000,61,276.365,-21711.2,64.232,0.391493
11820000,60,259.96,-21677.8,50.9893,0.399667
11835000,53,231.631,-21681,50.3102,0.406667
11850000,41,172.073,-21729.8,42.9492,0.393533
11865000,52,230.014,-21724.2,51.9411,0.401133
11880000,41,182.77,-21722.1,42.0168,0.407267
11895000,45,186.905,-21692.7,38.4194,0.386419
11910000,38,168.768,-21708.2,32.73,0.396167
11925000,41,176.59,-21717.7,36.5781,0.391567
11940000,59,232.027,-21668.6,55.3365,0.402076
11955000,64,289.435,-21664.8,65.4655,0.3994
11970000,51,238.53,-21718.3,63.4689,0.387083
11985000,49,214.814,-21697.3,44.7058,0.3952
12000000,62,254.505,-21675.8,73.808,0.402711
12015000,70,304.113,-21689.9,77.8054,0.404467
12030000,53,223.401,-21681.4,49.785,0.391911
12045000,57,260.836,-21693.1,44.9997,0.3983
12060000,56,245.798,-21685.9,58.8208,0.393667
12075000,64,284.134,-21680.5,83.7701,0.407267
12090000,66,301.04,-21663.3,69.6693,0.398067
12105000,71,315.979,-21686.4,65.9862,0.41
12120000,69,299.978,-21663.5,81.7955,0.410733
12135000,54,220.334,-21704.9,53.2306,0.38551
12150000,74,330.184,-21685.2,60.6549,0.411033
12165000,52,240.296,-21703.1,49.5515,0.396067
12180000,59,266.954,-21699.1,53.0638,0.394867
12195000,57,251.872,-21690.2,53.1882,0.402578
12210000,58,237.415,-21679.5,59.2533,0.406533
12225000,31,147.057,-21744.4,29.3889,0.401105
12240000,71,316.082,-21677.6,81.6659,0.4153
12255000,36,157.652,-21726.8,33.048,0.383867
12270000,61,251.629,-21674.6,73.855,0.400067
12285000,55,239.521,-21677,64.3872,0.404467
12300000,50,225.342,-21688.7,56.9816,0.397
12315000,51,219.758,-21694.1,53.2328,0.389733
12330000,64,285.728,-21694,52.7952,0.389933
12345000,52,226.515,-21669.6,47.352,0.389733
12360000,62,266.534,-21653.1,57.2072,0.384267
12375000,47,211.787,-21726.7,48.7195,0.389433
12390000,68,291.651,-21640.6,64.4324,0.396
12405000,67,284.804,-21654.9,63.1839,0.391667
12420000,72,331.145,-21652.2,68.0351,0.388867
12435000,65,276.291,-21658.3,51.7973,0.4054
12450000,57,250.002,-21665.2,48.7466,0.3986
12465000,58,248.887,-21662.9,61.7026,0.388933
12480000,54,243.711,-21680.9,62.5082,0.385533
12495000,59,250.922,-21682.7,50.2886,0.388889
12510000,70,310.195,-21673.3,58.6823,0.409
12525000,63,268.002,-21690.3,63.515,0.389156
12540000,64,282.503,-21664,61.1061,0.399333
12555000,61,257.473,-21662,65.5973,0.405311
12570000,58,241.052,-21675.1,63.1242,0.398
12585000,55,234.116,-21676.1,69.2753,0.3842
12600000,56,239.162,-21666.3,61.2326,0.383733
12615000,61,260.395,-21660,62.0636,0.399133
12630000,58,254.624,-21660.8,45.4295,0.396333
12645000,53,231.101,-21670.7,59.3735,0.3948
12660000,51,224.565,-21671.1,44.3356,0.368827
12675000,53,227.824,-21694.3,46.4228,0.398233
12690000,66,289.328,-21687,71.0779,0.394533
12705000,58,266.946,-21700.1,48.0314,0.409533
12720000,64,260.477,-21671.2,62.1895,0.404467
12735000,52,219.728,-21679.9,56.3261,0.399
12750000,62,274.479,-21686.7,54.4982,0.386356
12765000,73,325.021,-21681.4,84.6984,0.396733
12780000,70,312.249,-21665.1,58.5806,0.4088
12795000,54,242.673,-21681.7,62.3154,0.386621
12810000,54,239.95,-21687.5,53.4403,0.404267
12825000,65,289.537,-21650.4,69.6768,0.399544
12840000,65,287.194,-21663.6,72.1501,0.400667
12855000,58,242.354,-21674.6,64.2544,0.391733
12870000,66,276.459,-21673.2,72.2579,0.399344
12885000,63,267.511,-21663.1,57.4767,0.400267
12900000,57,257.614,-21658.5,57.553,0.379867
12915000,55,243.465,-21672.4,61.6281,0.394011
12930000,53,213.155,-21668.2,53.6291,0.3735
12945000,46,194.989,-21671.7,44.6565,0.3888
12960000,62,280.205,-21650.6,60.6166,0.397644
12975000,59,256.556,-21662.5,52.4171,0.387667
12990000,68,305.18,-21653.9,82.2607,0.394467
13005000,67,281.435,-21670,61.9904,0.410533
13020000,56,238.803,-21682,51.9682,0.395733
13035000,54,247.784,-21719.5,55.3484,0.403267
13050000,61,276.561,-21678.5,60.2473,0.380225
13065000,60,264.781,-21642.3,66.8811,0.391333
13080000,60,263.99,-21673.9,61.0111,0.3886
13095000,60,264.943,-21664.4,50.2813,0.391067
13110000,56,254.35,-21673.2,41.8465,0.383
13125000,63,275.576,-21629.7,65.0198,0.385267
13140000,47,207.699,-21699.8,60.0629,0.393133
13155000,72,317.241,-21648.5,63.8651,0.389267
13170000,46,192.246,-21677.6,39.8459,0.384433
13185000,47,193.214,-21685.9,30.612,0.386
13200000,54,230.074,-21660,37.7055,0.383489
13215000,62,265.326,-21663,64.1311,0.3852
13230000,64,291.926,-21665.7,67.8085,0.3912
13245000,61,258.133,-21701.2,60.4575,0.388576
13260000,56,244.314,-21699.8,58.177,0.413
13275000,53,215.225,-21682.4,60.9272,0.396
13290000,63,261.76,-21679,67.3685,0.391867
13305000,51,206.111,-21670.8,43.3831,0.3918
13320000,69,303.008,-21671.7,79.8671,0.4028
13335000,49,202.095,-21677.2,39.2398,0.393
13350000,45,192.966,-21693.9,55.7359,0.377994
13365000,47,199.999,-21683.2,47.9423,0.385767
13380000,52,225.91,-21678.4,47.8484,0.391333
13395000,49,210.136,-21706.9,42.3287,0.385933
13410000,62,260.187,-21671.6,70.3206,0.387033
13425000,64,278.615,-21698.3,68.3098,0.386067
13440000,57,250.832,-21681.9,57.9401,0.391267
13455000,68,273.729,-21694.9,64.9773,0.408
13470000,66,292.025,-21696.2,70.3589,0.409267
13485000,63,261.553,-21694.1,77.2698,0.396917
13500000,64,278.858,-21692.8,59.0958,0.395067
13515000,65,291.157,-21662.4,63.4347,0.400867
13530000,50,215.551,-21698.4,52.4204,0.4003
13545000,60,236.601,-21674.7,52.1309,0.396467
13560000,56,253.433,-21698.6,61.6256,0.379248
13575000,54,227.751,-21694.8,53.2034,0.389111
13590000,54,216.329,-21693,48.3033,0.409533
13605000,71,309.883,-21687.7,60.6366,0.4053
13620000,53,230.538,-21694.2,46.2146,0.401867
13635000,48,208.183,-21700.4,66.2608,0.382867
13650000,56,251.132,-21679.3,75.2573,0.397067
13665000,66,283.726,-21668.5,67.4494,0.397
13680000,41,181.852,-21688.6,44.0265,0.3786
13695000,56,247.287,-21667,56.2346,0.392967
13710000,50,227.401,-21709.3,54.0266,0.3691
13725000,56,242.698,-21701.2,58.989,0.386933
13740000,60,275.624,-21685.6,45.3058,0.4072
13755000,69,290.263,-21661.2,56.9495,0.397667
13770000,52,225.49,-21694.1,58.9848,0.3926
13785000,56,247.519,-21684.7,51.5018,0.385837
13800000,66,287.503,-21676.9,68.5979,0.397378
13815000,53,232.522,-21671.1,54.0349,0.395733
13830000,41,178.394,-21704.5,32.2402,0.386267
13845000,45,192.815,-21689.9,50.2935,0.4062
13860000,43,183.51,-21699.1,36.258,0.369133
13875000,45,194.41,-21718.4,45.3614,0.371533
13890000,52,227.942,-21673.4,45.9038,0.387853
13905000,56,236.318,-21685.4,59.9804,0.3918
13920000,54,236.531,-21704.8,42.5631,0.389022
13935000,46,189.119,-21710.3,49.0452,0.3826
13950000,48,211.066,-21677.5,46.2946,0.411067
13965000,50,197.148,-21693.5,59.9684,0.399333
13980000,48,208.33,-21692.6,62.3525,0.379667
13995000,40,178.459,-21709.5,33.2928,0.371667
14010000,32,140.705,-21728.1,44.6161,0.377326
14025000,53,228.35,-21704.2,58.0155,0.3735
14040000,55,237.972,-21700.5,50.048,0.392267
14055000,39,166.945,-21727.2,31.4541,0.386911
14070000,55,223.84,-21673.3,55.2283,0.387867
14085000,37,168.603,-21687.3,42.1521,0.373517
14100000,44,196.023,-21708.5,38.8625,0.363733
14115000,55,228.767,-21730,60.126,0.395033
14130000,55,241.454,-21707.4,64.5839,0.381267
14145000,53,227.544,-21694.8,61.6403,0.3776
14160000,49,205.348,-21693.1,48.6485,0.392067
14175000,55,244.552,-21699.5,49.3759,0.391067
14190000,52,244.888,-21713.7,53.6735,0.40268
14205000,42,195.725,-21696.1,39.3365,0.37855
14220000,53,217.857,-21657.9,69.8229,0.399822
14235000,44,186.401,-21691,44.002,0.3856
14250000,48,210.172,-21720,50.696,0.4001
14265000,51,218.488,-21692.9,47.8982,0.387067
14280000,58,247.868,-21692.9,51.1571,0.386267
14295000,37,166.665,-21716.4,39.3479,0.371322
14310000,51,232.554,-21714.2,42.9212,0.39605
14325000,54,238.238,-21710.3,46.173,0.387067
14340000,55,239.867,-21673.1,48.2284,0.394983
14355000,59,260.502,-21695,70.8731,0.393767
14370000,58,250.255,-21710.4,51.4618,0.4017
14385000,66,297.399,-21664.2,58.8844,0.4033
14400000,70,322.309,-21682.4,67.6257,0.4042
14415000,70,325.87,-21687.5,66.6115,0.402711
14430000,71,323.995,-21670.4,77.8082,0.394433
14445000,64,280.788,-21690.2,56.6994,0.400886
14460000,59,259.518,-21669.3,66.475,0.404244
14475000,47,193.745,-21701.3,52.1347,0.403933
14490000,58,264.716,-21668.8,68.7684,0.38335
14505000,49,196.025,-21698.8,51.4094,0.4005
14520000,61,273.597,-21655.6,72.9882,0.390467
14535000,54,217.837,-21662.6,50.5803,0.408467
14550000,53,231.55,-21684.3,40.0305,0.375667
14565000,55,241.536,-21659.8,58.6248,0.394133
14580000,61,260.684,-21674.5,59.0643,0.386467
14595000,52,219.634,-21670.2,41.7245,0.397933
14610000,74,328.433,-21688.1,78.4951,0.3972
14625000,49,221.491,-21712.1,38.9606,0.373674
14640000,51,226.525,-21696.1,42.6031,0.3794
14655000,52,230.562,-21710.5,52.6965,0.406378
14670000,39,177.508,-21705.6,41.4563,0.388114
14685000,48,209.98,-21703.2,45.4247,0.4064
14700000,50,211.2,-21720,61.9418,0.4034
14715000,47,206.003,-21701.9,57.9275,0.38612
14730000,46,205.92,-21698.9,44.8507,0.368133
14745000,44,183.832,-21724.9,49.0254,0.370133
14760000,54,206.641,-21708.7,59.6673,0.385267
14775000,42,182.978,-21712.7,45.4458,0.392695
14790000,47,202.528,-21696.9,70.6516,0.3824
14805000,47,192.868,-21685.6,38.9303,0.38
14820000,52,225.124,-21683.4,48.964,0.378733
14835000,50,218.691,-21693.7,44.7193,0.3876
14850000,48,204.097,-21676.7,58.4512,0.389027
14865000,51,215.037,-21690.2,55.9291,0.380933
14880000,53,230.512,-21699.2,52.9556,0.393511
14895000,61,264.054,-21689.4,65.2974,0.381767
14910000,64,275.822,-21681.5,58.3377,0.4064
14925000,64,271.413,-21680.4,71.4609,0.395489
14940000,60,265.551,-21669,51.6854,0.3941
14955000,65,276.307,-21659,67.873,0.389267
14970000,46,201.002,-21668.3,43.9253,0.378
14985000,50,205.347,-21671,57.8238,0.394933
15000000,32,151.816,-21728.6,23.3409,0.386791
15015000,70,301.042,-21687.8,55.0879,0.379089
15030000,43,180.931,-21678.1,33.4079,0.394867
15045000,54,228.053,-21693.7,55.976,0.376933
15060000,46,194.151,-21700.2,47.4238,0.379133
15075000,49,213.408,-21683.9,65.1906,0.393267
15090000,50,223.98,-21674.4,56.8863,0.381267
15105000,53,241.798,-21710.3,46.0982,0.378422
15120000,53,230.702,-21672.6,65.8725,0.388733
15135000,62,267.103,-21656.6,66.438,0.3992
15150000,49,212.399,-21679.7,41.8313,0.387533
15165000,60,248.201,-21657.8,58.0414,0.396733
15180000,52,217.756,-21699.6,47.4717,0.387
15195000,52,227.259,-21683.1,42.3958,0.384033
15210000,51,232.804,-21718,39.6609,0.3999
15225000,52,224.046,-21706.2,38.8409,0.383625
15240000,65,274.475,-21674.5,67.6154,0.404133
15255000,58,237.705,-21666.8,55.0268,0.402067
15270000,72,312.804,-21661.8,83.9674,0.409333
15285000,58,238.837,-21678.2,51.9064,0.388717
15300000,76,342.569,-21671.6,71.8113,0.4079
15315000,71,299.08,-21656.4,68.6153,0.410333
15330000,66,280.877,-21672.8,63.4643,0.388378
15345000,77,325.334,-21637.8,69.4415,0.4062
15360000,83,360.258,-21671.9,78.1741,0.411867
15375000,51,213.034,-21680.5,67.4994,0.391244
15390000,59,244.43,-21656.9,72.2222,0.410733
15405000,71,279.006,-21657.7,100.697,0.400867
15420000,70,281.337,-21659.6,64.606,0.4108
15435000,71,280.766,-21629.2,71.45,0.408867
15450000,50,221.94,-21692.9,44.68,0.385133
15465000,71,313.149,-21652.1,70.8991,0.415367
15480000,64,260.469,-21683.5,58.7608,0.391778
15495000,70,286.848,-21635.7,66.9026,0.402233
15510000,56,234.938,-21636.2,63.937,0.378133
15525000,63,275.721,-21645.8,57.5731,0.389
15540000,52,223.675,-21687.3,37.1323,0.394617
15555000,52,207.499,-21677.4,64.3296,0.3914
15570000,66,278.18,-21662.5,60.232,0.393244
15585000,68,300.979,-21647.7,59.2038,0.393467
15600000,50,232.355,-21672.5,51.1281,0.373
15615000,68,287.869,-21675.5,62.2162,0.383691
15630000,49,218.686,-21662.1,49.4654,0.369833
15645000,56,236.032,-21627.6,51.7124,0.378533
15660000,59,255.158,-21686.6,55.9266,0.387286
15675000,64,287.528,-21635.4,62.0024,0.371833
15690000,67,272.148,-21656.2,64.0126,0.385867
15705000,55,227.153,-21693.7,75.089,0.393922
15720000,58,248.138,-21659.1,52.7437,0.399833
15735000,62,270.223,-21658,47.5469,0.387889
15750000,53,228.884,-21683.4,59.5999,0.396267
15765000,72,316.831,-21662.9,79.4758,0.397467
15780000,52,237.554,-21665.1,61.808,0.3849
15795000,50,219.004,-21658.2,63.4728,0.391
15810000,53,235.434,-21657.6,43.7414,0.382167
15825000,59,263.573,-21681.6,59.7051,0.407033
15840000,56,248.666,-21660.9,53.975,0.394067
15855000,69,309.14,-21645,59.7066,0.391467
15870000,63,257.291,-21693.1,57.4738,0.393533
15885000,60,251.831,-21694.7,60.3663,0.401067
15900000,62,281.983,-21662.6,58.1924,0.399489
15915000,58,262.76,-21684,66.8473,0.391333
15930000,41,182.602,-21711.1,43.3331,0.374
15945000,57,245.267,-21673.1,38.0365,0.383183
15960000,63,280.685,-21683.5,64.9701,0.396667
15975000,59,250.404,-21688.4,61.2532,0.3998
15990000,61,265.806,-21687.6,60.6585,0.388793
16005000,74,349.995,-21690.5,85.7847,0.404933
16020000,59,265.187,-21686.9,51.5916,0.400956
16035000,76,326.887,-21664.3,70.3991,0.413233
16050000,59,256.551,-21673.9,54.3253,0.391133
16065000,53,226.847,-21674,56.0028,0.369
16080000,59,252.262,-21694.3,59.5243,0.390133
16095000,56,248.718,-21675.9,52.6861,0.391109
16110000,58,256.964,-21684.6,53.9098,0.392844
16125000,65,287.565,-21662.5,69.8514,0.388
16140000,44,193.38,-21686.9,59.0385,0.392967
16155000,54,232.095,-21686.9,52.2506,0.393333
16170000,49,216.821,-21722.9,36.5494,0.373733
16185000,47,216.23,-21691.2,46.6921,0.382933
16200000,53,233.428,-21684.4,50.0962,0.373333
16215000,56,261.912,-21686.1,56.047,0.380267
16230000,48,207.358,-21692.2,48.151,0.378867
16245000,54,234.717,-21714.2,58.0472,0.362133
16260000,43,192.738,-21695.9,34.2318,0.383224
16275000,47,207.964,-21700.3,37.0686,0.3744
16290000,50,228.203,-21683.2,50.4477,0.388133
16305000,57,237.825,-21671.4,52.8965,0.3862
16320000,50,215.12,-21708.6,36.3852,0.4006
16335000,57,253.286,-21660.1,54.5116,0.392556
16350000,69,287.461,-21661.7,71.9037,0.383973
16365000,67,283.547,-21645.2,83.9537,0.411933
16380000,64,276.372,-21663.8,68.6451,0.403644
16395000,48,198.981,-21690.1,39.5512,0.396947
16410000,66,289.733,-21648.9,62.3098,0.393556
16425000,58,234.697,-21658.2,50.2646,0.395133
16440000,57,254.964,-21652.1,52,0.395117
16455000,82,339.626,-21652.9,85.7649,0.4074
16470000,81,348.17,-21634.6,79.7835,0.410267
16485000,52,226.75,-21695.7,49.7371,0.381622
16500000,88,380.21,-21642.2,88.1094,0.4159
16515000,63,267.314,-21642.2,58.2638,0.383344
16530000,68,282.797,-21662.1,74.2803,0.401367
16545000,66,289.076,-21677.8,69.7953,0.401667
16560000,56,241.01,-21688,61.4546,0.38148
16575000,70,308.939,-21689.8,68.8843,0.405033
16590000,69,289.971,-21630.9,66.2153,0.398587
16605000,62,279.592,-21651.1,67.2031,0.4052
16620000,81,349.272,-21701.5,59.6239,0.410089
16635000,57,249.422,-21685.4,59.413,0.396733
16650000,48,219.889,-21664.3,52.5443,0.380856
16665000,66,274.876,-21639.8,65.2131,0.387333
16680000,62,272.992,-21631.7,67.9308,0.381
16695000,73,306.291,-21688.4,68.9929,0.4048
16710000,69,307.398,-21650.1,54.0118,0.388367
16725000,59,247.288,-21695.9,60.8528,0.397433
16740000,68,311.631,-21646.9,50.7528,0.396533
16755000,75,324.474,-21672.8,71.9864,0.415367
16770000,57,235.994,-21675,60.4098,0.404333
16785000,52,236.935,-21696.5,63.9487,0.386778
16800000,59,251.036,-21623.7,57.1382,0.391517
16815000,58,236.16,-21679.9,46.3815,0.407578
16830000,62,264.109,-21668.7,65.3465,0.402667
16845000,65,289.524,-21648.3,57.4477,0.389533
16860000,67,298.124,-21685.2,60.2926,0.38676
16875000,70,306.483,-21673.4,69.3766,0.410889
16890000,53,214.593,-21703.8,53.567,0.3935
16905000,70,305.781,-21699.6,82.7101,0.411533
16920000,58,239.98,-21685.1,55.9484,0.4068
16935000,52,227.61,-21651.3,42.7272,0.391622
16950000,71,310.952,-21650.7,84.7014,0.392333
16965000,56,240.742,-21662.2,65.4302,0.39248
16980000,67,290.813,-21633,74.8322,0.407
16995000,65,295.975,-21664.3,58.495,0.401067
17010000,70,287.985,-21651.1,73.9136,0.418867
17025000,73,323.148,-21652.3,77.5415,0.3992
17040000,73,320.598,-21647.7,90.2716,0.405067
17055000,61,259.044,-21635.2,65.1092,0.392667
17070000,57,246.894,-21644,59.7465,0.3834
17085000,61,264.685,-21635.6,64.5161,0.3776
17100000,69,314.288,-21636.7,60.0347,0.3894
17115000,66,274.968,-21650.9,62.9526,0.3938
17130000,53,211.229,-21677.7,48.5826,0.398505
17145000,63,269.917,-21637.1,56.0566,0.386867
17160000,56,245.431,-21714.8,47.1833,0.4003
17175000,45,202.391,-21701.1,38.0304,0.384238
17190000,52,216.786,-21693.8,60.69,0.395133
17205000,57,255.332,-21681,56.3972,0.39315
17220000,52,230.189,-21682,62.0224,0.378
17235000,53,239.628,-21678.3,54.0634,0.3847
17250000,68,277.511,-21696.6,76.7512,0.404533
17265000,40,156.643,-21705.7,44.6282,0.384333
17280000,59,259.309,-21691.5,62.334,0.3874
17295000,76,342.662,-21661,73.6524,0.421333
17310000,68,294.794,-21665.2,62.4649,0.423333
17325000,53,222.069,-21701.7,67.0414,0.384733
17340000,49,205.678,-21652.2,52.5187,0.3888
17355000,80,346.968,-21656.4,76.7426,0.414
17370000,85,387.257,-21641.8,89.4924,0.418333
17385000,57,246.09,-21702.6,78.7763,0.385425
17400000,50,215.214,-21701.3,46.5484,0.38885
17415000,66,288.793,-21659.5,56.7151,0.411778
17430000,46,200.502,-21690.1,60.135,0.399044
17445000,58,250.097,-21661.1,63.5364,0.406233
17460000,51,210.08,-21705.4,53.7813,0.3818
17475000,50,199.396,-21660.5,65.6596,0.388667
17490000,57,246.3,-21693.5,48.7432,0.392167
17505000,50,221.923,-21684,43.6191,0.392467
17520000,60,267.005,-21674.9,45.131,0.385242
17535000,74,328.727,-21663.7,84.0598,0.407267
17550000,87,381.157,-21657.7,93.9089,0.407133
17565000,73,326.496,-21678.1,68.3581,0.397611
17580000,78,352.213,-21658.2,76.3142,0.412567
17595000,65,283.094,-21690.2,62.5152,0.402967
17610000,77,337.516,-21649.3,101.473,0.403933
17625000,40,174.661,-21714,44.6355,0.386292
17640000,76,325.702,-21655.5,95.9972,0.404733
17655000,63,267.097,-21672.8,57.7048,0.406867
17670000,59,261.427,-21686.6,70.4956,0.403747
17685000,61,270.541,-21668,65.7754,0.3972
17700000,71,306.034,-21658.4,74.9278,0.4026
17715000,68,283.649,-21687.4,84.8733,0.411667
17730000,65,290.387,-21670.3,62.9935,0.4022
17745000,62,269.319,-21697.4,72.6837,0.4146
17760000,66,288.905,-21671.4,59.0323,0.405067
17775000,68,292.652,-21662.8,64.9554,0.410067
17790000,61,273.565,-21670.1,62.4392,0.395183
17805000,77,338.21,-21673.2,99.0694,0.410133
17820000,78,344.834,-21688.5,74.2181,0.4166
17835000,64,277.153,-21669.1,67.0153,0.409022
17850000,63,275.174,-21660.5,65.0753,0.392267
17865000,68,291.912,-21672.9,69.3803,0.400822
17880000,69,311.339,-21657.3,74.6672,0.418333
17895000,44,195.676,-21713.2,45.6047,0.389456
17910000,50,206.625,-21657.1,47.3118,0.393967
17925000,45,192.587,-21705.5,51.0269,0.386333
17940000,49,209.986,-21687.2,46.8399,0.371756
17955000,57,240.209,-21661.5,64.6149,0.396422
17970000,45,202.901,-21670.2,42.9442,0.376933
17985000,59,234.532,-21681.4,62.0209,0.39915
18000000,72,312.337,-21637.8,80.0734,0.405578
18015000,74,305.349,-21673,86.986,0.412267
18030000,46,199.162,-21679.9,39.0144,0.378867
18045000,67,279.017,-21663.9,78.5977,0.4128
18060000,70,283.369,-21672.2,66.5415,0.395733
18075000,48,212.265,-21677.4,48.4262,0.3788
18090000,62,254.018,-21675.2,48.8586,0.4031
18105000,44,183.822,-21676.9,43.6952,0.360967
18120000,64,279.145,-21698.1,57.8961,0.417267
18135000,53,219.364,-21696.9,50.8363,0.370433
18150000,68,274.353,-21670.2,61.7189,0.401
18165000,56,249.247,-21672.4,52.2475,0.402978
18180000,53,231.932,-21667.5,56.5719,0.418733
18195000,68,302.581,-21659.3,66.3028,0.400467
18210000,46,196.935,-21679.5,54.4283,0.371267
18225000,33,148.493,-21721,32.2887,0.394983
18240000,61,282.541,-21703.7,63.1735,0.402267
18255000,60,257.975,-21666.9,62.8982,0.384917
18270000,72,301.945,-21652.7,63.2352,0.3904
18285000,76,293.868,-21637.5,77.3985,0.406467
18300000,67,275.084,-21660.6,64.5026,0.3938
18315000,59,254.508,-21672.7,60.4325,0.37641
18330000,56,242.752,-21664.3,45.7169,0.3766
18345000,54,231.671,-21684,56.4864,0.389578
18360000,54,249,-21681.1,45.1967,0.389992
18375000,66,273.485,-21664.5,91.3083,0.391333
18390000,53,224.898,-21652.7,53.7308,0.371933
18405000,58,244.276,-21686.6,66.4476,0.399733
18420000,61,266.599,-21684.8,68.0218,0.3958
18435000,69,305.362,-21696.4,77.8626,0.402027
18450000,49,218.218,-21645.6,40.5794,0.367967
18465000,64,280.309,-21659.5,65.8816,0.399978
18480000,53,246.156,-21692.1,57.3729,0.403378
18495000,66,296.105,-21679.1,57.3055,0.402533
18510000,67,300.3,-21680.3,62.1543,0.3984
18525000,48,216.97,-21684,42.9633,0.37252
18540000,60,266.412,-21700.9,54.7836,0.3986
18555000,53,232.612,-21679.5,55.8912,0.3908
18570000,61,265.422,-21692.4,64.2496,0.382533
18585000,58,248.373,-21682.8,53.0012,0.3894
18600000,65,293.18,-21679.9,60.3551,0.3929
18615000,63,278.346,-21678.9,57.4351,0.4018
18630000,52,227.73,-21682,49.1918,0.401489
18645000,67,276.273,-21660.3,68.8214,0.389067
18660000,44,194.126,-21698.3,42.6556,0.359644
18675000,56,248.11,-21675.8,71.1741,0.407467
18690000,45,194.758,-21700.4,43.3684,0.384027
18705000,65,287.666,-21679,82.601,0.3994
18720000,52,228.502,-21704.9,57.9573,0.376567
18735000,65,291.301,-21673.9,78.9547,0.3964
18750000,64,289.523,-21656.5,80.6913,0.411667
18765000,58,252.554,-21651.7,60.4694,0.3814
18780000,56,238.71,-21663.3,61.8569,0.3916
18795000,60,279.92,-21660.8,52.043,0.382667
18810000,65,285.816,-21677.1,60.2237,0.405029
18825000,43,182.342,-21702.8,34.4504,0.377181
18840000,56,263.894,-21707,47.8453,0.3918
18855000,61,274.591,-21695.4,63.3637,0.402311
18870000,56,241.72,-21679.9,42.8217,0.384956
18885000,63,269.728,-21690.7,64.8411,0.4093
18900000,46,202.044,-21696.8,44.0842,0.4074
18915000,59,253.175,-21676.3,66.5973,0.3958
18930000,51,214.355,-21694.4,46.9655,0.393867
18945000,37,156.636,-21715.8,36.7848,0.38444
18960000,49,216.38,-21687.4,58.0251,0.387033
18975000,38,157.039,-21716.4,35.0401,0.3582
18990000,47,207.294,-21710,55.1874,0.393207
19005000,42,185.754,-21700.7,50.2697,0.365433
19020000,51,212.853,-21704.4,55.2023,0.394133
19035000,51,212.505,-21679.1,56.3411,0.377867
19050000,41,154.98,-21698.9,42.2684,0.386333
19065000,56,253.839,-21700.3,55.3541,0.380667
19080000,59,260.422,-21695.4,52.5803,0.393911
19095000,50,215.656,-21673.6,48.1768,0.385733
19110000,61,270.758,-21705.3,54.4832,0.39675
19125000,57,256.542,-21684.4,54.5791,0.4044
19140000,60,273.998,-21681.1,62.5284,0.394978
19155000,53,225.434,-21697.5,39.7665,0.402767
19170000,56,247.333,-21705.3,47.2064,0.400533
19185000,47,194.279,-21684.6,42.741,0.3956
19200000,49,197.22,-21680.6,53.6547,0.398067
19215000,54,229.992,-21686.5,51.5318,0.3968
19230000,49,202.326,-21693.9,46.7818,0.382533
19245000,46,196.779,-21704.4,38.3927,0.391448
19260000,61,259.536,-21708.6,52.8229,0.397367
19275000,55,244.447,-21693.6,59.2401,0.40564
19290000,48,215.431,-21709.4,54.8577,0.381044
19305000,52,222.873,-21696.4,42.3946,0.397367
19320000,58,244.947,-21708.3,47.1786,0.401267
19335000,50,211.47,-21728.2,72.3828,0.375333
19350000,47,209.651,-21730.8,51.1585,0.397467
19365000,58,253.372,-21696.4,55.9843,0.410311
19380000,50,222.731,-21671.4,40.333,0.394967
19395000,34,152.271,-21718.4,35.1906,0.364911
19410000,48,213.63,-21697,37.9391,0.396556
19425000,52,240.68,-21691.1,56.3936,0.396667
19440000,55,238.572,-21684.5,55.8445,0.398733
19455000,49,223.829,-21688.8,48.6185,0.385533
19470000,50,220.691,-21685,61.013,0.383733
19485000,63,280.618,-21663.8,57.2887,0.398867
19500000,59,249.434,-21666.5,54.9814,0.389667
19515000,61,256.233,-21683.7,54.507,0.388941
19530000,61,254.024,-21658.1,65.4083,0.401267
19545000,69,288.844,-21645.5,69.2065,0.4028
19560000,63,266.292,-21697.6,58.3207,0.394933
19575000,72,320.483,-21668.1,61.2401,0.42
19590000,80,350.159,-21644.5,68.2973,0.4158
19605000,83,372.262,-21639.4,73.6552,0.418133
19620000,46,205.178,-21704.4,47.9233,0.3942
19635000,68,293.875,-21654.5,72.9615,0.411233
19650000,42,173.415,-21725.6,38.7732,0.381459
19665000,36,141.196,-21714,44.2452,0.362333
19680000,74,323.741,-21651.9,85.9728,0.404467
19695000,70,310.679,-21668.7,61.103,0.405867
19710000,68,296.663,-21663.4,77.2745,0.409933
19725000,58,275.55,-21660,72.5687,0.402733
19740000,64,276.828,-21655.3,63.3716,0.402267
19755000,63,272.518,-21677.6,66.1932,0.405933
19770000,55,247.394,-21683.6,59.2078,0.390453
19785000,59,261.938,-21682.2,67.5842,0.4078
19800000,44,195.883,-21699.2,36.5442,0.388533
19815000,40,172.089,-21717.5,43.724,0.376667
19830000,52,228.708,-21692.7,56.0768,0.3786
19845000,48,210.566,-21670.5,60.4826,0.385217
19860000,45,191.763,-21674.1,46.6362,0.384133
19875000,59,253.221,-21678,59.6265,0.3762
19890000,57,250.295,-21674.1,47.2911,0.3922
19905000,45,189.37,-21686.3,42.9498,0.392627
19920000,59,248.762,-21651.6,52.6687,0.387133
19935000,53,234.883,-21657.7,45.3862,0.383333
19950000,48,215.554,-21661,45.7833,0.380133
19965000,42,185.217,-21699,47.7549,0.382473
19980000,49,214.044,-21666.9,47.602,0.3777
19995000,45,181.267,-21645,45.8226,0.382333
20010000,52,227.089,-21661.7,48.3756,0.37
20025000,57,262.828,-21714.6,66.6424,0.37935
20040000,60,267.476,-21673.4,57.4967,0.394867
20055000,43,189.744,-21705.4,51.8995,0.376811
20070000,60,268.17,-21668,50.4817,0.395267
20085000,60,260.659,-21700.1,62.6294,0.41
20100000,51,223.545,-21702.9,57.2227,0.39744
20115000,61,256.338,-21674.9,58.2684,0.398733
20130000,52,235.834,-21653.1,56.3211,0.4084
20145000,60,267.486,-21701.5,59.4394,0.382522
20160000,74,331.403,-21672.9,77.024,0.4026
20175000,68,306.246,-21679.6,71.727,0.4066
20190000,46,197.001,-21722,59.0176,0.3976
20205000,58,244.699,-21675.7,61.5275,0.3869
20220000,49,213.268,-21680.9,53.3686,0.4014
20235000,50,226.818,-21687.5,42.4601,0.391111
20250000,47,199.602,-21681.7,50.4373,0.39844
20265000,54,236.048,-21690.7,57.7693,0.403433
20280000,45,204.183,-21704.8,55.4309,0.402067
20295000,48,203.336,-21700.3,54.363,0.386933
20310000,51,209.351,-21689.2,47.7606,0.397033
20325000,56,250.031,-21713,66.0808,0.4004
20340000,44,189.057,-21694.7,38.992,0.391933
20355000,58,244.23,-21676.3,49.1229,0.396533
20370000,55,234.207,-21674.9,54.6986,0.404533
20385000,49,228.008,-21679.5,59.0764,0.391278
20400000,51,210.919,-21699.6,62.5616,0.389433
20415000,39,167.888,-21719.5,42.9806,0.396
20430000,39,170.797,-21722.1,41.4528,0.384067
20445000,43,201.001,-21707.7,44.342,0.3904
20460000,49,220.535,-21716,66.2975,0.379467
20475000,39,170.358,-21700.4,42.2581,0.387167
20490000,40,161.762,-21697.2,50.04,0.378867
20505000,44,188.543,-21711.1,48.0091,0.381956
20520000,48,199.358,-21699.7,52.6963,0.386258
20535000,60,246.065,-21667.3,59.1686,0.4122
20550000,57,243.649,-21691.6,60.6223,0.403933
20565000,47,202.51,-21676.9,38.1854,0.3814
20580000,43,192.139,-21678.9,37.5995,0.386867
20595000,58,253.234,-21691.4,56.8041,0.396733
20610000,47,209.697,-21722.2,55.3492,0.392375
20625000,61,270.594,-21661.3,69.975,0.3941
20640000,65,262.795,-21663.3,68.1481,0.402267
20655000,47,198.013,-21711.4,45.4167,0.396844
20670000,50,216.813,-21711.2,52.1578,0.405867
20685000,51,211.395,-21687.5,53.9927,0.390556
20700000,52,233.04,-21708.4,47.0059,0.396
20715000,51,227.542,-21723,31.7061,0.380786
20730000,47,199.458,-21721.4,39.9985,0.4066
20745000,72,317.082,-21702.2,82.2628,0.417889
20760000,47,199.26,-21700.4,44.1331,0.39232
20775000,52,238.958,-21708.9,55.5387,0.413633
20790000,65,265.133,-21669.5,87.7937,0.385567
20805000,29,126.684,-21738,32.3153,0.396933
20820000,62,254.329,-21676.3,62.4548,0.3837
20835000,64,281.579,-21679.9,55.7666,0.4082
20850000,63,263.173,-21658.3,60.1613,0.401133
20865000,55,239.894,-21710.2,48.8276,0.3824
20880000,42,176.988,-21720.3,44.5687,0.382187
20895000,61,250.265,-21687.1,50.0177,0.3932
20910000,40,183.572,-21761.8,37.5318,0.3986
20925000,54,236.259,-21689.3,51.6075,0.394333
20940000,64,272.214,-21684.4,63.8751,0.402333
20955000,60,264.569,-21686.4,55.9439,0.404467
20970000,64,277.506,-21688.5,70.3917,0.408667
20985000,63,267.78,-21702.7,76.4106,0.420467
21000000,46,208.287,-21704.6,48.1418,0.403289
21015000,71,293.724,-21643.6,73.151,0.394933
21030000,74,321.235,-21670.5,81.6815,0.405267
21045000,52,221.886,-21694.1,50.1659,0.395578
21060000,66,278.128,-21661.9,71.5242,0.405733
21075000,76,314.327,-21634.5,77.557,0.397467
21090000,65,283.976,-21664.7,55.3007,0.393933
21105000,64,265.85,-21666.5,72.9852,0.389733
21120000,70,291.495,-21643.5,64.8223,0.405
21135000,61,248.901,-21652.4,57.0143,0.3928
21150000,53,237.342,-21699.4,48.1229,0.392907
21165000,63,263.627,-21655.7,69.2454,0.392633
21180000,78,314.701,-21658.1,82.0522,0.403933
21195000,61,257.658,-21661.4,68.8629,0.400333
21210000,66,282.1,-21662,59.7924,0.391667
21225000,77,335.379,-21675.4,86.5307,0.4034
21240000,67,293.154,-21710.4,72.2391,0.393344
21255000,67,279.558,-21666.4,62.8268,0.413467
21270000,63,277.016,-21661.5,62.7515,0.402133
21285000,72,289.631,-21660.2,67.1994,0.394267
21300000,74,323.089,-21658.9,57.5639,0.397067
21315000,69,283.046,-21682.4,68.4207,0.4168
21330000,50,222.011,-21682.9,60.4726,0.395056
21345000,56,236.693,-21694.8,53.7255,0.4022
21360000,79,349.306,-21705,68.1037,0.407356
21375000,52,220.722,-21697.4,39.2142,0.389115
21390000,70,293.337,-21650.5,51.8465,0.416367
21405000,66,270.137,-21684.5,62.3885,0.4034
21420000,43,183.763,-21734.5,46.8337,0.40756
21435000,54,245.143,-21672.8,51.2741,0.402967
21450000,55,246.07,-21648.5,44.3911,0.388667
21465000,63,264.657,-21648.8,58.9949,0.399067
21480000,41,174.258,-21699.4,37.9869,0.390467
21495000,55,238.982,-21674.5,51.1226,0.3877
21510000,54,225.73,-21659.6,53.9623,0.398
21525000,71,294.788,-21650.1,71.6892,0.399267
21540000,40,184.482,-21723.6,38.3429,0.389542
21555000,62,277.219,-21669.9,61.1004,0.399067
21570000,71,288.068,-21678.5,69.2282,0.410333
21585000,58,246.805,-21678.8,70.9309,0.4062
21600000,46,195.95,-21707.5,53.6982,0.39425
21615000,37,158.608,-21718,28.9241,0.391267
21630000,30,129.269,-21716.6,28.9507,0.359867
21645000,52,229.606,-21674.3,42.9113,0.39315
21660000,60,259.876,-21680.7,52.1798,0.393467
21675000,62,275.818,-21690.9,58.122,0.403
21690000,61,241.175,-21685.3,66.9793,0.406933
21705000,40,173.568,-21739.9,33.5886,0.391356
21720000,87,372.443,-21688.8,103.625,0.416933
21735000,58,254.174,-21675,51.1185,0.409533
21750000,53,237.797,-21689.4,40.277,0.390467
21765000,59,255.8,-21700.2,51.1885,0.386333
21780000,56,229.674,-21680.3,58.4058,0.402667
21795000,51,218.277,-21706.4,73.9639,0.3952
21810000,47,202.601,-21700.5,56.4005,0.402
21825000,39,177.365,-21743,30.9689,0.381385
21840000,37,161.377,-21727.6,33.5649,0.384741
21855000,47,207.311,-21706,44.2021,0.395733
21870000,41,182.834,-21727.9,45.7575,0.390978
21885000,45,198.459,-21736.4,42.7676,0.4034
21900000,52,229.525,-21722.3,66.0516,0.391867
21915000,56,241.868,-21707.1,41.156,0.402314
21930000,43,187.233,-21733.5,43.1196,0.408
21945000,42,185.733,-21704.7,42.2274,0.388667
21960000,31,146.874,-21737.4,37.9052,0.393781
21975000,66,284.794,-21706.4,74.3401,0.3988
21990000,37,175.211,-21723.5,48.1799,0.392633
22005000,61,279.986,-21719.5,53.4112,0.405367
22020000,45,214.479,-21715.3,50.5766,0.396033
22035000,67,286.759,-21683.1,88.2982,0.400533
22050000,58,247.548,-21658.6,48.5418,0.399467
22065000,63,272.541,-21689.5,54.9898,0.385748
22080000,57,241.899,-21694.4,62.0042,0.401533
22095000,53,238.212,-21687.4,51.8824,0.4006
22110000,54,233.756,-21680.4,54.8958,0.397267
22125000,60,268.184,-21688.9,52.5852,0.401367
22140000,52,225.921,-21667.5,41.1838,0.402567
22155000,52,223.743,-21671.3,56.7439,0.4006
22170000,55,238.299,-21709,51.3696,0.391933
22185000,55,234.049,-21714.1,48.4351,0.394933
22200000,41,196.821,-21740.8,35.3436,0.395478
22215000,42,181.047,-21702.5,44.7453,0.398787
22230000,45,201.798,-21682.1,48.6905,0.391933
22245000,53,220.518,-21680.5,54.6399,0.384867
22260000,54,232.707,-21699.9,47.8895,0.382533
22275000,55,246.45,-21688.8,51.663,0.392867
22290000,52,219.337,-21702.1,46.6148,0.4002
22305000,61,273.185,-21684.2,57.6313,0.396
22320000,60,265.677,-21666.9,66.3371,0.399933
22335000,65,290.007,-21652.1,71.2594,0.401
22350000,56,237.055,-21674.9,49.7682,0.391567
22365000,72,311.946,-21651.1,78.3351,0.402033
22380000,58,260.34,-21660.4,54.2487,0.3872
22395000,67,290.466,-21667.7,74.3684,0.395933
22410000,85,364.364,-21666.2,75.399,0.3998
22425000,90,386.283,-21665.9,88.6975,0.422333
22440000,71,306.109,-21679.8,90.1499,0.409333
22455000,37,173.201,-21702.9,39.8832,0.389573
22470000,60,262.399,-21681.2,61.5726,0.391267
22485000,45,199.731,-21705,44.3798,0.3782
22500000,51,231.58,-21685.6,54.8862,0.397
22515000,53,199.658,-21680.3,51.7034,0.3944
22530000,53,230.133,-21694.2,43.8503,0.3964
22545000,48,200.707,-21693.2,41.7108,0.3892
22560000,59,261.28,-21689.1,60.2844,0.3934
22575000,64,271.363,-21681.5,66.3052,0.3996
22590000,64,275.789,-21664.4,54.7123,0.398356
22605000,77,340.477,-21663.9,71.391,0.418667
22620000,70,295.674,-21659.2,69.3456,0.413333
22635000,80,344.828,-21642.3,78.4954,0.414133
22650000,85,365.936,-21679.5,79.8963,0.413867
22665000,71,312.217,-21667.5,63.2376,0.417
22680000,63,276.126,-21657.4,69.6872,0.406067
22695000,61,264.758,-21675.8,60.7787,0.399633
22710000,69,308.144,-21661.1,64.0227,0.398833
22725000,75,334.636,-21668.8,68.8912,0.400633
22740000,64,269.418,-21678.2,61.797,0.410133
22755000,63,278.02,-21675.7,56.0183,0.3962
22770000,69,300.699,-21651.3,65.8295,0.3988
22785000,58,252.387,-21673.5,56.9984,0.401893
22800000,61,275.694,-21654.3,70.5641,0.401533
22815000,48,213.582,-21716.4,42.2775,0.395642
22830000,56,260.444,-21662.3,61.1719,0.399933
22845000,64,273.434,-21656.2,64.9903,0.3956
22860000,52,227.02,-21692,51.5235,0.406933
22875000,51,214.198,-21693.2,54.2583,0.386267
22890000,57,233.036,-21674.9,53.4951,0.387
22905000,69,298.991,-21667.4,58.3663,0.396983
22920000,65,282.837,-21682.4,66.1251,0.4158
22935000,58,244.138,-21686.7,48.1526,0.398133
22950000,47,214.706,-21693.9,51.0677,0.390126
22965000,69,305.887,-21684.3,71.4584,0.417267
22980000,51,217.454,-21708.4,44.7239,0.408467
22995000,69,299.832,-21660.6,95.4514,0.406133
23010000,56,235.588,-21692.6,53.0827,0.38895
23025000,62,270.045,-21669.1,60.7454,0.407933
23040000,60,258.44,-21679,53.994,0.408667
23055000,62,264.444,-21693,53.9267,0.400244
23070000,60,245.642,-21702.5,61.6811,0.4049
23085000,60,258.494,-21681.5,43.2436,0.3998
23100000,51,210.779,-21686.9,54.4914,0.392486
23115000,63,266.582,-21654.7,58.5793,0.39985
23130000,61,262.444,-21649.2,64.9601,0.393267
23145000,62,275.572,-21664.6,60.6216,0.392933
23160000,64,277.845,-21648,63.5268,0.398867
23175000,51,218.159,-21716,55.254,0.40348
23190000,52,230.536,-21703.4,50.0288,0.3882
23205000,76,337.567,-21667.8,91.7388,0.407933
23220000,56,230.52,-21662.3,63.326,0.398533
23235000,46,199.764,-21705.7,57.1088,0.3936
23250000,52,225.127,-21709.6,54.2585,0.387907
23265000,64,276.177,-21667,61.2485,0.406489
23280000,73,325.054,-21653.9,74.1801,0.4028
23295000,68,296.545,-21644.9,73.0734,0.395333
23310000,69,286.094,-21624.7,73.0603,0.394533
23325000,65,271.824,-21654.5,58.8264,0.391867
23340000,67,289.675,-21635.7,67.0398,0.388267
23355000,68,306.338,-21652.1,49.3099,0.407933
23370000,67,290.896,-21664.8,81.6436,0.4008
23385000,54,232.215,-21678.1,42.6781,0.381844
23400000,67,274.342,-21676.7,52.5174,0.395067
23415000,76,325.221,-21625,65.4978,0.399133
23430000,69,303.604,-21668.7,74.9373,0.413267
23445000,73,331.73,-21675.7,51.4704,0.412467
23460000,71,314.516,-21668.3,71.4932,0.4064
23475000,59,260.339,-21634.8,58.7718,0.397933
23490000,67,280.952,-21680.9,70.577,0.395733
23505000,60,247.162,-21626.1,76.0253,0.396933
23520000,43,186.363,-21694.8,44.4559,0.391547
23535000,64,291.581,-21664.8,60.4737,0.387333
23550000,53,230.618,-21705.6,55.7301,0.392283
23565000,49,197.901,-21704.6,49.9103,0.394467
23580000,45,181.754,-21707.1,35.361,0.386467
23595000,52,229.678,-21654.4,45.3728,0.393017
23610000,67,294.277,-21690.4,87.0288,0.393533
23625000,59,262.598,-21700.1,46.7526,0.417067
23640000,69,299.408,-21626.6,70.727,0.396622
23655000,57,239.535,-21646.1,61.9861,0.400667
23670000,54,232.419,-21660.1,59.1961,0.379933
23685000,52,230.773,-21656.2,50.0979,0.373133
23700000,53,232.079,-21672,50.3542,0.39305
23715000,47,194.369,-21657.4,40.394,0.3832
23730000,51,223.832,-21675.4,53.9115,0.388367
23745000,52,207.757,-21657.7,61.9134,0.376333
23760000,44,190.339,-21712.2,48.8715,0.385993
23775000,49,208.347,-21681.2,47.3061,0.375067
23790000,43,177.78,-21671,38.0721,0.371822
23805000,48,190.614,-21677.1,34.243,0.383733
23820000,56,233.147,-21714.9,63.6885,0.390622
23835000,54,244.799,-21691.5,54.0443,0.389152
23850000,61,246.952,-21664.2,72.9807,0.387022
23865000,54,235.976,-21700.3,64.1172,0.395167
23880000,59,254.82,-21657.9,45.8139,0.405867
23895000,72,304.114,-21645.8,77.1546,0.4046
23910000,52,241.88,-21685.9,51.4013,0.385744
23925000,64,278.307,-21672.4,62.7689,0.404833
23940000,62,258.64,-21688.7,66.7121,0.423467
23955000,53,222.684,-21669.7,66.8335,0.403533
23970000,51,211.736,-21675.7,56.3293,0.402933
23985000,41,165.467,-21683.6,40.6488,0.383067
24000000,60,262.624,-21681.4,58.9488,0.393837
24015000,51,210.506,-21652.5,44.5051,0.384133
24030000,59,258.51,-21681.7,57.0654,0.3864
24045000,57,227.52,-21706.2,55.2464,0.3972
24060000,55,236.947,-21679.6,51.8696,0.388267
24075000,48,214.579,-21705.3,56.9944,0.379212
24090000,48,200.759,-21685.2,51.0197,0.3807
24105000,57,244.604,-21688.1,63.7557,0.396067
24120000,59,274.947,-21677.6,46.0974,0.399533
24135000,40,178.323,-21747.6,28.749,0.35045
24150000,55,235.532,-21683.6,53.0997,0.396567
24165000,46,192.799,-21663.5,40.3105,0.386387
24180000,53,233.165,-21684.1,48.9492,0.3864
24195000,51,200.645,-21672.1,56.0611,0.3762
24210000,53,214.755,-21727.6,60.4255,0.382453
24225000,41,164.08,-21684.4,40.3122,0.385533
24240000,40,176.371,-21709.9,35.0481,0.370767
24255000,58,238.799,-21673.5,57.2363,0.394514
24270000,62,268.715,-21678.1,57.5682,0.386867
24285000,59,257.193,-21673.3,41.8986,0.401467
24300000,59,240.145,-21652,64.2635,0.400533
24315000,72,318.22,-21674.4,63.9095,0.399667
24330000,57,247.617,-21662.6,60.2982,0.404933
24345000,64,288.125,-21679.5,63.3402,0.407111
24360000,61,269.143,-21679.3,67.8135,0.406
24375000,73,301.505,-21667.9,64.0038,0.387067
24390000,66,298.769,-21657.5,58.9798,0.397067
24405000,71,291.029,-21648.5,61.1915,0.405983
24420000,80,369.781,-21666.3,80.2085,0.415
24435000,65,283.636,-21665.7,66.3495,0.405533
24450000,55,235.741,-21662.2,46.594,0.38761
24465000,86,367.885,-21632.1,89.1571,0.4073
24480000,80,364.11,-21663.2,82.6976,0.4168
24495000,72,329.993,-21655.2,82.6242,0.428133
24510000,58,257.773,-21654.3,51.9302,0.40279
24525000,63,277.02,-21654.6,60.2991,0.403933
24540000,59,243.86,-21677.9,49.0611,0.385944
24555000,70,296.428,-21653.8,71.1641,0.391733
24570000,62,266.355,-21652.8,72.6046,0.404733
24585000,55,234.033,-21675.3,50.4192,0.401173
24600000,53,226.936,-21671.8,55.33,0.386067
24615000,55,235.31,-21702.5,56.4116,0.3876
24630000,66,291.65,-21626.9,71.6184,0.389067
24645000,71,317.667,-21653.9,65.258,0.4016
24660000,75,328.733,-21654.7,78.6352,0.4184
24675000,72,321.091,-21671.1,66.9829,0.419333
24690000,76,341.445,-21656.4,83.2869,0.4046
24705000,59,260.919,-21655,61.672,0.4016
24720000,48,208.055,-21696.3,51.6719,0.40459
24735000,55,236.478,-21656.1,43.5838,0.373267
24750000,64,277.781,-21651.4,64.7109,0.387733
24765000,65,263.148,-21691.5,66.6441,0.39451
24780000,57,229.957,-21689.8,54.5038,0.4034
24795000,58,249.525,-21686.6,44.5671,0.4034
24810000,56,245.644,-21669.4,58.4611,0.397233
24825000,55,232.928,-21686.1,64.1955,0.3934
24840000,53,232.018,-21689.4,45.9228,0.397842
24855000,53,223.394,-21693.4,56.0353,0.388483
24870000,59,266.028,-21697.1,57.9524,0.3916
24885000,44,196.044,-21701.3,35.3722,0.400467
24900000,50,223.294,-21690.5,51.1539,0.388433
24915000,42,187.768,-21685.8,38.0278,0.390067
24930000,46,214.372,-21696.4,47.7641,0.391956
24945000,55,234.801,-21689.5,43.4721,0.38656
24960000,50,214.32,-21710.8,37.2634,0.377778
24975000,65,267.751,-21672.7,71.5045,0.385867
24990000,50,225.703,-21684.3,59.0638,0.390333
25005000,44,188.436,-21712.9,48.0328,0.38104
25020000,65,283.187,-21657.8,86.7679,0.391356
25035000,59,240.125,-21673.7,55.5624,0.4006
25050000,64,265.598,-21685.7,54.7881,0.409267
25065000,51,214.716,-21708.9,49.9394,0.399307
25080000,44,193.914,-21673.3,41.3549,0.389
25095000,42,175.105,-21691.8,46.9819,0.383267
25110000,55,242.078,-21669.2,53.0007,0.388567
25125000,62,276.383,-21676,61.5487,0.377333
25140000,57,252.373,-21674.6,58.4986,0.392267
25155000,45,206.768,-21705.2,55.6995,0.396167
25170000,52,238.901,-21694.4,59.6887,0.38497
25185000,51,212.307,-21674.9,52.1728,0.378333
25200000,59,247.819,-21660.7,58.7254,0.388283
25215000,50,221.493,-21681.1,56.9147,0.3859
25230000,55,225.787,-21673.5,53.4969,0.395733
25245000,50,219.79,-21660.9,54.837,0.3726
25260000,62,260.424,-21658,77.825,0.389067
25275000,58,253.575,-21667.9,63.5221,0.384267
25290000,59,216.913,-21665,65.8721,0.3896
25305000,56,223.606,-21636.4,66.1595,0.379933
25320000,58,237.975,-21655.9,62.0847,0.394933
25335000,48,181.416,-21660.1,42.533,0.3858
25350000,63,259.15,-21651.3,65.8376,0.3952
25365000,62,259.145,-21657.8,61.0431,0.392783
25380000,76,327.127,-21649.3,68.4694,0.405667
25395000,41,177.942,-21715.2,38.7106,0.391907
25410000,63,271.053,-21650,68.1702,0.3878
25425000,73,300.241,-21643.5,66.2235,0.396444
25440000,70,285.332,-21652.8,70.1956,0.3988
25455000,39,182.09,-21727.9,44.1998,0.3868
25470000,61,251.66,-21649.4,66.7761,0.395
25485000,62,261.163,-21651.7,67.7701,0.391467
25500000,46,192.408,-21682.2,46.5141,0.399389
25515000,54,227.429,-21673.2,55.13,0.387933
25530000,57,248.275,-21668.9,64.9919,0.387233
25545000,58,241.627,-21654,48.939,0.3895
25560000,45,219.337,-21720.5,51.9397,0.382495
25575000,46,194.073,-21708.1,43.9984,0.3856
25590000,49,210.747,-21681.2,59.6455,0.389733
25605000,52,204.933,-21685.3,61.9823,0.385033
25620000,58,267.988,-21672.4,49.2985,0.386967
25635000,68,302.608,-21665.6,69.3903,0.4002
25650000,58,274.1,-21702.8,47.0469,0.388
25665000,47,198.554,-21659.1,41.7474,0.391767
25680000,49,198.795,-21717,52.088,0.391767
25695000,42,178.409,-21721.7,45.7253,0.3954
25710000,58,238.823,-21665.7,55.179,0.392089
25725000,65,286.859,-21690.1,68.2763,0.38905
25740000,49,211.26,-21704.1,63.4226,0.409333
25755000,69,302.317,-21664.8,71.6535,0.395911
25770000,61,256.494,-21648,45.2266,0.4024
25785000,59,251.522,-21659.2,59.1957,0.3892
25800000,51,217.282,-21699.5,40.0627,0.392283
25815000,39,147.638,-21748.9,29.382,0.388175
25830000,52,214.887,-21693.8,71.7484,0.395289
25845000,72,300.921,-21680.5,76.8163,0.4088
25860000,58,257.385,-21671.8,65.7039,0.396233
25875000,78,328.336,-21653,75.7638,0.4142
25890000,69,301.616,-21681.3,68.6056,0.414711
25905000,77,342.192,-21677.2,81.8134,0.4242
25920000,73,310.365,-21697.7,78.4722,0.420533
25935000,69,300.93,-21659.3,80.811,0.416883
25950000,71,298.257,-21648.5,80.6369,0.402
25965000,64,286.062,-21671.2,69.1076,0.400133
25980000,52,217.901,-21668.1,56.4403,0.386267
25995000,53,227.577,-21644.8,58.3622,0.3736
26010000,56,229.453,-21657.4,49.8893,0.3858
26025000,55,243.473,-21700,48.5745,0.401771
26040000,44,190.365,-21710.9,47.3902,0.397596
26055000,52,241.822,-21663.2,43.2897,0.375067
26070000,60,273.578,-21661.2,64.3928,0.370667
26085000,40,165.071,-21705.8,33.903,0.380267
26100000,43,182.226,-21709.6,49.0522,0.3842
26115000,64,282.794,-21668.3,49.0914,0.3916
26130000,51,226.498,-21677.4,47.7824,0.3974
26145000,55,256.129,-21680.9,59.6617,0.395
26160000,57,247.364,-21678.2,41.4863,0.401083
26175000,71,326.962,-21681,85.3187,0.420533
26190000,66,295.268,-21690.8,59.118,0.428133
26205000,73,304.798,-21689,78.6614,0.4318
26220000,68,296.377,-21695.5,62.4359,0.404347
26235000,41,176.463,-21679.6,37.9325,0.3937
26250000,55,240.639,-21680.3,42.7264,0.395167
26265000,47,210.007,-21717.3,52.7881,0.392256
26280000,52,230.024,-21704.1,57.6749,0.405467
26295000,68,295.197,-21682.9,75.2393,0.401533
26310000,60,271.506,-21670,62.7243,0.413467
26325000,75,326.274,-21660.7,74.5071,0.393133
26340000,74,311.513,-21663.1,78.2862,0.415267
26355000,59,246.714,-21655.2,66.2981,0.402133
26370000,52,210.245,-21663.8,40.5906,0.390333
26385000,63,263.835,-21663.1,64.5057,0.407956
26400000,62,274.094,-21650.4,52.9625,0.3918
26415000,60,268.915,-21665.3,50.9133,0.4083
26430000,59,234.989,-21667.6,70.2105,0.3911
26445000,60,263.14,-21675.3,56.9899,0.396333
26460000,72,317.089,-21643.7,63.7602,0.400889
26475000,55,236.535,-21654,61.8586,0.388433
26490000,72,307.979,-21653.9,76.7669,0.4075
26505000,63,274.642,-21646.4,66.2824,0.4023
26520000,63,256.777,-21660.8,67.7717,0.405967
26535000,76,326.431,-21669.9,66.3211,0.414133
26550000,73,301.577,-21660.4,76.4921,0.407867
26565000,67,290.6,-21638,81.998,0.38935
26580000,64,290.124,-21648.6,77.2333,0.3954
26595000,61,252.685,-21671.4,66.2585,0.407844
26610000,74,323.596,-21630,88.2744,0.403067
26625000,60,247.615,-21663.4,42.0747,0.397267
26640000,62,256.42,-21657.6,72.6287,0.3958
26655000,65,271.299,-21677,57.0977,0.400467
26670000,62,266.614,-21651.9,58.7112,0.381467
26685000,65,285.049,-21647.2,56.4033,0.3916
26700000,59,261.988,-21668.9,65.8622,0.3973
26715000,70,289.263,-21672.9,73.4309,0.3954
26730000,55,236.655,-21695.3,55.9307,0.387249
26745000,51,214.961,-21728.6,53.5994,0.392333
26760000,59,256.346,-21714.5,52.2785,0.391333
26775000,67,301.227,-21673.2,71.27,0.395283
26790000,57,256.368,-21686.9,74.5077,0.402133
26805000,60,244.155,-21703,66.3,0.402733
26820000,47,192.642,-21697.4,41.191,0.393133
26835000,53,227.048,-21680,58.9002,0.38932
26850000,40,168.116,-21701.5,42.1924,0.3809
26865000,40,170.028,-21701.8,39.5682,0.376667
26880000,58,256.922,-21704.5,44.0717,0.405267
26895000,65,277.552,-21686.9,69.8409,0.410067
26910000,68,288.872,-21680.2,76.1026,0.393573
26925000,62,268.571,-21698.6,62.4605,0.395044
26940000,54,217.017,-21653.9,53.4523,0.411733
26955000,48,206.309,-21679.8,51.8025,0.396933
26970000,43,186.71,-21704.5,42.9139,0.393978
26985000,46,205.674,-21663.9,58.2339,0.362133
27000000,47,207.966,-21692.7,49.2067,0.386233
27015000,66,293.016,-21689.1,59.7661,0.388467
27030000,51,215.357,-21653.5,57.7463,0.380975
27045000,38,166.601,-21692.4,33.2482,0.398367
27060000,64,273.546,-21676.3,57.251,0.3882
27075000,58,255.324,-21664.6,58.9269,0.39216
27090000,51,218.2,-21678.9,58.4166,0.399533
27105000,52,217.846,-21681.7,52.1309,0.389683
27120000,54,228.607,-21692.2,50.0967,0.394667
27135000,54,230.966,-21681.4,57.7598,0.388267
27150000,66,295.565,-21665.9,68.2605,0.39688
27165000,58,256.284,-21681.1,52.7252,0.403133
27180000,55,243.517,-21678.4,54.9578,0.396467
27195000,38,165.496,-21698.2,42.3316,0.398567
27210000,46,196.323,-21712.1,45.3661,0.387
27225000,62,286.543,-21696.6,52.1876,0.3932
27240000,47,197.051,-21695.5,53.0328,0.39462
27255000,55,241.567,-21701,49.8465,0.392233
27270000,47,200.408,-21675.1,57.0394,0.377267
27285000,65,287.455,-21686,70.6298,0.388124
27300000,51,213.052,-21699.9,50.3468,0.398733
27315000,55,240.191,-21681.7,76.5875,0.402367
27330000,43,170.891,-21701,37.0978,0.384811
27345000,52,217.87,-21672.9,53.9579,0.384867
27360000,54,248.335,-21682.6,44.516,0.390267
27375000,43,170.103,-21677.2,45.6291,0.384422
27390000,58,237.938,-21661.6,47.7572,0.399467
27405000,47,206.4,-21692.5,54.0605,0.3859
27420000,47,209.219,-21680.1,47.6775,0.3943
27435000,60,258.697,-21677,55.6509,0.396867
27450000,47,209.812,-21683.9,46.821,0.4014
27465000,60,264.603,-21677.8,64.7149,0.382133
27480000,72,315.78,-21668.7,73.3626,0.412578
27495000,56,246.369,-21667.9,49.1396,0.399
27510000,58,252.688,-21693.6,62.2482,0.414867
27525000,46,185.328,-21695.2,42.9824,0.393375
27540000,54,226.069,-21675.5,58.8471,0.4042
27555000,60,256.172,-21687.9,55.5879,0.385867
27570000,46,182.56,-21715.4,44.4088,0.391967
27585000,66,274.752,-21690.6,69.4533,0.391617
27600000,57,253.477,-21659.3,55.5929,0.3926
27615000,51,206.243,-21706.2,52.0704,0.390644
27630000,60,253.207,-21679.3,54.0144,0.400644
27645000,57,230.576,-21687.3,49.2875,0.401667
27660000,71,290.949,-21684.6,72.7416,0.400644
27675000,57,223.849,-21678.1,61.3756,0.395733
27690000,63,254.136,-21682.7,55.8714,0.408333
27705000,53,227.747,-21658.1,48.4426,0.383467
27720000,66,282.951,-21683.9,67.8541,0.391333
27735000,59,262.774,-21678.5,66.7851,0.390833
27750000,52,230.44,-21669.8,65.4943,0.3868
27765000,56,237.271,-21679,50.9697,0.391889
27780000,60,256.603,-21658.4,55.2633,0.3992
27795000,51,235.286,-21678.9,61.0756,0.399919
27810000,61,266.638,-21658.7,70.4803,0.384067
27825000,52,223.279,-21692,51.9744,0.387067
27840000,52,228.01,-21670.1,55.5388,0.386922
27855000,42,172.292,-21668.7,39.0726,0.386367
27870000,58,244.791,-21665.6,59.6295,0.386367
27885000,50,216.481,-21690.7,48.3021,0.3929
27900000,56,227.067,-21671,59.8863,0.3998
27915000,47,206.556,-21688.4,48.044,0.396733
27930000,51,232.025,-21682.7,48.1071,0.3878
27945000,44,192.939,-21669.9,51.7071,0.384067
27960000,43,188.679,-21680.3,48.7846,0.396487
27975000,49,211.783,-21693.9,56.0111,0.3913
27990000,66,299.105,-21675.5,63.1943,0.395533
28005000,49,199.414,-21665.2,55.3087,0.398867
28020000,59,268.3,-21669.3,62.8297,0.398533
28035000,51,219.309,-21705.9,52.689,0.38661
28050000,49,211.221,-21700.9,62.4036,0.3862
28065000,51,204.685,-21682.3,45.4318,0.379867
28080000,58,253.321,-21672.9,56.4676,0.384933
28095000,56,242.58,-21670.6,70.4884,0.395926
28110000,50,216.937,-21698.3,58.3457,0.38468
28125000,54,238.409,-21700.4,47.776,0.3948
28140000,53,238.705,-21701.1,57.0797,0.3884
28155000,41,169.366,-21692.1,33.7367,0.3882
28170000,43,195.154,-21699.1,51.2843,0.39764
28185000,43,178.693,-21708.2,39.5814,0.386689
28200000,47,210.624,-21687.1,45.8601,0.389333
28215000,58,247.056,-21693.4,52.8965,0.392889
28230000,43,187.978,-21701.7,42.485,0.3768
28245000,44,208.118,-21727.7,38.1598,0.393533
28260000,53,235.846,-21672.5,66.3709,0.385578
28275000,55,237.117,-21669.3,55.755,0.4082
28290000,53,238.409,-21687.8,52.1015,0.388683
28305000,59,256.108,-21677.7,44.7473,0.403767
28320000,58,246.599,-21696.5,58.5643,0.3912
28335000,67,286.891,-21668.5,71.5794,0.408867
28350000,54,237.321,-21686.9,55.9532,0.411667
28365000,62,282.46,-21676.5,74.6485,0.396
28380000,59,262.265,-21680,58.2486,0.3998
28395000,61,264.586,-21685.8,50.5361,0.4002
28410000,55,232.32,-21688.4,48.1486,0.380333
28425000,57,240.861,-21679.2,72.4219,0.399133
28440000,47,220.199,-21680.8,45.3437,0.390217
28455000,47,212.585,-21715,56.5674,0.369667
28470000,51,220.663,-21697.1,50.1684,0.377156
28485000,55,231.108,-21682.2,60.4474,0.382104
28500000,49,205.775,-21677.1,38.8557,0.384067
28515000,78,328.529,-21691.6,88.33,0.381111
28530000,69,302.56,-21696.1,63.2647,0.406867
28545000,53,227.88,-21695.1,62.4608,0.3904
28560000,48,194.149,-21688.1,55.6947,0.3944
28575000,56,236.517,-21695.9,56.5792,0.396467
28590000,43,193.674,-21690.7,36.7011,0.3786
28605000,54,214.935,-21663.5,70.5248,0.389933
28620000,49,223.365,-21728.6,71.0619,0.380867
28635000,60,274.038,-21680.7,66.9682,0.391033
28650000,62,269.611,-21672.6,59.847,0.4024
28665000,64,253.284,-21683.4,57.9273,0.401333
28680000,55,242.196,-21660.7,56.243,0.4084
28695000,55,238.289,-21700.5,55.9344,0.396973
28710000,65,279.495,-21650.2,73.5497,0.394133
28725000,47,192.593,-21705.9,50.4163,0.405117
28740000,57,238.782,-21714.3,61.1484,0.406689
28755000,57,255.289,-21668.9,52.965,0.394844
28770000,47,205.761,-21699.6,50.6064,0.393956
28785000,53,222.563,-21696.9,54.1826,0.389933
28800000,68,288.086,-21659.1,60.3265,0.404844
28815000,59,258.173,-21663.6,57.1808,0.406867
28830000,41,156.785,-21696.5,41.8601,0.387933
28845000,63,252.39,-21665.9,74.7655,0.3882
28860000,55,226.269,-21679.3,63.6297,0.396633
28875000,62,268.381,-21654.7,69.7009,0.397967
28890000,69,288.038,-21652.9,58.4268,0.399067
28905000,69,297.439,-21656.4,66.1263,0.3994
28920000,55,219.744,-21653.2,61.623,0.387883
28935000,61,261.634,-21637.6,83.6449,0.390733
28950000,59,255.251,-21682.5,50.1681,0.395333
28965000,56,247.251,-21708.2,48.5425,0.409933
28980000,64,280.946,-21640.3,77.8805,0.389067
28995000,69,302.075,-21642.2,62.6186,0.383467
29010000,71,298.561,-21661.3,70.5637,0.393467
29025000,58,269.523,-21676.1,60.0047,0.391933
29040000,62,273.941,-21664.1,51.3895,0.394867
29055000,64,274.935,-21682.9,61.5002,0.402667
29070000,52,240.303,-21726,50.6016,0.394621
29085000,46,193.773,-21689.3,42.396,0.392542
29100000,37,164.688,-21709.4,45.7946,0.3971
29115000,55,236.304,-21676.6,44.2496,0.392383
29130000,59,253.602,-21661.6,49.1006,0.388067
29145000,61,262.983,-21651.5,59.75,0.391867
29160000,55,232.369,-21660.6,54.1751,0.389933
29175000,65,295.743,-21685.7,50.1137,0.391
29190000,68,300.71,-21666,57.3782,0.388
29205000,43,179.058,-21707.1,36.7958,0.384514
29220000,44,194.243,-21691.4,51.6741,0.387881
29235000,46,189.88,-21683.9,40.1062,0.376
29250000,56,253.267,-21685.7,76.4025,0.395017
29265000,73,323.148,-21675,81.8708,0.4124
29280000,67,286.754,-21653.2,62.6265,0.4122
29295000,66,286.756,-21665.9,64.4433,0.412333
29310000,60,261.703,-21675.6,55.8837,0.396867
29325000,49,197.054,-21671.1,38.0085,0.398
29340000,57,245.533,-21652.5,57.8805,0.3887
29355000,70,295.87,-21636.2,73.7675,0.389667
29370000,69,311.701,-21619.1,70.597,0.404667
29385000,65,292.884,-21666.7,71.0702,0.407933
29400000,53,239.203,-21651.7,51.0868,0.39072
29415000,55,226.316,-21629.7,70.7033,0.385967
29430000,54,225.451,-21692,48.816,0.3946
29445000,74,314.998,-21640.8,72.4933,0.394633
29460000,69,299.004,-21640.4,70.9874,0.4022
29475000,66,285.219,-21627,58.2206,0.403
29490000,59,265.161,-21635.7,48.7206,0.389933
29505000,70,313.867,-21658.9,57.5748,0.398133
29520000,60,269.055,-21643.7,66.137,0.401867
29535000,52,226.786,-21684.7,58.322,0.390581
29550000,34,143.639,-21727.2,31.5169,0.390165
29565000,56,234.437,-21691.4,62.9722,0.3854
29580000,64,293.51,-21663,64.6812,0.387417
29595000,57,252.937,-21659.2,68.8187,0.405867
29610000,54,225.54,-21662,63.037,0.397111
29625000,71,312.138,-21653.6,55.7408,0.398133
29640000,68,281.268,-21670.2,73.5272,0.412133
29655000,59,264.898,-21660.9,63.5346,0.395889
29670000,55,248.122,-21678.7,52.6932,0.3956
29685000,55,230.098,-21644.7,63.8954,0.3947
29700000,66,284.755,-21662.2,58.3727,0.389133
29715000,75,341.299,-21661.7,55.4315,0.399156
29730000,76,342.776,-21656,80.9899,0.408133
29745000,84,355.022,-21646,67.8848,0.409267
29760000,68,299.209,-21659.4,86.7615,0.4028
29775000,74,329.634,-21669.4,82.6552,0.397933
29790000,65,277.766,-21657.8,71.3117,0.3924
29805000,66,289.586,-21674.6,65.0169,0.4058
29820000,62,272.569,-21657.7,49.0426,0.405167
29835000,63,263.455,-21688.9,63.0819,0.392267
29850000,68,296.737,-21665.2,73.4085,0.397
29865000,60,262.852,-21668.4,83.2152,0.405667
29880000,52,227.658,-21710.3,54.5843,0.383164
29895000,56,251.11,-21669.8,59.1153,0.397267
29910000,54,239.619,-21682.6,65.2516,0.390267
29925000,59,254.718,-21668.1,54.3434,0.405867
29940000,52,205.256,-21674,49.701,0.389076
29955000,61,251.194,-21688.2,68.4605,0.405367
29970000,55,242.299,-21698.5,58.2414,0.4142
29985000,70,313.008,-21675.1,62.9678,0.399067
