generation,N_shifts,logPrior,logLik,eventRate,acceptRate
0,0,0.403105,-22181.2,100,1
15000,0,1.16267,-22113.3,0.637008,0.154867
30000,0,1.16857,-22114.1,1.13922,0.163267
45000,3,6.55902,-22080.2,4.7983,0.377867
60000,3,13.3187,-22059.9,6.28299,0.261162
75000,3,11.8859,-22045.4,1.40927,0.201357
90000,4,7.9815,-22031.8,3.37891,0.240267
105000,5,16.8159,-21987.5,5.32748,0.242133
120000,7,27.8789,-21988.9,5.5861,0.242533
135000,4,17.4328,-22041.6,2.10911,0.2982
150000,1,1.01047,-22081.8,1.20528,0.206762
165000,5,22.1258,-22021.2,15.5305,0.320267
180000,13,49.0442,-21927.5,16.0986,0.275617
195000,5,17.7242,-22009,9.73587,0.3566
210000,11,42.5414,-21912.8,13.9378,0.2892
225000,8,33.671,-21995.6,10.0347,0.3471
240000,7,28.4967,-21991,9.97446,0.352067
255000,11,44.7906,-21914.3,14.637,0.284622
270000,15,70.5465,-21906.9,17.6852,0.308267
285000,13,56.8172,-21886.6,18.4514,0.306
300000,17,73.4282,-21884.8,12.3932,0.2876
315000,15,67.9177,-21870.7,14.6014,0.333467
330000,16,75.411,-21880.8,13.2421,0.331933
345000,16,76.2133,-21872.4,13.9885,0.316933
360000,22,105.678,-21854.8,32.4212,0.357333
375000,23,102.46,-21882.9,27.6494,0.3422
390000,19,80.0159,-21868.1,20.474,0.308133
405000,16,71.3195,-21869.1,13.8803,0.346376
420000,24,101.865,-21871.1,24.7728,0.362467
435000,26,120.767,-21838.7,20.131,0.343111
450000,34,141.237,-21834.8,40.3214,0.386833
465000,33,145.489,-21800.9,26.7032,0.361267
480000,32,146.356,-21788.3,29.7295,0.3586
495000,28,120.559,-21794.9,25.7234,0.347267
510000,35,134.126,-21806.1,29.5465,0.3702
525000,38,170.099,-21790.2,40.5517,0.405667
540000,32,130.617,-21782.4,41.0205,0.393733
555000,41,176.624,-21759.2,32.4185,0.377333
570000,40,163.136,-21743.5,47.7932,0.373733
585000,38,157.52,-21751.7,45.158,0.288515
600000,50,228.669,-21747.1,51.0777,0.389533
615000,41,179.919,-21734.3,38.9208,0.387867
630000,56,237.439,-21751.9,63.9544,0.386411
645000,49,205.095,-21724.2,51.9469,0.40076
660000,49,222.853,-21756.9,50.1182,0.3981
675000,53,240.056,-21730.6,59.6923,0.3996
690000,43,175.791,-21732.8,48.4378,0.386178
705000,48,219.083,-21748,43.4451,0.385722
720000,61,253.028,-21704.9,55.4154,0.3961
735000,54,236.727,-21702,64.9726,0.402267
750000,40,173.852,-21758,32.9964,0.384022
765000,53,228.372,-21706.6,51.9347,0.395411
780000,66,305.858,-21698.4,73.2371,0.383578
795000,58,257.595,-21691.5,52.1166,0.387533
810000,51,215.412,-21706.8,51.7484,0.3898
825000,56,244.843,-21744.7,54.7578,0.392117
840000,63,277.67,-21731.5,52.268,0.404467
855000,69,304.228,-21714.1,89.3414,0.410467
870000,53,234.247,-21721.1,61.1161,0.4068
885000,66,302.765,-21711.2,53.9604,0.397827
900000,58,249.995,-21718.3,60.9348,0.398267
915000,54,223.286,-21723.8,57.9166,0.387222
930000,46,193.549,-21717.7,37.1972,0.398867
945000,51,211.835,-21717.2,39.1731,0.3788
960000,41,183.727,-21722.4,38.9489,0.388533
975000,50,218.423,-21709.6,52.2919,0.396093
990000,51,226.84,-21734.9,49.7778,0.375633
1005000,59,235.935,-21706.9,50.957,0.3852
1020000,56,236.131,-21702,56.4044,0.390133
1035000,61,270.915,-21700.4,64.3564,0.4012
1050000,66,282.98,-21703.5,55.3212,0.398867
1065000,54,242.434,-21704.9,39.783,0.407
1080000,52,244.662,-21705.5,55.6366,0.399067
1095000,49,225.659,-21707.5,34.8505,0.392267
1110000,53,232.806,-21747.9,48.3822,0.380428
1125000,74,331.757,-21692.4,78.4459,0.398967
1140000,75,337.832,-21711.2,75.9322,0.410333
1155000,87,390.378,-21703.2,83.256,0.4174
1170000,80,348.677,-21717.4,75.1515,0.4298
1185000,72,328.835,-21698.3,70.5399,0.410467
1200000,69,297.432,-21701,49.8731,0.4162
1215000,66,296.93,-21674.7,50.7289,0.403267
1230000,59,272.328,-21663.3,57.7167,0.4034
1245000,50,222.59,-21729.7,49.5107,0.385719
1260000,57,250.569,-21675,67.0359,0.392
1275000,53,239.536,-21702,44.804,0.390767
1290000,65,280.061,-21690.1,56.8484,0.3999
1305000,67,297.912,-21705.6,67.7281,0.4018
1320000,49,211.627,-21718.2,58.3406,0.392833
1335000,59,240.673,-21694.6,65.5687,0.385367
1350000,67,299.532,-21694,62.3088,0.3951
1365000,67,273.402,-21677.6,65.8445,0.410767
1380000,53,225.295,-21689.5,50.1778,0.398967
1395000,46,208.181,-21688.7,56.3057,0.3835
1410000,63,283.928,-21692.6,61.9013,0.397593
1425000,64,278.261,-21682.5,69.1823,0.387967
1440000,64,272.813,-21690,70.6228,0.403
1455000,60,254.231,-21690.2,68.369,0.394133
1470000,59,256.658,-21719.2,59.5735,0.388356
1485000,54,227.518,-21704.5,48.7475,0.385587
1500000,58,242.031,-21689.3,60.0666,0.393267
1515000,55,223.392,-21687.2,38.8938,0.404667
1530000,59,255.886,-21708.2,65.8822,0.401467
1545000,60,254.919,-21711.9,55.0696,0.394578
1560000,55,247.071,-21710.2,43.974,0.407467
1575000,69,304.128,-21691.6,80.072,0.394943
1590000,66,290.743,-21690.5,70.6828,0.395911
1605000,66,300.601,-21684.1,85.0439,0.403933
1620000,69,292.003,-21687.2,58.1821,0.4046
1635000,72,289.397,-21676.9,76.9726,0.4038
1650000,64,281.479,-21713.2,64.333,0.404317
1665000,75,327.542,-21674.9,76.148,0.406
1680000,63,284.255,-21711.4,58.4365,0.4103
1695000,65,270.537,-21694.6,66.449,0.400533
1710000,83,383.056,-21675.5,80.2984,0.410244
1725000,59,244.591,-21676,56.3526,0.397285
1740000,70,299.036,-21679.4,79.5356,0.4095
1755000,82,376.523,-21712.1,83.334,0.417733
1770000,64,294.288,-21718.3,61.2582,0.420067
1785000,66,281.589,-21686.3,58.9996,0.389233
1800000,54,245.061,-21693.6,65.6266,0.393
1815000,73,310.131,-21694.5,68.5194,0.400767
1830000,51,213.136,-21709,51.5376,0.3959
1845000,54,234.995,-21698.6,39.1917,0.385733
1860000,61,260.093,-21689.7,50.0327,0.398711
1875000,53,215.979,-21689.6,55.0377,0.402033
1890000,50,207.304,-21704.7,55.4643,0.395467
1905000,57,251.096,-21724.9,59.8503,0.395867
1920000,55,232.107,-21756,51.964,0.400467
1935000,60,265.699,-21691.9,70.7171,0.388967
1950000,62,268.126,-21705.2,61.3876,0.3934
1965000,50,204.612,-21702.3,69.5055,0.385533
1980000,61,254.829,-21711.8,75.0518,0.388333
1995000,64,270.015,-21719.8,73.0881,0.403356
2010000,63,277.267,-21718.7,72.0799,0.412267
2025000,59,246.104,-21716.7,66.9989,0.4054
2040000,54,219.881,-21700.1,53.2349,0.399583
2055000,49,212.408,-21738.2,41.5031,0.389333
2070000,51,219.816,-21714.2,53.655,0.393889
2085000,65,268.61,-21692.8,86.3248,0.394311
2100000,67,272.16,-21683.1,67.2593,0.3886
2115000,61,255.136,-21679.2,46.6199,0.383867
2130000,53,223.952,-21698.2,63.415,0.3938
2145000,56,241.196,-21701,44.0231,0.395133
2160000,58,254.339,-21691.9,68.8628,0.401
2175000,51,212.243,-21672.8,48.8267,0.385067
2190000,47,200.919,-21748.1,49.0449,0.393956
2205000,61,261.59,-21673.4,63.3339,0.3852
2220000,54,244.142,-21712.2,52.9001,0.381033
2235000,53,216.281,-21705.2,45.3712,0.378467
2250000,71,301.715,-21672.2,70.9452,0.386422
2265000,66,276.236,-21707.7,57.9396,0.403467
2280000,58,245.149,-21705.5,72.1013,0.405467
2295000,70,291.89,-21695.1,69.5494,0.4154
2310000,72,297.018,-21682.6,63.7014,0.402733
2325000,50,199.242,-21692.5,45.8379,0.395467
2340000,66,266.747,-21699.6,68.4975,0.401333
2355000,60,265.996,-21706.7,51.1751,0.391493
2370000,63,280.207,-21696.3,71.0202,0.392733
2385000,47,209.303,-21684.5,54.2031,0.39501
2400000,52,224.463,-21711,58.3532,0.388083
2415000,61,263.257,-21687.3,70.4056,0.4014
2430000,54,233.813,-21693.3,45.8234,0.396
2445000,55,252.104,-21710.7,52.6136,0.393233
2460000,54,230.301,-21678.1,59.8513,0.380733
2475000,56,234.016,-21673.8,67.1337,0.382333
2490000,60,246.469,-21681.1,53.7451,0.381467
2505000,48,202.819,-21687.7,59.0277,0.3906
2520000,42,174.647,-21687.7,44.5794,0.367667
2535000,51,218.121,-21708.6,48.089,0.382933
2550000,63,269.638,-21698.3,59.8334,0.397133
2565000,68,296.702,-21722,71.6454,0.387292
2580000,56,232.509,-21698,57.0867,0.4131
2595000,46,204.171,-21739.7,41.5382,0.405433
2610000,51,223.188,-21715.1,63.7279,0.375233
2625000,53,225.322,-21709.2,45.654,0.3826
2640000,65,289.622,-21688.8,71.2228,0.396867
2655000,61,266.984,-21709.1,48.4055,0.391737
2670000,59,262.618,-21707.8,57.4488,0.388067
2685000,61,262.21,-21709.4,66.069,0.407
2700000,53,217.895,-21724.8,57.8323,0.397
2715000,56,235.716,-21676.7,54.1162,0.392853
2730000,61,264.359,-21674.8,58.3018,0.3928
2745000,51,218.92,-21725.4,40.7778,0.39282
2760000,49,218.957,-21693.4,55.0569,0.382717
2775000,63,271.377,-21688.7,58.1893,0.3958
2790000,64,274.45,-21674.8,76.0843,0.3886
2805000,69,285.763,-21693.9,69.906,0.398267
2820000,54,216.068,-21719.4,59.2139,0.39
2835000,61,274.772,-21687.4,55.8642,0.3966
2850000,52,224.016,-21699.5,60.4961,0.3948
2865000,56,230.319,-21711,65.4248,0.389817
2880000,78,331.239,-21684.9,91.3346,0.3919
2895000,68,308.28,-21712.6,77.5472,0.4023
2910000,63,273.332,-21666.9,52.9865,0.390783
2925000,55,205.011,-21668.7,61.551,0.396067
2940000,56,225.375,-21701.6,52.1729,0.403067
2955000,62,261.934,-21694.1,64.9046,0.389467
2970000,55,218.306,-21703.7,41.0663,0.384022
2985000,58,258.223,-21689.7,56.4061,0.386256
3000000,69,315.672,-21688.6,55.8586,0.391933
3015000,66,274.438,-21713.8,71.0516,0.392583
3030000,62,269.883,-21703.8,56.345,0.39005
3045000,60,248.771,-21744.7,62.124,0.403733
3060000,61,277.525,-21718.6,65.4375,0.402933
3075000,61,266.103,-21698.9,48.9988,0.3996
3090000,57,242.259,-21716,62.1891,0.386783
3105000,65,302.371,-21701.6,63.8728,0.400422
3120000,60,240.846,-21715.9,60.1194,0.3922
3135000,54,224.094,-21690.1,58.2612,0.386
3150000,57,251.856,-21691.4,50.057,0.381667
3165000,67,282.15,-21686.4,76.8872,0.406
3180000,60,259.738,-21711.2,73.9977,0.402373
3195000,69,302.576,-21672.6,71.8038,0.407833
3210000,54,234.162,-21690.7,48.2372,0.3911
3225000,58,254.443,-21720.2,52.0205,0.399
3240000,72,319.69,-21692.3,81.774,0.4098
3255000,67,283.575,-21712.3,59.4986,0.4108
3270000,63,276.236,-21708.9,66.3037,0.4126
3285000,58,254.729,-21700.8,56.2884,0.403
3300000,64,278.064,-21703.7,55.9018,0.4078
3315000,70,294.299,-21703.1,67.3441,0.4052
3330000,60,263.278,-21710.4,42.819,0.3968
3345000,63,281.791,-21692.8,66.9107,0.3988
3360000,82,362.406,-21719,86.0645,0.4084
3375000,41,191.348,-21709.8,32.9589,0.393967
3390000,46,183.927,-21731.7,48.1839,0.384083
3405000,44,194.378,-21716,48.2792,0.3651
3420000,54,226.601,-21687,51.3332,0.400433
3435000,61,254.982,-21715.9,62.1164,0.3984
3450000,69,292.722,-21691,75.6831,0.4018
3465000,54,205.924,-21733.1,57.0272,0.38635
3480000,53,240.186,-21691.3,50.4262,0.398133
3495000,53,228.987,-21701.5,61.6674,0.393867
3510000,68,290.68,-21681.5,47.8211,0.394967
3525000,53,239.703,-21706.2,58.3462,0.415
3540000,42,162.684,-21708,44.9636,0.3928
3555000,56,254.383,-21701,50.3449,0.3846
3570000,48,192.781,-21686,38.091,0.384567
3585000,65,262.636,-21688.7,73.88,0.390433
3600000,51,224.064,-21706.4,40.1476,0.384333
3615000,46,208.627,-21733.9,34.4961,0.37884
3630000,71,294.333,-21691.4,82.7212,0.3857
3645000,60,232.828,-21673.2,63.0327,0.403067
3660000,75,322.075,-21691.2,78.6131,0.40844
3675000,50,214.791,-21733.3,54.9553,0.389817
3690000,53,219.439,-21703.8,50.8888,0.393467
3705000,55,238.055,-21702.2,55.1803,0.4032
3720000,55,227.869,-21717.3,54.8102,0.397667
3735000,77,333.641,-21691.4,74.0268,0.406667
3750000,74,313.709,-21689.7,81.2196,0.409778
3765000,61,257.994,-21712.9,53.7096,0.397133
3780000,90,396.324,-21681.9,87.03,0.409267
3795000,77,344.757,-21678.7,86.6209,0.411867
3810000,56,268.703,-21701.6,60.2378,0.396378
3825000,65,273.504,-21705.5,62.6754,0.389667
3840000,77,320.457,-21676.1,84.1196,0.4008
3855000,52,225.281,-21730.2,56.4926,0.4013
3870000,85,366.684,-21653.5,63.9647,0.417833
3885000,71,289.336,-21690.5,72.8442,0.39285
3900000,65,288.038,-21698.8,58.4963,0.403067
3915000,71,304.624,-21664.3,67.1641,0.412222
3930000,59,260.344,-21719.6,68.5228,0.400933
3945000,77,329.091,-21667.5,95.8769,0.4032
3960000,67,282.863,-21672.5,75.9609,0.406967
3975000,71,317.333,-21683.8,70.1161,0.3972
3990000,53,227.165,-21686.4,53.3118,0.402267
4005000,70,294.375,-21694.7,73.0526,0.4074
4020000,54,233.412,-21702.3,57.3503,0.390358
4035000,82,353.099,-21676.2,83.4416,0.401167
4050000,70,294.236,-21688.1,49.9234,0.406467
4065000,69,297.939,-21688.6,70.2631,0.389867
4080000,73,320.208,-21670,73.6192,0.3968
4095000,67,295.924,-21665.1,47.1067,0.395267
4110000,57,241.614,-21670.7,69.8286,0.397542
4125000,86,381.948,-21669.3,93.9073,0.399467
4140000,89,381.994,-21654.7,108.203,0.413533
4155000,107,449.028,-21670,115.325,0.4162
4170000,99,414.113,-21648.2,95.4123,0.420867
4185000,86,369.542,-21650.8,102.843,0.412733
4200000,78,331.939,-21661.8,74.0957,0.406867
4215000,54,238.874,-21699.8,53.2677,0.392181
4230000,57,249.261,-21697.8,64.1625,0.393133
4245000,79,365.966,-21673.7,83.2309,0.400156
4260000,51,229.857,-21709.3,54.753,0.4048
4275000,81,362.708,-21662.3,88.3076,0.406833
4290000,86,374.951,-21661.2,101.057,0.414467
4305000,92,392.034,-21651,88.696,0.4206
4320000,89,374.556,-21650.8,88.2348,0.413067
4335000,84,373.692,-21655.9,74.2375,0.411333
4350000,44,195.546,-21704.7,32.8122,0.392189
4365000,81,344.223,-21668.4,83.2003,0.404367
4380000,70,305.594,-21680.8,63.3952,0.395133
4395000,86,384.325,-21668.2,98.1175,0.409733
4410000,78,336.189,-21657.4,76.5484,0.403
4425000,70,289.217,-21651.1,64.702,0.399933
4440000,86,375.395,-21670.5,98.7907,0.403733
4455000,61,252.881,-21703.2,50.0784,0.390695
4470000,67,291.56,-21707.4,67.7532,0.401467
4485000,76,336.567,-21677.2,88.872,0.404689
4500000,65,272.986,-21721.2,60.7554,0.404267
4515000,43,178.484,-21736.7,24.0557,0.393889
4530000,59,258.627,-21729.3,61.2801,0.3974
4545000,58,252.689,-21702.7,57.8161,0.399967
4560000,54,218.441,-21700.5,63.3319,0.387
4575000,61,266.787,-21712.7,62.5364,0.394533
4590000,62,268.825,-21706,71.5541,0.3948
4605000,45,187.248,-21723.5,47.2403,0.38867
4620000,54,234.942,-21714,53.3476,0.376067
4635000,75,343.423,-21692,81.5534,0.404489
4650000,67,297.618,-21728,77.0012,0.388675
4665000,54,237.751,-21706,40.8282,0.396067
4680000,55,248.983,-21701.2,59.0748,0.413644
4695000,51,211.783,-21723.6,57.2924,0.387493
4710000,50,224.2,-21694.5,61.8225,0.401167
4725000,53,241.413,-21698.6,47.6874,0.3888
4740000,60,259.838,-21700.6,58.5264,0.380533
4755000,55,239.44,-21714.2,40.4388,0.390267
4770000,55,243.926,-21683,39.3817,0.400244
4785000,48,205.642,-21709.1,54.8442,0.386744
4800000,68,287.971,-21705.2,62.5062,0.386622
4815000,72,308.862,-21713.7,79.0235,0.407133
4830000,63,270.137,-21693.8,50.0622,0.404533
4845000,72,323.032,-21711.6,64.3685,0.3956
4860000,67,286.194,-21701.2,65.5435,0.397
4875000,71,279.692,-21682.4,64.4396,0.409767
4890000,79,327.66,-21706.1,81.9317,0.4002
4905000,74,326.741,-21684.9,82.9035,0.399778
4920000,78,345.828,-21675.3,82.0267,0.414333
4935000,79,346.807,-21665.6,78.0132,0.400533
4950000,84,388.622,-21666.9,84.4305,0.414067
4965000,85,393.418,-21681.7,98.5708,0.413733
4980000,53,232.85,-21682.1,46.8734,0.401295
4995000,57,262.605,-21689.5,51.1462,0.396333
5010000,49,203.95,-21706.8,46.9947,0.394058
5025000,71,323.417,-21701.3,67.854,0.411083
5040000,64,290.698,-21685.2,62.7692,0.4012
5055000,64,265.771,-21707.2,55.6934,0.405467
5070000,50,220.743,-21706.8,39.2354,0.3904
5085000,58,261.159,-21676,66.1146,0.394317
5100000,62,261.15,-21664.1,60.8267,0.3908
5115000,78,332.197,-21656.5,75.1741,0.4042
5130000,76,342.857,-21685.4,76.8888,0.402667
5145000,70,312.907,-21702.8,61.1543,0.399733
5160000,44,183.926,-21720,43.921,0.39072
5175000,49,211.424,-21713.1,58.6116,0.385467
5190000,62,280.068,-21668.6,57.7386,0.397
5205000,53,225.886,-21673.9,50.7905,0.390533
5220000,66,286.876,-21673.1,67.4306,0.3866
5235000,64,283.082,-21732,61.42,0.391067
5250000,72,317.973,-21696.2,58.0282,0.4085
5265000,48,205.926,-21719.1,54.5483,0.3935
5280000,67,304.6,-21693.4,65.5315,0.402267
5295000,61,261.178,-21729.7,56.568,0.393075
5310000,49,219.466,-21688.3,41.5554,0.378022
5325000,76,354.895,-21725.3,88.5874,0.402667
5340000,71,311.219,-21704.3,78.2763,0.414933
5355000,68,268.611,-21739.9,57.0228,0.406067
5370000,65,265.159,-21686.1,61.6616,0.395317
5385000,56,224.451,-21704.6,47.3043,0.387933
5400000,68,299.975,-21690.9,66.0795,0.4004
5415000,54,221.507,-21723.4,50.1145,0.379883
5430000,69,307.877,-21688.6,79.3225,0.3902
5445000,51,214.57,-21723.2,57.853,0.389107
5460000,53,230.187,-21691.3,56.5351,0.379333
5475000,72,328.74,-21694.5,78.858,0.402956
5490000,65,287.67,-21693.5,56.9102,0.418133
5505000,62,244.888,-21718.1,55.5234,0.392689
5520000,76,313.91,-21699.1,76.5316,0.3887
5535000,68,289.903,-21683.5,60.2532,0.412067
5550000,56,255.725,-21708.2,51.9551,0.38621
5565000,64,279.132,-21680,78.4198,0.408167
5580000,68,295.585,-21692.8,67.2554,0.397347
5595000,77,327.411,-21690.2,71.8824,0.408833
5610000,65,281.778,-21688.7,73.8962,0.409467
5625000,71,299.116,-21697.4,78.1157,0.391311
5640000,61,275.644,-21694.6,53.4258,0.399
5655000,63,297.351,-21667.1,50.9156,0.387533
5670000,62,258.191,-21711.7,64.1848,0.395708
5685000,67,295.622,-21712.6,66.4042,0.391783
5700000,53,221.327,-21711.5,56.3797,0.392067
5715000,63,276.365,-21680.4,62.1,0.394433
5730000,54,238.967,-21727.3,44.5832,0.4026
5745000,70,310.051,-21692.4,73.8415,0.406244
5760000,61,259.065,-21693,62.3039,0.385
5775000,71,291.778,-21682.9,75.3926,0.406417
5790000,66,300.124,-21675.7,61.5623,0.388033
5805000,71,308.054,-21701.8,74.4396,0.4113
5820000,55,233.394,-21700.7,51.8707,0.390933
5835000,61,272.239,-21703.2,61.1528,0.396533
5850000,53,236.63,-21687.1,55.0244,0.3908
5865000,61,255.864,-21712,49.977,0.400367
5880000,59,268.151,-21702.9,48.79,0.397067
5895000,51,222.239,-21703.3,53.3279,0.388533
5910000,55,213.497,-21707.3,66.7689,0.387067
5925000,47,191.733,-21740.7,43.6044,0.38679
5940000,63,283.094,-21704.3,73.407,0.407733
5955000,56,232.44,-21729.5,57.1353,0.382533
5970000,49,213.694,-21723,36.3803,0.400067
5985000,51,210.682,-21731,58.0124,0.391
6000000,44,188.499,-21723.5,36.7707,0.392867
6015000,41,172.603,-21734.6,32.2585,0.372667
6030000,63,284.028,-21702.5,60.4501,0.396378
6045000,73,324.771,-21678.5,57.1318,0.390867
6060000,69,297.285,-21690.7,58.9434,0.401467
6075000,60,254.864,-21728.7,54.8859,0.388133
6090000,70,307.16,-21679.5,73.2529,0.3881
6105000,77,325.828,-21676.3,78.1117,0.403867
6120000,71,301.997,-21670.8,68.6982,0.401067
6135000,77,341.033,-21669.7,84.2521,0.388133
6150000,69,295.728,-21683.7,71.9035,0.399933
6165000,60,274.89,-21681.7,48.8283,0.3922
6180000,50,207.034,-21717.3,48.988,0.3792
6195000,49,204.112,-21698.2,45.9835,0.392133
6210000,49,196.706,-21719.5,61.6113,0.3758
6225000,49,210.823,-21692.4,53.7471,0.374333
6240000,60,266.973,-21694.5,48.71,0.384667
6255000,59,265.437,-21707.5,57.4464,0.37828
6270000,50,221.501,-21691.5,45.4712,0.38994
6285000,46,199.114,-21726.6,40.3336,0.387467
6300000,64,263.487,-21705.5,70.6066,0.39385
6315000,46,196.868,-21708.5,41.9888,0.381178
6330000,56,255.541,-21706.9,48.2206,0.3898
6345000,45,194.566,-21720.9,37.2292,0.374267
6360000,45,198.933,-21728.7,34.0843,0.3722
6375000,47,222.935,-21716,51.1152,0.3858
6390000,49,225.416,-21753.8,42.9896,0.374981
6405000,59,249.66,-21699.4,58.9307,0.394867
6420000,60,244.576,-21671.9,65.6724,0.382067
6435000,73,319.071,-21672.8,76.4246,0.394095
6450000,51,213.173,-21699.6,64.4037,0.3903
6465000,59,251.685,-21704.3,59.8533,0.3832
6480000,67,297.73,-21704.1,66.3414,0.393067
6495000,76,325.152,-21707.7,94.0576,0.401333
6510000,54,237.376,-21723.5,67.7235,0.378042
6525000,54,238.178,-21706.7,59.2869,0.388544
6540000,59,258.026,-21711.4,60.9046,0.390267
6555000,63,265.013,-21708.6,65.1027,0.392578
6570000,68,289.247,-21689.8,83.8424,0.39872
6585000,84,367.725,-21686.9,94.2508,0.4012
6600000,82,362.351,-21678.3,72.5958,0.422133
6615000,75,329.56,-21680.3,73.2324,0.410867
6630000,65,292.135,-21676.2,78.6182,0.403733
6645000,47,200.25,-21696.9,48.1647,0.390267
6660000,45,194.172,-21739.4,34.3806,0.393533
6675000,53,227.538,-21728.9,57.0884,0.383608
6690000,64,270.659,-21700.5,61.6483,0.38
6705000,68,300.224,-21709,67.8772,0.402333
6720000,42,173.57,-21731,41.361,0.394
6735000,62,279.799,-21703,72.0116,0.405267
6750000,49,216.269,-21709.8,48.8092,0.391367
6765000,44,193.995,-21710.4,54.8963,0.3911
6780000,55,232.108,-21708.3,45.7611,0.3767
6795000,54,229.909,-21718.4,59.6647,0.38563
6810000,50,227.935,-21703.7,48.876,0.381333
6825000,59,260.902,-21690.1,52.6021,0.389311
6840000,66,291.772,-21713.1,66.6515,0.3986
6855000,65,273.901,-21698,66.2164,0.397244
6870000,88,387.327,-21693.6,69.8287,0.4118
6885000,77,338.933,-21680.2,75.3867,0.416933
6900000,65,271.849,-21704,60.2669,0.409067
6915000,49,202.122,-21706.8,40.1888,0.388858
6930000,56,247.107,-21704.7,64.6,0.3902
6945000,53,237.658,-21713.6,49.9059,0.399622
6960000,57,252.189,-21696.9,56.8564,0.396692
6975000,67,291.127,-21723.8,79.1025,0.395833
6990000,55,244.217,-21713.2,51.6898,0.408933
7005000,45,196.335,-21713,42.073,0.389693
7020000,66,292.45,-21701.2,61.8266,0.4138
7035000,52,226.612,-21695.9,52.135,0.383333
7050000,45,191.403,-21732.3,49.6703,0.394656
7065000,60,277.744,-21686.9,63.5639,0.3948
7080000,56,240.888,-21706.9,43.1684,0.40545
7095000,62,274.236,-21714.9,57.1603,0.3975
7110000,51,216.814,-21740.3,54.4413,0.389167
7125000,51,230.993,-21717.2,56.3159,0.395033
7140000,55,241.481,-21706.8,56.555,0.3984
7155000,66,281.532,-21700.6,68.4895,0.406089
7170000,56,253.924,-21707.6,47.4234,0.4106
7185000,66,297.535,-21699.1,69.8858,0.398
7200000,52,225.61,-21733.2,52.3515,0.390517
7215000,57,251.529,-21690.4,66.8981,0.403467
7230000,60,270.789,-21696.2,68.9355,0.410733
7245000,62,274.534,-21691.2,57.029,0.398
7260000,60,254.873,-21699.9,63.7537,0.403067
7275000,61,253.374,-21724.5,41.8186,0.394917
7290000,55,236.899,-21696.4,61.0971,0.3851
7305000,51,231.29,-21706.7,52.3435,0.393533
7320000,54,238.782,-21716.2,52.4548,0.398933
7335000,51,234.689,-21719.6,51.5182,0.395467
7350000,49,218.803,-21706.6,42.9556,0.381
7365000,62,276.501,-21723.2,53.2501,0.392711
7380000,52,235.798,-21711.6,53.2283,0.390028
7395000,58,238.434,-21700,53.4606,0.407967
7410000,72,319.032,-21697.3,58.2073,0.384533
7425000,45,194.285,-21722.6,36.2543,0.386311
7440000,67,288.447,-21665.4,58.7142,0.391556
7455000,62,274.531,-21684.9,54.7471,0.394933
7470000,52,228.664,-21673.9,63.239,0.399333
7485000,57,239.936,-21688.2,48.4922,0.380267
7500000,67,303.191,-21669.9,61.0983,0.3932
7515000,65,285.305,-21662.9,70.7994,0.407333
7530000,71,309.786,-21665.2,78.6078,0.391333
7545000,66,273.359,-21681.2,92.9454,0.3986
7560000,70,304.931,-21658.6,61.7596,0.412
7575000,63,278,-21674.9,60.5325,0.402933
7590000,58,254.745,-21716,60.8313,0.409333
7605000,62,277.274,-21686.1,54.0878,0.3963
7620000,65,273.272,-21687.4,66.4133,0.400973
7635000,70,311.148,-21706.9,63.672,0.410356
7650000,53,231.807,-21713.3,55.2303,0.405689
7665000,62,283.654,-21737.2,79.0581,0.408067
7680000,62,288.362,-21724.5,60.5975,0.405717
7695000,52,227.89,-21734.1,54.7194,0.4032
7710000,43,191.689,-21716.2,46.5287,0.384133
7725000,58,255.165,-21732.8,56.4783,0.392267
7740000,61,270.396,-21731.1,66.0581,0.408867
7755000,61,251.318,-21738.8,72.317,0.398333
7770000,35,148.942,-21737.6,38.8495,0.389142
7785000,70,323.071,-21692,74.4539,0.393267
7800000,70,304.232,-21678.1,74.9059,0.395533
7815000,60,257.774,-21668.2,47.9805,0.390933
7830000,61,267.987,-21715.8,68.7308,0.39235
7845000,68,311.97,-21675.1,53.4796,0.392433
7860000,62,284.243,-21695.6,81.128,0.407933
7875000,57,250.273,-21697.3,60.5582,0.399658
7890000,53,246.572,-21691.6,41.052,0.3925
7905000,62,270.847,-21697.6,55.2045,0.4021
7920000,58,259.067,-21716.8,50.633,0.395989
7935000,78,331.189,-21696.4,85.8098,0.4073
7950000,76,321.404,-21706.7,78.2031,0.4046
7965000,74,324.499,-21660.5,76.8172,0.399956
7980000,72,316.873,-21674.6,73.0948,0.4136
7995000,50,207.124,-21732.2,42.0203,0.393822
8010000,100,449.671,-21649.6,101.274,0.401233
8025000,81,355.421,-21664.1,77.969,0.4256
8040000,68,305.634,-21668.4,66.7174,0.402933
8055000,59,257.683,-21686.8,51.124,0.387017
8070000,87,382.598,-21673.1,73.6782,0.411633
8085000,87,390.018,-21669,76.1599,0.425533
8100000,79,311.372,-21661,90.8325,0.418
8115000,82,345.064,-21675.9,83.1703,0.4264
8130000,63,284.126,-21675.7,63.7794,0.4078
8145000,68,282.073,-21674.5,66.4879,0.400933
8160000,68,303.619,-21681.8,60.4139,0.409133
8175000,55,235.942,-21728.1,48.2687,0.387758
8190000,73,313.497,-21684.1,70.4512,0.398667
8205000,51,216.637,-21719.9,46.5058,0.3955
8220000,83,365.9,-21686.1,98.4003,0.4037
8235000,70,298.245,-21687.2,88.0583,0.408333
8250000,58,261,-21659.4,68.565,0.382667
8265000,77,329.964,-21677.2,75.1856,0.385133
8280000,75,335.195,-21694.9,77.708,0.403667
8295000,67,283.074,-21690.6,62.0539,0.396997
8310000,66,275.708,-21678,67.7351,0.397133
8325000,71,294.375,-21705.8,64.6461,0.396733
8340000,73,330.236,-21673.8,60.3306,0.403067
8355000,68,298.95,-21710.4,68.5819,0.397113
8370000,76,327.059,-21664.4,82.7516,0.400833
8385000,72,286.509,-21677.7,74.0303,0.408
8400000,87,358.813,-21673.3,96.6902,0.407867
8415000,59,261.072,-21706.5,46.7578,0.405483
8430000,54,241.305,-21690.3,54.252,0.397267
8445000,76,337.372,-21694.7,86.8604,0.392967
8460000,61,258.685,-21705.2,60.1371,0.404283
8475000,59,263.328,-21686.3,73.4128,0.3962
8490000,69,298.027,-21706.2,65.5561,0.387883
8505000,55,240.882,-21707.6,55.7098,0.401933
8520000,58,258.835,-21678.7,66.7286,0.3944
8535000,46,211.404,-21733.2,47.9782,0.4128
8550000,51,229.388,-21738.3,53.0236,0.402467
8565000,62,282.276,-21709.3,76.0841,0.400225
8580000,54,231.901,-21705.1,43.2103,0.398083
8595000,63,267.806,-21735,67.8219,0.394267
8610000,53,235.612,-21721.3,47.6986,0.386
8625000,60,269.388,-21731.1,58.131,0.384867
8640000,57,253.751,-21701.8,54.7643,0.3956
8655000,45,172.224,-21726.1,41.8105,0.382
8670000,47,197.367,-21726.3,41.3358,0.376467
8685000,56,234.761,-21736.2,61.0802,0.396256
8700000,60,275.305,-21756.2,49.321,0.397413
8715000,44,191.14,-21738.9,52.8435,0.405533
8730000,41,181.329,-21730.3,43.5841,0.386378
8745000,47,210.333,-21734.5,41.9135,0.387667
8760000,52,232.063,-21743.8,65.7924,0.390067
8775000,51,205.307,-21750.2,54.8254,0.380724
8790000,51,225.402,-21738.5,43.4738,0.405633
8805000,55,224.935,-21749.6,57.0466,0.3976
8820000,49,198.461,-21718.1,60.2801,0.403378
8835000,40,165.753,-21728.8,32.8814,0.388914
8850000,46,203.427,-21714.2,45.7498,0.388067
8865000,53,234.633,-21731.7,73.5137,0.397433
8880000,61,270.725,-21711.5,74.1865,0.390711
8895000,60,261.211,-21724.5,66.1759,0.392844
8910000,56,250.801,-21726.8,52.7056,0.385333
8925000,57,242.254,-21709.9,66.8004,0.398578
8940000,66,302.97,-21699.8,56.1616,0.397967
8955000,56,229.481,-21689.1,54.7026,0.388333
8970000,68,297.507,-21698,78.14,0.405867
8985000,67,306.269,-21694.9,68.1757,0.398822
9000000,72,307.892,-21684.6,80.7364,0.411
9015000,57,248.814,-21709,58.8884,0.408333
9030000,37,161.764,-21741.8,45.942,0.398539
9045000,54,235.068,-21688.7,46.0964,0.391367
9060000,38,157.951,-21741,28.4558,0.3762
9075000,69,292.9,-21673.2,87.0909,0.387013
9090000,60,245.389,-21704.4,57.8481,0.394467
9105000,65,277.127,-21688.6,58.6559,0.401667
9120000,57,238.191,-21712.3,57.1162,0.398973
9135000,66,278.884,-21695.3,70.6258,0.407733
9150000,52,226.336,-21714.2,61.4969,0.3986
9165000,52,227.534,-21700.1,46.2619,0.389333
9180000,60,270.279,-21703.4,60.8442,0.395467
9195000,62,282.731,-21708.3,55.2752,0.4096
9210000,57,247.246,-21716.3,50.1943,0.391867
9225000,58,244.15,-21721.2,57.6476,0.393067
9240000,59,247.66,-21700,48.8846,0.393133
9255000,55,234.832,-21722.3,55.5874,0.394492
9270000,55,231.73,-21710,56.448,0.4002
9285000,52,225.891,-21716.4,53.5733,0.391748
9300000,47,206.421,-21718.6,50.2953,0.390867
9315000,70,301.832,-21703.2,48.6481,0.4083
9330000,48,201.272,-21736.9,43.7559,0.3925
9345000,68,304.024,-21702.1,73.0171,0.399533
9360000,57,242.534,-21707.7,59.9787,0.407333
9375000,56,248.634,-21707.6,62.0487,0.3902
9390000,51,220.738,-21734.3,56.626,0.3959
9405000,60,265.981,-21705,60.5815,0.404033
9420000,58,243.148,-21718.8,55.611,0.4086
9435000,53,236.181,-21721.3,47.1542,0.406067
9450000,51,223.781,-21721.7,41.6033,0.4083
9465000,49,196.256,-21728.8,54.6833,0.400467
9480000,55,247.695,-21726,47.2174,0.397644
9495000,46,209.197,-21717.6,46.9253,0.400933
9510000,57,239.256,-21742.8,65.9591,0.399344
9525000,53,227.391,-21727,54.9819,0.398467
9540000,54,235.536,-21722.9,44.6302,0.396067
9555000,49,199.129,-21728.7,49.4663,0.397483
9570000,48,207.247,-21701.9,45.1979,0.379333
9585000,55,226.381,-21739.2,75.0388,0.394933
9600000,59,264.465,-21722.6,49.432,0.386167
9615000,59,243.342,-21735.6,56.496,0.384387
9630000,51,211.423,-21732.3,51.4557,0.393022
9645000,60,261.926,-21734.6,54.3413,0.386667
9660000,67,289.085,-21727.5,55.6471,0.40245
9675000,59,262.514,-21719.9,50.0938,0.421333
9690000,64,282.219,-21730.2,51.5125,0.398933
9705000,51,224.953,-21721,51.9791,0.3953
9720000,55,231.147,-21717,55.7424,0.382067
9735000,58,257.28,-21704.8,68.7435,0.390417
9750000,53,228.856,-21707.9,52.6535,0.388717
9765000,66,285.379,-21704,59.42,0.398667
9780000,67,292.839,-21717.4,60.7059,0.3918
9795000,58,267.624,-21699.8,42.7506,0.4029
9810000,66,292.25,-21713.3,62.0625,0.4032
9825000,61,271.962,-21699.4,60.9661,0.3941
9840000,65,289.389,-21717.2,78.171,0.403967
9855000,57,231.565,-21701.6,71.0579,0.398467
9870000,50,218.893,-21678.8,57.7848,0.401156
9885000,68,313.737,-21686.8,56.5425,0.415933
9900000,56,238.853,-21701.5,63.3919,0.403267
9915000,59,272.03,-21698.9,65.5052,0.390704
9930000,58,253.564,-21697.5,51.0167,0.398
9945000,51,228.572,-21710.7,58.8954,0.390911
9960000,56,232.209,-21696,66.44,0.385089
9975000,67,283.15,-21697.3,67.5145,0.393667
9990000,58,250.524,-21693.4,53.5468,0.388467
10005000,58,236.464,-21676.9,69.4894,0.402973
10020000,49,207.631,-21735.5,47.5174,0.385233
10035000,63,274.653,-21705.3,50.6825,0.392017
10050000,72,302.213,-21661.4,76.6919,0.403333
10065000,73,308.533,-21699.2,76.7443,0.405983
10080000,68,294.641,-21673.9,66.4674,0.398633
10095000,74,303.922,-21676.3,76.9835,0.401267
10110000,60,254.659,-21683.6,59.9372,0.389033
10125000,51,226.068,-21688.5,58.1327,0.3908
10140000,67,288.468,-21690.1,65.8002,0.3954
10155000,64,289.404,-21680,69.7517,0.400133
10170000,59,242.662,-21693.4,74.0008,0.404733
10185000,54,241.148,-21706.1,54.8305,0.38828
10200000,61,264.323,-21693.4,61.8242,0.3945
10215000,55,222.495,-21693,47.3234,0.399867
10230000,49,196.326,-21697.6,36.2297,0.382733
10245000,43,185.18,-21704.8,53.7014,0.37645
10260000,59,235.373,-21691.9,69.1276,0.3811
10275000,63,279.8,-21698.1,55.1101,0.3883
10290000,61,264.739,-21689.3,74.2087,0.403533
10305000,58,254.911,-21682.7,70.9089,0.386533
10320000,59,261.782,-21680.7,48.8026,0.3846
10335000,71,313.81,-21715.1,57.8779,0.391813
10350000,60,257.924,-21690.9,60.0462,0.419867
10365000,52,215.793,-21686.9,56.8672,0.3972
10380000,51,219.267,-21725.3,40.8678,0.388878
10395000,54,235.97,-21713.6,52.5166,0.393578
10410000,60,261.468,-21732.3,73.4653,0.3914
10425000,65,292.071,-21712.8,70.1145,0.407667
10440000,60,265.298,-21710.5,53.8168,0.405311
10455000,52,214.552,-21697.8,55.7799,0.402489
10470000,60,251.189,-21694.6,75.3641,0.3994
10485000,42,180.838,-21712.7,39.2912,0.38785
10500000,55,236.018,-21701.4,64.4883,0.387817
10515000,58,246.421,-21700.1,53.1405,0.388933
10530000,58,245.217,-21694.5,50.9272,0.404133
10545000,53,224.126,-21679.3,46.1326,0.389907
10560000,49,194.644,-21678.1,64.1928,0.371533
10575000,57,237.795,-21690.3,53.5129,0.378067
10590000,76,316.959,-21661,60.6157,0.3936
10605000,76,346.004,-21694.9,69.5376,0.411867
10620000,65,286.5,-21704.3,68.9249,0.396459
10635000,55,262.727,-21692,57.0315,0.392867
10650000,57,247.87,-21708.2,61.5394,0.391867
10665000,60,270.13,-21715.3,60.7007,0.401622
10680000,53,231.98,-21709.5,41.4304,0.394167
10695000,58,238.019,-21705.2,60.2818,0.388089
10710000,45,196.473,-21697.7,37.6037,0.3888
10725000,44,183.895,-21728.2,49.9531,0.390467
10740000,55,225.683,-21706.8,42.2934,0.39025
10755000,54,229.706,-21708.2,58.1583,0.382183
10770000,58,259.34,-21716,58.1729,0.397267
10785000,61,268.766,-21719.5,57.8516,0.402533
10800000,46,197.759,-21705.9,49.5763,0.381033
10815000,53,238.507,-21719.3,55.3755,0.412367
10830000,50,224.418,-21711.3,50.5343,0.396733
10845000,70,308.68,-21704.7,81.2387,0.3982
10860000,73,329.431,-21719.2,62.4488,0.422933
10875000,54,248.833,-21718.6,57.2828,0.386113
10890000,58,237.959,-21680.5,55.845,0.4052
10905000,44,199.391,-21702.3,46.1249,0.381433
10920000,43,190.4,-21738,38.935,0.38295
10935000,64,274.454,-21707,64.034,0.385367
10950000,66,274.877,-21704.4,52.6863,0.396983
10965000,60,257.5,-21707.7,51.3245,0.407267
10980000,78,327.88,-21706,74.5947,0.4118
10995000,63,278.291,-21715.6,65.9542,0.403267
11010000,56,245.718,-21703.4,47.2047,0.4014
11025000,60,261.342,-21702.4,55.5447,0.392556
11040000,64,281.365,-21697,50.9882,0.4113
11055000,51,213.905,-21681.9,42.24,0.386733
11070000,50,224.351,-21719.2,48.4904,0.3944
11085000,46,199.66,-21715,48.1124,0.391952
11100000,56,256.157,-21719.3,49.8128,0.406433
11115000,55,241.996,-21694.4,60.9728,0.394067
11130000,61,277.188,-21706.8,57.5505,0.3949
11145000,54,227.801,-21695,50.2715,0.384333
11160000,48,215.227,-21711.6,39.9325,0.386533
11175000,53,239.096,-21687.9,52.0246,0.400233
11190000,48,220.325,-21699.5,41.0956,0.388167
11205000,51,214.417,-21681.7,38.6386,0.395167
11220000,53,227.486,-21714.7,50.6638,0.3884
11235000,51,233.395,-21710.2,61.464,0.4024
11250000,61,272.627,-21709.6,59.8601,0.390817
11265000,55,243.684,-21696.2,52.509,0.390483
11280000,67,305.682,-21691.7,83.2565,0.4126
11295000,66,294.882,-21707,61.5094,0.407867
11310000,69,309.105,-21708.4,61.0154,0.406867
11325000,59,260.428,-21711,61.133,0.390483
11340000,67,274.939,-21686.2,63.8533,0.4052
11355000,65,288.824,-21712.4,74.1401,0.410733
11370000,64,284.839,-21690.1,66.0985,0.406317
11385000,56,229.755,-21709.6,59.6968,0.397467
11400000,56,234.471,-21711.4,52.6584,0.3802
11415000,49,224.052,-21705.6,46.5782,0.394
11430000,63,290.152,-21669.5,63.9044,0.393147
11445000,66,288.965,-21698.7,54.6042,0.404267
11460000,55,237.758,-21709.3,60.2927,0.385404
11475000,59,254.874,-21701.4,59.9,0.3892
11490000,55,239.409,-21698.7,61.5204,0.389533
11505000,48,206.578,-21708,54.0942,0.397956
11520000,55,237.527,-21691.8,50.7679,0.389233
11535000,62,273.986,-21672.7,65.7008,0.381933
11550000,68,273.083,-21675.9,76.507,0.3934
11565000,70,283.822,-21674.9,62.1507,0.394267
11580000,55,227.995,-21711.3,56.6197,0.375033
11595000,50,212.387,-21682.3,58.5777,0.383
11610000,61,276.16,-21684.1,62.1676,0.394711
11625000,54,233.508,-21702.5,49.931,0.394
11640000,60,244.483,-21679.3,59.2474,0.3872
11655000,47,209.99,-21703.6,55.4083,0.393933
11670000,55,225.942,-21700.8,51.3014,0.392267
11685000,65,286.035,-21689.6,81.9793,0.4024
11700000,61,251.181,-21705.3,68.7091,0.4006
11715000,55,229.334,-21718.5,51.8891,0.402867
11730000,56,248.349,-21701.8,55.6887,0.3974
11745000,50,222.359,-21717.2,50.091,0.377933
11760000,52,228.31,-21708,55.2347,0.4042
11775000,57,238.34,-21697.4,55.1139,0.399067
11790000,73,319.793,-21706.8,84.769,0.406967
11805000,67,280.034,-21687.7,82.3218,0.386297
11820000,58,226.843,-21701.4,75.1572,0.399667
11835000,58,256.785,-21692.8,51.3211,0.419
11850000,59,244.782,-21693.6,58.351,0.400733
11865000,65,273.337,-21701.7,65.7673,0.40768
11880000,56,249.038,-21714,41.3483,0.406086
11895000,53,228.692,-21712.4,54.7104,0.390889
11910000,49,216.209,-21703.7,52.6168,0.407267
11925000,55,227.614,-21692.3,52.4594,0.396383
11940000,53,227.88,-21724.1,50.6922,0.4092
11955000,59,244.661,-21725.9,58.6334,0.402013
11970000,62,281.935,-21705.8,69.9169,0.401733
11985000,62,257.827,-21711.8,68.4819,0.394
12000000,71,311.198,-21683.7,71.9606,0.389067
12015000,47,200.716,-21732,47.8229,0.385883
12030000,44,190.326,-21701.7,55.449,0.387883
12045000,49,215.205,-21729.4,44.5396,0.3858
12060000,61,276.892,-21680.7,47.4689,0.397183
12075000,66,285.356,-21683.3,59.22,0.4084
12090000,66,273.24,-21675.6,60.7122,0.398267
12105000,66,275.807,-21685.4,71.507,0.416133
12120000,61,268.596,-21689.1,70.3845,0.4076
12135000,58,253.992,-21684.9,66.1973,0.408867
12150000,53,222.362,-21703.6,55.348,0.401067
12165000,65,296.306,-21683.5,61.2644,0.385867
12180000,61,271.432,-21685.6,55.0611,0.408933
12195000,64,268.367,-21690.3,71.1385,0.3882
12210000,64,283.93,-21688.2,64.3299,0.387333
12225000,64,286.528,-21690.3,70.3578,0.391267
12240000,52,232.123,-21719.3,50.2323,0.395933
12255000,51,204.229,-21690.1,40.0109,0.376867
12270000,38,169.378,-21741.9,41.09,0.383831
12285000,62,281.735,-21722,64.7311,0.396248
12300000,68,293.241,-21688.5,61.17,0.4074
12315000,52,232.325,-21708.2,46.406,0.397956
12330000,64,290.645,-21692.1,62.5966,0.390667
12345000,63,272.492,-21687.9,61.559,0.395567
12360000,50,221.491,-21691.8,48.1271,0.3992
12375000,54,233.142,-21702.5,54.8811,0.396267
12390000,58,251.579,-21701.6,65.2566,0.403914
12405000,44,203.419,-21719.6,61.2868,0.397667
12420000,65,277.393,-21680.8,57.157,0.403167
12435000,54,236.594,-21683.5,55.7215,0.386933
12450000,61,269.357,-21704.2,64.1451,0.385156
12465000,55,238.64,-21734.9,39.9821,0.38472
12480000,55,242.169,-21698.4,50.7143,0.3991
12495000,62,267.842,-21699.8,62.6125,0.390267
12510000,56,268.467,-21705,51.7882,0.394667
12525000,45,203.195,-21727.9,44.8591,0.381917
12540000,56,238.476,-21712.9,52.8489,0.399467
12555000,64,278.058,-21700.7,72.8693,0.389283
12570000,69,291.406,-21705.4,70.0616,0.420067
12585000,51,229.219,-21700.2,54.2936,0.396493
12600000,51,207.439,-21727.8,50.2571,0.387367
12615000,60,266.094,-21692,66.6203,0.400822
12630000,70,324.012,-21698.4,65.1258,0.398289
12645000,56,259.126,-21716.4,55.6995,0.412233
12660000,49,217.633,-21732.4,47.7094,0.3918
12675000,45,186.776,-21722.3,40.7272,0.405333
12690000,57,230.138,-21670.6,59.5305,0.4082
12705000,61,258.356,-21693.3,58.7241,0.384333
12720000,59,255.934,-21690.8,67.0008,0.3854
12735000,58,267.703,-21708.4,64.4139,0.394222
12750000,64,277.374,-21688.9,66.093,0.386617
12765000,54,229.067,-21691.2,50.1791,0.390867
12780000,63,289.521,-21692.1,65.574,0.39505
12795000,62,262.757,-21674,56.7027,0.412867
12810000,58,259.991,-21691.8,60.9122,0.389033
12825000,58,244.474,-21701.3,56.4794,0.403733
12840000,46,187.861,-21719.9,43.2943,0.388947
12855000,61,244.308,-21712.5,68.7139,0.406733
12870000,53,232.391,-21704.4,50.981,0.383933
12885000,65,272.861,-21712.3,59.227,0.391956
12900000,67,284.774,-21700,71.0476,0.408733
12915000,53,218.781,-21709.8,55.8847,0.408933
12930000,60,255.072,-21692.6,67.0641,0.4081
12945000,54,246.224,-21698.6,69.9265,0.405533
12960000,42,184.616,-21697.3,40.9511,0.370667
12975000,47,211.561,-21706.4,48.7451,0.3692
12990000,46,183.565,-21684.8,41.1949,0.394924
13005000,52,225.162,-21699.5,55.5326,0.3774
13020000,63,272.858,-21702.7,64.817,0.399867
13035000,56,212.991,-21707.5,56.7946,0.384808
13050000,53,231.947,-21710.2,58.6059,0.388693
13065000,51,230.529,-21702.8,45.9729,0.402267
13080000,58,248.248,-21704.8,58.7111,0.376467
13095000,62,284.687,-21706.9,65.0454,0.406067
13110000,60,263.971,-21705.6,57.7231,0.409933
13125000,55,239.686,-21698.3,44.1763,0.392544
13140000,55,249.543,-21704.3,56.2292,0.395611
13155000,54,230.437,-21710.8,49.9818,0.378733
13170000,45,187.491,-21699.1,45.0645,0.389933
13185000,58,261.046,-21679.3,64.5203,0.385367
13200000,64,290.404,-21680.5,78.1536,0.391867
13215000,45,199.214,-21691.3,44.5007,0.385867
13230000,50,219.452,-21715.2,50.4074,0.3837
13245000,54,232.356,-21712.3,49.5086,0.388889
13260000,55,242.215,-21716.3,53.7777,0.390667
13275000,57,247.12,-21713.2,62.591,0.403133
13290000,52,233.848,-21705,45.219,0.387947
13305000,54,244.155,-21700.4,52.2164,0.391067
13320000,63,281.273,-21683.8,57.1938,0.396756
13335000,49,222.093,-21722.9,49.9702,0.388552
13350000,66,296.049,-21696.4,71.4915,0.4008
13365000,50,229.035,-21725.4,51.8985,0.396567
13380000,60,268.291,-21689.9,57.5343,0.398067
13395000,71,299.35,-21699.8,74.061,0.409867
13410000,57,253.759,-21703.7,68.4535,0.391444
13425000,61,270.069,-21716.3,60.6075,0.408333
13440000,47,203.815,-21706.2,60.015,0.394363
13455000,60,259.239,-21691.8,58.0359,0.401267
13470000,48,202.436,-21699.7,48.5213,0.391667
13485000,52,221.939,-21706.7,60.9462,0.390067
13500000,61,269.439,-21704,65.9519,0.3904
13515000,58,234.711,-21691.9,56.5871,0.387467
13530000,53,234.677,-21712.5,51.5503,0.390667
13545000,55,240.17,-21732.8,53.1981,0.395467
13560000,51,223.025,-21703.3,48.3237,0.405
13575000,55,243.074,-21692.3,50.7187,0.398433
13590000,50,211.488,-21698.9,55.0581,0.382533
13605000,52,220.847,-21689.6,47.2375,0.388073
13620000,56,231.865,-21717,46.6826,0.385733
13635000,62,261.048,-21701.4,68.0194,0.3888
13650000,68,302.592,-21725.9,68.4218,0.403283
13665000,61,256.699,-21698.6,70.7512,0.389467
13680000,68,293.219,-21690.5,78.6274,0.394533
13695000,56,235.378,-21688.6,46.4378,0.397133
13710000,56,232.167,-21703.7,55.6142,0.397883
13725000,54,235.377,-21705.3,50.8588,0.390533
13740000,67,291.16,-21699,64.2091,0.403733
13755000,55,245.462,-21679.9,55.0623,0.3892
13770000,48,208.236,-21693.3,38.5905,0.370667
13785000,45,194.505,-21687.6,48.4631,0.374467
13800000,48,209.521,-21697.9,42.8346,0.3764
13815000,51,214.368,-21703.9,71.6549,0.389587
13830000,74,322.67,-21688.5,84.0242,0.398833
13845000,42,179.037,-21736.1,39.8916,0.383796
13860000,76,332.442,-21665.5,87.4342,0.416233
13875000,86,376.217,-21677.8,77.9408,0.413267
13890000,89,379.546,-21679.5,114.01,0.409333
13905000,47,203.081,-21738.8,41.2565,0.4
13920000,44,187.761,-21747,46.4906,0.3988
13935000,59,241.659,-21674.3,67.6999,0.403444
13950000,44,178.704,-21744.8,32.4503,0.38663
13965000,64,283.236,-21707.8,58.3328,0.401867
13980000,56,228.597,-21708.6,68.4539,0.3994
13995000,57,253.007,-21718.1,56.2246,0.402667
14010000,59,251.807,-21688.1,53.9333,0.397667
14025000,55,237.318,-21703.6,59.3623,0.396767
14040000,61,277.184,-21697.8,70.0386,0.3892
14055000,57,261.072,-21725,50.1147,0.385748
14070000,76,346.543,-21710.4,75.7518,0.413833
14085000,82,333.76,-21673.3,70.7353,0.403827
14100000,68,295.98,-21667.3,68.9448,0.417667
14115000,59,255.803,-21722.8,52.5938,0.414178
14130000,61,253.142,-21680.7,56.9757,0.4071
14145000,61,252.656,-21685,58.0951,0.3994
14160000,61,266.961,-21675.8,63.7698,0.391267
14175000,66,279.891,-21694.8,68.0593,0.393533
14190000,47,205.689,-21712,40.551,0.393081
14205000,53,236.684,-21699,60.2747,0.379533
14220000,60,274.514,-21670.9,69.1776,0.385089
14235000,61,254.356,-21694.1,68.8182,0.395
14250000,56,240.772,-21702.9,54.6786,0.403778
14265000,47,206.005,-21700.1,57.9093,0.397867
14280000,55,234.27,-21714.2,72.6318,0.390044
14295000,52,205.551,-21700.6,54.66,0.385133
14310000,65,264.613,-21687,71.8126,0.397533
14325000,50,208.755,-21754.9,54.8137,0.385917
14340000,64,281.69,-21692.8,69.5047,0.396
14355000,52,203.998,-21719.5,48.5857,0.404233
14370000,53,229.399,-21725.8,48.7646,0.390157
14385000,38,179.057,-21735.8,38.6536,0.392911
14400000,38,172.177,-21736.3,37.3502,0.3843
14415000,50,214.056,-21719.6,54.014,0.401517
14430000,50,224.906,-21728.8,49.4373,0.3902
14445000,44,182.504,-21734.7,49.3826,0.3908
14460000,55,247.601,-21701.7,53.2798,0.3944
14475000,53,258.581,-21712.1,45.1282,0.371787
14490000,49,220.825,-21716.3,45.641,0.392467
14505000,54,250.696,-21701.8,52.3106,0.388
14520000,72,307.315,-21681.7,75.196,0.3934
14535000,59,255.704,-21670.8,54.5152,0.4034
14550000,68,298.045,-21673,46.3822,0.3982
14565000,63,278.098,-21700.8,54.0118,0.379983
14580000,67,264.14,-21687.4,76.9061,0.395667
14595000,69,299.942,-21691.2,76.8637,0.400567
14610000,76,317.794,-21655.6,80.2064,0.4148
14625000,90,398.417,-21671.8,75.0439,0.416133
14640000,95,422.079,-21665.6,104.186,0.418467
14655000,74,306.79,-21671.5,78.1205,0.401167
14670000,62,276.769,-21674.6,67.1583,0.393867
14685000,60,261.692,-21692.6,65.1867,0.398967
14700000,82,353.762,-21658.3,70.0114,0.4156
14715000,92,395.156,-21679.1,96.9555,0.420933
14730000,76,330.671,-21668.3,70.974,0.4282
14745000,71,319.304,-21675.8,72.2637,0.4244
14760000,83,366.329,-21686.7,70.0276,0.4094
14775000,66,266.037,-21680,59.4271,0.408933
14790000,67,287.656,-21682.8,62.183,0.402867
14805000,71,301.052,-21674.7,72.8597,0.395933
14820000,74,308.748,-21684.6,83.1181,0.4198
14835000,54,212.651,-21724.6,47.3508,0.401967
14850000,46,206.565,-21708.3,51.9104,0.403233
14865000,55,235.556,-21701,62.1315,0.396733
14880000,57,235.655,-21702.5,62.9668,0.39221
14895000,40,172.312,-21713.3,37.9608,0.38095
14910000,59,263.542,-21721.2,74.754,0.399233
14925000,51,221.297,-21710.7,63.4431,0.376467
14940000,51,221.224,-21696.4,53.2492,0.3958
14955000,61,261.339,-21702.8,62.5271,0.398489
14970000,57,244.314,-21702.3,53.7473,0.3904
14985000,51,211.556,-21698.8,54.6526,0.394267
15000000,50,222.361,-21709.9,41.9218,0.391067
15015000,53,221.444,-21727.3,49.5048,0.393533
15030000,52,223.358,-21711.1,57.1417,0.384667
15045000,52,212.702,-21722.4,58.7625,0.4077
15060000,52,213.656,-21733.7,51.8273,0.389533
15075000,57,244.059,-21721.2,65.2127,0.386467
15090000,49,205.516,-21717.3,45.7751,0.4004
15105000,48,205.974,-21714.1,62.2152,0.388585
15120000,55,233.771,-21705.1,46.1152,0.3952
15135000,57,246.845,-21682.2,53.9486,0.394867
15150000,46,192.685,-21704.7,41.6303,0.394213
15165000,70,302.975,-21702.4,82.1461,0.391307
15180000,49,213.789,-21718.5,39.9405,0.3903
15195000,63,283.286,-21709.4,79.1322,0.398967
15210000,60,259.271,-21712.2,49.6093,0.399067
15225000,47,211.618,-21713,42.0801,0.388311
15240000,76,334.455,-21681.1,78.4785,0.394333
15255000,67,285.761,-21685.8,71.42,0.409867
15270000,39,175.732,-21715.9,53.2077,0.388156
15285000,63,271.436,-21675.3,57.0238,0.401967
15300000,46,201.821,-21717.1,51.9298,0.381693
15315000,50,225.204,-21711.7,46.9447,0.392911
15330000,70,301.143,-21729.5,76.7897,0.413267
15345000,67,298.727,-21699.5,68.3001,0.406267
15360000,63,278.476,-21710.6,82.6423,0.385044
15375000,58,241.753,-21702.3,50.572,0.389533
15390000,61,252.312,-21687.1,54.9485,0.390467
15405000,63,275.393,-21702.8,53.0522,0.397533
15420000,72,306.285,-21652.2,73.2328,0.393267
15435000,65,272.688,-21654.6,68.4267,0.384267
15450000,49,203.373,-21709.6,48.5695,0.395867
15465000,50,211.317,-21678.9,44.2217,0.380715
15480000,55,240.191,-21695.9,44.823,0.393911
15495000,57,249.348,-21703.5,51.5865,0.3872
15510000,58,236.027,-21716.9,52.6698,0.398533
15525000,61,244.007,-21706.8,72.915,0.393867
15540000,62,270.415,-21682.9,63.0209,0.390213
15555000,73,313.352,-21666.7,66.9517,0.403933
15570000,47,210.562,-21716.6,40.4151,0.390717
15585000,68,290.528,-21654.8,60.3063,0.408867
15600000,65,300.015,-21669.2,80.4238,0.395067
15615000,70,317.216,-21663.4,70.6619,0.395133
15630000,66,279.709,-21692.2,60.7215,0.393133
15645000,80,325.506,-21671,76.0072,0.404567
15660000,71,299.385,-21674.7,61.9123,0.403867
15675000,66,272.941,-21672.8,77.7905,0.401733
15690000,77,348.541,-21665.2,77.3208,0.410933
15705000,63,267.729,-21711.2,76.6749,0.392627
15720000,63,270.524,-21718.5,53.6844,0.407333
15735000,73,321.789,-21652.6,67.4859,0.405822
15750000,77,320.305,-21680.8,84.315,0.415067
15765000,60,255.909,-21698.2,54.779,0.401067
15780000,57,247.542,-21703.5,67.6436,0.4122
15795000,69,289.831,-21698.1,66.7977,0.40164
15810000,76,345.256,-21684.2,89.2487,0.4156
15825000,76,325.043,-21667.9,57.2497,0.4116
15840000,62,255.742,-21697.1,52.3657,0.409467
15855000,84,354.11,-21676.9,80.1461,0.396333
15870000,52,226.672,-21733.3,49.2656,0.40365
15885000,79,336.874,-21644.8,84.8267,0.416567
15900000,56,242.361,-21725.9,62.8666,0.394867
15915000,86,382.255,-21678.7,77.0991,0.409233
15930000,68,291.39,-21680.3,64.1153,0.418533
15945000,59,242.016,-21684.6,52.219,0.390467
15960000,64,257.283,-21674.1,61.4946,0.3934
15975000,60,258.091,-21689.3,53.4699,0.393333
15990000,46,210.697,-21713.5,49.4438,0.398776
16005000,69,294.202,-21693.2,74.1609,0.3885
16020000,53,221.401,-21701.7,54.1566,0.396633
16035000,50,213.439,-21730.3,60.8796,0.39637
16050000,58,270.324,-21709.5,61.4203,0.394367
16065000,65,284.493,-21693.2,69.45,0.405733
16080000,68,292.821,-21697.7,71.5545,0.4048
16095000,51,215.795,-21726.9,46.9127,0.39755
16110000,56,244.993,-21696.1,64.4861,0.397067
16125000,58,230.61,-21728.9,51.6145,0.4025
16140000,65,275.674,-21677.6,68.3901,0.4009
16155000,68,284.217,-21713.9,65.3348,0.411667
16170000,58,255.106,-21692.9,54.3694,0.393767
16185000,55,247.908,-21724.2,57.6754,0.391667
16200000,55,231.498,-21657.8,54.7066,0.381967
16215000,61,259.012,-21666.7,62.1326,0.3976
16230000,60,265.225,-21689.8,58.7895,0.3896
16245000,55,237.298,-21682.3,47.0226,0.381333
16260000,55,241.345,-21709,37.4686,0.39162
16275000,53,227.885,-21709.5,54.7259,0.3962
16290000,55,237.949,-21709,70.1342,0.392733
16305000,50,226.984,-21743.3,45.0316,0.384908
16320000,58,241.147,-21715.7,67.7131,0.390453
16335000,52,222.458,-21696.2,36.1482,0.393
16350000,63,271.108,-21681,69.183,0.403333
16365000,36,162.369,-21735.2,33.0245,0.391417
16380000,62,246.621,-21688.8,61.5546,0.407533
16395000,62,246.802,-21678,50.3784,0.407667
16410000,67,288.271,-21684,84.4601,0.394178
16425000,67,288.972,-21689.2,67.9599,0.410733
16440000,83,351.136,-21686.6,89.8763,0.417067
16455000,73,300.412,-21712.7,72.4258,0.412333
16470000,69,282.936,-21666.6,72.1627,0.394483
16485000,60,266.767,-21691.6,67.0027,0.403033
16500000,62,265.996,-21679,60.2976,0.394867
16515000,60,269.807,-21666.9,67.4533,0.395733
16530000,59,253.956,-21684.3,61.2544,0.4047
16545000,72,312.75,-21666.5,74.3545,0.398367
16560000,55,233.282,-21690.6,52.85,0.3959
16575000,68,290.769,-21674.4,71.9941,0.396333
16590000,77,333.386,-21644.1,79.3268,0.387467
16605000,65,286.893,-21672.8,69.5908,0.408933
16620000,72,292.377,-21656.6,82.1347,0.407133
16635000,40,175.045,-21737.1,50.6316,0.382215
16650000,65,276.788,-21679,58.0706,0.396333
16665000,56,256.606,-21695.3,64.962,0.388533
16680000,56,246.188,-21694.5,51.2481,0.399667
16695000,53,228.389,-21694.8,55.8884,0.387067
16710000,62,260.514,-21707.5,62.8331,0.396867
16725000,56,217.683,-21669.7,69.38,0.39124
16740000,56,233.888,-21678.9,62.7639,0.397533
16755000,53,215.283,-21699.4,52.6346,0.393533
16770000,69,300.779,-21671,73.1406,0.3937
16785000,72,323.779,-21678.1,71.9615,0.387773
16800000,75,330.72,-21698.3,83.5263,0.410667
16815000,67,289.323,-21692.5,73.8553,0.4037
16830000,71,306.763,-21668.4,67.2811,0.406633
16845000,65,287.827,-21674.3,50.245,0.402333
16860000,62,268.043,-21665.5,56.6626,0.402133
16875000,67,308.831,-21698.4,65.3983,0.3932
16890000,51,208.835,-21703.9,63.3586,0.3882
16905000,67,282.257,-21682.5,64.2434,0.3944
16920000,62,273.032,-21704.7,52.0183,0.392767
16935000,64,286.103,-21700.7,61.6664,0.391233
16950000,59,259.659,-21676.8,54.8987,0.392954
16965000,67,285.071,-21686.6,67.0267,0.383489
16980000,70,309.426,-21675.2,62.7912,0.395433
16995000,78,371.324,-21671.7,84.8175,0.4108
17010000,70,297.999,-21674.3,71.1366,0.413733
17025000,54,236.485,-21679.1,48.3176,0.3872
17040000,63,279.653,-21678,81.6299,0.388267
17055000,59,247.03,-21664.8,64.506,0.393133
17070000,63,268.525,-21679.2,64.6115,0.393467
17085000,63,262.913,-21692.8,58.5683,0.386353
17100000,52,227.065,-21691.9,50.0884,0.3914
17115000,51,212.472,-21695.1,52.8842,0.3802
17130000,62,280.398,-21699,61.8085,0.390933
17145000,54,243.761,-21680.4,59.2995,0.398275
17160000,58,247.683,-21698.3,56.4338,0.3928
17175000,60,267.02,-21656.9,62.8692,0.392517
17190000,65,279.924,-21662.8,54.06,0.3922
17205000,60,253.012,-21668.6,62.5543,0.396933
17220000,58,218.938,-21687.9,69.4196,0.3888
17235000,44,184.257,-21701,37.2168,0.39479
17250000,72,317.184,-21700.1,69.5175,0.390867
17265000,55,240.95,-21703.7,67.8081,0.383767
17280000,57,234.039,-21722.3,54.9829,0.399133
17295000,51,225.098,-21709.7,55.8575,0.406867
17310000,56,239.385,-21722.2,50.6906,0.402717
17325000,52,226.412,-21732.3,52.1658,0.408267
17340000,47,213.43,-21734.6,52.2545,0.392178
17355000,55,239.524,-21721.7,63.9965,0.38645
17370000,64,282.987,-21730.6,45.2593,0.411567
17385000,67,286.815,-21715,67.0108,0.407867
17400000,56,237.756,-21697.5,52.3313,0.399133
17415000,60,245.651,-21720.6,64.544,0.403067
17430000,65,283.631,-21705.5,66.31,0.4001
17445000,55,223.184,-21700.4,45.3009,0.4018
17460000,43,190.533,-21708.9,33.1279,0.403526
17475000,48,203.588,-21713.9,43.9897,0.386
17490000,41,181.311,-21708.3,53.1488,0.388517
17505000,44,192.413,-21739.4,52.5867,0.388333
17520000,50,202.361,-21742.9,65.0412,0.382333
17535000,51,215.133,-21747.9,57.5837,0.374233
17550000,49,216.897,-21733.1,42.4173,0.387867
17565000,43,198.25,-21695.5,46.075,0.378
17580000,57,249.466,-21709.5,56.6468,0.395967
17595000,55,229.79,-21691.2,48.9473,0.3802
17610000,51,220.546,-21721.2,45.6469,0.384567
17625000,60,240.946,-21706.5,59.5093,0.3864
17640000,62,273.573,-21694.8,69.7456,0.3888
17655000,39,163.537,-21734.5,29.0848,0.390926
17670000,61,274.917,-21714.6,69.3408,0.4107
17685000,59,265.014,-21701.6,61.8411,0.39644
17700000,47,199.644,-21713.7,46.3623,0.372044
17715000,63,280.266,-21689.9,54.308,0.399067
17730000,74,328.485,-21710.5,73.1229,0.406489
17745000,63,280.214,-21679.6,52.9786,0.4176
17760000,53,221.083,-21705.2,62.7068,0.393667
17775000,49,198.119,-21713,39.3476,0.3892
17790000,67,295.541,-21681,60.2246,0.3992
17805000,66,289.326,-21670,67.7557,0.399333
17820000,72,319.316,-21668.5,82.5317,0.390067
17835000,73,316.133,-21694.4,70.1255,0.405714
17850000,51,211.28,-21700.2,44.2099,0.391613
17865000,61,281.525,-21712.9,55.6575,0.4079
17880000,62,272.265,-21692.7,69.0576,0.406317
17895000,49,214.796,-21701.2,50.0204,0.3957
17910000,69,292.795,-21675.3,69.6673,0.385033
17925000,60,271.746,-21666.4,59.1708,0.393933
17940000,48,198.22,-21718.9,52.7504,0.396733
17955000,73,337.777,-21675.8,72.4905,0.385533
17970000,67,297.504,-21667.7,76.4265,0.4004
17985000,76,322.342,-21689.6,81.1917,0.409267
18000000,78,341.536,-21685.5,73.8383,0.417667
18015000,53,231.322,-21703.3,52.2144,0.4
18030000,64,272.96,-21695.2,67.0871,0.403133
18045000,43,169.965,-21722.8,55.8473,0.383144
18060000,58,253.085,-21676.4,54.7519,0.402767
18075000,69,307.68,-21681.9,74.2677,0.403533
18090000,71,313.957,-21696.1,75.5642,0.386433
18105000,68,310.999,-21709.6,62.7172,0.405933
18120000,63,266.944,-21694,50.2902,0.389773
18135000,59,255.182,-21679.7,53.0193,0.401267
18150000,58,251.133,-21699.8,51.8681,0.395067
18165000,64,273.159,-21720.1,61.696,0.4079
18180000,57,238.445,-21714,55.0529,0.39621
18195000,60,248.119,-21706.3,62.2198,0.394022
18210000,58,241.181,-21696.1,65.3052,0.390067
18225000,60,276.287,-21689.5,44.9087,0.412883
18240000,68,296.068,-21693.3,70.4777,0.412733
18255000,49,203.74,-21687.7,44.6659,0.392
18270000,48,205.682,-21684,43.6089,0.388422
18285000,57,252.364,-21700.4,64.1515,0.376667
18300000,52,216.579,-21718.2,40.1263,0.3951
18315000,49,223.095,-21710,48.1673,0.3966
18330000,54,230.807,-21695.2,53.5735,0.393256
18345000,58,236.52,-21700.9,53.1564,0.3976
18360000,40,166.236,-21718.1,31.9672,0.382467
18375000,50,209.953,-21707.3,51.131,0.379533
18390000,49,208.541,-21718.9,43.8856,0.378533
18405000,57,244.372,-21704.6,51.2336,0.386
18420000,66,270.099,-21717.4,70.2586,0.3924
18435000,65,291.063,-21684.7,57.3515,0.399644
18450000,62,267.635,-21699.8,70.7521,0.397067
18465000,62,261.37,-21717.5,55.6844,0.405889
18480000,55,239.162,-21715.4,64.0825,0.387467
18495000,54,225.574,-21688.1,53.9087,0.3941
18510000,47,196.168,-21707.7,38.1995,0.389514
18525000,56,238.55,-21724.3,55.3112,0.393933
18540000,36,159.71,-21748.7,47.4993,0.387317
18555000,55,235.878,-21727.1,48.2582,0.3971
18570000,66,298.685,-21703.9,81.0424,0.3996
18585000,54,244.807,-21706.1,43.2538,0.395267
18600000,41,181.763,-21717.3,46.7251,0.379567
18615000,56,251.463,-21722.1,65.8998,0.384676
18630000,57,247.28,-21706.1,65.5867,0.382756
18645000,47,201.244,-21707.2,43.6869,0.404167
18660000,56,234.591,-21690.2,53.0124,0.388267
18675000,59,258.274,-21700.3,60.0125,0.401267
18690000,45,193.002,-21708,62.2352,0.3898
18705000,48,206.653,-21709.8,60.4222,0.39212
18720000,45,188.368,-21703.5,51.8761,0.38772
18735000,43,190.527,-21732.3,46.5572,0.382133
18750000,47,199.17,-21701.5,49.2676,0.390733
18765000,52,221.658,-21691.2,60.6978,0.383367
18780000,60,247.872,-21691.2,64.5956,0.381667
18795000,57,234.518,-21693.3,49.8882,0.388267
18810000,55,235.887,-21696.2,49.1477,0.3842
18825000,58,255.511,-21694.5,49.3285,0.387867
18840000,65,291.006,-21701.8,51.2867,0.4026
18855000,65,266.431,-21681.3,49.1416,0.395233
18870000,69,286.911,-21705.1,71.4099,0.395267
18885000,44,182.85,-21724.7,36.4248,0.392733
18900000,55,240.329,-21664.9,58.4633,0.397533
18915000,64,252.004,-21671.4,68.1257,0.394067
18930000,45,188.647,-21710.1,41.1469,0.403233
18945000,54,233.482,-21688.7,53.3724,0.39
18960000,65,283.128,-21674.7,56.2944,0.389244
18975000,64,295.797,-21668.1,60.751,0.395733
18990000,50,203.173,-21681.7,44.4198,0.3878
19005000,62,293.81,-21678.3,64.7758,0.404233
19020000,51,212.967,-21693.5,37.6202,0.397167
19035000,62,261.067,-21705.9,67.0423,0.390133
19050000,50,209.821,-21710.4,54.8497,0.386861
19065000,64,267.258,-21688.5,63.84,0.3995
19080000,67,294.661,-21673.4,76.7825,0.395133
19095000,63,267.12,-21696.2,65.8672,0.406133
19110000,53,230.86,-21683.5,53.0111,0.389133
19125000,64,262.349,-21708.2,69.4453,0.4028
19140000,66,292.553,-21715.5,75.149,0.400633
19155000,71,338.436,-21718,70.8626,0.414733
19170000,56,241.065,-21720.3,50.6283,0.4118
19185000,49,200.476,-21690.8,59.5274,0.388467
19200000,51,212.999,-21724.4,50.8128,0.381
19215000,55,241.554,-21735.9,77.1316,0.386333
19230000,47,197.224,-21710.9,42.1141,0.3976
19245000,52,217.045,-21709.6,46.6685,0.3822
19260000,57,234.488,-21693.4,54.9741,0.394767
19275000,61,266.036,-21728,55.8124,0.401533
19290000,74,316.393,-21705.8,68.1522,0.411567
19305000,65,291.616,-21710.1,62.2919,0.411467
19320000,72,311.767,-21714.1,75.6332,0.4064
19335000,59,253.098,-21709.1,64.496,0.41
19350000,46,197.188,-21704.2,58.5784,0.392933
19365000,54,245.914,-21709.2,52.0209,0.380067
19380000,43,181.197,-21721.9,31.9456,0.395686
19395000,49,209.916,-21700.9,57.4966,0.385667
19410000,50,212.885,-21728.2,46.8684,0.388667
19425000,63,267.414,-21709.4,73.6906,0.404667
19440000,61,278.094,-21718.1,64.006,0.418133
19455000,54,237.738,-21710.3,63.1683,0.391747
19470000,52,221.584,-21704,56.0934,0.396683
19485000,52,237.331,-21714.5,47.3814,0.4034
19500000,58,238.606,-21689.4,48.3858,0.392367
19515000,66,270.475,-21679.3,66.1028,0.383
19530000,59,250.009,-21703.9,65.0697,0.3954
19545000,63,271.821,-21714.9,55.7134,0.398276
19560000,56,249.506,-21697.1,52.7445,0.39232
19575000,62,269.517,-21721.1,59.1048,0.397133
19590000,70,319.485,-21718.2,74.432,0.4036
19605000,56,242.115,-21727.1,77.4485,0.4124
19620000,68,295.609,-21696.7,70.7049,0.398967
19635000,66,297.032,-21697,64.7448,0.4028
19650000,59,269.249,-21689.4,57.151,0.397333
19665000,60,250.157,-21707.3,79.8737,0.394867
19680000,48,206.1,-21698.8,55.0163,0.38426
19695000,52,220.788,-21702.6,60.5258,0.388333
19710000,50,223.068,-21711.7,58.5595,0.3954
19725000,55,247.049,-21699.8,54.803,0.386067
19740000,55,220.649,-21706.2,58.3226,0.38843
19755000,49,212.423,-21693.7,46.1467,0.386489
19770000,60,256.243,-21701.7,56.4251,0.386267
19785000,48,199.66,-21686.1,45.2863,0.3808
19800000,51,213.861,-21715.4,52.3388,0.393133
19815000,58,239.365,-21702.9,54.2119,0.375067
19830000,52,217.683,-21697.3,46.7517,0.385867
19845000,50,226.642,-21690.1,53.682,0.376189
19860000,57,247.793,-21682.8,58.9472,0.392533
19875000,60,266.082,-21697.9,64.0678,0.411667
19890000,67,291.345,-21696.9,61.4409,0.407933
19905000,66,300.217,-21700.7,72.6753,0.393886
19920000,62,262.888,-21697.1,58.0538,0.384827
19935000,59,256.484,-21686.9,65.1729,0.401311
19950000,63,252.029,-21685.7,64.8971,0.390033
19965000,68,301.603,-21684.7,68.0527,0.3978
19980000,64,276.058,-21683,54.7632,0.391733
19995000,55,234.602,-21681.9,51.5776,0.396067
20010000,58,242.133,-21681.5,60.7966,0.3884
20025000,55,220.575,-21693.8,48.8792,0.390267
20040000,55,240.629,-21703.2,64.4839,0.388519
20055000,59,262.302,-21682.4,66.9024,0.403067
20070000,60,259.397,-21703.5,61.5851,0.380933
20085000,60,262.619,-21701.5,49.2343,0.398617
20100000,64,299.288,-21709.8,57.7307,0.3931
20115000,55,230.088,-21681.2,51.1756,0.389304
20130000,54,239.96,-21691.1,40.307,0.382333
20145000,53,246.492,-21691.5,54.952,0.388867
20160000,65,273.198,-21697.4,65.6145,0.40536
20175000,64,289.303,-21688.2,67.0399,0.383633
20190000,46,192.804,-21694.1,46.0207,0.394689
20205000,55,236.611,-21676.9,37.7901,0.380033
20220000,61,254.887,-21688.4,65.7241,0.395533
20235000,52,230.373,-21685.3,62.4,0.3954
20250000,51,219.446,-21719.4,54.0581,0.392717
20265000,46,201.438,-21694.6,46.2202,0.3748
20280000,77,333.61,-21690.9,76.4083,0.398983
20295000,57,259.308,-21702,49.9717,0.401667
20310000,47,204.973,-21686.4,44.7234,0.383267
20325000,47,193.585,-21721,57.1339,0.3916
20340000,50,210.401,-21707.3,48.9952,0.3729
20355000,66,283.965,-21724.4,62.2493,0.392917
20370000,55,246.925,-21707.3,60.4227,0.383433
20385000,57,247.328,-21718.4,61.6967,0.409533
20400000,59,266.255,-21704.2,59.1723,0.403867
20415000,63,260.4,-21683.7,53.1167,0.384867
20430000,59,255.67,-21670.1,57.4084,0.3824
20445000,52,220.492,-21702.8,53.0541,0.386956
20460000,58,245.224,-21696.2,52.6244,0.390733
20475000,57,234.821,-21690.1,52.6294,0.401467
20490000,56,245.331,-21697.4,44.1241,0.398867
20505000,63,271.237,-21737.5,70.6505,0.389611
20520000,53,233.404,-21704.2,66.7977,0.39272
20535000,54,239.704,-21709,49.9477,0.395333
20550000,46,192.823,-21684.9,48.5963,0.39055
20565000,66,289.383,-21692.4,72.8887,0.383233
20580000,62,279,-21684.7,59.1501,0.389933
20595000,55,237.144,-21709,48.7289,0.389256
20610000,65,276.843,-21692,62.0417,0.4076
20625000,56,239.078,-21703.1,51.1317,0.400267
20640000,84,382.112,-21689.8,78.9176,0.415367
20655000,84,363.68,-21658.7,76.6508,0.419533
20670000,81,364.961,-21651.8,81.3536,0.423
20685000,68,300.984,-21690.6,71.5583,0.401815
20700000,62,258.095,-21685.3,61.1152,0.397467
20715000,73,320.108,-21671.9,82.04,0.412333
20730000,38,169.661,-21734.4,29.4163,0.395762
20745000,56,253.657,-21701.1,61.2552,0.3989
20760000,50,221.203,-21702.2,52.5242,0.3808
20775000,48,217.224,-21702.4,43.718,0.381733
20790000,57,257.514,-21708.3,48.8055,0.385356
20805000,49,215.144,-21712.6,41.7013,0.399133
20820000,66,305.689,-21685.2,71.3325,0.387778
20835000,48,198.42,-21718.1,52.5424,0.373848
20850000,57,227.737,-21705.9,55.0306,0.3812
20865000,66,293.236,-21702,78.8632,0.390378
20880000,77,355.728,-21684.6,75.4576,0.4024
20895000,64,290.946,-21682.8,56.9387,0.394933
20910000,57,248.897,-21698,60.2156,0.396724
20925000,62,260.593,-21696.2,54.8134,0.3921
20940000,61,269.692,-21718.9,65.8267,0.392856
20955000,64,282.533,-21678.2,48.2442,0.403667
20970000,67,295.678,-21685,69.1893,0.412
20985000,60,247.949,-21679.7,61.0002,0.395817
21000000,68,293.826,-21679.8,82.4466,0.399133
21015000,62,277.39,-21683.4,68.2332,0.392267
21030000,69,301.49,-21697.9,69.3405,0.407667
21045000,70,293.936,-21694.5,66.126,0.406867
21060000,54,231.031,-21678.4,64.8173,0.401133
21075000,59,246.485,-21715.4,45.7116,0.393533
21090000,48,207.362,-21694.7,41.2777,0.384033
21105000,54,235.942,-21705.9,42.3114,0.393764
21120000,68,311.136,-21690.9,70.4917,0.3943
21135000,64,284.122,-21698.1,68.0736,0.4104
21150000,51,229.764,-21713.2,54.9203,0.393773
21165000,54,241.748,-21690.3,62.3992,0.3983
21180000,62,277.535,-21700.9,63.6897,0.386
21195000,52,239.15,-21726.4,51.7937,0.402956
21210000,45,217.589,-21727.5,43.5874,0.400511
21225000,42,176.628,-21745.4,57.6101,0.398044
21240000,47,205.492,-21737.3,39.7141,0.391311
21255000,50,221.442,-21718.1,49.6686,0.377
21270000,58,264.632,-21728.4,52.777,0.404467
21285000,64,306.236,-21712.1,64.68,0.3958
21300000,49,209.911,-21714.8,44.4941,0.389233
21315000,49,215.03,-21697,39.7065,0.394
21330000,51,224.593,-21718.9,60.2657,0.402378
21345000,48,202.548,-21717.5,50.1299,0.3973
21360000,47,199.931,-21713.1,42.7406,0.376867
21375000,54,229.638,-21715.5,48.1383,0.4026
21390000,37,161.394,-21743.8,38.1042,0.384655
21405000,52,218.657,-21735,41.975,0.376867
21420000,52,217.972,-21706,61.8848,0.388844
21435000,50,214.549,-21695.3,62.0684,0.391
21450000,68,280.982,-21703,73.7826,0.3978
21465000,64,284.864,-21681.9,68.2832,0.390585
21480000,67,309.556,-21702.1,61.6041,0.402467
21495000,59,251.303,-21695.2,66.8587,0.397578
21510000,54,239.68,-21709,56.3712,0.386686
21525000,68,302.56,-21735.4,61.5734,0.405133
21540000,56,254.701,-21723.9,48.6325,0.3994
21555000,52,224.718,-21723.1,39.3245,0.387867
21570000,49,214.57,-21711.4,61.2849,0.395067
21585000,50,225.86,-21710.8,50.9769,0.379524
21600000,63,276.283,-21722,54.6909,0.389633
21615000,60,277.575,-21725.8,48.904,0.385033
21630000,59,263.71,-21726.1,59.3264,0.419033
21645000,54,239.151,-21708,63.9795,0.389133
21660000,56,243.46,-21725.2,59.4186,0.388352
21675000,57,240.961,-21731.5,70.6342,0.404067
21690000,56,245.42,-21707.7,48.8076,0.403933
21705000,60,265.039,-21708,44.3965,0.395883
21720000,55,239.613,-21699.8,45.7378,0.386067
21735000,54,236.461,-21717.1,64.0954,0.378667
21750000,52,197.559,-21724.5,53.9774,0.403083
21765000,59,249.866,-21720.5,58.8977,0.401367
21780000,55,248.9,-21713.4,64.1314,0.406733
21795000,65,279.643,-21718.7,57.0518,0.4096
21810000,60,266.382,-21713.9,57.3291,0.396042
21825000,67,298.802,-21699.9,63.1635,0.414533
21840000,65,281.264,-21734,71.5022,0.410267
21855000,58,257.12,-21697.9,61.2637,0.392181
21870000,58,253.485,-21722.5,58.5555,0.3997
21885000,58,261.173,-21735,62.028,0.3923
21900000,57,251.024,-21708.3,62.9607,0.402886
21915000,55,248.492,-21699.1,45.4168,0.3905
21930000,55,234.323,-21731.2,41.7325,0.4033
21945000,71,317.77,-21719.4,75.152,0.408311
21960000,60,245.931,-21687.2,58.3741,0.401667
21975000,59,265.803,-21682,56.166,0.394267
21990000,64,284.032,-21695.8,68.2181,0.3934
22005000,49,212.234,-21711.3,40.9882,0.39608
22020000,46,194.302,-21703.8,49.1824,0.3954
22035000,59,279.591,-21707.3,61.7947,0.3966
22050000,48,216.337,-21737.8,54.3723,0.39455
22065000,49,209.858,-21736,56.0343,0.384867
22080000,52,221.876,-21745.3,54.5284,0.390733
22095000,61,250.528,-21693.4,74.3668,0.389072
22110000,59,257.56,-21683.2,53.9105,0.382333
22125000,63,269.74,-21681.6,64.551,0.390933
22140000,72,287.995,-21678.3,82.4924,0.3918
22155000,54,229.615,-21679.8,66.3799,0.397507
22170000,73,302.749,-21705.6,81.1798,0.402674
22185000,62,276.092,-21718,65.9752,0.405178
22200000,67,287.034,-21714,71.2692,0.408267
22215000,58,259.553,-21705.3,59.5187,0.413
22230000,55,227.823,-21718.1,49.8467,0.4056
22245000,46,207.647,-21722,30.7821,0.386167
22260000,56,258.56,-21726.8,41.8889,0.390505
22275000,50,216.981,-21715,45.1321,0.3865
22290000,48,198.965,-21726.2,41.2998,0.393733
22305000,46,185.967,-21715.7,42.2066,0.378333
22320000,53,231.738,-21712.4,69.3628,0.381733
22335000,59,235.907,-21695.4,64.7008,0.3898
22350000,68,297.893,-21707.8,51.893,0.403178
22365000,46,198.54,-21747.5,51.7348,0.3874
22380000,64,275.97,-21710,62.5231,0.411367
22395000,48,206.974,-21684.8,44.7971,0.397067
22410000,57,230.309,-21701,66.3178,0.3974
22425000,64,278.321,-21719,53.5823,0.3944
22440000,54,235.325,-21683.3,68.4039,0.3939
22455000,57,249.837,-21695,77.9584,0.391467
22470000,64,277.101,-21702.2,74.1836,0.4052
22485000,48,202.538,-21702.6,48.5323,0.393492
22500000,58,247.854,-21709.4,50.2667,0.386356
22515000,63,273.968,-21706.1,65.5923,0.399133
22530000,62,260.706,-21705.9,58.7624,0.4046
22545000,58,221.33,-21703.9,67.9069,0.380844
22560000,60,276.881,-21696.3,62.7732,0.408967
22575000,48,208.593,-21691.4,46.4259,0.3964
22590000,53,227.641,-21713.7,56.3703,0.397333
22605000,53,230.823,-21696.3,58.3461,0.397342
22620000,53,237.059,-21699.2,54.4156,0.389833
22635000,50,215.765,-21693.7,47.3974,0.3891
22650000,49,220.107,-21710.7,45.5968,0.392378
22665000,49,196.332,-21697.8,58.3277,0.3852
22680000,56,227.582,-21693.9,53.5993,0.379767
22695000,59,242.166,-21713.8,64.9619,0.402733
22710000,57,261.052,-21681.2,58.7207,0.396544
22725000,56,256.047,-21734.7,51.6927,0.399467
22740000,47,202.867,-21699.6,39.1284,0.3899
22755000,56,232.013,-21709.5,74.2424,0.395267
22770000,57,241.851,-21707.7,59.2147,0.390733
22785000,45,197.621,-21713.3,44.8769,0.3906
22800000,45,201.024,-21708.8,47.7189,0.376333
22815000,57,236.684,-21731.1,58.2662,0.391767
22830000,63,282.517,-21704.3,54.4126,0.387552
22845000,58,255.233,-21696.3,73.5113,0.395067
22860000,49,208.881,-21694.4,62.229,0.3877
22875000,49,219.511,-21702.8,52.4984,0.394767
22890000,53,228.494,-21707.3,53.7037,0.3738
22905000,62,253.717,-21716.6,68.4086,0.402867
22920000,60,237.659,-21691.8,58.2712,0.378833
22935000,60,267.947,-21713.3,59.9469,0.40095
22950000,51,218.357,-21679.6,45.3989,0.403233
22965000,70,301.129,-21673.4,61.9761,0.401933
22980000,51,217.064,-21739.6,50.6707,0.385622
22995000,58,245.801,-21665.4,41.6505,0.401833
23010000,46,206.231,-21725.9,53.7348,0.3907
23025000,60,258.763,-21680.7,46.3308,0.396267
23040000,45,197.501,-21703.3,52.9137,0.389978
23055000,67,300.16,-21687.3,60.9395,0.392533
23070000,57,252.64,-21681.2,49.6196,0.388489
23085000,65,279.545,-21672.3,58.5009,0.400033
23100000,86,359.216,-21697.6,99.8666,0.412533
23115000,73,324.974,-21695.8,73.8182,0.418467
23130000,71,317.4,-21689,71.1508,0.41205
23145000,62,253.995,-21693.5,77.2941,0.412333
23160000,65,276.232,-21701.8,52.2554,0.401
23175000,68,285.575,-21698.2,70.5189,0.405333
23190000,56,246.365,-21715.7,53.6475,0.398833
23205000,50,212.519,-21695.8,56.7561,0.388067
23220000,66,286.102,-21675.8,58.6642,0.406089
23235000,51,210.481,-21716.9,36.5353,0.393649
23250000,61,255.752,-21702.1,55.0167,0.3817
23265000,62,267.039,-21673.6,64.1842,0.390733
23280000,72,301.21,-21654.1,85.224,0.4056
23295000,59,264.58,-21691.7,62.6925,0.386217
23310000,73,308.4,-21686.9,77.5071,0.401667
23325000,69,292.461,-21690.1,53.229,0.410133
23340000,79,328.874,-21671.5,77.7351,0.406133
23355000,67,295.048,-21693.1,67.0766,0.4158
23370000,63,269.703,-21675.8,64.6993,0.400667
23385000,73,300.328,-21664.6,65.8338,0.400362
23400000,68,296.921,-21698.7,78.3495,0.402533
23415000,57,237.289,-21690.7,56.1829,0.399533
23430000,73,315.649,-21693.3,64.5653,0.402867
23445000,66,292.27,-21672.2,57.4837,0.390429
23460000,65,279.435,-21675.1,76.4671,0.408433
23475000,81,353.984,-21680.8,76.4239,0.412467
23490000,73,320.147,-21711.1,84.8922,0.423933
23505000,52,223.628,-21712.3,36.2736,0.400333
23520000,53,243.684,-21707.9,59.0819,0.3964
23535000,49,222.423,-21703.5,47.5,0.3796
23550000,55,231.609,-21702.4,61.9389,0.386371
23565000,60,257.943,-21708.5,50.7357,0.394606
23580000,54,223.557,-21699.1,55.8786,0.404867
23595000,72,294.215,-21697.9,71.2687,0.393267
23610000,56,224.287,-21686.7,52.3763,0.401933
23625000,47,199.05,-21727.2,52.5658,0.389378
23640000,68,285.333,-21677.2,76.2093,0.394033
23655000,71,321.578,-21687,74.092,0.400743
23670000,60,259.715,-21695.8,71.4372,0.4162
23685000,61,266.478,-21686.7,76.8554,0.385783
23700000,55,249.295,-21685.2,57.5487,0.398333
23715000,69,289.97,-21671.4,85.9628,0.40176
23730000,51,224.724,-21705.1,45.4537,0.390067
23745000,46,191.4,-21701.7,57.3963,0.378733
23760000,53,220.482,-21696.9,54.7924,0.387022
23775000,59,270.469,-21702.9,66.2892,0.388933
23790000,49,212.555,-21696.7,50.6604,0.368511
23805000,46,196.92,-21706.7,52.4483,0.376
23820000,46,201.197,-21719.7,43.7159,0.377867
23835000,63,279.102,-21700.9,64.8207,0.37965
23850000,66,298.523,-21705.3,58.5168,0.398467
23865000,57,249.569,-21711.3,55.3695,0.379933
23880000,54,242.459,-21709.1,64.242,0.389467
23895000,57,248.927,-21716.8,55.4355,0.392267
23910000,46,203.036,-21723.4,48.7614,0.380748
23925000,62,261.657,-21702.2,56.5437,0.402133
23940000,67,295.785,-21697.7,71.5369,0.387667
23955000,79,345.437,-21693.1,82.5063,0.398133
23970000,74,310.592,-21682.3,90.4539,0.415
23985000,45,193.818,-21695,34.2305,0.397547
24000000,56,238.851,-21686.1,55.3203,0.3859
24015000,49,220.922,-21732.9,58.5552,0.404567
24030000,83,344.946,-21645.3,84.0147,0.409133
24045000,81,346.237,-21643.5,90.1281,0.3986
24060000,59,247.914,-21718.4,60.7852,0.398689
24075000,44,178.852,-21702.5,45.0175,0.3986
24090000,46,195.285,-21724.7,49.7432,0.388
24105000,55,231.761,-21693.2,63.1965,0.3976
24120000,65,275.127,-21705.3,57.637,0.402133
24135000,65,277.084,-21700.7,72.1322,0.405933
24150000,54,223.166,-21718.6,52.3488,0.39155
24165000,60,248.311,-21706.3,62.4736,0.4126
24180000,64,285.142,-21685.5,74.4681,0.4016
24195000,53,237.464,-21682.8,60.5746,0.386867
24210000,65,280.035,-21695.5,65.9699,0.391533
24225000,67,309.151,-21673.5,63.2638,0.3988
24240000,70,308.146,-21701.6,67.9674,0.412733
24255000,65,287.283,-21711.7,44.5782,0.386581
24270000,52,234.218,-21718.3,53.8603,0.3977
24285000,64,269.366,-21712.8,63.5544,0.394181
24300000,58,250.719,-21706.1,66.3843,0.401333
24315000,50,195.968,-21730.6,45.4867,0.397467
24330000,47,203.369,-21714.6,47.9403,0.393413
24345000,43,183.077,-21722.5,49.1148,0.388933
24360000,53,216.99,-21728.8,58.4025,0.386867
24375000,49,218.029,-21726.3,41.7206,0.400133
24390000,58,248.653,-21719,63.3367,0.385467
24405000,53,238.732,-21719.9,54.3357,0.379987
24420000,51,213.241,-21735.9,46.6694,0.389667
24435000,50,201.497,-21721.2,42.446,0.38855
24450000,60,259.841,-21724.2,63.7889,0.397067
24465000,61,257.705,-21705.9,56.8761,0.409533
24480000,51,222.68,-21711.6,57.1068,0.401144
24495000,56,249.671,-21698.5,51.702,0.392027
24510000,64,271.342,-21709.7,49.5606,0.398267
24525000,45,186.466,-21704.8,58.7476,0.400933
24540000,52,222.209,-21696.1,54.8547,0.3806
24555000,50,214.699,-21716.4,62.9067,0.391111
24570000,60,244.775,-21714.8,57.1397,0.388952
24585000,51,231.101,-21709.3,50.139,0.381889
24600000,52,227.237,-21732.4,55.1381,0.398533
24615000,55,237.507,-21726.7,56.0997,0.390778
24630000,51,226.164,-21713.5,44.1694,0.395013
24645000,59,244.853,-21700.6,59.1147,0.410533
24660000,68,288.569,-21685,57.8434,0.398533
24675000,57,250.573,-21711.2,59.9873,0.398111
24690000,56,232.368,-21694.2,49.0114,0.389933
24705000,52,226.903,-21680.1,59.4516,0.392889
24720000,43,185.046,-21735.7,53.638,0.380425
24735000,43,179.292,-21730.3,48.0524,0.375533
24750000,60,255.83,-21711.6,55.7583,0.389667
24765000,58,254.96,-21698.7,60.1142,0.4074
24780000,54,236.014,-21733.8,50.412,0.4056
24795000,54,240.797,-21731.4,52.5689,0.381733
24810000,40,173.543,-21737.4,47.3585,0.389724
24825000,40,174.563,-21704.9,43.7839,0.372833
24840000,57,239.357,-21732.9,46.8096,0.395467
24855000,51,234.665,-21698.4,44.5893,0.3892
24870000,62,268.934,-21706.8,64.7429,0.384483
24885000,65,284.293,-21684.1,57.9996,0.3937
24900000,60,269.18,-21688,66.1751,0.397833
24915000,73,300.512,-21671.1,69.4779,0.4152
24930000,58,236.487,-21689.9,62.3576,0.400733
24945000,50,214.788,-21723.3,44.7986,0.3958
24960000,57,245.481,-21741.6,46.5275,0.402733
24975000,56,254.188,-21685.9,64.3929,0.397022
24990000,54,231.21,-21710,50.1068,0.407467
25005000,60,256.064,-21717.2,79.0266,0.398133
25020000,51,219.803,-21755.3,58.0987,0.400933
25035000,60,271.169,-21708.6,70.3764,0.401167
25050000,66,288.322,-21703.3,73.8765,0.401853
25065000,47,194.225,-21712.1,49.1103,0.392867
25080000,51,220.379,-21709,46.6028,0.380733
25095000,50,225.255,-21714.2,62.3036,0.395333
25110000,59,247.392,-21685,56.7817,0.389589
25125000,53,225.853,-21721,38.0925,0.386267
25140000,51,222.87,-21715.9,49.7909,0.384147
25155000,52,235.105,-21714.4,46.5057,0.383533
25170000,49,206.104,-21688.4,58.8984,0.3836
25185000,63,254.642,-21681,68.2423,0.39015
25200000,71,302.475,-21678.6,54.1715,0.3897
25215000,60,268.754,-21683.2,54.2937,0.405
25230000,67,312.623,-21695.5,79.0112,0.402067
25245000,59,256.545,-21693.3,75.8094,0.398633
25260000,64,275.014,-21710.4,63.1005,0.3994
25275000,53,241.334,-21716.2,48.4505,0.396
25290000,43,185.909,-21713.3,56.4959,0.385356
25305000,53,233.207,-21699,52.5218,0.393417
25320000,58,244.724,-21717.9,46.8994,0.3868
25335000,63,268.618,-21688.2,73.0968,0.403833
25350000,58,258.81,-21699.8,80.0262,0.414267
25365000,61,276.448,-21709.3,66.0373,0.400267
25380000,60,269.643,-21712.1,55.3698,0.407283
25395000,50,220.817,-21690.8,49.6476,0.393733
25410000,62,282.526,-21716.9,48.8131,0.410444
25425000,52,223.26,-21703.7,44.0794,0.4034
25440000,44,181.499,-21722.1,47.5759,0.4026
25455000,53,237.432,-21712.1,65.8708,0.383
25470000,62,267.196,-21691.1,73.4928,0.39644
25485000,63,294.833,-21692.6,55.4369,0.413267
25500000,82,369.389,-21683,89.0919,0.406067
25515000,90,405.489,-21672.4,105.097,0.421667
25530000,80,349.285,-21673.9,94.3068,0.4096
25545000,80,342.233,-21682,84.6561,0.413333
25560000,74,327.104,-21684,70.765,0.4184
25575000,66,274.636,-21683,74.8361,0.401267
25590000,54,232.118,-21694.2,53.9698,0.403719
25605000,61,264.41,-21674.1,70.2885,0.4011
25620000,63,276.097,-21691.9,71.9663,0.406267
25635000,70,298.082,-21682.8,60.4641,0.409333
25650000,86,363.942,-21682,95.9365,0.424867
25665000,81,331.027,-21674.8,68.9635,0.419733
25680000,62,264.093,-21680,64.3137,0.399867
25695000,70,288.201,-21672.1,61.5924,0.391333
25710000,71,306.456,-21675.4,65.5316,0.403267
25725000,52,237.091,-21691.5,54.7147,0.386113
25740000,64,274.209,-21680.3,74.8713,0.402387
25755000,69,297.979,-21689.8,77.2463,0.403244
25770000,59,271.052,-21685.3,49.1152,0.409667
25785000,67,283.57,-21705.8,69.166,0.40205
25800000,55,226.472,-21682.8,54.8736,0.387733
25815000,55,241.116,-21724.2,59.9181,0.405367
25830000,50,214.688,-21710.9,34.3462,0.4094
25845000,64,275.597,-21701.9,53.2814,0.389778
25860000,62,268.049,-21694.8,67.6109,0.4082
25875000,50,225.713,-21694.4,50.0913,0.393511
25890000,52,230.697,-21694.6,45.689,0.401153
25905000,52,235.42,-21670.4,49.8657,0.380133
25920000,58,251.515,-21710.8,63.1873,0.403117
25935000,49,212.612,-21685.9,56.049,0.387933
25950000,57,241.339,-21684.1,65.567,0.39524
25965000,59,266.695,-21704,64.0693,0.3999
25980000,50,225.94,-21691.6,56.7795,0.4006
25995000,59,258.252,-21687.9,65.8827,0.391733
26010000,58,251.891,-21694.8,53.9298,0.3896
26025000,62,259.339,-21686.6,61.9495,0.402733
26040000,56,246.278,-21685.3,47.4539,0.402733
26055000,57,242.494,-21669.8,58.5109,0.3874
26070000,50,203.379,-21677.9,52.1497,0.386
26085000,46,209.177,-21737,45.8803,0.390719
26100000,61,262.485,-21690.4,66.0681,0.3983
26115000,51,220.421,-21670.5,55.3488,0.387333
26130000,53,226.161,-21696.3,48.3326,0.39
26145000,48,200.038,-21710.8,49.938,0.387151
26160000,68,279.681,-21684.2,68.0566,0.384633
26175000,71,314.931,-21729.3,68.9137,0.388856
26190000,72,302.923,-21681.9,63.4973,0.414967
26205000,74,313.1,-21681,80.1664,0.418467
26220000,70,291.087,-21682.8,68.8408,0.413
26235000,66,298.051,-21671.2,69.8873,0.4074
26250000,45,200.178,-21706.2,47.3962,0.402427
26265000,57,232.173,-21685.4,52.9868,0.3983
26280000,52,223.434,-21699.3,45.1752,0.384763
26295000,52,223.688,-21714,62.6145,0.3874
26310000,50,221.12,-21700.3,62.7569,0.378
26325000,49,225.246,-21707.9,52.0088,0.386067
26340000,53,231.1,-21687,54.1934,0.391573
26355000,63,278.341,-21708.3,46.9738,0.392114
26370000,71,307.083,-21698.1,68.0274,0.417467
26385000,59,250.735,-21677.2,49.4917,0.395956
26400000,71,313.147,-21698.6,71.0758,0.414533
26415000,67,306.189,-21668.2,66.9963,0.402767
26430000,68,287.573,-21671.4,69.2029,0.401333
26445000,68,290.502,-21698.6,61.5077,0.400275
26460000,69,289.267,-21685,63.778,0.413767
26475000,74,321.091,-21682.1,63.2143,0.4146
26490000,56,242.361,-21709.1,47.692,0.404867
26505000,44,174.771,-21732.3,41.6745,0.415581
26520000,83,369.747,-21675.6,86.7331,0.416889
26535000,64,267.264,-21711.5,69.3647,0.401489
26550000,54,232.643,-21700.5,44.6896,0.416267
26565000,67,310.929,-21689.9,58.6655,0.414644
26580000,59,262.331,-21677.5,52.3519,0.392467
26595000,58,249.449,-21687.8,74.0744,0.393533
26610000,42,179.667,-21753.8,36.9709,0.389117
26625000,68,290.001,-21694.8,56.8838,0.392533
26640000,57,237.732,-21702.8,51.2651,0.389133
26655000,46,206.602,-21708.7,46.7292,0.386633
26670000,53,236.73,-21697.9,48.3726,0.3849
26685000,49,207.392,-21706,50.7112,0.3892
26700000,53,225.012,-21697.3,47.1483,0.3886
26715000,51,223.856,-21716.3,60.5681,0.3886
26730000,50,228.693,-21725.6,51.0538,0.387992
26745000,47,204.182,-21701.4,34.0531,0.394533
26760000,49,222.212,-21691.8,48.1335,0.3844
26775000,50,219.237,-21702.9,37.4401,0.391067
26790000,50,208.001,-21692.6,46.0986,0.380867
26805000,56,248.238,-21701.4,46.8553,0.392533
26820000,48,202.308,-21701.9,52.4474,0.38
26835000,33,144.145,-21745.5,36.7126,0.385511
26850000,35,151.302,-21745.9,42.9161,0.362333
26865000,56,251.154,-21696.4,62.677,0.372267
26880000,57,249.922,-21694.9,57.3826,0.386
26895000,58,251.266,-21690.1,52.6744,0.392533
26910000,64,278.572,-21672.1,67.118,0.389733
26925000,64,275.707,-21688.7,61.9368,0.391511
26940000,61,280.401,-21690.1,42.3922,0.3934
26955000,63,277.283,-21687.2,61.9997,0.393533
26970000,60,258.658,-21680.1,57.1083,0.4023
26985000,49,210.017,-21701.2,49.9223,0.3834
27000000,54,237.127,-21695,49.2804,0.385289
27015000,58,245.847,-21694.1,61.6247,0.3822
27030000,53,215.042,-21697.3,59.8562,0.395
27045000,48,216.406,-21688.8,50.4778,0.386711
27060000,54,217.022,-21707.9,56.6401,0.375533
27075000,47,206.504,-21694.6,55.89,0.3827
27090000,53,238.708,-21712.8,63.8882,0.388581
27105000,60,257.617,-21716.8,60.6928,0.399933
27120000,43,182.061,-21734.9,41.7046,0.3841
27135000,51,211.842,-21722.4,44.7522,0.391733
27150000,62,276.153,-21710.2,65.0393,0.384267
27165000,49,222.195,-21703.9,48.206,0.390543
27180000,41,186.714,-21720.4,42.369,0.389147
27195000,58,254.423,-21695,53.9527,0.3878
27210000,63,278.655,-21691.4,63.6638,0.389022
27225000,67,303.852,-21709.5,59.8426,0.412333
27240000,67,302.454,-21728.1,75.832,0.413933
27255000,63,278.139,-21677.3,51.5554,0.393467
27270000,60,274.145,-21694.9,74.4148,0.396133
27285000,49,203.217,-21711.4,37.2961,0.394333
27300000,61,268.568,-21695.9,45.1152,0.392633
27315000,48,216.505,-21722,47.4794,0.388
27330000,65,275.211,-21702.6,48.6093,0.400533
27345000,38,168.836,-21760.1,30.822,0.391144
27360000,58,244.894,-21700.7,69.7693,0.403467
27375000,72,316.272,-21710.9,89.3079,0.4036
27390000,69,286.481,-21711.6,55.1491,0.416067
27405000,63,266.496,-21717.4,60.7323,0.390967
27420000,52,233.905,-21733,66.1897,0.398613
27435000,48,203.366,-21701.8,54.3021,0.394356
27450000,54,235.523,-21712.3,31.638,0.396733
27465000,41,170.465,-21740,40.4897,0.393756
27480000,41,172.906,-21745.6,33.0002,0.3796
27495000,51,215.374,-21745.1,56.5339,0.390711
27510000,42,172.453,-21746.6,36.456,0.367367
27525000,48,197.602,-21708.5,49.2924,0.387
27540000,49,206.986,-21707.9,43.424,0.385133
27555000,66,287.593,-21712.3,62.6652,0.3858
27570000,51,228.249,-21707.8,57.1747,0.389067
27585000,44,185.306,-21704.4,40.3746,0.381133
27600000,53,223.092,-21719.6,60.2742,0.388678
27615000,60,260.707,-21696.9,51.4136,0.3843
27630000,53,226.019,-21715.4,51.4332,0.396333
27645000,51,216.925,-21749,40.0645,0.393333
27660000,47,188.295,-21731,41.4236,0.396133
27675000,54,239.87,-21744.5,56.0336,0.399067
27690000,49,211.017,-21688.8,38.8368,0.386933
27705000,52,229.181,-21717.1,51.5727,0.391133
27720000,53,249.521,-21717.4,51.4366,0.401333
27735000,56,262.154,-21730.3,52.9556,0.398667
27750000,62,274.977,-21690.6,50.5864,0.389933
27765000,56,243.317,-21698.3,47.5038,0.418733
27780000,59,258.304,-21707.3,48.8772,0.395039
27795000,66,285.344,-21699.5,73.8362,0.399308
27810000,71,317.087,-21703.1,78.2831,0.407867
27825000,82,365.009,-21717,86.092,0.419067
27840000,78,344.684,-21706.4,76.4641,0.415133
27855000,71,306.592,-21686.6,63.2544,0.407667
27870000,51,215.745,-21700.6,50.322,0.3912
27885000,61,258.752,-21716.9,63.2203,0.3932
27900000,64,273.611,-21705,66.488,0.4002
27915000,68,291.908,-21701.7,70.5422,0.400733
27930000,67,286.555,-21686.9,76.0957,0.4006
27945000,48,210.464,-21717.1,37.9779,0.397442
27960000,70,320.64,-21716.9,72.0561,0.4018
27975000,47,201.582,-21683.8,54.7527,0.386914
27990000,54,241.123,-21694.2,58.3766,0.3858
28005000,50,209.999,-21699.7,48.2867,0.382133
28020000,52,221.022,-21707.1,55.3934,0.392544
28035000,42,181.208,-21704.2,49.2499,0.376133
28050000,53,233.111,-21712.8,43.6254,0.3816
28065000,46,194.587,-21702.8,39.3147,0.381867
28080000,44,175.572,-21697.4,40.0808,0.3756
28095000,47,207.359,-21691.6,47.3436,0.372133
28110000,58,250.029,-21729.2,52.4826,0.383544
28125000,48,204.452,-21711.9,52.7664,0.384433
28140000,46,206.564,-21704.7,45.9539,0.3933
28155000,62,269.15,-21703.5,62.7982,0.402467
28170000,52,227.097,-21721.4,45.9523,0.380711
28185000,55,229.777,-21727.7,45.9696,0.387156
28200000,53,230.261,-21712.2,52.0532,0.3974
28215000,62,281.615,-21718,56.7574,0.412
28230000,50,216.863,-21728.7,52.2628,0.402222
28245000,53,226.152,-21713.5,50.4809,0.397507
28260000,49,218.398,-21703.6,47.1245,0.378867
28275000,36,163.531,-21733.8,39.3649,0.401
28290000,55,247.884,-21747.9,50.7754,0.388733
28305000,63,281.837,-21689,59.8021,0.388
28320000,59,259.007,-21688.5,57.9929,0.400867
28335000,54,235.761,-21743.7,49.9994,0.38675
28350000,63,271.017,-21697.2,64.39,0.3938
28365000,50,209.447,-21710.8,53.0941,0.402333
28380000,56,245.798,-21709.3,58.4236,0.3915
28395000,58,243.111,-21689.8,52.5209,0.390733
28410000,43,194.606,-21722.9,35.5554,0.38655
28425000,60,266.142,-21699.2,82.4058,0.396467
28440000,61,242.576,-21699.7,54.1107,0.409067
28455000,51,220.996,-21702.1,65.4676,0.405067
28470000,56,250.652,-21714.8,57.0261,0.389
28485000,64,268.395,-21696.9,59.6927,0.406133
28500000,78,356.316,-21703.1,72.0426,0.417533
28515000,56,256.339,-21718.7,55.6877,0.39615
28530000,52,241.197,-21707.9,56.6955,0.395
28545000,51,224.01,-21707.8,52.0711,0.4124
28560000,64,292.239,-21701.5,55.1514,0.41365
28575000,64,278.982,-21713.6,65.4065,0.399933
28590000,44,193.673,-21719.6,46.6555,0.394733
28605000,52,233.126,-21731.7,42.3399,0.408433
28620000,38,162.3,-21735.5,42.7169,0.3702
28635000,58,244.024,-21707.7,61.0151,0.391756
28650000,65,266.434,-21681.9,62.1932,0.393111
28665000,54,242.482,-21700.3,46.7061,0.3934
28680000,55,231.437,-21682.4,54.1414,0.390178
28695000,44,189.061,-21712,43.2878,0.380533
28710000,50,223.472,-21702.4,58.6913,0.374667
28725000,52,218.431,-21700.3,56.6198,0.394822
28740000,56,243.484,-21689.7,56.4668,0.386733
28755000,61,255.739,-21711.5,60.1594,0.3912
28770000,60,257.76,-21706.9,59.2283,0.402133
28785000,55,238.066,-21701,58.912,0.394067
28800000,47,199.786,-21689,52.2805,0.38592
28815000,74,305.301,-21687.3,75.5711,0.395527
28830000,56,233.465,-21686.7,60.6838,0.387333
28845000,55,229.205,-21695.6,58.6934,0.413367
28860000,53,229.652,-21711.7,46.1336,0.399173
28875000,52,226.478,-21704.7,46.7573,0.386556
28890000,54,222.043,-21718.3,55.1002,0.386044
28905000,36,149.15,-21751.1,28.7293,0.392756
28920000,48,194.194,-21721.4,54.59,0.395956
28935000,41,166.444,-21737.3,39.4348,0.375
28950000,48,207.727,-21723.2,46.3716,0.3878
28965000,52,233.371,-21735.8,52.7069,0.3878
28980000,52,231.528,-21699.7,54.0477,0.386
28995000,52,210.666,-21724.1,55.6726,0.388511
29010000,62,288.441,-21712.3,62.3133,0.405733
29025000,44,193.084,-21727.7,51.5518,0.380622
29040000,45,191.917,-21698.4,44.5029,0.373667
29055000,57,256.597,-21730.4,56.8623,0.403133
29070000,59,256.071,-21696.4,52.2406,0.388467
29085000,58,248.129,-21709.1,53.3049,0.4072
29100000,64,272.533,-21687.6,56.4975,0.408933
29115000,65,269.141,-21681.4,88.9796,0.406267
29130000,74,314.494,-21713.3,89.0193,0.398067
29145000,73,324.774,-21691.3,87.2927,0.406033
29160000,77,318.53,-21691,64.4091,0.4104
29175000,82,366.225,-21686.9,69.867,0.408733
29190000,80,345.933,-21689.9,74.6253,0.418733
29205000,64,269.663,-21677.3,65.6481,0.415867
29220000,64,277.558,-21698.9,70.2316,0.401467
29235000,71,310.042,-21717.4,65.3853,0.409733
29250000,52,230.257,-21723.1,48.1082,0.396742
29265000,78,329.752,-21688.8,71.423,0.4167
29280000,50,227.821,-21699,45.6891,0.390307
29295000,56,241.471,-21695.1,52.9963,0.389667
29310000,51,203.774,-21704.9,37.009,0.378
29325000,53,239.029,-21680.7,37.7576,0.394667
29340000,53,248.473,-21690.9,54.6161,0.395787
29355000,51,217.604,-21719.5,55.8076,0.399667
29370000,57,250.205,-21689.6,68.6677,0.401867
29385000,59,253.696,-21665.4,59.2769,0.386217
29400000,62,245.088,-21680,68.1913,0.3999
29415000,53,220.328,-21665.4,54.0673,0.384167
29430000,51,221.885,-21681.3,39.8582,0.3862
29445000,55,240.699,-21684.4,46.7472,0.3808
29460000,43,187.589,-21725.2,41.7753,0.396373
29475000,55,238.54,-21701,61.539,0.387467
29490000,54,237.926,-21691.8,76.4216,0.382333
29505000,45,197.12,-21721.1,44.3473,0.389889
29520000,61,261.55,-21675.2,48.7583,0.386833
29535000,40,179.009,-21731.5,38.6675,0.382067
29550000,53,236.335,-21733.6,51.752,0.404333
29565000,68,303.629,-21696.6,79.3269,0.393289
29580000,52,220.984,-21699.4,55.1713,0.4039
29595000,65,286.97,-21690.5,56.942,0.391
29610000,65,260.303,-21699.3,59.2969,0.3942
29625000,59,249.826,-21688,52.3481,0.383193
29640000,65,278.237,-21706.5,60.0653,0.416233
29655000,69,311.009,-21679.5,58.4773,0.404
29670000,57,253.489,-21685,64.0618,0.402622
29685000,60,258.664,-21669.1,54.5324,0.397533
29700000,66,306.962,-21679.5,68.0168,0.384067
29715000,42,163.75,-21733.8,42.1105,0.392717
29730000,47,192.21,-21722.6,42.5972,0.39028
29745000,55,242.241,-21718.2,42.6896,0.389933
29760000,72,303.939,-21728.1,70.846,0.407
29775000,65,278.418,-21683.2,66.028,0.392827
29790000,67,286.825,-21711.1,83.3995,0.399867
29805000,74,329.44,-21691.7,74.3579,0.422733
29820000,53,214.1,-21672.6,62.0704,0.389378
29835000,53,226.556,-21699.2,54.7373,0.386208
29850000,53,233.576,-21692.5,52.9298,0.378467
29865000,52,213.219,-21735.2,55.0563,0.402283
29880000,59,258.754,-21717.4,72.5183,0.406
29895000,55,235.805,-21710.7,61.3393,0.386
29910000,51,223.331,-21708.4,49.1746,0.3986
29925000,64,278.016,-21708.4,54.6302,0.398144
29940000,68,308.46,-21711.7,79.9412,0.413933
29955000,51,205.035,-21724.3,48.4675,0.394222
29970000,50,216.034,-21698.7,46.0206,0.391633
29985000,45,206.218,-21692.2,39.4702,0.392233
