generation,N_shifts,logPrior,logLik,eventRate,acceptRate
0,0,1.03494,-24238.9,60.6512,1
15000,1,5.48157,-22101.9,1.13203,0.153856
30000,0,1.1556,-22109,0.289892,0.150933
45000,0,0.40888,-22101.6,0.137389,0.153933
60000,0,0.139652,-22101.7,0.921288,0.148667
75000,0,1.18431,-22107.3,0.529817,0.148356
90000,1,6.46831,-22089.2,5.51916,0.149954
105000,2,11.5202,-22071.5,2.63849,0.314133
120000,2,11.0229,-22072,3.41523,0.257756
135000,2,8.74167,-22068.6,4.23409,0.260867
150000,3,13.5639,-22058,3.43684,0.312567
165000,8,35.427,-22036.8,8.94116,0.318567
180000,7,30.8012,-21978.2,10.4447,0.316493
195000,8,32.7522,-21982.9,9.11852,0.317822
210000,7,26.72,-21972,7.05826,0.285733
225000,13,53.4649,-21953.7,14.4313,0.307933
240000,10,44.2444,-21979.4,19.5309,0.320947
255000,10,39.5508,-21944.4,7.40561,0.3216
270000,14,59.6331,-21954,18.4411,0.3244
285000,13,60.676,-21937.3,16.3304,0.3674
300000,19,85.2271,-21931.4,20.1779,0.339867
315000,16,73.9055,-21933.1,16.9533,0.323133
330000,9,35.1147,-21919.8,6.33684,0.314567
345000,13,54.9212,-21912.7,9.41187,0.312733
360000,9,38.6386,-21925.4,9.04972,0.321133
375000,22,100.548,-21870.1,25.6182,0.329267
390000,12,49.0978,-21919.4,12.8206,0.311873
405000,10,40.188,-21917.8,9.97731,0.306711
420000,22,105.026,-21872.6,23.7086,0.361689
435000,27,125.104,-21881.1,25.1174,0.360533
450000,28,110.359,-21865.2,25.1516,0.373533
465000,29,131.73,-21832.8,21.3586,0.3687
480000,37,156.593,-21816.4,40.92,0.400533
495000,31,125.436,-21810.8,28.8275,0.384067
510000,43,193.808,-21805.1,40.2298,0.381111
525000,49,235.288,-21818.2,47.9508,0.388133
540000,40,176.325,-21803.8,32.5278,0.377
555000,49,228.937,-21795.9,45.1304,0.4078
570000,44,203.217,-21791.3,39.6788,0.395067
585000,58,266.915,-21786.7,50.2282,0.409
600000,32,125.587,-21780.3,28.5928,0.384983
615000,48,206.664,-21812.6,46.6011,0.406967
630000,54,235.81,-21810.9,61.7476,0.394267
645000,47,205.171,-21773.6,41.0425,0.393844
660000,50,215.084,-21776.2,47.7544,0.402133
675000,32,131.148,-21760,31.5295,0.382933
690000,38,162.687,-21761.6,37.8828,0.372467
705000,43,192.392,-21735.8,52.415,0.380333
720000,32,132.405,-21833.1,27.108,0.352076
735000,41,189.323,-21790.9,44.8278,0.380676
750000,45,195.528,-21743.6,41.2191,0.394244
765000,45,196.563,-21755.1,39.9694,0.393933
780000,47,209.091,-21756.6,50.6888,0.385933
795000,48,210.401,-21802.6,62.4388,0.393587
810000,35,154.254,-21787.1,28.7781,0.368693
825000,45,206.422,-21743.9,38.2582,0.392711
840000,41,162.134,-21797,37.2615,0.393156
855000,33,158.821,-21804.3,37.2745,0.363356
870000,39,183.339,-21794.2,37.4216,0.3642
885000,40,181.177,-21749.2,33.2927,0.399367
900000,55,231.933,-21741.9,56.2838,0.390067
915000,38,163.336,-21787.5,40.2079,0.392173
930000,59,248.981,-21750.5,58.9249,0.402533
945000,41,173.12,-21766.1,53.9317,0.365293
960000,45,199.07,-21764.9,44.2831,0.374133
975000,43,172.352,-21761.4,44.2834,0.393378
990000,34,146.801,-21779,36.4234,0.381333
1005000,47,200.451,-21752.6,42.4185,0.401078
1020000,55,241.345,-21759.8,51.8398,0.381933
1035000,45,190.782,-21776.6,37.4837,0.382667
1050000,63,270.786,-21762.7,60.7817,0.396633
1065000,56,249.83,-21774.8,65.6625,0.411667
1080000,67,283.007,-21785.3,60.6145,0.410667
1095000,37,152.503,-21798.7,49.408,0.407267
1110000,56,238.375,-21727.6,50.9781,0.391417
1125000,56,245.726,-21721.9,51.6949,0.3968
1140000,53,222.791,-21785.3,50.6054,0.400289
1155000,50,229.482,-21755.7,57.8575,0.391367
1170000,47,202.045,-21776.3,40.464,0.3962
1185000,53,235.75,-21736.2,56.6977,0.3843
1200000,59,261.501,-21750.6,62.1988,0.393333
1215000,52,228.223,-21733.8,41.3416,0.397867
1230000,52,229.739,-21761.9,48.5109,0.393467
1245000,55,219.745,-21754,47.995,0.407667
1260000,49,210.881,-21762.9,49.9272,0.409067
1275000,44,180.717,-21760.8,49.4827,0.384167
1290000,55,240.019,-21762,40.7036,0.392933
1305000,50,202.858,-21756.5,58.8472,0.392333
1320000,55,234.389,-21769.9,60.9589,0.395733
1335000,37,156.797,-21762.4,37.4082,0.387517
1350000,62,262.657,-21756.2,62.029,0.401783
1365000,60,269.259,-21758.8,47.2155,0.407733
1380000,54,224.978,-21781.9,60.0686,0.381756
1395000,58,265.911,-21760.1,69.9134,0.391
1410000,46,204.471,-21767.6,46.561,0.389033
1425000,39,174.86,-21765.2,32.6088,0.379333
1440000,46,190.427,-21773.2,53.6153,0.385658
1455000,38,172.661,-21764.6,40.507,0.3875
1470000,38,163.483,-21788.9,35.4793,0.364667
1485000,56,253.049,-21774.3,60.0959,0.36295
1500000,47,205.774,-21746,28.4392,0.393533
1515000,55,241.598,-21757,43.069,0.383933
1530000,45,202.707,-21746.6,56.5155,0.375067
1545000,51,223.514,-21745.3,55.8105,0.398867
1560000,53,234.712,-21750.5,59.3547,0.381333
1575000,49,211.889,-21747,51.7408,0.3788
1590000,49,213.661,-21743.6,65.3807,0.3868
1605000,55,249.282,-21751.4,55.2109,0.387244
1620000,57,263.814,-21743.6,58.8549,0.402
1635000,54,246.239,-21760.4,54.1286,0.409433
1650000,61,278.107,-21771.4,60.3218,0.411933
1665000,65,292.302,-21729.8,63.9868,0.414333
1680000,38,162.537,-21776.4,41.7228,0.393908
1695000,55,226.335,-21740.1,51.2745,0.392
1710000,46,178.623,-21758.2,42.9236,0.396533
1725000,47,211.993,-21754.4,47.869,0.392656
1740000,68,295.456,-21730.5,66.9289,0.404622
1755000,63,270.404,-21724.8,67.6503,0.404867
1770000,54,244.225,-21763.4,47.7302,0.401783
1785000,59,261.314,-21707.3,65.3716,0.3955
1800000,56,245.992,-21748.9,55.3278,0.403
1815000,63,262.994,-21704,60.9594,0.395533
1830000,71,304.363,-21695,74.2438,0.394133
1845000,50,227.832,-21755.8,58.1681,0.3846
1860000,42,188.199,-21761.2,37.1906,0.386778
1875000,60,247.835,-21714.5,66.6692,0.391111
1890000,63,260.258,-21724.3,64.3753,0.399
1905000,58,229.549,-21725.2,60.4769,0.3938
1920000,45,193.576,-21758.4,45.0827,0.388467
1935000,53,237.134,-21729.7,45.6086,0.3754
1950000,56,252.953,-21761.1,51.8591,0.394467
1965000,57,235.415,-21749.1,72.7364,0.411733
1980000,63,289.388,-21745.4,62.8482,0.401933
1995000,61,262.355,-21748.2,67.121,0.402667
2010000,57,230.545,-21749.9,61.771,0.4048
2025000,64,286.179,-21766.4,64.1896,0.392828
2040000,53,233.855,-21742,46.4745,0.3976
2055000,47,206.582,-21748,43.8877,0.396022
2070000,45,190.968,-21748.8,44.4439,0.368467
2085000,52,215.068,-21744.4,51.3832,0.39208
2100000,42,178.451,-21762.5,47.1758,0.3716
2115000,49,194.234,-21757.5,61.7419,0.395133
2130000,48,208.559,-21742.4,41.3151,0.377
2145000,47,210.69,-21754.4,50.4923,0.382467
2160000,45,210.005,-21789.3,41.2393,0.390867
2175000,48,206.813,-21742.8,54.4269,0.393867
2190000,40,161.753,-21749.2,34.3152,0.384867
2205000,48,210.619,-21757.8,37.9275,0.385844
2220000,58,254.688,-21775.4,50.5282,0.406
2235000,62,273.542,-21746.9,69.0457,0.384156
2250000,57,257.939,-21726.2,52.3443,0.395333
2265000,60,284.583,-21757.3,73.2129,0.396311
2280000,72,312.054,-21726.1,83.8665,0.418867
2295000,57,252.656,-21726.8,45.1417,0.397844
2310000,70,301.642,-21734.3,64.6054,0.4097
2325000,63,262.63,-21703.7,46.6516,0.391267
2340000,65,275.572,-21746.9,57.0592,0.393429
2355000,70,308.037,-21745,76.3922,0.417067
2370000,77,347.623,-21680.7,70.0737,0.403333
2385000,68,300.052,-21708.7,69.7934,0.395933
2400000,64,264.738,-21738,54.6579,0.402422
2415000,48,207.599,-21733.4,50.9355,0.397133
2430000,67,299.276,-21709,74.6345,0.401333
2445000,58,272.088,-21715.5,57.6766,0.3944
2460000,66,288.43,-21721.5,92.2419,0.395733
2475000,71,307.179,-21747.5,62.3542,0.38845
2490000,73,325.017,-21691,88.9625,0.4102
2505000,81,361.456,-21711.2,84.2809,0.415
2520000,77,330.088,-21690,90.9274,0.404667
2535000,88,360.05,-21727.8,69.6629,0.401462
2550000,91,380.77,-21694.1,87.6088,0.400967
2565000,84,379.78,-21697.4,90.0201,0.402667
2580000,60,268.002,-21734.3,60.9357,0.408311
2595000,64,295.183,-21740.2,60.0096,0.395867
2610000,56,251.815,-21717.7,50.2143,0.3994
2625000,66,291.246,-21714.9,81.0187,0.3957
2640000,59,267.643,-21713.8,54.4089,0.396467
2655000,68,301.205,-21725.7,59.0522,0.4014
2670000,61,261.914,-21717.9,62.2272,0.402533
2685000,56,241.679,-21732.9,59.7849,0.400987
2700000,49,224.384,-21715.2,51.2188,0.383567
2715000,48,220.77,-21724.8,49.2602,0.377867
2730000,55,247.935,-21724.1,56.6293,0.395133
2745000,52,219.647,-21721,43.8704,0.394867
2760000,56,241.546,-21714.6,63.7284,0.396933
2775000,51,223.967,-21793.9,39.1703,0.39467
2790000,47,176.329,-21781.8,48.4903,0.406667
2805000,62,278.758,-21717.3,60.0803,0.392844
2820000,56,235.749,-21734.5,59.8036,0.381883
2835000,46,208.152,-21761.2,55.6562,0.3832
2850000,45,204.534,-21759.5,40.1741,0.396867
2865000,46,200.501,-21773.3,47.8448,0.393533
2880000,42,197.343,-21765.2,56.322,0.395533
2895000,48,217.999,-21763.8,49.6171,0.387419
2910000,57,248.073,-21751.2,60.8327,0.394617
2925000,60,265.508,-21746.6,69.8843,0.398733
2940000,52,230.47,-21776.9,52.0247,0.3852
2955000,39,167.39,-21785.1,49.4688,0.396853
2970000,60,256.344,-21734.9,57.6004,0.388422
2985000,48,227.403,-21796.5,51.3928,0.3985
3000000,51,208.971,-21771,44.7271,0.390417
3015000,47,220.426,-21756.8,48.4395,0.409356
3030000,55,235.6,-21760.4,53.1868,0.397667
3045000,47,208.339,-21794.4,49.5791,0.399556
3060000,49,210.89,-21800.8,46.1981,0.398467
3075000,62,270.016,-21747.6,60.7735,0.3926
3090000,58,261.139,-21720.9,71.2468,0.394433
3105000,57,242.55,-21717.6,60.5938,0.3788
3120000,49,202.916,-21731,51.462,0.383467
3135000,56,253.607,-21700.9,67.3919,0.377867
3150000,48,207.125,-21774.5,48.7575,0.395844
3165000,48,205.586,-21741.9,55.7102,0.3876
3180000,50,222.173,-21773.5,47.9816,0.3923
3195000,60,275.133,-21741.5,59.2482,0.399833
3210000,52,211.048,-21748.9,58.242,0.402904
3225000,53,216.841,-21767.2,53.3325,0.3972
3240000,64,278.887,-21719.2,68.252,0.396511
3255000,59,248.299,-21755,57.0433,0.397827
3270000,67,300.738,-21710.3,58.3845,0.413467
3285000,53,233.931,-21763.6,59.4155,0.402083
3300000,70,303.632,-21698.6,83.1184,0.4146
3315000,55,238.069,-21766.1,53.5582,0.420967
3330000,54,241.99,-21768.2,56.4854,0.4058
3345000,45,191.897,-21762.4,48.396,0.3979
3360000,57,247.863,-21728.8,72.5443,0.4041
3375000,69,287.68,-21720.6,88.926,0.4046
3390000,55,236.535,-21735,51.1824,0.403617
3405000,54,234.367,-21714.2,54.4303,0.411367
3420000,46,194.179,-21742.9,54.913,0.385667
3435000,68,307.258,-21717.4,72.8107,0.394244
3450000,55,246.285,-21715.1,49.0158,0.400133
3465000,50,220.404,-21722.7,49.6584,0.387089
3480000,65,293.694,-21751.7,64.1221,0.3983
3495000,58,258.018,-21738,60.2045,0.3838
3510000,55,250.393,-21758.2,67.5155,0.396067
3525000,47,196.201,-21747.4,54.6378,0.394933
3540000,51,220.366,-21732.5,44.5799,0.388333
3555000,47,195.63,-21766.2,47.1525,0.395079
3570000,60,262.521,-21724.6,58.0208,0.379
3585000,51,223.858,-21742.9,53.8034,0.394867
3600000,51,217.537,-21775.8,53.6481,0.396378
3615000,52,227.669,-21750.7,62.4515,0.409267
3630000,57,253.776,-21762.6,58.288,0.389944
3645000,47,208.725,-21749.4,53.0106,0.381033
3660000,57,242.959,-21737.3,53.3309,0.388
3675000,64,299.24,-21694.7,56.559,0.405333
3690000,71,298.622,-21708.1,59.5759,0.4
3705000,67,287.719,-21715.9,70.0795,0.403933
3720000,71,308.83,-21712.5,77.0333,0.3846
3735000,56,242.102,-21717.8,66.6392,0.393
3750000,54,247.926,-21730.8,53.8989,0.3708
3765000,57,250.131,-21764.6,58.9558,0.394733
3780000,63,266.615,-21752.9,49.8384,0.401467
3795000,58,267.511,-21757.1,55.0278,0.410667
3810000,56,249.516,-21763.4,64.0056,0.399923
3825000,44,188.166,-21740.9,45.1859,0.3868
3840000,54,221.803,-21760.5,55.0694,0.399667
3855000,48,202.618,-21731.1,46.886,0.394633
3870000,58,258.025,-21760.7,54.053,0.398076
3885000,50,210.778,-21733.4,50.979,0.3855
3900000,47,201.095,-21739.1,32.9847,0.385067
3915000,45,178.173,-21739.8,46.4578,0.389356
3930000,35,151.911,-21759.5,43.5708,0.366733
3945000,42,183.64,-21757.7,48.2598,0.384
3960000,45,192.253,-21750.9,41.7609,0.380317
3975000,52,223.795,-21753.9,40.0065,0.405867
3990000,43,183.724,-21762.6,45.2606,0.404067
4005000,47,189.109,-21741.7,51.3802,0.393
4020000,61,275.339,-21730.2,66.7646,0.388311
4035000,49,189.198,-21760.7,54.5196,0.3838
4050000,54,226.064,-21737.7,62.5749,0.403933
4065000,42,192.962,-21765.7,43.4738,0.37415
4080000,53,224.083,-21742.2,53.5915,0.377267
4095000,56,235.474,-21746.4,47.4038,0.390533
4110000,57,248.604,-21746.3,58.2973,0.4075
4125000,55,242.376,-21761.5,53.3652,0.405133
4140000,49,205.944,-21748.9,37.0376,0.387333
4155000,46,202.527,-21733.1,45.8564,0.394633
4170000,53,227.316,-21745.1,38.8689,0.388444
4185000,37,156.721,-21742.4,45.1686,0.3846
4200000,52,222.258,-21732.8,55.167,0.379533
4215000,61,251.043,-21723.6,61.5013,0.3916
4230000,43,187.25,-21750.5,51.1043,0.395
4245000,55,231.163,-21728.8,60.1352,0.394433
4260000,45,199.459,-21760.8,47.1544,0.385933
4275000,56,235.05,-21777.8,59.4521,0.404367
4290000,53,211.762,-21750.1,48.8744,0.406467
4305000,54,235.344,-21729.9,56.7889,0.382533
4320000,58,232.168,-21761.4,54.6004,0.388478
4335000,50,225.954,-21750.5,37.5226,0.4022
4350000,55,241.162,-21746.8,47.2308,0.394178
4365000,51,216.342,-21733,49.8961,0.4028
4380000,69,295.329,-21718.1,69.2177,0.402956
4395000,52,218.93,-21760.4,74.4734,0.397867
4410000,49,203.943,-21731.5,50.9331,0.394089
4425000,71,308.984,-21742,67.7027,0.404333
4440000,68,310.412,-21716.6,77.053,0.408683
4455000,76,333.008,-21731.2,83.1125,0.416067
4470000,59,239.113,-21735.7,66.5441,0.4018
4485000,65,272.886,-21729.5,80.6732,0.41965
4500000,67,275.569,-21736,70.5243,0.408667
4515000,68,306.09,-21743.4,58.7026,0.413533
4530000,55,245.916,-21754,47.2004,0.404067
4545000,51,226.596,-21734.4,50.5463,0.399787
4560000,49,202.521,-21725.5,32.4369,0.392
4575000,52,222.249,-21747.4,47.7909,0.3898
4590000,53,233.126,-21753.4,62.6917,0.398333
4605000,46,200.071,-21725.6,59.9426,0.3975
4620000,46,202.755,-21755.7,47.5164,0.374133
4635000,49,214.872,-21754.4,55.0947,0.393733
4650000,48,194.481,-21774.4,44.4454,0.385808
4665000,44,201.668,-21756.3,35.7649,0.3909
4680000,49,211.164,-21747.5,49.2812,0.390867
4695000,65,274.405,-21724.3,53.3216,0.376967
4710000,53,233.33,-21745.7,54.2563,0.4012
4725000,58,253.25,-21729.1,67.9991,0.3964
4740000,59,249.958,-21732.6,72.0844,0.406067
4755000,63,293.389,-21740.8,87.253,0.398567
4770000,57,244.319,-21743.5,48.2837,0.406067
4785000,62,272.526,-21706.2,54.3613,0.396444
4800000,60,260.476,-21731.4,62.4387,0.397867
4815000,66,298.327,-21751.6,58.7452,0.405978
4830000,64,284.715,-21750.2,59.4512,0.412
4845000,58,251.347,-21734.3,66.7417,0.409289
4860000,56,246.203,-21737.2,42.7425,0.4052
4875000,55,248.194,-21700.9,54.2496,0.3992
4890000,60,258.087,-21733.8,63.7871,0.3978
4905000,54,243.794,-21748.4,55.0067,0.405333
4920000,60,246.389,-21746.4,46.041,0.391622
4935000,54,212.557,-21733.3,60.4104,0.412133
4950000,61,276.609,-21718,67.2035,0.407222
4965000,63,249.313,-21739.2,74.8785,0.4026
4980000,39,157.692,-21778.1,39.6153,0.389604
4995000,48,205.454,-21750.6,40.1345,0.399733
5010000,52,217.44,-21745.5,51.6264,0.385067
5025000,54,226.88,-21742.2,51.8125,0.413933
5040000,51,214.49,-21771,54.8388,0.39088
5055000,48,208.934,-21754.7,50.9332,0.368853
5070000,61,269.652,-21742.7,63.0918,0.412233
5085000,49,227.052,-21748.4,52.4574,0.396433
5100000,57,256.424,-21757,55.4633,0.3867
5115000,54,247.672,-21754,59.6552,0.397533
5130000,48,195.094,-21733.4,51.7989,0.385733
5145000,49,213.629,-21740.5,46.5778,0.3854
5160000,52,233.53,-21769.4,46.3568,0.389967
5175000,56,241.455,-21747.6,66.025,0.393
5190000,47,209.843,-21749,40.5667,0.398514
5205000,45,196.723,-21743.4,36.9045,0.401133
5220000,50,224.509,-21736.2,54.7887,0.392467
5235000,50,225.954,-21752.1,44.4202,0.3893
5250000,55,223.565,-21743.3,56.338,0.392767
5265000,42,182.187,-21746.2,34.2622,0.385733
5280000,58,248.599,-21771.1,82.164,0.401811
5295000,44,189.507,-21766.7,41.5531,0.397111
5310000,46,196.623,-21754.5,49.2514,0.367267
5325000,58,254.642,-21748.7,64.1972,0.384533
5340000,49,221.919,-21759,43.5094,0.391983
5355000,43,184.016,-21763.8,38.8209,0.402867
5370000,50,213.795,-21751,60.6751,0.395533
5385000,49,227.606,-21766.4,45.3871,0.396608
5400000,44,188.151,-21741.7,44.9496,0.385787
5415000,49,225.504,-21750.4,56.414,0.389333
5430000,50,216.094,-21783.1,51.2824,0.386133
5445000,56,237.485,-21744.3,61.583,0.381622
5460000,70,322.108,-21728.9,72.5285,0.396133
5475000,61,279.947,-21735.9,57.3273,0.415867
5490000,54,214.787,-21732.2,60.3074,0.3948
5505000,57,248.479,-21719.3,41.147,0.393733
5520000,37,154.727,-21759.2,36.909,0.3992
5535000,67,285.022,-21713.5,59.7086,0.402633
5550000,59,262.433,-21746.4,65.9901,0.410467
5565000,68,290.669,-21743.2,67.4326,0.405889
5580000,59,245.726,-21723.1,51.2772,0.390533
5595000,68,288.059,-21721.2,66.9427,0.3982
5610000,53,221.939,-21752.2,55.5997,0.400817
5625000,66,297.253,-21752.4,52.2156,0.4032
5640000,65,292.509,-21732.3,73.4608,0.408133
5655000,60,265.245,-21719.4,51.7921,0.417467
5670000,51,210.422,-21745,48.3913,0.395133
5685000,55,231.729,-21757.2,57.5044,0.395
5700000,43,189.83,-21749.7,61.5425,0.3983
5715000,38,163.634,-21754.7,41.9169,0.390367
5730000,49,211.202,-21775.8,42.0578,0.399625
5745000,42,172.332,-21758.8,53.7373,0.3756
5760000,47,198.894,-21745.7,52.4543,0.3971
5775000,43,187.689,-21750.3,45.0298,0.384533
5790000,35,152.881,-21757.2,40.8393,0.383433
5805000,67,290.641,-21755,82.5715,0.3857
5820000,67,277.461,-21735.2,69.0854,0.418133
5835000,43,196.654,-21790.4,50.1742,0.399622
5850000,35,152.922,-21801.9,27.969,0.4054
5865000,42,186.625,-21749.8,32.1228,0.404807
5880000,49,210.413,-21752.2,42.4307,0.3906
5895000,57,234.352,-21746.1,59.886,0.401867
5910000,66,281.619,-21776.6,60.1636,0.40085
5925000,45,187.585,-21761.2,44.6326,0.405333
5940000,41,187.445,-21760.5,43.0647,0.4014
5955000,51,218.847,-21761.3,55.3601,0.394033
5970000,45,193.539,-21753.1,42.5005,0.377467
5985000,41,176.295,-21758.4,40.1419,0.388867
6000000,39,171.248,-21768,43.6599,0.388533
6015000,62,258.663,-21739.8,50.2742,0.391322
6030000,65,266.41,-21735.6,63.5477,0.408333
6045000,48,207.511,-21759.3,42.414,0.384947
6060000,50,229.147,-21766.7,51.896,0.3864
6075000,55,228.635,-21750.5,52.3724,0.402111
6090000,49,208.588,-21753.8,49.8466,0.3926
6105000,50,225.177,-21745,52.0634,0.379267
6120000,42,191.446,-21744.2,39.6484,0.391817
6135000,43,185.066,-21746.1,53.7062,0.389667
6150000,62,271.231,-21744.3,71.9933,0.382233
6165000,51,225.54,-21755.7,52.2931,0.4081
6180000,61,256.127,-21728.1,61.1224,0.3922
6195000,55,239.593,-21745.3,61.7819,0.401433
6210000,46,210.235,-21738.5,60.4954,0.391638
6225000,51,232.947,-21738.3,50.357,0.3946
6240000,53,223.993,-21737,54.5586,0.395333
6255000,58,247.086,-21750.8,71.565,0.395467
6270000,53,225.007,-21737,59.725,0.390367
6285000,51,215.493,-21749.5,48.3819,0.397867
6300000,56,249.26,-21753.1,69.53,0.405067
6315000,54,225.121,-21759.3,62.8819,0.392781
6330000,55,221.071,-21733.1,43.4868,0.404333
6345000,48,212.273,-21740.8,39.1139,0.393167
6360000,43,188.251,-21742.6,30.9706,0.388783
6375000,57,237.162,-21753.1,55.8676,0.392356
6390000,47,182.589,-21748.7,40.6914,0.385833
6405000,56,246.346,-21735.8,63.9787,0.396333
6420000,52,220.365,-21761.2,43.4995,0.400267
6435000,55,224.854,-21717.3,52.7255,0.391667
6450000,52,225.634,-21751.2,55.1239,0.39115
6465000,45,197.698,-21748.2,44.9247,0.403956
6480000,47,196.136,-21729.5,44.034,0.397889
6495000,40,179.405,-21759.6,39.5288,0.376044
6510000,42,189.193,-21753.1,39.6014,0.374667
6525000,42,185.713,-21764.1,39.0845,0.378667
6540000,46,201.108,-21746.6,45.212,0.3848
6555000,37,150.083,-21788,49.2055,0.379544
6570000,59,259.082,-21748.5,59.601,0.3908
6585000,51,232.385,-21744.6,47.2596,0.392819
6600000,58,258.611,-21750.2,60.7216,0.3948
6615000,54,224.805,-21744.5,50.5438,0.398067
6630000,65,291.51,-21735.2,59.2195,0.3984
6645000,67,285.046,-21749.8,68.9398,0.407733
6660000,41,179.617,-21761.6,45.3039,0.379914
6675000,61,268.541,-21753.8,71.6601,0.374181
6690000,51,220.523,-21767.1,58.1996,0.3976
6705000,71,316.287,-21778.3,69.0687,0.396333
6720000,61,258.359,-21740.7,60.6801,0.407733
6735000,49,208.787,-21757.2,46.7511,0.395627
6750000,68,290.303,-21750.6,66.7284,0.3951
6765000,51,233.274,-21758.6,51.0837,0.386253
6780000,42,180.017,-21754.6,49.8189,0.382556
6795000,60,255.945,-21734.9,59.2669,0.403289
6810000,66,287.624,-21722.9,61.3115,0.394667
6825000,65,279.76,-21734.7,77.6929,0.4008
6840000,41,178.521,-21779.1,47.9387,0.400333
6855000,66,275.272,-21721.9,64.3446,0.398867
6870000,64,278.959,-21715.5,57.6815,0.415333
6885000,52,232.939,-21770.1,60.458,0.4018
6900000,48,208.032,-21763.8,40.7601,0.3962
6915000,64,271.765,-21734.7,68.6131,0.400067
6930000,58,241.147,-21736.2,62.034,0.393067
6945000,47,194.637,-21775.3,41.7005,0.396178
6960000,58,239.856,-21726.9,81.7635,0.3972
6975000,48,210.673,-21789.1,54.8269,0.392395
6990000,57,233.542,-21723.3,52.0716,0.4023
7005000,51,220.585,-21747.4,57.3641,0.395667
7020000,49,202.976,-21742.6,53.481,0.393933
7035000,40,175.283,-21780,41.0282,0.396233
7050000,55,245.684,-21765.9,63.5273,0.3931
7065000,54,243.058,-21722.3,66.3232,0.391933
7080000,59,264.97,-21751,49.0079,0.4078
7095000,47,216.951,-21761,44.7963,0.409111
7110000,57,249.569,-21757.4,48.8926,0.403867
7125000,37,158.339,-21785,27.6614,0.4023
7140000,60,268.531,-21744.9,71.6042,0.403067
7155000,60,271.556,-21719.5,72.623,0.393378
7170000,47,206.272,-21725.1,41.1849,0.385
7185000,44,191.338,-21734.9,39.3305,0.390667
7200000,56,245.536,-21730,56.2716,0.395067
7215000,63,283.921,-21694.1,65.604,0.399533
7230000,64,279.956,-21709.4,74.8902,0.399333
7245000,37,152.442,-21765.2,35.9946,0.380617
7260000,60,268.187,-21719.8,52.9169,0.392533
7275000,54,232.535,-21753.4,51.8342,0.399233
7290000,41,175.107,-21735.5,40.7251,0.396953
7305000,52,231.658,-21733.5,58.1645,0.3972
7320000,44,193.713,-21749.3,34.6176,0.392
7335000,51,222.371,-21725,37.4638,0.3999
7350000,59,264.048,-21730.6,63.9856,0.390322
7365000,72,310.875,-21720.4,78.8386,0.405633
7380000,72,313.588,-21722.9,78.5066,0.413067
7395000,62,271.7,-21706.2,59.3432,0.416867
7410000,79,365.999,-21719.5,66.815,0.407667
7425000,62,283.409,-21727.1,63.3763,0.395695
7440000,68,293.834,-21726.2,66.4921,0.415022
7455000,62,268.882,-21714.1,59.217,0.400533
7470000,60,271.336,-21716,50.2819,0.399133
7485000,69,300.608,-21739,60.0874,0.404933
7500000,53,240.557,-21714.6,59.3732,0.3872
7515000,52,221.828,-21710.9,71.7882,0.381467
7530000,55,247.642,-21752.7,61.6715,0.400178
7545000,60,260.41,-21711.3,65.238,0.3949
7560000,61,280.977,-21730.8,55.1486,0.387933
7575000,68,287.695,-21725.9,63.3608,0.405467
7590000,66,292.969,-21736.3,68.4376,0.39725
7605000,76,334.128,-21721.6,106.393,0.418333
7620000,63,257.715,-21726.8,57.0941,0.397267
7635000,64,268.836,-21741.2,64.653,0.397333
7650000,60,244.856,-21753.9,64.6279,0.4076
7665000,66,273.083,-21741.2,62.8931,0.4034
7680000,56,240.967,-21732.4,53.3639,0.403317
7695000,50,215.053,-21754.2,54.1115,0.393333
7710000,67,270.345,-21774.3,65.9239,0.404517
7725000,63,275.061,-21752.9,60.8912,0.414667
7740000,58,265.7,-21768.5,56.6105,0.402622
7755000,63,272.605,-21723.7,45.08,0.40556
7770000,53,213.505,-21760.5,49.7153,0.408422
7785000,58,264.361,-21733.8,69.0125,0.386033
7800000,55,241.556,-21724.9,50.4781,0.392267
7815000,57,245.661,-21713.2,60.5999,0.390267
7830000,53,229.005,-21716.7,66.8038,0.4006
7845000,56,240.731,-21727.2,48.9251,0.393867
7860000,49,209.573,-21743.5,53.5659,0.386533
7875000,48,212.916,-21769,58.9445,0.391311
7890000,53,236.118,-21732.8,52.1061,0.3881
7905000,56,231.174,-21759,51.8362,0.409433
7920000,49,209.208,-21756.1,49.063,0.383667
7935000,53,228.347,-21738.2,63.0266,0.392433
7950000,53,208.22,-21740.7,42.231,0.399
7965000,52,225.889,-21735.8,48.6057,0.392911
7980000,40,179.174,-21746.1,41.3533,0.390933
7995000,53,230.742,-21738.4,53.3855,0.391733
8010000,44,195.842,-21780.3,35.5345,0.393292
8025000,51,234.08,-21747,39.4415,0.3958
8040000,75,306.136,-21728.2,68.7042,0.3984
8055000,82,375.987,-21728.6,88.4437,0.3956
8070000,75,331.771,-21726.1,57.3951,0.414933
8085000,63,268.456,-21722.2,83.2551,0.3948
8100000,63,277.872,-21759.2,65.3831,0.392267
8115000,77,357.824,-21751.3,67.9474,0.418867
8130000,62,280.009,-21754.2,56.4851,0.422933
8145000,54,234.76,-21724.2,55.7365,0.400114
8160000,68,304.18,-21740.3,65.3743,0.417767
8175000,69,311.883,-21729.1,74.8011,0.412867
8190000,68,295.493,-21731.7,66.1265,0.4066
8205000,60,265.983,-21727.2,57.9818,0.396354
8220000,74,322.54,-21751.3,54.5686,0.416067
8235000,55,238.98,-21744.5,58.886,0.414733
8250000,53,221.527,-21748.4,51.8774,0.388752
8265000,56,228.652,-21741.8,56.6193,0.402
8280000,57,256.849,-21751.4,53.1409,0.401467
8295000,63,275.306,-21739.7,70.3388,0.406433
8310000,64,275.809,-21726,65.9812,0.4029
8325000,56,248.851,-21743.6,54.8478,0.412267
8340000,66,306.486,-21742,58.2921,0.395533
8355000,63,287.507,-21713.4,59.5606,0.406
8370000,60,257.811,-21733.7,63.057,0.414556
8385000,61,278.897,-21744.5,59.8132,0.412167
8400000,56,239.558,-21743.1,58.4183,0.395
8415000,56,242.724,-21747.9,51.2675,0.413
8430000,43,191.329,-21762.8,44.1813,0.4048
8445000,55,235.181,-21733.4,55.2865,0.395275
8460000,65,272.147,-21727.1,70.729,0.394467
8475000,56,252.319,-21758.9,55.5442,0.382533
8490000,46,214.423,-21762.7,39.2285,0.396933
8505000,68,290.448,-21738.1,56.606,0.408556
8520000,49,207.571,-21723.6,37.3433,0.392233
8535000,60,249.277,-21706.9,67.6235,0.400933
8550000,60,260.605,-21720.9,51.776,0.403533
8565000,49,214.359,-21737.9,40.9087,0.391289
8580000,40,173.18,-21752.8,37.9798,0.3766
8595000,46,213.519,-21754.3,43.6583,0.3938
8610000,59,244.005,-21734.9,59.4957,0.4008
8625000,66,297.845,-21715.6,62.459,0.404333
8640000,56,238.566,-21710.5,55.3836,0.388867
8655000,59,257.182,-21721.1,63.2684,0.3936
8670000,49,211.08,-21724,52.6746,0.400489
8685000,66,281.543,-21737.6,66.8842,0.3918
8700000,80,353.37,-21739.7,88.5179,0.4014
8715000,68,288.428,-21723.9,68.0002,0.406533
8730000,67,276.184,-21716.2,53.9961,0.4176
8745000,68,299.439,-21737.2,65.5239,0.403567
8760000,62,274.476,-21710.1,62.6176,0.408433
8775000,44,179.307,-21771,41.8137,0.390375
8790000,57,237.664,-21715.2,53.285,0.395867
8805000,58,261.443,-21715.8,61.5072,0.391333
8820000,57,238.883,-21728.6,61.0858,0.3906
8835000,65,287.579,-21718.1,62.4065,0.404467
8850000,68,297.963,-21716,68.6668,0.391422
8865000,68,291.481,-21732,74.3908,0.406733
8880000,46,203.607,-21777.3,61.5861,0.393076
8895000,43,194.914,-21752.7,48.3438,0.396967
8910000,58,247.35,-21769.1,53.4967,0.405167
8925000,65,279.571,-21747.8,68.0875,0.389944
8940000,49,219.553,-21760.5,42.2691,0.409
8955000,68,294.186,-21730.5,60.9756,0.395633
8970000,71,311.245,-21727.5,69.0975,0.4008
8985000,74,336.691,-21716.9,71.6622,0.418467
9000000,65,285.309,-21728.7,72.4089,0.4058
9015000,57,240.323,-21763,69.9949,0.391833
9030000,73,317.961,-21718.7,83.5437,0.414133
9045000,65,307.027,-21729.2,57.9284,0.395771
9060000,63,280.96,-21725.5,70.1626,0.4011
9075000,77,332.132,-21736.3,74.7656,0.421967
9090000,58,251.659,-21737.1,63.24,0.411533
9105000,60,276.583,-21724.4,57.4801,0.385944
9120000,45,182.982,-21769,35.249,0.3966
9135000,43,178.245,-21728.6,36.5711,0.390956
9150000,64,291.972,-21727.2,81.8572,0.391333
9165000,63,287.18,-21734.4,58.5281,0.401017
9180000,62,275.974,-21728.6,70.6217,0.415
9195000,51,226.942,-21736.8,50.3648,0.381867
9210000,64,262.704,-21738.1,52.025,0.398
9225000,68,309.185,-21724.6,75.1364,0.403467
9240000,62,277.371,-21707.7,56.4295,0.4002
9255000,50,235.832,-21752.2,52.892,0.394533
9270000,50,216.613,-21747,39.9597,0.392333
9285000,56,248.087,-21728.6,62.3192,0.408289
9300000,71,318.992,-21750.1,68.2822,0.408833
9315000,56,243.188,-21717.3,45.276,0.404367
9330000,51,233.957,-21732.3,45.8621,0.396167
9345000,55,256.296,-21719.7,65.6891,0.3924
9360000,40,176.202,-21760.3,34.5511,0.383533
9375000,44,189.939,-21758.5,37.6008,0.3952
9390000,43,190.053,-21749.7,49.0682,0.386733
9405000,61,266.315,-21740.8,64.8494,0.388622
9420000,62,278.119,-21737.8,61.1487,0.410067
9435000,46,186.441,-21753.9,37.1908,0.37855
9450000,72,319.097,-21721.2,67.7028,0.408867
9465000,69,278.635,-21737.2,72.1221,0.413667
9480000,61,271.171,-21766.4,56.4437,0.385778
9495000,52,229.171,-21765.7,52.6588,0.392381
9510000,55,248.611,-21751.7,60.7158,0.395
9525000,46,198.985,-21764.3,43.1619,0.4066
9540000,56,239.33,-21771.2,59.7231,0.4048
9555000,48,217.107,-21760,43.8085,0.390133
9570000,69,301.433,-21737.7,67.1747,0.403667
9585000,61,270.633,-21740.3,49.9049,0.408033
9600000,50,200.994,-21742.4,45.6777,0.3882
9615000,54,243.167,-21760,56.4214,0.408444
9630000,55,263.026,-21754.3,53.4354,0.4048
9645000,54,246.498,-21741.8,49.032,0.405467
9660000,43,192.915,-21756,48.2604,0.401267
9675000,46,200.661,-21750.8,46.5476,0.3774
9690000,57,250.44,-21737.3,58.4451,0.3998
9705000,50,218.299,-21749.5,52.5951,0.400033
9720000,53,223.924,-21748.7,49.7183,0.408333
9735000,50,205.439,-21737.5,53.8612,0.408667
9750000,60,252.371,-21745.5,50.9227,0.396289
9765000,67,283.028,-21717.6,59.2353,0.38703
9780000,57,258.469,-21762.3,66.3303,0.400378
9795000,58,250.201,-21726.6,52.8685,0.405733
9810000,57,225.054,-21745.7,53.6611,0.405733
9825000,51,230.211,-21729.3,59.9602,0.397
9840000,57,248.203,-21752.5,54.1235,0.406433
9855000,52,225.475,-21742,66.1989,0.396
9870000,55,238.068,-21760.3,53.2105,0.414633
9885000,67,287.161,-21754,61.5615,0.4146
9900000,58,250.142,-21758.3,72.5238,0.406333
9915000,75,318.215,-21743.4,82.6389,0.390633
9930000,63,273.892,-21725.6,64.8598,0.4134
9945000,47,207.716,-21734,48.509,0.393533
9960000,56,224.568,-21734.8,47.955,0.398
9975000,54,233.53,-21746,51.0135,0.388733
9990000,36,141.069,-21760.8,30.375,0.394089
10005000,58,242.229,-21753.4,58.9214,0.3784
10020000,71,317.351,-21752.1,67.3765,0.4192
10035000,64,262.507,-21747.7,55.4914,0.392333
10050000,77,332.845,-21729.8,87.7958,0.4062
10065000,58,245.982,-21718.3,51.1841,0.407067
10080000,63,263.662,-21748.5,53.8376,0.408933
10095000,58,255.646,-21737.5,54.5858,0.399533
10110000,62,275.437,-21751.9,62.332,0.402667
10125000,63,267.596,-21719.5,60.4841,0.402033
10140000,51,216.937,-21758.8,57.3076,0.413933
10155000,65,274.435,-21721.2,73.4075,0.409
10170000,53,248.988,-21751.1,39.5309,0.401877
10185000,67,280.879,-21729.2,66.3196,0.3945
10200000,52,212.245,-21750.6,59.7533,0.401033
10215000,45,186.671,-21737.7,46.0061,0.3908
10230000,55,243.173,-21738.1,58.0536,0.396156
10245000,68,299.306,-21744.2,53.5961,0.407567
10260000,57,254.163,-21729.4,53.5698,0.401767
10275000,57,234.97,-21760.5,65.4483,0.411867
10290000,46,209.799,-21770.2,50.6885,0.398933
10305000,50,201.982,-21741.8,40.9709,0.400289
10320000,59,258.984,-21719.7,59.5553,0.390083
10335000,72,305.011,-21725.9,64.1737,0.408933
10350000,62,282.943,-21722.8,67.5687,0.403867
10365000,49,215.662,-21752.6,43.3942,0.41395
10380000,47,209.202,-21776.6,40.0183,0.4218
10395000,57,240.929,-21755.5,62.4662,0.397267
10410000,53,228.455,-21741.6,34.0971,0.40005
10425000,67,288.3,-21735.7,67.1516,0.401267
10440000,57,245.526,-21761.8,67.7311,0.40285
10455000,58,258.759,-21766.4,76.382,0.409
10470000,56,254.711,-21749.7,50.5218,0.401111
10485000,56,239.465,-21762.4,50.9523,0.3957
10500000,48,199.22,-21743,50.4992,0.3957
10515000,70,296.075,-21750.8,75.6299,0.413417
10530000,73,323.311,-21736.6,73.3463,0.4198
10545000,49,196.564,-21743.2,42.0336,0.39015
10560000,60,264.075,-21752,59.1706,0.411833
10575000,41,154.295,-21767.7,46.3519,0.384627
10590000,34,128.078,-21756.8,28.9373,0.377267
10605000,43,176.457,-21762.5,44.2903,0.3718
10620000,53,206.614,-21779.5,56.6819,0.389933
10635000,61,261.928,-21762.3,60.0562,0.412267
10650000,58,237.415,-21761.3,60.1881,0.4072
10665000,50,216.734,-21766.9,44.8707,0.4176
10680000,64,276.67,-21761.8,59.9959,0.395825
10695000,48,203.168,-21739,57.6749,0.391667
10710000,56,251.312,-21729.1,56.0294,0.408667
10725000,52,203.941,-21748.7,56.4058,0.398533
10740000,56,232.532,-21752,51.5335,0.398767
10755000,57,260.842,-21751.4,44.5971,0.393
10770000,51,217.659,-21745.4,60.9852,0.386778
10785000,53,230.586,-21757.6,53.4274,0.392733
10800000,50,218.035,-21757.5,50.3667,0.387733
10815000,63,281.73,-21758.2,61.8849,0.3942
10830000,54,237.635,-21757,49.7633,0.408213
10845000,57,242.163,-21731.1,61.4174,0.393667
10860000,59,251.965,-21766.8,57.3045,0.414
10875000,48,206.016,-21766.8,36.3167,0.399467
10890000,54,226.003,-21754,60.2963,0.395244
10905000,39,167.625,-21762.2,33.2796,0.393967
10920000,56,238.656,-21751.5,57.0005,0.407367
10935000,54,231.402,-21782,54.0539,0.401
10950000,41,170.128,-21765.4,49.8368,0.372733
10965000,74,339.273,-21776.7,72.0304,0.401833
10980000,52,225.181,-21761.5,58.7898,0.393906
10995000,42,175.357,-21776.8,33.5566,0.415933
11010000,45,201.351,-21761.9,45.9678,0.383
11025000,56,246.363,-21775.2,58.8338,0.396533
11040000,39,156.889,-21753.4,39.2942,0.384833
11055000,43,201.295,-21762.7,47.1935,0.3864
11070000,59,269.006,-21745.9,59.7436,0.3958
11085000,50,202.501,-21765.1,52.7172,0.395867
11100000,47,204.002,-21749.3,38.5189,0.386911
11115000,57,236.617,-21735.1,51.7654,0.391
11130000,46,191.977,-21750.4,41.7331,0.392867
11145000,43,183.713,-21766.4,40.6681,0.375867
11160000,49,202.839,-21759.4,40.878,0.387083
11175000,54,222.967,-21744,77.849,0.3934
11190000,46,200.001,-21763.2,49.9047,0.385778
11205000,45,197.871,-21730.8,33.1223,0.3867
11220000,46,219.057,-21732.6,48.4988,0.3712
11235000,50,217.435,-21743.1,61.5519,0.397533
11250000,52,229.992,-21746.8,70.2327,0.37965
11265000,54,241.384,-21774,54.9207,0.383083
11280000,57,249.707,-21748.1,50.9351,0.419178
11295000,44,195.301,-21747.9,37.9034,0.401444
11310000,53,225.594,-21745.1,53.2616,0.389067
11325000,53,222.729,-21743.3,51.4097,0.394911
11340000,57,248.227,-21722.2,49.4539,0.392
11355000,55,257.38,-21720.6,51.5611,0.385667
11370000,49,201.614,-21748.4,38.8097,0.385933
11385000,58,240.412,-21714.7,61.278,0.398733
11400000,56,234.664,-21732.1,61.0519,0.390333
11415000,62,264.901,-21738.3,57.2191,0.393933
11430000,60,244.186,-21732.5,63.0239,0.398333
11445000,64,284.609,-21741.4,65.5287,0.405533
11460000,55,250.45,-21755.5,48.9594,0.391662
11475000,62,283.252,-21732.5,69.0224,0.412133
11490000,43,168.518,-21738.4,56.7942,0.404333
11505000,45,188.338,-21768.3,33.2972,0.388267
11520000,44,178.772,-21766.2,36.6791,0.3918
11535000,37,139.911,-21755,36.6124,0.37
11550000,63,263.704,-21740,55.3159,0.4054
11565000,53,242.259,-21728.6,47.3291,0.404333
11580000,57,263.87,-21710,62.6595,0.391333
11595000,55,238.363,-21704.1,36.7062,0.390933
11610000,54,248.925,-21734.2,69.8525,0.389333
11625000,50,211.818,-21745.5,52.5431,0.3806
11640000,50,206.89,-21755.6,41.1952,0.378762
11655000,55,236.488,-21725.4,60.2635,0.3915
11670000,57,252.6,-21748.7,61.5262,0.3862
11685000,60,259.371,-21726.2,58.9235,0.413133
11700000,56,240.807,-21722.4,51.3808,0.4006
11715000,54,233.888,-21745.1,55.5331,0.4158
11730000,47,199.681,-21755.1,53.8601,0.389037
11745000,54,234.269,-21756.4,67.3836,0.3782
11760000,60,272.552,-21730.4,62.2387,0.392556
11775000,57,241.527,-21745.9,62.8589,0.400244
11790000,55,232.672,-21749.3,48.8604,0.402889
11805000,47,210.704,-21749.7,52.5085,0.392333
11820000,62,268.186,-21741.6,55.3824,0.399933
11835000,62,267.582,-21717.1,64.5635,0.3958
11850000,50,214.56,-21746,62.9025,0.396767
11865000,50,220.618,-21746,44.4053,0.395733
11880000,59,255.459,-21731.6,66.6778,0.384667
11895000,60,257.546,-21726.4,61.7308,0.417867
11910000,48,198.68,-21722,52.4873,0.389333
11925000,50,221.264,-21723.7,49.2236,0.380667
11940000,55,244.298,-21724,61.1276,0.400533
11955000,53,239.77,-21724.9,61.8554,0.399133
11970000,66,305.994,-21767.7,70.9235,0.386108
11985000,70,299.506,-21714.5,62.3568,0.404033
12000000,87,398.672,-21690.5,91.819,0.415533
12015000,68,303.097,-21716.3,59.6427,0.426067
12030000,60,252.006,-21717.5,52.3116,0.404
12045000,52,216.207,-21760.8,58.2172,0.396613
12060000,51,199.43,-21778.5,39.5095,0.397663
12075000,53,209.053,-21748.1,60.3643,0.409422
12090000,50,224.512,-21757.2,46.2818,0.3963
12105000,56,230.389,-21726.9,49.1313,0.3947
12120000,57,244.821,-21738.2,56.7421,0.4057
12135000,63,293.764,-21754.9,60.758,0.414133
12150000,42,183.016,-21767.1,42.6564,0.385733
12165000,55,250.421,-21761.4,52.4619,0.391867
12180000,62,242.966,-21708.8,55.0571,0.407107
12195000,54,232.305,-21759.5,47.9753,0.3934
12210000,64,257.888,-21744.5,68.5464,0.395267
12225000,50,215.382,-21741.4,52.6509,0.404
12240000,50,212.644,-21731,56.7072,0.396533
12255000,48,204.354,-21734.4,56.6132,0.385133
12270000,53,218.085,-21754.1,60.1848,0.388533
12285000,51,219.932,-21744.1,48.1949,0.3874
12300000,53,237.923,-21751.9,48.1515,0.391679
12315000,48,215.66,-21740.8,46.6043,0.381556
12330000,52,226.572,-21758.2,53.7843,0.4017
12345000,46,202.912,-21744.4,45.4969,0.394867
12360000,57,245.58,-21738,53.0578,0.380489
12375000,70,304.477,-21715.6,74.94,0.3914
12390000,66,289.374,-21699.9,51.1725,0.417667
12405000,57,246.282,-21712.8,68.7098,0.394425
12420000,63,269.583,-21753.1,51.4183,0.4052
12435000,56,245.651,-21717.2,50.8406,0.393867
12450000,54,219.07,-21743.2,51.888,0.393933
12465000,49,208.679,-21757.9,52.3509,0.39815
12480000,58,262.386,-21733.7,56.8942,0.389744
12495000,56,252.241,-21735.8,44.6837,0.4008
12510000,64,284.209,-21716.3,72.5204,0.3964
12525000,69,304.55,-21723.1,64.266,0.4034
12540000,63,282.513,-21719.5,69.263,0.3908
12555000,43,192.725,-21746.1,50.3235,0.394305
12570000,64,281.546,-21747.4,61.8651,0.389533
12585000,45,195.892,-21753.1,43.6757,0.379367
12600000,47,194.367,-21728.5,43.3793,0.387267
12615000,58,250.144,-21748,53.9515,0.393933
12630000,51,213.529,-21742.5,52.2289,0.388844
12645000,47,193.876,-21752.2,37.2716,0.397339
12660000,48,207.674,-21738.4,45.3165,0.396244
12675000,49,221.986,-21771.6,58.6667,0.391422
12690000,57,240.479,-21768.1,59.2415,0.401
12705000,62,275.84,-21719,64.8553,0.395778
12720000,56,231.008,-21777,48.4842,0.397967
12735000,67,303.061,-21764.1,58.9669,0.4076
12750000,59,254.416,-21736.7,70.6032,0.397027
12765000,67,297.267,-21752.8,51.5541,0.407033
12780000,54,244.883,-21747.8,61.0954,0.397067
12795000,59,245.861,-21742.2,56.1139,0.402333
12810000,52,217.55,-21754.7,50.8725,0.398067
12825000,53,231.388,-21719.1,54.0061,0.40745
12840000,73,316.86,-21723,74.4706,0.39923
12855000,76,340.134,-21731.8,78.5214,0.4158
12870000,66,291.46,-21731.2,55.2593,0.403383
12885000,62,266.043,-21754.7,51.0879,0.414533
12900000,62,283.872,-21722.4,61.2412,0.410289
12915000,57,254.028,-21747.3,77.0751,0.403467
12930000,48,200.303,-21746.3,38.0036,0.399044
12945000,51,215.714,-21736.4,45.0287,0.3926
12960000,62,269.256,-21718.6,60.9623,0.380533
12975000,44,188.74,-21718.1,43.895,0.3762
12990000,51,229.638,-21755.6,52.625,0.382683
13005000,65,270.151,-21722.9,68.6158,0.388833
13020000,73,315.601,-21737.2,82.2822,0.396267
13035000,74,324.547,-21726.8,74.3637,0.4122
13050000,66,308.429,-21734.5,63.1152,0.403067
13065000,69,313.53,-21728.3,60.0272,0.3998
13080000,66,294.79,-21718,63.6745,0.408733
13095000,61,263.421,-21725.5,57.4423,0.397467
13110000,56,246.983,-21724.4,48.702,0.3938
13125000,56,254.133,-21741.1,66.4829,0.396867
13140000,41,185.305,-21755.5,43.0426,0.394893
13155000,63,273.4,-21735.3,64.3419,0.397182
13170000,73,332.798,-21748.6,67.0088,0.4174
13185000,52,239.032,-21733.1,57.6337,0.406533
13200000,44,179.255,-21743.8,48.9596,0.381733
13215000,51,219.705,-21747.3,62.0054,0.389733
13230000,46,204.452,-21746.5,43.2416,0.390578
13245000,50,224.404,-21761.1,61.9608,0.410067
13260000,48,207.553,-21763.4,38.3905,0.411133
13275000,41,175.459,-21742.5,36.3868,0.402133
13290000,44,181.169,-21767.8,41.3519,0.389267
13305000,51,212.848,-21767.2,44.6614,0.3994
13320000,50,231.393,-21757.8,48.3629,0.407467
13335000,50,228.852,-21761.9,58.5727,0.384289
13350000,49,219.062,-21750.2,46.8902,0.394267
13365000,43,186.077,-21746.2,57.0654,0.389947
13380000,55,243.969,-21760.7,66.9657,0.3844
13395000,43,195.875,-21775,54.8984,0.38836
13410000,35,142.256,-21782.1,29.8358,0.37845
13425000,48,202.867,-21746.3,51.4936,0.385867
13440000,42,182.191,-21781.9,54.5507,0.376867
13455000,40,166.744,-21765.3,40.5563,0.384987
13470000,41,157.009,-21771.3,40.2771,0.3639
13485000,51,230.908,-21766.9,55.5667,0.393033
13500000,60,256.601,-21725,51.6118,0.396089
13515000,62,275.396,-21742.7,67.4819,0.409667
13530000,56,241.964,-21758.1,51.6045,0.386267
13545000,66,275.924,-21731.7,54.2358,0.40695
13560000,68,294.34,-21728.8,61.7442,0.4059
13575000,69,302.477,-21720.9,58.1656,0.413333
13590000,60,252.435,-21768.7,60.688,0.418027
13605000,68,307.581,-21722.1,71.3511,0.400433
13620000,64,288.331,-21732.8,58.8157,0.409933
13635000,79,346.86,-21719.4,76.9774,0.411933
13650000,64,290.505,-21736.5,57.2181,0.412143
13665000,74,321.836,-21704.5,61.8511,0.413267
13680000,62,275.027,-21716.3,44.557,0.397667
13695000,40,184.761,-21745.9,34.5001,0.391489
13710000,46,211.249,-21743.8,55.6427,0.377667
13725000,52,232.596,-21728.3,58.7034,0.384333
13740000,49,207.363,-21746.9,46.0868,0.371267
13755000,52,247.39,-21761.3,50.1507,0.394044
13770000,58,259.69,-21758,68.4555,0.405067
13785000,45,199.368,-21756.1,40.7861,0.392154
13800000,49,221.541,-21750.9,44.4224,0.396067
13815000,66,299.469,-21758.6,62.3869,0.4032
13830000,49,207.851,-21754.4,57.5589,0.411267
13845000,53,233.382,-21764.3,65.1137,0.411333
13860000,47,200.333,-21766,58.82,0.395567
13875000,44,190.125,-21747.6,39.798,0.385437
13890000,48,212.752,-21754.1,53.466,0.403689
13905000,46,198.282,-21727.8,40.7643,0.370233
13920000,52,224.577,-21761.7,43.2882,0.409633
13935000,45,195.524,-21751.8,39.3352,0.384773
13950000,59,251.402,-21756.7,58.1605,0.4058
13965000,47,201,-21752.3,46.723,0.411667
13980000,41,180.22,-21722.2,46.6039,0.379893
13995000,52,220.927,-21729.6,59.0468,0.393867
14010000,42,177.754,-21744.2,39.7531,0.390947
14025000,56,236.794,-21744.4,40.6992,0.404017
14040000,44,192.033,-21751.2,45.631,0.407133
14055000,52,228.5,-21754.7,46.1068,0.3924
14070000,52,222.814,-21761.5,41.6308,0.399067
14085000,47,196.686,-21761.8,49.0695,0.388667
14100000,46,199.542,-21744.2,44.803,0.393589
14115000,51,201.152,-21742.3,52.4483,0.3858
14130000,55,217.181,-21720.7,65.3517,0.389533
14145000,58,258.041,-21726.1,54.0483,0.397467
14160000,48,204.997,-21750.6,39.3861,0.389507
14175000,51,210.847,-21765.4,42.0434,0.375656
14190000,61,247.186,-21767.5,71.5892,0.3964
14205000,63,261.13,-21759.8,79.7803,0.3901
14220000,65,277.525,-21730.9,55.1535,0.4194
14235000,65,296.153,-21722.7,58.2314,0.413533
14250000,47,188.319,-21741.9,42.354,0.399378
14265000,41,172.09,-21744.2,39.3506,0.369267
14280000,66,296.261,-21724.8,66.2701,0.399511
14295000,58,256.333,-21730.8,59.0493,0.416467
14310000,52,244.943,-21731.4,49.0908,0.396467
14325000,50,221.957,-21752.1,50.5564,0.4016
14340000,52,235.399,-21745.2,54.0688,0.387533
14355000,47,206.699,-21752.7,42.2546,0.402333
14370000,52,231.012,-21756.2,54.8231,0.396733
14385000,43,199.706,-21772.1,39.3548,0.394904
14400000,49,210.223,-21724.3,55.3848,0.382052
14415000,46,206.594,-21754.3,44.0681,0.383567
14430000,68,298.285,-21756.6,62.3761,0.39105
14445000,47,198.581,-21771.6,44.1545,0.421
14460000,51,210.363,-21723.3,49.7499,0.393583
14475000,46,195.947,-21760.1,45.4281,0.397967
14490000,54,248.439,-21729.6,54.0856,0.383067
14505000,45,185.794,-21754.5,46.0284,0.390867
14520000,51,218.194,-21741.1,59.7233,0.394467
14535000,49,186.323,-21746.8,50.7327,0.393133
14550000,51,219.648,-21750.8,54.7235,0.375467
14565000,51,213.317,-21766.6,60.4156,0.395844
14580000,57,258.197,-21772.7,62.366,0.389594
14595000,51,206.679,-21758.6,55.1858,0.392067
14610000,63,253.168,-21744.7,65.2219,0.387483
14625000,51,221.228,-21750,43.7119,0.402533
14640000,45,190.187,-21732.3,50.117,0.400633
14655000,49,202.407,-21731.9,49.4868,0.392
14670000,55,249.941,-21754.8,58.1822,0.397378
14685000,76,318.004,-21714.1,90.0343,0.4042
14700000,62,262.108,-21731.1,65.8714,0.409833
14715000,58,254.932,-21712.3,62.6034,0.399375
14730000,70,312.624,-21715,70.1643,0.412667
14745000,68,283.768,-21722.5,72.9347,0.409967
14760000,74,300.725,-21725.3,69.3995,0.418667
14775000,54,229.715,-21758.1,53.2811,0.402493
14790000,62,274.874,-21717.6,74.6458,0.3968
14805000,47,201.902,-21734,47.6776,0.409667
14820000,67,287.038,-21734.1,65.353,0.396167
14835000,67,276.566,-21725.8,57.557,0.408467
14850000,52,227.188,-21744.6,50.2181,0.402378
14865000,54,234.156,-21732.4,49.1115,0.394733
14880000,54,223.408,-21751.9,66.4743,0.412533
14895000,39,156.691,-21770.5,40.5226,0.394733
14910000,45,188.534,-21768.5,57.2719,0.381133
14925000,59,238.248,-21742.9,62.8088,0.3963
14940000,46,201.958,-21742.6,48.7973,0.388752
14955000,66,295.939,-21740.4,73.5445,0.400867
14970000,50,203.7,-21752.9,44.3551,0.3882
14985000,52,223.283,-21744.7,43.595,0.381667
15000000,66,280.668,-21750.7,61.7737,0.3866
15015000,55,238.246,-21759.8,54.952,0.3936
15030000,47,185.366,-21747.1,45.6067,0.379856
15045000,52,219.276,-21751.7,53.0912,0.3826
15060000,47,200.559,-21768.3,53.5469,0.391956
15075000,45,196.437,-21748.6,43.7322,0.3854
15090000,46,186.652,-21757,47.1976,0.400533
15105000,43,192.194,-21795.4,44.971,0.390687
15120000,48,200.119,-21763.6,54.3879,0.381633
15135000,56,238.125,-21749.6,54.9994,0.391922
15150000,64,273.594,-21724.5,54.367,0.3976
15165000,52,233.042,-21778.1,49.7477,0.396817
15180000,77,316.022,-21753.4,79.5935,0.418233
15195000,62,263.788,-21737.5,53.6426,0.4238
15210000,58,241.098,-21743.8,65.8639,0.405067
15225000,46,204.092,-21743.3,50.3349,0.391467
15240000,46,197.771,-21762,49.3725,0.394867
15255000,43,192.017,-21790.3,35.625,0.398456
15270000,45,186.914,-21744.7,49.6539,0.385
15285000,48,218.492,-21796,50.0904,0.3996
15300000,48,212.326,-21757.5,46.1055,0.3994
15315000,57,254.48,-21718.2,62.0329,0.400133
15330000,63,274.856,-21753.1,62.6408,0.3952
15345000,59,264.34,-21742.1,57.7508,0.3988
15360000,56,230.246,-21727,63.2797,0.410267
15375000,52,223.246,-21732.4,49.1529,0.392133
15390000,53,240.732,-21771.6,72.007,0.391914
15405000,62,271.677,-21729.4,69.0853,0.395767
15420000,48,216.974,-21769.1,51.3651,0.393567
15435000,53,229.701,-21748.7,44.0832,0.3876
15450000,52,245.792,-21750.3,41.2349,0.387867
15465000,43,186.505,-21761.6,38.6183,0.38284
15480000,50,232.617,-21737.7,41.6237,0.387267
15495000,52,217.629,-21728.6,49.2398,0.374267
15510000,40,176.025,-21766.7,29.7227,0.371089
15525000,61,270.08,-21745,79.2006,0.3868
15540000,63,295.649,-21734.5,50.0567,0.4082
15555000,63,261.667,-21726.3,65.4336,0.384967
15570000,63,273.212,-21728.5,64.1267,0.397733
15585000,65,290.955,-21715,61.3316,0.410733
15600000,63,279.925,-21724.9,69.046,0.39895
15615000,59,266.865,-21748.5,75.4339,0.400733
15630000,53,227.901,-21744,70.1612,0.383156
15645000,63,286.012,-21761.4,61.2499,0.399767
15660000,52,226.225,-21757.1,54.92,0.390393
15675000,63,288.952,-21739.4,72.1804,0.4146
15690000,48,210.902,-21749.8,58.2763,0.39435
15705000,48,215.111,-21758,48.773,0.394067
15720000,45,184.614,-21742.8,45.1288,0.386167
15735000,59,263.78,-21732.9,65.2658,0.394867
15750000,53,232.014,-21731.6,55.143,0.404333
15765000,69,278.98,-21741.2,70.4763,0.402324
15780000,72,314.462,-21749,78.3352,0.418
15795000,71,310.918,-21742.1,61.0521,0.413
15810000,84,376.089,-21707.5,81.0047,0.40525
15825000,84,376.173,-21721.8,78.8657,0.419067
15840000,70,308.976,-21718.4,47.8163,0.4088
15855000,53,235.028,-21714.2,52.9297,0.395767
15870000,49,203.302,-21723.1,41.3579,0.390733
15885000,55,245.474,-21712.9,47.5769,0.400889
15900000,66,304.134,-21703.2,72.6478,0.4018
15915000,59,251.461,-21711.5,45.9098,0.381778
15930000,53,226.677,-21746.7,53.6348,0.404319
15945000,56,256.377,-21758.4,51.314,0.401067
15960000,49,208.168,-21738.8,43.9755,0.397367
15975000,53,232.145,-21741.3,58.0743,0.383533
15990000,44,197.398,-21758.8,55.2236,0.380956
16005000,71,306.463,-21730.2,62.657,0.401433
16020000,56,250.851,-21734,67.7422,0.409333
16035000,62,255.662,-21738.6,64.1741,0.392162
16050000,59,244.104,-21764.1,64.543,0.398067
16065000,68,302.667,-21736.5,65.3039,0.4152
16080000,53,237.315,-21738.9,60.0353,0.4164
16095000,60,269.871,-21762.7,63.5653,0.4038
16110000,52,226.157,-21756.4,59.8752,0.411
16125000,65,269.898,-21754.4,84.0502,0.422333
16140000,56,245.826,-21763.4,54.1334,0.386213
16155000,61,271.117,-21740.1,65.0823,0.40277
16170000,61,263.136,-21739.7,56.5892,0.390267
16185000,68,311.451,-21732.3,45.4872,0.408133
16200000,58,256.832,-21725.7,55.8795,0.417489
16215000,75,323.633,-21726.4,70.2692,0.410867
16230000,65,285.332,-21730.8,76.3964,0.4068
16245000,48,210.293,-21739.7,51.8632,0.407833
16260000,55,237.307,-21737.9,56.3329,0.404896
16275000,75,334.779,-21711.9,63.8682,0.4094
16290000,54,244.594,-21719.8,53.5727,0.403733
16305000,65,289.816,-21723.6,70.746,0.396817
16320000,48,204.944,-21752.1,53.3501,0.410467
16335000,44,181.254,-21736.6,53.731,0.377267
16350000,48,201.71,-21751.5,45.2402,0.3868
16365000,51,227.061,-21759.9,40.0458,0.397533
16380000,51,226.167,-21747.5,44.0397,0.382511
16395000,53,233.7,-21732.1,50.3005,0.372467
16410000,40,192.055,-21813.7,39.6032,0.38818
16425000,45,195.12,-21756.2,42.0122,0.400433
16440000,53,215.602,-21757.6,48.1445,0.3974
16455000,54,232.16,-21725,56.1477,0.390017
16470000,55,239.079,-21723.8,61.244,0.379067
16485000,48,221.008,-21742.9,51.2786,0.384533
16500000,52,228.945,-21757.4,57.058,0.389933
16515000,44,188.757,-21743,43.1967,0.3866
16530000,39,169.329,-21757.9,42.918,0.38355
16545000,61,254.36,-21737.2,65.7444,0.394276
16560000,51,216.572,-21737.6,52.343,0.376711
16575000,63,288.847,-21741.3,54.0362,0.3824
16590000,51,224.421,-21750.4,64.0757,0.382933
16605000,59,240.212,-21744.1,51.9691,0.40085
16620000,57,248.396,-21753.8,56.5416,0.386567
16635000,58,249.959,-21753.3,54.3769,0.407667
16650000,54,244.249,-21728.5,49.2192,0.397367
16665000,61,278.469,-21782.6,60.1707,0.4016
16680000,65,289.442,-21759.7,58.5995,0.423267
16695000,60,268.907,-21756.8,49.8342,0.421
16710000,48,198.805,-21743.6,43.2607,0.392183
16725000,60,255.245,-21742,59.4127,0.409633
16740000,70,312.091,-21745.8,68.6507,0.407333
16755000,52,226.883,-21761.2,43.6339,0.39099
16770000,61,265.021,-21747.5,61.2942,0.4033
16785000,56,240.951,-21726.6,49.7037,0.405667
16800000,74,318.266,-21740.5,82.7916,0.407
16815000,56,253.285,-21749.1,54.9378,0.40304
16830000,56,252.92,-21718.6,59.1928,0.390533
16845000,41,162.666,-21752,38.0236,0.375056
16860000,69,323.238,-21731,69.8991,0.401033
16875000,69,323.181,-21730.2,76.1179,0.412333
16890000,61,270.365,-21730.8,55.1217,0.404733
16905000,40,174.381,-21765,37.7047,0.3776
16920000,60,284.076,-21736.9,52.8402,0.406667
16935000,66,282.83,-21717.2,68.5607,0.3996
16950000,42,181.169,-21748.4,36.715,0.370867
16965000,45,194.128,-21753.2,49.9644,0.380067
16980000,46,192.655,-21760.6,43.234,0.384133
16995000,43,174.182,-21761.6,42.0369,0.395072
17010000,37,172.08,-21768.9,53.7441,0.357667
17025000,57,260.15,-21750.8,59.5639,0.402633
17040000,49,208.083,-21747.6,49.4668,0.4124
17055000,49,214.669,-21733.4,54.3925,0.391625
17070000,53,227.701,-21735.3,47.707,0.3944
17085000,50,208.727,-21742.7,37.9587,0.382133
17100000,60,257.431,-21751.4,51.3283,0.409317
17115000,52,219.945,-21760.6,46.8499,0.3884
17130000,62,278.255,-21733.5,61.3774,0.410067
17145000,41,180.372,-21773.5,38.1989,0.375504
17160000,60,260.144,-21725.8,63.6515,0.401567
17175000,71,327.508,-21733.8,54.4893,0.4032
17190000,56,252.337,-21741.7,57.2662,0.405933
17205000,65,279.55,-21724.9,63.9354,0.3974
17220000,64,266.17,-21742.3,70.789,0.391
17235000,52,222.873,-21721.4,49.0477,0.397983
17250000,57,244.437,-21726.8,48.6408,0.392067
17265000,46,192.505,-21749.4,37.4244,0.384158
17280000,45,193.442,-21750.3,52.6993,0.3808
17295000,56,255.029,-21720.2,47.1485,0.402044
17310000,37,158.035,-21779,28.9669,0.380733
17325000,52,240.761,-21742.3,58.0138,0.388367
17340000,53,233.83,-21727.4,56.7379,0.397
17355000,42,183.376,-21754.5,44.9513,0.391074
17370000,55,247.059,-21712.4,52.5461,0.385633
17385000,58,253.201,-21726.6,54.9037,0.3936
17400000,36,160.148,-21783.5,34.8527,0.350489
17415000,58,265.282,-21728.9,58.3374,0.4051
17430000,67,307.919,-21728.4,69.5421,0.400467
17445000,65,297.691,-21719.1,66.4163,0.415933
17460000,58,255.707,-21760.1,55.5922,0.393076
17475000,62,273.122,-21714.1,71.7333,0.405267
17490000,56,243.98,-21720.6,62.6321,0.404133
17505000,40,171.077,-21741.2,40.1314,0.392422
17520000,43,181.293,-21737.3,37.3306,0.383367
17535000,58,252.777,-21735.3,77.7496,0.393467
17550000,57,237.969,-21741.1,61.3385,0.390333
17565000,41,172.279,-21755.2,57.7499,0.361321
17580000,56,244.628,-21733.6,52.1353,0.4002
17595000,55,237.512,-21756.2,60.9879,0.397367
17610000,41,175.387,-21745.9,38.9265,0.369622
17625000,40,176.305,-21765.8,36.9111,0.401889
17640000,59,271.112,-21756.9,61.697,0.3687
17655000,52,210.888,-21764.9,56.515,0.3987
17670000,43,189.327,-21771.5,45.1953,0.393733
17685000,53,229.016,-21755.4,59.4067,0.386933
17700000,63,275.563,-21740.8,64.0709,0.4042
17715000,56,246.608,-21745.5,56.9806,0.3934
17730000,50,224.847,-21746.3,58.7297,0.39685
17745000,48,218.193,-21735.3,44.3505,0.372567
17760000,47,200.322,-21776.5,47.344,0.392367
17775000,45,198.603,-21742,42.7186,0.380467
17790000,46,203.329,-21764.9,38.4145,0.364533
17805000,42,189.951,-21782.1,47.7526,0.393605
17820000,47,206.351,-21782,50.9188,0.392067
17835000,67,295.176,-21767.7,74.8927,0.40188
17850000,46,183.214,-21745.8,48.5349,0.384983
17865000,45,189.494,-21759.4,34.2643,0.3928
17880000,51,209.111,-21746.8,54.3391,0.391867
17895000,53,244.534,-21766.7,39.5452,0.4031
17910000,45,194.672,-21735.6,45.0518,0.396133
17925000,50,217.679,-21742.5,54.4134,0.403914
17940000,43,177.89,-21745.8,46.4482,0.389067
17955000,49,197.233,-21754.3,46.3692,0.369467
17970000,49,204.405,-21745,43.2987,0.389667
17985000,43,198.358,-21775.7,36.294,0.383822
18000000,60,254.639,-21731.6,50.4786,0.394433
18015000,41,186.321,-21799.4,45.0239,0.3927
18030000,43,187.723,-21737,36.5361,0.381242
18045000,57,250.151,-21733.4,66.0132,0.397733
18060000,72,311.184,-21761.4,75.343,0.4218
18075000,59,278.853,-21757.8,70.9506,0.4204
18090000,42,178.273,-21743,31.8554,0.396883
18105000,52,212.16,-21760.7,39.6841,0.378333
18120000,63,271.999,-21752.5,55.9664,0.4166
18135000,61,282.294,-21734.1,70.8077,0.408267
18150000,47,200.726,-21721.4,41.3976,0.395956
18165000,63,272.296,-21761.4,74.3291,0.407133
18180000,60,245.255,-21722.6,52.1069,0.397233
18195000,48,213.709,-21757.1,52.2263,0.401633
18210000,64,271.964,-21730.6,58.2232,0.411833
18225000,67,298.854,-21722.4,55.6164,0.4038
18240000,59,271.648,-21720.4,75.0612,0.392667
18255000,68,290.369,-21716.7,62.2263,0.396983
18270000,72,315.516,-21732.1,72.7849,0.406867
18285000,70,310.058,-21748.4,77.1835,0.398
18300000,44,189.076,-21731,48.8531,0.389888
18315000,57,237.308,-21740.9,52.3141,0.4068
18330000,60,267.335,-21749.9,57.2004,0.403933
18345000,50,217.878,-21740.1,62.2098,0.386311
18360000,58,235.618,-21717.9,60.5461,0.4014
18375000,52,220.445,-21754.1,36.0378,0.387067
18390000,49,206.052,-21741.1,50.7833,0.391433
18405000,63,291.149,-21703.6,64.8804,0.379267
18420000,55,238.53,-21730.7,63.9492,0.4012
18435000,52,219.861,-21736.7,52.876,0.391533
18450000,75,322.163,-21764.2,73.1121,0.397533
18465000,55,244.039,-21724.7,44.8366,0.3994
18480000,61,278.223,-21731.5,59.2657,0.395867
18495000,47,194.697,-21731,48.9436,0.378871
18510000,61,261.491,-21740.5,67.4449,0.394133
18525000,64,289.783,-21722.4,61.407,0.386093
18540000,65,288.047,-21721,84.4624,0.418733
18555000,69,299.678,-21732.8,60.6642,0.4158
18570000,63,272.047,-21746.9,59.5987,0.401867
18585000,65,302.664,-21752,65.3311,0.398533
18600000,60,280.828,-21722.4,57.388,0.4032
18615000,62,283.947,-21753.9,70.8054,0.403133
18630000,69,305.243,-21737.7,64.0834,0.409867
18645000,59,258.246,-21761.1,59.115,0.402467
18660000,61,274.489,-21744.4,60.1941,0.4134
18675000,48,203.538,-21757,43.0893,0.393867
18690000,45,215.221,-21769.3,41.093,0.372467
18705000,59,246.717,-21742.4,58.0856,0.394267
18720000,46,202.573,-21752.5,46.0512,0.396087
18735000,54,234.085,-21757.7,53.6808,0.4034
18750000,41,182.257,-21758.2,53.6173,0.386933
18765000,51,218.752,-21751.3,54.1139,0.3917
18780000,47,199.211,-21771.6,38.7092,0.389467
18795000,48,205.799,-21757.7,54.8116,0.372467
18810000,50,215.846,-21737.5,46.8735,0.394733
18825000,58,254.561,-21765.8,57.7668,0.397933
18840000,49,214.423,-21755.6,43.7015,0.398933
18855000,53,220.452,-21761,43.5603,0.397667
18870000,45,198.185,-21751.3,55.2903,0.388467
18885000,41,180.557,-21770.3,30.803,0.389837
18900000,44,203.713,-21763.2,45.6387,0.379852
18915000,58,255.706,-21776.2,43.9099,0.403667
18930000,63,260.834,-21758.2,63.8419,0.406233
18945000,53,225.129,-21756.2,42.1811,0.4117
18960000,40,170.649,-21739.6,48.4366,0.377717
18975000,45,183.031,-21746.7,43.4233,0.379333
18990000,45,191.386,-21779,46.1043,0.402578
19005000,54,238.756,-21752.6,54.9332,0.3968
19020000,34,150.405,-21754.6,31.9625,0.364889
19035000,50,224.152,-21738.5,47.4443,0.386033
19050000,55,239.405,-21733.5,56.4082,0.392733
19065000,33,142.258,-21749.3,22.4739,0.350622
19080000,46,197.127,-21729.4,35.2621,0.376367
19095000,48,207.298,-21742.5,49.4809,0.362
19110000,57,258.741,-21728.2,51.0285,0.3973
19125000,60,255.552,-21711.5,57.6482,0.402067
19140000,61,275.614,-21707.8,48.3484,0.394933
19155000,58,261.19,-21721.1,65.0814,0.3908
19170000,48,200.648,-21774.9,54.7184,0.396111
19185000,55,233.602,-21749.9,50.1105,0.3895
19200000,39,183.021,-21804.1,35.7039,0.4026
19215000,64,279.146,-21775.8,57.7519,0.4029
19230000,61,277.517,-21763.7,59.3259,0.419333
19245000,48,211.75,-21772.1,65.4142,0.4098
19260000,42,184.55,-21779.4,44.532,0.395917
19275000,48,214.813,-21793.6,48.505,0.392867
19290000,47,203.417,-21743.2,46.0763,0.383089
19305000,46,211.702,-21755.6,50.691,0.389333
19320000,57,261.035,-21758.4,57.6893,0.380067
19335000,62,266.637,-21778.2,62.5719,0.406933
19350000,55,233.886,-21741.1,49.6073,0.399133
19365000,51,226.21,-21728.8,60.5636,0.403733
19380000,45,200.244,-21762.8,43.4344,0.403007
19395000,45,185.724,-21737,52.3638,0.384733
19410000,35,141.607,-21768,39.468,0.389548
19425000,43,187.409,-21724.8,49.0957,0.3734
19440000,51,223.886,-21737.5,70.0196,0.3932
19455000,51,231.974,-21727,56.7739,0.383067
19470000,55,237.85,-21713.3,62.5915,0.385667
19485000,37,157.265,-21760.8,32.8799,0.379067
19500000,49,205.041,-21743.6,44.5945,0.38985
19515000,64,283.448,-21739.1,63.9218,0.382333
19530000,60,251.174,-21734.3,51.5673,0.393867
19545000,59,256.847,-21732.9,70.4008,0.391773
19560000,55,238.82,-21737.4,62.7264,0.398367
19575000,55,239.073,-21748.2,52.4111,0.3912
19590000,50,224.995,-21775.7,48.7639,0.397956
19605000,58,265.199,-21725.6,62.4752,0.3934
19620000,50,213.174,-21767.1,46.8767,0.394
19635000,53,234.309,-21765.2,45.8197,0.397533
19650000,58,252.774,-21720,51.9561,0.396778
19665000,69,298.345,-21741.5,69.5359,0.398533
19680000,54,228.689,-21729.7,37.1545,0.399933
19695000,50,208.518,-21760.4,52.4209,0.395133
19710000,67,288.767,-21716,73.0687,0.396067
19725000,48,202.245,-21748.1,41.9973,0.3975
19740000,44,190.718,-21767.4,40.3841,0.393381
19755000,51,220.997,-21738.6,42.9581,0.392356
19770000,37,156.33,-21770.8,36.3981,0.372
19785000,49,221.876,-21725.7,66.2101,0.4033
19800000,74,321.128,-21747.8,75.4661,0.400711
19815000,54,238.663,-21725.1,46.9641,0.409333
19830000,45,202.696,-21720.1,53.9564,0.383133
19845000,46,203.037,-21761.1,50.7602,0.3826
19860000,49,213.756,-21742,54.5469,0.384933
19875000,53,232.42,-21722.6,46.5355,0.392044
19890000,67,297.544,-21747.4,62.2971,0.38285
19905000,51,221.25,-21735.4,52.6438,0.406978
19920000,49,194.749,-21748.6,60.1645,0.399367
19935000,42,171.743,-21763.7,40.5338,0.385
19950000,49,207.536,-21748.1,53.7313,0.376267
19965000,62,266.322,-21766.1,52.6504,0.4084
19980000,46,207.961,-21769.2,41.4554,0.387
19995000,53,241.992,-21723.7,48.5168,0.394778
20010000,55,230.646,-21774.3,57.2756,0.393911
20025000,57,248.24,-21761.2,48.8314,0.385911
20040000,55,242.956,-21754.7,55.7559,0.409667
20055000,60,273.69,-21758.8,57.4437,0.40785
20070000,66,309.12,-21751.7,61.7037,0.403
20085000,67,313.191,-21761.4,70.6393,0.410733
20100000,69,309.414,-21761.8,69.0896,0.419667
20115000,69,310.16,-21729.9,69.2137,0.387989
20130000,48,206.856,-21751.3,50.7702,0.40192
20145000,48,211.122,-21756.2,49.6556,0.398733
20160000,62,290.492,-21753,56.2674,0.416433
20175000,50,225.079,-21752.8,46.2466,0.38265
20190000,55,256.419,-21740.8,60.9033,0.394267
20205000,54,234.307,-21723.4,48.5343,0.401333
20220000,67,297.258,-21742.6,56.2125,0.414733
20235000,63,297.169,-21761.6,60.3625,0.412267
20250000,58,245.244,-21710.7,64.5583,0.395533
20265000,55,231.717,-21716.6,62.3405,0.380467
20280000,56,250.173,-21724.7,61.3395,0.397267
20295000,56,253.135,-21736.3,60.8621,0.404267
20310000,62,261.129,-21726.3,64.1392,0.39488
20325000,67,293.709,-21717.6,82.4487,0.3923
20340000,57,252.733,-21755.4,52.3519,0.400233
20355000,61,263.948,-21738.1,49.5358,0.39889
20370000,65,285.36,-21725.6,65.9578,0.3999
20385000,68,305.434,-21724.3,56.0146,0.4106
20400000,65,264.646,-21722.8,81.1898,0.402107
20415000,71,325.612,-21739.2,56.1005,0.400933
20430000,52,236.44,-21720,51.873,0.393067
20445000,65,277.72,-21713.1,74.31,0.392747
20460000,50,217.601,-21718.3,51.8137,0.389033
20475000,54,227.269,-21732.8,64.0773,0.386733
20490000,53,245.192,-21736.1,48.2983,0.391733
20505000,47,202.248,-21735.1,40.9994,0.378267
20520000,37,159.353,-21751.7,31.8243,0.394181
20535000,48,213.523,-21743.5,51.708,0.3815
20550000,59,256.892,-21733.6,49.8783,0.383333
20565000,52,229.8,-21739,61.5183,0.388267
20580000,49,193.457,-21744.4,53.4961,0.380867
20595000,74,327.371,-21697.3,79.2377,0.393756
20610000,67,304.477,-21716.7,62.7751,0.386356
20625000,57,246.973,-21738.8,66.0635,0.386667
20640000,57,242.767,-21727.3,55.6709,0.3866
20655000,61,269.979,-21718,49.131,0.390533
20670000,62,281.83,-21711.9,61.363,0.395933
20685000,61,267.806,-21721,58.0961,0.397267
20700000,55,229.343,-21719.7,57.9903,0.379667
20715000,51,209.118,-21719.6,44.6415,0.3787
20730000,48,194.387,-21755,34.974,0.403753
20745000,51,230.253,-21744.7,50.4151,0.378867
20760000,45,188.656,-21760.4,40.5865,0.395767
20775000,50,211.924,-21755.4,61.1241,0.373467
20790000,46,198.791,-21736.4,47.9861,0.377933
20805000,48,211.829,-21740.7,40.5445,0.382083
20820000,39,162.216,-21789.5,43.3278,0.383883
20835000,43,188.531,-21791.9,39.6423,0.402067
20850000,39,167.818,-21730.2,29.9353,0.36135
20865000,57,241.987,-21764.7,47.6495,0.3951
20880000,54,252.237,-21722.6,50.2279,0.37904
20895000,51,233.31,-21728.2,55.7746,0.366
20910000,48,202.495,-21729.7,58.0715,0.403978
20925000,57,243.705,-21739.1,48.8944,0.402867
20940000,57,252.797,-21733.8,55.4348,0.391333
20955000,66,286.159,-21730,74.1888,0.4154
20970000,51,225.265,-21743.1,54.8217,0.392667
20985000,47,217.789,-21736.3,43.8843,0.3762
21000000,54,228.039,-21715,51.0582,0.372543
21015000,53,245.302,-21758.2,58.9413,0.379467
21030000,44,197.4,-21737.2,46.5449,0.377267
21045000,45,201.183,-21759.5,54.4579,0.403278
21060000,39,171.188,-21759,42.4036,0.375378
21075000,49,228.591,-21736.5,46.1537,0.3904
21090000,60,271.39,-21748.6,64.907,0.3912
21105000,55,251.45,-21753.8,47.9776,0.4002
21120000,40,181.362,-21735.2,43.7664,0.376044
21135000,61,278.258,-21755.7,59.8069,0.384147
21150000,38,162.416,-21745.5,45.3329,0.361567
21165000,44,186.06,-21747.3,44.2918,0.379633
21180000,42,185.261,-21765.1,44.8978,0.376733
21195000,59,265.042,-21764.4,51.0638,0.394089
21210000,62,281.118,-21751.3,46.1304,0.420533
21225000,52,228.972,-21754,48.4746,0.380889
21240000,48,207.718,-21750.8,56.5465,0.405433
21255000,41,191.363,-21748.2,33.0951,0.402467
21270000,48,218.715,-21762,42.362,0.398267
21285000,46,198.205,-21754.6,40.9471,0.3866
21300000,47,212.517,-21744.7,65.9119,0.391933
21315000,45,177.047,-21766.2,41.9679,0.3852
21330000,47,210.816,-21726.5,64.8614,0.376467
21345000,52,223,-21736.6,59.681,0.371646
21360000,57,262.5,-21735.4,59.4614,0.3866
21375000,64,281.222,-21709.7,63.2841,0.3946
21390000,62,283.944,-21704.7,58.7525,0.372
21405000,65,292.475,-21733.2,62.2986,0.391093
21420000,71,322.019,-21718.4,61.5124,0.4022
21435000,71,308.929,-21710.8,85.3153,0.397667
21450000,47,203.711,-21759.1,50.3859,0.395763
21465000,58,266.688,-21726,44.2705,0.398933
21480000,54,242.693,-21738.3,58.3638,0.393667
21495000,47,210.019,-21731.7,49.6807,0.3918
21510000,46,191.773,-21740.7,48.6154,0.374508
21525000,42,179.016,-21778.3,37.091,0.3822
21540000,43,179.815,-21754.3,50.6005,0.380689
21555000,45,206.149,-21744.6,49.9372,0.362889
21570000,50,232.955,-21735.7,43.9334,0.396067
21585000,45,206.618,-21748.9,41.1936,0.387
21600000,47,194.088,-21739.6,51.1326,0.356889
21615000,54,237.266,-21746.1,56.3363,0.393967
21630000,59,260.569,-21743.2,59.2607,0.409533
21645000,55,260.817,-21720.1,52.2622,0.4076
21660000,63,263.621,-21735.6,57.4269,0.3992
21675000,52,236.24,-21745.2,54.1037,0.36796
21690000,59,261.601,-21736.1,43.6957,0.397867
21705000,54,247.998,-21739.3,48.3439,0.3873
21720000,62,279.473,-21728,47.9104,0.390867
21735000,60,253.522,-21723.1,63.4169,0.379822
21750000,49,209.489,-21725.9,35.2547,0.380333
21765000,41,190.213,-21749.2,48.8614,0.3646
21780000,43,191.476,-21738.6,46.9128,0.352867
21795000,50,221.913,-21734.4,51.7576,0.3648
21810000,44,196.975,-21767.9,44.2513,0.392561
21825000,46,203.773,-21730.9,62.0234,0.366833
21840000,48,200.551,-21726,49.4986,0.376933
21855000,55,242.644,-21734.9,54.3317,0.389089
21870000,49,222.211,-21758.2,45.7175,0.4024
21885000,65,261.507,-21715.4,64.0871,0.3898
21900000,76,339.866,-21720.3,61.7581,0.411933
21915000,64,294.673,-21705.3,68.9819,0.404733
21930000,51,216.51,-21737.7,51.8156,0.3984
21945000,49,225.645,-21743.5,50.7668,0.3922
21960000,52,226.192,-21753.5,49.4014,0.3936
21975000,57,249.037,-21727.5,49.5127,0.393733
21990000,49,208.245,-21722.5,55.5402,0.375387
22005000,33,154.223,-21770,30.6675,0.366011
22020000,49,213.359,-21743.9,52.0222,0.3785
22035000,63,273.854,-21743.6,60.9651,0.39865
22050000,49,225.065,-21733.6,47.9316,0.4016
22065000,55,246.606,-21722.6,57.1523,0.377044
22080000,48,201.302,-21730.7,47.4057,0.409033
22095000,54,240.682,-21728.5,63.8305,0.376667
22110000,59,250.247,-21754.1,48.1973,0.400567
22125000,55,248.106,-21735.3,46.6925,0.420467
22140000,59,260.75,-21740.3,63.8407,0.414933
22155000,54,232.417,-21718,54.5773,0.391083
22170000,54,235.848,-21716.4,55.5497,0.389638
22185000,46,207.776,-21731.2,54.574,0.3764
22200000,47,206.929,-21720.6,44.3106,0.376089
22215000,53,230.336,-21719.6,48.001,0.376867
22230000,49,215.298,-21746.9,56.5368,0.389711
22245000,58,243.754,-21699.5,40.6665,0.381833
22260000,54,215.357,-21720.2,47.4747,0.393
22275000,49,204.757,-21739.3,53.6675,0.401178
22290000,65,291.093,-21749.4,54.2418,0.390133
22305000,58,261.101,-21745,52.0687,0.411633
22320000,57,242.395,-21715.7,51.1623,0.3965
22335000,52,219.311,-21706.9,54.0729,0.38816
22350000,55,248.655,-21707.9,53.2835,0.382433
22365000,54,235.175,-21736.5,69.2304,0.393583
22380000,49,198.705,-21723.9,51.8129,0.3978
22395000,58,244.59,-21743.3,57.5362,0.395933
22410000,72,306.783,-21713.1,72.1072,0.390217
22425000,55,244.926,-21745.9,66.4698,0.411333
22440000,56,240.67,-21741.2,60.4263,0.417267
22455000,60,273.848,-21736.5,55.2617,0.377067
22470000,63,280.066,-21716.4,75.8271,0.401547
22485000,51,213.849,-21735.8,35.6701,0.37682
22500000,71,307.573,-21701.1,72.3985,0.399333
22515000,70,313.476,-21712.9,68.3335,0.407333
22530000,72,320.541,-21710.3,68.6515,0.408733
22545000,84,388.68,-21718.3,75.2594,0.417733
22560000,65,292.103,-21713.1,67.0411,0.4134
22575000,71,308.491,-21721.4,72.2632,0.4068
22590000,63,257.442,-21762.8,66.7016,0.39721
22605000,64,270.721,-21750.6,57.9573,0.412067
22620000,40,173.936,-21788.4,40.6263,0.386103
22635000,57,253.66,-21727.4,51.2527,0.414483
22650000,55,241.24,-21748.5,64.9801,0.404378
22665000,56,245.661,-21765.1,71.7054,0.4044
22680000,69,314.164,-21751.3,60.8058,0.419
22695000,64,283.826,-21741.9,70.2482,0.413667
22710000,53,215.929,-21746.7,46.944,0.413667
22725000,42,187.177,-21762.6,42.6085,0.398133
22740000,71,308.396,-21723.1,71.67,0.401567
22755000,61,260.288,-21724.4,56.6384,0.4012
22770000,64,283.534,-21723.3,58.4979,0.3926
22785000,62,291.024,-21715.2,60.8844,0.402067
22800000,69,305.528,-21718.1,72.6582,0.4132
22815000,72,318.296,-21724.1,79.4294,0.4096
22830000,46,209.534,-21756.8,49.1518,0.4045
22845000,50,216.042,-21763.9,57.6449,0.4098
22860000,59,245.543,-21750.7,56.5899,0.391504
22875000,60,250.184,-21735.9,65.7956,0.415667
22890000,60,252.556,-21718,57.1262,0.3968
22905000,55,238.622,-21749.4,48.4162,0.4176
22920000,58,253.179,-21744.4,52.9084,0.390383
22935000,46,211.068,-21746.7,40.0298,0.405667
22950000,64,280.66,-21738.4,72.3879,0.406978
22965000,58,262.784,-21738.8,66.0101,0.4166
22980000,58,242.187,-21734.8,63.5103,0.402733
22995000,62,272.182,-21740.2,57.7943,0.4114
23010000,73,328.745,-21735.4,74.6722,0.425267
23025000,70,301.279,-21736.4,74.6122,0.427067
23040000,51,221.419,-21770.4,51.5599,0.397774
23055000,57,242.347,-21729,51.4008,0.402533
23070000,55,213.993,-21754.9,57.6522,0.394033
23085000,48,203.059,-21741.5,44.3117,0.406
23100000,66,277.612,-21729.2,49.7368,0.3944
23115000,44,192.752,-21764.8,36.9686,0.396444
23130000,68,289.344,-21714.1,69.3322,0.4134
23145000,41,182.884,-21755.1,45.2201,0.3879
23160000,63,273.236,-21732.1,59.7212,0.401867
23175000,57,239.107,-21753.2,63.1522,0.392733
23190000,57,240.946,-21726.4,54.128,0.404533
23205000,63,279.63,-21739.6,73.7239,0.385022
23220000,61,273.345,-21717.6,65.1005,0.4078
23235000,46,188.563,-21742.3,45.5618,0.382467
23250000,63,289.691,-21720.1,66.0681,0.400733
23265000,54,235.406,-21732.3,51.0716,0.389133
23280000,46,191.161,-21729.8,48.811,0.3912
23295000,59,247.876,-21735.4,60.807,0.383467
23310000,60,250.319,-21746.4,58.7888,0.397333
23325000,57,242.997,-21760,48.0811,0.399653
23340000,51,229.342,-21721.6,50.38,0.390311
23355000,50,212.461,-21743.9,68.3363,0.3852
23370000,55,237.824,-21732.9,50.6163,0.403156
23385000,51,232.546,-21738,57.1069,0.398
23400000,47,209.673,-21743.7,39.5565,0.37545
23415000,62,280.23,-21727.9,69.3554,0.388
23430000,65,293.975,-21736,62.0173,0.400133
23445000,58,266.299,-21729.6,54.6301,0.401067
23460000,54,234.214,-21758.6,53.6554,0.4038
23475000,60,255.272,-21758.2,59.4567,0.4016
23490000,56,254.239,-21753.4,58.2211,0.4158
23505000,43,192.288,-21751.5,47.4913,0.397008
23520000,43,185.468,-21743.2,35.1763,0.388573
23535000,44,195.505,-21769.9,54.391,0.392033
23550000,54,235.093,-21750.2,47.5489,0.3912
23565000,60,270.528,-21749,68.5602,0.412167
23580000,44,199.227,-21737,36.6261,0.3797
23595000,54,234.319,-21737.3,54.0499,0.388733
23610000,74,306.157,-21750.9,71.1282,0.415267
23625000,68,295.059,-21732.2,64.6945,0.406467
23640000,73,315.627,-21729.6,66.7293,0.424333
23655000,56,233.912,-21732.2,53.0647,0.401424
23670000,63,267.705,-21715,65.3412,0.398378
23685000,56,236.47,-21721.6,54.4084,0.398067
23700000,62,276.406,-21740.1,58.8041,0.404
23715000,54,247.283,-21748.9,43.9025,0.409067
23730000,53,240.488,-21750.4,62.3621,0.401067
23745000,36,151.332,-21731.4,30.0784,0.394344
23760000,42,191.945,-21754.8,40.5062,0.386367
23775000,48,221.453,-21735,46.1885,0.38556
23790000,48,221.137,-21780.6,47.3235,0.390633
23805000,41,189.015,-21779.2,35.8703,0.3762
23820000,48,211.036,-21785.8,50.4962,0.388533
23835000,49,210.869,-21780.7,51.8115,0.403533
23850000,37,177.223,-21768.1,42.2853,0.397667
23865000,48,200.812,-21774.4,41.1483,0.392433
23880000,52,206.29,-21764.9,51.8096,0.387733
23895000,45,195.47,-21740.8,47.2054,0.379042
23910000,40,169.518,-21766.1,46.7587,0.386467
23925000,36,169.865,-21766.6,30.5263,0.393147
23940000,57,233.145,-21748.3,58.9453,0.376667
23955000,37,157.814,-21732.9,46.0265,0.365933
23970000,48,202.289,-21762.7,42.9533,0.381311
23985000,59,258.711,-21759.3,62.375,0.396933
24000000,43,180.837,-21787.6,41.4554,0.383544
24015000,62,267.258,-21744.3,62.2849,0.409833
24030000,56,240.095,-21726.6,58.5586,0.378147
24045000,59,266.815,-21752.1,64.3552,0.4038
24060000,76,352.494,-21738.7,72.7954,0.407378
24075000,68,298.237,-21753.1,74.7003,0.4166
24090000,63,278.561,-21707.8,52.4153,0.413111
24105000,43,173.794,-21796.5,38.6302,0.405371
24120000,59,255.337,-21712.6,53.2933,0.4031
24135000,72,315.596,-21714.8,59.2773,0.405267
24150000,72,324.547,-21709.3,72.1309,0.404267
24165000,74,316.029,-21726,97.5355,0.413
24180000,58,250.078,-21727.4,66.841,0.404183
24195000,62,276.164,-21727.1,57.0129,0.410967
24210000,58,246.158,-21731.5,54.0723,0.404233
24225000,54,233.336,-21727,54.8836,0.4074
24240000,57,248.953,-21746.3,55.2708,0.406333
24255000,51,232.475,-21740.8,61.2902,0.400133
24270000,50,217.932,-21747.4,54.6837,0.386422
24285000,41,167.66,-21778.4,28.4812,0.387806
24300000,49,214.391,-21763.9,48.9899,0.383733
24315000,54,241.944,-21754.6,57.0646,0.3902
24330000,53,233.573,-21744.9,50.1241,0.387387
24345000,64,266.955,-21754.4,81.3342,0.4059
24360000,56,241.707,-21732.9,51.6105,0.398789
24375000,43,194.371,-21728.7,52.3169,0.391733
24390000,60,262.434,-21755,68.6601,0.411711
24405000,59,265.174,-21744.8,50.9257,0.395333
24420000,73,311.888,-21721.4,83.0301,0.405267
24435000,59,257.119,-21719.3,57.5443,0.392667
24450000,48,216.868,-21730,46.3245,0.385733
24465000,57,248.39,-21737,51.843,0.406733
24480000,46,192.193,-21734.7,51.49,0.395933
24495000,51,222.705,-21756.6,52.9291,0.374333
24510000,61,258.768,-21755.3,57.8027,0.406378
24525000,63,279.829,-21743.5,70.0773,0.4198
24540000,54,239.403,-21737.3,66.803,0.396111
24555000,41,175.106,-21748.7,47.6335,0.396067
24570000,43,201.942,-21743.7,38.7358,0.3787
24585000,48,214.88,-21740.8,43.0796,0.401467
24600000,59,242.63,-21764.1,49.4522,0.399222
24615000,55,226.293,-21736.1,54.2469,0.387489
24630000,62,258.454,-21731.9,70.523,0.403067
24645000,54,227.511,-21718.5,49.6898,0.395667
24660000,51,215.515,-21732.9,61.3481,0.3796
24675000,37,165.391,-21773.3,37.6962,0.3876
24690000,53,225.74,-21753.2,61.3592,0.37796
24705000,72,323.95,-21720.2,84.6462,0.398978
24720000,62,275.995,-21728.7,72.7179,0.394
24735000,73,324.714,-21727,75.8927,0.396067
24750000,64,290.077,-21734.1,71.0487,0.403
24765000,62,252.65,-21720.2,75.8775,0.400267
24780000,58,254.221,-21736,51.964,0.4038
24795000,57,238.637,-21730.3,61.0065,0.392167
24810000,58,235.573,-21737.8,70.9489,0.398667
24825000,48,202.011,-21751.9,53.9541,0.403387
24840000,51,220.306,-21748.3,46.6375,0.387433
24855000,59,249.758,-21723.5,56.7268,0.389733
24870000,46,199.888,-21741,42.1966,0.387778
24885000,63,276.096,-21738.6,61.3315,0.402533
24900000,54,249.915,-21760.6,48.9844,0.404467
24915000,65,286.52,-21749.1,70.1484,0.379674
24930000,47,209.847,-21724.7,47.078,0.3909
24945000,51,215.061,-21779.2,47.1374,0.376122
24960000,44,187.548,-21757.9,46.0741,0.3864
24975000,44,192.115,-21758.1,34.8159,0.392233
24990000,59,260.173,-21738.4,65.5611,0.38665
25005000,46,201.818,-21744.1,48.826,0.389578
25020000,55,250.508,-21736.9,52.9262,0.393867
25035000,52,231.51,-21741.2,45.7997,0.386978
25050000,48,208.867,-21734.9,44.5731,0.3698
25065000,51,218.606,-21741.9,66.3683,0.3776
25080000,47,205.797,-21783.4,45.9468,0.3993
25095000,66,278.985,-21758.8,48.0924,0.385067
25110000,42,162.949,-21750.8,40.7845,0.394533
25125000,49,216.238,-21754.2,59.8737,0.3964
25140000,60,259.727,-21741,56.5867,0.4066
25155000,66,269.49,-21751.6,67.8982,0.406733
25170000,48,181.241,-21744.5,51.4495,0.400467
25185000,46,201.062,-21752.5,39.0375,0.399695
25200000,46,179.198,-21748.9,54.1028,0.397067
25215000,51,226.096,-21761.4,48.2276,0.391971
25230000,52,221.591,-21741.4,54.7998,0.390033
25245000,46,205.898,-21771.3,41.5886,0.409967
25260000,60,254.917,-21750.7,72.5669,0.399253
25275000,53,218.866,-21764.8,52.2412,0.4052
25290000,64,269.598,-21728.8,49.2939,0.3908
25305000,60,258.839,-21732.9,54.4814,0.406533
25320000,53,226.564,-21759.6,54.2488,0.4038
25335000,62,273.514,-21735.1,71.6554,0.3968
25350000,56,232.997,-21776.7,63.3068,0.392171
25365000,52,230.772,-21747.4,54.5438,0.4008
25380000,51,217.566,-21769.7,48.8646,0.410033
25395000,50,223.246,-21750.7,56.2731,0.4028
25410000,54,231.152,-21756,53.1656,0.382644
25425000,56,251.979,-21742.2,53.6783,0.397233
25440000,59,257.003,-21751,66.8559,0.399933
25455000,67,294.751,-21733.9,75.139,0.402378
25470000,77,333.568,-21735.5,95.1758,0.402933
25485000,69,312.62,-21726.4,75.0174,0.4066
25500000,61,266.113,-21746.3,61.5311,0.405667
25515000,51,194.391,-21749.1,57.3062,0.403133
25530000,47,205.782,-21739.7,52.282,0.387792
25545000,50,224.05,-21731,50.5559,0.3796
25560000,40,175.571,-21757,36.403,0.391217
25575000,55,233.774,-21755.5,48.4168,0.388267
25590000,44,194.352,-21752.5,57.7023,0.380067
25605000,55,230.996,-21748.9,59.4488,0.399667
25620000,52,225.202,-21742.7,52.6996,0.404067
25635000,53,220.634,-21759,53.067,0.391625
25650000,59,269.487,-21752.2,59.4074,0.397767
25665000,51,219.55,-21735.5,45.3946,0.380742
25680000,45,190.778,-21762.3,53.6757,0.3972
25695000,40,175.631,-21752.6,41.3614,0.405933
25710000,54,220.376,-21763.4,44.6051,0.395378
25725000,54,237.903,-21762.2,56.2534,0.3927
25740000,63,273.769,-21739.9,64.5424,0.408833
25755000,62,269.701,-21727.2,67.8064,0.403933
25770000,66,291.102,-21744.4,73.5122,0.413156
25785000,40,167.781,-21760.2,32.2392,0.38972
25800000,56,254.458,-21782.8,56.2523,0.409767
25815000,44,191.467,-21733.1,48.936,0.385233
25830000,52,229.547,-21734.3,38.0816,0.391067
25845000,61,258.303,-21744.6,67.0669,0.398733
25860000,64,286.273,-21751.3,57.8992,0.421733
25875000,55,215.866,-21735.3,43.6712,0.401667
25890000,61,239.001,-21777.1,56.0479,0.3948
25905000,56,245.421,-21748.6,47.863,0.404633
25920000,49,215.382,-21776.1,54.3633,0.404517
25935000,57,247.568,-21769.4,52.6891,0.4096
25950000,48,204.203,-21751.7,42.6074,0.401817
25965000,42,172.46,-21749.7,44.9263,0.3948
25980000,44,198.441,-21743,33.9434,0.3948
25995000,47,199.855,-21764.7,58.9332,0.394767
26010000,64,281.969,-21771.7,66.0447,0.400667
26025000,58,257.147,-21738.9,43.1482,0.401467
26040000,70,288.352,-21720.8,72.1142,0.404152
26055000,62,270.257,-21733.4,56.6272,0.406067
26070000,50,222.039,-21742.9,49.3833,0.4094
26085000,68,304.76,-21745.9,63.6083,0.4068
26100000,44,178.215,-21785.6,51.0137,0.391775
26115000,59,263.575,-21748,45.9794,0.4026
26130000,47,212.307,-21771.3,35.2284,0.400971
26145000,48,206.969,-21768.1,49.6505,0.375067
26160000,60,271.356,-21749.8,66.7881,0.403422
26175000,59,263.573,-21761.6,52.7837,0.395907
26190000,53,233.721,-21771.3,55.0159,0.414533
26205000,50,214.122,-21759.1,42.9347,0.406667
26220000,55,255.092,-21733.6,47.3981,0.39655
26235000,55,247.98,-21722.8,44.1239,0.397867
26250000,71,307.693,-21724,80.3158,0.396467
26265000,65,290.634,-21750.1,62.2171,0.405867
26280000,59,264.066,-21759.6,61.0433,0.405467
26295000,53,222.954,-21753.1,56.9185,0.389113
26310000,51,209.539,-21741.3,53.8352,0.398
26325000,50,222.714,-21756.2,43.7712,0.393375
26340000,50,205.963,-21762.6,52.907,0.394244
26355000,56,242.927,-21740.4,58.9361,0.392467
26370000,58,244.943,-21731.8,50.8978,0.3997
26385000,57,242.294,-21737.3,50.0454,0.395467
26400000,63,279.872,-21754.7,77.8019,0.406
26415000,56,230.81,-21733.3,54.0873,0.396067
26430000,52,219.424,-21739.4,52.193,0.399067
26445000,46,191.66,-21756.6,41.6849,0.3906
26460000,54,236.125,-21748.8,48.5441,0.3925
26475000,57,250.436,-21734.8,53.2398,0.402933
26490000,45,201.491,-21747.6,48.1727,0.374933
26505000,56,220.054,-21734.8,49.0992,0.392767
26520000,51,215.809,-21749.6,43.4613,0.396519
26535000,54,211.567,-21763.2,65.1941,0.388267
26550000,55,232.876,-21725.8,58.3716,0.393156
26565000,77,343.981,-21715.5,60.0978,0.4136
26580000,45,188.342,-21745.7,46.5993,0.381
26595000,57,248.799,-21742.8,70.1909,0.382733
26610000,66,291.555,-21737.9,61.3109,0.416222
26625000,60,253.892,-21736.1,58.2959,0.416467
26640000,59,251.918,-21759.5,56.061,0.407333
26655000,67,287.797,-21735.3,70.3024,0.399883
26670000,55,234.661,-21752.7,55.1496,0.395289
26685000,62,274.797,-21738.5,74.9158,0.407822
26700000,62,279.428,-21740.5,51.1397,0.407733
26715000,72,298.889,-21743.6,71.6266,0.402983
26730000,66,280.345,-21733.8,65.0953,0.4116
26745000,79,336.388,-21723.1,74.5217,0.4172
26760000,57,234.159,-21751.9,59.0017,0.395878
26775000,60,257.69,-21703.6,59.7869,0.4032
26790000,64,274.932,-21733.1,65.7649,0.4056
26805000,47,193.296,-21756.1,44.5043,0.405543
26820000,55,234.47,-21731.9,52.4464,0.4024
26835000,53,231.337,-21726.5,61.7548,0.383067
26850000,45,193.121,-21744.4,44.1276,0.389689
26865000,41,181.667,-21769.3,40.521,0.3972
26880000,47,207.207,-21762,43.0989,0.377267
26895000,69,321.579,-21720.7,72.6521,0.40765
26910000,62,274.92,-21716.8,77.496,0.399
26925000,61,262.769,-21742.5,63.9108,0.402533
26940000,74,313.285,-21745.2,64.5396,0.421333
26955000,70,299.05,-21730.1,54.0009,0.4144
26970000,52,216.508,-21736.1,48.708,0.3962
26985000,47,197.372,-21736.3,43.0886,0.389733
27000000,51,210.857,-21762.5,47.704,0.388692
27015000,66,268.139,-21735.9,68.1793,0.405333
27030000,76,346.116,-21736.8,74.7099,0.4098
27045000,44,194.532,-21735.5,48.5591,0.393783
27060000,42,174.539,-21755.2,46.5665,0.3794
27075000,43,176.645,-21761.5,55.0621,0.3668
27090000,38,155.947,-21780.5,37.8717,0.3865
27105000,49,211.126,-21772.8,50.49,0.378733
27120000,48,206.499,-21762.2,49.7432,0.391767
27135000,49,206.803,-21765.8,46.256,0.3774
27150000,47,203.411,-21757.2,33.5159,0.376867
27165000,51,233.744,-21772.8,61.0739,0.387622
27180000,54,231.552,-21753.6,58.8053,0.402667
27195000,60,254.835,-21745.5,63.8287,0.397983
27210000,48,212.803,-21760.9,46.2868,0.40255
27225000,58,257.028,-21761.5,57.2401,0.410911
27240000,55,238.072,-21740.2,54.18,0.391167
27255000,56,244.217,-21750.5,49.7216,0.404633
27270000,47,202.674,-21743.6,46.8608,0.402133
27285000,55,246.95,-21730.4,69.9106,0.394489
27300000,43,184.361,-21767.3,40.9348,0.398244
27315000,61,264.527,-21734.6,59.9924,0.394422
27330000,51,215.62,-21733.3,42.0395,0.387867
27345000,61,276.884,-21727,66.2185,0.391467
27360000,64,277.019,-21723.9,75.1589,0.391267
27375000,59,260.691,-21731.7,57.1965,0.408383
27390000,53,250.672,-21763.8,69.0763,0.391178
27405000,61,265.401,-21744,72.6605,0.391911
27420000,60,265.95,-21742.7,66.8248,0.405422
27435000,42,188.984,-21762.2,47.3153,0.395511
27450000,49,206.896,-21736.8,42.1422,0.393089
27465000,42,173.21,-21753.8,44.4788,0.371667
27480000,52,221.715,-21754.1,51.6009,0.39975
27495000,42,185.887,-21778.3,41.353,0.38685
27510000,45,204.869,-21787.3,48.2745,0.396467
27525000,37,171.719,-21776.8,55.1158,0.389867
27540000,55,242.148,-21762.5,61.3083,0.3809
27555000,53,217.273,-21747.8,51.696,0.374978
27570000,48,215.328,-21769.5,48.1054,0.403367
27585000,49,200.422,-21764.3,41.1246,0.397267
27600000,48,206.23,-21776.2,52.5218,0.390307
27615000,49,202.965,-21751.3,59.4156,0.380933
27630000,37,159.501,-21791.9,37.3569,0.390567
27645000,46,205.008,-21776.8,41.1697,0.384967
27660000,39,175.011,-21774.6,39.4412,0.386
27675000,44,185.635,-21750,44.0516,0.382783
27690000,46,210.737,-21771.7,50.6491,0.387883
27705000,46,208.237,-21755.4,41.4426,0.382533
27720000,45,196.432,-21730.8,48.6033,0.394067
27735000,54,233.451,-21733.2,58.1332,0.389333
27750000,51,212.191,-21745.5,53.1995,0.404467
27765000,43,186.846,-21764.7,47.2248,0.385122
27780000,39,173.789,-21760.5,43.1538,0.383167
27795000,51,235.213,-21778.3,46.703,0.388686
27810000,41,184.057,-21779,37.5552,0.401467
27825000,56,232.637,-21731.8,45.4553,0.3828
27840000,46,184.096,-21759.2,45.6271,0.386867
27855000,61,248.62,-21739.4,56.1438,0.392067
27870000,48,216.71,-21751.5,52.265,0.386244
27885000,31,134.657,-21799.4,28.7671,0.397293
27900000,48,199.149,-21751.6,42.4005,0.382178
27915000,54,229.485,-21757.2,64.218,0.3944
27930000,51,219.51,-21751.7,60.2977,0.394233
27945000,45,192.409,-21787.3,56.2653,0.385333
27960000,50,224.971,-21732.1,53.9437,0.405711
27975000,56,262.502,-21724.2,48.4563,0.393133
27990000,49,203.986,-21793,46.2792,0.394343
28005000,56,260.034,-21776.5,62.8707,0.406133
28020000,38,158.501,-21767.2,28.3902,0.375053
28035000,57,256.548,-21785.2,62.2461,0.3968
28050000,55,247.319,-21736.5,59.2873,0.393627
28065000,51,223.509,-21749.2,44.2365,0.393133
28080000,51,220.693,-21780.3,45.1909,0.406311
28095000,59,257.5,-21761.3,69.6276,0.407067
28110000,60,263.094,-21725,55.6845,0.403511
28125000,65,268.588,-21718.9,47.7179,0.392667
28140000,71,292.803,-21730.5,55.1983,0.419267
28155000,49,215.447,-21767.8,61.5733,0.410983
28170000,57,249.077,-21760.5,64.7322,0.4082
28185000,49,206.562,-21763.6,54.0175,0.402067
28200000,49,221.394,-21757.8,60.6863,0.405867
28215000,53,234.541,-21768.5,59.2762,0.416333
28230000,42,174.737,-21764.6,47.5763,0.38881
28245000,52,228.663,-21771.9,44.9289,0.406333
28260000,58,250.26,-21745.7,48.591,0.400133
28275000,64,276.391,-21748.1,62.9906,0.4074
28290000,44,196.228,-21735.8,46.5206,0.388433
28305000,67,296.304,-21744.7,77.3023,0.404867
28320000,62,281.816,-21753.9,68.6193,0.423733
28335000,58,246.161,-21752.6,62.2136,0.4088
28350000,59,267.789,-21744.8,47.0275,0.409533
28365000,50,212.766,-21755.3,41.7735,0.397587
28380000,48,220.419,-21787.8,50.7046,0.391556
28395000,61,263.503,-21751,60.0103,0.403333
28410000,41,186.947,-21794,40.0148,0.412533
28425000,33,136.721,-21791.3,29.043,0.376733
28440000,55,231.002,-21740.7,67.3295,0.398778
28455000,50,216.025,-21745.2,57.0794,0.402076
28470000,58,259.078,-21724.5,76.5393,0.403767
28485000,53,240.466,-21719.8,59.3998,0.404333
28500000,41,172.971,-21738.1,39.9278,0.403178
28515000,58,252.255,-21729.4,62.8779,0.389867
28530000,61,267.225,-21711,54.2518,0.395133
28545000,51,231.546,-21735.6,49.8608,0.393111
28560000,51,205.155,-21763.4,60.5134,0.388015
28575000,58,268.084,-21737.2,62.7403,0.401733
28590000,55,239.261,-21730.2,66.3632,0.400467
28605000,69,298.709,-21725.6,73.2057,0.404033
28620000,71,307.797,-21745.7,60.4696,0.404233
28635000,63,267.71,-21721.6,69.1959,0.405867
28650000,60,257.524,-21765.3,68.6805,0.4058
28665000,64,295.619,-21732.1,76.358,0.4076
28680000,57,255.541,-21738.2,63.3997,0.395183
28695000,64,264.909,-21738.4,62.6181,0.394667
28710000,59,252.786,-21737.9,49.8489,0.405867
28725000,61,254.216,-21768.8,57.9513,0.3992
28740000,58,233.288,-21741.5,55.2339,0.408933
28755000,60,277.92,-21727.3,69.0252,0.392
28770000,55,228.362,-21749.9,45.1394,0.403
28785000,44,180.83,-21744.1,51.2235,0.394933
28800000,53,219.63,-21744.1,58.6844,0.392252
28815000,44,190.115,-21747.7,51.3694,0.384367
28830000,45,200.392,-21755.6,46.9409,0.394233
28845000,59,250.947,-21753.6,58.908,0.383
28860000,56,229.86,-21749.1,60.7836,0.388133
28875000,53,238.92,-21738.2,61.7349,0.399289
28890000,47,194.322,-21728.2,41.4891,0.368333
28905000,57,257.601,-21738.8,65.3464,0.378933
28920000,66,293.59,-21719.8,81.6603,0.404067
28935000,66,291.214,-21749.1,57.2488,0.404733
28950000,60,280.689,-21765,57.5279,0.404467
28965000,50,218.932,-21725.8,52.5107,0.382933
28980000,59,272.473,-21739.3,63.6943,0.398333
28995000,54,240.625,-21746,49.6547,0.394489
29010000,50,216.164,-21706.7,38.4487,0.386044
29025000,60,267.664,-21731.5,65.982,0.395511
29040000,49,218.112,-21762.7,43.4721,0.401733
29055000,52,235.619,-21754.3,51.7447,0.393467
29070000,45,209.278,-21771.8,40.1409,0.3878
29085000,52,215.97,-21753.9,54.9284,0.391417
29100000,39,161.557,-21760.8,33.3281,0.391233
29115000,42,179.544,-21703.3,41.6421,0.37601
29130000,42,189.627,-21772.5,44.3881,0.388367
29145000,52,224.866,-21746.1,70.656,0.387933
29160000,50,211.47,-21716.1,44.2284,0.371444
29175000,55,244.393,-21755.4,56.4382,0.400767
29190000,48,205.113,-21755.5,67.3159,0.391733
29205000,42,173.616,-21763.4,53.6029,0.375547
29220000,50,205.637,-21765,54.9998,0.386867
29235000,62,277.844,-21723.4,70.5272,0.404067
29250000,39,169.341,-21749.4,39,0.371144
29265000,55,236.884,-21758.9,67.4424,0.394433
29280000,62,274.49,-21751.2,63.8219,0.420733
29295000,60,253.925,-21769.7,79.9667,0.410467
29310000,48,203.531,-21754,47.5179,0.386289
29325000,63,276.749,-21759.5,70.0416,0.397167
29340000,70,310.246,-21760.9,71.2414,0.411933
29355000,60,266.304,-21745.4,60.1627,0.408467
29370000,57,246.324,-21749.7,53.424,0.402
29385000,68,309.013,-21735.2,73.2118,0.402307
29400000,58,243.295,-21743.2,65.7033,0.395533
29415000,55,237.809,-21743.1,67.5379,0.392333
29430000,60,268.172,-21738,71.7395,0.401867
29445000,74,309.088,-21758.4,64.5469,0.402067
29460000,57,252.578,-21754,63.5592,0.4146
29475000,55,245.663,-21738.4,72.6145,0.389182
29490000,45,207.168,-21760.9,45.7376,0.393667
29505000,52,230.22,-21762,62.231,0.390467
29520000,53,227.754,-21745,45.4141,0.408187
29535000,51,211.971,-21758.6,51.3676,0.386667
29550000,53,238.036,-21737.2,57.7599,0.390356
29565000,48,212.83,-21738.8,37.9883,0.391667
29580000,49,219.102,-21747.1,51.7591,0.393
29595000,62,271.562,-21735.7,56.0898,0.404283
29610000,58,257.752,-21752.4,68.1717,0.3864
29625000,64,290.589,-21734.6,68.5848,0.398467
29640000,60,263.463,-21731.6,63.149,0.407933
29655000,49,221.619,-21732.8,46.8779,0.386333
29670000,61,272.313,-21748,59.3765,0.3874
29685000,57,267.399,-21763.9,49.4869,0.39141
29700000,56,237.267,-21742.4,58.2213,0.396367
29715000,56,236.485,-21723.9,54.0448,0.397
29730000,42,189.848,-21744.9,41.5692,0.379244
29745000,40,165.098,-21754.8,34.9721,0.379533
29760000,57,244.262,-21751,57.0877,0.393933
29775000,47,206.037,-21778.1,57.0181,0.38559
29790000,46,199.402,-21774.5,45.174,0.380933
29805000,39,181.513,-21764.4,36.3897,0.402767
29820000,43,185.472,-21758.8,39.1078,0.39064
29835000,50,207.057,-21740.4,43.9676,0.3782
29850000,54,233.023,-21747.6,41.2657,0.391911
29865000,52,228.714,-21730.5,53.4484,0.383533
29880000,50,222.789,-21750.9,55.1053,0.392
29895000,54,230.029,-21755,58.7678,0.406222
29910000,47,197.792,-21757.3,53.5032,0.379433
29925000,52,230.419,-21771.5,58.2354,0.400633
29940000,42,189.516,-21762.1,50.6123,0.38622
29955000,47,200.82,-21763.9,45.6883,0.405733
29970000,45,184.991,-21780.5,39.3873,0.3913
29985000,43,190.917,-21751.5,40.4476,0.399267
