generation,N_shifts,logPrior,logLik,eventRate,acceptRate
0,0,0.641453,-24222.7,100,0
15000,0,-0.435796,-22051.9,1.98146,0.20372
30000,0,-1.39369,-22049.9,1.23658,0.152067
45000,1,5.2159,-22022,0.641344,0.199378
60000,1,6.40926,-22018.7,5.23804,0.294233
75000,1,5.68951,-22020.3,0.302681,0.3494
90000,2,9.39563,-22014.7,4.02761,0.262042
105000,2,8.56958,-22008.3,3.08431,0.318867
120000,3,16.9327,-21985.2,4.2942,0.32444
135000,7,30.0722,-21927.4,8.86649,0.307883
150000,7,28.074,-21919.8,10.0085,0.331267
165000,9,37.831,-21937,4.19069,0.309383
180000,8,23.4831,-21904.6,6.32267,0.3236
195000,8,34.2785,-21919.2,9.32894,0.310556
210000,9,30.2331,-21904.6,11.499,0.277633
225000,8,25.3108,-21888.7,13.3695,0.2918
240000,15,63.7012,-21852.6,20.4931,0.326511
255000,17,69.7028,-21815.7,17.3564,0.2988
270000,19,72.2761,-21830,17.4586,0.328867
285000,14,55.1784,-21822.2,17.314,0.332333
300000,23,90.9125,-21805.2,31.4168,0.326853
315000,21,87.3136,-21796,23.5958,0.349533
330000,18,73.9087,-21785,17.835,0.343067
345000,17,69.8912,-21787.7,12.4313,0.31596
360000,24,103.392,-21759.5,27.0784,0.343333
375000,15,57.0473,-21780.6,18.418,0.320367
390000,22,92.4136,-21751.9,23.6868,0.334567
405000,22,91.6907,-21755.7,26.1416,0.3454
420000,21,88.5118,-21758.6,23.3986,0.337333
435000,21,81.754,-21767.1,22.9128,0.322133
450000,20,83.6564,-21784.7,27.5037,0.341879
465000,29,130.107,-21756.8,28.6571,0.358467
480000,40,171.986,-21765.1,45.2311,0.381333
495000,48,203.268,-21718,58.4973,0.3998
510000,49,194.401,-21694.9,46.4499,0.3846
525000,34,140.607,-21757.4,37.8063,0.334611
540000,60,252.274,-21673.2,71.354,0.3908
555000,59,241.661,-21682,70.2852,0.386467
570000,39,171.28,-21713.1,33.3278,0.361393
585000,61,249.004,-21675.8,74.7964,0.400033
600000,67,283.756,-21667.1,69.1768,0.392667
615000,77,320.737,-21660.7,90.5859,0.4142
630000,64,270.658,-21650.1,64.5289,0.4094
645000,64,292.439,-21651.1,65.8076,0.3854
660000,61,249.368,-21652.5,62.323,0.394733
675000,54,213.038,-21673.3,59.2319,0.384629
690000,67,290.5,-21634.7,67.011,0.396233
705000,69,313.494,-21655.6,61.8566,0.393167
720000,83,360.113,-21657.7,99.7289,0.406333
735000,68,308.659,-21655.7,77.8069,0.4088
750000,76,335.786,-21646.8,83.3347,0.407333
765000,66,294.734,-21642.1,68.3418,0.39116
780000,71,313.358,-21665.1,69.7837,0.406133
795000,70,291.386,-21655.7,66.0421,0.4022
810000,68,277.982,-21635.4,73.4155,0.3916
825000,71,302.312,-21657.6,67.1846,0.396567
840000,71,309.844,-21633.9,72.0595,0.3916
855000,70,309.036,-21621.3,61.4801,0.4036
870000,63,271.82,-21650.7,61.4135,0.401467
885000,50,207.881,-21647.8,47.8534,0.367547
900000,62,272.399,-21634.9,60.6057,0.388367
915000,61,267.665,-21644.2,64.1874,0.389676
930000,82,354.615,-21594.6,88.6227,0.398833
945000,69,288.105,-21611.3,78.8581,0.391133
960000,70,303.228,-21633.6,71.8623,0.405933
975000,71,299.941,-21618.9,77.198,0.398267
990000,69,313.181,-21609.9,85.2655,0.395467
1005000,69,310.265,-21631,64.4718,0.3898
1020000,65,276.675,-21617,53.1143,0.404933
1035000,61,248.177,-21622.4,56.6017,0.396533
1050000,66,289.354,-21612.4,66.925,0.387133
1065000,68,283.487,-21610.8,71.5428,0.398933
1080000,76,312.622,-21617.8,76.3391,0.400333
1095000,47,209.789,-21659.6,48.0502,0.3883
1110000,52,233.071,-21633.2,53.4525,0.370213
1125000,50,206.423,-21640.5,55.5838,0.396044
1140000,63,272.8,-21627.1,59.7352,0.377867
1155000,60,265.715,-21638.8,64.8311,0.389933
1170000,61,251.231,-21648.6,58.8991,0.3882
1185000,68,291.204,-21620,73.0869,0.38236
1200000,58,235.884,-21627.8,57.4076,0.3866
1215000,71,302.327,-21621.1,74.8653,0.391533
1230000,63,262.277,-21638.8,57.1365,0.406533
1245000,57,255.018,-21643.7,52.0316,0.393867
1260000,59,250.803,-21625.1,54.4634,0.383789
1275000,43,190.263,-21632.4,43.785,0.365167
1290000,56,230.961,-21638,50.9542,0.376467
1305000,61,259.036,-21617.6,75.5173,0.3764
1320000,64,279.756,-21634.2,63.2474,0.3772
1335000,71,301.78,-21625,69.3541,0.387033
1350000,80,326.266,-21637.7,82.8194,0.410533
1365000,61,238.198,-21613.4,51.7518,0.396133
1380000,60,271.148,-21670.5,63.4861,0.383649
1395000,62,272.577,-21610.7,54.213,0.387667
1410000,68,286.475,-21615.9,52.5546,0.384933
1425000,64,246.511,-21624.6,80.361,0.373533
1440000,46,201.009,-21661.1,59.4365,0.379492
1455000,69,281.728,-21614.1,78.401,0.3862
1470000,70,278.44,-21627.8,68.5442,0.3996
1485000,80,333.016,-21607.6,73.6651,0.393733
1500000,59,246.42,-21703,60.5138,0.389692
1515000,74,310.325,-21597,87.0889,0.3979
1530000,46,200.181,-21651.3,47.9874,0.391967
1545000,79,310.003,-21592,85.6668,0.384633
1560000,79,348.519,-21585.8,74.5492,0.393
1575000,84,355.398,-21594.6,78.4357,0.3964
1590000,93,400.191,-21594.1,93.2237,0.4008
1605000,86,358.926,-21577,107.785,0.407733
1620000,86,378.968,-21587,64.826,0.3994
1635000,81,357.593,-21607.7,84.041,0.3936
1650000,71,305.626,-21600.9,63.9508,0.3928
1665000,66,294.972,-21604.9,53.2328,0.3856
1680000,71,314.772,-21611.8,70.3073,0.384733
1695000,66,301.56,-21618.7,67.182,0.393133
1710000,62,288.753,-21673.8,60.225,0.380738
1725000,70,314.249,-21619.9,77.0519,0.395733
1740000,69,299.734,-21621.4,64.8647,0.3894
1755000,66,294.914,-21613.4,65.3435,0.374533
1770000,55,251.63,-21600.4,65.1314,0.380667
1785000,62,266.259,-21603.9,69.2214,0.372333
1800000,58,266.436,-21676.1,70.084,0.391522
1815000,64,280.053,-21679.9,68.2947,0.4036
1830000,60,256.141,-21601.5,63.9529,0.384822
1845000,52,217.203,-21616.5,58.8031,0.364333
1860000,55,244.933,-21667.5,49.2448,0.372645
1875000,59,263.576,-21643,63.9754,0.376367
1890000,55,242.879,-21682.8,41.7664,0.3853
1905000,62,262.619,-21657.3,76.0324,0.402078
1920000,59,243.358,-21630,56.5559,0.408667
1935000,70,310.864,-21659.1,69.4771,0.3834
1950000,50,213.529,-21621.5,51.2145,0.3798
1965000,47,201.082,-21628.4,53.833,0.358867
1980000,57,257.885,-21696.3,69.0683,0.386289
1995000,61,263.296,-21634.2,69.2736,0.372767
2010000,69,281.296,-21619.9,79.2443,0.389133
2025000,72,293.478,-21604.1,74.7513,0.388733
2040000,62,258.946,-21639.4,59.909,0.39315
2055000,71,308.238,-21603.1,71.7622,0.391133
2070000,75,330.648,-21604.7,70.9838,0.4016
2085000,87,379.306,-21620.6,81.2661,0.4036
2100000,65,277.041,-21644.4,63.8555,0.384014
2115000,76,323.442,-21631.2,82.2539,0.389333
2130000,61,258.72,-21649.4,67.9571,0.382589
2145000,56,241.428,-21633.7,50.7346,0.394933
2160000,67,290.007,-21624.3,70.19,0.401178
2175000,61,260.116,-21630.9,62.8625,0.387667
2190000,64,287.044,-21622.3,60.8355,0.400067
2205000,60,254.06,-21641.1,62.9782,0.392467
2220000,69,299.962,-21626.5,62.9149,0.396533
2235000,71,317.2,-21604.2,56.8075,0.3954
2250000,78,333.727,-21610.5,79.8621,0.392533
2265000,80,334.476,-21594.5,69.4615,0.399533
2280000,69,280.564,-21604.9,75.1022,0.394
2295000,62,264.746,-21615.9,63.5901,0.3894
2310000,73,318.533,-21599.3,70.4128,0.406133
2325000,74,327.518,-21605.1,72.8977,0.400867
2340000,63,292.17,-21630,67.5625,0.391933
2355000,74,320.309,-21607.2,75.0151,0.390133
2370000,57,247.04,-21647,55.4438,0.400333
2385000,62,279.187,-21601.9,70.8368,0.377075
2400000,53,238.001,-21615.5,47.7025,0.387767
2415000,38,158.368,-21694,32.0435,0.369832
2430000,45,186.235,-21689.3,47.8797,0.357467
2445000,66,282.764,-21612.5,59.9062,0.380417
2460000,71,315.452,-21605,47.1525,0.3872
2475000,55,230.756,-21657.3,34.3655,0.386133
2490000,63,270.41,-21624.1,64.9703,0.399033
2505000,57,256.807,-21626.8,52.3436,0.389067
2520000,62,257.468,-21619.7,68.2404,0.3868
2535000,47,198.112,-21656.7,57.1825,0.380167
2550000,64,283.919,-21613.7,72.7696,0.385133
2565000,52,228.834,-21666,57.9526,0.380748
2580000,53,224.345,-21635.6,47.8064,0.381967
2595000,59,241.185,-21633.2,65.7066,0.387133
2610000,64,287.124,-21656,75.0957,0.404178
2625000,55,234.765,-21665.1,47.7925,0.3992
2640000,41,175.091,-21678.9,49.7236,0.3624
2655000,52,228.598,-21681.1,55.9703,0.381217
2670000,65,283.2,-21687.6,66.7083,0.3922
2685000,65,279.81,-21670.7,64.3035,0.415533
2700000,67,293.463,-21634.6,54.0371,0.38521
2715000,50,205.922,-21679.1,57.3649,0.387167
2730000,69,306.793,-21626.3,64.2355,0.3872
2745000,55,248.136,-21663.8,46.1233,0.401533
2760000,81,347.756,-21646.4,86.2744,0.399667
2775000,71,316.538,-21632.5,67.3087,0.412467
2790000,70,323.745,-21634.6,72.9652,0.412067
2805000,57,243.181,-21635.5,56.3968,0.385564
2820000,67,304.288,-21634.6,66.6589,0.399133
2835000,57,261.33,-21661.5,65.7614,0.3797
2850000,81,364.487,-21626.4,92.3461,0.4035
2865000,74,313.199,-21628.9,59.1203,0.4004
2880000,63,277.682,-21629.9,59.0855,0.400267
2895000,58,256.174,-21666.4,49.1898,0.391017
2910000,56,258.11,-21633.5,42.5752,0.376233
2925000,58,255.665,-21651.4,63.6063,0.404733
2940000,63,290.861,-21650.6,76.5506,0.3968
2955000,73,325.979,-21653.3,74.362,0.410433
2970000,68,298.981,-21631.3,75.6948,0.392667
2985000,65,280.49,-21646.6,58.8193,0.394925
3000000,67,295.821,-21613.5,66.6,0.393883
3015000,71,308.342,-21627.8,79.0597,0.402578
3030000,70,308.135,-21617.2,73.1059,0.396733
3045000,82,345.681,-21633.9,95.3559,0.41
3060000,72,303.148,-21620,70.4429,0.4028
3075000,68,313.768,-21635,67.1409,0.405867
3090000,63,270.655,-21641.9,65.2193,0.386333
3105000,64,273.046,-21631.6,72.7392,0.395344
3120000,64,265.568,-21629.4,59.9908,0.3992
3135000,70,295.332,-21635.6,90.0399,0.388533
3150000,68,292.262,-21601.5,65.3458,0.390933
3165000,74,308.653,-21624.1,74.0656,0.391173
3180000,61,266.146,-21590.6,59.9902,0.3989
3195000,80,359.842,-21618.9,70.7218,0.404667
3210000,67,295.799,-21597.6,75.7626,0.384133
3225000,78,319.399,-21617.4,65.1168,0.387133
3240000,64,294.256,-21616.3,76.2442,0.402867
3255000,61,259.839,-21610.4,61.1258,0.3846
3270000,70,316.669,-21605.1,80.7399,0.3768
3285000,78,339.04,-21608.5,67.2836,0.388367
3300000,69,301.732,-21626.7,58.2764,0.391433
3315000,65,271.488,-21591.3,71.2874,0.388733
3330000,69,291.657,-21644.7,84.053,0.396267
3345000,61,261.746,-21635.9,59.3482,0.401733
3360000,69,301.488,-21643.5,64.5365,0.3938
3375000,70,299.659,-21630.6,67.2166,0.391867
3390000,86,374.296,-21619.8,80.7649,0.401667
3405000,84,361.17,-21609.7,74.4515,0.397133
3420000,74,325.771,-21594.1,73.8419,0.403733
3435000,56,231.84,-21659.6,57.4818,0.377398
3450000,51,222.673,-21650.7,47.6949,0.389133
3465000,64,289.17,-21639.8,54.9369,0.393289
3480000,41,160.761,-21673.2,44.6573,0.388267
3495000,62,265.24,-21634.5,55.1237,0.395767
3510000,64,282.543,-21657.9,60.839,0.4013
3525000,67,286.668,-21638.1,70.2814,0.38761
3540000,72,316.328,-21643,79.5963,0.416467
3555000,68,302.529,-21663.7,64.3975,0.396717
3570000,59,257.55,-21666.3,70.3439,0.395667
3585000,50,203.445,-21681.7,48.7234,0.40456
3600000,60,276.424,-21674.3,65.2573,0.385133
3615000,64,287.442,-21600.8,75.4091,0.395693
3630000,72,316.669,-21610.1,79.1318,0.381867
3645000,74,322.216,-21611.3,86.2874,0.3918
3660000,60,269.859,-21637.6,58.7994,0.389867
3675000,65,273.759,-21620.2,66.1766,0.3991
3690000,58,246.356,-21610.4,48.5839,0.383867
3705000,53,237.734,-21646.6,47.153,0.391867
3720000,68,278.557,-21616.2,67.9757,0.3768
3735000,52,227.844,-21641.2,64.1042,0.3873
3750000,61,270.156,-21621.5,66.7252,0.371967
3765000,58,245.825,-21625.9,67.5018,0.384133
3780000,57,251.236,-21621.6,57.509,0.372467
3795000,54,223.025,-21646.4,61.1209,0.388067
3810000,60,244.477,-21628.5,52.9168,0.3742
3825000,50,236.251,-21655.7,35.5981,0.384151
3840000,54,251.688,-21657.9,55.2165,0.377644
3855000,60,267.057,-21636,61.5341,0.373267
3870000,63,275.319,-21631.3,70.1546,0.389333
3885000,66,290.089,-21666.2,57.9008,0.393467
3900000,63,289.966,-21657.6,50.8877,0.385667
3915000,59,268.135,-21610.6,69.1831,0.373133
3930000,52,227.328,-21640,37.0901,0.370133
3945000,71,280.169,-21610.3,64.3326,0.392181
3960000,76,347.785,-21598.5,64.6967,0.400067
3975000,75,323.798,-21621.6,69.9915,0.392867
3990000,65,283.451,-21623.6,51.9922,0.393133
4005000,75,331.279,-21631.2,74.6603,0.37268
4020000,63,290.043,-21612.8,57.0585,0.395333
4035000,77,349.85,-21634.6,66.4494,0.389
4050000,55,237.25,-21643.7,56.0938,0.392778
4065000,76,332.742,-21639.7,79.1343,0.409633
4080000,54,239.882,-21653.3,62.6403,0.3892
4095000,83,343.075,-21630.4,93.2117,0.4107
4110000,57,241.536,-21658.2,56.2439,0.3954
4125000,75,341.056,-21644.4,87.138,0.412367
4140000,71,297.908,-21651.2,78.9088,0.4088
4155000,66,307.626,-21652.7,84.2683,0.392094
4170000,82,359.653,-21634,86.9544,0.392533
4185000,62,259.911,-21640,44.2186,0.4151
4200000,68,287.435,-21634.8,58.1699,0.404717
4215000,54,233.827,-21648.3,60.2848,0.382356
4230000,62,277.579,-21645.5,65.1394,0.3978
4245000,63,268.407,-21658.1,60.1575,0.382
4260000,62,277.783,-21633.7,52.0543,0.395667
4275000,62,271.376,-21651.6,70.2719,0.3821
4290000,51,221.513,-21647.5,62.7599,0.387967
4305000,61,263.892,-21638.9,53.428,0.388244
4320000,54,232.813,-21627.5,57.605,0.366933
4335000,61,265.505,-21631.7,62.5949,0.384533
4350000,53,227.546,-21645.3,67.4483,0.384067
4365000,58,223.081,-21633.6,50.6253,0.3876
4380000,60,261.34,-21656,57.3256,0.384
4395000,52,229.045,-21652.9,42.5798,0.379827
4410000,72,310.819,-21605.3,54.3899,0.380233
4425000,49,222.705,-21656.5,35.959,0.383067
4440000,74,328.745,-21602.8,63.6381,0.394533
4455000,69,313.468,-21609.5,64.481,0.394333
4470000,57,230.249,-21630.5,48.169,0.384689
4485000,81,371.832,-21616.9,84.9912,0.4075
4500000,82,355.36,-21630.6,78.6405,0.408733
4515000,61,286.754,-21637.5,64.939,0.397533
4530000,70,305.066,-21627.5,69.6795,0.4046
4545000,54,230.154,-21652.4,50.9193,0.387175
4560000,60,251.002,-21650.7,69.9424,0.3788
4575000,51,231.51,-21636.6,40.5638,0.377689
4590000,57,246.209,-21644.7,53.2116,0.3768
4605000,54,230.92,-21643.5,56.6552,0.381511
4620000,50,213.434,-21639,54.7733,0.388686
4635000,59,254.952,-21643.7,48.5459,0.3872
4650000,58,243.568,-21644.1,51.0612,0.372
4665000,66,279.589,-21627.6,55.232,0.3956
4680000,60,258.765,-21622.8,56.4415,0.388333
4695000,63,272.678,-21627.7,70.628,0.39555
4710000,53,222.961,-21629.6,63.8048,0.383333
4725000,72,315.504,-21619.9,70.3748,0.397044
4740000,50,213.248,-21652.2,46.9921,0.385033
4755000,46,199.342,-21659.6,54.9673,0.383067
4770000,59,256.311,-21657.7,64.2754,0.3923
4785000,60,261.658,-21621.7,52.1562,0.39965
4800000,54,234.775,-21633.2,59.9476,0.3811
4815000,70,282.897,-21630.5,78.0326,0.392767
4830000,53,220.562,-21647.3,62.0062,0.3998
4845000,49,208.203,-21641,49.7204,0.383356
4860000,49,199.159,-21657.1,54.3457,0.3796
4875000,54,246.094,-21638,34.667,0.380133
4890000,50,212.245,-21657.6,48.2479,0.380867
4905000,43,182.657,-21662.5,36.3256,0.3866
4920000,50,230.413,-21627.4,44.8039,0.376044
4935000,54,228.831,-21660.2,59.2656,0.379343
4950000,60,243.334,-21631.5,60.9265,0.3768
4965000,56,253.176,-21631.4,72.4414,0.378133
4980000,56,248.54,-21645.8,48.2624,0.385667
4995000,65,289.81,-21642.4,79.3198,0.386333
5010000,55,230.536,-21674.7,55.055,0.37879
5025000,64,264.709,-21637.6,63.7254,0.405367
5040000,59,268.768,-21653.3,53.1665,0.3944
5055000,50,214.428,-21670.2,51.906,0.388925
5070000,57,240.896,-21674,53.9899,0.384933
5085000,39,163.435,-21664.9,34.4375,0.386533
5100000,56,230.998,-21670.7,51.4844,0.3804
5115000,58,232.568,-21656.2,54.1998,0.372267
5130000,63,265.13,-21654.6,57.8889,0.388
5145000,60,251.969,-21652.3,58.1165,0.38565
5160000,76,320.541,-21655.4,62.6299,0.406367
5175000,50,204.807,-21663.8,54.2969,0.388367
5190000,66,292.784,-21627.6,84.5658,0.398
5205000,51,207.934,-21656.7,61.2817,0.392667
5220000,61,250.464,-21638.7,63.8826,0.395567
5235000,75,328.196,-21624.2,70.1511,0.407733
5250000,77,330.152,-21623.4,77.3238,0.398733
5265000,51,221.336,-21661.4,44.7361,0.383436
5280000,71,310.758,-21633.1,64.5068,0.398767
5295000,60,250.866,-21628.1,57.2941,0.390933
5310000,56,214.691,-21649.3,64.2055,0.384933
5325000,45,189.287,-21657.9,38.5561,0.369633
5340000,47,206.699,-21656.6,44.0195,0.377067
5355000,71,292.512,-21616,78.0117,0.399622
5370000,65,273.844,-21641.8,65.854,0.384933
5385000,54,231.605,-21646.9,52.6968,0.3776
5400000,60,273.416,-21623.4,49.1084,0.379
5415000,60,264.12,-21655,47.9985,0.372133
5430000,67,270.967,-21639,59.1099,0.397067
5445000,48,219.404,-21638.6,38.435,0.370429
5460000,36,147.835,-21657.4,47.1106,0.382686
5475000,64,278.751,-21651.1,63.1898,0.374511
5490000,55,234.422,-21645.1,56.8911,0.380267
5505000,67,269.818,-21665.6,67.1533,0.388467
5520000,57,247.763,-21659.7,52.4227,0.37592
5535000,62,275.982,-21647.1,70.8195,0.3869
5550000,58,260.068,-21643.1,53.5858,0.379933
5565000,53,238.557,-21678.5,56.4382,0.379333
5580000,53,225.461,-21686.7,47.2419,0.383867
5595000,58,242.701,-21651.9,64.065,0.3933
5610000,68,305.754,-21626.1,60.3,0.389933
5625000,59,251.551,-21617.6,64.9997,0.385
5640000,58,257.36,-21627.8,56.7503,0.393
5655000,52,225.587,-21644.6,52.9837,0.377033
5670000,62,276.402,-21631.7,48.7296,0.379367
5685000,53,224.831,-21637.4,43.798,0.379667
5700000,49,210.739,-21640.8,48.7366,0.376067
5715000,58,243.86,-21656.9,74.2184,0.3766
5730000,53,224.681,-21627.5,46.3705,0.371733
5745000,53,227.636,-21652,50.9008,0.374622
5760000,55,229.301,-21629.6,48.0501,0.3758
5775000,52,210.075,-21645.2,50.1881,0.374667
5790000,51,218.487,-21666.9,47.501,0.369267
5805000,66,297.097,-21678.2,60.9969,0.385067
5820000,63,289.667,-21646.7,54.473,0.397933
5835000,66,274.547,-21642.3,64.4692,0.375622
5850000,57,238.981,-21649.5,71.2932,0.376478
5865000,64,281.996,-21623.7,72.3602,0.388711
5880000,52,232.474,-21624.2,63.6241,0.378533
5895000,62,268.381,-21622.7,59.0854,0.3893
5910000,62,270.565,-21651.1,67.9015,0.392533
5925000,56,238.495,-21661.3,53.5276,0.394093
5940000,58,240.375,-21638.1,54.7835,0.373517
5955000,61,267.342,-21631.7,81.0643,0.379733
5970000,56,244.319,-21633,61.7729,0.379967
5985000,53,232.34,-21631.5,49.9515,0.385267
6000000,61,271.398,-21623.3,61.8465,0.392933
6015000,63,266.461,-21647.4,64.5354,0.398133
6030000,48,203.205,-21622.2,54.1971,0.370711
6045000,49,213.291,-21641.1,62.5657,0.361733
6060000,66,269.69,-21636.8,67.8803,0.387978
6075000,48,194.909,-21651.1,56.6616,0.381933
6090000,63,275.098,-21669.2,62.0586,0.388733
6105000,70,323.426,-21643.7,87.3645,0.395511
6120000,48,203.075,-21658.9,54.0432,0.379067
6135000,73,298.386,-21628.4,69.4353,0.396467
6150000,69,285.794,-21637.7,73.4709,0.397933
6165000,77,342.899,-21643,83.7732,0.394987
6180000,50,206.059,-21665.5,45.2027,0.387967
6195000,67,286.739,-21636.8,76.2021,0.403267
6210000,65,289.601,-21645.3,70.6055,0.398333
6225000,68,302.047,-21654,65.0991,0.393333
6240000,57,228.147,-21639.6,67.4001,0.375533
6255000,52,225.19,-21663,51.0591,0.387563
6270000,56,240.705,-21652,57.2405,0.384411
6285000,60,268.55,-21654.2,62.1079,0.404267
6300000,59,240.961,-21653.9,61.2425,0.407933
6315000,52,231.543,-21632.2,54.2569,0.3834
6330000,68,289.79,-21620.4,71.8732,0.400867
6345000,73,295.929,-21637.7,66.1135,0.395156
6360000,65,293.749,-21637.1,85.2881,0.38195
6375000,59,260.304,-21619.5,57.7038,0.395711
6390000,66,294.086,-21630.5,78.4247,0.3912
6405000,61,274.068,-21641.6,61.754,0.395717
6420000,78,332.287,-21612.1,79.2776,0.407517
6435000,70,307.348,-21624.4,69.5674,0.401567
6450000,83,354.87,-21621.9,74.0358,0.4077
6465000,85,385.969,-21628.9,103.338,0.4216
6480000,88,384.812,-21634,70.013,0.4202
6495000,56,253.849,-21655.8,45.7242,0.396933
6510000,59,258.01,-21648.7,59.6449,0.399867
6525000,56,243.31,-21625,64.7389,0.384267
6540000,52,211.664,-21647.8,64.5505,0.388156
6555000,68,304.733,-21648.3,73.5124,0.3921
6570000,64,275.269,-21650.6,51.729,0.4046
6585000,69,319.682,-21635.4,66.5421,0.390056
6600000,70,300.171,-21613.3,57.9576,0.404333
6615000,76,327.849,-21634.4,74.0132,0.395378
6630000,72,300.571,-21618.6,82.1672,0.396933
6645000,88,382.085,-21618.3,72.4341,0.408267
6660000,85,383.011,-21619.6,76.2425,0.422
6675000,92,401.638,-21610.7,94.6212,0.417133
6690000,92,397.855,-21611.3,82.1597,0.422933
6705000,51,212.811,-21667,45.9057,0.391939
6720000,71,305.944,-21602.2,67.3073,0.3973
6735000,56,258.446,-21641.6,58.0507,0.382633
6750000,66,311.667,-21632.8,61.6551,0.3952
6765000,78,337.61,-21610.6,79.3146,0.387956
6780000,75,304.637,-21606.1,79.7779,0.3948
6795000,64,283.22,-21653.4,77.5326,0.38699
6810000,69,297.926,-21605.3,63.5013,0.395567
6825000,60,281.141,-21647.9,74.7277,0.396933
6840000,82,345.883,-21586.1,79.0968,0.401967
6855000,70,299.787,-21617.7,68.6968,0.4046
6870000,76,310.166,-21641.1,81.2024,0.3986
6885000,76,331.512,-21606.1,67.4015,0.421133
6900000,75,322.265,-21637.1,78.0676,0.395
6915000,101,451.267,-21617.5,88.5195,0.4138
6930000,61,277.42,-21620.6,73.3497,0.391122
6945000,69,297.785,-21624.4,70.0386,0.4061
6960000,64,260.774,-21634.9,65.2666,0.3902
6975000,65,261.076,-21626.8,53.8808,0.390733
6990000,49,218.086,-21615.1,42.3901,0.389467
7005000,59,242.33,-21609.3,52.6955,0.385867
7020000,59,266.148,-21649.9,61.421,0.39115
7035000,61,271.034,-21641.8,56.2362,0.411467
7050000,78,362.248,-21646.9,65.2278,0.409467
7065000,64,242.821,-21638.7,66.7919,0.39065
7080000,79,330.999,-21637.4,59.6586,0.389844
7095000,84,373.123,-21653,78.5421,0.401733
7110000,73,327.023,-21628.7,64.4041,0.416533
7125000,63,261.899,-21628.6,78.0848,0.400689
7140000,65,290.412,-21656.8,68.3882,0.404167
7155000,63,274.018,-21636.3,57.7765,0.3975
7170000,80,359.96,-21598.2,85.3766,0.396971
7185000,65,287.357,-21596.7,55.668,0.407533
7200000,54,228.513,-21663.4,44.8752,0.3875
7215000,72,313.084,-21620.5,73.0942,0.3839
7230000,79,331.615,-21618.7,69.1245,0.393267
7245000,74,320.348,-21624,60.356,0.395667
7260000,69,295.322,-21626.5,86.9627,0.387181
7275000,60,258.996,-21632.3,57.6661,0.3974
7290000,68,287.266,-21617.5,71.8677,0.410267
7305000,52,234.772,-21627.3,47.0993,0.381633
7320000,74,332.683,-21631.4,75.5887,0.389067
7335000,74,321.402,-21642,63.2809,0.4086
7350000,55,229.752,-21609.4,54.1657,0.384533
7365000,67,270.245,-21606.9,75.2425,0.386533
7380000,59,252.837,-21626,58.3159,0.3776
7395000,61,247.609,-21623.4,74.9063,0.372867
7410000,62,253.736,-21632.5,54.8036,0.379533
7425000,54,220.606,-21628.6,52.005,0.375667
7440000,58,250.636,-21622.8,55.1687,0.376733
7455000,59,269.07,-21620.6,57.7412,0.387533
7470000,48,205.72,-21637.9,43.7597,0.377722
7485000,56,237.523,-21643.7,63.9519,0.371067
7500000,61,272.071,-21638.3,53.7885,0.38
7515000,57,253.994,-21651.9,56.0188,0.370167
7530000,68,308.701,-21640.1,64.3308,0.401233
7545000,58,250.025,-21608.4,52.1719,0.374242
7560000,51,214.888,-21663.6,50.2595,0.380556
7575000,53,222.871,-21621.6,62.674,0.3615
7590000,58,261.643,-21649.5,56.0745,0.386383
7605000,44,193.813,-21648.3,42.3317,0.380467
7620000,52,236.096,-21620.4,56.1843,0.3578
7635000,45,179.083,-21637.9,51.607,0.365367
7650000,45,188.658,-21639.8,55.0584,0.351467
7665000,47,202.712,-21662.8,43.1304,0.3576
7680000,61,264.333,-21630.3,51.4054,0.357233
7695000,57,221.964,-21627.6,68.2301,0.367933
7710000,60,253.479,-21649.3,67.266,0.3756
7725000,76,336.122,-21649.5,74.6293,0.387767
7740000,72,317.768,-21637.4,69.5689,0.381533
7755000,64,280.443,-21624.1,69.0551,0.3888
7770000,45,187.328,-21650.9,34.1557,0.396667
7785000,58,235.328,-21644.4,62.9361,0.368767
7800000,43,175.099,-21664.5,38.9944,0.366333
7815000,57,259.793,-21622.5,47.2529,0.374267
7830000,54,227.551,-21638.9,38.0345,0.364667
7845000,64,276.047,-21621.6,69.4034,0.367667
7860000,68,290.671,-21613.7,60.027,0.375933
7875000,76,296.415,-21616,65.6284,0.3912
7890000,67,281.79,-21623.9,65.1674,0.392267
7905000,59,260.29,-21635.2,46.8833,0.378267
7920000,72,317.896,-21595.1,79.0969,0.381533
7935000,71,291.368,-21585.9,58.8632,0.3878
7950000,76,304.815,-21594.9,78.1683,0.3884
7965000,76,312.655,-21611.2,90.788,0.388733
7980000,82,358.325,-21618.4,77.8744,0.399667
7995000,61,250.637,-21677.1,62.5905,0.392922
8010000,88,397.106,-21595.9,87.9606,0.4003
8025000,82,361.293,-21609.6,80.9616,0.408733
8040000,77,330.433,-21587.1,75.0049,0.401667
8055000,65,284.187,-21575.3,49.0761,0.3918
8070000,60,233.073,-21653.4,59.6043,0.387
8085000,62,263.528,-21597.1,74.7621,0.3723
8100000,81,355.236,-21605.5,70.0067,0.383667
8115000,48,191.49,-21660.7,52.8263,0.366931
8130000,69,312.951,-21641.8,61.4676,0.395217
8145000,86,385.629,-21601.7,105.31,0.3926
8160000,85,372.562,-21598.4,91.045,0.4034
8175000,95,398.657,-21601.9,88.7845,0.4066
8190000,94,404.796,-21614,80.8885,0.419667
8205000,73,321.422,-21615.6,68.9887,0.408
8220000,55,228.151,-21660.4,43.6794,0.393733
8235000,68,287.317,-21610.2,90.4515,0.3943
8250000,47,207.536,-21645.2,53.5746,0.377733
8265000,34,146.28,-21657.8,35.3199,0.366073
8280000,64,279.597,-21618.5,58.4946,0.3798
8295000,65,286.087,-21615.5,71.5839,0.3944
8310000,60,272.378,-21598.2,55.6031,0.381267
8325000,64,277.764,-21612.4,60.415,0.392133
8340000,63,254.476,-21656.5,57.132,0.384044
8355000,70,326.413,-21608,65.5999,0.3907
8370000,67,286.456,-21656.8,82.2713,0.395267
8385000,69,297.333,-21633.6,50.19,0.4036
8400000,57,253.569,-21620.4,53.8591,0.376556
8415000,70,296.095,-21634.6,56.2255,0.4029
8430000,68,284.742,-21622.2,69.7189,0.3824
8445000,59,255.712,-21623.1,57.6799,0.3962
8460000,75,322.096,-21620.8,64.5709,0.397267
8475000,59,252.13,-21595.1,60.9392,0.369356
8490000,62,269.552,-21606.7,51.7148,0.366467
8505000,75,342.013,-21623.6,70.7855,0.386667
8520000,64,286.235,-21648.8,72.8608,0.396683
8535000,79,352.541,-21605.7,79.5029,0.4031
8550000,74,303.117,-21619.9,82.006,0.402467
8565000,65,287.045,-21616.8,68.6884,0.399667
8580000,64,282.676,-21615.6,47.1302,0.382567
8595000,54,237.442,-21612,57.3436,0.375933
8610000,66,289.615,-21621.8,65.533,0.384689
8625000,59,250.21,-21607.6,71.1965,0.3862
8640000,58,246.913,-21608.2,52.2799,0.365
8655000,73,319.925,-21641.5,77.6236,0.395667
8670000,71,317.914,-21645.2,68.9042,0.416667
8685000,57,246.77,-21632.4,60.7554,0.369678
8700000,67,283.384,-21634.5,54.4743,0.365628
8715000,60,260.061,-21639,60.4813,0.3932
8730000,68,272.277,-21610.6,64.6292,0.384267
8745000,54,225.651,-21643.3,62.1677,0.3745
8760000,65,284.197,-21595.4,62.1154,0.3984
8775000,58,256.649,-21615.5,61.5696,0.392
8790000,62,239.261,-21630.7,48.3987,0.365
8805000,65,282.249,-21606,60.3644,0.391833
8820000,58,254.58,-21607.2,59.8109,0.394
8835000,57,240.696,-21616,62.459,0.381933
8850000,66,284.106,-21604.2,73.1938,0.391067
8865000,66,272.111,-21643.7,76.2796,0.382472
8880000,66,291.141,-21644.6,86.5113,0.401733
8895000,58,245.266,-21622.6,62.578,0.394111
8910000,61,275.611,-21611.7,59.7395,0.371133
8925000,70,309.43,-21628.9,70.9641,0.3948
8940000,71,314.63,-21657.5,70.9549,0.3827
8955000,74,310.541,-21627.7,63.0214,0.400633
8970000,79,352.664,-21646.9,106.303,0.4038
8985000,60,252.375,-21642.6,61.8333,0.417467
9000000,56,223.038,-21649.6,49.5375,0.395833
9015000,57,236.437,-21636.5,40.4851,0.3896
9030000,45,191.675,-21646.3,38.7636,0.3952
9045000,64,293.752,-21644.8,70.1639,0.385111
9060000,64,288.62,-21644.4,64.5717,0.394933
9075000,43,197.145,-21644.1,41.257,0.372733
9090000,65,277.447,-21626.9,75.9437,0.390633
9105000,62,273.345,-21620.6,49.8994,0.375467
9120000,75,330.336,-21608.2,78.0059,0.391667
9135000,58,259.813,-21593.1,56.0494,0.388933
9150000,67,296.887,-21614.2,67.5964,0.377267
9165000,42,173.324,-21655.4,39.955,0.371816
9180000,56,234.261,-21618.1,42.5674,0.371033
9195000,58,253.252,-21630.7,54.5213,0.380858
9210000,55,242.926,-21639.1,43.768,0.382467
9225000,67,294.028,-21602,59.8007,0.380044
9240000,83,359.518,-21591.1,91.6407,0.398333
9255000,78,347.425,-21590.5,74.5765,0.397
9270000,72,317.449,-21598.9,63.507,0.390733
9285000,76,335.989,-21607.3,67.6317,0.401533
9300000,64,268.413,-21662.6,65.7415,0.383789
9315000,68,307.283,-21640.8,53.0635,0.396867
9330000,46,188.11,-21649.5,51.5114,0.388833
9345000,89,400.39,-21624.9,87.6553,0.400167
9360000,57,253.423,-21634,56.4066,0.3785
9375000,74,318.584,-21614.9,75.6159,0.4144
9390000,83,359.278,-21623.1,92.0819,0.399933
9405000,80,339.321,-21630.1,90.3415,0.4066
9420000,89,387.1,-21617.8,104.581,0.394133
9435000,52,223.792,-21663.5,60.6231,0.373515
9450000,86,374.213,-21602.4,89.1972,0.4072
9465000,58,239.684,-21621.2,65.9755,0.381857
9480000,71,283.648,-21607.5,61.4268,0.393867
9495000,75,331.039,-21613,70.3163,0.402467
9510000,70,303.932,-21649.6,68.3239,0.406667
9525000,64,284.895,-21649.1,59.7043,0.397093
9540000,49,209.542,-21645.6,48.307,0.382867
9555000,70,288.525,-21622.9,64.4446,0.395467
9570000,67,303.872,-21633.8,72.0833,0.3851
9585000,61,273.49,-21630.1,59.0259,0.3902
9600000,59,250.42,-21646.2,58.3506,0.390367
9615000,71,313.868,-21637.2,67.5001,0.390933
9630000,91,419.837,-21617.6,108.628,0.400778
9645000,76,330.374,-21599.6,59.1819,0.409
9660000,66,281.324,-21622,54.1205,0.399333
9675000,70,311.492,-21626.7,57.1682,0.397733
9690000,70,305.047,-21622,62.8328,0.398733
9705000,61,255.136,-21633.2,57.1502,0.385822
9720000,54,244.853,-21626.7,52.5701,0.379333
9735000,60,278.245,-21633.2,62.5215,0.392244
9750000,63,266.143,-21606.2,79.6545,0.3888
9765000,61,256.397,-21639.6,58.5379,0.380022
9780000,57,257.433,-21613.4,75.2286,0.3792
9795000,63,276.898,-21623.4,56.0305,0.377278
9810000,64,265.417,-21615,68.2837,0.3828
9825000,64,282.369,-21614.1,66.0039,0.389813
9840000,76,300.756,-21595.6,85.2157,0.396733
9855000,75,309.859,-21604.6,74.7803,0.3898
9870000,75,324.997,-21598.1,68.0098,0.394533
9885000,67,293.189,-21616,75.9084,0.4016
9900000,67,289.372,-21623.5,74.5964,0.398058
9915000,65,293.723,-21621.1,80.5477,0.398
9930000,58,238.758,-21608.9,69.4607,0.372183
9945000,77,320.162,-21594.6,71.3851,0.386567
9960000,71,307.612,-21619.6,62.2279,0.39276
9975000,69,271.187,-21594.9,56.123,0.399667
9990000,74,315.365,-21592.8,73.4878,0.389667
10005000,66,277.165,-21638.3,46.2259,0.37468
10020000,59,260.119,-21592.8,63.0199,0.377667
10035000,66,291.983,-21588.3,76.6787,0.387267
10050000,63,271.267,-21614.5,66.2413,0.384733
10065000,56,244.161,-21615.2,59.2659,0.381747
10080000,46,204.351,-21648.5,44.8335,0.378183
10095000,60,268.482,-21626,61.386,0.382333
10110000,57,254.481,-21629,63.3181,0.3829
10125000,64,254.923,-21619.6,60.1272,0.383
10140000,52,196.693,-21618.2,54.1405,0.373617
10155000,56,220.1,-21630,59.8283,0.383578
10170000,58,246.884,-21621.2,54.3738,0.3836
10185000,70,312.129,-21640.4,66.3266,0.371217
10200000,70,289.519,-21642.5,62.1271,0.398867
10215000,64,285.555,-21631.3,64.7664,0.387413
10230000,72,322.284,-21647.2,67.8673,0.3994
10245000,64,274.407,-21632,56.3038,0.387044
10260000,59,238.086,-21647.4,51.554,0.383
10275000,60,268.689,-21632.8,59.5263,0.395381
10290000,53,247.09,-21608.3,55.6136,0.376133
10305000,50,224.877,-21659.2,63.8343,0.376467
10320000,58,245.628,-21647.9,53.7847,0.387267
10335000,79,340.867,-21609,81.592,0.386533
10350000,56,250.86,-21655.2,58.6727,0.380089
10365000,63,273.986,-21627.1,73.1281,0.389733
10380000,60,263.231,-21600.3,70.8474,0.3866
10395000,70,304.36,-21613.6,60.7039,0.382333
10410000,86,387.943,-21621,75.3642,0.38955
10425000,75,327.708,-21576.7,65.3809,0.4032
10440000,69,298.317,-21596.4,64.5987,0.384267
10455000,58,250.94,-21615.9,65.7113,0.3826
10470000,74,323.298,-21648.2,74.8277,0.4059
10485000,57,262.418,-21666.5,63.2164,0.400667
10500000,62,273.523,-21615.4,57.6968,0.386867
10515000,55,237.388,-21654.3,51.817,0.394333
10530000,60,269.682,-21632.9,73.3232,0.392767
10545000,59,268.133,-21680.3,43.8631,0.3934
10560000,65,266.431,-21658.2,65.2077,0.4104
10575000,52,220.758,-21666.5,49.0418,0.398533
10590000,56,250.603,-21627.5,57.2095,0.391983
10605000,57,221.749,-21654.5,46.578,0.396267
10620000,69,313.64,-21643.4,68.8655,0.381803
10635000,64,262.915,-21636.8,52.7458,0.408667
10650000,58,258.226,-21638.6,63.9662,0.407333
10665000,49,203.772,-21640.7,46.4218,0.384667
10680000,62,261.425,-21628.4,46.7701,0.3856
10695000,60,257.305,-21614.9,69.2686,0.379
10710000,49,205.197,-21657.3,41.7265,0.378711
10725000,38,156.816,-21656.1,46.1531,0.363533
10740000,59,258.557,-21655.3,65.4885,0.390556
10755000,49,218.682,-21632.4,56.4887,0.377842
10770000,45,204.853,-21666.7,39.5276,0.3636
10785000,52,223.719,-21640.8,49.7217,0.3817
10800000,55,229.226,-21661.5,79.0473,0.377133
10815000,54,233.547,-21650.7,46.7852,0.382667
10830000,61,281.332,-21639.8,57.0957,0.373133
10845000,53,242.935,-21621.2,47.2968,0.3866
10860000,58,264.706,-21638,65.106,0.377667
10875000,66,286.01,-21640.6,68.5034,0.376124
10890000,62,283.546,-21629,59.5487,0.3935
10905000,71,312.344,-21615.5,56.5247,0.394067
10920000,77,337.362,-21614.8,63.1503,0.388314
10935000,72,306.854,-21630.7,58.4171,0.402467
10950000,67,288.065,-21629.2,59.1441,0.391307
10965000,64,278.854,-21630.1,52.9491,0.39775
10980000,56,252.316,-21632.5,65.773,0.396244
10995000,54,235.625,-21618,61.8421,0.378133
11010000,60,265.906,-21645,70.4359,0.381644
11025000,63,278.696,-21633.2,54.1458,0.3841
11040000,57,253.575,-21645.8,47.2014,0.3874
11055000,75,327.551,-21669.8,66.0969,0.409467
11070000,64,279.655,-21627.6,70.2206,0.3804
11085000,67,280.28,-21626.1,77.6025,0.397
11100000,68,311.789,-21647.7,78.4464,0.408356
11115000,61,258.388,-21630.1,74.2745,0.398167
11130000,54,240.29,-21623.6,52.0658,0.394967
11145000,54,226.254,-21637.9,56.7075,0.379877
11160000,68,292.739,-21634.1,85.981,0.3898
11175000,62,258.16,-21641.9,59.1779,0.3935
11190000,51,199.375,-21627.7,50.3733,0.371067
11205000,62,255.644,-21621.5,58.1763,0.387333
11220000,57,246.375,-21622.7,68.2621,0.382933
11235000,68,301.226,-21643.4,67.586,0.39319
11250000,61,270.368,-21620.6,64.548,0.390356
11265000,57,254.252,-21638.5,64.2395,0.388067
11280000,53,222.423,-21619.5,68.0586,0.37545
11295000,55,245.514,-21632,69.0875,0.393367
11310000,53,235.742,-21640.2,57.729,0.387044
11325000,51,212.989,-21643.1,59.3576,0.378533
11340000,55,245.978,-21650.7,48.2748,0.388333
11355000,59,249.607,-21646.3,58.7257,0.363767
11370000,57,258.419,-21614,66.3699,0.390567
11385000,64,276.71,-21622.8,71.3177,0.391333
11400000,74,328.498,-21628.2,82.6306,0.398667
11415000,69,293.168,-21617,53.0904,0.397667
11430000,64,284.031,-21627.8,48.1149,0.373007
11445000,67,292.623,-21614.5,67.8027,0.399633
11460000,77,319.122,-21627,88.2231,0.395333
11475000,56,247.795,-21618.5,56.7836,0.382244
11490000,62,285.852,-21617.9,75.5508,0.3944
11505000,72,313.425,-21583.2,78.1313,0.403711
11520000,57,234.661,-21629.4,62.7019,0.381156
11535000,66,285.09,-21631,73.8306,0.393
11550000,63,284.619,-21629,65.2032,0.393267
11565000,60,253.29,-21637.3,67.3063,0.384707
11580000,70,296.913,-21629.6,82.8059,0.392
11595000,50,209.346,-21631.7,53.384,0.3782
11610000,60,264.153,-21614.9,61.4767,0.3844
11625000,51,221.422,-21640.4,57.0321,0.374533
11640000,54,242.841,-21627.7,51.9981,0.381833
11655000,54,224.633,-21628.4,58.3328,0.386914
11670000,49,208.874,-21647.5,52.8298,0.361467
11685000,58,261.215,-21636.7,58.0562,0.3677
11700000,55,237.135,-21643.7,45.8371,0.382233
11715000,60,274.683,-21632.2,63.8253,0.378373
11730000,68,292.752,-21615.5,75.6709,0.405067
11745000,45,200.914,-21634.5,32.5259,0.382711
11760000,56,255.35,-21643.9,48.5159,0.3926
11775000,51,231.122,-21634.2,56.1047,0.379467
11790000,69,298.515,-21636,67.9802,0.392033
11805000,57,237.319,-21635.1,51.1607,0.404267
11820000,55,238.829,-21642.9,53.6291,0.3886
11835000,46,213.297,-21653.5,43.568,0.373033
11850000,39,156.908,-21646.9,38.714,0.360133
11865000,44,195.731,-21643.7,36.1756,0.3502
11880000,52,219.332,-21657.9,55.1176,0.372441
11895000,58,255.829,-21652.1,62.8297,0.383027
11910000,63,269.626,-21641.1,64.6871,0.3946
11925000,49,209.631,-21621.9,44.0322,0.3767
11940000,57,244.329,-21638,50.4638,0.393667
11955000,67,263.428,-21645.8,81.8406,0.39208
11970000,57,236.698,-21638.9,41.7948,0.376967
11985000,52,220.707,-21636.1,59.3133,0.356267
12000000,60,255.3,-21621.7,53.1973,0.384944
12015000,56,246.073,-21636.1,48.4069,0.3748
12030000,53,228.427,-21650.1,66.1605,0.368311
12045000,56,248.982,-21638.2,66.6871,0.386067
12060000,56,248.357,-21638.1,54.3824,0.3662
12075000,53,231.694,-21606.8,62.0023,0.3784
12090000,57,261.784,-21626.5,63.5755,0.389833
12105000,65,289.374,-21641.6,71.5245,0.402267
12120000,69,280.955,-21620.3,68.6061,0.389622
12135000,62,265.916,-21610.6,63.2345,0.3768
12150000,70,299.475,-21635.4,74.4541,0.378667
12165000,61,259.063,-21634.7,57.7477,0.386733
12180000,61,277.233,-21653.4,59.9836,0.38024
12195000,54,239.334,-21676.2,46.4444,0.375854
12210000,55,257.56,-21643.9,51.1095,0.395267
12225000,55,243.254,-21647.2,53.214,0.3937
12240000,50,202.363,-21636.6,39.723,0.38816
12255000,62,264.281,-21642.6,66.1136,0.390467
12270000,44,202.177,-21674.4,49.5477,0.374367
12285000,60,263.505,-21654.8,54.3142,0.388367
12300000,69,301.596,-21638.4,67.9822,0.411267
12315000,68,302.063,-21631.4,80.9883,0.399467
12330000,58,249.886,-21640.4,60.7873,0.4014
12345000,47,203.167,-21660.5,41.0197,0.38488
12360000,56,242.709,-21665.7,51.7736,0.381111
12375000,45,177.274,-21650.9,52.5156,0.369533
12390000,52,218.371,-21636.8,51.756,0.377067
12405000,53,237.005,-21652.8,42.6553,0.394667
12420000,51,224.745,-21661.8,45.2166,0.3924
12435000,51,222.787,-21660,56.752,0.371733
12450000,50,209.968,-21653.4,57.1036,0.373167
12465000,60,261.098,-21646.9,65.4486,0.379867
12480000,55,246.621,-21637.6,57.6636,0.376067
12495000,55,237.475,-21674.6,52.6685,0.387333
12510000,61,270.861,-21642.6,57.3359,0.3958
12525000,61,270.653,-21623.7,71.7926,0.383956
12540000,56,252.067,-21626.9,57.6905,0.372667
12555000,56,229.488,-21629.5,44.3056,0.388711
12570000,75,337.15,-21633.3,64.1546,0.413933
12585000,78,341.765,-21602.2,80.6159,0.385889
12600000,53,239.868,-21651.5,57.0856,0.383589
12615000,79,343.701,-21635.4,92.866,0.421622
12630000,50,207.349,-21641.1,51.5425,0.399533
12645000,67,298.688,-21622.8,67.5576,0.390217
12660000,85,370.601,-21638.8,87.9065,0.407489
12675000,80,343.708,-21625.5,95.6808,0.4044
12690000,61,269.438,-21613.8,57.0997,0.404867
12705000,58,257.56,-21652.7,72.186,0.39228
12720000,57,261.75,-21636,53.6201,0.390667
12735000,56,239.098,-21613.3,51.7501,0.3777
12750000,64,272.159,-21622.4,53.449,0.389433
12765000,60,262.117,-21625.5,62.4275,0.388889
12780000,55,232.535,-21649.1,73.3086,0.387967
12795000,55,248.709,-21613.2,48.8054,0.378083
12810000,62,272.063,-21604.5,59.4919,0.372533
12825000,54,228.572,-21654.8,49.9536,0.386622
12840000,70,300.178,-21649.2,75.6291,0.388867
12855000,68,291.283,-21628.9,73.0295,0.4006
12870000,62,284.277,-21613.6,81.1941,0.375683
12885000,63,264.544,-21617.9,74.207,0.387533
12900000,58,244.132,-21652.8,54.391,0.385489
12915000,63,285.09,-21625.9,50.6911,0.385867
12930000,62,264.117,-21641.1,63.3523,0.392213
12945000,76,325.73,-21627.8,76.0913,0.398622
12960000,79,322.043,-21631.2,86.7513,0.402967
12975000,62,282.903,-21601.8,51.0074,0.38305
12990000,54,229.229,-21638,63.6177,0.386778
13005000,64,287.486,-21643.6,76.2066,0.400822
13020000,65,285.618,-21634.9,51.9786,0.392
13035000,51,205.868,-21651.3,45.5387,0.390667
13050000,49,224.674,-21621.2,58.0613,0.378533
13065000,63,282.618,-21677.5,66.0932,0.38745
13080000,55,250.049,-21651.2,46.3281,0.3862
13095000,46,198.771,-21657.4,60.5694,0.376067
13110000,57,229.898,-21611.6,66.1579,0.37145
13125000,68,279.963,-21617.8,79.7768,0.3898
13140000,63,281.901,-21609.1,60.6029,0.390867
13155000,61,264.117,-21622,64.788,0.395244
13170000,53,235.637,-21668.2,58.3921,0.3778
13185000,69,303.245,-21632.7,82.3029,0.392967
13200000,62,268.052,-21654.2,62.566,0.398133
13215000,64,271.444,-21643.5,60.953,0.392667
13230000,55,254.596,-21638.6,44.9039,0.367256
13245000,56,228.781,-21679.3,58.9763,0.3907
13260000,44,204.366,-21657,47.893,0.359833
13275000,51,221.637,-21663.4,50.9598,0.382333
13290000,49,209.343,-21641.1,49.4538,0.369533
13305000,51,217.718,-21615.1,53.5962,0.3734
13320000,47,200.927,-21657.7,52.0394,0.36944
13335000,55,252.894,-21669.5,52.5679,0.380783
13350000,56,250.949,-21667.2,60.0872,0.401333
13365000,46,192.499,-21668.6,40.5588,0.406267
13380000,55,250.47,-21619.7,54.8454,0.368747
13395000,73,319.343,-21679.1,66.3709,0.3942
13410000,72,310.104,-21645.9,80.2421,0.410533
13425000,56,249.431,-21626.9,68.5721,0.391467
13440000,51,229.191,-21638.6,46.4943,0.372292
13455000,58,249.92,-21640.7,53.468,0.389
13470000,66,269.471,-21631.4,68.4804,0.395733
13485000,68,301.218,-21603.1,52.8984,0.400033
13500000,67,283.513,-21652.2,66.9834,0.403911
13515000,65,273.972,-21666.7,62.1369,0.399867
13530000,60,263.445,-21620.4,52.0952,0.388356
13545000,75,316.987,-21678,68.8149,0.400633
13560000,71,298.659,-21660.5,79.8621,0.402533
13575000,56,234.916,-21626,46.7362,0.389533
13590000,66,290.225,-21642,59.9246,0.379725
13605000,52,216.085,-21650.9,42.8128,0.382533
13620000,59,243.563,-21616,46.8482,0.388444
13635000,47,187.593,-21644.6,42.0046,0.3777
13650000,53,210.233,-21683.4,52.1083,0.395778
13665000,70,308.049,-21620.5,61.7006,0.3812
13680000,58,246.494,-21679.5,55.3631,0.3992
13695000,70,296.889,-21615.3,77.7906,0.390967
13710000,76,333.804,-21589,69.3431,0.401067
13725000,60,279.419,-21643.4,68.5036,0.369989
13740000,81,371.552,-21595.5,99.438,0.402133
13755000,64,275.617,-21636.3,62.1212,0.394667
13770000,53,233.206,-21700.6,49.4836,0.393833
13785000,57,248.034,-21655.2,52.7881,0.392967
13800000,78,319.843,-21592.8,82.9237,0.404183
13815000,67,298.867,-21597.1,75.0909,0.374333
13830000,39,164.883,-21685.2,39.5704,0.387767
13845000,66,286.207,-21591.6,57.0357,0.388767
13860000,60,250.866,-21608.2,62.9094,0.383
13875000,56,244.06,-21613.4,54.9323,0.392733
13890000,45,180.573,-21640.4,34.5251,0.383305
13905000,70,316.512,-21631.6,68.2541,0.391333
13920000,80,341.508,-21630.9,72.9758,0.413
13935000,63,252.969,-21617.7,73.5508,0.392333
13950000,85,364.966,-21621.9,96.6887,0.3984
13965000,85,372.092,-21624.2,74.4634,0.416933
13980000,54,215.705,-21654.9,52.1592,0.376913
13995000,55,240.396,-21632.2,42.7352,0.403433
14010000,65,272.141,-21636.3,66.701,0.387733
14025000,49,201.954,-21654.9,52.089,0.375356
14040000,56,253.11,-21632.5,70.9049,0.38084
14055000,61,255.806,-21625.3,57.6712,0.385
14070000,71,316.864,-21632.6,70.3707,0.387
14085000,65,286.775,-21628.2,67.7015,0.398533
14100000,77,333.741,-21611.1,92.1678,0.399267
14115000,71,315.393,-21641.4,57.6415,0.379244
14130000,59,267.058,-21654.3,65.394,0.401
14145000,63,280.081,-21616.3,63.3657,0.3926
14160000,60,259.92,-21606.7,74.7339,0.388867
14175000,49,208.351,-21662.9,44.585,0.400178
14190000,49,212.125,-21663.3,37.3809,0.383373
14205000,49,218.653,-21642.9,38.3646,0.394667
14220000,70,303.961,-21653.5,74.7933,0.3864
14235000,59,241.617,-21661.1,63.7487,0.388
14250000,55,239.296,-21679.3,68.1697,0.4088
14265000,59,253.968,-21630.5,67.294,0.40175
14280000,67,284.369,-21633.7,79.1641,0.400467
14295000,48,202.217,-21660.7,42.9468,0.39648
14310000,47,194.754,-21650.6,39.4905,0.3724
14325000,54,218.836,-21634.8,45.6632,0.375667
14340000,68,300.197,-21625.6,70.5502,0.403217
14355000,69,302.544,-21637.9,74.2984,0.391867
14370000,50,216.4,-21625,54.8936,0.389533
14385000,59,271.013,-21643.2,61.3777,0.3846
14400000,56,247.671,-21626.5,51.6127,0.385907
14415000,69,293.681,-21629.4,58.587,0.391867
14430000,57,260.25,-21623,46.1484,0.3823
14445000,54,247.157,-21661.5,65.191,0.3862
14460000,59,268.421,-21640.6,64.0265,0.379333
14475000,51,213.383,-21632.8,63.7117,0.3736
14490000,46,203.433,-21670.4,40.1212,0.380037
14505000,51,221.878,-21640.9,46.001,0.385267
14520000,70,314.379,-21611.8,75.6834,0.37895
14535000,56,241.253,-21636.9,50.77,0.380233
14550000,65,258.246,-21617.9,50.3104,0.390867
14565000,62,283.214,-21591.3,64.2693,0.373867
14580000,71,309.48,-21597.4,76.6704,0.387
14595000,86,360.247,-21590.8,86.6916,0.394533
14610000,71,293.037,-21596.6,73.8996,0.405133
14625000,75,341.864,-21615.7,80.1625,0.375844
14640000,57,250.987,-21609.1,59.9508,0.384981
14655000,62,274.583,-21615.8,66.9015,0.390133
14670000,69,305.246,-21617,83.1888,0.403167
14685000,61,264.418,-21611.4,72.9647,0.3887
14700000,59,257.629,-21609.3,58.374,0.365667
14715000,49,223.12,-21629.8,42.2488,0.3838
14730000,54,241.195,-21642.6,70.1122,0.368933
14745000,51,225.02,-21635,48.4656,0.377467
14760000,53,233.352,-21650.7,55.1144,0.370378
14775000,44,189.721,-21649,46.5943,0.379267
14790000,52,234.038,-21648,58.7715,0.359867
14805000,66,292.286,-21652.9,56.9979,0.383533
14820000,58,236.711,-21634.2,50.5565,0.398267
14835000,64,279.891,-21623.9,63.3496,0.374378
14850000,50,219.759,-21627,49.9796,0.373267
14865000,57,234.938,-21625.1,50.3813,0.373067
14880000,71,309.993,-21618.6,64.3319,0.400533
14895000,67,295.402,-21626,72.0399,0.395
14910000,39,166.409,-21683.2,45.8622,0.378165
14925000,54,221.21,-21639.6,51.7861,0.394105
14940000,47,211.683,-21665.9,61.4788,0.361767
14955000,43,188.665,-21673.7,56.8644,0.387
14970000,55,241.043,-21627.4,48.9826,0.385827
14985000,44,195.747,-21645.8,35.7074,0.388667
15000000,54,233.162,-21653.3,54.8037,0.379267
15015000,65,285.87,-21648.1,67.016,0.373244
15030000,63,266.621,-21640.1,56.0242,0.400867
15045000,54,221.707,-21624.2,47.7628,0.3746
15060000,60,272.98,-21624.9,50.0329,0.3856
15075000,49,202.654,-21645.1,50.2863,0.3684
15090000,64,270.461,-21624.9,58.9414,0.395278
15105000,55,236.138,-21639.2,57.8378,0.379167
15120000,70,310.449,-21619.6,75.5271,0.387933
15135000,60,257.293,-21628.6,57.5996,0.396622
15150000,72,296.838,-21643.1,78.7186,0.398867
15165000,83,369.533,-21605.4,91.6162,0.399644
15180000,78,336.571,-21598.1,90.162,0.394333
15195000,68,288.19,-21635.7,74.252,0.408178
15210000,71,295.288,-21622.7,77.0633,0.3996
15225000,60,245.396,-21621.1,59.4666,0.397133
15240000,54,237.398,-21594.1,64.8561,0.391033
15255000,53,222.516,-21649.7,52.9656,0.385327
15270000,60,257.782,-21621.3,68.2361,0.395489
15285000,55,235.663,-21641.3,46.7797,0.379
15300000,50,213.591,-21606.4,47.8139,0.374667
15315000,44,199.364,-21675.9,48.3679,0.382767
15330000,65,274.553,-21610.8,57.8466,0.380933
15345000,67,302.244,-21650.1,69.5655,0.3929
15360000,60,258.216,-21601.6,67.7251,0.393833
15375000,57,249.715,-21634.5,53.119,0.381278
15390000,65,289.292,-21623.6,71.3854,0.390133
15405000,59,240.6,-21627.8,47.3291,0.390917
15420000,64,281.279,-21639.7,65.3208,0.403533
15435000,74,323.631,-21618.8,80.8584,0.37668
15450000,75,317.448,-21638,95.9782,0.387833
15465000,76,333.369,-21597.1,81.7322,0.389367
15480000,66,293.896,-21621.8,61.8067,0.38295
15495000,63,274.349,-21626.1,59.9909,0.3978
15510000,58,260.399,-21624.2,57.4121,0.3738
15525000,58,246.536,-21636.8,58.2649,0.3828
15540000,61,274.241,-21618.2,61.5207,0.381707
15555000,71,302.891,-21621.1,77.0754,0.378483
15570000,77,342.36,-21609,79.885,0.404733
15585000,78,340.759,-21624.4,73.3806,0.383967
15600000,63,279.432,-21635.4,60.326,0.395933
15615000,73,323.155,-21606.8,69.9805,0.39055
15630000,48,202.149,-21601.6,38.869,0.388117
15645000,67,279.058,-21626.6,54.4927,0.3895
15660000,64,280.32,-21596.8,53.2565,0.383567
15675000,58,243.91,-21612,65.064,0.374156
15690000,63,261.278,-21608,72.49,0.371033
15705000,61,257.871,-21619.8,66.1028,0.3836
15720000,53,238.164,-21614.2,64.0272,0.379187
15735000,54,233.593,-21643.1,60.7665,0.37455
15750000,52,214.005,-21624.4,54.9849,0.369667
15765000,69,292.371,-21590.6,62.5028,0.3763
15780000,60,256.971,-21638.1,64.7658,0.385817
15795000,59,261.29,-21621.1,55.2492,0.390167
15810000,67,285.521,-21618.9,61.6724,0.394533
15825000,75,336.606,-21600.6,73.02,0.3958
15840000,70,307.72,-21612.7,82.064,0.396
15855000,49,210.462,-21644.1,54.7994,0.3802
15870000,49,206.046,-21626.7,43.9733,0.370317
15885000,58,250.38,-21629.1,62.1913,0.372433
15900000,71,297.512,-21604.4,80.9351,0.393067
15915000,58,237.114,-21622.4,53.8553,0.392033
15930000,84,349.432,-21603.5,77.9073,0.389
15945000,64,261.456,-21615.7,74.4968,0.394
15960000,71,301.062,-21601.6,73.9556,0.3948
15975000,71,315.147,-21633.1,77.906,0.386783
15990000,64,294.188,-21622.7,49.6145,0.376408
16005000,59,247.711,-21623.3,57.1733,0.383
16020000,64,287.055,-21619.4,55.9999,0.387833
16035000,59,231.512,-21619.6,59.796,0.390533
16050000,61,276.232,-21609.3,68.1787,0.3843
16065000,59,246.578,-21613.8,54.3815,0.385533
16080000,53,220.219,-21637.6,52.4766,0.377083
16095000,62,273.268,-21606.7,50.1339,0.372467
16110000,61,274.041,-21589,58.0508,0.372533
16125000,64,279.384,-21602.7,60.5976,0.376
16140000,61,254.037,-21604.7,52.6631,0.384067
16155000,59,253.067,-21648.5,47.9386,0.368653
16170000,67,293.964,-21612.8,62.0697,0.3902
16185000,73,310.175,-21651.6,79.8998,0.396433
16200000,57,242.82,-21602.6,45.8272,0.3918
16215000,61,253.285,-21615.6,56.6166,0.374867
16230000,63,259.695,-21614.9,59.2152,0.376667
16245000,51,217.233,-21651.6,55.1734,0.376867
16260000,58,257.524,-21617.5,61.4485,0.3882
16275000,57,240.791,-21617,55.2952,0.3724
16290000,56,223.15,-21630.7,59.0311,0.3946
16305000,56,246.576,-21616.3,56.3721,0.3608
16320000,56,230.599,-21615.7,52.0049,0.3696
16335000,57,233.187,-21631,63.5405,0.382907
16350000,65,284.56,-21619.5,79.4871,0.396833
16365000,84,338.986,-21618.8,101.208,0.3952
16380000,64,263.785,-21599.7,49.7827,0.3964
16395000,55,243.673,-21610.5,41.8529,0.382622
16410000,53,231.852,-21680.6,59.2729,0.37256
16425000,48,213.126,-21636.5,60.332,0.381133
16440000,64,277.644,-21637.4,79.5732,0.388267
16455000,58,267.245,-21647,63.2376,0.390911
16470000,56,235.429,-21644.2,56.5392,0.3936
16485000,76,317.015,-21624.5,81.7466,0.4068
16500000,59,262.082,-21603.6,58.9672,0.368333
16515000,51,226.738,-21656.7,41.2412,0.393089
16530000,62,271.505,-21646,61.5463,0.4044
16545000,41,188.278,-21658.5,39.0492,0.370833
16560000,54,225.535,-21592.3,46.4937,0.3792
16575000,58,260.938,-21682.3,64.0403,0.373667
16590000,57,262.831,-21601.3,60.6413,0.374433
16605000,73,323.256,-21600.2,74.2568,0.386467
16620000,54,251.995,-21620,44.2464,0.373078
16635000,65,300.799,-21634.3,61.7589,0.384867
16650000,50,216.236,-21639.7,44.0549,0.3792
16665000,57,239.067,-21635,60.3775,0.371667
16680000,73,314.402,-21608.3,72.6164,0.3882
16695000,51,205.575,-21648.3,49.2611,0.37725
16710000,72,311.808,-21619.8,72.0124,0.3778
16725000,54,229.935,-21615.9,47.4737,0.385222
16740000,61,265.058,-21624.4,62.1174,0.372933
16755000,58,260.253,-21597.5,49.3835,0.375667
16770000,64,270.874,-21592,56.6997,0.381133
16785000,71,320.679,-21599.2,63.1033,0.390333
16800000,76,329.956,-21594.1,68.5734,0.375533
16815000,75,307.199,-21590.8,79.3141,0.389733
16830000,48,222.49,-21652.9,44.1483,0.376733
16845000,60,253.925,-21627.1,60.7815,0.383222
16860000,64,261.906,-21617.4,67.1854,0.385244
16875000,62,264.445,-21594.9,51.101,0.3744
16890000,67,290.393,-21592.1,77.0676,0.374533
16905000,72,316.679,-21591,82.0055,0.377733
16920000,72,315.647,-21567.9,63.4053,0.3822
16935000,59,256.945,-21615.4,58.5852,0.387533
16950000,78,331.047,-21593.6,72.2868,0.384456
16965000,89,380.601,-21594.4,85.0292,0.399267
16980000,79,334.141,-21605.1,78.0428,0.395
16995000,79,348.532,-21603.9,95.6346,0.397467
17010000,75,323.182,-21619.2,68.6998,0.38184
17025000,66,271.818,-21599,58.0592,0.389533
17040000,70,304.503,-21624.7,79.9177,0.382467
17055000,52,221.882,-21602.1,58.499,0.377433
17070000,55,237.901,-21600.4,60.0876,0.361
17085000,54,238.123,-21589.4,48.6499,0.372267
17100000,69,306.109,-21614.9,65.2398,0.374367
17115000,71,304.593,-21592.6,74.2388,0.381267
17130000,71,315.079,-21613.8,82.2604,0.382533
17145000,64,288.137,-21596.8,76.0096,0.387867
17160000,68,324.856,-21620,67.3956,0.3712
17175000,53,247.021,-21620.6,55.7639,0.385133
17190000,66,297.047,-21606.5,67.6527,0.3768
17205000,57,258.466,-21641.4,50.1956,0.3824
17220000,62,277.931,-21620.4,75.1723,0.3692
17235000,66,293.672,-21614,62.9102,0.3856
17250000,56,233.217,-21607.9,49.4621,0.361103
17265000,55,229.165,-21615.8,62.6693,0.362067
17280000,48,202.912,-21600.8,47.1695,0.355933
17295000,51,214.228,-21624.9,52.4878,0.377553
17310000,58,253.262,-21605.1,64.4434,0.370787
17325000,52,229.902,-21631.4,48.1546,0.376033
17340000,59,238.442,-21628.1,68.9572,0.371767
17355000,66,289.721,-21619.1,66.6487,0.366027
17370000,51,225.198,-21611,52.3452,0.366467
17385000,48,189.676,-21647.3,48.8276,0.374167
17400000,63,257.043,-21629.7,61.8577,0.37635
17415000,54,230.864,-21623.7,78.4082,0.387333
17430000,57,250.65,-21618.3,62.9914,0.368367
17445000,64,286.289,-21597.5,81.4762,0.370933
17460000,56,239.241,-21610.9,58.4081,0.385133
17475000,55,232.996,-21627.1,59.3053,0.3749
17490000,51,227.542,-21637.6,53.2134,0.374667
17505000,50,214.596,-21602.5,51.4881,0.367022
17520000,64,297.222,-21614.8,60.4211,0.375933
17535000,48,220.02,-21600.8,39.8309,0.3692
17550000,54,231.094,-21622.1,48.432,0.366717
17565000,67,296.526,-21623.3,66.5718,0.381467
17580000,72,312.607,-21603.8,70.2408,0.391
17595000,64,279.813,-21611.6,62.0429,0.36625
17610000,52,220.352,-21624.3,45.6086,0.383933
17625000,68,280.612,-21625.6,75.4754,0.394533
17640000,75,314.657,-21618.2,78.8808,0.407867
17655000,64,291.579,-21623.3,52.4349,0.385467
17670000,91,395.323,-21578.3,96.0079,0.403433
17685000,83,349.526,-21574.5,83.5775,0.395333
17700000,77,343.924,-21585.7,81.4699,0.3902
17715000,62,247.654,-21610.7,56.6215,0.394483
17730000,79,370.137,-21603.1,79.7777,0.3916
17745000,87,398.885,-21575.3,88.0706,0.401667
17760000,69,281.788,-21612.9,64.8827,0.408067
17775000,52,222.742,-21610.3,56.0305,0.38925
17790000,68,303.189,-21605.4,81.6869,0.393422
17805000,83,363.438,-21610.1,91.5551,0.383667
17820000,86,387.193,-21584.3,79.6945,0.3928
17835000,85,392.572,-21623.1,79.7664,0.4104
17850000,57,244.297,-21629,60.0641,0.3966
17865000,64,268.979,-21630.3,57.146,0.393
17880000,62,274.051,-21602.1,56.5517,0.389533
17895000,50,217.28,-21614.4,57.55,0.377633
17910000,64,255.221,-21622.5,63.9365,0.38245
17925000,77,339.254,-21618,84.5299,0.384111
17940000,69,300.486,-21605.7,70.5433,0.391467
17955000,63,272.851,-21612.9,69.4379,0.388533
17970000,71,331.162,-21630.4,66.264,0.392733
17985000,73,330.914,-21624.9,102.361,0.394733
18000000,58,240.093,-21631.7,56.2756,0.376257
18015000,51,211.109,-21638.2,51.5839,0.370333
18030000,51,224.605,-21656.4,52.2894,0.38775
18045000,65,304.174,-21607.3,63.6157,0.376767
18060000,58,238.996,-21640,67.7036,0.3897
18075000,64,291.111,-21595.9,58.3137,0.386167
18090000,67,291.458,-21635.4,63.4097,0.377787
18105000,63,285.272,-21585.3,69.2704,0.379333
18120000,67,294.257,-21613,58.8105,0.3906
18135000,53,214.738,-21629.9,46.8092,0.384244
18150000,78,359.571,-21626.5,84.5585,0.387178
18165000,60,262.924,-21633.6,56.4732,0.398667
18180000,53,243.706,-21649,56.5936,0.385833
18195000,67,287.385,-21634.4,74.2262,0.395233
18210000,65,274.023,-21622.6,62.4891,0.3963
18225000,75,323.945,-21598.9,73.6982,0.396867
18240000,61,271.508,-21604.5,50.6274,0.388467
18255000,75,322.082,-21608.2,78.6294,0.385467
18270000,61,263.115,-21640.9,44.0893,0.389767
18285000,62,257.837,-21593.5,69.8536,0.379321
18300000,64,277.162,-21599.8,65.7375,0.382467
18315000,69,304.127,-21596.3,64.8739,0.383133
18330000,75,333.196,-21613.7,65.0167,0.384067
18345000,57,252.983,-21632.8,54.6171,0.382973
18360000,59,256.995,-21600,64.8973,0.374433
18375000,61,269.067,-21620.4,58.5673,0.388067
18390000,57,250.931,-21635,42.3112,0.382933
18405000,56,248.909,-21629.5,61.155,0.382333
18420000,62,289.014,-21631.1,62.0089,0.392667
18435000,63,280.883,-21620.3,67.9274,0.37412
18450000,63,272.148,-21638.7,67.5373,0.3956
18465000,61,259.48,-21626.1,76.5923,0.390105
18480000,61,256.223,-21624.1,54.9796,0.390733
18495000,49,201.636,-21642.5,40.681,0.366517
18510000,70,283.038,-21621.1,78.3281,0.379244
18525000,49,207.458,-21626.7,47.9051,0.373978
18540000,62,274.602,-21621.8,65.4022,0.378067
18555000,58,253.063,-21635.8,58.5275,0.373833
18570000,45,190.479,-21638.1,52.4099,0.376667
18585000,62,260.018,-21630.5,53.4822,0.389147
18600000,43,176.814,-21630.8,46.4856,0.350533
18615000,61,254.701,-21613.1,53.5061,0.380967
18630000,53,229.986,-21629.6,40.5161,0.386922
18645000,76,321.024,-21634.3,75.8495,0.400767
18660000,57,243.431,-21641.6,60.6716,0.383367
18675000,57,235.347,-21646.5,56.9158,0.402067
18690000,65,283.25,-21627.4,75.2647,0.398467
18705000,73,316.44,-21627.6,59.7135,0.399933
18720000,62,254.185,-21636,58.0499,0.400067
18735000,67,291.089,-21631.2,68.2494,0.3962
18750000,61,261.321,-21642,66.5608,0.404
18765000,61,269.325,-21632,72.8125,0.405667
18780000,50,223.988,-21639.3,48.1394,0.369517
18795000,61,268.387,-21633.8,69.433,0.398767
18810000,59,276.254,-21650.4,51.5592,0.401933
18825000,51,219.869,-21626.4,42.9183,0.395733
18840000,59,249.844,-21633.8,59.1028,0.378583
18855000,57,259.966,-21649.5,59.3621,0.3749
18870000,68,286.99,-21648.8,71.7251,0.384133
18885000,63,289.905,-21635.4,69.8941,0.398333
18900000,65,293.942,-21649.7,57.8317,0.389324
18915000,92,402.017,-21630.3,90.8897,0.38888
18930000,94,403.885,-21615.5,102.922,0.412267
18945000,51,214.65,-21647.9,49.2784,0.394
18960000,77,314.208,-21604.6,84.6789,0.3982
18975000,69,305.124,-21604.3,62.0765,0.393133
18990000,68,289.166,-21613.3,55.6529,0.377933
19005000,63,290.104,-21625.8,63.2012,0.396076
19020000,64,272.64,-21616.6,52.3838,0.3841
19035000,57,251.96,-21654,63.0205,0.401367
19050000,61,260.016,-21611.4,48.2982,0.3797
19065000,65,273.157,-21650,59.9173,0.387242
19080000,66,292.998,-21620.3,59.8814,0.385267
19095000,58,261.587,-21630.1,57.9298,0.370867
19110000,69,285.54,-21633.8,71.6773,0.387467
19125000,61,258.684,-21616.9,64.6437,0.381267
19140000,59,265.483,-21593.4,43.2998,0.391133
19155000,55,236.697,-21648.1,46.4105,0.380711
19170000,63,281.037,-21617.7,88.6738,0.382233
19185000,60,277.572,-21619.6,44.9383,0.389867
19200000,49,229.708,-21605.3,44.2555,0.385133
19215000,72,314.706,-21643.5,77.7177,0.39665
19230000,70,300.921,-21637.2,74.293,0.405933
19245000,51,216.611,-21633.1,50.8968,0.3978
19260000,67,298.386,-21614.3,61.5049,0.402133
19275000,65,286.857,-21622.7,72.6735,0.386383
19290000,69,307.634,-21609.9,72.255,0.3965
19305000,72,297.558,-21613,74.6202,0.392133
19320000,71,315.918,-21616.6,90.3455,0.411933
19335000,52,224.956,-21635.8,56.0481,0.374933
19350000,65,291.331,-21624.1,63.9316,0.386067
19365000,65,274.825,-21605.1,66.8002,0.381911
19380000,50,205.638,-21617.4,58.1034,0.375133
19395000,59,277.435,-21610.7,69.9919,0.383067
19410000,60,255.445,-21614.7,63.713,0.382033
19425000,59,247.649,-21614.2,75.2243,0.396867
19440000,64,287.691,-21629.7,62.4464,0.3809
19455000,72,323.465,-21608.4,62.2887,0.3856
19470000,64,274.164,-21627.7,58.2703,0.4001
19485000,76,334.444,-21633.2,81.3,0.39996
19500000,51,210.049,-21635.7,45.6636,0.380022
19515000,68,293.229,-21624.7,67.3651,0.372467
19530000,55,222.455,-21627.3,50.564,0.388
19545000,60,268.773,-21636.1,48.2473,0.382267
19560000,69,295.523,-21617.9,59.3835,0.386033
19575000,73,323.524,-21607.2,85.907,0.3932
19590000,61,275.433,-21629.4,50.427,0.391067
19605000,60,263.508,-21630.9,67.9205,0.383867
19620000,50,222.178,-21640.8,51.9119,0.3774
19635000,68,297.771,-21623,56.7906,0.379188
19650000,71,304.97,-21641.8,81.9231,0.3959
19665000,68,292.035,-21617,70.3753,0.391567
19680000,66,292.884,-21640.2,62.6885,0.407333
19695000,66,281.582,-21638,59.9536,0.397667
19710000,55,239.61,-21637.5,71.6933,0.377695
19725000,60,264.779,-21629,51.4225,0.382967
19740000,58,261.927,-21622.7,57.4016,0.37852
19755000,71,295.126,-21629.7,70.7058,0.3923
19770000,70,293.108,-21625.5,81.0999,0.411133
19785000,60,262.638,-21646,65.0259,0.391427
19800000,65,284.627,-21634.8,71.095,0.385267
19815000,56,229.584,-21629.4,51.2173,0.389667
19830000,54,250.577,-21612.6,55.3772,0.382667
19845000,61,265.282,-21646.8,46.7191,0.38124
19860000,53,234.176,-21623.9,50.75,0.3834
19875000,59,262.839,-21609.6,48.7445,0.387
19890000,63,279.604,-21618.7,66.8554,0.380333
19905000,63,267.268,-21628.9,59.3027,0.378333
19920000,53,233.318,-21634.7,54.3092,0.372733
19935000,56,233.833,-21658.7,47.2414,0.387811
19950000,63,274.114,-21607.3,50.1237,0.374983
19965000,62,269.479,-21600.4,60.7299,0.386733
19980000,51,222.323,-21635.9,64.1948,0.37145
19995000,57,245.6,-21593.5,49.2067,0.386
20010000,50,214.523,-21633.9,54.2705,0.374633
20025000,56,235.292,-21619,55.5071,0.372733
20040000,62,268.963,-21642,59.1962,0.379667
20055000,56,220.32,-21653.8,58.0023,0.397133
20070000,64,284.582,-21609.7,55.1186,0.375347
20085000,59,248.993,-21619.2,67.9644,0.3972
20100000,60,251.785,-21619,56.215,0.378733
20115000,57,244.725,-21610.4,66.4246,0.384333
20130000,57,250.808,-21628.7,63.1863,0.3722
20145000,50,211.798,-21639.8,49.0373,0.382011
20160000,64,269.223,-21616.7,60.6247,0.383367
20175000,65,283.753,-21633.5,63.5698,0.379233
20190000,51,208.156,-21643,74.1292,0.383564
20205000,68,293.585,-21628.9,60.7506,0.392067
20220000,58,253.716,-21635.3,62.296,0.383
20235000,65,272.275,-21630.8,74.4848,0.390667
20250000,65,292.123,-21621.7,59.5033,0.381267
20265000,66,267.633,-21596.3,56.7162,0.392467
20280000,74,318.167,-21614.4,59.568,0.388583
20295000,75,315.409,-21626.9,85.7871,0.4029
20310000,70,313.275,-21653,84.0853,0.402933
20325000,72,316.235,-21620,70.488,0.4024
20340000,71,299.21,-21625.8,78.4594,0.410733
20355000,66,285.523,-21622.2,66.4208,0.404867
20370000,63,270.528,-21637.2,56.7471,0.393867
20385000,54,238.537,-21611.7,47.0907,0.383762
20400000,60,260.436,-21631.6,54.1843,0.393339
20415000,66,281.257,-21606.6,70.5052,0.377067
20430000,76,308.144,-21586.8,76.8671,0.394067
20445000,61,264.957,-21633.2,63.0212,0.391827
20460000,66,282.044,-21641.7,68.9375,0.387333
20475000,79,328.203,-21618,72.4628,0.396111
20490000,76,324.713,-21612.9,69.7805,0.408267
20505000,67,293.567,-21602.9,64.99,0.390067
20520000,67,279.128,-21604.2,51.6208,0.384067
20535000,53,214.809,-21633.3,54.0808,0.394311
20550000,64,263.216,-21641.1,62.0993,0.381867
20565000,52,217.106,-21637.2,57.683,0.393267
20580000,60,259.446,-21638.8,57.4104,0.395417
20595000,74,318.77,-21592.2,72.7355,0.389147
20610000,65,264.013,-21623.8,63.9316,0.389167
20625000,73,322.781,-21631.1,67.4838,0.395
20640000,58,246.141,-21632.9,60.3012,0.394833
20655000,68,294.405,-21636.3,67.8066,0.4112
20670000,73,335.964,-21602.2,84.3423,0.3918
20685000,72,314.894,-21583.9,89.6381,0.3874
20700000,56,224.979,-21654,55.1374,0.394689
20715000,57,246.545,-21635.8,68.6952,0.3872
20730000,54,228.757,-21590.2,51.7515,0.382511
20745000,67,286.959,-21598.9,70.6568,0.3736
20760000,52,230.43,-21643.1,50.3384,0.387467
20775000,46,200.053,-21659.4,42.4613,0.3914
20790000,68,289.49,-21591.5,65.8026,0.383089
20805000,53,225.639,-21588.4,56.4059,0.380133
20820000,50,212.772,-21673.7,42.6106,0.375941
20835000,56,238.438,-21661.7,62.7326,0.37405
20850000,56,242.82,-21616.8,66.1125,0.375444
20865000,54,241.526,-21618.8,57.0632,0.3702
20880000,58,254.755,-21644.2,52.285,0.389022
20895000,65,289.236,-21607.9,64.0906,0.381767
20910000,59,241.265,-21616,57.5306,0.394067
20925000,72,305.551,-21601.5,65.3697,0.381133
20940000,64,270.004,-21596.6,57.547,0.398267
20955000,53,225.706,-21611.9,59.9298,0.372
20970000,51,219.394,-21613,57.612,0.373
20985000,53,232.608,-21659.2,44.4936,0.397219
21000000,59,266.496,-21655.8,68.3555,0.412067
21015000,48,202.247,-21664.2,42.4496,0.403067
21030000,49,224.231,-21642.6,54.6901,0.36575
21045000,54,246.736,-21621.4,57.9457,0.373333
21060000,47,202.665,-21633.9,43.0886,0.3726
21075000,55,241.866,-21629.5,65.2159,0.368133
21090000,55,239.144,-21628.6,50.6421,0.371133
21105000,53,238.689,-21677.9,53.9496,0.381646
21120000,58,240.165,-21625.6,65.0138,0.358833
21135000,47,202.619,-21667.2,55.5495,0.389333
21150000,45,198.62,-21666.6,43.075,0.370815
21165000,56,242.544,-21603,56.253,0.3708
21180000,47,185.385,-21655.9,52.2247,0.378844
21195000,61,255.202,-21619.2,58.5372,0.3699
21210000,60,271.138,-21617.1,48.6855,0.375533
21225000,48,207.851,-21656.2,53.7276,0.38028
21240000,69,310.707,-21588.6,75.368,0.3834
21255000,53,228.727,-21651.7,54.0904,0.388833
21270000,70,308.3,-21618.3,72.1735,0.380233
21285000,70,305.854,-21587.4,64.9843,0.389
21300000,72,322.843,-21588.5,68.9804,0.388267
21315000,75,328.967,-21613.1,76.1877,0.385017
21330000,63,284.535,-21606.6,73.3232,0.387267
21345000,68,284.469,-21634.5,65.4423,0.3972
21360000,77,322.241,-21589.2,72.5779,0.398933
21375000,65,275.551,-21588.7,64.4898,0.377756
21390000,60,254.317,-21615,64.4633,0.398433
21405000,61,262.536,-21602.5,51.8684,0.3886
21420000,66,282.133,-21625.9,64.6441,0.399333
21435000,70,299.759,-21620.5,73.0168,0.3994
21450000,62,271.321,-21612.8,59.1373,0.374693
21465000,70,315.424,-21632.4,69.1506,0.4
21480000,71,322.39,-21640.6,83.0778,0.406133
21495000,60,252.21,-21622.6,67.6184,0.3924
21510000,69,322.695,-21641.1,72.3846,0.396333
21525000,59,263.572,-21622.3,47.9853,0.401
21540000,50,220.459,-21625.8,48.2234,0.3828
21555000,65,286.91,-21645.5,58.2047,0.4006
21570000,61,259.846,-21632.5,62.3709,0.393533
21585000,56,235.59,-21641,51.953,0.386133
21600000,58,253.51,-21616.7,45.3127,0.395067
21615000,62,265.758,-21624.4,50.2482,0.368867
21630000,67,300.497,-21636.5,73.7786,0.385433
21645000,50,218.424,-21630.6,52.9301,0.386933
21660000,60,268.87,-21636,58.0913,0.391978
21675000,64,275.294,-21646.2,71.0989,0.393
21690000,65,282.181,-21636.9,65.4597,0.4024
21705000,55,234.641,-21649,56.7167,0.386733
21720000,65,278.211,-21651.1,73.6182,0.404033
21735000,57,236.918,-21618.1,54.5817,0.3776
21750000,53,239.895,-21652.6,43.6867,0.387667
21765000,35,150.861,-21713.2,28.4962,0.375118
21780000,52,216.489,-21649.3,35.3776,0.385867
21795000,46,188.082,-21631.1,47.7384,0.384933
21810000,35,146.124,-21687.8,38.3315,0.365333
21825000,57,220.133,-21655.3,61.6296,0.365267
21840000,60,259.148,-21621.3,64.42,0.389733
21855000,60,262.899,-21625.6,76.0377,0.391067
21870000,58,264.448,-21635.2,52.0364,0.395333
21885000,50,201.792,-21663.3,41.6273,0.376383
21900000,40,182.602,-21696.1,41.745,0.384111
21915000,37,166.257,-21696.2,33.2264,0.3782
21930000,66,267.358,-21632.6,67.3047,0.384689
21945000,59,251.523,-21639.8,63.611,0.40452
21960000,54,233.367,-21625.2,54.9454,0.385933
21975000,53,233.037,-21622.5,53.406,0.380733
21990000,59,267.331,-21629.3,64.107,0.378467
22005000,59,249.294,-21616.3,45.5426,0.376689
22020000,54,248.293,-21659.5,59.9592,0.380286
22035000,65,288.013,-21616.1,63.3586,0.395711
22050000,68,299.989,-21619.7,74.7305,0.392467
22065000,82,347.864,-21621.6,90.2943,0.41455
22080000,54,244.552,-21670.2,57.7058,0.39495
22095000,73,305.128,-21619.6,71.6354,0.410167
22110000,52,222.496,-21635.5,50.6552,0.395417
22125000,54,218.983,-21625.5,57.5383,0.3935
22140000,58,255.843,-21613.9,45.1572,0.391267
22155000,65,272.909,-21630.6,70.385,0.382756
22170000,59,254.869,-21631.8,70.0375,0.3886
22185000,72,313.044,-21654.9,72.9973,0.396644
22200000,63,268.634,-21669.2,58.8585,0.385617
22215000,52,230.623,-21649,43.9136,0.4051
22230000,66,285.043,-21619.4,70.7359,0.387667
22245000,63,252.955,-21635.2,52.6808,0.4078
22260000,38,156.434,-21683.2,42.7983,0.392683
22275000,61,272.001,-21651.6,67.7561,0.392533
22290000,79,323.427,-21630.2,79.3154,0.396208
22305000,60,260.079,-21636.6,47.8724,0.384333
22320000,75,333.498,-21612.8,78.309,0.392511
22335000,77,340.88,-21631.3,89.773,0.393933
22350000,67,289.898,-21613.9,63.3279,0.405133
22365000,53,228.882,-21618.5,45.0428,0.394711
22380000,53,230.824,-21622.1,57.5863,0.3832
22395000,59,263.511,-21629.9,67.9733,0.396044
22410000,64,283.86,-21647.9,79.4047,0.380867
22425000,61,257.661,-21618.1,60.9026,0.393267
22440000,54,240.21,-21611.4,56.8349,0.385
22455000,53,232.295,-21604.5,52.9889,0.375333
22470000,55,232.008,-21604.3,50.6647,0.369267
22485000,37,152.47,-21672.2,33.3036,0.36824
22500000,70,311.188,-21634.2,65.1999,0.3649
22515000,59,244.535,-21647,58.8916,0.376674
22530000,50,206.05,-21636.1,42.8777,0.3792
22545000,50,207.835,-21639.2,43.7945,0.389667
22560000,56,234.437,-21631.3,53.5163,0.37855
22575000,46,194.909,-21688.9,32.4193,0.363033
22590000,64,281.247,-21619.7,67.6523,0.3872
22605000,57,245.407,-21621.7,60.0871,0.390667
22620000,58,247.488,-21625.9,66.868,0.3816
22635000,49,208.76,-21689,45.6774,0.376267
22650000,57,233.679,-21609.8,61.3872,0.384367
22665000,59,249.192,-21614.8,47.9915,0.3724
22680000,48,206.82,-21626.5,44.6109,0.365733
22695000,64,280.108,-21622.7,74.0837,0.369333
22710000,61,258.466,-21605.7,47.6513,0.387067
22725000,76,317.063,-21628.5,73.1662,0.3946
22740000,85,369.467,-21601.3,105.093,0.414467
22755000,76,325.595,-21596.4,64.0073,0.400867
22770000,64,263.969,-21599.5,53.4915,0.392667
22785000,85,376.202,-21599.6,88.123,0.401467
22800000,66,290.624,-21637.8,56.1938,0.381867
22815000,71,312.926,-21617,74.878,0.3927
22830000,66,301.064,-21615.5,55.2739,0.393733
22845000,69,306.986,-21599,69.3319,0.382533
22860000,66,285.737,-21600.5,57.3981,0.3846
22875000,63,270.725,-21623.3,69.3538,0.391707
22890000,73,319.625,-21606.2,70.3203,0.388667
22905000,70,289.779,-21599.9,65.1022,0.394267
22920000,63,268.686,-21610.5,70.481,0.380367
22935000,55,223.205,-21607.1,68.3309,0.378433
22950000,68,291.208,-21602.9,65.3404,0.3642
22965000,57,242.324,-21621.1,62.4481,0.382733
22980000,64,264.678,-21609.1,63.2567,0.3819
22995000,70,314.046,-21624.8,69.445,0.3936
23010000,60,265.495,-21636.1,60.3193,0.3972
23025000,59,249.666,-21642.6,53.362,0.388533
23040000,57,238.857,-21612.6,87.3374,0.370773
23055000,50,198.632,-21651.3,49.5059,0.392633
23070000,54,230.249,-21614.3,69.401,0.358267
23085000,60,270.621,-21651.8,57.7953,0.382269
23100000,71,290.959,-21645.6,52.8893,0.391089
23115000,66,304.498,-21626.4,70.3091,0.374911
23130000,53,226.862,-21616.7,54.926,0.369
23145000,45,192.819,-21647.1,45.3264,0.3458
23160000,64,247.066,-21634.3,56.4702,0.38172
23175000,70,309.049,-21609.7,63.7971,0.39496
23190000,53,222.17,-21629.7,39.9643,0.387033
23205000,56,247.01,-21607.7,55.9136,0.362733
23220000,71,304.244,-21611.2,60.1924,0.383044
23235000,57,233.446,-21623.9,54.2176,0.3844
23250000,50,221.737,-21625.9,55.1264,0.370517
23265000,57,240.934,-21632.3,66.5439,0.367867
23280000,66,269.791,-21631.2,72.5633,0.374667
23295000,70,304.768,-21612.3,64.0885,0.392933
23310000,61,261.515,-21635.4,66.2577,0.384667
23325000,52,215.524,-21606.6,46.3012,0.362558
23340000,63,259.684,-21615.1,60.5493,0.397767
23355000,73,310.728,-21638.5,74.5047,0.412667
23370000,62,277.825,-21614.6,66.124,0.411467
23385000,59,261.245,-21619,62.2133,0.359833
23400000,63,275.237,-21633.4,73.0255,0.387696
23415000,63,250.406,-21632.7,61.1309,0.395911
23430000,55,225.621,-21617.3,58.0916,0.373511
23445000,63,268.043,-21616.4,57.4578,0.396367
23460000,67,292.654,-21627.3,86.0099,0.377367
23475000,59,254.525,-21650,57.2501,0.383507
23490000,66,292.295,-21628,62.9469,0.392133
23505000,74,311.021,-21606.7,75.6227,0.401067
23520000,54,223.032,-21611.7,46.0707,0.393267
23535000,49,208.073,-21650.2,66.1833,0.367747
23550000,67,284.313,-21621.1,86.6216,0.390747
23565000,71,300.217,-21625.6,66.3911,0.4138
23580000,82,351.86,-21603.9,67.1948,0.408867
23595000,47,223.907,-21622.3,39.6092,0.361967
23610000,77,339.685,-21597.8,80.9932,0.391178
23625000,85,345.06,-21588,71.0323,0.3998
23640000,82,337.79,-21610,77.7442,0.395867
23655000,72,316.076,-21631.2,66.9301,0.414667
23670000,64,282.691,-21608,64.5101,0.390933
23685000,66,262.895,-21616.5,67.8792,0.3886
23700000,82,365.194,-21621.7,85.5594,0.391956
23715000,77,323.529,-21619.2,74.8433,0.403667
23730000,70,307.619,-21607.1,73.8885,0.409467
23745000,45,183.065,-21654.4,54.5523,0.377356
23760000,59,251.768,-21627.7,67.1493,0.390267
23775000,57,251.353,-21618.2,63.3533,0.380867
23790000,65,276.772,-21621.1,72.4626,0.387133
23805000,58,233.077,-21614,57.2591,0.389867
23820000,63,240.224,-21620.4,61.3364,0.3948
23835000,61,260.204,-21652.1,66.2402,0.376411
23850000,64,289.801,-21615.6,61.397,0.397567
23865000,69,321.915,-21617.3,83.0405,0.391667
23880000,64,283.015,-21600.6,76.5746,0.392067
23895000,51,218.152,-21616.1,59.8572,0.371533
23910000,53,228.527,-21632.1,58.1308,0.383693
23925000,63,269.46,-21624.7,67.5157,0.389267
23940000,55,233.663,-21642.9,57.4993,0.385267
23955000,58,244.463,-21613.1,68.7822,0.37585
23970000,55,238.077,-21615.4,64.2146,0.380067
23985000,48,205.557,-21651.9,50.2807,0.368723
24000000,63,279.151,-21642,64.4519,0.38645
24015000,45,193.955,-21669.2,40.3325,0.3599
24030000,59,246.643,-21622.5,52.985,0.381467
24045000,65,283.625,-21642.4,56.033,0.375333
24060000,53,221.339,-21632.4,45.2122,0.374956
24075000,60,257.044,-21599.6,47.2113,0.377633
24090000,50,218.247,-21625.9,57.0559,0.3854
24105000,50,215.304,-21612.1,54.7487,0.364733
24120000,53,249.71,-21622.8,60.3608,0.3814
24135000,47,209.767,-21620.8,40.4126,0.385733
24150000,53,230.388,-21624.9,56.5654,0.370911
24165000,64,274.329,-21608.9,68.6573,0.395533
24180000,69,290.708,-21629.4,52.2051,0.390467
24195000,59,242.97,-21614.9,59.5473,0.391567
24210000,55,239.428,-21600.8,60.4662,0.388333
24225000,52,231.078,-21662.9,52.4194,0.367943
24240000,46,203.049,-21643.6,50.3593,0.392489
24255000,48,196.65,-21648.4,44.2389,0.3681
24270000,42,183.575,-21656,46.4995,0.3805
24285000,47,206.9,-21637.1,47.4035,0.367467
24300000,56,249.42,-21630.6,54.7823,0.385167
24315000,51,199.906,-21651.6,66.2188,0.385556
24330000,72,293.919,-21635.5,78.3642,0.396633
24345000,66,303.116,-21620.7,76.5492,0.396467
24360000,64,283.891,-21616.2,58.7248,0.408733
24375000,49,216.672,-21636,45.164,0.383467
24390000,60,268.094,-21627.2,51.2264,0.380733
24405000,69,282.573,-21622.2,71.292,0.3921
24420000,70,319.257,-21630.2,82.8558,0.401867
24435000,74,320.997,-21638.4,77.6167,0.399733
24450000,68,300.665,-21621.2,63.607,0.398867
24465000,59,253.135,-21617.9,48.3298,0.411333
24480000,65,269.835,-21664.7,82.2843,0.4061
24495000,48,212.181,-21652.2,45.4181,0.372367
24510000,63,263.018,-21650.3,70.2668,0.386244
24525000,67,266.163,-21632,64.0084,0.404089
24540000,71,309.039,-21636,73.8926,0.402733
24555000,50,214.486,-21630.5,54.5596,0.390556
24570000,82,360.695,-21618.4,85.3328,0.400533
24585000,62,274.664,-21640,66.8008,0.4008
24600000,52,228.159,-21654.1,47.0565,0.383267
24615000,75,337.58,-21629.6,65.8166,0.391333
24630000,54,245.336,-21641,46.9053,0.397667
24645000,52,234.474,-21635.1,53.3837,0.381733
24660000,48,216.322,-21651.4,44.6282,0.387217
24675000,47,195.262,-21643.2,42.1816,0.374067
24690000,42,183.055,-21676.9,36.7937,0.368164
24705000,48,207.132,-21654.6,47.9728,0.378311
24720000,56,245.907,-21649.9,55.3511,0.376756
24735000,71,317.51,-21659.1,66.9477,0.377689
24750000,66,287.845,-21623.5,62.477,0.394711
24765000,66,281.314,-21626.3,54.7484,0.4006
24780000,69,309.496,-21623.4,58.9863,0.3984
24795000,70,303.463,-21619.6,73.7994,0.4048
24810000,54,242.9,-21642.2,50.2104,0.392078
24825000,66,269.431,-21641.8,54.6548,0.3961
24840000,76,335.932,-21614,71.324,0.4212
24855000,73,335.223,-21617.8,76.686,0.4094
24870000,60,249.607,-21607.7,61.0059,0.4008
24885000,51,219.421,-21655.9,62.3575,0.390147
24900000,53,225.911,-21620.5,45.7395,0.379767
24915000,76,325.653,-21622,72.6601,0.383867
24930000,73,327.212,-21626.9,74.3656,0.401867
24945000,62,273.059,-21611.8,68.814,0.3994
24960000,66,293.869,-21594.1,61.6764,0.386333
24975000,58,241.847,-21632.3,56.7868,0.392333
24990000,61,258.938,-21619.2,50.0535,0.380533
25005000,57,254.535,-21652.9,56.336,0.38915
25020000,64,266.991,-21621.7,68.3211,0.388767
25035000,53,232.107,-21633.2,51.8963,0.400933
25050000,56,241.477,-21626.6,43.4157,0.385467
25065000,55,244.843,-21625.2,65.8414,0.379
25080000,66,298.324,-21602.7,69.3934,0.401083
25095000,53,239.429,-21670,53.9762,0.383603
25110000,53,241.382,-21629.6,46.5477,0.380756
25125000,56,250.885,-21635.4,66.3137,0.3928
25140000,48,207.648,-21650.1,44.7648,0.395933
25155000,56,243.268,-21638.4,65.6301,0.376778
25170000,66,292.568,-21633.6,53.1778,0.3946
25185000,63,269.851,-21620.5,63.7172,0.400667
25200000,73,290.709,-21625.6,78.3426,0.3786
25215000,54,232.91,-21635.4,55.9949,0.38916
25230000,62,266.955,-21609.1,61.8358,0.392
25245000,59,251.66,-21648.8,61.4698,0.395733
25260000,67,305.813,-21669,79.181,0.393533
25275000,48,194.506,-21633.4,46.8554,0.3938
25290000,52,226.485,-21630.8,67.1167,0.3752
25305000,55,230.252,-21661.1,50.5174,0.388
25320000,53,242.066,-21646.2,48.134,0.39904
25335000,64,261.891,-21628.7,70.1193,0.389433
25350000,52,201.732,-21631,51.8623,0.387467
25365000,59,248.95,-21634.7,53.7032,0.3842
25380000,58,258.759,-21614.6,41.7679,0.388267
25395000,58,262.933,-21632,65.968,0.385307
25410000,56,244.647,-21606.8,56.0263,0.388911
25425000,55,245.807,-21650.4,50.0807,0.3924
25440000,50,226.703,-21624.9,44.1535,0.38215
25455000,52,229.495,-21642.1,48.1656,0.3877
25470000,65,287.545,-21652.9,81.2807,0.383567
25485000,63,288.685,-21604.2,62.051,0.374867
25500000,69,316.592,-21620.1,61.1827,0.393644
25515000,71,302.423,-21617.6,79.0446,0.4172
25530000,58,248.974,-21615.6,53.2827,0.387689
25545000,59,248.427,-21651.1,56.7171,0.386467
25560000,51,226.096,-21645.7,73.3049,0.380267
25575000,45,182.034,-21641.4,47.6655,0.372911
25590000,54,248.7,-21646.1,74.452,0.382367
25605000,55,236.973,-21642.8,61.793,0.385733
25620000,74,323.529,-21633.2,76.8951,0.402267
25635000,74,327.053,-21629.4,63.1409,0.396489
25650000,75,337.098,-21639.4,76.6156,0.413467
25665000,69,281.433,-21626.5,78.4673,0.378256
25680000,61,269.636,-21646.4,62.5521,0.4097
25695000,53,235.45,-21658.2,52.9536,0.3876
25710000,49,215.85,-21627.8,47.9389,0.365933
25725000,60,270.957,-21619.8,66.18,0.395533
25740000,75,335.838,-21656.3,79.6057,0.393492
25755000,62,268.089,-21630.4,53.0959,0.389267
25770000,53,219.44,-21627.5,65.4322,0.377067
25785000,55,237.311,-21626.1,45.2111,0.385333
25800000,59,268.688,-21627.9,55.1373,0.382733
25815000,61,245.172,-21649.3,72.5276,0.370978
25830000,60,247.321,-21640.7,54.9293,0.396533
25845000,57,234.004,-21641.5,62.0544,0.378
25860000,62,273.406,-21634.3,59.6341,0.3896
25875000,86,398.115,-21619.2,98.8514,0.39135
25890000,61,280.477,-21593.5,72.6438,0.389333
25905000,61,255.46,-21608.6,61.3839,0.385867
25920000,57,239.735,-21627.6,58.3739,0.376733
25935000,64,278.231,-21613.4,61.0671,0.3782
25950000,63,262.154,-21614.3,66.1887,0.3846
25965000,47,206.683,-21671.8,39.6045,0.372848
25980000,64,273.379,-21601.7,63.3202,0.391467
25995000,58,228.015,-21626.4,55.7994,0.3822
26010000,73,326.811,-21633,50.0644,0.388467
26025000,52,236.1,-21647.3,51.3295,0.392533
26040000,68,295.094,-21612.1,70.8298,0.390533
26055000,76,326.401,-21596,81.5654,0.383067
26070000,76,325.533,-21589.8,82.3237,0.393867
26085000,72,309.908,-21587.7,80.5888,0.388733
26100000,82,359.167,-21574,85.7166,0.395733
26115000,83,350.647,-21566.9,79.9336,0.395733
26130000,84,361.731,-21588.5,101.189,0.3898
26145000,78,339.736,-21598.1,80.0522,0.397667
26160000,57,237.278,-21649.6,68.6127,0.386237
26175000,89,406.776,-21607.9,82.1236,0.403167
26190000,94,418.85,-21613.2,89.1916,0.418667
26205000,81,350.13,-21609.5,89.102,0.411
26220000,82,370.214,-21611.9,95.1939,0.409333
26235000,85,361.413,-21612.3,76.9518,0.413467
26250000,84,379.112,-21616.3,81.6587,0.412333
26265000,57,262.598,-21666,57.5315,0.378997
26280000,67,287.365,-21638.4,70.3303,0.380925
26295000,67,301.047,-21612.8,56.4574,0.403133
26310000,69,298.278,-21643.7,73.7162,0.403867
26325000,51,223.059,-21627.6,56.661,0.397573
26340000,60,276.298,-21631.5,49.509,0.389
26355000,69,323.924,-21628.3,68.9631,0.403933
26370000,69,300.254,-21612.6,64.8577,0.394267
26385000,76,332.303,-21618.1,74.5011,0.4042
26400000,70,308.169,-21619.5,64.3899,0.4076
26415000,61,266.116,-21629.1,67.9871,0.390038
26430000,44,195.215,-21644.3,45.8429,0.384921
26445000,48,202.739,-21651.2,43.6872,0.376133
26460000,61,268.235,-21641.7,66.2868,0.397517
26475000,58,245.73,-21667.8,53.834,0.394267
26490000,52,216.274,-21649.9,42.9984,0.376333
26505000,53,216.468,-21661.5,44.6105,0.385033
26520000,53,229.83,-21626.5,49.1318,0.383233
26535000,47,206.491,-21632.9,50.5181,0.386283
26550000,50,229.248,-21642.7,53.7501,0.377933
26565000,61,257.653,-21645.2,63.6563,0.386317
26580000,62,269.946,-21630.2,59.0219,0.383517
26595000,68,295.597,-21653.2,63.3533,0.393267
26610000,55,240.131,-21644.4,61.1013,0.395733
26625000,49,206.8,-21642.8,56.2045,0.3952
26640000,57,257.216,-21639.6,56.9955,0.384667
26655000,51,220.391,-21661.7,44.6531,0.384917
26670000,46,187.254,-21648.3,48.0132,0.377967
26685000,57,244.259,-21634.2,64.0827,0.3828
26700000,51,217.388,-21645.6,37.9312,0.376533
26715000,49,221.793,-21660.5,44.1433,0.389044
26730000,60,250.544,-21648.4,63.6024,0.385067
26745000,81,357.511,-21639.6,82.3977,0.399222
26760000,79,342.059,-21613,81.0714,0.412867
26775000,73,310.151,-21613,78.4236,0.409467
26790000,69,289.492,-21610.9,63.5508,0.400933
26805000,71,309.969,-21612.4,75.069,0.388333
26820000,77,327.628,-21577.2,80.2805,0.3946
26835000,60,250.16,-21628.6,66.8909,0.387867
26850000,48,208.213,-21642.9,40.8194,0.388756
26865000,55,232.928,-21641.8,43.8431,0.382133
26880000,70,296.109,-21631.9,69.4644,0.403333
26895000,65,289.348,-21651,73.3845,0.39515
26910000,57,248.166,-21643.1,62.6226,0.400267
26925000,49,199.225,-21644.2,36.2373,0.3886
26940000,52,229.039,-21658.4,47.5921,0.387905
26955000,64,283.472,-21613.6,80.1835,0.392027
26970000,52,217.127,-21647,44.0872,0.399267
26985000,70,294.955,-21646.8,76.8726,0.393133
27000000,63,282.864,-21638.6,52.8609,0.405467
27015000,56,243.754,-21632.1,53.8617,0.391767
27030000,48,202.024,-21613.4,52.9516,0.376867
27045000,68,286.199,-21634.1,61.4311,0.386178
27060000,40,175.958,-21671.1,40.539,0.389056
27075000,69,309.09,-21617.8,56.2087,0.3984
27090000,66,287.13,-21628.5,66.5075,0.3874
27105000,49,218.719,-21683.2,48.5422,0.383311
27120000,57,242.286,-21608.1,53.873,0.385567
27135000,65,279.78,-21620.2,66.0017,0.387733
27150000,61,271.321,-21625.4,61.1635,0.383667
27165000,59,243.987,-21601.5,65.0096,0.386533
27180000,59,246.865,-21626.7,63.6922,0.382473
27195000,84,379.307,-21620.7,90.2137,0.396733
27210000,77,348.551,-21592.1,73.2131,0.397
27225000,69,297.311,-21597.5,94.1707,0.3783
27240000,57,243.376,-21604.2,57.8014,0.371867
27255000,63,264.043,-21593.4,67.3536,0.383833
27270000,74,321.05,-21596.7,53.0358,0.390733
27285000,65,291.795,-21579.7,57.1685,0.384933
27300000,83,351.403,-21589.6,70.9649,0.3974
27315000,75,317.406,-21610.9,81.9167,0.399667
27330000,62,259.97,-21609.6,71.5534,0.387933
27345000,73,316.218,-21614.6,93.987,0.393933
27360000,62,283.481,-21635.6,64.7115,0.387133
27375000,68,291.71,-21622.2,69.5802,0.3788
27390000,57,252.647,-21614.3,60.5341,0.392667
27405000,51,238.509,-21645,44.6281,0.37852
27420000,67,298.189,-21640.2,76.8374,0.401867
27435000,61,257.841,-21613.7,53.3704,0.382089
27450000,67,281.967,-21614.9,61.408,0.3874
27465000,71,320.414,-21597.5,86.7916,0.3784
27480000,53,234.912,-21652.7,62.3544,0.382552
27495000,53,237.081,-21674.3,48.2531,0.389067
27510000,72,322.161,-21607.4,68.5953,0.397067
27525000,69,308.561,-21624.4,63.2198,0.410467
27540000,51,205.389,-21645.7,57.8318,0.381844
27555000,59,253.755,-21614,46.0807,0.389433
27570000,49,219.972,-21631.6,50.5452,0.367133
27585000,52,211.4,-21632.3,46.4978,0.382933
27600000,54,222.125,-21647.5,44.2338,0.3694
27615000,52,225.18,-21640.1,50.6684,0.3794
27630000,44,197.262,-21639.6,41.8801,0.372667
27645000,62,259.454,-21612,58.2897,0.3708
27660000,59,266.288,-21605.1,52.0939,0.373467
27675000,63,275.31,-21585.6,74.2009,0.3898
27690000,77,334.119,-21615.3,84.7597,0.387133
27705000,78,327.685,-21593.4,84.126,0.3926
27720000,89,395.773,-21609.7,81.3457,0.409267
27735000,77,357.081,-21606.6,86.2647,0.4102
27750000,51,217.891,-21667.1,52.3881,0.380291
27765000,57,263.95,-21636.7,68.102,0.390933
27780000,55,248.086,-21639.4,62.1905,0.3776
27795000,48,203.041,-21633.7,50.5969,0.370333
27810000,58,265.923,-21643.5,54.9132,0.383367
27825000,47,205.623,-21645.9,56.4475,0.3828
27840000,52,221.549,-21626.2,37.6207,0.385
27855000,64,269.31,-21609,68.9853,0.395467
27870000,73,323.233,-21655.1,76.0578,0.395733
27885000,59,260.968,-21637.7,57.5514,0.377948
27900000,70,307.888,-21633.1,72.0402,0.411967
27915000,56,238.388,-21657.9,55.3981,0.3985
27930000,60,243.009,-21638.6,59.0398,0.390067
27945000,51,232.236,-21619.2,49.7556,0.404733
27960000,57,255.048,-21655,61.5314,0.391533
27975000,60,274.605,-21654.9,57.5153,0.399067
27990000,60,259.271,-21657.4,62.847,0.376749
28005000,64,277.668,-21625.8,68.8545,0.386
28020000,51,219.708,-21617.6,65.6436,0.3778
28035000,56,235.686,-21628.7,58.9482,0.388178
28050000,54,226.246,-21644.3,52.2252,0.376967
28065000,58,251.19,-21633.6,60.0934,0.378733
28080000,56,260.468,-21636.6,58.3811,0.390844
28095000,48,201.292,-21599.7,44.4097,0.369556
28110000,74,308.29,-21625.7,78.1565,0.390733
28125000,69,315.667,-21606,78.4055,0.390867
28140000,55,242.324,-21624.7,52.026,0.378833
28155000,54,226.797,-21626.3,65.0174,0.390467
28170000,56,249.961,-21624.9,55.712,0.366067
28185000,55,235.764,-21639.6,55.4727,0.3784
28200000,62,264.488,-21602.4,63.8153,0.385311
28215000,63,289.234,-21604.6,65.8351,0.391667
28230000,79,350.941,-21605.1,86.7776,0.404867
28245000,78,316.978,-21611.1,75.2165,0.394733
28260000,76,328.462,-21611.3,81.9925,0.4044
28275000,59,249.852,-21648.8,58.6888,0.383387
28290000,69,304.1,-21606.4,75.5839,0.382114
28305000,72,324.348,-21615.4,79.3523,0.391933
28320000,59,249.883,-21628.4,63.6997,0.37815
28335000,56,242.488,-21655.8,49.2625,0.389633
28350000,61,259.153,-21616.6,63.7059,0.392333
28365000,70,313.595,-21639.5,73.9137,0.389933
28380000,63,280.186,-21607.9,56.5779,0.395433
28395000,56,240.955,-21610.6,40.6946,0.3876
28410000,58,241.437,-21610.6,62.9632,0.3914
28425000,61,243.486,-21643.3,59.7963,0.377067
28440000,63,261.106,-21625.6,64.5304,0.383733
28455000,76,318.771,-21634.8,62.5239,0.388533
28470000,94,411.095,-21602.1,94.3577,0.401517
28485000,85,371.744,-21625.6,72.3954,0.410267
28500000,82,368.143,-21610.1,81.2218,0.401867
28515000,80,352.607,-21634,83.8382,0.4038
28530000,71,313.671,-21631.7,58.7475,0.406067
28545000,68,299.664,-21612.3,67.0903,0.4094
28560000,78,346.427,-21627.2,69.7837,0.405467
28575000,46,207.304,-21650.6,43.0735,0.367749
28590000,60,267.13,-21626.2,57.719,0.394567
28605000,69,293.572,-21618.1,61.935,0.401933
28620000,61,262.29,-21632.1,58.0131,0.383
28635000,62,272.232,-21618.8,57.0774,0.390933
28650000,66,302.714,-21635.6,76.1538,0.405133
28665000,57,233.198,-21639.5,52.4935,0.388467
28680000,54,231.264,-21641.4,62.6108,0.361771
28695000,44,192.672,-21627,42.5675,0.358667
28710000,50,215.124,-21638.8,45.8422,0.3642
28725000,61,265.162,-21655.3,60.8839,0.380971
28740000,43,186.311,-21649.8,44.3846,0.3668
28755000,59,250.088,-21643.3,47.5592,0.385256
28770000,72,301.253,-21615.3,61.2692,0.407667
28785000,79,347.283,-21622.2,84.2126,0.397
28800000,59,261.084,-21622.7,50.4156,0.395053
28815000,62,258.755,-21631.2,76.3186,0.374667
28830000,50,217.27,-21648.4,56.7447,0.389533
28845000,92,384.72,-21620.2,97.9742,0.399017
28860000,69,314.19,-21626.9,61.0702,0.4082
28875000,42,187.374,-21635,47.5012,0.372415
28890000,56,233.833,-21633.9,60.0448,0.3989
28905000,42,188.028,-21653.8,48.0704,0.361667
28920000,56,252.547,-21622.6,52.8308,0.367444
28935000,51,215.376,-21629.1,45.0896,0.375356
28950000,70,297.236,-21628.5,71.4156,0.3868
28965000,58,242.115,-21621.7,64.1562,0.368
28980000,60,250.754,-21627,80.5314,0.36848
28995000,57,243.826,-21632.2,50.2994,0.372267
29010000,64,272.781,-21624.9,62.3588,0.379667
29025000,66,279.963,-21610.1,59.9073,0.38184
29040000,56,221.8,-21619,48.4478,0.376333
29055000,54,224.737,-21614.2,60.2285,0.383333
29070000,67,288.277,-21629.1,63.0033,0.367676
29085000,74,313.711,-21598.7,70.4275,0.3868
29100000,68,285.288,-21620.6,69.7756,0.398367
29115000,67,292.471,-21638.8,54.0568,0.400467
29130000,78,334.575,-21593.8,85.8923,0.395267
29145000,63,283.788,-21620.9,61.9625,0.392686
29160000,68,311.57,-21620.5,71.8056,0.3888
29175000,51,206.64,-21619.4,50.534,0.382711
29190000,68,280.947,-21615.5,80.4936,0.389767
29205000,51,217.518,-21631.4,51.285,0.371433
29220000,69,291.007,-21624.7,62.5108,0.398333
29235000,53,235.749,-21658.1,47.9582,0.384808
29250000,65,273.27,-21621.9,70.6826,0.376067
29265000,62,271.089,-21636.2,70.9879,0.384778
29280000,68,279.44,-21652.7,71.2199,0.392333
29295000,63,257.439,-21630.7,77.4654,0.4042
29310000,77,330.903,-21630.2,88.2503,0.390733
29325000,61,254.38,-21627.6,56.9717,0.378967
29340000,49,194.334,-21652.7,47.2594,0.381678
29355000,63,263.262,-21609.6,60.5598,0.395956
29370000,70,315.262,-21621.5,64.507,0.390933
29385000,68,309.798,-21615.2,70.3212,0.375067
29400000,84,356.719,-21614,99.664,0.408133
29415000,73,299.016,-21623.8,60.9765,0.399422
29430000,71,300.921,-21640.3,58.2703,0.390667
29445000,71,303.181,-21593.3,73.6055,0.390867
29460000,52,203.259,-21622.9,61.746,0.374
29475000,46,198.888,-21641.8,50.0049,0.389022
29490000,63,266.28,-21588.1,51.3544,0.376867
29505000,77,338.472,-21594.8,87.4406,0.399867
29520000,43,194.716,-21630,38.9591,0.374773
29535000,51,212.969,-21656.2,43.7374,0.377067
29550000,54,239.665,-21628.7,49.4631,0.375533
29565000,56,236.819,-21630,55.3985,0.362433
29580000,53,230.947,-21606.3,44.3717,0.384427
29595000,63,271.667,-21608.5,67.4996,0.3826
29610000,59,259.072,-21623.6,50.9954,0.3894
29625000,65,275.148,-21617.5,67.1423,0.391333
29640000,52,234.174,-21642.8,42.9211,0.37328
29655000,75,333.219,-21644.8,77.1461,0.397971
29670000,51,214.421,-21636.8,43.933,0.393067
29685000,64,278.163,-21636.3,52.8792,0.386044
29700000,67,288.725,-21615.6,70.4211,0.401133
29715000,76,340.627,-21608.1,61.726,0.405
29730000,55,244.381,-21599.8,52.7338,0.394133
29745000,63,260.048,-21639.5,60.5131,0.38415
29760000,64,291.962,-21604.5,73.2026,0.3819
29775000,68,291.099,-21632,63.3954,0.381933
29790000,55,258.863,-21620.3,47.5442,0.388133
29805000,62,277.786,-21620.4,53.5887,0.377733
29820000,62,277.745,-21636.8,53.1969,0.385113
29835000,50,210.288,-21624.4,47.896,0.385122
29850000,66,292.865,-21612.5,59.7155,0.392867
29865000,49,210.174,-21636.3,43.4675,0.390622
29880000,58,235.375,-21637.2,66.5495,0.3802
29895000,48,216.613,-21631.3,44.8596,0.380267
29910000,41,179.836,-21662,59.1487,0.37461
29925000,58,238.078,-21636.3,52.1645,0.379167
29940000,70,297.236,-21629.7,65.965,0.3954
29955000,70,299.206,-21630.9,64.7664,0.388667
29970000,64,277.548,-21641.4,68.2609,0.4016
29985000,61,256.614,-21619.4,43.0603,0.380278
