generation,N_shifts,logPrior,logLik,eventRate,acceptRate
0,0,0.641453,-24225.4,100,0
15000,1,4.66822,-22040.4,2.66952,0.261649
30000,1,4.70136,-22036.9,3.33343,0.281333
45000,3,10.6427,-21997.5,1.52023,0.291016
60000,3,14.6187,-21970.8,4.81369,0.279933
75000,4,17.9665,-21956.5,5.9719,0.296356
90000,6,26.1362,-21962.6,4.23653,0.260733
105000,8,31.6579,-21925.9,10.0004,0.274844
120000,8,33.487,-21912.6,10.1133,0.2692
135000,10,47.7709,-21890.1,16.6473,0.336667
150000,15,65.6416,-21878.8,13.2277,0.349467
165000,16,61.2535,-21851.3,17.0698,0.3646
180000,16,57.7833,-21863,20.4395,0.295517
195000,14,53.6714,-21841.7,12.3202,0.323133
210000,18,71.9559,-21811.2,16.83,0.329667
225000,28,111.37,-21797.8,28.9572,0.362
240000,31,136.141,-21804.1,25.192,0.389467
255000,22,93.083,-21776.2,19.9496,0.352156
270000,31,123.201,-21785.7,22.832,0.367933
285000,32,134.369,-21758.5,34.2786,0.346233
300000,46,202.289,-21768.3,51.7497,0.405533
315000,38,159.818,-21753.4,38.7409,0.4156
330000,48,194.483,-21733.3,54.4869,0.398644
345000,38,171.448,-21732.1,31.89,0.3882
360000,41,176.909,-21729.1,45.8859,0.380933
375000,42,188.964,-21741.2,36.2097,0.383467
390000,51,218.714,-21702.3,47.5387,0.399
405000,55,225.663,-21724.3,50.6942,0.408133
420000,43,182.705,-21710.9,43.5618,0.406267
435000,64,283.801,-21664.2,50.701,0.401947
450000,75,335.826,-21700.4,73.0573,0.4069
465000,76,336.172,-21708.6,79.9254,0.422267
480000,41,179.305,-21693.5,50.7125,0.402133
495000,51,235.463,-21699.5,52.2139,0.374733
510000,55,235.838,-21678.8,45.9374,0.401044
525000,59,247.705,-21663,66.9059,0.392733
540000,58,253.13,-21682.4,43.2067,0.405933
555000,80,336.727,-21682.3,65.6212,0.4112
570000,70,299.622,-21654.7,69.8022,0.4016
585000,69,286.751,-21652.2,64.5463,0.4052
600000,66,291.431,-21676.8,55.2906,0.4044
615000,66,271.852,-21674.8,56.1256,0.4016
630000,54,227.33,-21674.3,50.3739,0.396267
645000,45,203.71,-21714,44.9413,0.364778
660000,52,237.55,-21685,45.745,0.390679
675000,57,253.912,-21675.8,64.8367,0.3934
690000,54,229.839,-21676.6,57.4272,0.387367
705000,51,221.494,-21701.7,45.339,0.388689
720000,58,248.106,-21678.7,48.2253,0.393233
735000,51,226.5,-21685.5,43.6616,0.3842
750000,69,282.616,-21663.3,72.8764,0.402267
765000,53,239.549,-21653.5,65.7393,0.398933
780000,67,285.066,-21663.7,69.5738,0.4006
795000,72,310.055,-21675.3,81.4924,0.408
810000,72,304.905,-21685.8,65.9199,0.412467
825000,55,235.745,-21695.4,42.2562,0.389753
840000,64,266.465,-21658.1,51.1122,0.399
855000,53,213.859,-21680.7,56.2995,0.38695
870000,51,226.177,-21689.3,61.772,0.3808
885000,58,257.766,-21666,69.8498,0.3944
900000,67,290.808,-21645.6,81.5792,0.3818
915000,64,270.831,-21633.5,77.4081,0.403
930000,61,269.95,-21669.4,57.0087,0.401876
945000,81,349.265,-21655.4,98.3806,0.4078
960000,75,324.145,-21634.1,72.3874,0.3882
975000,81,351.573,-21643.1,78.3516,0.41
990000,78,321.844,-21647.4,71.8966,0.410933
1005000,61,255.034,-21670.9,66.7077,0.382741
1020000,72,310.125,-21643.7,66.2305,0.3941
1035000,72,305.284,-21623.2,70.3139,0.403133
1050000,75,320.588,-21632.7,84.3432,0.4018
1065000,56,248.835,-21669.6,38.2003,0.384417
1080000,64,278.796,-21663.7,71.7653,0.394133
1095000,69,307.311,-21683,53.7175,0.406022
1110000,73,318.456,-21669.7,67.4245,0.404133
1125000,80,359.303,-21685.1,68.6578,0.4244
1140000,68,297.846,-21676.8,62.095,0.411667
1155000,67,279.672,-21682.7,70.2416,0.403533
1170000,50,209.324,-21699,38.8876,0.396
1185000,53,243.631,-21708.4,46.2472,0.408817
1200000,47,216.214,-21681.9,46.2343,0.3752
1215000,44,199.136,-21713.4,43.5433,0.397818
1230000,54,229.671,-21680.8,47.3089,0.384067
1245000,63,273.718,-21720.6,53.479,0.402433
1260000,50,228.411,-21702.6,52.2681,0.3952
1275000,57,255.272,-21688.9,61.4942,0.390267
1290000,53,240.725,-21700.2,54.3733,0.385981
1305000,55,240.563,-21690.9,55.3419,0.3996
1320000,41,187.02,-21699.8,48.1716,0.400933
1335000,51,225.484,-21681.2,46.8374,0.387333
1350000,52,230.421,-21687.4,60.023,0.404133
1365000,69,291.015,-21661.5,74.0776,0.385311
1380000,46,187.084,-21683.8,54.597,0.3965
1395000,60,261.156,-21691.6,60.1538,0.389552
1410000,54,233.558,-21675.1,42.2235,0.396133
1425000,48,219.576,-21686.4,48.8255,0.3828
1440000,49,216.244,-21696.9,47.8968,0.389717
1455000,45,194.309,-21723,36.5734,0.3667
1470000,48,212.614,-21703.7,62.1899,0.3896
1485000,51,227.637,-21696.9,55.2033,0.385978
1500000,64,278.746,-21684.7,64.665,0.408167
1515000,63,289.02,-21685.6,66.6579,0.401667
1530000,66,288.703,-21688.7,66.4421,0.401933
1545000,57,255.276,-21680.5,68.0795,0.4002
1560000,55,244.181,-21667.3,50.9692,0.409433
1575000,50,219.088,-21699.9,50.2515,0.406133
1590000,56,230.006,-21659.7,56.5309,0.395333
1605000,46,203.233,-21686.6,50.9979,0.386375
1620000,68,278.098,-21696.8,67.9887,0.4108
1635000,50,209.789,-21677.1,61.8952,0.383533
1650000,63,289.309,-21673.8,51.8045,0.372
1665000,68,296.921,-21678.7,61.8717,0.405467
1680000,70,313.574,-21656.5,65.5132,0.415133
1695000,66,274.118,-21660.2,54.9232,0.394475
1710000,34,138.913,-21718.8,40.0196,0.394456
1725000,48,211.729,-21683.3,47.23,0.392689
1740000,39,174.063,-21710.8,36.7074,0.3872
1755000,60,259.898,-21686.9,53.6222,0.391383
1770000,60,263.134,-21676.9,47.7612,0.397133
1785000,60,266.531,-21718.2,56.8467,0.397067
1800000,46,206.701,-21723.7,44.1144,0.388333
1815000,47,208.413,-21706.2,38.3024,0.401
1830000,52,217.181,-21705.4,41.985,0.398333
1845000,55,236.032,-21717.1,65.409,0.4076
1860000,44,195.986,-21703.5,49.6483,0.387408
1875000,46,202.221,-21675.3,50.893,0.378067
1890000,46,198.422,-21709.6,45.5167,0.387489
1905000,56,258.484,-21701.1,57.1215,0.391333
1920000,55,227.305,-21712.4,57.7611,0.397467
1935000,48,221.28,-21681.2,41.7979,0.395533
1950000,44,203.407,-21713,28.8874,0.374067
1965000,44,175.966,-21696.2,41.6934,0.390092
1980000,56,240.42,-21741.5,52.8145,0.392933
1995000,56,247.826,-21719.5,57.1156,0.417467
2010000,50,223.151,-21686.5,47.2146,0.400017
2025000,54,243.828,-21667.3,50.0067,0.3896
2040000,52,208.514,-21717.8,61.8576,0.391578
2055000,43,179.962,-21681.1,45.295,0.3917
2070000,50,218.65,-21713.3,47.6328,0.407567
2085000,52,226.496,-21673.2,63.9409,0.392567
2100000,50,225.469,-21705.1,62.3369,0.386629
2115000,53,234.416,-21675.6,56.1074,0.403467
2130000,68,308.577,-21688.1,70.7544,0.407778
2145000,62,281.196,-21687.6,62.4208,0.403933
2160000,53,239.432,-21675.8,55.542,0.405378
2175000,64,283.993,-21680.3,58.1278,0.391867
2190000,66,297.083,-21686.8,48.3594,0.393689
2205000,47,203.484,-21687.8,57.4492,0.391807
2220000,48,216.877,-21709.5,62.6775,0.3966
2235000,53,246.418,-21722.3,42.1628,0.394533
2250000,53,219.043,-21685.3,56.901,0.389
2265000,48,204.385,-21689.3,57.2208,0.386622
2280000,65,291.032,-21713.9,58.3999,0.409833
2295000,45,199.751,-21722,38.73,0.399067
2310000,42,187.034,-21711.4,43.1963,0.39
2325000,42,183.205,-21698.6,41.6594,0.3888
2340000,47,205.492,-21709.9,37.8939,0.393552
2355000,53,228.014,-21694.8,59.7033,0.383767
2370000,62,259.962,-21683.9,72.8521,0.4132
2385000,50,205.188,-21726.7,49.0222,0.387573
2400000,56,235.356,-21684.1,66.7239,0.38935
2415000,66,284.647,-21671.2,71.7669,0.398422
2430000,58,245.82,-21679,55.7727,0.4028
2445000,60,260.409,-21672.9,61.4464,0.399567
2460000,46,203.666,-21704.8,40.0265,0.3979
2475000,64,282.693,-21660.4,68.4644,0.394367
2490000,38,162.547,-21713.3,53.9636,0.372633
2505000,67,291.045,-21684.3,55.449,0.406167
2520000,45,190.191,-21715.4,53.1249,0.396467
2535000,66,288.643,-21695.6,59.465,0.399967
2550000,56,249.843,-21706.8,59.9961,0.400933
2565000,64,289.303,-21685.4,61.4253,0.406083
2580000,61,277.832,-21665.9,72.0247,0.397133
2595000,55,228.948,-21714.6,56.8214,0.386867
2610000,63,283.179,-21699.5,59.1582,0.411733
2625000,52,221.853,-21688.8,54.5996,0.410311
2640000,49,221.214,-21673.8,51.7023,0.400133
2655000,68,307.318,-21681.4,57.3087,0.405956
2670000,74,309.567,-21691,82.978,0.420133
2685000,71,308.605,-21670.7,74.5526,0.403867
2700000,61,255.861,-21681.4,55.7805,0.414533
2715000,37,160.054,-21692,51.688,0.399267
2730000,60,255.686,-21682.7,63.1739,0.3998
2745000,60,256.979,-21683.1,64.288,0.4084
2760000,59,253.119,-21681.6,50.788,0.400667
2775000,54,235.711,-21697.4,49.6408,0.386367
2790000,61,259.561,-21716,69.2157,0.401333
2805000,41,175.518,-21695,41.5261,0.392378
2820000,61,275.81,-21711.5,56.586,0.4086
2835000,69,287.352,-21709.8,66.5648,0.401719
2850000,48,211.622,-21705.2,49.604,0.389978
2865000,61,256.81,-21682.4,72.5545,0.409622
2880000,67,281.361,-21683.2,64.8593,0.409
2895000,70,314.261,-21690.9,57.8159,0.403511
2910000,57,242.147,-21643.7,57.6367,0.3926
2925000,68,301.576,-21656.2,79.3732,0.4005
2940000,53,237.986,-21664.6,44.7084,0.378067
2955000,49,217.145,-21693.1,50.4684,0.412947
2970000,53,230.44,-21681.3,55.7776,0.398933
2985000,66,274.916,-21648.5,54.4962,0.4096
3000000,59,263.548,-21683.9,54.8165,0.384167
3015000,51,220.294,-21680.8,55.548,0.396933
3030000,34,133.882,-21687.5,33.8573,0.388978
3045000,47,207.222,-21692.2,36.6208,0.395433
3060000,52,214.57,-21683.5,51.3773,0.4117
3075000,56,252.021,-21674.4,48.6825,0.386933
3090000,57,253.501,-21685.7,68.8578,0.398467
3105000,57,257.593,-21677.9,51.9416,0.407067
3120000,52,213.446,-21719.2,45.5599,0.4038
3135000,50,201.773,-21702.6,56.9184,0.387067
3150000,61,275.006,-21660.6,70.6563,0.392686
3165000,65,293.277,-21668.2,70.3675,0.413733
3180000,66,281.629,-21666.2,60.5532,0.407133
3195000,49,211.525,-21683.1,44.2783,0.400107
3210000,69,308.903,-21653.6,59.6636,0.398167
3225000,73,325.448,-21659.1,88.4895,0.4088
3240000,75,322.476,-21670.7,60.5881,0.398733
3255000,81,348.496,-21676.8,64.5757,0.429667
3270000,76,337.553,-21663.3,78.2412,0.427133
3285000,72,312.607,-21666.5,77.0831,0.415217
3300000,62,270.822,-21686.9,61.1704,0.407533
3315000,54,251.505,-21665.4,70.1856,0.390067
3330000,69,324.16,-21655.2,68.3775,0.399733
3345000,48,211.435,-21691.6,59.4492,0.391562
3360000,61,270.828,-21676.5,54.5581,0.400756
3375000,61,278.853,-21663.5,63.9029,0.407533
3390000,70,318.588,-21685.8,71.8944,0.399767
3405000,69,304.488,-21669.4,87.7936,0.417133
3420000,71,289.353,-21674.8,62.459,0.4148
3435000,79,347.029,-21652.5,71.6509,0.413167
3450000,72,312.011,-21687,66.9613,0.412967
3465000,72,331.703,-21664.9,60.2346,0.409233
3480000,78,343.9,-21659.3,82.0064,0.4216
3495000,77,334.14,-21646.3,88.9487,0.410733
3510000,78,341.145,-21648.9,63.0485,0.4096
3525000,57,252.247,-21692.5,54.4962,0.411013
3540000,44,183.543,-21716,43.5086,0.388256
3555000,34,147.314,-21714.4,32.5436,0.384267
3570000,44,194.309,-21694.2,40.8935,0.383178
3585000,40,171.001,-21724.7,43.7747,0.380833
3600000,50,222.652,-21692.8,43.3525,0.386933
3615000,58,261.928,-21711.5,49.3981,0.382833
3630000,58,260.524,-21668.7,64.8778,0.394167
3645000,58,261.769,-21707.1,62.6625,0.4175
3660000,52,228.404,-21702.4,48.8475,0.389467
3675000,61,261.245,-21649.1,68.9829,0.392103
3690000,67,282.571,-21682,49.557,0.404733
3705000,61,255.475,-21664.6,74.4435,0.420667
3720000,65,275.896,-21658,66.2698,0.4046
3735000,65,272.316,-21669.7,77.2636,0.418133
3750000,58,259.578,-21660.6,51.8721,0.414267
3765000,70,334.529,-21684.3,64.3307,0.406533
3780000,59,263.354,-21696.1,63.3091,0.4158
3795000,56,258.481,-21671.6,61.3712,0.399815
3810000,68,308.128,-21672.6,73.4509,0.406333
3825000,57,258.431,-21679.3,48.3325,0.404133
3840000,49,196.998,-21703.8,55.7362,0.393226
3855000,63,271.582,-21663.1,70.7153,0.403733
3870000,69,318.827,-21689.3,68.8733,0.418067
3885000,50,234.183,-21689.2,48.4151,0.401467
3900000,62,285.166,-21665.8,51.4981,0.407733
3915000,64,271.81,-21676.8,63.2893,0.407667
3930000,63,279.157,-21668.5,48.6914,0.399533
3945000,53,230.517,-21690,59.7117,0.39928
3960000,57,268.07,-21693.5,63.3173,0.411933
3975000,43,203.725,-21682.9,58.3042,0.388067
3990000,58,259.81,-21664.7,56.9747,0.3946
4005000,41,173.051,-21721.2,43.0365,0.390939
4020000,55,245.109,-21691.1,55.1209,0.394256
4035000,62,265.775,-21672.1,57.0768,0.3942
4050000,57,254.324,-21691.8,61.3055,0.403867
4065000,41,155.501,-21723.5,40.1339,0.390567
4080000,60,247.026,-21684.3,57.4641,0.395133
4095000,66,287.942,-21697.6,71.6466,0.410733
4110000,71,300.038,-21688.6,81.7133,0.39655
4125000,62,268.091,-21653.1,51.96,0.402067
4140000,57,255.138,-21687.2,57.2128,0.404733
4155000,64,277.951,-21675.8,63.6183,0.406989
4170000,60,270.932,-21672.9,60.1168,0.403
4185000,53,231.018,-21675,49.6407,0.397511
4200000,71,308.95,-21669,98.3995,0.411333
4215000,56,250.295,-21672,63.4981,0.385967
4230000,69,295.61,-21680.5,77.4913,0.398733
4245000,64,281.926,-21672.3,54.7667,0.399707
4260000,61,268.456,-21678.3,71.5482,0.411167
4275000,58,251.24,-21653,51.3852,0.3764
4290000,57,254.905,-21650.5,57.9597,0.388667
4305000,65,299.481,-21652.1,75.04,0.3882
4320000,61,278.479,-21678.3,73.4976,0.406675
4335000,57,241.829,-21692.8,61.0772,0.409
4350000,65,284.455,-21648.8,67.1047,0.402089
4365000,50,227.802,-21712,39.7444,0.397133
4380000,66,287.207,-21631.2,60.1161,0.396633
4395000,72,301.494,-21635.4,71.4066,0.403267
4410000,66,290.699,-21673.5,55.6154,0.398733
4425000,57,240.538,-21668.9,52.8326,0.3894
4440000,62,276.317,-21662,61.0621,0.400333
4455000,59,254.352,-21677.3,58.844,0.4006
4470000,39,178.546,-21705.1,35.4425,0.391637
4485000,45,197.06,-21723,47.2658,0.389942
4500000,58,250.556,-21692,57.2117,0.395667
4515000,54,223.25,-21680.9,52.3392,0.3796
4530000,68,297.459,-21673.1,72.537,0.400833
4545000,51,232.695,-21670.8,50.1747,0.394367
4560000,51,211.714,-21679,41.9867,0.396133
4575000,59,254.013,-21661.3,48.7441,0.399489
4590000,55,242.463,-21675.2,50.1222,0.383467
4605000,59,262.08,-21676.1,52.9534,0.399333
4620000,56,236.132,-21677.6,62.8091,0.409
4635000,50,206.293,-21684.1,47.9822,0.3982
4650000,67,293.258,-21676.8,69.4783,0.409333
4665000,80,342.942,-21676.7,85.9864,0.418333
4680000,75,329.141,-21685,62.6593,0.425533
4695000,61,256.299,-21685.3,53.755,0.392422
4710000,58,243.648,-21660.3,49.0671,0.412733
4725000,64,251.942,-21651.7,78.6016,0.395
4740000,62,285.642,-21654.9,66.2755,0.403844
4755000,58,275.786,-21664.7,58.3466,0.4058
4770000,54,233.189,-21691.4,55.3621,0.4074
4785000,49,219.387,-21672.6,48.503,0.392867
4800000,53,225.64,-21699.2,46.9279,0.4022
4815000,54,245.906,-21659.4,48.0854,0.373067
4830000,45,214.967,-21677.9,43.2515,0.385533
4845000,42,186.737,-21739.3,39.6883,0.392172
4860000,43,192.777,-21705.4,43.9705,0.399217
4875000,34,151.582,-21708.5,35.0524,0.3732
4890000,54,248.699,-21667.7,60.4464,0.379017
4905000,56,239.504,-21698,56.4024,0.391567
4920000,49,210.778,-21700.4,36.9279,0.390667
4935000,41,175.051,-21685.9,48.3672,0.370667
4950000,50,222.448,-21716.1,54.5193,0.388029
4965000,48,213.418,-21695.4,39.4233,0.39672
4980000,40,169.442,-21690.9,41.8567,0.380567
4995000,58,270.858,-21668.8,48.3771,0.3955
5010000,38,161.62,-21679.6,33.3224,0.3797
5025000,53,233.641,-21671.6,43.3112,0.3856
5040000,45,201.964,-21692.7,34.9949,0.388053
5055000,38,166.52,-21694.4,39.7342,0.372267
5070000,48,221.409,-21669.4,51.906,0.388711
5085000,59,267.455,-21677.1,61.6312,0.400667
5100000,57,262.612,-21677.2,69.5695,0.4034
5115000,64,290.787,-21687.1,65.1761,0.411533
5130000,60,265.533,-21677.6,41.9068,0.391467
5145000,50,223.36,-21672.7,48.2808,0.385711
5160000,53,231.46,-21691.7,56.1689,0.4005
5175000,59,251.819,-21675.2,58.7442,0.385824
5190000,64,291.263,-21703.2,62.3724,0.4059
5205000,66,270.604,-21702.3,53.4609,0.415467
5220000,62,274.565,-21704.7,74.083,0.409333
5235000,49,208.915,-21689.3,48.8792,0.3958
5250000,49,208.123,-21693.7,48.2113,0.3956
5265000,55,229.589,-21687.6,52.9351,0.399725
5280000,59,273.587,-21697,65.4935,0.4184
5295000,45,193.409,-21708.5,58.7907,0.393378
5310000,43,171.994,-21714.6,44.6087,0.394667
5325000,38,159.596,-21696.4,40.9182,0.388733
5340000,52,230.058,-21699.3,52.7597,0.3754
5355000,38,170.079,-21719.4,47.8526,0.37616
5370000,45,197.515,-21717.3,59.9774,0.3726
5385000,42,192.422,-21699.5,34.3337,0.38332
5400000,63,283.956,-21719.7,53.6438,0.405733
5415000,57,244.389,-21709.1,49.7441,0.412733
5430000,47,191.075,-21721,46.8463,0.3862
5445000,42,191.456,-21710.4,31.9109,0.382105
5460000,48,211.175,-21667.6,66.4609,0.394653
5475000,63,278.766,-21671.7,62.3216,0.393333
5490000,60,265.63,-21650.3,68.8763,0.3992
5505000,72,313.521,-21663,60.2968,0.405133
5520000,42,191.026,-21695.4,39.2896,0.391
5535000,68,302.083,-21676.1,70.0455,0.418533
5550000,67,279.4,-21685.5,61.3965,0.4042
5565000,56,229.243,-21697.5,49.4262,0.403867
5580000,56,254.88,-21683.1,59.474,0.409467
5595000,49,217.013,-21692.1,45.8034,0.391613
5610000,53,226.146,-21704.8,56.6276,0.397567
5625000,44,179.59,-21699.5,52.0819,0.390567
5640000,55,237.852,-21666.1,70.977,0.390667
5655000,55,251.861,-21678.7,59.3794,0.3964
5670000,57,245.261,-21677.6,65.0027,0.402133
5685000,50,212.371,-21701.9,47.894,0.402067
5700000,52,233.345,-21691.9,44.604,0.394807
5715000,65,284.231,-21683.3,59.7118,0.404367
5730000,64,285.574,-21679,88.794,0.4038
5745000,59,261.042,-21683.6,45.4438,0.4054
5760000,47,201.554,-21706.9,49.7359,0.387511
5775000,50,201.562,-21696,36.6622,0.408267
5790000,44,181.197,-21668.3,36.6689,0.383733
5805000,62,287.902,-21696.3,71.8666,0.379933
5820000,67,292.296,-21685.9,66.9799,0.396733
5835000,66,278.375,-21692,67.5949,0.420133
5850000,58,258.01,-21685.8,57.4525,0.391511
5865000,69,315.598,-21680.5,67.2824,0.409267
5880000,69,317.409,-21674.1,67.3718,0.424467
5895000,48,204.055,-21691.3,50.696,0.400089
5910000,49,226.73,-21680.9,47.6195,0.405333
5925000,41,176.087,-21715.9,53.0949,0.390915
5940000,54,231.64,-21685.2,51.827,0.389033
5955000,46,196.4,-21704.2,48.3112,0.3848
5970000,46,200.951,-21685.5,44.9833,0.396467
5985000,56,238.427,-21684.6,55.6972,0.383333
6000000,52,206.396,-21704.4,51.8096,0.399567
6015000,43,200.88,-21694.6,47.0707,0.402267
6030000,55,239.938,-21680.1,52.1654,0.397653
6045000,46,206.237,-21709.9,47.0862,0.391867
6060000,45,209.52,-21714.4,45.1579,0.405
6075000,42,190.707,-21698.5,41.6137,0.386689
6090000,48,202.023,-21672.1,56.9865,0.390343
6105000,53,234.331,-21703,43.3739,0.3896
6120000,59,263.959,-21668.9,44.5506,0.394333
6135000,62,277.323,-21668.9,73.7185,0.408733
6150000,62,277.959,-21672.6,73.8222,0.401333
6165000,48,206.341,-21669.8,44.9271,0.394387
6180000,43,195.565,-21715,58.8947,0.3858
6195000,43,181.921,-21701.8,63.2024,0.3752
6210000,42,185.242,-21682.5,52.6726,0.388067
6225000,48,203.127,-21694.2,49.4037,0.377667
6240000,49,227.307,-21716.6,53.2359,0.384373
6255000,46,198.258,-21704.9,48.1215,0.379233
6270000,55,231.451,-21683.5,54.2147,0.3736
6285000,54,244.432,-21680.8,52.2829,0.397533
6300000,73,313.797,-21668.8,84.3492,0.39085
6315000,66,300.091,-21656.6,73.0884,0.412467
6330000,66,280.091,-21671.8,68.0371,0.4124
6345000,48,200.116,-21693.7,42.284,0.394467
6360000,51,205.979,-21677.3,47.2992,0.38108
6375000,45,193.997,-21694.3,48.7984,0.389987
6390000,53,225.316,-21667.3,49.7799,0.383667
6405000,68,304.82,-21699.6,74.3104,0.403
6420000,60,264.445,-21665,67.9886,0.399933
6435000,60,260.184,-21664.7,49.0352,0.400467
6450000,65,289.711,-21670.9,60.0073,0.3928
6465000,50,217.095,-21685.4,47.0481,0.385493
6480000,63,282.62,-21661.2,61.9636,0.3909
6495000,64,279.966,-21644.7,71.0757,0.395733
6510000,53,239.191,-21652.7,56.0662,0.3768
6525000,49,221.933,-21652.7,61.5807,0.394533
6540000,55,231.611,-21668.4,53.3911,0.381667
6555000,53,218.539,-21685.6,57.0021,0.40352
6570000,66,300.147,-21662.4,62.5966,0.3935
6585000,61,284.572,-21641.1,59.6818,0.3946
6600000,64,285.563,-21658.7,55.2522,0.377733
6615000,54,246.372,-21660.7,48.4208,0.384733
6630000,51,224.925,-21653.1,47.6004,0.377667
6645000,50,214.358,-21679.2,61.3356,0.398967
6660000,58,257.689,-21680.5,67.5724,0.386554
6675000,52,241.314,-21675.1,50.6926,0.390044
6690000,53,229.894,-21665.4,43.1672,0.386533
6705000,62,275.308,-21651.6,55.2068,0.3862
6720000,69,301.17,-21636.3,81.9876,0.397
6735000,53,220.079,-21707,53.0279,0.386187
6750000,51,223.512,-21661.4,57.61,0.393724
6765000,66,292.286,-21640.7,59.2488,0.399556
6780000,71,314.102,-21665.1,64.9584,0.391133
6795000,59,253.552,-21672.4,65.3047,0.4032
6810000,59,257.083,-21670.8,50.5821,0.399533
6825000,63,278.724,-21670,60.204,0.388333
6840000,70,298.521,-21678.8,67.6783,0.407067
6855000,68,304.879,-21669.6,70.009,0.404433
6870000,59,262.326,-21665,59.9176,0.402733
6885000,77,341.31,-21670.7,65.4549,0.412889
6900000,46,189.196,-21685.7,41.7928,0.385012
6915000,61,272.034,-21686,64.3818,0.398667
6930000,62,282.022,-21695.6,69.6608,0.3829
6945000,46,208.352,-21724.7,38.4459,0.397733
6960000,49,207.063,-21706.9,42.2863,0.3806
6975000,55,248.216,-21705,59.9963,0.391133
6990000,62,269.648,-21680.6,63.4122,0.403907
7005000,41,182.949,-21671.6,52.5358,0.391044
7020000,49,212.058,-21682.2,32.9584,0.403
7035000,47,203.788,-21676.4,56.335,0.386733
7050000,52,220.317,-21720.9,52.7085,0.384653
7065000,48,218.168,-21695.5,43.2058,0.378956
7080000,60,252.854,-21692.8,62.3581,0.394967
7095000,64,288.544,-21670.6,61.8611,0.377633
7110000,62,277.512,-21677.7,44.6387,0.402933
7125000,54,232.966,-21675.1,66.568,0.390233
7140000,63,288.611,-21683.3,58.4685,0.386667
7155000,59,255.3,-21715.5,57.7994,0.401933
7170000,53,237.594,-21694.4,47.4324,0.394267
7185000,62,271.157,-21668.7,60.875,0.394667
7200000,51,225.189,-21662.9,55.8758,0.3869
7215000,53,239.06,-21660.4,43.2262,0.3987
7230000,66,296.578,-21648.5,56.8057,0.389533
7245000,48,205.332,-21652.2,40.5618,0.397067
7260000,47,214.424,-21665.1,42.1751,0.374733
7275000,46,201.827,-21677.6,46.3236,0.381867
7290000,47,218.675,-21673.7,47.8807,0.371267
7305000,48,205.397,-21689.8,36.3539,0.386333
7320000,59,255.658,-21673.9,67.3459,0.383058
7335000,48,218.394,-21681.2,39.743,0.395533
7350000,54,241.966,-21670.8,38.29,0.401867
7365000,41,181.564,-21708.9,41.7468,0.396333
7380000,56,243.446,-21668.9,59.7467,0.381053
7395000,54,240.193,-21663.1,53.3274,0.3922
7410000,54,233.514,-21685.4,48.0356,0.388917
7425000,50,221.43,-21691.7,62.4258,0.394267
7440000,47,200.004,-21706.2,56.7554,0.3978
7455000,60,267.631,-21653.4,77.0099,0.385233
7470000,65,294.239,-21647,72.773,0.388933
7485000,61,281.222,-21647.7,70.0858,0.389733
7500000,56,248.679,-21675.4,59.2786,0.381333
7515000,61,265.231,-21666.7,55.8116,0.4024
7530000,49,216.495,-21678.4,47.8456,0.387033
7545000,53,242.07,-21674.3,45.9052,0.3873
7560000,42,183.823,-21678.5,37.6511,0.380867
7575000,54,252.382,-21668.7,50.7411,0.3964
7590000,61,275.794,-21658.2,67.5923,0.408
7605000,68,314.884,-21670,72.5178,0.400467
7620000,68,310.422,-21671.2,65.6169,0.408133
7635000,55,236.539,-21704.7,46.917,0.390596
7650000,58,247.047,-21671.6,65.3899,0.397633
7665000,53,244.817,-21688.2,53.0131,0.4048
7680000,41,174.854,-21710.9,37.1097,0.398867
7695000,59,258.914,-21687.9,51.6883,0.391167
7710000,50,239.785,-21687.6,54.9026,0.406467
7725000,40,168.743,-21707.5,30.9065,0.395215
7740000,55,248.123,-21667.2,46.4472,0.3802
7755000,50,217.556,-21662.1,50.8919,0.373333
7770000,53,231.61,-21694.3,45.874,0.380656
7785000,49,213.347,-21677.8,48.3633,0.392133
7800000,47,214.279,-21711.3,55.2565,0.376867
7815000,61,264.993,-21667.1,56.923,0.4036
7830000,63,285.862,-21672.3,71.0461,0.391547
7845000,57,236.316,-21674.2,46.7601,0.404467
7860000,69,308.937,-21652.5,76.8715,0.3916
7875000,50,185.691,-21718,45.9485,0.393613
7890000,67,307.547,-21664.2,65.0081,0.4142
7905000,68,305.207,-21659.3,74.1532,0.389533
7920000,71,323.599,-21664.6,75.7568,0.403933
7935000,62,283.044,-21656.2,62.2699,0.4018
7950000,70,304.856,-21657.2,68.0024,0.403667
7965000,63,282.691,-21673.5,42.289,0.397867
7980000,71,316.906,-21674.6,76.2052,0.397
7995000,71,326.138,-21658.4,69.7208,0.4146
8010000,62,283.167,-21665.4,62.4663,0.412667
8025000,59,259.239,-21681.1,47.7456,0.382333
8040000,57,244.907,-21638.7,56.3236,0.38409
8055000,55,247.83,-21672.4,45.733,0.386267
8070000,54,234.773,-21647.5,53.8206,0.386333
8085000,53,242.666,-21671.7,55.7747,0.3864
8100000,56,244.931,-21668.7,55.0973,0.3972
8115000,45,192.539,-21683.3,56.2469,0.396867
8130000,41,190.389,-21693.7,36.0384,0.38438
8145000,55,245.456,-21691.2,53.1113,0.383933
8160000,53,233.22,-21676.5,48.2579,0.38335
8175000,62,264.013,-21704.5,65.3396,0.400244
8190000,53,233.791,-21654.8,59.7138,0.379433
8205000,63,277.696,-21659.8,63.6197,0.38985
8220000,58,237.239,-21653.6,56.3805,0.387
8235000,57,229.874,-21677.9,57.158,0.399733
8250000,47,201.001,-21670.4,47.8128,0.3904
8265000,61,252.331,-21663.6,66.0963,0.398367
8280000,53,223.111,-21666.2,57.0962,0.375767
8295000,50,215.651,-21657.5,46.9745,0.3904
8310000,58,253.625,-21701,55.9901,0.408178
8325000,55,253.758,-21653.2,56.4079,0.3906
8340000,58,263.942,-21671.5,53.1468,0.3999
8355000,53,221.604,-21657.5,47.5863,0.3924
8370000,46,204.308,-21672.9,60.7095,0.383267
8385000,49,218.576,-21666.1,58.2459,0.3765
8400000,48,214.752,-21672.3,55.5832,0.384733
8415000,45,209.8,-21676.2,45.7429,0.378367
8430000,53,255.274,-21706.8,56.645,0.3951
8445000,49,224.78,-21725.2,51.6383,0.393533
8460000,59,267.972,-21676.5,61.3193,0.388812
8475000,54,248.899,-21658.2,60.6376,0.398
8490000,47,192.436,-21690.9,45.0093,0.3928
8505000,38,169.568,-21674.2,19.3821,0.373111
8520000,33,150.142,-21710.7,45.694,0.37752
8535000,40,177.924,-21713.9,37.3207,0.3894
8550000,56,243.828,-21680.6,48.1864,0.391117
8565000,67,292.22,-21675,77.0116,0.4042
8580000,51,224.686,-21697.2,62.2959,0.398933
8595000,47,211.456,-21707.1,44.8154,0.402533
8610000,57,245.106,-21659.7,46.2512,0.370933
8625000,52,233.253,-21701.8,54.1855,0.402733
8640000,45,187.485,-21656.8,65.6227,0.372267
8655000,59,262.083,-21661.8,61.2501,0.389733
8670000,65,268.151,-21630.2,62.2271,0.376233
8685000,58,262.94,-21675.6,48.8602,0.400133
8700000,41,180.293,-21691.6,42.1643,0.390942
8715000,54,231.679,-21647.8,50.324,0.374956
8730000,54,243.644,-21660.1,52.9889,0.372467
8745000,48,204.659,-21672.5,47.6734,0.371467
8760000,41,179.857,-21677.8,45.5083,0.354533
8775000,47,210.539,-21659.5,45.7672,0.3656
8790000,45,192.813,-21678.9,47.5303,0.366667
8805000,53,225.881,-21664.7,53.9943,0.390029
8820000,45,191.314,-21669.9,47.0256,0.3601
8835000,47,209.752,-21674.4,39.6409,0.3674
8850000,63,275.803,-21656.8,53.3912,0.389667
8865000,64,292.584,-21657.5,73.7809,0.402
8880000,49,225.013,-21669.9,43.8187,0.363133
8895000,61,275.995,-21653.7,73.5085,0.399933
8910000,66,287.984,-21658.9,59.6829,0.400133
8925000,55,232.57,-21675.1,53.2741,0.393217
8940000,82,357.471,-21649.3,69.465,0.414133
8955000,48,216.143,-21665.5,40.946,0.38404
8970000,62,280.308,-21658.3,75.9513,0.398567
8985000,50,229.89,-21663.9,58.9076,0.365
9000000,54,237.769,-21672.8,68.6285,0.383633
9015000,56,244.326,-21673,51.7102,0.397
9030000,65,291.031,-21683.4,52.5564,0.406333
9045000,58,253.085,-21660.4,66.6273,0.388158
9060000,59,247.005,-21681.1,49.5425,0.4042
9075000,59,257.192,-21639.9,64.7435,0.379311
9090000,52,238.536,-21693.1,42.8574,0.396
9105000,49,203.582,-21650.6,40.9152,0.371167
9120000,45,188.414,-21697,42.6435,0.3686
9135000,55,235.207,-21662.4,48.9698,0.371767
9150000,47,198.129,-21684.2,47.046,0.373533
9165000,52,240.66,-21711.7,52.122,0.392444
9180000,59,252.38,-21682,64.2065,0.38875
9195000,55,238.239,-21678.2,48.8289,0.389867
9210000,71,311.324,-21674.9,80.6385,0.420533
9225000,75,318.213,-21669.2,72.125,0.414
9240000,68,292.921,-21647.6,63.4816,0.388411
9255000,46,205.998,-21675,47.8651,0.4009
9270000,37,171.036,-21726.6,35.0883,0.393876
9285000,63,278.002,-21655.8,69.5533,0.405167
9300000,64,285.205,-21640.7,67.1179,0.398
9315000,67,300.162,-21642.2,56.436,0.39352
9330000,54,243.835,-21665,50.065,0.3906
9345000,58,250.982,-21658.4,49.303,0.406089
9360000,54,240.827,-21629.7,52.0365,0.373367
9375000,56,258.469,-21648.4,61.6711,0.3966
9390000,55,231.367,-21684.5,58.5803,0.382442
9405000,53,225.368,-21673.4,56.6401,0.382
9420000,50,215.45,-21684.4,45.4994,0.398907
9435000,48,188.177,-21712.7,49.2025,0.3904
9450000,54,226.428,-21684.1,64.407,0.383778
9465000,52,231.809,-21695.6,40.9048,0.4024
9480000,55,239.376,-21658.7,49.2758,0.371333
9495000,47,209.234,-21651.2,41.7573,0.365733
9510000,47,207.678,-21673.6,37.9061,0.379667
9525000,46,201.524,-21699.2,49.6229,0.394933
9540000,57,253.338,-21682.3,45.6119,0.383167
9555000,51,215.696,-21691.2,40.838,0.393667
9570000,53,238.344,-21690.6,63.7306,0.399933
9585000,51,224.878,-21692.3,44.1349,0.387467
9600000,46,195.315,-21683,61.023,0.367867
9615000,51,243.229,-21687.2,51.1581,0.405333
9630000,51,219.042,-21697.7,60.4902,0.389914
9645000,54,249.734,-21671.9,45.4313,0.365111
9660000,53,216.676,-21696.3,51.5993,0.4001
9675000,60,255.842,-21659.6,46.3826,0.386767
9690000,52,223.975,-21682.9,64.1555,0.39768
9705000,55,232.343,-21672.3,64.8782,0.396367
9720000,55,232.602,-21687.3,53.7136,0.3903
9735000,52,224.966,-21677.4,47.6841,0.376867
9750000,39,174.623,-21696.1,39.5407,0.395544
9765000,60,267.695,-21686,54.3873,0.384467
9780000,52,238.976,-21675.8,42.8416,0.38528
9795000,59,275.449,-21702.9,72.3104,0.395633
9810000,56,238.933,-21658.1,55.95,0.395667
9825000,56,243.055,-21683.5,70.8319,0.399507
9840000,73,318.755,-21657.7,81.2357,0.405933
9855000,78,345.581,-21658.2,82.82,0.4072
9870000,61,261.957,-21654.6,69.0407,0.413867
9885000,58,242.916,-21679.1,57.346,0.395411
9900000,58,249.751,-21703.2,65.2434,0.4034
9915000,62,262.824,-21713,60.1651,0.408533
9930000,53,230.604,-21693.7,50.1037,0.403038
9945000,57,242.459,-21671.5,58.2823,0.404833
9960000,53,226.171,-21695.3,56.5409,0.386633
9975000,60,250.051,-21679.6,61.3939,0.4017
9990000,50,203.283,-21704.8,47.6799,0.390933
10005000,53,224.289,-21680.8,53.0484,0.398133
10020000,42,183.808,-21701.1,39.0103,0.382833
10035000,45,191.717,-21692.3,43.2964,0.386
10050000,52,242.232,-21691.7,45.8704,0.390067
10065000,55,233.041,-21707.8,51.6162,0.390111
10080000,64,284.572,-21655.7,66.7769,0.3847
10095000,63,281.152,-21674.8,62.723,0.399067
10110000,68,310.546,-21662.2,78.6481,0.4002
10125000,49,198.794,-21672.6,54.4488,0.401667
10140000,66,276.009,-21649,76.7893,0.38736
10155000,54,224.109,-21652.2,53.5964,0.383733
10170000,64,288.369,-21670.8,57.6134,0.383978
10185000,52,230.951,-21683.2,57.8541,0.391467
10200000,51,223.669,-21701.5,55.0933,0.388467
10215000,46,188.28,-21678.1,44.3462,0.395422
10230000,52,225.723,-21686,49.9423,0.400267
10245000,64,301.841,-21694,62.6772,0.409
10260000,64,263.768,-21649.4,57.1356,0.380933
10275000,64,274.533,-21646.6,77.116,0.3924
10290000,84,375.271,-21658.2,79.3571,0.398733
10305000,80,356.587,-21637.8,70.8103,0.4112
10320000,69,304.322,-21639.5,58.5433,0.399667
10335000,75,322.282,-21629.7,90.8881,0.394
10350000,72,316.198,-21647.2,78.9054,0.399933
10365000,71,317.756,-21639.7,72.702,0.403867
10380000,68,292.72,-21662.9,72.0394,0.390433
10395000,73,297.702,-21652.8,71.8044,0.402373
10410000,77,329.214,-21674.7,66.2531,0.401089
10425000,65,271.798,-21624.1,51.4505,0.400133
10440000,72,326.39,-21636.5,89.8986,0.4
10455000,53,237.272,-21665,49.9198,0.401178
10470000,61,260.487,-21664.7,52.0706,0.3896
10485000,57,251.367,-21673.1,58.9296,0.390733
10500000,76,331.919,-21656.2,69.3195,0.4014
10515000,66,304.905,-21665.1,59.5418,0.404667
10530000,57,267.162,-21675.7,63.2574,0.403789
10545000,66,283.5,-21683,70.6112,0.3939
10560000,53,240.895,-21670,61.5022,0.400894
10575000,74,326.39,-21654.4,66.5428,0.409767
10590000,76,339.79,-21632.9,83.9809,0.411933
10605000,73,328.179,-21673.1,65.1746,0.411333
10620000,62,282.504,-21658.3,60.9626,0.395817
10635000,62,282.862,-21677.3,70.0969,0.403433
10650000,66,290.832,-21682.7,62.9942,0.406867
10665000,65,276.561,-21659,65.9978,0.400556
10680000,71,301.264,-21663.6,70.828,0.394867
10695000,78,339.345,-21642.7,82.2203,0.408267
10710000,76,334.802,-21639.9,77.1461,0.423267
10725000,65,276.128,-21664.3,69.3627,0.392693
10740000,60,262.799,-21673.7,59.5304,0.406667
10755000,68,291.983,-21659.1,64.3132,0.397333
10770000,55,215.914,-21670.6,46.956,0.407133
10785000,66,265.826,-21659.8,76.9158,0.404
10800000,65,277.691,-21687.3,69.8929,0.414133
10815000,57,247.122,-21673.3,52.8703,0.3994
10830000,47,199.033,-21702.9,54.2665,0.390656
10845000,46,191.526,-21710,58.1098,0.39337
10860000,42,186.132,-21715.2,37.9108,0.369
10875000,57,250.308,-21695.3,57.9551,0.379444
10890000,49,195.331,-21700.7,56.8888,0.385413
10905000,56,248.416,-21683.8,58.176,0.409467
10920000,48,220.47,-21696.8,48.6655,0.4098
10935000,49,205.816,-21689.8,50.3333,0.385707
10950000,51,218.414,-21673.1,44.3734,0.39
10965000,49,211.543,-21671.9,55.5544,0.385267
10980000,45,209.801,-21680,36.4525,0.390367
10995000,53,227.351,-21684.4,48.715,0.394233
11010000,49,218.208,-21703.2,57.2372,0.4028
11025000,60,249.878,-21701,55.1935,0.4074
11040000,53,227.621,-21689.1,45.2013,0.4083
11055000,39,167.269,-21670.7,36.3183,0.386667
11070000,62,264.883,-21678.7,57.6605,0.394756
11085000,64,267.385,-21677,55.7017,0.398567
11100000,65,282.038,-21652.5,73.486,0.402267
11115000,54,212.965,-21683.7,55.7329,0.401733
11130000,64,265.983,-21676.4,55.232,0.393
11145000,63,268.999,-21672.2,72.2996,0.3972
11160000,70,304.681,-21657,71.2167,0.394133
11175000,68,286.926,-21664.7,62.7864,0.415533
11190000,55,236.128,-21683.1,52.6888,0.391617
11205000,56,232.5,-21671.4,53.8102,0.402633
11220000,56,247.464,-21675.7,50.4161,0.3868
11235000,62,264.884,-21659.2,71.0505,0.395867
11250000,63,254.825,-21662.7,63.9703,0.3951
11265000,58,258.273,-21664,63.3128,0.399133
11280000,61,247.195,-21665.9,53.4348,0.4012
11295000,58,243.958,-21665.9,49.2897,0.391067
11310000,58,260.999,-21656.2,54.8235,0.3732
11325000,60,278.085,-21664.8,45.1998,0.397467
11340000,52,233.852,-21669.4,49.3322,0.403667
11355000,38,173.219,-21720.1,49.5865,0.387467
11370000,58,261.585,-21691.1,58.1004,0.396597
11385000,50,217.324,-21687.4,52.4214,0.370867
11400000,55,247.574,-21677.3,53.5359,0.392133
11415000,57,239.779,-21667.1,53.5035,0.396467
11430000,50,204.848,-21658.2,50.8377,0.387067
11445000,59,262.083,-21673.9,65.5909,0.3864
11460000,71,301.074,-21657.9,77.7599,0.387517
11475000,62,263.319,-21677.2,66.5256,0.410533
11490000,63,257.14,-21659,55.9192,0.404156
11505000,46,194.477,-21676.2,39.3504,0.397667
11520000,48,193.696,-21702,42.7488,0.399705
11535000,53,208.134,-21705.1,44.4533,0.4006
11550000,67,271.304,-21651.2,70.088,0.405867
11565000,68,295.446,-21660.6,76.574,0.403933
11580000,63,276.471,-21667.6,76.0624,0.408467
11595000,61,263.716,-21697,48.5624,0.397178
11610000,68,301.628,-21692.3,83.114,0.4048
11625000,53,210.051,-21688.8,59.9233,0.420933
11640000,55,234.842,-21665.6,55.8897,0.392689
11655000,66,274.339,-21651,73.2806,0.393422
11670000,69,302.272,-21651.2,63.3448,0.392467
11685000,57,237.38,-21677.3,58.8432,0.389133
11700000,67,296.632,-21662.8,92.5371,0.398433
11715000,71,316.794,-21634.3,74.5349,0.394733
11730000,55,239.215,-21653.9,47.5989,0.399971
11745000,56,239.441,-21674.4,74.2043,0.398067
11760000,66,312.977,-21633,77.9219,0.403067
11775000,72,320.433,-21633,74.3485,0.404533
11790000,72,311.014,-21638.9,65.6086,0.404333
11805000,57,259.452,-21644.4,63.0901,0.392067
11820000,53,229.484,-21657.3,45.5126,0.384333
11835000,52,224.386,-21662.1,50.4656,0.381867
11850000,48,202.811,-21656.8,44.2106,0.372933
11865000,60,262.673,-21658.1,62.4131,0.360533
11880000,54,239.87,-21703,63.9463,0.391938
11895000,52,224.301,-21696.9,59.0787,0.374333
11910000,52,228.453,-21711.9,43.1252,0.390018
11925000,52,235.082,-21699.7,58.514,0.3976
11940000,47,200.621,-21685.6,55.1277,0.37936
11955000,60,269.791,-21674.2,63.8649,0.397133
11970000,56,228.771,-21656.9,65.0636,0.39
11985000,59,260.64,-21675.7,52.8318,0.3854
12000000,61,271.305,-21692.3,71.7572,0.390747
12015000,55,225.93,-21677.4,52.3125,0.3779
12030000,47,205.613,-21699,50.6077,0.373667
12045000,45,188.156,-21730.8,33.7678,0.382848
12060000,35,152.724,-21712.3,32.0366,0.383067
12075000,50,227.377,-21678.4,57.0751,0.395507
12090000,48,212.389,-21689.7,55.1484,0.386
12105000,51,235.322,-21706.5,58.6142,0.368511
12120000,37,164.653,-21726.4,48.3841,0.412
12135000,42,193.316,-21700.9,53.3633,0.389295
12150000,43,197.592,-21699.4,46.8487,0.3852
12165000,44,193.663,-21696.3,38.1727,0.407987
12180000,45,200.404,-21695.9,38.5201,0.3852
12195000,41,164.405,-21685,38.8686,0.377689
12210000,43,182.153,-21702.5,39.9505,0.3994
12225000,47,205.538,-21665.1,52.007,0.391667
12240000,55,245.756,-21677.8,58.112,0.395833
12255000,57,266.076,-21691.2,66.834,0.3968
12270000,50,219.78,-21711.6,54.6091,0.396067
12285000,53,236.28,-21680.8,46.1462,0.4
12300000,48,208.95,-21698.8,49.8238,0.406033
12315000,37,162.095,-21726.8,39.6074,0.394015
12330000,61,279.269,-21676.2,57.2082,0.401067
12345000,43,186.531,-21712.6,48.2754,0.398756
12360000,48,209.974,-21696.3,55.523,0.388067
12375000,49,223.361,-21705.6,39.7446,0.4048
12390000,53,225.629,-21665.8,52.7703,0.399367
12405000,70,305.171,-21658.9,57.0139,0.3902
12420000,53,235.523,-21667.6,43.5067,0.395178
12435000,62,275.266,-21656.7,59.3651,0.393833
12450000,59,271.402,-21646.6,49.576,0.406333
12465000,64,276.668,-21676.6,80.4606,0.39154
12480000,50,216.733,-21682,50.5045,0.4066
12495000,65,269.744,-21701,62.9683,0.404893
12510000,71,298.616,-21647.1,72.737,0.405244
12525000,50,231.681,-21716.2,67.1417,0.407633
12540000,51,232.933,-21686.7,42.3792,0.405383
12555000,56,247.089,-21652,60.7094,0.390311
12570000,46,205.404,-21697.4,42.97,0.391467
12585000,50,210.984,-21664,53.5574,0.385067
12600000,59,255.981,-21662.4,59.1934,0.394467
12615000,40,174.701,-21680.4,46.1938,0.394733
12630000,46,192.17,-21689.9,58.3526,0.3682
12645000,69,303.145,-21684.5,78.0735,0.4032
12660000,70,302.582,-21676.4,66.6027,0.389933
12675000,62,258.781,-21670.6,55.0964,0.408027
12690000,69,301.593,-21676.2,61.9787,0.402433
12705000,64,281.853,-21684.1,59.4477,0.4245
12720000,73,313.805,-21652.6,73.9682,0.421233
12735000,66,263.333,-21663.2,72.0574,0.409667
12750000,58,254.048,-21702.5,56.212,0.412244
12765000,58,231.839,-21660.3,54.847,0.399633
12780000,54,246.339,-21695.5,60.3673,0.403867
12795000,53,232.734,-21724.7,44.7675,0.4144
12810000,73,327.12,-21675.5,66.3158,0.3968
12825000,62,251.629,-21684.2,65.7155,0.412761
12840000,66,289.385,-21678.4,83.318,0.400933
12855000,55,232.561,-21679.2,55.2492,0.394217
12870000,54,241.918,-21678.5,61.2641,0.394889
12885000,56,219.275,-21683,60.1141,0.396222
12900000,52,221.874,-21695,53.9821,0.392367
12915000,60,270.654,-21680.8,61.1061,0.3856
12930000,53,234.308,-21681.3,55.958,0.401933
12945000,56,245.215,-21661.4,55.2362,0.403467
12960000,52,217.215,-21683.2,48.4813,0.383467
12975000,63,276.304,-21686.5,65.7948,0.3873
12990000,62,263.387,-21667.1,63.1686,0.397567
13005000,59,244.904,-21704,57.3585,0.392267
13020000,63,254.27,-21684.2,66.2159,0.396467
13035000,57,254.553,-21709.7,61.3546,0.412867
13050000,54,216.507,-21644.9,48.9726,0.405083
13065000,69,288.841,-21636.5,64.9008,0.382333
13080000,72,313.424,-21670.4,64.2591,0.417733
13095000,64,277.047,-21669.4,61.1952,0.402733
13110000,56,242.766,-21687.4,66.2118,0.399813
13125000,52,221.388,-21683.5,46.2558,0.39175
13140000,50,210.234,-21671.1,52.3536,0.388933
13155000,70,307.448,-21668.2,88.1255,0.3999
13170000,68,303.866,-21641.3,60.125,0.413867
13185000,55,243.287,-21679.9,51.2167,0.407467
13200000,53,253.246,-21692.7,43.8794,0.398
13215000,56,221.01,-21674.5,60.3311,0.39399
13230000,55,245.73,-21677.7,40.7875,0.393689
13245000,57,228.78,-21652.5,52.7782,0.400033
13260000,51,230.973,-21686,45.1387,0.389567
13275000,53,226.534,-21671.3,47.0234,0.4089
13290000,47,213.917,-21705.6,46.3749,0.387
13305000,54,246.889,-21704.2,44.2639,0.3864
13320000,51,211.573,-21691.9,51.1528,0.395578
13335000,51,219.397,-21694.6,55.458,0.389033
13350000,48,219.669,-21688.8,49.0227,0.381267
13365000,72,315.916,-21677.9,83.7726,0.3976
13380000,54,226.724,-21689.8,67.6649,0.399756
13395000,60,242.156,-21644.5,51.8421,0.399
13410000,58,261.476,-21692.2,55.3024,0.3964
13425000,76,331.528,-21660,81.2968,0.4056
13440000,54,250.533,-21686.2,54.7288,0.3835
13455000,53,248.573,-21664.3,49.5669,0.4
13470000,55,238.848,-21692.9,54.9133,0.394233
13485000,54,237.347,-21688.5,62.1052,0.407533
13500000,56,253.091,-21699.7,41.5969,0.4076
13515000,44,199.319,-21703.2,40.5664,0.3996
13530000,47,205.911,-21683.4,49.0864,0.405893
13545000,38,169.073,-21707.1,43.5159,0.373433
13560000,43,196.32,-21708.6,34.1254,0.359733
13575000,59,265.541,-21684.4,54.6823,0.391689
13590000,54,227.278,-21694.9,57.981,0.401867
13605000,40,178.76,-21725.4,42.2322,0.375444
13620000,62,281.693,-21685.2,62.5406,0.408
13635000,61,263.196,-21668.3,70.0247,0.395804
13650000,66,293.308,-21654.4,61.3451,0.406367
13665000,45,205.243,-21705.1,45.9201,0.398
13680000,65,272.607,-21677.3,62.9472,0.4206
13695000,66,289.457,-21663.7,62.8555,0.4064
13710000,34,150.03,-21689.6,33.7404,0.391844
13725000,61,276.792,-21669.1,68.0943,0.400467
13740000,56,251.822,-21672.1,56.6916,0.408133
13755000,67,287.96,-21659.8,70.4907,0.397067
13770000,44,204.934,-21719.6,43.7141,0.391233
13785000,80,346.22,-21641.5,77.4329,0.403833
13800000,72,331.623,-21661.1,71.5366,0.404467
13815000,78,355.256,-21671.1,70.8548,0.4024
13830000,80,338.669,-21667,100.011,0.417667
13845000,52,228.747,-21687.4,43.5625,0.400424
13860000,55,252.712,-21673.1,70.7659,0.413833
13875000,54,245.54,-21674.6,44.4838,0.399367
13890000,48,219.742,-21717.3,45.8181,0.394967
13905000,44,208.594,-21697.5,49.5684,0.381467
13920000,49,230.426,-21694.6,52.8126,0.40515
13935000,54,248.23,-21688.7,51.2751,0.4002
13950000,40,183.984,-21725.1,39.3475,0.380889
13965000,52,234.355,-21698.5,41.5242,0.394067
13980000,47,208.146,-21676.9,53.2132,0.395305
13995000,60,275.735,-21675,57.3914,0.398733
14010000,55,231.559,-21677.1,57.9581,0.3956
14025000,56,250.417,-21688.6,57.8025,0.402333
14040000,40,172.725,-21709.6,35.0264,0.379289
14055000,64,276.949,-21669.5,67.2084,0.392167
14070000,68,304.632,-21686.8,81.0997,0.408133
14085000,55,241.997,-21694.9,54.3245,0.4076
14100000,51,215.028,-21677,46.1596,0.4028
14115000,51,223.504,-21684.7,47.2319,0.39198
14130000,45,187.313,-21694,46.8882,0.377467
14145000,43,177.716,-21696,30.3844,0.377867
14160000,39,154.985,-21675,35.9612,0.385547
14175000,55,238.813,-21684.1,56.3526,0.3854
14190000,58,256.118,-21705.2,54.925,0.388533
14205000,74,319.968,-21719,83.5011,0.402667
14220000,46,196.839,-21694.6,45.4095,0.392267
14235000,54,237.409,-21673.9,54.7374,0.3836
14250000,46,204.545,-21675.6,43.0545,0.386267
14265000,60,245.2,-21671.3,60.6444,0.3944
14280000,55,243.975,-21644,45.6905,0.394967
14295000,51,221.458,-21676.5,44.9646,0.384267
14310000,46,199.529,-21702,35.6946,0.407133
14325000,64,295.54,-21685.3,58.1358,0.4026
14340000,65,266.908,-21640.3,51.7031,0.396533
14355000,57,248.797,-21707.8,50.3063,0.395907
14370000,58,240.009,-21667.6,63.8704,0.4017
14385000,52,237.874,-21652.3,51.6579,0.395333
14400000,46,193.878,-21686.6,41.2365,0.39592
14415000,51,229.31,-21689.1,46.19,0.3972
14430000,49,195.614,-21688.2,52.1119,0.4016
14445000,51,220.65,-21700.2,49.7963,0.399117
14460000,61,263.638,-21683.7,51.6792,0.392295
14475000,51,221.58,-21698.2,52.8869,0.397533
14490000,59,244.85,-21679.1,51.3462,0.408467
14505000,60,251.01,-21663.6,69.0655,0.3866
14520000,53,217.189,-21696.7,48.3637,0.403133
14535000,52,233.687,-21697.5,48.3653,0.393033
14550000,50,217.849,-21686.8,50.1376,0.39139
14565000,52,214.398,-21706.3,52.4431,0.410289
14580000,38,154.438,-21681.4,32.1639,0.3852
14595000,44,184.844,-21709.1,44.5547,0.386867
14610000,57,260.179,-21710.2,60.7455,0.393
14625000,49,210.131,-21717.7,38.0655,0.4095
14640000,48,193.113,-21700.2,57.9857,0.405767
14655000,45,205.941,-21694.4,32.9936,0.390533
14670000,43,183.185,-21696.8,38.1158,0.3838
14685000,37,170.444,-21707.2,44.9801,0.38675
14700000,49,232.706,-21697.6,56.9971,0.385267
14715000,48,208.636,-21707.7,51.8306,0.3988
14730000,56,245.331,-21697.2,42.1528,0.396633
14745000,49,218.371,-21730.7,45.2944,0.393811
14760000,55,245.916,-21694.8,53.9365,0.3941
14775000,63,286.679,-21699.4,60.976,0.423267
14790000,54,252.295,-21686.7,54.3053,0.4114
14805000,49,232.925,-21677.3,41.4266,0.411067
14820000,55,245.414,-21704.8,51.0526,0.3938
14835000,64,299.028,-21683.5,70.0498,0.398067
14850000,58,262.08,-21680.3,52.3714,0.419133
14865000,52,233.21,-21684.8,50.2091,0.402375
14880000,52,211.377,-21677.9,43.9753,0.389667
14895000,42,190.94,-21687.4,38.4223,0.386306
14910000,41,179.518,-21705.4,36.2961,0.3938
14925000,59,266.018,-21708.4,58.1311,0.397
14940000,57,240.924,-21688.8,63.2105,0.383511
14955000,54,237.035,-21696.9,57.7792,0.395667
14970000,46,203.752,-21691.1,33.2152,0.393733
14985000,44,181.238,-21735.1,36.7335,0.398917
15000000,43,192.323,-21736.7,45.2346,0.397283
15015000,50,225.743,-21682.6,56.3986,0.390844
15030000,65,286.633,-21670.4,60.4728,0.387267
15045000,62,269.852,-21674.8,57.6208,0.4082
15060000,45,193.201,-21700.7,53.5341,0.39075
15075000,53,225.562,-21703.1,52.6899,0.409533
15090000,51,223.91,-21705.9,50.1396,0.408133
15105000,42,178.462,-21706.3,29.3199,0.38275
15120000,39,170.226,-21710.7,30.3451,0.379867
15135000,53,236.578,-21711.4,61.7822,0.390267
15150000,46,217.843,-21714.5,53.1622,0.4089
15165000,46,196.95,-21706.3,56.2089,0.390233
15180000,53,248.339,-21701.3,46.0245,0.396967
15195000,58,255.199,-21714.3,55.6335,0.4098
15210000,40,171.019,-21715.6,54.7151,0.388358
15225000,48,212.467,-21745.7,36.4475,0.392533
15240000,60,272.474,-21707.8,65.0131,0.409867
15255000,51,210.013,-21711.2,39.3667,0.390633
15270000,48,217.045,-21704,43.375,0.387114
15285000,48,212.661,-21685,52.8526,0.3988
15300000,45,187.194,-21683.4,56.3526,0.385867
15315000,57,253.634,-21689.9,62.0346,0.405422
15330000,53,230.415,-21705.8,44.4836,0.396893
15345000,49,197.807,-21722.3,50.4416,0.397633
15360000,48,215.736,-21695.6,42.3452,0.398933
15375000,37,153.137,-21706.1,40.515,0.391667
15390000,49,209.295,-21698.1,40.139,0.401317
15405000,60,257.21,-21655.4,68.8893,0.399171
15420000,63,275.93,-21665.6,66.2721,0.388067
15435000,65,300.729,-21658.6,72.4496,0.394
15450000,44,173.826,-21722.7,32.3378,0.38168
15465000,73,311.019,-21683.1,74.7967,0.4117
15480000,51,211.181,-21695.7,49.5185,0.401633
15495000,58,250.862,-21683,55.0721,0.4128
15510000,47,202.71,-21683.5,56.0207,0.391267
15525000,47,191.219,-21701.1,54.0463,0.396067
15540000,53,221.879,-21684.3,57.1123,0.41012
15555000,40,162.708,-21681.8,31.347,0.395079
15570000,50,219.07,-21690,49.7205,0.387067
15585000,52,226.078,-21673.9,48.1722,0.392
15600000,44,199.507,-21700.1,42.1616,0.393533
15615000,48,206.866,-21668.4,55.8564,0.381667
15630000,39,175.747,-21705,36.451,0.387133
15645000,44,183.352,-21685.9,50.2028,0.389371
15660000,37,166.649,-21716.6,36.6851,0.390133
15675000,39,170.217,-21698.5,38.1967,0.369911
15690000,59,257.79,-21684.5,63.4068,0.396093
15705000,58,263.974,-21672.2,54.6383,0.391933
15720000,51,220.327,-21714.7,48.7029,0.39175
15735000,63,285.712,-21705.1,53.553,0.407333
15750000,52,245.213,-21692.1,51.5565,0.406067
15765000,64,299.007,-21676.5,62.5141,0.398867
15780000,46,205.048,-21683.8,43.0114,0.391533
15795000,55,241.906,-21681.4,49.7701,0.388283
15810000,45,197.165,-21704.1,43.8536,0.405267
15825000,45,212.501,-21695.8,44.0097,0.380267
15840000,40,170.78,-21709.4,32.2723,0.394867
15855000,37,173.222,-21710.8,32.6092,0.391333
15870000,53,231.879,-21695,60.6436,0.386044
15885000,58,265.247,-21681.2,54.0995,0.403733
15900000,57,255.442,-21685.1,63.4435,0.392767
15915000,52,235.275,-21675.5,55.818,0.413233
15930000,51,215.961,-21680.4,67.5701,0.3912
15945000,61,253.293,-21682.7,47.735,0.4004
15960000,47,207.156,-21673.3,37.4614,0.397133
15975000,60,264.201,-21696.1,61.6991,0.399613
15990000,65,276.497,-21685.6,62.3147,0.399526
16005000,54,236.958,-21696.9,56.6657,0.402867
16020000,61,276.341,-21699.3,67.8751,0.401778
16035000,41,175.315,-21685.8,52.8228,0.3923
16050000,60,258.186,-21674.9,68.1635,0.39275
16065000,65,279.349,-21675,59.5659,0.392933
16080000,53,240.265,-21670.5,54.449,0.393133
16095000,55,241.68,-21676.7,49.3202,0.397883
16110000,56,243.328,-21697.4,58.9012,0.388267
16125000,53,239.632,-21683.9,51.7775,0.401533
16140000,64,281.862,-21662.3,71.6134,0.402233
16155000,72,302.498,-21666.8,81.8869,0.393411
16170000,68,305.497,-21643.4,63.1931,0.4104
16185000,66,276.665,-21656.8,69.9747,0.393333
16200000,53,236.856,-21695.3,50.3146,0.396233
16215000,59,236.391,-21654.4,66.4873,0.383933
16230000,65,284.583,-21631,60.5944,0.395933
16245000,60,264.359,-21649.7,61.8085,0.398067
16260000,67,293.726,-21677.1,82.1892,0.397281
16275000,70,291.035,-21650.9,55.1912,0.393567
16290000,61,270.436,-21651.7,56.8448,0.4054
16305000,56,250.475,-21691.4,47.3127,0.403644
16320000,60,265.123,-21677.8,48.4226,0.392133
16335000,62,272.305,-21674.8,59.6263,0.412667
16350000,47,195.676,-21715.6,53.6624,0.399167
16365000,69,311.217,-21647.9,69.5944,0.396067
16380000,66,279.277,-21636.1,67.0421,0.391267
16395000,62,281.104,-21649,80.0452,0.405267
16410000,83,363.605,-21629.8,86.5204,0.398133
16425000,91,401.797,-21656.6,86.9024,0.419733
16440000,86,354.221,-21640.8,93.4559,0.413067
16455000,74,327.172,-21621.4,71.7991,0.4166
16470000,47,200.969,-21702.1,41.8743,0.391711
16485000,68,309.954,-21639,59.3923,0.4009
16500000,74,336.964,-21618.5,81.1623,0.404067
16515000,77,329.187,-21642.1,76.4443,0.4032
16530000,75,338.278,-21618.2,77.413,0.4056
16545000,65,278.153,-21630.2,70.3855,0.386267
16560000,46,206.329,-21700.6,42.8991,0.392324
16575000,63,271.039,-21666.5,59.9632,0.388367
16590000,53,232.125,-21681.8,46.261,0.393933
16605000,57,242.868,-21637.6,63.2355,0.3933
16620000,76,330.171,-21679.5,77.5741,0.406
16635000,75,332.644,-21651.1,74.4756,0.4184
16650000,67,305.477,-21670.5,65.9764,0.4126
16665000,59,236.623,-21660.6,61.159,0.400683
16680000,65,270.393,-21675.3,66.2404,0.409167
16695000,72,314.27,-21658,74.1835,0.410133
16710000,64,274.434,-21672.5,64.3843,0.398667
16725000,62,262.098,-21680.3,77.9292,0.410533
16740000,80,347.83,-21657.4,80.2503,0.408267
16755000,76,353.764,-21630.3,70.9646,0.410067
16770000,67,295.66,-21669.8,60.1607,0.40107
16785000,57,260.201,-21690.3,55.5749,0.4168
16800000,64,297.324,-21671.2,64.5916,0.414093
16815000,61,270.368,-21647.8,55.5911,0.396817
16830000,61,271.168,-21657.9,52.1959,0.391633
16845000,74,318.51,-21692.3,73.2737,0.392
16860000,74,317.321,-21678.4,61.9031,0.416733
16875000,72,303.136,-21684.2,77.2014,0.410733
16890000,59,271.59,-21685.1,59.1778,0.3998
16905000,57,263.807,-21688.8,57.6738,0.396283
16920000,62,278.292,-21714,75.1902,0.398967
16935000,54,241.076,-21674.6,56.4579,0.392133
16950000,45,182.35,-21670.1,59.8238,0.387867
16965000,71,303.655,-21670.5,68.9393,0.400844
16980000,67,285.705,-21688.4,60.8071,0.4152
16995000,47,195.513,-21692.8,48.493,0.398489
17010000,51,227.148,-21654.4,44.1675,0.388433
17025000,53,239.733,-21702.8,68.2766,0.399333
17040000,40,184.248,-21726.4,41.641,0.3758
17055000,56,245.456,-21648.8,56.1366,0.3856
17070000,50,214.623,-21656.4,44.326,0.396067
17085000,53,248.743,-21713.3,47.8902,0.382911
17100000,48,206.448,-21677.7,54.6513,0.385867
17115000,50,211.096,-21684.1,45.2235,0.384475
17130000,44,197.669,-21710.8,43.3591,0.375378
17145000,37,162.448,-21698.5,44.6641,0.367067
17160000,50,220.335,-21677.7,62.3457,0.379967
17175000,58,262.878,-21698.7,56.3081,0.391
17190000,50,226.179,-21689.4,53.1988,0.393622
17205000,56,245.483,-21666.8,58.1464,0.3999
17220000,49,200.459,-21683.8,51.6643,0.39
17235000,50,221.131,-21689.4,43.6913,0.394167
17250000,58,253.069,-21706.3,57.8724,0.404167
17265000,49,193.881,-21701.7,66.6078,0.399667
17280000,46,209.171,-21685.5,34.717,0.400111
17295000,38,171.656,-21712.9,42.8559,0.386367
17310000,39,169.177,-21737.7,36.3036,0.391558
17325000,40,173.232,-21704.7,44.871,0.390767
17340000,48,209.908,-21695,50.661,0.380417
17355000,46,209.886,-21708.5,37.2131,0.3944
17370000,59,251.12,-21690.7,71.8237,0.390033
17385000,52,222.026,-21703.7,58.2035,0.39535
17400000,47,205.723,-21680.8,57.6207,0.390467
17415000,58,259.927,-21678.1,56.8754,0.386689
17430000,53,239.027,-21708.6,58.1828,0.393133
17445000,57,256.851,-21700.2,57.6425,0.400311
17460000,43,199.679,-21711.1,40.314,0.3918
17475000,66,281.758,-21680.1,73.9509,0.398644
17490000,49,216.441,-21700.9,49.3165,0.387767
17505000,56,218.425,-21686.9,61.1983,0.3976
17520000,49,200.878,-21707.8,62.2545,0.388107
17535000,59,260.679,-21708.1,59.9348,0.391133
17550000,62,271.088,-21685.7,71.5598,0.409267
17565000,46,202.253,-21717.4,52.8922,0.3896
17580000,47,211.635,-21694.6,40.3155,0.381933
17595000,43,190.251,-21682.3,38.4657,0.362467
17610000,65,275.91,-21700.7,63.5873,0.405667
17625000,48,215.679,-21700,67.1878,0.392367
17640000,47,210.566,-21694.8,64.7324,0.391917
17655000,46,194.91,-21698.2,50.8081,0.404889
17670000,51,229.76,-21709.4,46.1976,0.391578
17685000,48,211.009,-21700.4,55.5293,0.402567
17700000,63,275.855,-21706.5,64.162,0.395867
17715000,53,208.928,-21681.3,57.7471,0.398733
17730000,53,224.087,-21678.3,45.4992,0.3934
17745000,48,210.036,-21693.7,56.7412,0.398981
17760000,64,290.621,-21683.9,60.9699,0.3877
17775000,45,200.556,-21707.7,44.9132,0.403167
17790000,49,221.283,-21676.5,49.4973,0.3929
17805000,44,187.87,-21705.6,55.9562,0.388667
17820000,37,164.622,-21710.8,37.1719,0.395963
17835000,50,235.361,-21688.7,53.6077,0.381978
17850000,48,216.082,-21683.2,47.2107,0.381933
17865000,46,205.675,-21704.5,39.7908,0.388183
17880000,60,270.301,-21680.2,51.7847,0.3802
17895000,62,264.517,-21676.7,70.5121,0.412467
17910000,60,259.879,-21696.7,70.6726,0.402
17925000,56,230.233,-21687.2,66.8085,0.394552
17940000,65,281.359,-21671.3,71.5747,0.408533
17955000,50,214.997,-21688.7,46.0494,0.396367
17970000,49,213.211,-21685.3,44.4041,0.398533
17985000,56,242.672,-21698.6,62.4416,0.395587
18000000,54,246.2,-21699.6,52.0015,0.387956
18015000,50,231.379,-21678,50.8807,0.398067
18030000,53,242.301,-21671.8,45.2811,0.397533
18045000,64,283.115,-21667.7,66.5419,0.396267
18060000,66,294.959,-21656.4,77.9278,0.392089
18075000,81,341.262,-21692.7,95.6118,0.396856
18090000,79,360.336,-21675.8,78.8617,0.424511
18105000,44,193.236,-21699.8,34.3235,0.392667
18120000,50,214.636,-21689.3,57.7768,0.401267
18135000,66,274.567,-21691.9,65.675,0.394733
18150000,72,306.02,-21679,74.8676,0.401933
18165000,70,299.811,-21659.5,61.2693,0.418333
18180000,79,339.929,-21659.2,64.604,0.410333
18195000,73,308.065,-21632.1,89.3834,0.419733
18210000,69,308.55,-21672.5,69.9119,0.41348
18225000,75,325.019,-21651.3,92.256,0.406467
18240000,66,283.05,-21663.3,71.7884,0.403467
18255000,56,244.881,-21671.4,62.1199,0.396167
18270000,64,286.955,-21648.5,51.3996,0.3962
18285000,66,301.185,-21653,57.4642,0.403
18300000,63,285.587,-21640.2,61.1022,0.400067
18315000,63,296.279,-21652.7,80.8888,0.406733
18330000,67,303.355,-21638.6,67.781,0.408533
18345000,75,327.618,-21647.1,84.0606,0.410267
18360000,67,280.618,-21710.2,71.555,0.401952
18375000,66,276.306,-21634,67.5086,0.403967
18390000,77,325.801,-21641.2,66.1346,0.4056
18405000,70,294.864,-21657.7,75.2415,0.413333
18420000,63,272.826,-21657.1,55.9453,0.409533
18435000,64,292.136,-21635.5,62.2925,0.403733
18450000,62,262.695,-21649.3,77.1299,0.407333
18465000,61,273.02,-21666.1,53.8902,0.396533
18480000,68,292.26,-21650.6,60.8014,0.413867
18495000,69,314.979,-21673.8,56.9165,0.4062
18510000,59,253.425,-21678.1,47.5964,0.3926
18525000,60,277.568,-21662.4,60.5439,0.401933
18540000,54,227.491,-21659,44.239,0.39
18555000,69,294.749,-21656.2,66.4883,0.415
18570000,62,285.972,-21656.1,71.813,0.400067
18585000,60,272.775,-21652,62.6184,0.404533
18600000,57,236.946,-21647,52.0442,0.3892
18615000,64,272.938,-21635.7,61.8261,0.38
18630000,53,235.316,-21671.9,58.3134,0.394115
18645000,69,306.276,-21658.5,68.5265,0.397933
18660000,33,138.054,-21737.3,24.9472,0.385032
18675000,59,274.463,-21653.8,62.8221,0.398967
18690000,65,296.269,-21655.1,67.4408,0.405067
18705000,52,239.738,-21677.6,66.4489,0.38328
18720000,68,293.023,-21656.7,75.6202,0.4002
18735000,56,245.761,-21676.5,49.9305,0.392733
18750000,52,233.351,-21667,55.2219,0.3863
18765000,59,262.588,-21673.3,56.1439,0.379333
18780000,55,235.002,-21689.2,50.4203,0.384275
18795000,57,251.697,-21654.9,56.5094,0.384367
18810000,56,240.554,-21690.2,47.6764,0.3965
18825000,56,232.564,-21655.2,53.183,0.389967
18840000,59,242.666,-21639.5,45.7106,0.390867
18855000,66,287.897,-21647.3,71.9644,0.400133
18870000,66,281.597,-21657.2,64.4683,0.400667
18885000,61,250.564,-21660.2,53.0051,0.4034
18900000,64,278.782,-21658.2,75.0344,0.4074
18915000,47,200.037,-21670.7,39.8507,0.381267
18930000,41,177.894,-21713.9,42.6637,0.394026
18945000,35,164.82,-21691.2,47.6774,0.380267
18960000,53,220.704,-21668.8,56.0117,0.380333
18975000,38,164.888,-21696.3,34.1128,0.394473
18990000,53,236.021,-21675.3,37.2798,0.38664
19005000,46,176.584,-21693,36.9758,0.388267
19020000,60,263.289,-21671.9,59.6419,0.391022
19035000,61,272.988,-21667.4,64.93,0.395533
19050000,48,221.116,-21665.3,52.9211,0.387333
19065000,43,190.218,-21680.2,43.1785,0.395733
19080000,52,224.466,-21685,50.1916,0.384733
19095000,47,203.641,-21690.6,39.5892,0.390733
19110000,52,247.804,-21687.2,43.1315,0.390067
19125000,56,254.917,-21727.7,70.7606,0.38819
19140000,60,258.33,-21716.3,65.585,0.407133
19155000,56,232.309,-21725.3,54.5552,0.412
19170000,39,169.002,-21737.8,39.7224,0.391867
19185000,40,168.494,-21746,49.3006,0.3938
19200000,48,204.962,-21735.6,40.1583,0.384933
19215000,44,187.148,-21714.4,35.6096,0.3906
19230000,35,154.234,-21707.6,34.6636,0.39355
19245000,49,196.921,-21699.8,52.4727,0.376567
19260000,36,156.746,-21718.5,40.804,0.380133
19275000,49,203.661,-21683.4,43.0663,0.3971
19290000,62,277.896,-21698,61.3536,0.3902
19305000,74,319.788,-21687,83.0348,0.4062
19320000,74,304.588,-21676,76.921,0.418667
19335000,62,260.111,-21702.8,70.4491,0.397747
19350000,51,226.691,-21689.6,65.5327,0.387889
19365000,41,184.999,-21703,41.7934,0.399433
19380000,44,198.577,-21709.1,49.7846,0.3946
19395000,60,253.978,-21670.7,59.2355,0.399453
19410000,47,202.973,-21686.6,43.2766,0.388733
19425000,56,264.754,-21695.8,62.2531,0.403
19440000,49,221.211,-21674.8,44.7786,0.394089
19455000,54,236.631,-21677.5,48.1487,0.372333
19470000,43,177.814,-21700.7,37.1422,0.392311
19485000,45,186.095,-21683.7,34.1124,0.387067
19500000,62,267.958,-21675.5,63.1187,0.390356
19515000,49,227.637,-21704.8,49.5796,0.393267
19530000,49,218.783,-21681.1,44.9209,0.3806
19545000,54,248.276,-21680.4,61.802,0.395022
19560000,49,216.737,-21689.3,49.1701,0.397933
19575000,47,209.161,-21680.3,38.3133,0.383933
19590000,46,207.591,-21678.4,43.6292,0.367467
19605000,46,197.874,-21673.9,42.2635,0.375533
19620000,55,246.77,-21698.1,46.5289,0.3836
19635000,35,156.525,-21709.1,36.9602,0.393244
19650000,27,118.495,-21732.6,23.5082,0.380104
19665000,32,138.788,-21727.3,33.537,0.3882
19680000,54,232.321,-21722.8,51.1011,0.386511
19695000,45,190.741,-21708.7,51.7451,0.389293
19710000,50,215.508,-21683.8,42.2995,0.382267
19725000,37,157.633,-21715.3,30.4441,0.391622
19740000,44,184.835,-21691.3,46.8305,0.3696
19755000,51,208.111,-21706.4,43.2445,0.378822
19770000,53,218.522,-21705.5,62.8246,0.389667
19785000,44,195.053,-21677.7,33.1482,0.383733
19800000,45,201.472,-21702.6,47.9923,0.391733
19815000,49,200.604,-21665.5,52.8501,0.391667
19830000,42,169.653,-21700.4,42.9915,0.397756
19845000,61,265.135,-21677,60.6023,0.388833
19860000,46,207.978,-21714.4,44.3181,0.394867
19875000,48,211.595,-21704.1,46.4771,0.3909
19890000,58,247.307,-21679.9,58.0386,0.389933
19905000,50,217.72,-21684.6,55.7974,0.396467
19920000,53,235.647,-21700.7,64.4927,0.396133
19935000,58,264.793,-21707.6,63.1736,0.394347
19950000,66,304.461,-21696.3,71.3543,0.417433
19965000,59,264.532,-21686.8,52.4345,0.4104
19980000,55,240.889,-21673.2,49.6447,0.393844
19995000,46,204.632,-21694.3,56.1935,0.380739
20010000,62,248.7,-21687,55.2621,0.404044
20025000,60,262.638,-21693.1,61.2983,0.395556
20040000,58,264.31,-21676.9,64.5664,0.392511
20055000,66,291.436,-21679.4,49.4661,0.408367
20070000,60,252.533,-21701,69.7034,0.4028
20085000,56,229.102,-21681.6,64.6469,0.4014
20100000,44,195.383,-21700.8,46.4635,0.408767
20115000,48,208.048,-21689.8,55.7938,0.3846
20130000,54,223.579,-21677.4,47.3198,0.395467
20145000,44,176.968,-21680,54.203,0.381733
20160000,50,205.927,-21712.7,60.537,0.3732
20175000,43,188.256,-21708.6,40.3113,0.392583
20190000,44,203.322,-21704.3,51.4403,0.393428
20205000,45,196.617,-21706,41.6513,0.393511
20220000,50,225.127,-21691.7,72.8992,0.400933
20235000,52,227.397,-21715.8,42.1578,0.389356
20250000,48,210.125,-21703.9,65.9695,0.397667
20265000,34,148.912,-21717.8,38.7439,0.385367
20280000,53,232.175,-21713.4,61.9739,0.395467
20295000,40,177.376,-21697.5,45.9864,0.3754
20310000,44,185.465,-21720.9,46.8572,0.390967
20325000,43,164.938,-21685.3,30.8052,0.393305
20340000,59,262.616,-21678.9,52.4136,0.393911
20355000,53,228.14,-21695.1,57.1314,0.411533
20370000,60,260.391,-21673.9,53.2578,0.4025
20385000,45,182.094,-21671.3,46.0422,0.413467
20400000,46,178.828,-21669,38.6347,0.3776
20415000,49,229.372,-21685.6,49.7581,0.401956
20430000,54,233.348,-21670.3,48.8585,0.389967
20445000,60,259.158,-21679.1,70.1579,0.404133
20460000,57,255.32,-21698.1,59.887,0.394981
20475000,58,252.478,-21706.2,49.5201,0.403467
20490000,58,235.183,-21672.3,53.7448,0.391933
20505000,41,189.117,-21683.7,44.1469,0.401667
20520000,58,233.519,-21675.7,65.4685,0.397067
20535000,54,233.442,-21664.9,56.3048,0.386
20550000,73,329.287,-21653.7,83.3619,0.402483
20565000,55,240.951,-21670.9,63.5309,0.394333
20580000,54,234.228,-21682.3,52.3333,0.400167
20595000,58,257.49,-21661.5,45.0124,0.4033
20610000,50,219.352,-21665.9,57.2163,0.391
20625000,56,256.065,-21677.3,61.4408,0.387778
20640000,55,224.748,-21678.4,72.9132,0.4034
20655000,50,234.998,-21682.8,55.6074,0.395867
20670000,60,257.643,-21670.1,73.0167,0.394667
20685000,55,233.721,-21674.6,45.2242,0.39192
20700000,67,292.058,-21655,70.764,0.388
20715000,61,267.017,-21639.3,62.8765,0.384667
20730000,50,229.389,-21694,45.2074,0.392867
20745000,63,276.62,-21661.8,72.4285,0.39688
20760000,56,252.615,-21653.7,52.917,0.397333
20775000,61,277.809,-21652.7,65.516,0.400933
20790000,51,223.076,-21664.5,39.9732,0.403733
20805000,40,166.947,-21710.3,35.9337,0.385278
20820000,52,226.033,-21653.5,48.29,0.3838
20835000,60,251.126,-21655.8,70.4548,0.389933
20850000,60,258.547,-21653.7,59.8453,0.390867
20865000,55,233.175,-21673.7,52.1268,0.391
20880000,59,262.7,-21661.3,56.7915,0.403533
20895000,46,198.811,-21671.5,44.5068,0.401267
20910000,50,218.304,-21696.2,54.5203,0.376086
20925000,53,241.605,-21676.4,52.8255,0.385933
20940000,47,199.808,-21699.8,49.1642,0.3906
20955000,66,303,-21679.7,61.2316,0.402467
20970000,56,256.362,-21682.2,53.756,0.411533
20985000,41,169.651,-21708.2,39.9538,0.393156
21000000,47,196.913,-21696.1,61.7408,0.3942
21015000,50,215.769,-21684.5,53.6816,0.386839
21030000,63,292.325,-21669.4,63.2568,0.392183
21045000,68,294.411,-21668.5,61.1212,0.405533
21060000,61,282.77,-21654.7,67.2459,0.398933
21075000,60,265.43,-21651.6,65.7257,0.401
21090000,67,291.637,-21653.4,64.5557,0.3974
21105000,66,280.75,-21670.2,71.0759,0.410067
21120000,67,297.693,-21696.1,54.979,0.405267
21135000,49,213.889,-21704.6,56.1897,0.40045
21150000,51,217.052,-21672.1,47.4656,0.4093
21165000,36,155.852,-21699.3,34.3156,0.385036
21180000,43,189.623,-21708.3,40.3984,0.382778
21195000,59,253.039,-21687.1,51.8864,0.394467
21210000,40,170.882,-21693,39.0891,0.382767
21225000,73,326.845,-21649.2,66.7311,0.40108
21240000,88,416.315,-21657.3,101.198,0.413667
21255000,81,362.692,-21654.5,83.4095,0.423533
21270000,41,181.487,-21711.1,49.9101,0.3831
21285000,67,293.052,-21687.4,63.8843,0.415267
21300000,71,313.38,-21675.1,60.9298,0.419333
21315000,62,282.568,-21672.7,52.7489,0.405
21330000,63,285.354,-21670.7,55.501,0.419533
21345000,47,199.444,-21715,42.9655,0.39296
21360000,67,285.871,-21674.3,74.3856,0.413933
21375000,73,301.8,-21672.8,73.4323,0.411933
21390000,74,335.252,-21687.8,78.1207,0.420533
21405000,42,187.298,-21712.6,39.0994,0.392486
21420000,31,129.465,-21737.4,33.1261,0.376853
21435000,54,236.479,-21689.6,40.4123,0.409622
21450000,45,200.673,-21706.4,38.9918,0.382422
21465000,44,191.817,-21710,38.2773,0.384178
21480000,53,218.888,-21682.5,45.8421,0.398089
21495000,49,218.384,-21679.3,52.4511,0.403
21510000,45,204.666,-21700.8,51.3805,0.3944
21525000,53,219.676,-21685.4,48.9825,0.3944
21540000,62,248.415,-21671.9,73.1475,0.396
21555000,47,217.331,-21694.3,46.8307,0.4148
21570000,56,239.293,-21669.3,66.6407,0.4088
21585000,43,177.695,-21703,43.8041,0.380644
21600000,48,201.429,-21692.1,52.6102,0.39
21615000,39,173.918,-21718.8,27.5593,0.381067
21630000,45,191.141,-21724.5,45.3908,0.3946
21645000,48,215.423,-21690.7,53.114,0.397667
21660000,44,176.024,-21714.2,59.4192,0.380573
21675000,56,244.351,-21700.2,53.7541,0.400333
21690000,56,254.156,-21699.7,48.89,0.4048
21705000,50,223.576,-21696.1,59.4593,0.383517
21720000,54,247.215,-21695.4,53.9723,0.391533
21735000,69,304.732,-21692.6,69.2063,0.415733
21750000,53,225.466,-21721.7,51.3086,0.411333
21765000,41,176.42,-21717.1,49.3453,0.4
21780000,51,221.343,-21711.3,47.9481,0.395067
21795000,44,195.644,-21719.8,33.7169,0.397667
21810000,39,166.759,-21731.3,34.3755,0.392073
21825000,43,172.845,-21710.6,54.0768,0.386867
21840000,37,155.621,-21711.3,31.0443,0.393367
21855000,45,203.61,-21716.8,50.532,0.389933
21870000,45,198.048,-21725.6,49.5857,0.395333
21885000,51,219.62,-21709.4,62.1487,0.409467
21900000,45,192.148,-21702.2,41.6321,0.395362
21915000,51,213.696,-21695.9,62.0541,0.387356
21930000,61,268.494,-21696.2,62.4701,0.4068
21945000,56,230.278,-21669.3,53.567,0.394817
21960000,57,240.467,-21648.1,67.2981,0.392267
21975000,58,244.536,-21697.3,53.339,0.410889
21990000,55,241.646,-21662.4,57.6027,0.391433
22005000,47,207.172,-21648.7,52.7721,0.396533
22020000,60,254.877,-21661.6,65.0002,0.386667
22035000,41,187.332,-21712.7,38.3276,0.388015
22050000,65,291.213,-21656.6,74.31,0.404967
22065000,50,226.305,-21692.1,50.5218,0.395089
22080000,55,235.563,-21666,64.8017,0.393033
22095000,51,210.973,-21684.6,49.5926,0.3921
22110000,51,219.761,-21661.5,37.7511,0.3919
22125000,50,218.905,-21691.6,53.4153,0.389933
22140000,70,301.023,-21673.4,90.7439,0.395067
22155000,72,306.274,-21682.4,70.251,0.39815
22170000,75,330.9,-21678.7,65.6166,0.4238
22185000,66,284.949,-21687.3,66.9923,0.4088
22200000,59,257.228,-21677.3,59.3175,0.409933
22215000,55,236.875,-21679.1,46.5598,0.396733
22230000,52,230.279,-21688.1,52.4939,0.399267
22245000,49,225.822,-21676.7,49.6127,0.394147
22260000,61,271.769,-21676.6,60.3163,0.394267
22275000,49,211.049,-21659.3,50.8628,0.40044
22290000,58,240.998,-21683.5,58.6419,0.398933
22305000,42,191.703,-21684.2,58.0437,0.389587
22320000,65,289.547,-21691.5,52.1619,0.4029
22335000,47,212.955,-21704.5,50.7254,0.397
22350000,57,267.114,-21675,64.6266,0.410633
22365000,58,245.362,-21672.7,55.1513,0.407667
22380000,66,295.742,-21659.6,53.3706,0.402886
22395000,80,347.211,-21658.6,99.4142,0.4214
22410000,70,317.923,-21656,52.7879,0.401933
22425000,64,289.912,-21674.8,69.8146,0.400333
22440000,59,250.834,-21660,64.7607,0.391867
22455000,60,268.128,-21671.4,68.1963,0.411067
22470000,58,246.77,-21656.8,46.6087,0.40816
22485000,66,305.469,-21679.4,66.4195,0.3938
22500000,55,239.841,-21693.4,50.5694,0.394111
22515000,68,295.708,-21657.2,67.5474,0.409267
22530000,60,263.288,-21689.5,48.0362,0.397087
22545000,47,202.05,-21662.9,53.4676,0.3968
22560000,52,232.31,-21685,46.502,0.405433
22575000,49,222.818,-21683.3,40.596,0.403
22590000,49,214.775,-21686.9,35.1914,0.386956
22605000,54,228.113,-21666.4,64.9737,0.403433
22620000,54,227.914,-21671,63.7941,0.384067
22635000,52,240.026,-21698.5,66.0316,0.402933
22650000,54,248.442,-21687.4,53.7075,0.383867
22665000,59,256.193,-21692,49.0721,0.389511
22680000,45,198.448,-21694.7,42.4966,0.388533
22695000,61,275.166,-21691.1,52.0951,0.394533
22710000,74,326.814,-21690.7,77.6112,0.399325
22725000,56,245.092,-21686.5,50.7903,0.397983
22740000,52,225.033,-21702.5,72.016,0.399967
22755000,54,248.666,-21725.5,51.6609,0.401767
22770000,65,286.205,-21680.3,59.8278,0.3961
22785000,52,222.448,-21665.2,53.4457,0.391333
22800000,48,211.397,-21696.6,43.2746,0.386222
22815000,60,253.835,-21688.4,57.8207,0.390533
22830000,42,180.092,-21701.6,39.0837,0.387367
22845000,60,264.201,-21680,59.8309,0.393467
22860000,72,306.939,-21675.5,60.3298,0.3966
22875000,68,308.945,-21671.9,70.4502,0.398067
22890000,51,213.701,-21701,51.3172,0.390273
22905000,53,211.909,-21684,52.2728,0.397067
22920000,58,256.719,-21675.2,50.4242,0.383933
22935000,43,193.791,-21690.8,37.781,0.390819
22950000,50,228.267,-21708.3,57.8067,0.381733
22965000,40,170.37,-21691,31.1509,0.387453
22980000,47,210.066,-21688.5,48.1545,0.373733
22995000,51,215.174,-21691.1,45.6782,0.408467
23010000,48,217.376,-21703.2,44.7868,0.3806
23025000,52,225.652,-21747.7,52.4633,0.38208
23040000,62,277.89,-21695.1,68.4312,0.39036
23055000,55,257.514,-21681.3,55.2022,0.412933
23070000,34,148.459,-21710.6,30.5456,0.390444
23085000,56,240.884,-21676.7,43.929,0.399733
23100000,58,249.545,-21685.6,50.5387,0.397844
23115000,53,231.8,-21697.9,61.6408,0.390967
23130000,38,157.231,-21691.6,41.8255,0.388333
23145000,48,203.804,-21693.4,54.0005,0.3865
23160000,46,199.43,-21725.3,50.9677,0.388744
23175000,52,233.823,-21713.6,45.8602,0.403733
23190000,52,237.924,-21693.9,48.0465,0.384567
23205000,40,174.81,-21716.9,47.2758,0.386133
23220000,48,212.924,-21704.5,41.5867,0.390167
23235000,47,204.236,-21689.3,45.1548,0.384533
23250000,35,147.488,-21702,38.4287,0.374867
23265000,39,168.53,-21700.1,44.9314,0.361333
23280000,36,159.678,-21719.5,30.7246,0.381383
23295000,71,294.904,-21666.4,78.0839,0.39144
23310000,54,252.335,-21680.2,58.1979,0.396033
23325000,54,223.419,-21653.5,46.9465,0.4031
23340000,53,213.813,-21675.4,54.6783,0.395133
23355000,51,220.957,-21669.7,47.3393,0.392133
23370000,55,240.229,-21670.8,49.1041,0.389067
23385000,55,245.392,-21664.3,59.922,0.400133
23400000,52,240.045,-21658.9,53.7597,0.390533
23415000,48,213.31,-21658.9,36.511,0.372
23430000,60,261.609,-21671.5,57.7666,0.388
23445000,74,317.019,-21654.3,75.0231,0.4112
23460000,64,288.524,-21646.9,72.689,0.415733
23475000,63,283.059,-21656.1,70.1638,0.4106
23490000,58,267.396,-21679.7,58.4084,0.402333
23505000,47,202.395,-21724.9,48.7807,0.385338
23520000,51,230.721,-21709.4,57.6835,0.409467
23535000,41,179.203,-21698.9,36.1108,0.385211
23550000,49,213.877,-21683.8,53.0739,0.391367
23565000,54,231.751,-21687.9,70.4506,0.382467
23580000,62,282.565,-21690.6,59.4951,0.4128
23595000,57,232.882,-21686.6,49.8254,0.407133
23610000,55,252.149,-21686.2,57.3219,0.405833
23625000,44,186.153,-21723,50.1367,0.400867
23640000,51,220.466,-21680.7,44.2467,0.3825
23655000,52,234.216,-21686.5,55.9816,0.383267
23670000,53,237.079,-21682.6,51.4876,0.396267
23685000,33,144.299,-21731.4,31.5277,0.390473
23700000,51,218.654,-21699.3,56.9864,0.3858
23715000,39,174.946,-21723.3,45.4512,0.388867
23730000,53,235.335,-21689,52.9568,0.391248
23745000,49,189.629,-21678.6,44.4844,0.393067
23760000,40,173.945,-21706.6,45.6934,0.39865
23775000,40,187.995,-21714.1,35.0774,0.386467
23790000,41,182.371,-21705,36.3847,0.394133
23805000,52,236.288,-21694.1,56.2556,0.388017
23820000,47,214.629,-21713.6,38.0125,0.3855
23835000,50,209.485,-21682.9,39.3107,0.3834
23850000,43,187.845,-21681.3,63.8651,0.373733
23865000,59,253.087,-21715.8,55.1876,0.37766
23880000,63,280.201,-21687.9,58.4203,0.3976
23895000,47,196.38,-21668.8,40.3801,0.3878
23910000,52,226.838,-21697.5,44.3302,0.376867
23925000,57,270.877,-21669.6,63.2659,0.387667
23940000,51,211.098,-21674,37.7039,0.3936
23955000,51,194.228,-21677.1,61.4413,0.3994
23970000,61,263.475,-21692.5,54.4858,0.407133
23985000,54,236.017,-21681.9,48.4894,0.400133
24000000,56,259.025,-21681.6,59.1158,0.3928
24015000,43,188.879,-21705.4,44.849,0.39765
24030000,43,169.954,-21711.3,55.5326,0.3744
24045000,62,262.107,-21668.2,58.1012,0.382911
24060000,59,263.837,-21685.2,50.9236,0.389519
24075000,44,187.664,-21713.6,43.9158,0.394644
24090000,47,224.365,-21707.3,40.6814,0.3998
24105000,47,209.288,-21709.2,37.2911,0.390044
24120000,65,290.949,-21649.6,54.8641,0.3998
24135000,61,275.231,-21635.1,76.5971,0.4064
24150000,66,298.223,-21655,73.2377,0.398667
24165000,56,247.671,-21685.6,53.5159,0.4016
24180000,34,142.506,-21688.7,39.8647,0.382507
24195000,42,183.61,-21710.1,45.0912,0.388095
24210000,63,278.93,-21675.6,52.7705,0.391333
24225000,45,198.566,-21671.6,52.7674,0.387067
24240000,52,231.394,-21677.9,52.853,0.385733
24255000,49,217.311,-21700.4,45.5396,0.382833
24270000,48,216.559,-21671,42.6164,0.399467
24285000,45,182.518,-21670.3,40.571,0.384133
24300000,47,205.349,-21683.5,43.3491,0.3902
24315000,43,174.287,-21690.2,39.9176,0.379081
24330000,55,246.443,-21700.9,56.5587,0.399067
24345000,56,232.121,-21702.5,48.2062,0.396244
24360000,63,270.911,-21671.6,72.7812,0.394867
24375000,45,192.04,-21681.6,53.2639,0.4038
24390000,64,279.046,-21708,65.5281,0.390793
24405000,54,230.807,-21686,50.076,0.396967
24420000,43,187.995,-21682.5,43.6739,0.397267
24435000,42,182.017,-21705.2,43.6695,0.387567
24450000,58,248.751,-21684.8,63.8775,0.3889
24465000,57,246.414,-21678.8,42.997,0.403933
24480000,58,259.441,-21677.4,52.4348,0.397467
24495000,47,207.782,-21700.3,38.5855,0.390367
24510000,45,197.062,-21726.4,46.2333,0.3851
24525000,37,168.89,-21714.5,31.6498,0.382311
24540000,48,211.982,-21685.5,51.1043,0.377467
24555000,47,198.977,-21673.8,42.0322,0.388467
24570000,48,216.582,-21710,56.5355,0.381533
24585000,48,226.044,-21694.4,44.3062,0.3836
24600000,46,186.029,-21674.9,53.9022,0.379222
24615000,49,217.32,-21700.8,53.5387,0.403367
24630000,52,214.453,-21679.1,64.6593,0.381008
24645000,44,206.574,-21687.1,45.2622,0.401767
24660000,39,171.979,-21673.9,40.6495,0.389467
24675000,54,239.043,-21697.2,49.7874,0.391867
24690000,51,227.579,-21677.1,48.8562,0.403067
24705000,53,235.553,-21693.2,58.982,0.411067
24720000,45,188.533,-21700,46.6421,0.383533
24735000,62,284.873,-21705.1,65.1708,0.400467
24750000,47,213.382,-21704.3,47.7308,0.389667
24765000,44,193.603,-21698.5,42.8023,0.3748
24780000,58,260.616,-21689.7,62.2947,0.385867
24795000,47,203.024,-21692.7,50.3457,0.39092
24810000,48,202.693,-21708.3,49.5193,0.392329
24825000,47,194.948,-21711.2,52.5113,0.3933
24840000,41,199.182,-21726.5,36.4878,0.395183
24855000,51,212.48,-21702.8,53.8453,0.375767
24870000,40,169.938,-21697.8,40.5902,0.3789
24885000,52,233.044,-21707.8,55.1992,0.386156
24900000,42,178.141,-21699.4,43.2398,0.382633
24915000,50,223.311,-21697.4,60.3853,0.390467
24930000,64,265.368,-21652.4,62.6692,0.3952
24945000,48,206.864,-21688.8,46.9822,0.390767
24960000,56,245.038,-21655.6,61.4184,0.401167
24975000,53,221.098,-21661.8,59.8148,0.384067
24990000,52,235.855,-21653.6,51.56,0.380111
25005000,50,220.069,-21660.1,68.7859,0.379467
25020000,56,236.768,-21689.1,61.7687,0.3764
25035000,42,185.359,-21699.5,46.1846,0.39423
25050000,59,265.589,-21683,46.851,0.399067
25065000,57,263.51,-21655.8,53.5883,0.388333
25080000,62,275.58,-21654,62.9152,0.394733
25095000,64,267.254,-21690.6,77.7115,0.404756
25110000,57,251.89,-21674.2,50.1552,0.3911
25125000,51,223.969,-21664.9,42.8562,0.3978
25140000,63,295.39,-21687.2,61.9437,0.395105
25155000,62,274.806,-21691.5,59.3685,0.413867
25170000,62,278.564,-21679.2,55.6592,0.410133
25185000,67,292.046,-21691,67.8954,0.413267
25200000,60,272.945,-21686.3,43.7567,0.408733
25215000,52,217.101,-21643.7,64.1577,0.3911
25230000,44,191.49,-21661,52.8565,0.375133
25245000,51,215.22,-21663.8,47.8376,0.3822
25260000,56,232.932,-21703.3,41.8726,0.392036
25275000,48,207.846,-21679.3,48.7275,0.389947
25290000,40,181.043,-21675.7,36.5817,0.3874
25305000,50,226.744,-21684.1,49.0536,0.370533
25320000,51,212.735,-21680.8,52.5842,0.37752
25335000,56,248.974,-21668.8,64.2253,0.384533
25350000,44,191.756,-21683.2,32.397,0.3914
25365000,38,172.685,-21692.4,44.184,0.376467
25380000,52,224.994,-21693.2,53.5311,0.385633
25395000,59,257.992,-21686.9,70.8611,0.3964
25410000,49,221.439,-21697.9,38.349,0.385107
25425000,64,293.991,-21714.1,62.971,0.4145
25440000,56,233.444,-21691.7,53.7704,0.407133
25455000,61,249.441,-21667.8,57.2002,0.393378
25470000,66,282.446,-21662.8,61.499,0.401067
25485000,61,270.005,-21658.7,65.2498,0.383067
25500000,55,242.113,-21643.2,46.3119,0.388867
25515000,42,176.925,-21707,50.5228,0.395767
25530000,48,224.679,-21639.5,57.8229,0.3838
25545000,60,244.016,-21636.2,58.9431,0.379067
25560000,66,291.885,-21623.4,76.8734,0.389267
25575000,69,290.301,-21634.2,73.7744,0.4062
25590000,67,286.515,-21635.7,62.1359,0.398067
25605000,68,298.215,-21626.4,77.8986,0.3872
25620000,57,235.015,-21635.9,63.0416,0.368933
25635000,57,249.421,-21641.2,54.5675,0.386533
25650000,62,259.454,-21657.1,44.9593,0.392738
25665000,53,225.24,-21660.4,46.0166,0.377333
25680000,64,271.349,-21676.9,69.5491,0.400267
25695000,63,275.268,-21658.1,67.7753,0.391533
25710000,62,274.801,-21649.9,70.4739,0.379511
25725000,70,315.989,-21685.6,65.1109,0.3956
25740000,51,204.963,-21653.6,53.0061,0.394033
25755000,57,250.401,-21651.4,66.1314,0.3882
25770000,55,236.787,-21649,48.689,0.383733
25785000,51,216.601,-21671.9,55.9412,0.389983
25800000,52,217.453,-21678.9,54.2874,0.378719
25815000,47,201.978,-21667.1,50.1845,0.378289
25830000,51,219.724,-21684.6,47.6479,0.393222
25845000,57,235.514,-21706.1,58.2621,0.387689
25860000,52,227.181,-21691.5,49.8956,0.401267
25875000,57,261.406,-21676.4,57.6358,0.3958
25890000,55,226.989,-21660.7,49.0056,0.375093
25905000,49,214.021,-21703.8,36.5317,0.398567
25920000,60,264.006,-21713.8,37.5625,0.395883
25935000,56,224.623,-21669.9,53.7785,0.388156
25950000,53,242.629,-21663.7,56.5392,0.387133
25965000,46,189.456,-21664.6,41.6557,0.369133
25980000,50,219.409,-21696.5,38.284,0.39308
25995000,54,234.385,-21691.5,50.1135,0.397973
26010000,46,188.99,-21684.4,46.0141,0.3754
26025000,64,273.624,-21666.8,49.5643,0.399578
26040000,52,223.089,-21680.2,44.2966,0.371767
26055000,58,252.432,-21700.9,66.7816,0.402867
26070000,45,211.476,-21677.5,44.9118,0.3892
26085000,50,224.343,-21663.1,59.9396,0.3862
26100000,51,236.53,-21677.2,53.5069,0.372833
26115000,38,174.96,-21689.3,42.9315,0.383667
26130000,54,251.11,-21677.1,56.1401,0.373933
26145000,47,195.936,-21655.2,44.982,0.3716
26160000,56,255.95,-21668.9,52.4069,0.375467
26175000,54,231.989,-21672.8,53.6945,0.39
26190000,61,251.022,-21674.9,62.1585,0.400317
26205000,38,170.684,-21705,34.8497,0.379581
26220000,55,240.318,-21689.8,56.8091,0.385022
26235000,57,249.269,-21659.7,60.5382,0.393533
26250000,46,202.929,-21693.6,39.6168,0.402117
26265000,44,188.523,-21667.2,54.5115,0.373167
26280000,54,232.296,-21655.8,56.6152,0.381467
26295000,55,240.137,-21682.3,74.1802,0.385533
26310000,53,230.288,-21664.6,48.7984,0.374133
26325000,46,197.468,-21686.7,45.2441,0.38632
26340000,50,225.681,-21677.8,50.963,0.375133
26355000,46,207.207,-21673.1,41.4759,0.3846
26370000,65,279.521,-21678.5,91.8245,0.393
26385000,62,282.398,-21669.1,82.3196,0.4024
26400000,56,243.204,-21659,51.6134,0.404533
26415000,58,249.191,-21666.4,59.8989,0.394
26430000,37,157.328,-21681.2,40.6634,0.379933
26445000,48,212.634,-21683.8,40.275,0.398067
26460000,53,232.683,-21689.2,48.2747,0.3822
26475000,54,238.062,-21708.4,48.1565,0.390693
26490000,50,210.713,-21673.5,53.9091,0.378467
26505000,60,269.617,-21691.5,67.1999,0.407267
26520000,51,224.671,-21701.2,58.0595,0.39025
26535000,61,265.682,-21686.4,51.8059,0.409533
26550000,59,264.309,-21708.1,54.8995,0.407733
26565000,48,200.964,-21699.4,42.3592,0.408133
26580000,64,268.814,-21688.2,62.6144,0.413733
26595000,51,233.416,-21711.9,40.1869,0.395238
26610000,60,284.06,-21680.2,69.8779,0.394022
26625000,49,205.609,-21693.5,48.9778,0.396111
26640000,53,237.312,-21689.5,48.0247,0.387289
26655000,54,236.286,-21676.3,48.4585,0.404889
26670000,70,318.103,-21680,73.9181,0.394567
26685000,83,371.788,-21655.1,77.9514,0.4138
26700000,77,341.073,-21658.8,77.3964,0.418133
26715000,61,247.536,-21674.7,59.6427,0.410267
26730000,67,300.048,-21675.3,70.034,0.3978
26745000,61,268.905,-21671.1,59.4632,0.4052
26760000,67,288.923,-21670.8,66.645,0.401267
26775000,47,203.088,-21713.1,37.8065,0.39054
26790000,49,206.776,-21716,51.1158,0.392444
26805000,47,207.465,-21691.2,45.4037,0.4063
26820000,48,213.77,-21703.7,44.4577,0.393033
26835000,67,280.599,-21676.8,64.004,0.388956
26850000,46,186.198,-21696.3,47.4797,0.398178
26865000,57,267.219,-21685.8,60.7207,0.389133
26880000,57,262.383,-21672.3,54.3386,0.4052
26895000,54,242.291,-21689.6,59.3488,0.385933
26910000,57,257.486,-21678,62.1535,0.399307
26925000,54,236.781,-21683.6,55.4586,0.401933
26940000,53,242.126,-21696.4,59.8689,0.387533
26955000,66,295.501,-21655.4,59.458,0.3966
26970000,64,284.141,-21653.8,77.6872,0.404867
26985000,62,270.906,-21684.8,56.4592,0.4092
27000000,44,186.397,-21681.1,43.3828,0.406911
27015000,59,269.651,-21675.5,51.1615,0.404033
27030000,72,313.583,-21679.2,93.2524,0.424667
27045000,58,242.187,-21656.2,59.092,0.406067
27060000,48,206.88,-21664.9,58.3651,0.386417
27075000,58,264.459,-21705.9,53.3071,0.415578
27090000,51,231.215,-21689.6,60.4489,0.398489
27105000,48,204.165,-21701.4,38.273,0.406967
27120000,50,205.266,-21675.5,63.653,0.38975
27135000,51,213.821,-21689.6,49.5494,0.382467
27150000,52,228.554,-21680.9,56.4657,0.3928
27165000,61,262.526,-21682.4,68.3014,0.400778
27180000,48,207.035,-21691.1,51.3505,0.4029
27195000,51,216.689,-21681.4,56.697,0.3962
27210000,63,269.78,-21680.5,63.2226,0.40519
27225000,53,224.605,-21674.5,50.7236,0.412467
27240000,51,207.996,-21672,55.667,0.377933
27255000,62,266.432,-21676,66.2468,0.392883
27270000,68,297.893,-21638.5,72.4926,0.397667
27285000,71,305.739,-21665.4,57.9673,0.398133
27300000,76,322.671,-21677.3,65.1072,0.407167
27315000,77,339.955,-21677.9,85.2797,0.423867
27330000,58,260.408,-21683.5,55.8388,0.408673
27345000,60,261.125,-21692.5,55.4036,0.406067
27360000,62,274.985,-21663.8,61.9878,0.410867
27375000,67,291.811,-21664.3,66.7321,0.4074
27390000,51,224.44,-21692,60.2336,0.414667
27405000,65,298.852,-21700.2,58.4049,0.415333
27420000,43,194.102,-21719.2,58.3336,0.396363
27435000,54,210.173,-21695,50.5924,0.399433
27450000,67,307.518,-21672.3,65.0461,0.402
27465000,60,273.06,-21659.4,56.8992,0.405067
27480000,60,269.83,-21674.9,57.4974,0.3968
27495000,66,283.569,-21661.5,80.719,0.403467
27510000,50,223.347,-21703.7,47.0951,0.383067
27525000,58,247.726,-21698.8,64.3889,0.402415
27540000,61,274.418,-21661.7,70.3596,0.403156
27555000,70,323.128,-21650,64.7775,0.4086
27570000,59,266.057,-21662.1,59.8171,0.395
27585000,45,194.433,-21686.7,44.3957,0.402133
27600000,50,223.951,-21693.2,46.1916,0.3908
27615000,70,304.888,-21661.2,69.6365,0.397511
27630000,51,223.775,-21711.6,60.9308,0.390117
27645000,50,206.696,-21694.2,72.8732,0.4003
27660000,61,250.303,-21689.3,63.6445,0.400283
27675000,57,260.542,-21702.1,61.5995,0.388511
27690000,62,278.407,-21695.3,68.307,0.416767
27705000,60,244.437,-21670.5,67.9159,0.402033
27720000,62,275.248,-21662.9,38.6975,0.398533
27735000,56,235.42,-21688.1,58.6715,0.406467
27750000,70,296.382,-21678.7,77.0186,0.393952
27765000,89,394.312,-21663.9,82.5294,0.416711
27780000,46,199.587,-21690.5,41.6479,0.401967
27795000,51,219.346,-21706.9,47.4833,0.3794
27810000,79,345.417,-21656.2,74.4787,0.417511
27825000,72,304.583,-21656,79.3859,0.4234
27840000,56,243.55,-21686.1,50.662,0.401733
27855000,68,285.587,-21662.2,65.6843,0.402367
27870000,76,336.485,-21653.5,63.2503,0.405267
27885000,75,351.374,-21645.9,67.726,0.420067
27900000,66,285.335,-21647,63.3971,0.4132
27915000,70,304.544,-21672.4,62.936,0.402333
27930000,66,274.88,-21672,64.0584,0.400267
27945000,68,311.647,-21682.3,72.3302,0.393533
27960000,73,316.906,-21675.4,80.1711,0.4076
27975000,63,261.228,-21663.2,69.3012,0.407289
27990000,66,303.379,-21638.3,58.3425,0.404667
28005000,58,253.804,-21694.5,62.368,0.3941
28020000,65,281.005,-21685.4,80.1505,0.418167
28035000,55,252.623,-21699.3,56.3199,0.390764
28050000,51,216.192,-21671.9,56.9018,0.397733
28065000,58,256.233,-21685.4,58.7146,0.395333
28080000,51,215.104,-21683.2,59.9581,0.387933
28095000,65,272.1,-21660.7,78.0998,0.389467
28110000,55,230.753,-21659.1,57.3561,0.393733
28125000,52,215.168,-21660.1,60.9415,0.380733
28140000,54,239.629,-21693.4,57.7082,0.391
28155000,62,279.548,-21680.9,75.3967,0.395947
28170000,55,215.309,-21679.9,50.5621,0.393767
28185000,67,293.121,-21656.6,63.6809,0.413733
28200000,59,262.864,-21663.9,59.1384,0.411667
28215000,56,214.998,-21671.5,45.5469,0.396867
28230000,52,229.094,-21680.6,50.7719,0.389173
28245000,57,250.3,-21676.1,53.7306,0.395267
28260000,77,329.635,-21651.7,77.9462,0.403867
28275000,58,248.667,-21658.2,64.2244,0.410867
28290000,59,240.322,-21683.8,57.9159,0.397917
28305000,54,220.32,-21658.1,54.0625,0.409933
28320000,65,288.38,-21679.3,66.1799,0.403373
28335000,78,337.383,-21659.4,73.8372,0.411133
28350000,54,232.812,-21686.6,46.7059,0.403483
28365000,60,259.028,-21665.2,65.8367,0.400633
28380000,70,323.777,-21679.7,60.5049,0.3986
28395000,65,289.894,-21669.2,64.8603,0.406983
28410000,71,305.738,-21664.2,66.6355,0.413156
28425000,68,287.707,-21661.1,61.0547,0.406333
28440000,75,319.656,-21647.6,81.034,0.409067
28455000,68,283.543,-21669.1,76.3355,0.404667
28470000,67,277.825,-21659.3,76.5679,0.401387
28485000,63,286.016,-21682.1,60.274,0.407581
28500000,64,268.432,-21678.4,63.1583,0.412933
28515000,51,216.834,-21687.8,59.8729,0.399367
28530000,58,266.702,-21683.3,75.7352,0.3953
28545000,69,299.91,-21675.2,78.2896,0.394867
28560000,63,284.655,-21657.4,53.071,0.398867
28575000,68,287.101,-21649.9,72.9122,0.395333
28590000,53,220.467,-21691.3,53.2924,0.383613
28605000,46,209.666,-21680.7,35.6726,0.386193
28620000,61,262.108,-21680.4,52.0234,0.385867
28635000,54,229.136,-21687.4,69.0106,0.394978
28650000,53,237.258,-21685.2,50.7248,0.377222
28665000,43,199.999,-21693.9,38.7747,0.397533
28680000,60,274.275,-21676.5,67.9345,0.403778
28695000,55,241.686,-21659,46.7968,0.3984
28710000,56,244.952,-21671.6,51.8201,0.391467
28725000,64,275.433,-21693.6,63.3473,0.399267
28740000,45,185.97,-21684.7,38.6398,0.393658
28755000,49,206.924,-21699.4,44.4571,0.384933
28770000,46,203.528,-21707.6,39.7179,0.396619
28785000,50,219.816,-21690.5,47.5937,0.388367
28800000,60,260.271,-21709.6,46.7023,0.404467
28815000,49,202.127,-21716,54.5604,0.406356
28830000,52,235.254,-21703.1,54.3931,0.414267
28845000,48,216.572,-21712.8,49.3971,0.402711
28860000,46,207.885,-21688.8,50.4255,0.388867
28875000,40,172.372,-21703.4,40.0614,0.3882
28890000,47,212.565,-21699,38.2202,0.387295
28905000,44,191.021,-21713.7,39.8431,0.3917
28920000,43,177.248,-21689.2,37.2943,0.389
28935000,43,189.975,-21726,43.8434,0.390433
28950000,62,272.277,-21689.5,52.9767,0.392167
28965000,45,202.471,-21702.5,42.2387,0.389371
28980000,45,193.266,-21723.6,41.9092,0.406444
28995000,40,181.35,-21700.1,39.51,0.386333
29010000,48,190.522,-21712.5,50.0457,0.399044
29025000,37,159.968,-21714.2,35.0908,0.3966
29040000,38,171.085,-21709.2,45.0931,0.403533
29055000,45,189.484,-21703.6,50.3781,0.383
29070000,49,221.753,-21710.2,41.2132,0.394027
29085000,50,216.544,-21705.9,50.7077,0.387633
29100000,55,244.4,-21686.1,55.7464,0.389007
29115000,39,178.865,-21740.7,44.2347,0.401667
29130000,46,211.218,-21708,42.1981,0.3922
29145000,58,253.887,-21706.4,54.5578,0.377578
29160000,53,240.738,-21732.5,47.9404,0.3897
29175000,54,248.909,-21715.4,41.9746,0.4036
29190000,38,163.618,-21739.4,41.9508,0.394947
29205000,41,176.462,-21716.5,49.6901,0.3874
29220000,66,294.636,-21673,70.4905,0.392613
29235000,72,301.01,-21680.9,59.0774,0.420967
29250000,66,271.52,-21681.3,63.583,0.419467
29265000,68,292.539,-21673.4,57.5029,0.412711
29280000,63,257.136,-21676.7,61.0319,0.3858
29295000,69,293.272,-21669.3,64.8408,0.413178
29310000,67,276.543,-21677.6,72.2223,0.388933
29325000,75,320.674,-21678.7,78.4316,0.4166
29340000,68,297.756,-21663.9,67.3151,0.403267
29355000,60,253.436,-21686.2,60.5473,0.393953
29370000,57,242.888,-21678.1,75.3559,0.396783
29385000,53,229.508,-21671.8,55.4785,0.379867
29400000,64,291.791,-21679.7,52.2676,0.412933
29415000,53,233.58,-21698,68.3953,0.397067
29430000,60,245.417,-21679.1,65.1501,0.408222
29445000,51,213.981,-21668,52.684,0.394533
29460000,46,206.856,-21695.5,37.3633,0.399933
29475000,64,275.882,-21668.1,73.7882,0.403858
29490000,59,243.041,-21675.2,56.8708,0.389156
29505000,58,244.265,-21679.5,71.3676,0.403633
29520000,57,261.607,-21679.6,72.1171,0.393267
29535000,52,236.933,-21686.7,62.2235,0.408467
29550000,64,286.443,-21650.6,53.6127,0.396067
29565000,72,337.268,-21678.8,69.9731,0.414067
29580000,64,289.759,-21664.7,62.2583,0.409467
29595000,57,264.656,-21674.4,54.8424,0.401524
29610000,57,262.891,-21691.2,46.4206,0.405427
29625000,70,297.387,-21656.3,72.7371,0.4173
29640000,62,254.95,-21657.2,54.0415,0.410967
29655000,64,279.165,-21671.2,56.4174,0.393267
29670000,61,255.691,-21678.6,57.9227,0.4104
29685000,46,207.555,-21696.2,46.1125,0.401117
29700000,54,233.33,-21671.8,49.4506,0.388467
29715000,43,182.057,-21691.7,51.2182,0.386524
29730000,47,208.038,-21709.2,49.5312,0.39735
29745000,51,225.544,-21715.2,47.7389,0.396933
29760000,51,225.57,-21701.2,49.9013,0.397367
29775000,52,225.176,-21707.6,51.3145,0.399067
29790000,49,206.097,-21701.3,56.94,0.388733
29805000,51,232.87,-21729.8,51.8103,0.408178
29820000,58,256.024,-21716.6,64.2831,0.398267
29835000,48,219.09,-21694.3,55.8347,0.397867
29850000,54,239.118,-21700.3,59.6246,0.394613
29865000,51,223.909,-21700,61.8771,0.379767
29880000,56,254.606,-21689.4,56.1629,0.3882
29895000,67,293.061,-21675.2,74.5982,0.403533
29910000,60,269.696,-21660.4,59.1664,0.386711
29925000,72,307.559,-21656.1,72.9168,0.4097
29940000,49,216.522,-21679.4,66.1171,0.400267
29955000,52,213.517,-21660.8,53.8262,0.3964
29970000,53,230.901,-21673.6,52.9391,0.40185
29985000,56,239.853,-21667.6,47.6276,0.397267
