generation,N_shifts,logPrior,logLik,eventRate,acceptRate
0,0,-198.566,-22319.8,100,1
15000,0,-0.0480439,-22075.4,0.464418,0.161723
30000,1,5.07244,-22054.9,2.27398,0.201267
45000,3,14.0096,-22052.9,2.79494,0.237684
60000,4,14.8425,-21992.3,3.32543,0.283778
75000,5,17.3075,-21980.9,5.93375,0.285
90000,6,28.1368,-21968.4,4.57718,0.316467
105000,9,39.14,-21940.8,12.4592,0.317707
120000,9,36.9299,-21900.6,9.78291,0.3229
135000,13,46.3316,-21897.1,12.8019,0.3472
150000,13,46.7048,-21874.7,9.26074,0.336933
165000,14,61.8062,-21870.3,9.88957,0.331867
180000,21,83.6791,-21834.1,21.7725,0.344963
195000,21,96.4286,-21827.4,15.5681,0.366833
210000,22,90.5708,-21812.3,30.2595,0.380333
225000,12,47.6967,-21857.5,12.3216,0.318517
240000,22,92.6991,-21758.1,25.3291,0.38045
255000,31,132.156,-21786.6,34.5889,0.382756
270000,38,153.351,-21750.4,26.2171,0.369667
285000,31,126.684,-21731.2,30.1961,0.376
300000,52,209.619,-21721.1,48.5055,0.385889
315000,47,195.84,-21714.7,51.5153,0.376867
330000,49,212.604,-21715.9,47.8294,0.392467
345000,40,170.419,-21704.5,46.7898,0.386
360000,52,221.901,-21711.8,73.8172,0.394983
375000,59,251.904,-21690.9,63.1997,0.398367
390000,44,186.564,-21709.7,49.7219,0.387867
405000,49,202.08,-21702.2,62.7532,0.380733
420000,42,177.625,-21685.2,43.6249,0.393178
435000,37,155.303,-21678.7,36.1778,0.364533
450000,43,190.774,-21696.4,53.2941,0.392956
465000,50,223.36,-21692.2,46.9741,0.381233
480000,48,211.717,-21673.3,43.1598,0.390733
495000,55,226.803,-21677.5,44.9419,0.392067
510000,47,213.716,-21695.9,40.6906,0.3848
525000,38,168.849,-21708,29.0083,0.37956
540000,47,206.616,-21672.6,39.3228,0.381
555000,38,160.01,-21737,42.2405,0.351433
570000,50,211.943,-21693.7,50.023,0.379133
585000,39,174.452,-21713.3,30.3767,0.371167
600000,50,214.965,-21679.8,56.4862,0.379
615000,71,298.952,-21658.8,73.1564,0.388267
630000,66,291.443,-21646.6,65.7333,0.405267
645000,71,304.226,-21635.8,70.8836,0.3876
660000,57,258.756,-21670.7,61.268,0.391333
675000,58,264.611,-21684.8,55.6012,0.395162
690000,61,276.353,-21631,61.1058,0.399833
705000,66,273.835,-21627.6,73.7093,0.397567
720000,74,339.896,-21671.7,66.1773,0.405267
735000,79,339.012,-21645,87.9043,0.394867
750000,78,339.619,-21618,78.014,0.4028
765000,84,369.048,-21621.3,86.3901,0.393867
780000,80,340.766,-21615.6,85.0007,0.3998
795000,49,206.286,-21670.4,45.993,0.390508
810000,84,370.628,-21633.9,105.351,0.401267
825000,56,254.428,-21663,69.5972,0.392981
840000,79,332.59,-21626.6,83.2719,0.414
855000,53,240.103,-21682.8,42.4867,0.3848
870000,81,350.541,-21637.2,77.7048,0.411
885000,66,274.776,-21609.6,61.1478,0.3868
900000,47,197.3,-21668,42.6731,0.383622
915000,58,244.274,-21672.2,57.3236,0.383733
930000,54,229.825,-21626.5,53.0422,0.377333
945000,66,298.007,-21682.7,78.0976,0.386333
960000,62,266.679,-21627.8,65.2858,0.387133
975000,63,275.965,-21628.5,73.1422,0.391
990000,61,255.084,-21662.7,58.8538,0.3806
1005000,64,278.122,-21653,58.2363,0.4014
1020000,66,282.612,-21654.8,64.9185,0.389933
1035000,63,261.924,-21637.9,68.6987,0.393267
1050000,66,283.973,-21632.9,73.5229,0.389244
1065000,70,299.498,-21638.1,84.3444,0.399067
1080000,78,330.454,-21655.3,85.393,0.4038
1095000,83,368.651,-21647.5,80.9668,0.407467
1110000,67,306.83,-21659.1,68.2988,0.402067
1125000,62,267.776,-21655.5,52.4727,0.390822
1140000,70,306.615,-21648.6,59.2558,0.401333
1155000,65,295.859,-21653.4,63.3001,0.390133
1170000,59,262.951,-21655.9,48.0453,0.405489
1185000,70,307.828,-21634.2,71.6728,0.393767
1200000,72,306.255,-21645.1,60.553,0.396867
1215000,56,235.078,-21677.3,50.4007,0.402904
1230000,78,338.285,-21618.4,92.7055,0.384967
1245000,60,256.68,-21677.7,56.9958,0.395933
1260000,66,293.857,-21679,73.5997,0.407667
1275000,91,383.367,-21635.5,93.7905,0.407378
1290000,95,414.632,-21619.5,92.5605,0.419267
1305000,83,365.709,-21630.1,86.8847,0.418333
1320000,86,359.392,-21646.1,83.6582,0.414933
1335000,80,352.821,-21630.4,74.5993,0.401533
1350000,96,422.399,-21619.3,103.682,0.408
1365000,92,393.568,-21628.9,89.9202,0.4188
1380000,76,313.013,-21603.5,79.1202,0.403333
1395000,82,381.555,-21610.5,69.2557,0.405267
1410000,60,254.909,-21670.2,60.6035,0.39425
1425000,86,376.845,-21643.4,83.5783,0.406133
1440000,49,210.881,-21668.9,51.1712,0.397833
1455000,60,264.184,-21673.5,54.7866,0.3978
1470000,79,356.174,-21622.6,70.1062,0.4074
1485000,66,285.37,-21636,68.6541,0.401533
1500000,77,350.901,-21641.1,71.0522,0.386667
1515000,83,372.428,-21635.1,84.182,0.419267
1530000,89,387.622,-21654.2,92.3303,0.417267
1545000,101,458.327,-21624.9,91.7248,0.410133
1560000,72,315.858,-21684.2,83.8528,0.404173
1575000,74,306.287,-21628.8,84.7729,0.410033
1590000,66,293.547,-21644.8,72.1478,0.395163
1605000,64,267.929,-21648.3,51.8236,0.394467
1620000,56,244.486,-21674.2,52.6406,0.404133
1635000,65,273.541,-21635,70.7425,0.393111
1650000,62,270.997,-21683.2,54.3122,0.413733
1665000,72,284.92,-21646.4,72.3577,0.398833
1680000,72,322.226,-21627.5,69.0016,0.4024
1695000,56,243.425,-21678.9,56.0344,0.405178
1710000,57,249.934,-21620.8,66.5838,0.3987
1725000,63,251.426,-21655.3,64.6533,0.394008
1740000,59,267.629,-21647.2,51.7373,0.388667
1755000,55,244.722,-21650.7,54.7746,0.398733
1770000,70,309.106,-21651.8,65.3844,0.3895
1785000,51,215.856,-21652.8,50.794,0.400833
1800000,52,221.058,-21682.6,67.3569,0.398067
1815000,42,188.743,-21695.5,39.0834,0.390458
1830000,43,191.958,-21691.1,44.1111,0.3842
1845000,45,195.96,-21665.2,43.2633,0.37685
1860000,63,285.567,-21664.6,60.471,0.392933
1875000,52,218.284,-21679.8,58.4212,0.3992
1890000,54,215.559,-21659.5,46.9811,0.387067
1905000,56,254.312,-21659.2,47.5193,0.389767
1920000,48,204.113,-21646.9,46.7219,0.388133
1935000,62,278.936,-21679.1,66.5119,0.391724
1950000,67,302.391,-21690.4,76.5139,0.406783
1965000,63,281.795,-21678.4,78.7385,0.398178
1980000,55,231.866,-21665.1,75.015,0.403267
1995000,62,263.524,-21651.1,62.072,0.392867
2010000,66,287.795,-21624.3,66.2179,0.3944
2025000,70,295.879,-21633.8,71.0163,0.408467
2040000,58,263.818,-21667.5,59.8151,0.39779
2055000,71,323.67,-21656.3,65.6036,0.398467
2070000,78,335.872,-21616,74.4624,0.407889
2085000,72,322.859,-21648.8,67.5545,0.402167
2100000,67,301.675,-21652.5,77.8874,0.407267
2115000,66,283.685,-21639.1,80.0305,0.397333
2130000,58,251.702,-21642.7,50.1879,0.380867
2145000,65,282.188,-21651.2,60.5678,0.3878
2160000,58,237.541,-21656.3,65.3427,0.39641
2175000,55,221.243,-21659.5,46.6765,0.378733
2190000,70,293.522,-21636.4,78.2781,0.377
2205000,74,314.185,-21659.1,72.7376,0.409237
2220000,58,256.491,-21647.9,59.5794,0.384378
2235000,73,329.636,-21640.4,68.6427,0.396067
2250000,70,307.895,-21637.5,63.8089,0.410778
2265000,92,403.824,-21641.2,99.1076,0.419833
2280000,69,300.3,-21647.7,69.0522,0.4204
2295000,71,321.911,-21642.9,65.0811,0.411267
2310000,51,223.025,-21670.1,55.8837,0.399722
2325000,57,231.492,-21655,51.5816,0.405347
2340000,60,268.406,-21639.8,73.138,0.394778
2355000,65,289.749,-21643.6,62.5484,0.3846
2370000,61,279.112,-21648.9,84.2518,0.3928
2385000,42,179.036,-21675,48.5692,0.3912
2400000,65,291.526,-21693.2,65.4645,0.3988
2415000,53,224.518,-21669.4,64.5734,0.395333
2430000,61,271.644,-21646.9,60.0533,0.396167
2445000,39,166.771,-21694.6,35.4696,0.389578
2460000,77,327.363,-21661,63.8934,0.393933
2475000,58,255.97,-21661.9,50.1515,0.4114
2490000,54,229.654,-21683.8,57.5319,0.394978
2505000,59,258.171,-21648,67.8928,0.4023
2520000,67,290.478,-21658.8,57.1269,0.401419
2535000,68,292.515,-21669.9,71.8459,0.3978
2550000,64,291.88,-21668,67.4456,0.407333
2565000,61,267.443,-21681,48.2852,0.403267
2580000,53,242.098,-21659,61.8475,0.406467
2595000,61,266.288,-21664.6,52.1161,0.40041
2610000,54,232.304,-21661.8,52.1101,0.396533
2625000,70,299.998,-21648.1,64.1314,0.404567
2640000,53,220.14,-21649.5,47.9627,0.40815
2655000,56,230.046,-21678.2,47.4817,0.385067
2670000,69,286.434,-21659,77.496,0.402756
2685000,61,263.605,-21683.8,63.0313,0.389167
2700000,58,253.862,-21678.6,62.1593,0.3874
2715000,53,230.082,-21622.7,51.7816,0.395311
2730000,62,269.134,-21645.5,51.4427,0.390333
2745000,54,213.123,-21645.2,48.0633,0.395333
2760000,69,299.048,-21638.3,65.5668,0.390933
2775000,76,354.157,-21619.3,71.7603,0.3896
2790000,59,253.396,-21639.8,60.5746,0.397289
2805000,60,263.85,-21630.8,72.5686,0.392233
2820000,72,310.806,-21636.7,78.5633,0.4023
2835000,62,265.317,-21635.7,56.855,0.3843
2850000,68,301.643,-21646.6,58.7295,0.402267
2865000,66,289.987,-21642.1,53.8571,0.407644
2880000,62,255.332,-21659.3,71.8764,0.4134
2895000,71,307.528,-21631.3,70.9085,0.4044
2910000,61,267.287,-21663.4,64.1227,0.403567
2925000,68,301.751,-21677.4,57.991,0.4079
2940000,63,261.646,-21630,73.9663,0.408067
2955000,57,249.204,-21663.2,56.0928,0.396514
2970000,65,271.623,-21625.3,62.9695,0.388767
2985000,61,275.243,-21625.7,56.179,0.401133
3000000,76,336.573,-21628.6,77.8044,0.399933
3015000,82,373.627,-21625.7,70.7968,0.4196
3030000,76,326.065,-21633.8,78.2766,0.4092
3045000,51,228.558,-21653.5,49.6994,0.389544
3060000,56,237.437,-21655.8,52.467,0.387933
3075000,62,269.458,-21611.8,49.3615,0.401133
3090000,75,326.521,-21612.2,66.9291,0.4112
3105000,47,198.897,-21651.6,50.6639,0.391133
3120000,73,314.436,-21623.3,67.6391,0.3929
3135000,66,271.971,-21611.2,68.5596,0.4078
3150000,54,229.924,-21673.1,47.7624,0.388
3165000,42,185.815,-21676.8,41.9196,0.388157
3180000,69,302.305,-21641,84.7131,0.400311
3195000,46,192.053,-21689.6,46.6475,0.399822
3210000,69,298.904,-21643.7,82.5037,0.401467
3225000,65,277.039,-21649.3,67.0753,0.412733
3240000,59,260.706,-21664.1,49.0293,0.3844
3255000,73,308.986,-21625.6,60.6718,0.4067
3270000,68,288.624,-21642.1,64.0769,0.4098
3285000,60,256.375,-21641,63.7335,0.407333
3300000,59,258.039,-21647,64.5006,0.398533
3315000,69,307.794,-21651.1,72.3342,0.403133
3330000,64,291.712,-21671.3,67.0702,0.411533
3345000,60,260.589,-21664.6,70.3977,0.3912
3360000,73,301.854,-21665.7,64.0676,0.415733
3375000,46,207.462,-21660.1,45.9305,0.387252
3390000,55,228.595,-21683,50.355,0.401667
3405000,47,196.96,-21652.9,54.6341,0.381067
3420000,54,224.818,-21684.6,58.9361,0.391817
3435000,55,236.929,-21655.1,60.3785,0.3855
3450000,42,168.592,-21661.5,37.5974,0.381067
3465000,51,209.025,-21670.2,49.2373,0.378267
3480000,49,227.546,-21683.9,46.8944,0.391267
3495000,47,213.881,-21703.1,38.7488,0.413267
3510000,51,217.481,-21666.8,41.3689,0.393467
3525000,60,253.75,-21661.5,65.4804,0.3856
3540000,64,291.909,-21672,77.9339,0.384533
3555000,68,260.116,-21652.7,82.3654,0.402667
3570000,48,196.674,-21691.1,54.1695,0.395667
3585000,50,213.877,-21692.4,51.6393,0.393533
3600000,53,235.773,-21677.8,63.8506,0.391933
3615000,52,222.284,-21673.8,59.8029,0.386533
3630000,46,193.92,-21679,38.4502,0.380733
3645000,61,270.321,-21652.1,73.2004,0.39576
3660000,50,209.9,-21685.3,59.7515,0.383956
3675000,50,216.849,-21668.5,50.7379,0.389167
3690000,50,223.964,-21664,54.5514,0.392867
3705000,50,229.739,-21667.6,42.8213,0.3836
3720000,43,194.55,-21665.7,53.6734,0.382267
3735000,44,199.483,-21677.2,46.8241,0.369571
3750000,46,200.436,-21670.4,45.4152,0.3791
3765000,48,219.931,-21663.2,59.3636,0.3882
3780000,53,220.275,-21678.4,51.311,0.384689
3795000,51,212.678,-21641.7,52.1105,0.389633
3810000,54,213.833,-21659.7,52.7667,0.380833
3825000,71,298.819,-21639.5,88.5708,0.384467
3840000,66,288.357,-21631.4,55.8612,0.386733
3855000,41,178.648,-21646.9,41.2994,0.389379
3870000,69,297.146,-21635.8,64.8261,0.402133
3885000,37,141.893,-21675.1,36.2988,0.38824
3900000,66,291.362,-21644,78.1797,0.399833
3915000,50,232.627,-21687.5,50.7095,0.3922
3930000,48,193.897,-21650.7,38.5181,0.376
3945000,69,310.094,-21631.8,69.7256,0.4004
3960000,63,270.937,-21659,72.7157,0.411822
3975000,57,244.089,-21661.8,60.4457,0.396956
3990000,66,268.672,-21627.5,66.9603,0.408489
4005000,72,326.432,-21619.6,66.8398,0.410933
4020000,77,328.068,-21635.2,64.0367,0.406467
4035000,70,295.779,-21642.6,66.7797,0.409533
4050000,56,246.496,-21651.2,48.9616,0.404633
4065000,62,270.161,-21659.8,59.0729,0.391933
4080000,76,321.33,-21635.4,77.4178,0.392578
4095000,83,338.374,-21618.5,80.9318,0.407267
4110000,85,374.239,-21613,87.9658,0.4148
4125000,77,347.181,-21643,77.8825,0.405267
4140000,83,372.589,-21623.6,90.7656,0.4116
4155000,73,316.45,-21607.4,71.3165,0.4088
4170000,69,296.432,-21601.8,56.5593,0.395067
4185000,59,235.494,-21644.2,64.4947,0.3912
4200000,76,313.393,-21603.1,104.668,0.4094
4215000,74,328.288,-21624.6,56.3188,0.4174
4230000,83,350.077,-21625.3,77.4831,0.4136
4245000,71,282.342,-21628,70.1685,0.408067
4260000,78,326.044,-21621.8,80.3175,0.406467
4275000,78,337.716,-21632,85.9805,0.413067
4290000,74,303.531,-21633.3,70.0152,0.403
4305000,71,285.088,-21618.2,81.6106,0.401067
4320000,66,279.594,-21632.7,60.4435,0.3916
4335000,79,361.556,-21641.4,94.5113,0.400333
4350000,79,352.024,-21634.3,91.255,0.411467
4365000,66,289.781,-21634.5,70.8405,0.4114
4380000,71,333.652,-21637.7,69.3512,0.397533
4395000,75,327.011,-21638.5,77.1439,0.414467
4410000,68,276.08,-21632.9,67.9243,0.401933
4425000,55,247.168,-21677.9,43.0519,0.387233
4440000,53,228.338,-21648.5,48.7245,0.387216
4455000,53,225.005,-21652.5,55.8008,0.399889
4470000,64,271.226,-21646.2,70.9233,0.408867
4485000,58,242.376,-21652.3,52.3893,0.402378
4500000,52,215.562,-21677.5,51.5566,0.3874
4515000,65,271.552,-21657.1,62.9816,0.399667
4530000,58,259.787,-21647.6,51.8382,0.39835
4545000,66,294.719,-21641.9,58.9554,0.398933
4560000,65,283.247,-21650.4,60.1082,0.404933
4575000,57,235.409,-21654.2,60.6596,0.391327
4590000,54,229.348,-21649.6,59.8992,0.399733
4605000,57,227.86,-21660.8,59.4649,0.4043
4620000,61,267.397,-21646.7,63.2999,0.387533
4635000,58,245.538,-21651.3,63.4714,0.397711
4650000,61,270.566,-21654.8,70.1475,0.392347
4665000,53,238.245,-21659.2,61.2757,0.3898
4680000,64,276.955,-21675.8,73.0427,0.398933
4695000,51,218.297,-21672.6,45.7133,0.409133
4710000,45,194.27,-21668.1,41.5711,0.391578
4725000,71,300.758,-21648.9,68.9266,0.393057
4740000,64,279.553,-21651.9,74.1715,0.401133
4755000,60,263.687,-21649.8,61.671,0.411333
4770000,94,405.759,-21642.2,95.3215,0.419778
4785000,87,352.226,-21653.7,94.0293,0.417733
4800000,73,308.819,-21630.3,71.5023,0.4122
4815000,74,315.694,-21614.3,74.74,0.4036
4830000,64,276.692,-21618.9,63.0213,0.393467
4845000,64,287.891,-21642.1,69.1685,0.397104
4860000,56,246.75,-21628.1,54.9112,0.390733
4875000,59,262.265,-21663.5,55.9884,0.39224
4890000,53,230.605,-21674.7,54.1304,0.382044
4905000,60,257.311,-21640.6,65.5174,0.389467
4920000,59,275.946,-21652.5,48.6772,0.395167
4935000,64,262.705,-21645.4,65.9934,0.399033
4950000,58,259.412,-21644,57.4414,0.398533
4965000,53,216.37,-21649.9,45.4594,0.3976
4980000,51,236.148,-21675.6,56.1479,0.3976
4995000,57,265.014,-21683.9,53.9544,0.4016
5010000,69,273.136,-21672.8,64.6526,0.392733
5025000,67,287.291,-21671.7,63.4176,0.408667
5040000,61,259.277,-21651.9,60.71,0.393213
5055000,53,245.367,-21686.4,63.6455,0.391883
5070000,52,228.615,-21662.6,48.9256,0.397556
5085000,55,218.674,-21636.1,49.8261,0.402689
5100000,58,256.902,-21665.6,37.3973,0.396167
5115000,61,263.85,-21675.1,52.2664,0.4007
5130000,57,242.535,-21678.2,52.905,0.401067
5145000,46,184.852,-21682.3,46.7399,0.3982
5160000,54,240.378,-21692.2,47.1075,0.404833
5175000,44,185.852,-21689.2,42.8289,0.392867
5190000,53,223.334,-21686,55.9717,0.391111
5205000,56,244.34,-21666.9,60.192,0.392733
5220000,59,256.856,-21674.8,57.2034,0.403467
5235000,62,263.818,-21649,61.502,0.398667
5250000,67,272.897,-21655.3,58.4277,0.408933
5265000,64,283.607,-21672,66.3842,0.395067
5280000,69,300.606,-21665.2,73.6833,0.411133
5295000,55,212.211,-21659,63.8773,0.395
5310000,54,232.256,-21659.9,55.0846,0.395267
5325000,64,277.078,-21648.3,66.9277,0.397333
5340000,55,234.981,-21665.8,50.251,0.385282
5355000,63,257.439,-21670.5,66.4215,0.390333
5370000,58,233.18,-21679.7,75.6377,0.394072
5385000,58,234.038,-21648,63.5122,0.399333
5400000,62,273.897,-21657,55.5125,0.396667
5415000,44,177.254,-21663.2,57.0198,0.389133
5430000,46,195.006,-21672,49.3228,0.386429
5445000,50,200.999,-21671.2,38.3751,0.388867
5460000,50,212.487,-21690.9,56.746,0.387067
5475000,59,256.284,-21669.8,65.2931,0.401167
5490000,46,199.927,-21660.4,39.6613,0.384867
5505000,58,241.27,-21672.4,72.7429,0.388867
5520000,53,229.209,-21657,48.1789,0.396467
5535000,47,205.378,-21673.9,47.7092,0.386733
5550000,54,213.39,-21667.4,51.7731,0.391511
5565000,66,284.184,-21669,54.8535,0.390833
5580000,58,230.675,-21669.6,61.5923,0.404467
5595000,59,265.651,-21646.6,65.1889,0.395667
5610000,49,210.764,-21686.3,38.2,0.39342
5625000,87,371.749,-21668.9,87.835,0.4188
5640000,68,293.061,-21654,81.3509,0.416933
5655000,69,287.568,-21621.7,60.5098,0.404667
5670000,74,322.587,-21656.2,71.663,0.409333
5685000,70,278.654,-21632.4,84.0974,0.402
5700000,75,327.631,-21644.2,78.4514,0.406333
5715000,69,280.01,-21642.3,47.5343,0.393667
5730000,60,268.408,-21662.4,59.6388,0.402667
5745000,50,224.462,-21679.6,57.1558,0.394733
5760000,45,190.511,-21695.1,62.4739,0.389013
5775000,54,248.624,-21668.3,43.5801,0.393033
5790000,69,313.621,-21661.4,66.6021,0.405133
5805000,42,181.247,-21691.1,61.0481,0.379533
5820000,48,205.694,-21689.5,43.4153,0.390667
5835000,53,234.723,-21651.7,72.1337,0.3948
5850000,49,205.296,-21672.1,52.3907,0.386133
5865000,53,231.467,-21668.3,66.7408,0.369867
5880000,78,337.842,-21651.3,76.3835,0.401267
5895000,69,294.279,-21629.9,61.3615,0.411733
5910000,73,300.059,-21639.6,71.3395,0.398731
5925000,43,191.454,-21675.5,39.5274,0.392567
5940000,49,216.175,-21653,41.3482,0.3886
5955000,48,210.61,-21665.8,51.7482,0.4052
5970000,60,270.634,-21614.1,50.6587,0.382633
5985000,68,301.367,-21625.7,60.9554,0.397467
6000000,60,251.27,-21655.7,51.3737,0.400556
6015000,61,266.019,-21646.3,65.3741,0.4028
6030000,58,240.833,-21662.9,70.437,0.399267
6045000,52,216.327,-21668.2,35.9308,0.399417
6060000,55,244.354,-21666.7,65.5662,0.3817
6075000,49,206.616,-21659.8,35.0016,0.397239
6090000,61,261.932,-21644.4,69.0652,0.3929
6105000,66,289.56,-21667.9,61.472,0.385433
6120000,47,200.704,-21664.6,51.8443,0.393444
6135000,65,286.262,-21630.8,81.0736,0.402822
6150000,72,315.29,-21648.7,75.0792,0.399467
6165000,48,207.675,-21673.4,52.9765,0.4026
6180000,50,204.168,-21689.6,56.2152,0.403267
6195000,63,281.36,-21655,49.6397,0.405978
6210000,75,326.823,-21625.7,77.7127,0.414333
6225000,74,301.168,-21639.7,73.2863,0.4066
6240000,64,283.729,-21637,55.6667,0.413533
6255000,49,200.597,-21661.7,45.6763,0.396233
6270000,60,252.266,-21675.8,59.2299,0.392467
6285000,60,256.034,-21663.8,47.5031,0.394362
6300000,62,259.297,-21634.2,62.7501,0.403933
6315000,70,293.877,-21646.9,74.3168,0.389067
6330000,66,285.972,-21642.5,70.9282,0.40025
6345000,74,320.815,-21622.9,77.5981,0.409633
6360000,64,265.543,-21610.4,61.6783,0.4086
6375000,73,321.215,-21617.3,77.7538,0.406733
6390000,56,243.932,-21651.8,53.8423,0.397917
6405000,49,212.092,-21679,54.1573,0.382933
6420000,50,205.089,-21669.3,60.3117,0.403733
6435000,53,227.777,-21674.9,59.4914,0.3976
6450000,51,220.427,-21662,48.6963,0.395533
6465000,50,217.389,-21661.7,42.6457,0.384267
6480000,61,253.164,-21677.2,73.3915,0.3948
6495000,66,287.336,-21659.1,58.4068,0.399642
6510000,74,323.149,-21672.8,75.9069,0.406367
6525000,61,261.715,-21654.8,55.5296,0.406067
6540000,57,250.372,-21655.4,54.5998,0.393451
6555000,83,353.693,-21628.6,72.8325,0.3921
6570000,67,280.747,-21651.6,68.1956,0.391983
6585000,75,337.695,-21630.9,63.8916,0.4088
6600000,68,287.233,-21632.3,74.8182,0.4006
6615000,51,226.679,-21664.6,52.1051,0.385356
6630000,71,307.982,-21648.4,70.0933,0.395067
6645000,91,398.309,-21611.8,91.9285,0.389876
6660000,74,323.544,-21624.8,68.8801,0.411767
6675000,76,329.67,-21611.5,82.0669,0.4129
6690000,64,281.79,-21623.9,74.4142,0.396967
6705000,72,322.953,-21640.9,71.357,0.397133
6720000,64,283.886,-21647.4,62.1906,0.392867
6735000,60,244.365,-21664.8,69.5441,0.399617
6750000,56,221.917,-21663.2,48.271,0.391637
6765000,48,192.36,-21660.9,53.6808,0.379333
6780000,68,304.345,-21651.8,73.5077,0.401511
6795000,66,273.002,-21644.6,59.3474,0.3969
6810000,61,243.896,-21669.1,57.6816,0.386678
6825000,69,300.959,-21639.1,72.2499,0.3972
6840000,76,321.209,-21628,82.7921,0.407267
6855000,72,309.504,-21657.3,65.7993,0.413133
6870000,66,287.706,-21639.1,75.7106,0.411733
6885000,73,312.987,-21632.2,71.1483,0.402533
6900000,64,273.676,-21657.6,60.9498,0.397278
6915000,67,283.498,-21665.6,79.4264,0.412367
6930000,62,261.213,-21657.5,58.3236,0.419
6945000,63,291.809,-21642.1,58.179,0.4062
6960000,79,352.287,-21619.7,80.9441,0.4094
6975000,73,314.706,-21612.8,74.5141,0.4072
6990000,62,251.904,-21659.6,60.5603,0.397644
7005000,59,254.9,-21683.1,77.5322,0.404996
7020000,60,259.349,-21653.4,61.8662,0.392956
7035000,72,328.665,-21652.3,70.9411,0.409333
7050000,64,284.539,-21679.1,45.9166,0.39875
7065000,59,247.766,-21657.5,61.0571,0.405633
7080000,73,304.716,-21649.9,71.6615,0.394667
7095000,61,263.175,-21637.2,56.1444,0.402533
7110000,62,268.178,-21654.7,61.0094,0.388783
7125000,67,288.463,-21623.8,84.5719,0.399533
7140000,73,309.65,-21627.1,76.983,0.401667
7155000,62,261.928,-21640.6,61.316,0.3946
7170000,57,244.664,-21652.1,61.4319,0.397067
7185000,60,252.1,-21633.4,74.382,0.395456
7200000,73,310.402,-21652.8,89.0083,0.394
7215000,61,266.789,-21644.4,68.2975,0.399333
7230000,64,275.979,-21633,51.9939,0.382933
7245000,71,313.03,-21654.2,69.7216,0.390504
7260000,59,258.408,-21643.9,63.1507,0.398133
7275000,55,231.583,-21661.9,50.5616,0.401133
7290000,65,292.156,-21648.8,68.9579,0.403217
7305000,56,238.247,-21662.8,58.5341,0.397496
7320000,53,242.163,-21664.2,49.2079,0.408044
7335000,66,284.744,-21645.1,73.6094,0.394511
7350000,83,377.386,-21646.4,100.364,0.409333
7365000,53,233.715,-21653.6,57.9871,0.390289
7380000,64,281.237,-21673.1,49.9504,0.4141
7395000,74,293.305,-21631,68.9752,0.406067
7410000,73,334.849,-21647.3,84.2306,0.408029
7425000,62,264.717,-21660.2,76.4021,0.386383
7440000,57,245.14,-21659.5,55.6746,0.405867
7455000,69,287.154,-21638.8,65.7864,0.404883
7470000,74,320.667,-21635.9,79.7543,0.403067
7485000,81,335.559,-21641.3,74.4743,0.406533
7500000,55,250.674,-21634,49.106,0.404667
7515000,73,320.004,-21650.9,79.4004,0.4024
7530000,63,268.821,-21620.1,64.9231,0.410067
7545000,61,251.69,-21612.8,68.5494,0.399133
7560000,70,306.003,-21655.8,63.9668,0.40464
7575000,71,319.373,-21638.2,72.5048,0.395933
7590000,57,240.583,-21664.9,66.3254,0.405333
7605000,68,299.636,-21615.6,60.8023,0.3916
7620000,56,241.978,-21640.3,71.2845,0.405233
7635000,57,245.33,-21641.2,43.3466,0.406467
7650000,66,288.993,-21634.5,65.3321,0.388267
7665000,62,259.863,-21630.3,59.9173,0.39585
7680000,58,256.082,-21643.1,51.5795,0.4034
7695000,69,306.433,-21640.2,63.1027,0.405333
7710000,67,306.057,-21643.5,65.2691,0.408244
7725000,63,275.977,-21659.6,56.0838,0.394267
7740000,61,269.611,-21657,58.1644,0.3972
7755000,59,264.824,-21654.3,59.0387,0.397467
7770000,61,272.433,-21628.6,60.1519,0.392867
7785000,48,213.661,-21644.7,39.6042,0.399633
7800000,64,284.195,-21631.9,50.4971,0.394333
7815000,62,260.422,-21655.6,59.8764,0.397111
7830000,66,290.166,-21644.3,59.916,0.402333
7845000,59,252.279,-21670,57.363,0.408433
7860000,79,346.326,-21641.3,81.4049,0.407067
7875000,62,252.893,-21634.2,56.0298,0.412733
7890000,51,204.008,-21665.6,66.7176,0.401911
7905000,44,189.24,-21652.6,53.1351,0.387437
7920000,55,223.978,-21661.4,46.4865,0.393667
7935000,58,241.565,-21678.2,55.909,0.383867
7950000,60,259.188,-21643.9,54.5777,0.390867
7965000,63,260.539,-21644.6,71.9437,0.382433
7980000,68,293.921,-21648.9,59.8103,0.395867
7995000,69,289.489,-21642.1,64.5536,0.409867
8010000,68,288.6,-21651.5,69.8215,0.415133
8025000,66,293.37,-21646,74.2984,0.411933
8040000,46,206.242,-21654.1,41.4071,0.404567
8055000,61,268.776,-21639.7,62.3417,0.397067
8070000,66,280.684,-21635.1,81.4444,0.394533
8085000,61,278.983,-21683,58.1397,0.3894
8100000,69,289.634,-21610.5,74.4561,0.389733
8115000,81,349.202,-21627.3,78.4946,0.3942
8130000,79,346.163,-21610.3,82.4328,0.402
8145000,77,339.566,-21629.3,79.2811,0.405467
8160000,77,330.299,-21640.3,71.4954,0.411533
8175000,68,294.837,-21630.6,67.6427,0.402067
8190000,54,244.841,-21653.7,47.8682,0.391977
8205000,67,285.285,-21650.8,64.731,0.403
8220000,79,348.125,-21689,61.2992,0.404911
8235000,69,286.226,-21624.7,64.3304,0.3961
8250000,63,268.38,-21622.8,80.8265,0.4034
8265000,71,302.219,-21628.1,74.7431,0.397178
8280000,60,255.843,-21663,53.8092,0.390467
8295000,59,255.908,-21653.6,68.4009,0.391089
8310000,56,236.494,-21662.5,55.5654,0.401067
8325000,52,225.914,-21665.8,69.3199,0.398933
8340000,49,211.233,-21660.4,47.3583,0.402742
8355000,50,220.826,-21665.6,45.162,0.384467
8370000,63,273.288,-21630.8,74.398,0.390578
8385000,63,264.447,-21665.5,66.5209,0.406667
8400000,52,219.726,-21682.2,55.2349,0.384133
8415000,73,327.059,-21664.5,55.2946,0.39676
8430000,80,332.727,-21651.6,72.4416,0.417267
8445000,59,246.103,-21637.2,53.4133,0.39475
8460000,68,306.939,-21666.5,70.4068,0.4167
8475000,78,345.104,-21625.5,84.043,0.402467
8490000,64,277.807,-21653.6,68.3409,0.418
8505000,56,242.23,-21674.7,60.7232,0.395667
8520000,70,312.837,-21630,65.2386,0.395756
8535000,67,301.805,-21638.3,75.5752,0.3992
8550000,54,232.551,-21647.7,60.5979,0.39412
8565000,67,289.806,-21656.7,50.5789,0.3905
8580000,65,268.926,-21622.9,46.4647,0.386367
8595000,65,269.745,-21650,63.197,0.394533
8610000,64,265.222,-21645.8,57.8073,0.3984
8625000,66,275.849,-21668.5,63.8038,0.397
8640000,67,301.071,-21650.7,62.4749,0.401
8655000,64,280.38,-21634.5,56.9844,0.398267
8670000,52,234.521,-21658,44.315,0.404352
8685000,77,340.838,-21643.8,67.7516,0.40624
8700000,65,277.754,-21650.3,65.7747,0.392433
8715000,67,273.376,-21645.5,70.0908,0.416233
8730000,65,275.143,-21650,84.7905,0.401933
8745000,64,265.723,-21622,70.4497,0.4054
8760000,53,239.309,-21636.9,56.2871,0.387914
8775000,56,241.211,-21632.8,42.2004,0.3802
8790000,74,324.826,-21617.8,82.1603,0.384733
8805000,73,315.096,-21602.3,65.3406,0.388933
8820000,55,235.623,-21651.8,43.0939,0.396217
8835000,63,246.113,-21639.8,60.5705,0.398033
8850000,81,360.043,-21635.2,67.8889,0.398767
8865000,63,265.905,-21645.3,73.2833,0.394167
8880000,62,257.472,-21635.5,61.4947,0.400233
8895000,58,252.432,-21637.6,45.7917,0.400533
8910000,64,268.231,-21644.3,58.5992,0.382733
8925000,70,301.685,-21629.9,63.2942,0.39375
8940000,80,358.701,-21628.4,71.2728,0.411867
8955000,66,293.304,-21663.4,66.6428,0.379556
8970000,72,307.106,-21627.9,71.2098,0.402767
8985000,66,277.976,-21645,68.7292,0.389067
9000000,65,295.533,-21631,63.7064,0.405278
9015000,63,264.324,-21641.2,46.7573,0.392667
9030000,59,249.618,-21645.7,55.5001,0.3898
9045000,57,237.901,-21620,74.4455,0.379867
9060000,59,254.212,-21645.1,56.6782,0.379267
9075000,76,331.439,-21637.6,82.5772,0.4002
9090000,56,244.258,-21636.9,62.1625,0.391533
9105000,63,274.418,-21606.9,63.7673,0.381333
9120000,79,342.297,-21578.9,91.1565,0.3978
9135000,75,330.872,-21592.8,75.5931,0.400867
9150000,78,339.517,-21592.2,70.7628,0.404733
9165000,69,305.512,-21635.2,69.4504,0.403667
9180000,67,300.896,-21646.7,76.3793,0.402067
9195000,63,268.26,-21659.8,50.5644,0.395733
9210000,57,249.956,-21645.5,57.8004,0.388667
9225000,78,346.427,-21593.9,67.5551,0.392653
9240000,76,335.923,-21621,56.7584,0.400533
9255000,76,335.528,-21616.8,90.2706,0.395933
9270000,87,380.113,-21625.3,79.4171,0.409467
9285000,84,363.576,-21636.9,64.9435,0.413467
9300000,79,318.97,-21635,81.1276,0.4098
9315000,52,229.858,-21669,46.9255,0.393362
9330000,64,261.03,-21644,74.2031,0.391033
9345000,64,282.987,-21652.6,60.8198,0.39351
9360000,59,267.883,-21669.2,60.9401,0.400333
9375000,69,297.946,-21657.1,82.353,0.409333
9390000,63,258.922,-21630.7,72.586,0.391667
9405000,68,298.847,-21669,62.4134,0.405533
9420000,66,297.672,-21645.8,65.4537,0.3998
9435000,73,304.529,-21660.1,63.7809,0.409233
9450000,66,288.528,-21681.9,74.6003,0.413
9465000,51,220.441,-21680.6,53.6196,0.400933
9480000,56,237.964,-21643.8,71.0072,0.3912
9495000,56,241.138,-21681.8,57.6044,0.380733
9510000,53,235.274,-21673,53.1568,0.381644
9525000,55,239.701,-21666.1,67.3907,0.402033
9540000,57,249.065,-21679.6,61.5543,0.406733
9555000,48,211.864,-21680.3,62.7452,0.407067
9570000,60,268.414,-21641.7,70.5291,0.396867
9585000,60,259.766,-21675,68.3831,0.391259
9600000,48,212.893,-21676.8,37.5922,0.395056
9615000,67,282.42,-21674.8,78.0749,0.392622
9630000,70,307.952,-21666.8,51.5465,0.4098
9645000,66,286.74,-21668.1,65.2696,0.407433
9660000,58,251.16,-21679.8,61.5427,0.407267
9675000,67,284.925,-21647.7,72.1234,0.406133
9690000,60,263.608,-21646.2,54.1657,0.3944
9705000,52,233.766,-21652,53.405,0.396543
9720000,66,288.469,-21663.3,67.8007,0.4034
9735000,65,294.377,-21661.6,60.0435,0.399933
9750000,57,243.46,-21674.5,58.5235,0.398433
9765000,62,269.799,-21679.7,69.1517,0.396213
9780000,66,263.653,-21659.7,65.0048,0.410867
9795000,67,284.004,-21668.8,73.1334,0.403578
9810000,70,320.671,-21665.6,79.9755,0.409767
9825000,62,264.437,-21657.5,64.5014,0.399844
9840000,53,237.919,-21672.5,63.1683,0.396667
9855000,58,254.751,-21653,52.4719,0.404033
9870000,65,274.071,-21633.4,67.0785,0.398933
9885000,50,231.409,-21659.4,63.2814,0.393267
9900000,66,279.933,-21660.1,57.4266,0.400989
9915000,73,313.854,-21635.6,72.1072,0.421133
9930000,82,369.331,-21661.5,85.6677,0.4224
9945000,56,250.767,-21642.1,48.5382,0.391867
9960000,51,217.704,-21658.5,52.027,0.393244
9975000,54,230.863,-21668,71.0129,0.398
9990000,56,239.5,-21665.2,63.6642,0.3926
10005000,61,270.818,-21634.8,53.2818,0.40332
10020000,55,236.356,-21669.2,44.964,0.4076
10035000,66,293.564,-21655.7,65.8221,0.402733
10050000,55,250.743,-21677.7,56.464,0.4084
10065000,61,257.81,-21670.2,54.8902,0.404467
10080000,50,217.66,-21658.6,55.2394,0.382578
10095000,68,296.37,-21665,62.4715,0.390741
10110000,79,334.498,-21655.6,75.539,0.4098
10125000,86,373.664,-21636.4,80.6199,0.418067
10140000,65,295.33,-21634.5,58.5855,0.40884
10155000,85,375.4,-21628,75.7342,0.412733
10170000,101,454.625,-21634.3,110.224,0.425933
10185000,87,404.692,-21631.4,85.0729,0.4234
10200000,89,390.891,-21634.8,81.1694,0.412867
10215000,72,311.489,-21655.3,65.5427,0.408683
10230000,58,252.253,-21658.2,71.0711,0.3957
10245000,52,230.958,-21655.5,42.6114,0.399467
10260000,54,231.479,-21669.2,50.9936,0.382467
10275000,59,249.958,-21641.9,47.919,0.396067
10290000,47,206.262,-21677,45.3614,0.392817
10305000,56,248.042,-21670.3,64.5072,0.3933
10320000,59,258.749,-21649.4,67.7977,0.403733
10335000,71,294.098,-21651.4,69.8374,0.394107
10350000,65,279.305,-21644.5,67.38,0.398167
10365000,57,257.891,-21649.8,51.0346,0.402
10380000,68,274.307,-21670.5,65.3293,0.406489
10395000,59,237.017,-21640.4,53.7004,0.409467
10410000,58,237.337,-21659.5,58.2225,0.392533
10425000,77,316.524,-21659,83.7775,0.4002
10440000,68,296.372,-21656.5,72.1608,0.412467
10455000,66,296.661,-21688.1,68.4559,0.409933
10470000,67,299.74,-21652,73.937,0.386344
10485000,70,314.105,-21626.7,71.5695,0.4004
10500000,78,338.688,-21645.5,72.156,0.404267
10515000,61,271.228,-21667.7,58.5317,0.393993
10530000,64,281.93,-21648,69.682,0.398367
10545000,65,287.848,-21661.6,58.1257,0.407767
10560000,75,343.946,-21649.1,70.7584,0.420467
10575000,74,322.93,-21654.8,65.1005,0.4188
10590000,68,311.531,-21640.5,55.7799,0.417333
10605000,50,218.305,-21667.2,39.3568,0.393478
10620000,66,315.292,-21661.6,56.5377,0.393467
10635000,77,340.069,-21628,66.2156,0.407756
10650000,84,360.267,-21616.2,88.3294,0.421867
10665000,89,384.362,-21613.8,86.9496,0.4284
10680000,73,329.446,-21616.6,78.6329,0.425933
10695000,74,314.684,-21628.5,78.5019,0.40484
10710000,71,302.449,-21623.4,65.5016,0.394533
10725000,54,237.118,-21643.9,61.6352,0.401569
10740000,66,294.958,-21629.8,57.7755,0.402
10755000,60,263.496,-21645.3,62.5806,0.397333
10770000,64,256.519,-21623.3,66.7424,0.391533
10785000,72,317.246,-21617.5,84.9028,0.404489
10800000,69,293.26,-21623.5,82.1485,0.407067
10815000,81,351.432,-21646.5,97.4241,0.413407
10830000,70,299.26,-21619.9,65.6147,0.414978
10845000,66,281.201,-21639.6,68.4408,0.412667
10860000,75,327.362,-21590.8,55.4355,0.394083
10875000,71,302.659,-21649.9,66.2102,0.405
10890000,59,259.485,-21610.7,58.0476,0.3897
10905000,63,286.217,-21629.1,62.8592,0.39255
10920000,61,267.111,-21629.6,44.768,0.3923
10935000,62,261.657,-21607.7,67.5754,0.363867
10950000,70,306.547,-21640.1,60.08,0.397533
10965000,70,283.898,-21637.6,63.3759,0.409933
10980000,69,292.215,-21648.2,62.6176,0.408227
10995000,78,339.076,-21650.1,89.3286,0.3981
11010000,74,316.982,-21628.8,69.4863,0.404511
11025000,76,314.32,-21647.4,79.2853,0.414733
11040000,73,317.517,-21656.1,71.3996,0.409617
11055000,64,266.659,-21632.1,59.2054,0.397533
11070000,68,297.219,-21648.2,58.3565,0.399933
11085000,73,323.51,-21621.3,72.8115,0.4006
11100000,79,350.662,-21630.3,81.02,0.419267
11115000,77,331.267,-21636.7,63.8523,0.4036
11130000,74,326.669,-21621.3,62.4378,0.4016
11145000,69,311.586,-21639.3,80.8767,0.4092
11160000,71,301.915,-21637.4,77.5916,0.4264
11175000,63,269.001,-21644.7,64.7538,0.3958
11190000,64,277.623,-21651.2,69.176,0.4054
11205000,63,276.85,-21654.1,58.3424,0.390133
11220000,72,302.277,-21642.4,76.6093,0.40725
11235000,60,268.243,-21655.5,63.1905,0.404
11250000,72,311.417,-21657.2,60.7492,0.400933
11265000,64,299.164,-21648.7,56.1479,0.393774
11280000,70,304.253,-21652.7,65.9575,0.404467
11295000,72,299.494,-21632,70.5157,0.392589
11310000,79,340.429,-21635.4,73.7605,0.403667
11325000,76,340.403,-21639.6,78.793,0.418467
11340000,69,291.649,-21627.2,54.8065,0.3994
11355000,104,426.909,-21587.1,89.3163,0.407222
11370000,92,395.568,-21599,92.4551,0.413333
11385000,85,374.148,-21614.1,89.2433,0.4158
11400000,80,353.097,-21613.5,85.1077,0.402267
11415000,84,356.032,-21626.2,83.3782,0.403467
11430000,82,357.362,-21599.1,73.6303,0.412
11445000,66,282.13,-21619.9,57.4387,0.398467
11460000,50,214.126,-21674.4,59.0625,0.404519
11475000,61,264.466,-21645.8,64.7557,0.403296
11490000,74,315.545,-21641.5,77.9775,0.406178
11505000,79,329.244,-21660.6,77.354,0.409867
11520000,66,281.958,-21655.6,66.2734,0.4246
11535000,69,304.779,-21639.3,59.1452,0.427467
11550000,76,341.268,-21651,73.1317,0.4098
11565000,68,299.523,-21661.1,65.0324,0.409333
11580000,71,315.238,-21651.1,74.3609,0.402
11595000,79,323.072,-21632.1,85.2782,0.413733
11610000,71,304.033,-21636.8,69.3594,0.411333
11625000,62,279.614,-21629.4,48.7846,0.410587
11640000,71,308.419,-21636.1,76.5737,0.388267
11655000,74,332.297,-21620.9,66.1387,0.390978
11670000,62,280.565,-21623.4,48.6969,0.4028
11685000,90,403.463,-21649.5,95.3443,0.405733
11700000,60,260.924,-21672.7,55.2615,0.404225
11715000,73,312.014,-21631.5,81.9397,0.412
11730000,69,289.193,-21619.5,94.0922,0.4048
11745000,62,263.447,-21618.6,55.8185,0.396333
11760000,71,281.595,-21621.7,63.2028,0.391333
11775000,64,272.25,-21631.9,75.5268,0.3978
11790000,66,282.76,-21665.4,66.373,0.404533
11805000,48,209.482,-21659.4,54.2956,0.390827
11820000,49,220.589,-21681.5,44.4711,0.389083
11835000,56,249.599,-21656.9,57.9792,0.397933
11850000,66,286.336,-21643.4,70.4634,0.4108
11865000,62,277.142,-21646.2,62.1732,0.3996
11880000,81,355.226,-21654.7,85.7215,0.403467
11895000,76,318.41,-21639.4,70.0817,0.410867
11910000,58,258.093,-21654.2,59.4837,0.4046
11925000,47,197.261,-21687,55.9792,0.391171
11940000,50,220.635,-21659.6,56.0375,0.383267
11955000,65,294.859,-21638.6,76.2557,0.406867
11970000,65,292.627,-21649.2,60.7265,0.38723
11985000,63,268.315,-21663.6,63.3538,0.416033
12000000,69,291.539,-21660.2,76.4992,0.3952
12015000,52,239.352,-21665.1,38.8415,0.397211
12030000,57,252.077,-21645.1,54.3723,0.4028
12045000,73,319.563,-21643.3,76.5993,0.40555
12060000,59,266.125,-21650.8,65.5331,0.402133
12075000,60,249.931,-21666.7,72.9653,0.408833
12090000,60,253.214,-21643.1,48.0371,0.410767
12105000,68,311.068,-21664.6,77.4745,0.4128
12120000,68,294.127,-21626.4,77.0779,0.398156
12135000,76,332.812,-21624.7,78.7772,0.397117
12150000,84,365.391,-21638.5,78.2315,0.418867
12165000,77,350.607,-21642.3,86.0209,0.411533
12180000,64,273.9,-21646.8,76.2574,0.4056
12195000,54,232.919,-21630,47.4361,0.400227
12210000,53,235.362,-21658.6,52.569,0.3841
12225000,64,276.279,-21640.3,77.7917,0.397667
12240000,56,241.032,-21665.1,58.4701,0.396533
12255000,68,292.691,-21637.6,63.7745,0.402053
12270000,70,310.097,-21621.5,74.0337,0.39904
12285000,84,364.805,-21616.7,77.5185,0.417267
12300000,80,339.944,-21631.5,85.8875,0.409667
12315000,62,266.463,-21639.4,73.2624,0.404613
12330000,87,353.534,-21648.5,105.703,0.408533
12345000,69,300.327,-21615.2,62.9228,0.400911
12360000,68,305.321,-21634.3,57.8413,0.402533
12375000,66,298.295,-21626.8,67.4728,0.406733
12390000,62,280.186,-21628.8,56.7696,0.396867
12405000,58,246.964,-21640.5,53.4758,0.388333
12420000,53,227.922,-21666.1,49.122,0.396171
12435000,43,179.22,-21677.6,49.2642,0.383933
12450000,53,229.235,-21642.2,65.4149,0.392911
12465000,54,236.872,-21666.2,42.6046,0.379567
12480000,56,244.82,-21669.5,56.8419,0.39492
12495000,60,258.83,-21692.9,60.777,0.401333
12510000,49,213.336,-21696.3,56.9506,0.407933
12525000,50,199.327,-21690.5,43.8706,0.384333
12540000,53,232.979,-21653.2,60.6552,0.393627
12555000,37,164.015,-21698.8,30.5997,0.389033
12570000,61,276.281,-21668,58.1238,0.396317
12585000,56,248.12,-21647.3,47.3575,0.396067
12600000,55,234.938,-21661,62.8017,0.3922
12615000,48,213.437,-21652.1,46.6305,0.3864
12630000,63,269.992,-21663.7,68.8112,0.399653
12645000,70,302.856,-21652.1,60.4917,0.416467
12660000,62,279.825,-21650.9,76.8727,0.406533
12675000,73,324.236,-21641.7,72.2197,0.411933
12690000,72,300.385,-21630.3,81.845,0.410733
12705000,61,254.76,-21643.6,46.3767,0.39915
12720000,56,238.351,-21645.6,62.0601,0.396305
12735000,70,304.496,-21651.6,74.6862,0.4032
12750000,57,258.189,-21652.7,40.9804,0.39785
12765000,65,279.936,-21652.1,64.8406,0.415633
12780000,57,244.877,-21663.6,65.8778,0.400867
12795000,84,362.811,-21641.2,82.582,0.415133
12810000,66,271.993,-21648.1,72.9659,0.3915
12825000,72,284.889,-21637.2,53.4476,0.401333
12840000,84,352.998,-21641.1,104.405,0.413067
12855000,68,281.699,-21653.5,62.5535,0.4118
12870000,55,222.38,-21656.3,50.7107,0.412947
12885000,76,338.548,-21634.2,76.9042,0.406267
12900000,70,298.618,-21617.8,57.5917,0.4082
12915000,69,294.826,-21625.5,69.502,0.4046
12930000,62,274.4,-21637.7,56.3528,0.4007
12945000,58,266.728,-21648.3,67.3392,0.3948
12960000,63,274.421,-21653.2,57.4767,0.400867
12975000,57,250.842,-21624.1,46.4915,0.382533
12990000,66,271.05,-21654.4,79.8077,0.397613
13005000,65,276.37,-21647.7,71.4519,0.4092
13020000,53,238.893,-21652.5,52.0169,0.3966
13035000,69,285.179,-21638.1,68.3331,0.3978
13050000,76,332.13,-21626,80.9654,0.415333
13065000,60,259.04,-21657.4,64.6158,0.38842
13080000,62,278.538,-21606,60.2648,0.410467
13095000,59,267.247,-21648.6,60.9057,0.40116
13110000,73,306.962,-21636.3,72.1838,0.402933
13125000,58,248.428,-21644.5,43.0464,0.38835
13140000,66,300.334,-21654.4,52.3767,0.4034
13155000,59,254.781,-21632.5,65.5392,0.3926
13170000,61,267.621,-21631,55.9598,0.397617
13185000,74,316.621,-21636.2,61.3669,0.4008
13200000,77,340.282,-21609.1,86.387,0.403667
13215000,54,237.808,-21651.8,47.5628,0.389117
13230000,61,271.438,-21662.5,58.5505,0.3932
13245000,53,229.653,-21663.8,43.9463,0.397305
13260000,64,273.544,-21667.3,78.3607,0.4085
13275000,59,250.003,-21681.8,61.825,0.3962
13290000,63,273.541,-21655.2,49.3826,0.393417
13305000,51,214.31,-21665.8,59.1509,0.397333
13320000,57,253.457,-21654.7,60.059,0.383987
13335000,48,196.416,-21667.3,37.8812,0.388533
13350000,39,156.022,-21680.1,26.4382,0.39736
13365000,48,199.228,-21666.2,47.5118,0.375467
13380000,51,208.945,-21655.8,61.2078,0.381578
13395000,49,205.492,-21661.7,49.6821,0.393133
13410000,59,255.843,-21678.8,62.9172,0.383833
13425000,53,216.892,-21662.3,45.2476,0.403467
13440000,49,204.329,-21649.7,37.5631,0.372533
13455000,57,248.941,-21659.3,74.6927,0.388333
13470000,67,284.358,-21660.8,65.055,0.401733
13485000,65,271.465,-21644.1,67.8378,0.396467
13500000,70,290.908,-21653.3,66.9056,0.398
13515000,70,303.32,-21661.2,76.3106,0.414333
13530000,58,250.48,-21655,50.109,0.398067
13545000,52,226.517,-21640.6,40.5268,0.39792
13560000,54,243.808,-21657.3,46.2712,0.381067
13575000,65,294.22,-21652.6,67.3831,0.405733
13590000,45,193.19,-21693.5,41.1174,0.38663
13605000,47,201.832,-21688.1,43.1953,0.39384
13620000,65,289.736,-21658.7,66.8897,0.393667
13635000,54,241.219,-21642,69.9031,0.385267
13650000,55,244.855,-21656.1,56.7456,0.377867
13665000,62,270.571,-21649.6,67.4728,0.392667
13680000,71,325.63,-21645.5,72.7502,0.405
13695000,52,236.629,-21715.9,53.4366,0.37919
13710000,73,321.217,-21639.9,88.0132,0.4052
13725000,51,220.478,-21657.9,43.7351,0.385383
13740000,71,291.833,-21634.4,68.7579,0.402967
13755000,88,389.335,-21636.8,96.0533,0.401433
13770000,64,280.024,-21626.4,64.2411,0.417667
13785000,60,276.463,-21626.6,55.7369,0.386689
13800000,59,256.342,-21696.4,50.9291,0.403367
13815000,58,261.544,-21665.4,52.0347,0.409867
13830000,66,292.87,-21657.2,71.4514,0.402644
13845000,60,266.722,-21662.8,57.206,0.4128
13860000,57,257.648,-21650.9,64.4003,0.394733
13875000,50,222.14,-21669.4,57.5369,0.398067
13890000,51,225.455,-21643.7,57.668,0.389533
13905000,60,256.547,-21627.3,76.9459,0.3698
13920000,55,250.018,-21631.7,39.6739,0.389267
13935000,47,212.524,-21673,54.7506,0.387133
13950000,67,295.202,-21632.8,70.9574,0.4037
13965000,65,286.678,-21661,63.0553,0.4038
13980000,69,286.164,-21657.8,59.0392,0.386119
13995000,74,317.046,-21637.7,74.3379,0.409367
14010000,48,212.695,-21682.9,46.9115,0.39424
14025000,46,185.231,-21685.7,43.7948,0.381333
14040000,74,310.901,-21614.2,72.5959,0.396978
14055000,65,260.247,-21689.3,58.0293,0.4
14070000,53,227.438,-21664.8,46.8578,0.385133
14085000,56,251.47,-21667.8,52.4992,0.3866
14100000,77,336.054,-21654,61.9305,0.394517
14115000,56,249.74,-21677.7,55.3514,0.406767
14130000,64,289.955,-21652,48.0503,0.4076
14145000,68,293.479,-21672.4,61.0103,0.4018
14160000,50,211.344,-21665.4,38.8397,0.406533
14175000,61,264.823,-21656.8,66.0518,0.392883
14190000,53,221.198,-21655.6,51.3317,0.388067
14205000,48,204.861,-21656.2,64.9138,0.391967
14220000,53,222.47,-21671.3,51.7313,0.388533
14235000,62,273.881,-21645.1,61.2047,0.390578
14250000,56,250.483,-21648.9,56.4264,0.3963
14265000,66,280.602,-21633.2,58.4784,0.400533
14280000,72,309.245,-21623.1,57.0978,0.391133
14295000,73,329.712,-21630.7,85.7951,0.391038
14310000,76,331.433,-21648.2,92.0278,0.4088
14325000,70,290.178,-21649,65.8431,0.398911
14340000,90,390.588,-21621.4,96.0024,0.4213
14355000,77,330.543,-21618.5,80.0586,0.419
14370000,80,338.989,-21632.3,85.0589,0.399667
14385000,67,304.916,-21659.3,76.4285,0.386983
14400000,81,360.089,-21614.7,80.5928,0.4008
14415000,75,327.946,-21615.2,74.3083,0.4086
14430000,70,291.977,-21603.6,59.6128,0.3998
14445000,67,275.607,-21639.3,64.8779,0.3978
14460000,62,261.346,-21645.9,60.062,0.401067
14475000,68,282.286,-21641.5,69.1,0.402311
14490000,70,302.073,-21634.7,78.5803,0.407
14505000,75,307.859,-21646,69.6786,0.420733
14520000,74,324.138,-21638.6,79.6277,0.4182
14535000,59,247.732,-21625.7,63.1987,0.38844
14550000,62,274.555,-21648.8,61.6156,0.392467
14565000,72,306.066,-21640.6,67.8024,0.403756
14580000,63,279.551,-21651.7,47.4067,0.394133
14595000,58,255.048,-21656,64.3167,0.3948
14610000,58,257.232,-21645.4,58.25,0.388387
14625000,55,244.712,-21670.7,44.2372,0.399022
14640000,62,260.893,-21649.4,44.2625,0.379578
14655000,60,251.463,-21645.5,58.4385,0.395711
14670000,56,241.755,-21626.8,65.4955,0.3846
14685000,63,282.723,-21634.8,62.7343,0.382733
14700000,47,189.849,-21668.3,45.1758,0.399573
14715000,76,333.03,-21624.4,64.1076,0.39968
14730000,62,272.281,-21655.4,60.9115,0.404733
14745000,50,220.616,-21672.7,40.8556,0.388333
14760000,63,268.717,-21660.8,60.1759,0.3916
14775000,63,286.13,-21607.1,49.8508,0.401233
14790000,84,385.09,-21612.7,76.7659,0.408733
14805000,58,244.636,-21657,57.4984,0.390656
14820000,76,335.032,-21626.6,90.3088,0.415567
14835000,78,335.507,-21626.3,72.4676,0.401533
14850000,73,327.978,-21622.3,77.6107,0.4094
14865000,68,270.642,-21614.6,66.8038,0.399
14880000,78,325.76,-21628.8,72.6163,0.397867
14895000,58,245.714,-21611.6,57.3464,0.386133
14910000,68,274.727,-21632.7,59.9183,0.400133
14925000,79,358.145,-21630.6,82.154,0.400111
14940000,64,279.22,-21633.2,68.2658,0.4004
14955000,58,235.592,-21648.1,57.1541,0.3906
14970000,61,262.271,-21651,84.3134,0.398133
14985000,60,280.018,-21638.5,56.5849,0.384311
15000000,67,285.96,-21618,77.5609,0.401733
15015000,75,334.344,-21627.2,71.7435,0.3985
15030000,73,320.055,-21633.2,78.8352,0.388067
15045000,70,310.211,-21613.4,57.5821,0.387733
15060000,70,296.777,-21635.6,60.5418,0.396483
15075000,84,364.272,-21643.6,90.8929,0.4042
15090000,51,219.931,-21634.7,42.9754,0.3895
15105000,77,351.304,-21596.9,85.0114,0.408133
15120000,61,260.673,-21643.9,70.6066,0.3912
15135000,59,259.882,-21621.5,67.8798,0.393067
15150000,60,255.263,-21624.8,59.6816,0.390533
15165000,54,238.472,-21641.2,44.8116,0.387533
15180000,76,347.444,-21634.3,63.3217,0.391187
15195000,65,283.073,-21627.6,70.1698,0.393867
15210000,66,292.502,-21643,63.5527,0.3874
15225000,63,274.013,-21642.9,55.459,0.3857
15240000,66,277.257,-21627.2,79.8235,0.400687
15255000,71,315.529,-21639.6,83.9166,0.396867
15270000,65,279.483,-21645.9,69.3586,0.39175
15285000,64,282.369,-21631.6,60.4082,0.398067
15300000,65,256.502,-21635.9,70.9507,0.390267
15315000,68,289.837,-21623.2,61.1712,0.391133
15330000,64,273.067,-21649.1,56.8311,0.390467
15345000,63,280.07,-21646.7,66.3409,0.390967
15360000,72,301.647,-21644.3,82.7427,0.397667
15375000,68,273.884,-21631.2,81.6254,0.39661
15390000,63,280.784,-21626,71.1735,0.392133
15405000,76,329.175,-21633.7,72.6258,0.395222
15420000,54,245.018,-21645.6,64.1663,0.388853
15435000,55,242.463,-21608.7,58.7654,0.3838
15450000,62,274.457,-21606.6,74.49,0.385467
15465000,69,315.707,-21628.9,51.3991,0.401267
15480000,66,270.189,-21679.2,62.5704,0.396267
15495000,54,233.073,-21654.8,62.6271,0.381427
15510000,73,329.378,-21647.5,70.8358,0.41
15525000,40,179.915,-21669.9,46.993,0.3771
15540000,45,204.7,-21684.4,36.435,0.368067
15555000,40,174.239,-21676.4,34.8942,0.370667
15570000,81,346.313,-21658.9,90.121,0.3977
15585000,74,328.358,-21648,71.5673,0.408
15600000,64,281.283,-21654.6,79.2056,0.400941
15615000,71,311.424,-21658.2,72.2908,0.412867
15630000,79,321.301,-21636.9,69.9021,0.405111
15645000,62,277.243,-21648.4,64.5295,0.385367
15660000,84,357.864,-21635.4,111.447,0.408833
15675000,79,334.49,-21616.4,80.8093,0.405133
15690000,73,303.881,-21598,71.6974,0.398467
15705000,58,236.814,-21637,53.7011,0.391478
15720000,83,335.5,-21600.7,87.2011,0.395833
15735000,99,413.467,-21604.2,85.9361,0.402
15750000,93,390.954,-21609.5,77.8081,0.4152
15765000,90,365.723,-21611.9,99.2584,0.416667
15780000,90,390.781,-21617.3,89.0545,0.415533
15795000,79,356.19,-21623.7,77.979,0.421533
15810000,68,275.919,-21642.8,66.1086,0.397133
15825000,59,271.273,-21652.2,51.4095,0.393075
15840000,74,312.931,-21617.4,64.3293,0.399667
15855000,80,342.891,-21629.8,74.5985,0.4058
15870000,57,244.797,-21634.3,70.3743,0.378933
15885000,101,433.467,-21621.8,112.731,0.416733
15900000,84,356.327,-21656.2,102.116,0.387592
15915000,93,391.045,-21586.9,97.7428,0.417833
15930000,69,289.314,-21641.7,73.0857,0.405267
15945000,82,352.566,-21595.4,79.8386,0.408567
15960000,85,363.48,-21618,74.9052,0.397733
15975000,59,255.688,-21626.6,61.1435,0.382511
15990000,73,322.24,-21630.8,72.7983,0.421067
16005000,59,251.242,-21637.8,51.0621,0.389007
16020000,55,239.255,-21633.5,54.0665,0.389733
16035000,64,296.218,-21637.9,70.0151,0.400467
16050000,55,230.502,-21647.6,42.9056,0.398667
16065000,47,209.376,-21638.8,45.3144,0.383667
16080000,68,302.349,-21662.6,60.3359,0.379895
16095000,67,277.265,-21617.8,59.5206,0.404448
16110000,57,251.224,-21656.7,46.765,0.382822
16125000,55,235.835,-21646.5,58.067,0.388267
16140000,56,248.151,-21649,55.8284,0.38995
16155000,52,239.486,-21648.9,55.4839,0.380533
16170000,49,221.603,-21684,52.3376,0.39692
16185000,56,250.638,-21624.1,50.7926,0.3764
16200000,69,284.39,-21625.6,64.2565,0.393
16215000,77,355.556,-21622.5,88.3506,0.408467
16230000,77,313.737,-21670.4,86.5974,0.40615
16245000,67,287.358,-21621.9,67.6081,0.387967
16260000,65,292.113,-21609.4,46.2986,0.396067
16275000,65,289.001,-21615.6,69.9034,0.397933
16290000,74,328.797,-21618.2,67.1764,0.397267
16305000,75,321.966,-21632.5,75.7657,0.392667
16320000,57,236.188,-21656.2,54.8894,0.406967
16335000,67,289.381,-21655.1,62.4441,0.408867
16350000,73,318.57,-21622.5,77.645,0.405867
16365000,70,308.451,-21626.9,64.3547,0.404933
16380000,69,298.082,-21632.6,59.1965,0.4058
16395000,67,308.69,-21639.4,65.4141,0.400533
16410000,62,239.2,-21674.2,67.6231,0.401653
16425000,60,240.389,-21638.3,59.2315,0.3853
16440000,60,259.748,-21631.7,60.8466,0.398333
16455000,64,290.119,-21650.2,54.4139,0.366867
16470000,57,259.548,-21672.6,59.8714,0.4098
16485000,74,327.097,-21643.5,78.5469,0.399156
16500000,76,323.58,-21634,67.5054,0.399556
16515000,70,313.779,-21635.6,71.6116,0.407833
16530000,74,336.92,-21632.1,77.647,0.411933
16545000,60,262.577,-21635.3,67.3514,0.404133
16560000,55,230.949,-21649.1,65.8428,0.3864
16575000,47,204.079,-21669,40.0951,0.40139
16590000,56,229.2,-21661.9,57.9416,0.378733
16605000,52,226.901,-21682.5,53.6515,0.391467
16620000,58,251.282,-21653.3,61.7651,0.396267
16635000,63,261.723,-21673.6,56.8122,0.395067
16650000,48,200.565,-21626.8,45.9509,0.396367
16665000,56,250.432,-21636.3,56.2567,0.371
16680000,62,269.843,-21646.1,65.8801,0.393133
16695000,55,225.138,-21639.3,64.761,0.3848
16710000,61,248.978,-21654.3,53.9607,0.385133
16725000,48,208.085,-21675,44.7863,0.374369
16740000,56,236.643,-21656.7,59.0264,0.393467
16755000,65,286.389,-21629.2,70.8412,0.391533
16770000,69,308.562,-21629.4,72.2824,0.4072
16785000,75,325.82,-21618.5,85.0784,0.400333
16800000,72,309.138,-21642,70.6084,0.4078
16815000,64,262.887,-21657.9,55.9918,0.383522
16830000,65,274.651,-21656.4,59.8339,0.404933
16845000,71,313.289,-21643.4,66.3031,0.390467
16860000,66,273.71,-21635,70.9516,0.391156
16875000,71,311.011,-21673,69.1678,0.396604
16890000,64,276.813,-21655.3,77.0262,0.409133
16905000,71,317.597,-21635.4,77.9016,0.40205
16920000,56,247.5,-21666.9,54.0322,0.401533
16935000,64,268.256,-21643.2,64.4173,0.4049
16950000,67,291.883,-21640,75.7111,0.397333
16965000,63,272.754,-21630,71.3967,0.399267
16980000,62,255.602,-21643.1,55.5851,0.388667
16995000,71,300.968,-21654.2,76.6974,0.399467
17010000,57,243.331,-21661.8,55.694,0.3945
17025000,57,235.198,-21654.2,47.4973,0.4066
17040000,70,301.111,-21621.2,65.1261,0.399756
17055000,56,253.424,-21645.7,52.8191,0.382174
17070000,82,350.139,-21616.2,79.826,0.403833
17085000,68,300.743,-21618.5,59.7722,0.39255
17100000,67,285.732,-21643.4,62.3732,0.3962
17115000,60,263.532,-21628,66.0995,0.3894
17130000,69,293.479,-21645,81.676,0.407383
17145000,53,216.115,-21646.6,45.4202,0.372767
17160000,67,288.545,-21639.1,59.0451,0.400567
17175000,79,327.597,-21642,63.1058,0.405867
17190000,63,270.759,-21636.2,74.1838,0.390711
17205000,72,296.007,-21615.7,63.6972,0.4011
17220000,52,207.514,-21629,57.1128,0.379152
17235000,56,241.144,-21643.4,69.7905,0.390956
17250000,61,252.669,-21641.7,68.502,0.389
17265000,60,259.357,-21639.2,55.1136,0.381178
17280000,54,231.189,-21639.5,57.6847,0.384167
17295000,75,309.738,-21632.5,68.9869,0.404922
17310000,73,306.697,-21632.4,76.0899,0.399467
17325000,51,217.555,-21631.2,57.0242,0.383
17340000,54,232.573,-21666.9,73.1845,0.372883
17355000,76,322.06,-21615.1,83.5195,0.395867
17370000,63,278.7,-21630.9,71.0861,0.387822
17385000,63,274.489,-21632.8,59.851,0.3828
17400000,63,267.184,-21632.1,58.8223,0.393383
17415000,52,225.464,-21641.1,45.7715,0.39255
17430000,73,330.849,-21632.5,69.2616,0.3784
17445000,61,275.752,-21616.7,58.0613,0.3738
17460000,58,238.047,-21662.2,57.571,0.395367
17475000,56,240.969,-21634.1,62.3859,0.3873
17490000,59,248.885,-21638.3,54.6419,0.3946
17505000,67,286.387,-21643.6,70.6969,0.394
17520000,52,229.248,-21685.6,60.259,0.3874
17535000,58,261.418,-21663.1,61.9052,0.378122
17550000,54,244.31,-21652.3,43.7119,0.392622
17565000,64,272.047,-21635.4,55.5352,0.39
17580000,59,256.398,-21672.6,47.7677,0.37695
17595000,48,198.309,-21672.1,48.9992,0.372733
17610000,71,303.151,-21633.5,84.0582,0.393
17625000,72,316.153,-21646.4,88.8287,0.413667
17640000,70,315.081,-21656.9,65.8784,0.386717
17655000,95,421.209,-21637.4,79.5956,0.4207
17670000,85,363.427,-21617.9,77.4335,0.427333
17685000,64,273.193,-21648.8,66.5176,0.4014
17700000,66,269.859,-21644.3,54.5093,0.384267
17715000,63,246.679,-21630.3,60.8443,0.3958
17730000,62,275.485,-21667.4,63.4844,0.393867
17745000,61,277.996,-21662.8,57.1175,0.4022
17760000,48,199.196,-21629.2,56.1189,0.395422
17775000,48,214.889,-21703.1,52.973,0.380333
17790000,42,177.794,-21685.4,42.8079,0.361067
17805000,57,235.167,-21629.9,68.2601,0.376333
17820000,64,259.229,-21641.5,65.3966,0.391907
17835000,53,234.981,-21652.6,36.1425,0.400267
17850000,53,242.145,-21662.1,48.196,0.3704
17865000,57,244.38,-21636.6,52.457,0.390667
17880000,54,242.823,-21635.2,59.0097,0.369933
17895000,53,226.78,-21651.2,46.8934,0.395067
17910000,58,250.085,-21635.5,59.8081,0.379533
17925000,58,251.676,-21643.6,51.7677,0.3796
17940000,62,260.339,-21635.2,63.166,0.3914
17955000,71,301.235,-21660.7,60.5418,0.404133
17970000,61,268.714,-21656.2,64.1427,0.405733
17985000,61,269.02,-21645.2,74.1744,0.394067
18000000,61,271.336,-21650.7,52.377,0.3908
18015000,57,247.691,-21637.5,44.852,0.382852
18030000,67,279.502,-21627,62.7384,0.388533
18045000,56,234.192,-21660,37.3557,0.381439
18060000,63,275.962,-21645,64.3641,0.387156
18075000,75,322.155,-21657.6,70.4041,0.400067
18090000,77,316.186,-21652.8,79.4309,0.411983
18105000,65,279.648,-21646.9,53.528,0.4086
18120000,67,311.475,-21667.6,71.5548,0.402093
18135000,51,220.687,-21634.3,53.7533,0.385733
18150000,54,223.742,-21644.5,43.3172,0.385667
18165000,65,276.797,-21659.6,71.2952,0.3994
18180000,62,273.523,-21644.5,53.782,0.386533
18195000,49,212.941,-21660,51.9303,0.389167
18210000,58,256.549,-21669.1,46.97,0.404
18225000,56,252.457,-21662,57.2989,0.3958
18240000,65,291.702,-21625.6,57.8665,0.383133
18255000,50,218.652,-21688.7,43.4511,0.4044
18270000,56,247.426,-21638.7,46.6545,0.386533
18285000,75,330.254,-21639.8,97.8549,0.394933
18300000,71,321.037,-21637.4,76.5354,0.408933
18315000,63,278.533,-21677.8,57.1598,0.4032
18330000,64,280.667,-21669,60.0664,0.403653
18345000,70,286.827,-21641.6,61.721,0.4042
18360000,52,218.46,-21657.5,40.6158,0.398667
18375000,52,220.757,-21667.2,50.277,0.388164
18390000,69,301.099,-21658.4,69.2888,0.419844
18405000,75,311.248,-21635.7,71.2551,0.406733
18420000,61,251.1,-21669.3,49.9174,0.400133
18435000,51,214.613,-21667.4,47.7747,0.386433
18450000,76,320.596,-21612.4,54.348,0.3969
18465000,73,322.791,-21645.8,67.5,0.403933
18480000,67,261.828,-21648.3,62.3557,0.411
18495000,51,221.593,-21660.6,54.5215,0.382417
18510000,75,324.746,-21663,74.6781,0.406467
18525000,41,176.657,-21666.8,33.7647,0.367103
18540000,56,242.075,-21648.5,56.7985,0.383489
18555000,64,265.856,-21667.3,60.5013,0.403267
18570000,75,337.557,-21650.1,79.7962,0.410367
18585000,56,233.913,-21636.9,66.6595,0.397933
18600000,82,360.525,-21659.1,73.0376,0.4002
18615000,52,238.227,-21672.5,49.378,0.393683
18630000,81,360.83,-21652.3,81.3944,0.417467
18645000,69,309.256,-21641.6,73.8849,0.414733
18660000,61,270.789,-21668.8,58.7533,0.381681
18675000,70,294.518,-21657.8,71.263,0.403733
18690000,60,258.948,-21655.5,54.2324,0.402533
18705000,56,240.902,-21663.1,65.0814,0.389711
18720000,68,277.315,-21627.6,58.9072,0.4085
18735000,65,277.695,-21608,77.6425,0.404467
18750000,64,288.17,-21656.3,58.2164,0.393444
18765000,78,350.448,-21617.2,79.4444,0.4094
18780000,79,345.653,-21627.4,80.4558,0.409933
18795000,80,338.065,-21632.5,85.0186,0.4104
18810000,80,353.796,-21629.3,93.5489,0.418667
18825000,92,382.01,-21622.4,82.2243,0.4142
18840000,66,301.346,-21666.1,70.1451,0.401667
18855000,49,214.783,-21657.6,52.5233,0.396171
18870000,63,279.621,-21659.4,63.9868,0.397667
18885000,56,234.96,-21659.1,55.8105,0.3795
18900000,65,292.271,-21636.7,65.4109,0.390667
18915000,76,346.418,-21631.2,72.9693,0.4114
18930000,87,393.156,-21598,71.8786,0.409133
18945000,85,365.94,-21587.2,78.3437,0.397552
18960000,70,301.43,-21660.2,78.5894,0.413144
18975000,64,294.628,-21606,51.8777,0.402556
18990000,72,327.071,-21620.9,79.4401,0.398133
19005000,57,244.295,-21643.7,72.0082,0.406889
19020000,64,289.335,-21639.3,56.9099,0.391567
19035000,71,312.034,-21615.6,79.8968,0.3968
19050000,70,290.568,-21629.2,65.4581,0.405156
19065000,84,366.775,-21643.3,86.0634,0.412133
19080000,78,330.524,-21632.2,74.7149,0.422267
19095000,62,290.884,-21634.7,66.2048,0.386387
19110000,69,295.353,-21636.6,65.9619,0.399667
19125000,87,371.338,-21641.6,85.6754,0.409133
19140000,84,359.65,-21641.5,69.0834,0.426267
19155000,61,272.962,-21640.3,55.9813,0.392817
19170000,56,243.291,-21654,47.849,0.389415
19185000,74,315.233,-21631.5,58.1949,0.401844
19200000,70,281.136,-21657.3,66.7647,0.416667
19215000,64,276.813,-21617.8,63.7498,0.410667
19230000,71,292.444,-21630.5,83.4233,0.404253
19245000,77,343.288,-21626.1,80.6139,0.4111
19260000,60,271.086,-21644.5,48.4274,0.389467
19275000,54,216.675,-21631.3,57.5106,0.390711
19290000,55,239.031,-21646.6,52.0634,0.3832
19305000,77,340.365,-21630.8,82.0617,0.401467
19320000,84,368.154,-21614.9,80.4178,0.413733
19335000,82,350.888,-21633.8,89.9644,0.406013
19350000,68,294.042,-21643.5,79.8062,0.4094
19365000,59,266.811,-21620.7,65.6829,0.397644
19380000,73,312.408,-21661.8,78.0149,0.398667
19395000,71,302.886,-21662.4,66.355,0.4102
19410000,71,314.085,-21650.3,70.7451,0.408867
19425000,75,320.244,-21643,76.4928,0.388576
19440000,90,405.081,-21645.6,90.7501,0.414767
19455000,83,334.722,-21635.8,86.8508,0.406733
19470000,83,372.713,-21625.2,83.0182,0.411667
19485000,74,313.052,-21642,71.9656,0.416133
19500000,75,331.247,-21639.2,72.9815,0.395827
19515000,68,284.971,-21635.6,69.6413,0.401667
19530000,58,250.134,-21642.7,55.0871,0.391333
19545000,59,249.748,-21630.2,64.8232,0.391067
19560000,62,267.075,-21663.1,76.12,0.387333
19575000,42,180.65,-21659.9,43.4621,0.392605
19590000,52,223.633,-21664.9,56.426,0.396367
19605000,67,300.025,-21639.9,65.9491,0.3896
19620000,68,304.43,-21686,61.9666,0.3983
19635000,52,223.901,-21646.6,68.3587,0.3919
19650000,54,246.528,-21657.8,56.7089,0.387067
19665000,56,259.536,-21650.4,70.7446,0.39175
19680000,62,273.656,-21682.2,57.7884,0.39765
19695000,68,315.821,-21656.1,74.7266,0.408867
19710000,66,276.084,-21682.9,75.9939,0.406
19725000,57,255.558,-21648.2,57.4973,0.392667
19740000,57,238.771,-21640.5,56.8386,0.399467
19755000,59,263.25,-21667.9,65.004,0.397619
19770000,60,270.131,-21651.8,63.9077,0.3866
19785000,58,258.919,-21667.7,51.9043,0.405333
19800000,63,272.358,-21625.9,58.4616,0.392033
19815000,79,358.751,-21621.2,81.7771,0.393733
19830000,67,291.873,-21649.3,62.2277,0.3958
19845000,50,219.93,-21674.5,32.1532,0.397674
19860000,65,287.567,-21631.3,68.0483,0.399433
19875000,61,253.572,-21652.9,59.8749,0.390133
19890000,68,289.07,-21650.5,68.5449,0.405533
19905000,86,370.041,-21612.4,76.1828,0.412133
19920000,80,329.097,-21618.2,81.5365,0.4138
19935000,73,307.858,-21634.5,67.7383,0.402333
19950000,69,302.398,-21632.1,57.5137,0.403017
19965000,46,201.283,-21673.2,55.5213,0.389889
19980000,56,249.786,-21659.6,49.0478,0.4098
19995000,50,204.414,-21668.2,62.8258,0.389533
20010000,66,287.423,-21655.1,62.7341,0.396533
20025000,57,241.457,-21658.9,54.9322,0.411133
20040000,67,287.846,-21657.1,69.6632,0.398619
20055000,63,280.154,-21658.3,68.903,0.404
20070000,72,299.155,-21651.4,85.1306,0.392333
20085000,76,322.907,-21630.6,63.0612,0.410733
20100000,52,234.597,-21664.4,67.906,0.400347
20115000,60,259.743,-21649.2,54.9214,0.406133
20130000,66,301.401,-21673.1,61.6235,0.398067
20145000,52,197.258,-21659.7,61.6059,0.395933
20160000,64,276.867,-21684,64.2854,0.40085
20175000,50,215.697,-21661.9,46.6408,0.391643
20190000,63,252.507,-21639.3,65.7332,0.3992
20205000,55,238.85,-21686.3,55.7929,0.401178
20220000,50,217.46,-21671.8,57.8345,0.378267
20235000,55,243.916,-21657.4,45.8363,0.380333
20250000,51,214.624,-21644.4,71.0379,0.391017
20265000,65,268.2,-21637.4,62.981,0.391733
20280000,76,312.668,-21623.1,81.9455,0.4064
20295000,63,267.806,-21635.7,58.6319,0.418667
20310000,58,225.643,-21626.7,67.3404,0.409267
20325000,58,237.591,-21659.9,61.7002,0.394558
20340000,55,213.658,-21663,70.281,0.3948
20355000,56,252.211,-21678.9,51.7285,0.408
20370000,63,279.816,-21642.2,70.3105,0.391917
20385000,58,240.151,-21684.3,63.5507,0.406867
20400000,66,282.438,-21666,69.1466,0.399333
20415000,55,231.841,-21687.7,62.7854,0.398217
20430000,66,293.505,-21672,73.2013,0.412867
20445000,60,269.445,-21671.2,56.2235,0.412333
20460000,42,191.437,-21693.9,48.9765,0.386196
20475000,55,246.035,-21676.2,53.6813,0.399967
20490000,58,242.82,-21657.4,54.6044,0.407344
20505000,74,309.3,-21678.4,75.4422,0.4056
20520000,65,272.386,-21647.8,58.8201,0.406
20535000,56,233.014,-21673.8,53.4982,0.397453
20550000,69,306.225,-21654.3,66.6098,0.4089
20565000,75,334.449,-21684.2,82.1321,0.398967
20580000,88,363.492,-21658.6,99.1487,0.423367
20595000,66,276.879,-21667.1,63.2433,0.405608
20610000,60,261.894,-21672.9,54.2411,0.402733
20625000,75,319.141,-21665.7,63.0735,0.420489
20640000,77,291.608,-21646.1,73.9965,0.421467
20655000,81,344.475,-21631.5,68.8599,0.4166
20670000,75,303.062,-21638.4,74.3705,0.421667
20685000,57,236.625,-21669.9,54.6161,0.397907
20700000,85,372.605,-21654.6,99.1646,0.413933
20715000,87,383.313,-21630.3,90.8411,0.425133
20730000,56,249.252,-21659.7,55.2997,0.402178
20745000,68,300.922,-21651.9,82.8358,0.397333
20760000,69,301.688,-21648.7,71.6948,0.413822
20775000,83,358.342,-21617.4,87.8328,0.391667
20790000,62,268.021,-21684.7,65.8897,0.397
20805000,68,281.999,-21621.8,77.4868,0.403433
20820000,67,286.535,-21635.8,74.6224,0.400133
20835000,69,270.671,-21633.4,70.9164,0.3902
20850000,58,252.072,-21640.9,60.7259,0.395
20865000,54,229.306,-21679.5,55.7892,0.377573
20880000,53,240.114,-21673.1,48.0338,0.394067
20895000,62,261.846,-21640.6,54.9227,0.392806
20910000,62,287.218,-21646.7,58.6448,0.394667
20925000,53,224.635,-21645.3,59.3024,0.3964
20940000,68,297.125,-21655.2,53.131,0.397433
20955000,51,222.854,-21655.3,59.4411,0.393457
20970000,66,293.433,-21646,56.5112,0.384289
20985000,56,231.272,-21651.2,48.5046,0.401167
21000000,54,229.162,-21646.7,55.212,0.384533
21015000,55,239.934,-21643.7,54.7503,0.388067
21030000,56,238.423,-21640.2,48.9984,0.3824
21045000,57,250.01,-21636.8,68.0245,0.378933
21060000,77,322.043,-21650.3,82.6093,0.392575
21075000,63,269.358,-21671.6,58.2224,0.414667
21090000,59,263.609,-21660.7,53.9661,0.400822
21105000,61,262.943,-21663.8,46.7322,0.396815
21120000,64,295.836,-21669.1,61.1686,0.3939
21135000,62,257.227,-21660.6,68.4871,0.405783
21150000,52,236.084,-21675.5,54.1081,0.396111
21165000,59,245.906,-21649.1,63.0311,0.4044
21180000,56,237.351,-21668.3,52.6777,0.3847
21195000,64,279.505,-21638,82.2611,0.39388
21210000,67,296.265,-21639.3,68.5876,0.3742
21225000,69,319.3,-21633.6,81.7305,0.402683
21240000,63,276.333,-21696.8,61.1273,0.403967
21255000,58,245.792,-21678.4,55.6755,0.4069
21270000,74,326.542,-21637,75.8929,0.396483
21285000,62,260.266,-21634.3,56.8089,0.393967
21300000,59,251.763,-21636.5,54.9213,0.393067
21315000,76,281.172,-21616.2,88.8955,0.390267
21330000,84,374.613,-21579.8,86.7018,0.412333
21345000,77,321.115,-21601.4,70.0749,0.408067
21360000,79,344.303,-21605.3,81.4444,0.403133
21375000,86,389.652,-21591.8,87.6711,0.4128
21390000,77,324.274,-21610.6,87.5302,0.4042
21405000,76,335.795,-21636.8,81.0356,0.4038
21420000,71,306.665,-21603,52.0896,0.39266
21435000,66,284.361,-21613,59.8962,0.391533
21450000,70,304.079,-21624.6,69.5747,0.400533
21465000,82,352.784,-21633.7,92.1502,0.418667
21480000,58,250.995,-21637.8,68.6764,0.394489
21495000,73,322.591,-21630.1,75.1102,0.398567
21510000,69,319.042,-21647.3,74.7451,0.411333
21525000,57,248.578,-21629.8,53.1852,0.384578
21540000,64,264.989,-21646.9,65.1645,0.395513
21555000,72,303.922,-21628.1,73.8424,0.390767
21570000,71,308.378,-21651.3,80.2615,0.4085
21585000,60,263.002,-21639.6,52.1568,0.404733
21600000,68,275.908,-21648.1,66.6098,0.399583
21615000,61,260.967,-21632.2,78.9846,0.400067
21630000,69,291.641,-21666.7,50.5777,0.3938
21645000,60,260.876,-21656.3,64.9717,0.3964
21660000,62,276.227,-21660.7,65.1826,0.40635
21675000,62,286.756,-21641.9,82.501,0.407822
21690000,58,241.195,-21652.8,58.209,0.390467
21705000,57,237.387,-21660.2,66.3938,0.38795
21720000,56,242.871,-21639.5,52.9103,0.3977
21735000,57,251.199,-21665.4,55.3992,0.398267
21750000,50,220.827,-21661.2,44.9304,0.375089
21765000,63,272.258,-21666.4,65.1506,0.398556
21780000,61,273.969,-21654.6,52.0623,0.391167
21795000,62,260.449,-21642.3,66.0401,0.388667
21810000,60,260.333,-21646,46.1856,0.397947
21825000,54,238.663,-21653.2,56.316,0.386
21840000,57,243.221,-21663.6,61.7077,0.3916
21855000,54,242.911,-21685,53.2416,0.403756
21870000,48,203.087,-21657,55.6455,0.371033
21885000,44,191.471,-21671.3,46.9316,0.3726
21900000,51,215.322,-21684.1,51.9084,0.394844
21915000,61,273.116,-21676.7,58.2587,0.396733
21930000,50,216.696,-21667.7,50.2474,0.379889
21945000,63,270.051,-21656.6,58.4869,0.396417
21960000,60,264.526,-21653.7,58.3526,0.3966
21975000,59,265.74,-21660.5,57.9643,0.408733
21990000,64,280.108,-21648.7,62.0121,0.407633
22005000,55,246.134,-21661.6,65.6979,0.403967
22020000,76,328.297,-21657.8,84.2215,0.3928
22035000,62,255.098,-21628.9,59.471,0.377867
22050000,63,270.987,-21650.7,79.2662,0.403244
22065000,71,301.65,-21646.7,77.6777,0.405822
22080000,72,306.351,-21638.8,66.9721,0.393289
22095000,77,348.179,-21644.1,75.3992,0.417367
22110000,75,326.193,-21627.4,76.9568,0.4028
22125000,82,356.494,-21630.6,89.7802,0.403467
22140000,66,286.922,-21646,71.7698,0.38155
22155000,77,347.15,-21633,67.431,0.406167
22170000,65,290.677,-21648.2,59.4592,0.4057
22185000,55,234.395,-21635.6,52.3372,0.399433
22200000,68,297.563,-21668.5,77.3285,0.395867
22215000,54,239.033,-21671.7,57.9731,0.38792
22230000,71,314.894,-21639.1,57.5883,0.403867
22245000,63,272.984,-21632.8,61.9002,0.397378
22260000,74,332.775,-21627.5,70.8673,0.392
22275000,49,217.265,-21663.8,53.3798,0.412156
22290000,57,239.042,-21639.7,63.9083,0.392507
22305000,76,338.496,-21634.3,82.8316,0.405044
22320000,64,278.656,-21645.9,70.2492,0.375067
22335000,64,280.723,-21634.3,69.2648,0.403133
22350000,66,295.323,-21648.9,67.7861,0.400933
22365000,72,306.417,-21632.3,65.8251,0.395922
22380000,71,292.25,-21638,66.8413,0.399733
22395000,84,369.793,-21649.1,78.5,0.404067
22410000,64,280.868,-21632.5,74.8632,0.403867
22425000,69,285.465,-21659.3,76.051,0.4103
22440000,65,278.266,-21652.2,71.8759,0.388267
22455000,54,220.833,-21672.4,60.5784,0.391762
22470000,77,339.262,-21619,80.5133,0.3924
22485000,84,367.428,-21609.4,83.3183,0.397
22500000,80,348.482,-21596.4,73.9311,0.403533
22515000,78,343.478,-21609.3,100.038,0.400067
22530000,82,354.452,-21626.7,67.8862,0.401733
22545000,66,281.806,-21639.9,59.8183,0.389689
22560000,78,334.914,-21606.8,83.8338,0.403167
22575000,78,337.13,-21623.3,91.9882,0.398067
22590000,78,321.814,-21599.2,87.8045,0.398067
22605000,50,215.32,-21683.9,50.4712,0.394507
22620000,80,326.517,-21637.9,71.6106,0.394667
22635000,74,314.667,-21610.4,73.4592,0.402333
22650000,64,273.971,-21634.3,57.3434,0.405733
22665000,51,209.165,-21628.5,41.4075,0.3802
22680000,50,213.475,-21668.6,46.4729,0.39837
22695000,62,264.997,-21627.3,82.6353,0.392933
22710000,63,283.678,-21655.4,73.3818,0.395667
22725000,46,201.329,-21660.5,41.8306,0.396867
22740000,58,266.471,-21658.8,50.9174,0.397178
22755000,67,279.585,-21649.2,73.5164,0.39368
22770000,63,282.493,-21649,68.8481,0.4011
22785000,70,311.595,-21631.6,69.728,0.398133
22800000,58,250.982,-21652,49.3993,0.413133
22815000,69,280.916,-21640.4,79.4628,0.399133
22830000,60,253.407,-21654.7,62.9914,0.394333
22845000,60,263.496,-21629.8,70.6925,0.393867
22860000,74,306.417,-21636.1,78.864,0.401233
22875000,64,281.739,-21665.9,64.3591,0.401667
22890000,72,306.881,-21647.3,61.9574,0.3944
22905000,66,270.486,-21631.9,75.2726,0.38685
22920000,75,313.174,-21635.9,71.4722,0.396133
22935000,76,325.359,-21627,84.4321,0.400343
22950000,71,324.222,-21630.2,65.7016,0.397067
22965000,74,320.699,-21607.8,86.7456,0.398533
22980000,70,317.787,-21637.2,60.4173,0.400933
22995000,63,287.892,-21657.8,80.5888,0.404514
23010000,66,278.967,-21647.8,52.3504,0.4166
23025000,83,352.503,-21663,78.3758,0.4078
23040000,71,310.525,-21647.3,76.1878,0.406667
23055000,71,319.029,-21660,74.3532,0.406667
23070000,73,308.175,-21652.9,70.6141,0.404067
23085000,67,290.79,-21643.4,59.4698,0.40092
23100000,58,251.67,-21647.3,59.3734,0.402267
23115000,61,273.146,-21621.3,64.9036,0.402
23130000,64,287.547,-21634.3,64.0167,0.401
23145000,55,260.562,-21666.6,56.0412,0.404267
23160000,67,300.131,-21653.6,65.773,0.406578
23175000,58,261.247,-21638.5,51.6634,0.404467
23190000,62,262.85,-21638.5,57.2415,0.404067
23205000,47,201.655,-21686.3,37.9092,0.398833
23220000,60,257.575,-21635.2,73.9162,0.394048
23235000,66,300.867,-21625.4,63.8028,0.3854
23250000,74,325.691,-21619.3,85.0789,0.4023
23265000,60,263.497,-21651.4,52.638,0.382533
23280000,62,277.638,-21649.2,66.8874,0.3898
23295000,63,266.33,-21628,52.2951,0.379467
23310000,76,336.466,-21644.4,72.737,0.397217
23325000,75,325.4,-21642.9,86.6964,0.403533
23340000,63,268.265,-21657.6,70.3926,0.385459
23355000,75,329.48,-21651.3,84.7131,0.417
23370000,60,266.566,-21656.6,56.7461,0.404033
23385000,60,237.453,-21656.8,52.638,0.412933
23400000,58,252.969,-21654.9,62.1217,0.392956
23415000,54,221.396,-21679.6,50.2806,0.3898
23430000,66,292.058,-21655.5,71.3815,0.399867
23445000,49,201.41,-21670.6,46.0673,0.393233
23460000,59,259.656,-21644.3,60.627,0.386388
23475000,71,309.789,-21640.7,65.6755,0.399622
23490000,56,259.254,-21690.1,54.9583,0.397578
23505000,57,243.412,-21630.1,60.9881,0.406733
23520000,60,263.507,-21632.6,57.38,0.388467
23535000,57,251.373,-21655.7,71.0472,0.388067
23550000,64,270.652,-21634.4,70.2981,0.389422
23565000,51,217.471,-21671.1,45.4811,0.394367
23580000,67,276.528,-21615.4,64.4284,0.385267
23595000,77,343.788,-21666.3,84.1812,0.395143
23610000,77,316.37,-21622.1,60.2603,0.396833
23625000,79,347.018,-21671,86.7555,0.412767
23640000,87,400.019,-21642.2,75.8174,0.419767
23655000,70,303.894,-21650.3,79.4768,0.419333
23670000,61,271.721,-21663.4,64.085,0.4222
23685000,66,275.98,-21651.7,69.4258,0.4098
23700000,68,289.249,-21654.4,61.5603,0.408067
23715000,55,228.17,-21668,47.2283,0.401373
23730000,56,235.727,-21650.6,66.9818,0.39595
23745000,58,260.748,-21642.2,59.8458,0.408467
23760000,68,298.16,-21630.3,71.007,0.39375
23775000,71,294.173,-21668.2,69.7145,0.410267
23790000,67,301.435,-21636.7,64.6949,0.3993
23805000,61,256.985,-21634,69.3801,0.395267
23820000,67,300.891,-21641.8,73.0312,0.3922
23835000,54,247.717,-21663.1,59.6464,0.397983
23850000,51,228.358,-21680.7,42.9965,0.3938
23865000,60,235.497,-21636,64.7938,0.396993
23880000,80,342.354,-21637.1,78.6445,0.3902
23895000,65,279.138,-21669.9,67.3114,0.404467
23910000,89,395.298,-21644.3,86.9456,0.408867
23925000,77,329.142,-21626.4,92.0583,0.406267
23940000,91,409.813,-21628.7,87.0494,0.424633
23955000,86,373.916,-21646.8,94.3775,0.4174
23970000,86,371.487,-21628.5,76.5977,0.418933
23985000,77,347.401,-21603.6,68.9918,0.414267
24000000,61,270.722,-21629.9,58.6467,0.405533
24015000,70,310.797,-21645.2,80.7725,0.403933
24030000,54,223.272,-21651.5,59.7737,0.394333
24045000,76,331.86,-21635.5,91.4501,0.400867
24060000,76,328.02,-21661.7,88.0556,0.416
24075000,56,235.786,-21672.1,42.7986,0.388867
24090000,46,206.67,-21690.4,56.126,0.39776
24105000,57,258.594,-21673.1,57.7314,0.3986
24120000,59,265.717,-21653.3,54.2193,0.388222
24135000,55,245.308,-21671.3,53.96,0.392238
24150000,53,223.129,-21678.7,49.2108,0.394133
24165000,57,244.478,-21683.8,66.8772,0.412667
24180000,64,276.512,-21655.9,61.9464,0.4114
24195000,62,280.865,-21658,42.8694,0.38728
24210000,74,326.042,-21670.4,86.9211,0.406933
24225000,83,369.445,-21654.6,91.114,0.42
24240000,78,348.577,-21651.7,79.5361,0.397022
24255000,54,251.251,-21660.2,51.6688,0.402147
24270000,68,284.126,-21657.7,68.5313,0.412733
24285000,60,254.234,-21647.5,61.8355,0.406867
24300000,73,318.75,-21623.8,72.8906,0.411567
24315000,80,331.859,-21657.3,96.5329,0.401967
24330000,75,310.317,-21650.1,81.988,0.400933
24345000,77,358.132,-21626.8,66.9799,0.406089
24360000,65,275.06,-21640.9,60.1553,0.404833
24375000,60,263.123,-21676.5,61.3086,0.399025
24390000,76,334.717,-21649.4,97.6594,0.4043
24405000,77,327.358,-21638.6,95.2811,0.400867
24420000,72,339.444,-21618.4,58.2416,0.404733
24435000,62,259.45,-21655.8,46.0579,0.3982
24450000,70,310.126,-21656.2,56.9325,0.400467
24465000,60,260.829,-21662.4,63.4625,0.403267
24480000,60,270.411,-21669.6,65.9416,0.404943
24495000,73,301.334,-21643.7,78.4074,0.409967
24510000,72,314.37,-21609.2,73.2379,0.397767
24525000,66,308.476,-21657.4,63.6812,0.3982
24540000,66,291.844,-21606.9,63.0535,0.408633
24555000,79,324.702,-21640.7,70.4246,0.40465
24570000,70,303.062,-21632.6,69.5361,0.408267
24585000,73,318.722,-21636.4,70.0714,0.398867
24600000,72,319.705,-21604.4,65.1548,0.4046
24615000,82,358.655,-21630.7,82.7344,0.410467
24630000,82,353.758,-21604.3,78.2108,0.417067
24645000,72,319.26,-21630.2,67.0778,0.3976
24660000,77,345.348,-21623.3,85.1497,0.4062
24675000,59,259.415,-21627.4,47.4988,0.412333
24690000,54,233.354,-21675.5,59.2568,0.399433
24705000,81,362.395,-21619.2,90.1973,0.399
24720000,78,316.516,-21595.1,74.9729,0.4116
24735000,58,265.108,-21653.7,61.5576,0.403489
24750000,65,275.074,-21668.8,65.6889,0.3992
24765000,72,303.139,-21619.9,84.3411,0.398844
24780000,59,248.568,-21680.9,49.4972,0.394996
24795000,73,303.796,-21618.5,89.8833,0.4057
24810000,69,304.13,-21607.8,77.0124,0.406733
24825000,68,283.613,-21629.4,63.612,0.4
24840000,68,303.131,-21659.2,68.1921,0.397333
24855000,65,299.334,-21615.8,65.552,0.396889
24870000,63,268.477,-21642.4,55.5613,0.401333
24885000,65,278.881,-21643.4,69.8822,0.390933
24900000,76,341.294,-21624.6,69.9909,0.387533
24915000,68,306.84,-21650,65.2201,0.400267
24930000,68,300.95,-21673.6,72.6346,0.385456
24945000,67,292.6,-21645.7,68.4327,0.4119
24960000,63,255.944,-21661.8,66.3995,0.3982
24975000,68,291.841,-21651.1,59.4222,0.398267
24990000,58,244.843,-21653.1,69.3286,0.383567
25005000,48,210.674,-21674.6,38.6041,0.386267
25020000,52,229.42,-21685.7,59.1918,0.389933
25035000,42,192.62,-21695.8,48.3874,0.383102
25050000,71,299.731,-21669.7,67.4172,0.404767
25065000,57,238.518,-21652.7,65.7474,0.391933
25080000,66,302.553,-21644.6,67.4157,0.39739
25095000,54,241.451,-21668.5,60.7166,0.379267
25110000,86,376.472,-21633.7,90.1486,0.4053
25125000,89,395.106,-21646.6,85.9005,0.4096
25140000,101,450.183,-21647.6,96.1886,0.427067
25155000,61,264.576,-21684.8,47.2598,0.414883
25170000,72,309.142,-21648.4,67.6454,0.418
25185000,46,204.85,-21663.6,40.2303,0.392133
25200000,63,278.116,-21647.3,68.5017,0.402778
25215000,69,297.636,-21631.2,60.5456,0.389
25230000,70,309.036,-21629,72.9695,0.396517
25245000,72,307.196,-21612.7,77.862,0.399
25260000,65,286.417,-21637.5,78.0067,0.394333
25275000,73,342.067,-21630.9,72.0326,0.397333
25290000,62,267.913,-21651.3,58.183,0.399533
25305000,61,258.119,-21648.8,67.8135,0.393775
25320000,62,253.424,-21621.2,58.1062,0.3906
25335000,67,294.127,-21609.4,93.3628,0.396267
25350000,69,300.47,-21610.2,78.5683,0.387667
25365000,49,198.474,-21661.5,32.7829,0.395533
25380000,65,289.907,-21628.4,74.792,0.400067
25395000,69,301.42,-21653.4,57.1181,0.403267
25410000,60,251.543,-21648.3,58.9506,0.4052
25425000,67,298.78,-21654,72.7752,0.4093
25440000,66,290.847,-21640.1,82.0762,0.411133
25455000,62,280.439,-21631.6,62.9606,0.403333
25470000,53,233.265,-21618.4,48.7483,0.385483
25485000,54,228.572,-21652.9,55.8992,0.3922
25500000,63,260.352,-21671.2,64.9941,0.3936
25515000,65,282.66,-21676,69.8018,0.399405
25530000,77,337.36,-21636.5,87.9912,0.395267
25545000,60,260.813,-21679.3,58.4257,0.410833
25560000,61,265.159,-21660.3,49.48,0.402733
25575000,66,293.231,-21677.6,58.1452,0.403067
25590000,58,252.555,-21655.1,59.334,0.397889
25605000,68,292.23,-21656.7,82.4617,0.404533
25620000,82,363.608,-21659.7,92.5345,0.413333
25635000,69,304.945,-21638,76.4415,0.411978
25650000,73,295.623,-21671.3,76.0871,0.407686
25665000,83,353.803,-21635.1,84.296,0.417167
25680000,87,359.214,-21635.5,105.117,0.412833
25695000,87,358.594,-21645.6,88.9027,0.422133
25710000,68,271.615,-21642.8,61.5922,0.413733
25725000,68,292.194,-21620.4,57.5541,0.40465
25740000,62,258.889,-21628.1,69.1371,0.4095
25755000,70,290.853,-21617.2,63.0092,0.396733
25770000,69,284.851,-21634.4,67.9451,0.403027
25785000,66,281.644,-21628.3,65.5062,0.382667
25800000,88,380.514,-21639.8,92.1893,0.409222
25815000,58,228.321,-21622.2,64.6951,0.3892
25830000,68,302.619,-21648.1,59.1789,0.413433
25845000,51,229.878,-21682.1,50.3658,0.39135
25860000,66,287.13,-21645.6,59.7299,0.390667
25875000,66,292.416,-21652.5,51.0416,0.4028
25890000,71,299.19,-21636.3,70.596,0.398933
25905000,67,280.465,-21629,82.5063,0.409333
25920000,72,307.708,-21638,63.9034,0.390433
25935000,73,318.269,-21624.8,79.8313,0.386333
25950000,70,298.759,-21604.2,61.5603,0.397667
25965000,69,283.825,-21606.4,90.9131,0.3938
25980000,60,255.536,-21672.9,55.0308,0.391437
25995000,64,275.35,-21641.2,73.3383,0.4011
26010000,77,341.381,-21605.9,77.2288,0.404711
26025000,110,473.342,-21599.5,108.626,0.408133
26040000,98,416.696,-21624.7,80.9054,0.4314
26055000,90,383.979,-21602.3,86.7178,0.415133
26070000,96,391.354,-21583.5,91.2328,0.405067
26085000,82,357.417,-21603.7,89.1503,0.4098
26100000,88,374.382,-21602.5,102.859,0.412667
26115000,86,370.479,-21608.8,97.1837,0.398533
26130000,90,387.524,-21591.5,99.6552,0.410133
26145000,82,367.174,-21604.5,72.5116,0.401533
26160000,80,338.06,-21606.3,78.1775,0.4074
26175000,92,398.736,-21617.4,83.2167,0.3964
26190000,92,397.487,-21602.2,83.7912,0.419867
26205000,81,334.733,-21626,79.3066,0.416133
26220000,82,359.314,-21615.8,85.8157,0.405467
26235000,84,355.342,-21612.1,74.9581,0.4088
26250000,58,237.252,-21675.3,65.8339,0.400651
26265000,75,317.894,-21647.8,81.2456,0.4064
26280000,67,290.425,-21652.1,64.0596,0.397933
26295000,81,351.974,-21634,88.8938,0.390533
26310000,88,380.785,-21638.8,83.2178,0.4188
26325000,74,318.604,-21626.4,61.0327,0.407933
26340000,81,333.663,-21638.8,77.3364,0.408333
26355000,76,336.61,-21643,69.671,0.424933
26370000,92,381.89,-21642.1,79.8363,0.4162
26385000,70,294.207,-21634.4,55.989,0.4064
26400000,62,251.566,-21660.3,57.2747,0.387733
26415000,49,209.977,-21642,61.6861,0.389966
26430000,54,224.064,-21658.5,40.8468,0.3847
26445000,48,194.757,-21694.8,56.3922,0.401544
26460000,52,224.932,-21676.5,61.7454,0.382333
26475000,47,193.277,-21680.9,39.5229,0.406633
26490000,57,246.931,-21648.9,56.4164,0.389093
26505000,63,266.769,-21644.9,57.4582,0.391933
26520000,54,235.067,-21686.2,55.9392,0.395733
26535000,54,241.241,-21666.2,72.0085,0.381767
26550000,67,284.861,-21678.4,69.7753,0.408433
26565000,57,248.4,-21679.2,49.8957,0.410867
26580000,49,204.091,-21662.9,40.3825,0.396325
26595000,62,284.29,-21656.3,74.3978,0.388267
26610000,68,297.827,-21652.8,63.7145,0.403822
26625000,56,259.145,-21650,42.6733,0.398333
26640000,71,316.966,-21644.4,66.517,0.402867
26655000,77,341.503,-21647.7,94.8098,0.410267
26670000,69,288.041,-21622.9,54.5171,0.406496
26685000,61,260.822,-21629.2,55.762,0.3942
26700000,64,268.035,-21651.1,57.8417,0.3944
26715000,79,341.603,-21654.7,78.0353,0.4124
26730000,83,354.474,-21642.6,85.4742,0.417
26745000,68,289.426,-21631.7,80.4606,0.415
26760000,56,247.447,-21668.7,56.4443,0.393982
26775000,53,233.123,-21654.3,68.5967,0.395933
26790000,53,216.241,-21649.8,48.1485,0.380733
26805000,58,247.931,-21632.4,55.4224,0.389933
26820000,62,273.279,-21641.9,68.1778,0.3916
26835000,56,248.817,-21670.1,81.1871,0.393507
26850000,57,251.986,-21664,54.8624,0.397324
26865000,57,258.416,-21646.7,63.4624,0.399733
26880000,53,216.276,-21675.2,45.7046,0.385711
26895000,55,230.455,-21664.4,64.6856,0.396444
26910000,67,294.112,-21617.2,77.9152,0.399956
26925000,67,277.414,-21679.5,57.7224,0.401167
26940000,66,293.275,-21655.1,60.8887,0.402483
26955000,56,244.099,-21675.6,51.0307,0.412467
26970000,51,216.492,-21673.1,50.0156,0.388089
26985000,49,206.432,-21671.6,53.3503,0.395033
27000000,77,328.438,-21603.8,85.2631,0.3992
27015000,67,299.403,-21635.6,69.3531,0.4074
27030000,65,295.448,-21685.8,61.1982,0.394978
27045000,62,280.196,-21625.9,57.0622,0.4021
27060000,54,225.456,-21646.8,49.8184,0.389067
27075000,58,265.579,-21639.5,58.7792,0.391333
27090000,67,308.577,-21686.5,63.1197,0.401983
27105000,64,276.169,-21659.2,63.6129,0.392533
27120000,68,306.285,-21656.5,75.2837,0.394244
27135000,76,353.847,-21622.3,98.5449,0.4224
27150000,45,186.771,-21666.9,49.8288,0.388233
27165000,53,245.957,-21658,46.0476,0.39705
27180000,71,321.24,-21667.4,68.8036,0.406578
27195000,69,291.014,-21661.4,74.0994,0.421267
27210000,50,208.39,-21653.4,53.6104,0.397022
27225000,50,212.222,-21645,42.5086,0.390093
27240000,58,242.674,-21648.5,58.2141,0.395467
27255000,59,236.391,-21671.1,67.093,0.401533
27270000,55,224.649,-21682.5,59.0711,0.3866
27285000,50,223.494,-21703.7,50.0958,0.404311
27300000,51,238.312,-21700,53.4342,0.398367
27315000,51,224.981,-21677.8,44.8281,0.392267
27330000,52,231.917,-21677.1,52.7686,0.389467
27345000,56,244.728,-21677.8,49.793,0.405267
27360000,65,287.021,-21694.9,65.2962,0.414867
27375000,54,241.49,-21678.4,57.3797,0.389733
27390000,62,270.445,-21660.4,53.8207,0.402283
27405000,61,267.077,-21668.1,61.683,0.397867
27420000,57,249.963,-21662.4,70.9863,0.410067
27435000,70,306.999,-21649.4,81.8001,0.4118
27450000,79,347.733,-21625,71.1514,0.417467
27465000,83,365.244,-21645.8,95.1624,0.421
27480000,83,353.061,-21660,79.3705,0.428733
27495000,72,314.545,-21655.7,73.6994,0.4162
27510000,83,364.946,-21650.6,72.3831,0.4214
27525000,80,358.083,-21652.3,78.7025,0.4162
27540000,72,309.792,-21650.6,60.2904,0.410933
27555000,61,258.567,-21654.2,64.2541,0.406979
27570000,60,270.82,-21659.3,55.487,0.4018
27585000,62,273.224,-21650.4,65.1977,0.402333
27600000,57,235.338,-21637.8,63.8817,0.403022
27615000,56,240.395,-21649.2,43.4999,0.392914
27630000,59,237.181,-21644.1,47.8802,0.387267
27645000,65,275.689,-21626.7,74.9902,0.397556
27660000,69,299.36,-21652.7,63.7029,0.39076
27675000,81,351.113,-21631.8,81.3655,0.409733
27690000,81,359.262,-21655,72.3702,0.418567
27705000,80,351.416,-21668.6,65.589,0.424267
27720000,57,252.83,-21637.2,55.4803,0.401511
27735000,55,239.919,-21644.8,52.4074,0.3878
27750000,66,269.656,-21631.9,69.936,0.393
27765000,50,205.842,-21663.7,57.5515,0.3948
27780000,72,309.015,-21612,70.1955,0.4043
27795000,66,285.538,-21616.7,70.2631,0.400867
27810000,69,288.482,-21628.7,76.8793,0.404
27825000,69,310.724,-21662.2,67.8267,0.3972
27840000,50,218.562,-21646.4,49.4591,0.3952
27855000,64,295.922,-21657.9,78.0765,0.385276
27870000,51,216.323,-21654,56.6243,0.399
27885000,61,255.117,-21618.8,65.209,0.396422
27900000,71,299.148,-21638.7,58.3067,0.4034
27915000,70,308.104,-21644,81.1326,0.4072
27930000,69,284.739,-21637,62.886,0.396733
27945000,65,269.535,-21639.5,75.6,0.399067
27960000,55,240.591,-21661.9,53.0368,0.394267
27975000,67,292.123,-21639.3,55.7154,0.394933
27990000,54,237.258,-21660.9,50.7546,0.386067
28005000,63,283.632,-21666.5,57.5524,0.3896
28020000,55,247.009,-21687,46.6628,0.391667
28035000,51,226.365,-21693.4,46.7834,0.392697
28050000,67,293.496,-21672.4,60.9663,0.4036
28065000,73,301.823,-21668,78.8895,0.410467
28080000,50,211.695,-21698.3,47.4856,0.3992
28095000,61,262.003,-21686.1,46.0879,0.3938
28110000,78,331.675,-21656,94.1181,0.405356
28125000,67,296.67,-21654.6,60.2227,0.414533
28140000,76,327.316,-21667.6,61.9446,0.405067
28155000,78,354.427,-21630.2,80.0825,0.398756
28170000,56,217.054,-21667.5,55.8781,0.396613
28185000,68,287.403,-21639.5,71.2648,0.4071
28200000,55,236.694,-21664.9,49.3808,0.40025
28215000,51,229.813,-21675.4,46.1577,0.395933
28230000,74,324.392,-21690.3,75.5542,0.405133
28245000,54,245.132,-21670.3,64.1101,0.410667
28260000,67,280.167,-21647.4,75.3827,0.407747
28275000,61,261.543,-21671.2,64.9455,0.3975
28290000,82,341.74,-21664.1,87.1081,0.418467
28305000,85,352.169,-21652.7,81.2988,0.431933
28320000,80,348.04,-21651.8,75.4498,0.4346
28335000,82,333.338,-21660.4,96.3211,0.423733
28350000,59,238.829,-21689.3,53.7874,0.4176
28365000,53,231.665,-21661.4,54.1653,0.392493
28380000,63,265.411,-21652.9,73.1103,0.41225
28395000,58,223.805,-21645.9,75.8569,0.3876
28410000,59,268.376,-21654.3,61.1364,0.405267
28425000,69,299.007,-21640.6,89.9353,0.4006
28440000,62,249.289,-21619.8,73.7298,0.394
28455000,73,300.616,-21618.9,80.2669,0.3972
28470000,68,285.321,-21613,59.2182,0.410867
28485000,43,180.057,-21684.6,45.7417,0.38423
28500000,71,292.983,-21600.6,81.7705,0.399
28515000,68,280.217,-21625.3,70.6843,0.4048
28530000,83,364.522,-21628.2,75.162,0.410333
28545000,85,375.753,-21616.2,91.0801,0.401667
28560000,68,286.079,-21707.4,74.4309,0.393456
28575000,85,356.413,-21622.5,85.2353,0.416733
28590000,97,415.098,-21611.4,85.2746,0.4222
28605000,61,254.463,-21651.2,63.8495,0.406933
28620000,73,319.372,-21654.1,75.1128,0.4147
28635000,72,320.538,-21630.3,68.5091,0.397933
28650000,67,271.544,-21614.5,73.2264,0.400133
28665000,64,280.206,-21663.3,67.5108,0.409133
28680000,85,374.934,-21613.2,83.6131,0.404167
28695000,74,320.862,-21622.6,69.7793,0.420067
28710000,74,321.374,-21659.4,66.7838,0.401622
28725000,90,387.027,-21612.1,84.8151,0.401133
28740000,71,296.242,-21616.8,83.3498,0.407533
28755000,71,294.287,-21630.7,81.1446,0.390537
28770000,79,350.368,-21620.1,72.3933,0.397267
28785000,66,282.481,-21633.2,63.5862,0.4069
28800000,70,294.857,-21621.5,99.5997,0.396767
28815000,59,245.564,-21617.6,71.8166,0.3882
28830000,54,239.548,-21631.3,52.5124,0.3874
28845000,56,236.766,-21674.8,45.3118,0.392667
28860000,78,330.482,-21646.6,73.9134,0.393133
28875000,75,308.558,-21636.6,57.9529,0.406533
28890000,82,369.431,-21628.5,79.6629,0.407333
28905000,65,289.035,-21648.2,88.7808,0.393764
28920000,51,211.802,-21687.9,57.6758,0.3964
28935000,71,294.138,-21648.8,66.0181,0.407356
28950000,54,236.205,-21688.7,47.6099,0.396152
28965000,82,346.386,-21636.3,70.295,0.403567
28980000,83,356.487,-21624.9,80.2795,0.407067
28995000,91,410.085,-21627.9,83.8664,0.412867
29010000,107,481.757,-21611.3,99.1528,0.425067
29025000,100,460.231,-21617.1,87.0691,0.424
29040000,75,336.781,-21637.1,72.3981,0.4166
29055000,72,320.948,-21603.5,75.6488,0.4072
29070000,77,327.064,-21638.3,79.5363,0.396867
29085000,68,286.79,-21648.2,67.0663,0.3926
29100000,52,216.775,-21683.3,57.7009,0.39092
29115000,63,252.345,-21623.6,64.0794,0.385033
29130000,61,262.703,-21623.7,63.7771,0.390333
29145000,68,301.619,-21623.4,80.0284,0.396333
29160000,62,276.437,-21641.4,54.6571,0.384167
29175000,53,230.787,-21651.7,55.376,0.376133
29190000,70,287.283,-21649.9,67.3216,0.3756
29205000,74,322.541,-21639.1,67.9254,0.390017
29220000,68,287.991,-21624.6,82.1897,0.399167
29235000,58,248.884,-21627.5,63.438,0.383667
29250000,71,297.758,-21616.6,50.2672,0.406733
29265000,60,259.101,-21630.9,50.4657,0.40525
29280000,55,233.008,-21625.3,60.4593,0.39
29295000,57,260.428,-21641.8,53.9062,0.395444
29310000,53,238.416,-21673.3,61.5581,0.395272
29325000,60,266.892,-21647.6,66.3045,0.387689
29340000,66,298.349,-21637.8,69.3016,0.4008
29355000,71,312.604,-21638.4,75.5204,0.397133
29370000,67,285.554,-21639.5,69.8704,0.389333
29385000,74,316.385,-21643.8,78.1567,0.3874
29400000,56,246.006,-21674.4,58.3417,0.395644
29415000,82,369.849,-21651.6,83.1091,0.404633
29430000,77,338.339,-21631.2,82.0916,0.415533
29445000,82,359.306,-21626.6,69.3854,0.4216
29460000,73,317.25,-21626.8,77.2236,0.406733
29475000,56,230.849,-21684.9,48.7719,0.40128
29490000,64,280.189,-21638.3,55.3773,0.393
29505000,64,276.324,-21655.4,81.6241,0.389467
29520000,78,331.382,-21635.4,89.1535,0.402333
29535000,69,287.701,-21643.3,64.2114,0.417467
29550000,69,304.804,-21652.3,66.2863,0.413333
29565000,69,302.331,-21651.6,60.4762,0.399867
29580000,56,245.184,-21686.6,50.526,0.392743
29595000,81,352.264,-21653.4,80.6533,0.4042
29610000,65,295.679,-21669.7,69.0666,0.390441
29625000,84,362.614,-21647.7,82.4131,0.404667
29640000,61,251.519,-21664.3,68.9641,0.410633
29655000,68,294.941,-21643.1,70.6451,0.398933
29670000,64,282.356,-21666.9,62.0357,0.398133
29685000,64,274.913,-21669.1,64.9903,0.400657
29700000,74,325.249,-21676,76.424,0.4177
29715000,53,243.972,-21675,65.5684,0.389147
29730000,63,280.99,-21657.1,76.9673,0.409422
29745000,75,319.825,-21658,61.5541,0.416333
29760000,77,355.068,-21669,89.8614,0.414667
29775000,65,277.288,-21653.4,81.1505,0.4045
29790000,65,268.786,-21652.6,72.2637,0.4088
29805000,67,291.17,-21655,70.173,0.401495
29820000,56,247.257,-21657.6,62.8801,0.397667
29835000,53,232.9,-21643.4,63.0545,0.393667
29850000,70,296.505,-21655,70.2738,0.395867
29865000,79,333.223,-21630,83.4212,0.402333
29880000,76,334.671,-21658.6,76.5732,0.404642
29895000,78,346.58,-21628.8,69.2132,0.408578
29910000,69,300.932,-21646.8,73.6825,0.412689
29925000,78,335.203,-21658.9,71.8308,0.414
29940000,64,266.923,-21646.7,68.4498,0.396733
29955000,58,243.545,-21665.2,62.6021,0.387333
29970000,51,217.493,-21660.1,47.4458,0.384267
29985000,64,270.846,-21666.7,60.2971,0.407
