generation,N_shifts,logPrior,logLik,eventRate,acceptRate
0,0,-5.61039,-22276.4,100,1
15000,1,6.65406,-22004.3,0.745708,0.157523
30000,1,6.87002,-21996.9,1.46409,0.300067
45000,0,1.17444,-22008.9,0.0664247,0.260533
60000,0,1.11997,-22002.9,0.274665,0.148
75000,1,6.11178,-21983.4,1.94505,0.220933
90000,1,6.52641,-21989.8,0.786032,0.268908
105000,1,6.98232,-21988.2,1.55196,0.279089
120000,1,6.06795,-21983.9,0.973708,0.320867
135000,4,14.7662,-21956.5,5.91187,0.298133
150000,5,13.3575,-21945.5,5.55389,0.3022
165000,3,11.3574,-21952.5,3.96218,0.316
180000,4,13.8117,-21945.2,3.56111,0.303711
195000,8,39.0777,-21881.1,8.28858,0.307787
210000,6,26.9945,-21898.8,8.57707,0.319022
225000,5,16.4806,-21920,5.38531,0.323222
240000,7,32.8326,-21871.6,6.45664,0.329533
255000,8,37.4535,-21859.3,6.65179,0.320111
270000,8,31.289,-21852.9,6.73902,0.320533
285000,7,20.7486,-21842.2,7.23098,0.319667
300000,12,38.4555,-21876.6,10.2996,0.312987
315000,9,29.5254,-21849.1,8.77556,0.357867
330000,15,67.3454,-21808.3,12.4582,0.327967
345000,14,54.2557,-21772.3,14.6263,0.3226
360000,11,46.4668,-21774.5,9.12031,0.344267
375000,15,63.4037,-21803.2,12.0415,0.347189
390000,17,67.6237,-21783.7,15.0439,0.349467
405000,13,59.1162,-21798.3,8.64596,0.321533
420000,12,45.1981,-21794.3,11.2258,0.3669
435000,11,43.7251,-21792.1,13.779,0.340533
450000,21,92.0817,-21753.9,27.7595,0.364822
465000,27,111.719,-21737.2,28.7955,0.384067
480000,25,103.04,-21723.9,26.2355,0.372733
495000,40,189.276,-21744.2,45.0961,0.3832
510000,14,62.2011,-21804.2,16.3155,0.319495
525000,18,73.6072,-21810.3,21.4436,0.3284
540000,24,101.414,-21743.4,20.4264,0.362219
555000,25,107.087,-21734.1,27.319,0.369733
570000,23,95.8317,-21748.8,23.0486,0.389533
585000,26,119.603,-21729.1,35.306,0.386067
600000,19,73.1668,-21732.2,19.5528,0.362733
615000,23,101.305,-21707.2,38.6034,0.383792
630000,36,155.197,-21719.4,35.8063,0.374867
645000,30,122.262,-21734.3,27.7276,0.397533
660000,27,110.052,-21711.7,22.9392,0.388333
675000,25,106.002,-21727.8,36.2125,0.374867
690000,32,142.916,-21697.6,38.9663,0.387667
705000,29,119.457,-21708.8,34.007,0.385533
720000,35,160.156,-21708.4,39.711,0.3802
735000,45,179.745,-21690.4,41.0013,0.372843
750000,33,145.836,-21690.8,33.718,0.3941
765000,36,168.352,-21715.5,39.4907,0.3782
780000,38,165.087,-21680,41.331,0.387578
795000,37,157.576,-21680.4,56.2375,0.3835
810000,50,205.874,-21680.4,50.0449,0.395
825000,41,172.126,-21694,41.6999,0.408733
840000,40,171.883,-21674.7,39.9101,0.387827
855000,43,183.786,-21682.5,44.8021,0.397967
870000,58,255.861,-21664.3,66.4185,0.394678
885000,39,170.988,-21671.8,41.0427,0.401467
900000,45,207.664,-21664.2,65.6728,0.383
915000,41,182.157,-21686.8,53.056,0.3966
930000,32,134.674,-21683.3,34.4617,0.390067
945000,31,131.423,-21685.1,31.6897,0.366667
960000,55,251.931,-21669.6,54.3214,0.389217
975000,53,241.708,-21646,50.6011,0.423467
990000,53,222.279,-21636.9,53.2838,0.4012
1005000,49,233.648,-21654.3,59.6533,0.396733
1020000,47,199.339,-21645.3,53.6436,0.398533
1035000,50,215.427,-21627.3,57.2224,0.388733
1050000,60,243.861,-21626.3,53.0634,0.3964
1065000,57,248.169,-21626.7,45.1687,0.405267
1080000,57,226.502,-21606.8,59.2471,0.382133
1095000,70,294.12,-21591.2,69.315,0.401267
1110000,88,374.556,-21611.7,96.8664,0.4064
1125000,83,325.375,-21615.1,70.3838,0.415133
1140000,74,314.349,-21587.4,67.8854,0.415533
1155000,61,271.457,-21597.5,61.8895,0.412933
1170000,61,246.016,-21590.4,57.9904,0.391467
1185000,57,246.92,-21593.4,55.2778,0.389267
1200000,32,139.963,-21693.4,30.7007,0.393419
1215000,59,251.851,-21617.1,75.176,0.394533
1230000,67,289.802,-21614.9,66.812,0.408133
1245000,79,350.471,-21607.1,83.7929,0.4082
1260000,75,295.967,-21592.4,63.3665,0.41
1275000,73,308.991,-21574.1,89.9378,0.414667
1290000,60,242.306,-21616.7,68.1408,0.405133
1305000,68,306.229,-21614.6,74.4761,0.394333
1320000,68,290.284,-21598.1,66.9224,0.400133
1335000,81,356.833,-21601.3,64.7251,0.405933
1350000,76,340.784,-21584.3,68.2723,0.4246
1365000,76,316.617,-21586.4,89.346,0.404467
1380000,66,266.95,-21598.8,80.3828,0.4122
1395000,76,323.747,-21587,82.2979,0.405533
1410000,84,349.802,-21586.9,95.9949,0.4166
1425000,73,305.811,-21667.9,67.2004,0.391384
1440000,71,303.437,-21575.9,62.4471,0.421
1455000,69,305.353,-21600.1,71.3228,0.4056
1470000,60,251.361,-21629.6,56.6834,0.406
1485000,49,218.354,-21602.4,42.7354,0.400733
1500000,58,244.714,-21620.2,56.0948,0.3956
1515000,68,299.578,-21608.8,64.1722,0.396533
1530000,34,145.277,-21686.6,33.7088,0.390967
1545000,61,263.176,-21607.1,53.6188,0.401967
1560000,66,261.643,-21612.9,66.8457,0.403667
1575000,65,282.826,-21607.5,78.6853,0.392267
1590000,79,330.732,-21618.5,79.7319,0.413467
1605000,70,301.7,-21615.6,79.3615,0.4184
1620000,48,213.692,-21669.7,46.5027,0.391156
1635000,63,284.429,-21631,69.9303,0.407767
1650000,67,282.831,-21637.3,64.3098,0.414133
1665000,53,233.29,-21609.3,69.0769,0.409489
1680000,60,251.86,-21621,62.5233,0.4014
1695000,60,241.277,-21621,67.2213,0.403711
1710000,69,301.555,-21618.9,69.8011,0.4224
1725000,76,316.883,-21607.1,92.6305,0.418267
1740000,46,190.466,-21649.9,41.834,0.389683
1755000,56,239.716,-21604.6,57.0639,0.398
1770000,62,262.396,-21616.9,50.2167,0.3992
1785000,66,275.749,-21615.1,59.2966,0.415933
1800000,68,294.679,-21607.2,65.1054,0.4098
1815000,70,302.556,-21626.9,75.4093,0.410733
1830000,60,253.791,-21615.7,53.1627,0.398933
1845000,69,285.767,-21615.9,77.3132,0.411267
1860000,56,238.378,-21622.7,82.0272,0.403533
1875000,50,227.506,-21652.3,48.7522,0.398704
1890000,64,277.319,-21627.5,64.676,0.3965
1905000,55,228.984,-21623.3,56.6449,0.396733
1920000,48,211.597,-21646.1,42.1649,0.374917
1935000,52,215.976,-21626.4,45.9578,0.402
1950000,56,247.848,-21627.2,55.305,0.402622
1965000,56,255.984,-21641,64.8995,0.397433
1980000,42,181.913,-21628.5,41.0681,0.4033
1995000,59,241.393,-21645.9,81.4829,0.388833
2010000,67,300.1,-21608.8,61.2949,0.396867
2025000,70,308.189,-21602.2,68.7194,0.4098
2040000,61,252.827,-21607.2,54.955,0.417067
2055000,56,258.701,-21633.5,63.7737,0.4064
2070000,46,191.98,-21618.4,39.8198,0.3928
2085000,64,262.027,-21600.5,70.0233,0.398333
2100000,65,273.682,-21635,72.1605,0.378194
2115000,65,282.694,-21617.5,64.4303,0.416933
2130000,71,303.208,-21605.7,66.9182,0.411667
2145000,68,299.22,-21637.1,82.9767,0.403222
2160000,57,244.717,-21624.9,71.6463,0.4019
2175000,64,269.046,-21631.1,58.9605,0.409133
2190000,56,241.002,-21644.2,57.7405,0.387289
2205000,57,252.796,-21616.5,31.0079,0.4192
2220000,60,265.287,-21637.3,72.6724,0.397867
2235000,55,248.118,-21633.9,64.0746,0.409333
2250000,49,208.808,-21660.7,51.2597,0.403533
2265000,43,188.5,-21669,46.891,0.390576
2280000,53,232.003,-21631.6,53.6243,0.380633
2295000,57,244.452,-21615.8,54.4795,0.403167
2310000,60,257.707,-21597.6,59.3821,0.395333
2325000,70,317.111,-21605.3,73.9945,0.411933
2340000,55,232.561,-21656.4,51.6501,0.412567
2355000,48,204.718,-21645.3,51.9606,0.39
2370000,70,307.943,-21646.6,71.2719,0.386267
2385000,53,234.36,-21639.6,57.3611,0.402133
2400000,58,236.321,-21618.1,50.2118,0.406867
2415000,60,243.674,-21621.9,58.7778,0.401133
2430000,36,159.561,-21657.9,36.6659,0.3862
2445000,42,182.331,-21633.5,48.2324,0.38005
2460000,53,221.236,-21627.3,47.916,0.3576
2475000,53,243.816,-21666.2,55.2994,0.394089
2490000,63,278.178,-21640.5,70.7087,0.4172
2505000,59,260.756,-21605.6,53.9618,0.403444
2520000,63,264.424,-21630.9,71.5337,0.403633
2535000,58,251.85,-21639.5,69.3009,0.409333
2550000,48,213.541,-21669.8,45.0253,0.399833
2565000,60,262.867,-21623.7,48.036,0.405933
2580000,68,298.139,-21606.2,82.5194,0.39692
2595000,67,301.165,-21619.4,79.697,0.404267
2610000,47,177.004,-21639.6,35.1352,0.397289
2625000,59,261.282,-21607.7,51.7503,0.402167
2640000,64,287.34,-21610.9,57.2405,0.3938
2655000,54,246.209,-21651.7,65.3057,0.404511
2670000,57,247.302,-21646.7,56.2407,0.395758
2685000,52,221.076,-21662,54.4934,0.4076
2700000,47,190.258,-21669.6,53.8652,0.4012
2715000,58,246.848,-21615.3,52.1885,0.40492
2730000,64,259.595,-21629.1,62.3812,0.4194
2745000,59,254.967,-21619,59.098,0.406467
2760000,62,276.992,-21662.8,69.6216,0.404305
2775000,61,274.616,-21592.9,62.5952,0.4087
2790000,52,232.789,-21603,45.5339,0.3872
2805000,58,253.115,-21615.2,42.8816,0.398
2820000,69,313.059,-21615.7,71.4085,0.402067
2835000,60,251.745,-21624.4,61.8133,0.406467
2850000,60,243.677,-21604.3,69.5731,0.389533
2865000,68,276.133,-21600,59.9098,0.399067
2880000,48,190.174,-21665.1,45.9939,0.394422
2895000,70,299.985,-21634.9,74.2785,0.415867
2910000,64,286.504,-21597,69.597,0.413867
2925000,41,181.947,-21634,32.5129,0.392578
2940000,53,206.296,-21615.5,51.2618,0.405433
2955000,61,226.607,-21602.8,61.4109,0.410333
2970000,61,260.095,-21634.8,51.2806,0.399605
2985000,81,333.183,-21594.7,78.9901,0.410533
3000000,48,206.103,-21655.8,53.2737,0.402933
3015000,42,177.328,-21659.5,31.7957,0.398467
3030000,56,249.314,-21651.1,66.1136,0.4105
3045000,52,223.774,-21619,52.1445,0.4065
3060000,58,255.666,-21670.2,65.9038,0.4001
3075000,58,238.419,-21614.7,48.9305,0.397267
3090000,64,267.942,-21615.8,60.7376,0.409467
3105000,77,356.212,-21632.9,83.2641,0.409933
3120000,67,289.649,-21617.5,69.0145,0.411267
3135000,50,215.051,-21642.3,53.8299,0.401667
3150000,53,228.127,-21636.6,48.6568,0.398556
3165000,40,174.752,-21631,37.5436,0.397867
3180000,37,158.49,-21643,33.3023,0.387933
3195000,48,200.446,-21657.7,35.9169,0.394067
3210000,64,266.108,-21605,74.9517,0.3853
3225000,58,244.383,-21611.7,48.3748,0.4008
3240000,53,218.871,-21607.7,56.4479,0.385067
3255000,54,246.304,-21632.2,51.3608,0.396067
3270000,48,205.5,-21639.6,42.6125,0.392867
3285000,57,230.456,-21653.1,58.2311,0.387267
3300000,61,270.369,-21613,56.2419,0.395133
3315000,66,288.434,-21613.6,61.3309,0.406667
3330000,61,264.373,-21600,62.8001,0.4038
3345000,47,201.085,-21660.3,58.0635,0.388176
3360000,58,240.51,-21649.8,67.3874,0.397
3375000,58,237.796,-21627.7,63.891,0.413733
3390000,61,253.901,-21638.3,55.6253,0.404133
3405000,50,214.907,-21624.9,46.9876,0.374317
3420000,41,176.945,-21653.6,38.8806,0.379067
3435000,57,244.303,-21637.9,55.8245,0.387838
3450000,42,173.333,-21636.2,60.9899,0.386467
3465000,39,157.901,-21655.6,42.2342,0.3704
3480000,49,222.378,-21657.5,50.0115,0.388478
3495000,47,203.828,-21657.3,52.6464,0.3907
3510000,47,207.815,-21642.9,50.8789,0.3736
3525000,44,189.67,-21642.9,50.6125,0.377
3540000,42,179.405,-21663.8,46.0748,0.390333
3555000,35,138.254,-21652.9,30.0134,0.382373
3570000,42,197.103,-21650.9,50.8787,0.386733
3585000,44,188.726,-21657.9,61.8632,0.3874
3600000,52,221.7,-21649.2,36.9895,0.403
3615000,60,263.677,-21653.7,47.8302,0.3953
3630000,63,262.07,-21626.3,63.653,0.409733
3645000,67,286.908,-21621.7,66.0132,0.411133
3660000,68,285.926,-21613.7,60.4089,0.394867
3675000,54,224.659,-21628.5,61.4062,0.3984
3690000,59,274.289,-21628.7,48.0315,0.4025
3705000,44,184.458,-21627.5,51.0757,0.383067
3720000,60,264.917,-21617.9,65.5364,0.3871
3735000,70,306.381,-21630,74.1181,0.4044
3750000,50,211.213,-21630.9,53.061,0.402356
3765000,75,337.833,-21613.5,88.6715,0.4063
3780000,68,266.065,-21629.9,59.5812,0.403767
3795000,66,277.681,-21613.7,71.2439,0.408967
3810000,53,238.559,-21637.5,68.3191,0.399867
3825000,39,168.394,-21673.1,49.6828,0.3936
3840000,72,310.782,-21605.8,84.6381,0.393178
3855000,49,212.248,-21662.4,52.0919,0.4069
3870000,79,326.54,-21568.5,84.5485,0.408633
3885000,91,399.752,-21603.8,80.9574,0.421867
3900000,85,385.514,-21593.5,73.4447,0.414467
3915000,71,317.38,-21597.6,80.7268,0.405467
3930000,53,217.266,-21633.1,40.6505,0.39928
3945000,62,262.844,-21603.2,78.1862,0.388367
3960000,47,196.226,-21651.5,43.4262,0.395153
3975000,68,290.647,-21587.5,78.8889,0.393967
3990000,66,281.251,-21605.1,54.8939,0.395133
4005000,43,182.653,-21688.6,44.8065,0.399511
4020000,68,288.806,-21634.9,70.1703,0.401956
4035000,70,294.759,-21630.6,65.6279,0.421333
4050000,83,322.98,-21632.6,54.3457,0.4256
4065000,73,319.88,-21628.2,73.0983,0.434667
4080000,64,277.075,-21582.2,72.846,0.397033
4095000,60,251.389,-21638.5,53.9092,0.408833
4110000,81,358.42,-21617.9,80.8291,0.401667
4125000,71,324.46,-21610,65.1195,0.4096
4140000,73,326.057,-21596.4,69.1399,0.402867
4155000,90,388.309,-21570.7,83.6868,0.4144
4170000,38,145.819,-21671,42.5573,0.388364
4185000,81,357.839,-21606.6,74.3098,0.414667
4200000,81,357.771,-21609.3,82.2397,0.420533
4215000,67,284.363,-21625.8,61.7006,0.4072
4230000,53,232.197,-21625.5,44.3585,0.404533
4245000,45,175.115,-21616.8,36.6882,0.387887
4260000,71,319.144,-21625,72.9049,0.4046
4275000,61,255.326,-21640.7,52.2571,0.375633
4290000,57,253.103,-21645.2,51.3715,0.385975
4305000,57,238.831,-21617.5,48.9139,0.399022
4320000,41,166.554,-21693.9,44.5639,0.381433
4335000,51,219.989,-21690.8,52.2984,0.410733
4350000,51,225.654,-21648.7,54.9461,0.4058
4365000,50,213.054,-21629.5,49.5197,0.395533
4380000,52,227.916,-21640.1,53.9493,0.382733
4395000,49,194.082,-21649,46.5104,0.3998
4410000,63,276.686,-21627,68.8758,0.388286
4425000,56,246.927,-21620,60.8134,0.389267
4440000,65,287.382,-21646.4,58.9375,0.3924
4455000,55,238.729,-21636.2,54.13,0.391067
4470000,54,242.32,-21620,59.621,0.384489
4485000,59,264.772,-21592.4,75.2664,0.384133
4500000,57,253.613,-21606.3,63.5778,0.3792
4515000,53,239.623,-21610.1,51.395,0.378733
4530000,41,171.593,-21637.1,41.0132,0.38484
4545000,55,237.409,-21617.3,43.4783,0.379733
4560000,45,201.252,-21643,44.4055,0.3726
4575000,50,215.182,-21618.1,45.4118,0.384333
4590000,48,203.853,-21602.9,38.9935,0.3746
4605000,43,186.556,-21669.2,37.2806,0.384085
4620000,45,196.875,-21637.1,44.5334,0.372747
4635000,57,251.896,-21620,55.4811,0.382133
4650000,42,171.805,-21628,52.1908,0.370367
4665000,57,248.844,-21640.6,48.5059,0.382867
4680000,49,211.504,-21609.1,49.0246,0.3962
4695000,61,257.938,-21611.8,59.1367,0.3862
4710000,78,335.665,-21626,72.3309,0.403733
4725000,69,290.036,-21631.2,65.8712,0.404333
4740000,61,263.397,-21637.3,62.0789,0.403933
4755000,50,203.109,-21624,54.9571,0.3926
4770000,47,212.607,-21642.7,61.3025,0.384133
4785000,44,199.978,-21632.7,34.7451,0.3765
4800000,54,235.503,-21632.4,59.293,0.361733
4815000,57,251.722,-21617.4,58.9649,0.388933
4830000,50,225.596,-21623.5,52.368,0.3908
4845000,50,214.537,-21628,57.1734,0.39152
4860000,39,164.412,-21649.7,35.0691,0.371867
4875000,50,201.591,-21640.3,44.8886,0.3584
4890000,49,221.1,-21651.1,54.6574,0.399178
4905000,48,210.079,-21637.6,42.5235,0.401133
4920000,53,225.448,-21631.9,54.0346,0.394933
4935000,56,245.951,-21622.3,58.8236,0.408
4950000,56,237.047,-21656.2,50.5133,0.3968
4965000,38,161.356,-21648.2,35.6532,0.382433
4980000,49,216.753,-21634.8,45.3393,0.363467
4995000,43,167.723,-21646.8,50.4951,0.385033
5010000,47,200.377,-21635,59.1766,0.3915
5025000,54,231.95,-21643.8,47.8119,0.378267
5040000,52,230.619,-21640.6,49.0409,0.381289
5055000,44,190.717,-21662.6,50.3827,0.370733
5070000,45,197.183,-21624.7,36.4736,0.3883
5085000,49,209.934,-21633.4,49.6729,0.3618
5100000,57,250.41,-21620,54.3076,0.388933
5115000,41,179.396,-21640.7,36.1834,0.373567
5130000,48,216.596,-21656.3,44.1777,0.383162
5145000,64,290.127,-21624.8,62.1896,0.392667
5160000,53,225.202,-21654.8,46.5037,0.407
5175000,55,237.797,-21634.7,56.6333,0.420467
5190000,65,295.117,-21628.1,78.501,0.408244
5205000,46,198.332,-21646.5,48.1714,0.393
5220000,39,183.563,-21646.9,30.2363,0.389622
5235000,44,206.945,-21631.4,48.9383,0.378017
5250000,54,230.063,-21639.1,50.9155,0.391956
5265000,46,202.98,-21636.8,56.8866,0.395533
5280000,50,218.097,-21633.5,64.7043,0.393067
5295000,46,208.054,-21631.9,47.2955,0.3946
5310000,41,193.112,-21646.5,52.713,0.372267
5325000,43,191.033,-21645.7,50.805,0.369533
5340000,34,146.82,-21674.9,37.9212,0.350819
5355000,30,138.527,-21664.8,28.7861,0.3612
5370000,39,178.709,-21667.8,32.1827,0.383
5385000,45,194.479,-21658.2,49.3284,0.3919
5400000,39,177.877,-21656.4,40.8506,0.339156
5415000,34,154.973,-21665.9,37.1194,0.371667
5430000,48,207.51,-21668.8,61.541,0.403356
5445000,42,179.326,-21675.6,39.7935,0.39052
5460000,42,174.989,-21660.6,48.8499,0.386867
5475000,41,182.768,-21664.8,33.7311,0.397733
5490000,37,166.727,-21670.9,42.1447,0.400533
5505000,30,124.721,-21657.6,36.9918,0.344356
5520000,46,201.089,-21665.8,39.1953,0.395311
5535000,45,192.453,-21650.9,51.7775,0.382467
5550000,44,197.986,-21660.8,43.8148,0.366667
5565000,37,168.717,-21659.7,33.03,0.3664
5580000,41,170.389,-21651.7,37.5222,0.388178
5595000,51,230.284,-21651.4,57.5168,0.389133
5610000,45,186.301,-21656.4,52.3094,0.383542
5625000,51,230.031,-21651.8,56.9801,0.4034
5640000,47,205.566,-21641.6,49.3159,0.3968
5655000,46,196.798,-21675.4,54.3091,0.398267
5670000,49,183.522,-21650.1,42.2837,0.400187
5685000,47,199.646,-21646,47.0329,0.3878
5700000,45,197.17,-21641.8,45.5881,0.3902
5715000,60,266.344,-21630,55.6554,0.399267
5730000,43,183.2,-21639.6,47.0528,0.39384
5745000,39,177.471,-21683.4,37.6745,0.351822
5760000,46,197.958,-21657.4,49.1595,0.3962
5775000,48,206.998,-21661.3,60.9642,0.385533
5790000,53,224.665,-21630.8,66.1426,0.397013
5805000,34,155.004,-21676.9,31.3029,0.347117
5820000,63,272.498,-21630,62.5186,0.397833
5835000,66,295.912,-21618.5,51.4083,0.409533
5850000,69,320.686,-21635.2,99.3656,0.414133
5865000,64,274.368,-21638.8,80.9468,0.413
5880000,41,178.211,-21654.5,36.7143,0.36456
5895000,42,169.69,-21638.8,28.8953,0.398533
5910000,68,312.112,-21673.2,87.7724,0.4042
5925000,48,205.54,-21650.5,54.1502,0.382967
5940000,64,275.406,-21642,66.3578,0.4159
5955000,45,196.191,-21655.9,45.5757,0.359307
5970000,45,185.269,-21626.7,55.1815,0.390844
5985000,41,171.189,-21671.6,35.4757,0.3563
6000000,46,185.605,-21639.2,40.6078,0.380667
6015000,50,210.138,-21639,51.1919,0.392267
6030000,51,211.878,-21649,41.1352,0.391733
6045000,47,195.029,-21632.2,39.8613,0.381567
6060000,42,178.352,-21636.9,33.3775,0.3903
6075000,38,172.63,-21649.9,40.7868,0.390393
6090000,57,258.428,-21630.3,53.5433,0.384733
6105000,62,279.821,-21611.1,67.5419,0.387033
6120000,64,283.314,-21616.4,70.6211,0.408267
6135000,51,210.304,-21619.2,54.1769,0.399622
6150000,62,260.073,-21597.9,64.5815,0.4061
6165000,63,283.378,-21619.5,60.9338,0.393967
6180000,64,275.716,-21620.5,74.9846,0.4106
6195000,75,326.775,-21612.3,85.0733,0.419667
6210000,64,279.269,-21619.1,85.3354,0.424533
6225000,59,254.131,-21638.8,70.9798,0.397573
6240000,40,167.629,-21658.4,35.4504,0.403988
6255000,55,233.505,-21677.2,63.4306,0.418
6270000,56,243.219,-21632.3,62.5201,0.41565
6285000,50,223.598,-21634.3,62.2217,0.396183
6300000,56,247.047,-21638.7,61.6313,0.4072
6315000,55,235.302,-21650.7,52.3218,0.392767
6330000,61,274.113,-21648,70.534,0.394067
6345000,64,281.834,-21624.5,79.3435,0.4156
6360000,41,191.303,-21651.5,47.955,0.393752
6375000,77,327.317,-21617.8,91.5281,0.410967
6390000,62,264.361,-21611.1,56.1199,0.409467
6405000,71,313.134,-21613.9,71.5944,0.416
6420000,60,256.055,-21618.2,52.5243,0.410133
6435000,51,223.322,-21636.1,55.1189,0.385733
6450000,52,222.527,-21605,50.9689,0.403133
6465000,49,223.816,-21664.2,62.9407,0.388767
6480000,56,221.621,-21638.8,45.7681,0.397267
6495000,45,191.168,-21646.8,45.4248,0.393972
6510000,53,242.126,-21653,43.1322,0.393867
6525000,44,190.676,-21630.3,34.5199,0.3768
6540000,50,217.225,-21652.8,63.5029,0.392
6555000,60,269.354,-21686.1,60.9978,0.408356
6570000,45,191.687,-21631.5,45.0655,0.389489
6585000,52,207.258,-21638.9,44.4618,0.395089
6600000,56,240.844,-21619.8,58.3781,0.3912
6615000,58,252.946,-21619.1,57.6524,0.3831
6630000,51,218.574,-21641.3,37.2959,0.381933
6645000,65,259.026,-21610.5,77.974,0.411367
6660000,59,261.72,-21655.3,56.7117,0.406367
6675000,56,223.735,-21611.2,49.5974,0.403633
6690000,59,250.499,-21628.2,60.4781,0.393267
6705000,55,246.485,-21643.2,59.8622,0.404
6720000,49,204.631,-21618.1,44.8614,0.395817
6735000,59,232.049,-21622.5,53.9762,0.400233
6750000,61,254.285,-21647.9,63.7027,0.400767
6765000,56,250.195,-21642.4,51.5623,0.402086
6780000,59,262.111,-21637.5,47.7202,0.403733
6795000,51,224.933,-21634.6,50.3947,0.402317
6810000,46,199.076,-21639.7,46.2481,0.394433
6825000,51,219.966,-21624.6,50.6646,0.396767
6840000,53,227.732,-21603.9,58.5538,0.387767
6855000,53,222.747,-21625.1,44.6723,0.410667
6870000,52,213.256,-21633.7,60.0594,0.392333
6885000,57,221.639,-21651,57.002,0.401267
6900000,50,225.308,-21642.1,42.8155,0.391644
6915000,53,221.148,-21642.7,57.6819,0.393267
6930000,60,265.612,-21650.9,53.9845,0.415067
6945000,60,258.581,-21635.6,78.6354,0.4012
6960000,71,299.229,-21621.7,57.9279,0.4006
6975000,52,220.282,-21631.4,52.9871,0.398778
6990000,50,212.597,-21650.3,51.1373,0.411333
7005000,56,230.806,-21650.7,53.3299,0.39324
7020000,61,265.731,-21656.2,78.0245,0.412517
7035000,61,274.295,-21633.2,47.3578,0.420333
7050000,58,266.485,-21633.6,48.4193,0.407578
7065000,59,259.787,-21624.2,66.4983,0.414667
7080000,69,290.818,-21608.9,67.0922,0.400678
7095000,66,275.675,-21619.9,64.7203,0.4178
7110000,53,241.103,-21631.1,53.2336,0.393422
7125000,67,274.581,-21612.6,47.942,0.407967
7140000,77,332.594,-21599.8,86.2039,0.4078
7155000,75,322.484,-21606.5,72.3253,0.4172
7170000,66,280.52,-21610.3,67.5558,0.401667
7185000,69,286.764,-21579.6,58.7836,0.400933
7200000,63,274.17,-21607.3,58.8366,0.396711
7215000,72,335.817,-21584.1,66.809,0.4054
7230000,74,342.543,-21582.3,61.2734,0.4126
7245000,67,290.508,-21614.9,65.6649,0.406
7260000,68,304.143,-21608.9,71.8252,0.408633
7275000,61,265.404,-21618.1,59.6797,0.4022
7290000,61,250.161,-21628.6,58.7316,0.407467
7305000,50,203.509,-21684.3,42.8101,0.393681
7320000,55,229.148,-21617.4,44.9784,0.408867
7335000,48,201.985,-21633.5,57.7204,0.388933
7350000,57,248.104,-21610.2,59.8941,0.386867
7365000,61,265.378,-21632.6,64.3986,0.387453
7380000,54,230.607,-21637.7,51.0441,0.412
7395000,63,275.864,-21591,56.0221,0.4056
7410000,42,186.523,-21674.5,40.4789,0.399686
7425000,67,289.714,-21607,75.6689,0.400567
7440000,68,284.115,-21609.1,69.3124,0.410533
7455000,68,293.719,-21597.3,73.46,0.403267
7470000,73,312.379,-21615.4,72.0708,0.410733
7485000,50,205.282,-21634.6,48.0185,0.404133
7500000,60,270.607,-21615.5,55.7307,0.408
7515000,53,237.739,-21627.5,66.7048,0.3956
7530000,59,245.544,-21617.1,61.2862,0.398367
7545000,57,245.086,-21607.3,74.1439,0.3981
7560000,56,253.607,-21612.6,56.1114,0.3954
7575000,48,218.904,-21613,57.1813,0.3938
7590000,73,301.819,-21613.6,58.3675,0.393917
7605000,85,377.874,-21609.8,91.5595,0.419733
7620000,71,325.696,-21598.8,60.9621,0.4102
7635000,68,290.817,-21607,57.028,0.396533
7650000,70,309.366,-21603,55.5899,0.401333
7665000,66,291.437,-21607.2,61.3991,0.400322
7680000,52,227.699,-21639.7,56.0295,0.403733
7695000,56,244.705,-21651.6,59.6732,0.3836
7710000,49,207.56,-21632.1,54.671,0.400778
7725000,60,251.205,-21619.9,54.4394,0.401367
7740000,49,216.637,-21650.5,61.6519,0.393267
7755000,58,248.374,-21621.7,62.811,0.397711
7770000,49,215.016,-21644.6,43.6029,0.396433
7785000,43,194.716,-21640.2,42.0164,0.376333
7800000,57,252.024,-21641.4,80.9767,0.386467
7815000,40,177.742,-21619.2,46.7681,0.372933
7830000,53,218.243,-21624.7,57.0298,0.402827
7845000,42,180.948,-21631.8,54.9001,0.386267
7860000,58,271.945,-21627.8,56.9508,0.4042
7875000,42,177.141,-21646.9,31.583,0.384183
7890000,49,206.276,-21628.9,45.8307,0.4014
7905000,62,276.13,-21626.7,62.1435,0.385767
7920000,69,289.936,-21621.9,69.6909,0.4014
7935000,56,240.966,-21634.4,54.5525,0.413667
7950000,67,276.256,-21621.8,61.0049,0.4044
7965000,44,187.305,-21643,45.0261,0.392867
7980000,53,201.008,-21629.2,53.1377,0.407467
7995000,42,192.938,-21621.2,36.6472,0.389067
8010000,37,162.15,-21684.3,35.3232,0.387458
8025000,60,252.564,-21633.2,69.2421,0.400044
8040000,63,273.33,-21641.5,43.8867,0.417667
8055000,60,270.894,-21623.3,56.8702,0.405667
8070000,44,178.935,-21640.3,49.7471,0.398347
8085000,38,161.219,-21646.8,39.6795,0.380933
8100000,58,248.957,-21628.9,64.1729,0.394844
8115000,65,270.713,-21647.5,63.4999,0.390133
8130000,60,252.552,-21631.7,61.8924,0.410133
8145000,61,262.052,-21648.1,44.2439,0.406867
8160000,60,253.389,-21650.6,56.612,0.4146
8175000,61,260.268,-21653.3,50.9914,0.409467
8190000,55,234.491,-21637.8,56.731,0.401667
8205000,42,176.579,-21640,42.138,0.396971
8220000,36,148.894,-21681.3,37.9305,0.38369
8235000,59,248.371,-21629.3,60.3118,0.3829
8250000,46,193.732,-21645.7,47.0266,0.385033
8265000,62,269.341,-21635,57.9791,0.4017
8280000,54,216.91,-21655.3,41.5012,0.400467
8295000,51,212.026,-21648.9,59.0563,0.393933
8310000,49,203.752,-21651.6,44.2915,0.395289
8325000,28,123.658,-21696.2,27.9565,0.382229
8340000,66,281.296,-21647.2,64.3103,0.3873
8355000,53,230.829,-21650,47.8071,0.411133
8370000,65,274.97,-21632.2,67.6625,0.405267
8385000,74,308.582,-21636.4,68.3566,0.397722
8400000,70,295.015,-21631.2,68.1184,0.424733
8415000,67,290.1,-21638.1,74.164,0.411867
8430000,53,217.769,-21631.2,57.8753,0.41065
8445000,59,262.434,-21650.9,76.698,0.411967
8460000,54,229.223,-21660.2,53.2238,0.404767
8475000,58,249.025,-21648.6,52.1558,0.406867
8490000,63,273.113,-21621.9,65.6368,0.4072
8505000,59,256.372,-21644.3,63.4046,0.395983
8520000,43,184.879,-21685.8,37.1316,0.3878
8535000,83,363.474,-21637.9,68.2157,0.421267
8550000,89,399.385,-21628.4,70.1184,0.4306
8565000,79,340.972,-21631.1,86.0652,0.432267
8580000,83,369.521,-21630,86.4528,0.4276
8595000,68,288.642,-21630.4,78.6893,0.423333
8610000,66,296.505,-21636,67.0231,0.41
8625000,48,213.693,-21658.4,52.5295,0.406775
8640000,60,250.144,-21619.1,62.5116,0.4082
8655000,46,185.827,-21635,37.2647,0.39477
8670000,56,234.93,-21610.6,60.9962,0.391833
8685000,68,288.031,-21607.6,82.9138,0.389867
8700000,55,242.394,-21682.9,57.4792,0.387
8715000,67,291.847,-21671.7,81.7568,0.397733
8730000,73,313.196,-21607.5,87.5242,0.419956
8745000,44,174.936,-21666,52.1685,0.407133
8760000,79,347.089,-21615.5,92.6783,0.4036
8775000,52,236.214,-21626.9,46.8651,0.397033
8790000,74,320.393,-21593.5,84.4589,0.412567
8805000,44,186.941,-21672.1,41.3307,0.394057
8820000,57,228.413,-21591.9,67.6669,0.39
8835000,57,251.753,-21602.7,63.9626,0.387133
8850000,57,246.534,-21606,51.8273,0.3788
8865000,56,232.812,-21628,59.7719,0.394
8880000,54,210.475,-21629.5,51.1066,0.401867
8895000,47,193.051,-21628.1,47.9183,0.403467
8910000,49,202.97,-21653.2,53.4516,0.392333
8925000,52,217.555,-21658.8,55.1216,0.396133
8940000,62,263.001,-21649.4,57.6509,0.403479
8955000,63,258.927,-21646.8,58.8405,0.4016
8970000,45,186.205,-21648.6,44.0062,0.406167
8985000,69,292.346,-21637,57.417,0.407933
9000000,69,304.769,-21618.5,73.9798,0.424333
9015000,72,309.378,-21607.4,70.6736,0.4246
9030000,48,209.271,-21642.4,50.8643,0.404717
9045000,56,231.155,-21625.5,49.2824,0.404733
9060000,52,226.49,-21667.2,41.2894,0.3988
9075000,63,271.758,-21643.4,58.2976,0.4016
9090000,61,272.739,-21640.3,57.2271,0.397867
9105000,54,241.176,-21618,53.7507,0.3896
9120000,59,249.636,-21614.4,70.797,0.390867
9135000,66,291.864,-21606.9,67.4349,0.407533
9150000,59,245.923,-21623.9,50.9956,0.386686
9165000,30,127.775,-21700.7,38.2827,0.387597
9180000,50,198.684,-21631.5,43.3481,0.401778
9195000,57,249.67,-21636.1,73.41,0.385956
9210000,72,319.597,-21628.4,59.5106,0.399733
9225000,64,274.83,-21616.9,63.1345,0.404711
9240000,56,246.994,-21650.9,61.1903,0.405967
9255000,59,264.413,-21606,56.0101,0.407767
9270000,46,201.709,-21649.5,41.7662,0.382033
9285000,45,196.434,-21649.5,43.7801,0.371333
9300000,33,146.229,-21713.2,49.9582,0.398415
9315000,47,195.612,-21635.6,51.9963,0.398867
9330000,60,259.658,-21617.4,61.1805,0.379911
9345000,56,247.864,-21653.4,62.1703,0.389733
9360000,65,293.47,-21618.8,66.3807,0.396467
9375000,66,278.033,-21635.5,59.985,0.4134
9390000,53,240.69,-21646.1,57.3432,0.3968
9405000,52,213.57,-21626.5,47.3376,0.38804
9420000,45,192.824,-21628.2,51.0486,0.398967
9435000,48,204.072,-21639.9,50.7069,0.386867
9450000,52,221.709,-21628.9,48.1434,0.375
9465000,37,155.374,-21641.3,40.3278,0.380244
9480000,42,167.163,-21648.3,39.1344,0.369867
9495000,45,197.087,-21636.8,39.5037,0.375333
9510000,48,207.033,-21634.5,54.9506,0.389033
9525000,55,222.602,-21622.2,71.972,0.388667
9540000,55,240.389,-21641.4,56.6262,0.390333
9555000,57,246.284,-21611.3,64.0215,0.39755
9570000,68,298.524,-21615.6,55.8142,0.401
9585000,77,322.045,-21595.5,81.9868,0.404867
9600000,71,307.867,-21629.3,70.0788,0.413333
9615000,86,376.706,-21603.1,83.7645,0.415467
9630000,84,376.358,-21604.7,95.4401,0.4244
9645000,73,316.097,-21600.7,76.5616,0.409267
9660000,69,302.152,-21628.4,53.8757,0.412
9675000,71,299.375,-21606.1,66.1441,0.395667
9690000,75,328.689,-21611.9,68.6843,0.4114
9705000,55,242.398,-21643.5,56.3788,0.402767
9720000,74,333.475,-21600.9,73.7099,0.411833
9735000,71,300.714,-21628,78.9738,0.3994
9750000,65,277.954,-21643.8,59.6363,0.419533
9765000,76,355.565,-21632.1,72.409,0.424067
9780000,57,237.165,-21647.8,64.7899,0.4338
9795000,50,215.839,-21670.9,52.403,0.388511
9810000,53,233.623,-21657.9,61.436,0.419867
9825000,33,145.595,-21727.9,41.2542,0.390874
9840000,49,206.324,-21649.5,44.712,0.392333
9855000,55,239.478,-21615.7,47.7912,0.404813
9870000,53,232.552,-21655.8,45.4283,0.395933
9885000,35,152.557,-21678.3,37.7219,0.3752
9900000,61,274.19,-21644.7,54.0679,0.404767
9915000,47,208.898,-21635.7,44.5176,0.398067
9930000,33,149.834,-21695.3,43.7169,0.391286
9945000,51,224.159,-21614.6,52.8314,0.393733
9960000,52,227.448,-21624,52.8669,0.4052
9975000,56,239.953,-21643.6,49.9725,0.386133
9990000,38,165.009,-21685.5,34.224,0.3776
10005000,31,123.55,-21689,21.5444,0.387467
10020000,77,349.317,-21624.1,68.3878,0.410533
10035000,41,185.374,-21686.1,38.509,0.3924
10050000,69,317.041,-21616.1,67.4382,0.414533
10065000,53,205.004,-21611.7,59.0569,0.398
10080000,57,252.967,-21638.6,57.3261,0.400267
10095000,53,212.482,-21635.5,45.374,0.4058
10110000,60,262.269,-21627.7,65.5354,0.405467
10125000,66,277.915,-21618.5,64.1447,0.410267
10140000,61,268.72,-21604.9,53.2806,0.399133
10155000,65,283.977,-21604.3,67.2091,0.4012
10170000,62,252.158,-21607.1,58.5604,0.396067
10185000,68,296.931,-21589.7,63.3084,0.4028
10200000,69,293.46,-21609,64.331,0.401933
10215000,48,214.344,-21642.9,48.2458,0.376781
10230000,65,293.496,-21620.3,64.7598,0.4064
10245000,58,254.952,-21620.6,56.7218,0.4076
10260000,53,239.079,-21663.3,45.527,0.38756
10275000,55,251.41,-21623,61.4848,0.388033
10290000,58,253.23,-21625.8,64.4458,0.4058
10305000,50,219.634,-21630.5,40.4749,0.3978
10320000,45,178.948,-21619.3,44.6204,0.392781
10335000,54,221.513,-21624.6,54.8742,0.3878
10350000,62,272.199,-21619,73.2361,0.403733
10365000,68,296.464,-21633.5,57.1311,0.393
10380000,65,286.217,-21632.5,78.5985,0.415333
10395000,55,229.891,-21622.2,50.8376,0.408
10410000,58,250.684,-21642.5,62.9714,0.408467
10425000,64,290.266,-21649,66.2577,0.416267
10440000,65,283.461,-21642.5,65.3971,0.419067
10455000,60,243.939,-21623.1,59.2827,0.410438
10470000,54,226.931,-21645.7,51.1549,0.4104
10485000,55,221.948,-21622.3,50.3118,0.395167
10500000,50,215.312,-21634.7,47.0977,0.394867
10515000,48,199.965,-21636,64.119,0.394133
10530000,49,206.455,-21666.6,42.0727,0.397883
10545000,49,214.745,-21657.6,56.1619,0.387
10560000,54,219.055,-21639.9,57.6388,0.403556
10575000,64,267.948,-21661.7,66.5604,0.401933
10590000,65,267.752,-21648.3,70.8834,0.402867
10605000,50,214.518,-21641.9,42.343,0.390567
10620000,49,215.37,-21654.1,52.3146,0.388333
10635000,46,204.465,-21684.2,55.3162,0.396429
10650000,43,186.058,-21680.3,49.798,0.403733
10665000,40,177.215,-21661.3,40.9031,0.3888
10680000,43,176.269,-21651.6,45.1384,0.383933
10695000,40,180.679,-21674.4,42.415,0.401562
10710000,40,178.826,-21667.4,42.0966,0.388467
10725000,52,229.255,-21674,55.3663,0.402627
10740000,43,183.643,-21667.9,45.8857,0.383733
10755000,59,242.604,-21682.3,54.4806,0.388917
10770000,57,246.256,-21670.1,60.5701,0.406567
10785000,55,242.957,-21672.7,54.3295,0.402133
10800000,43,178.385,-21644.4,45.6548,0.403867
10815000,54,214.862,-21654.8,70.2822,0.3916
10830000,45,182.105,-21650.5,44.9709,0.393933
10845000,60,276.257,-21643.3,55.458,0.395683
10860000,62,264.181,-21641.9,58.712,0.4242
10875000,50,205.636,-21649.2,67.3598,0.400867
10890000,52,205.959,-21617.8,51.6531,0.376933
10905000,43,183.353,-21662.2,42.1822,0.394015
10920000,59,231.233,-21634.4,53.4817,0.390567
10935000,61,263.904,-21638.2,69.8593,0.4156
10950000,48,187.538,-21631,53.4552,0.400058
10965000,56,247.568,-21635.7,62.0322,0.3977
10980000,62,274.69,-21631.1,56.5936,0.397733
10995000,64,278.659,-21640.9,58.8517,0.4028
11010000,47,198.827,-21632,52.1388,0.3936
11025000,59,265.481,-21636.3,65.3615,0.390467
11040000,50,215.796,-21617.3,56.9239,0.399733
11055000,59,252.252,-21629.5,50.4192,0.4006
11070000,62,247.447,-21651.4,64.6745,0.396333
11085000,58,253.523,-21614.7,78.5761,0.406167
11100000,48,208.639,-21648.9,44.1224,0.394169
11115000,54,240.593,-21620,53.068,0.384833
11130000,48,206.862,-21605.5,39.8854,0.376333
11145000,58,258.221,-21601.8,54.8737,0.3836
11160000,66,280.148,-21622.2,78.9817,0.388533
11175000,59,249.762,-21603.2,52.7301,0.376
11190000,49,216.27,-21653.8,60.6102,0.377778
11205000,49,213.437,-21645.7,46.132,0.388333
11220000,72,323.232,-21591.2,63.0673,0.396533
11235000,61,272.168,-21605.1,65.2834,0.394867
11250000,62,253.845,-21610.6,58.6083,0.393867
11265000,67,287.185,-21590.9,68.4087,0.3922
11280000,66,282.108,-21599.3,60.3225,0.3978
11295000,67,286.317,-21609.1,74.8364,0.397067
11310000,58,256.459,-21613.8,63.1274,0.392667
11325000,47,199.202,-21646.7,62.0071,0.397141
11340000,56,246.364,-21616.3,53.5681,0.3892
11355000,64,273.257,-21597.2,66.7282,0.400133
11370000,43,188.402,-21629,52.2746,0.388261
11385000,58,247.234,-21624.6,49.0538,0.392733
11400000,49,219.299,-21623.5,45.2842,0.3848
11415000,53,230.551,-21642.5,53.7527,0.398278
11430000,62,263.737,-21622.5,54.2681,0.392967
11445000,71,304.94,-21615.3,74.0909,0.388533
11460000,81,341.986,-21625.3,89.7174,0.416333
11475000,90,386.41,-21615.9,71.5411,0.419333
11490000,81,352.795,-21597.6,84.6421,0.404667
11505000,72,318.539,-21596.9,82.27,0.400867
11520000,89,377.298,-21591.1,86.7102,0.411
11535000,77,343.668,-21624,73.7732,0.406733
11550000,69,313.832,-21643.6,64.6266,0.411029
11565000,67,280.569,-21590.4,61.7825,0.4104
11580000,70,303.255,-21620.3,66.7506,0.397
11595000,78,340.753,-21632.4,82.1522,0.400933
11610000,49,207.557,-21634.3,43.207,0.39852
11625000,42,182.001,-21641.2,30.8003,0.39939
11640000,51,226.005,-21633.3,54.7152,0.392933
11655000,49,205.696,-21645.5,59.5855,0.38665
11670000,45,184.504,-21621.4,50.287,0.379
11685000,53,211.727,-21643.8,46.0102,0.3844
11700000,56,247.675,-21618.1,52.1224,0.3832
11715000,46,208.333,-21638.8,47.4931,0.38984
11730000,54,234.303,-21638.2,63.1686,0.389867
11745000,53,218.999,-21643.9,53.5479,0.375533
11760000,67,281.614,-21627.1,69.7089,0.394533
11775000,59,251.432,-21670.7,66.9415,0.395527
11790000,52,229.126,-21639.8,44.3812,0.390178
11805000,46,194.553,-21635.6,40.152,0.396844
11820000,42,180.527,-21653.9,44.9231,0.391867
11835000,52,215.4,-21644.5,59.269,0.386733
11850000,46,199.388,-21633.4,51.6421,0.377778
11865000,40,175.262,-21636.7,47.4358,0.376
11880000,47,199.278,-21645.3,47.3534,0.3926
11895000,46,194.259,-21651.1,44.1892,0.407
11910000,49,227.285,-21659.2,70.0975,0.3954
11925000,45,193.305,-21649.5,53.458,0.391381
11940000,61,270.823,-21637.2,57.1137,0.399167
11955000,56,233.667,-21631.7,65.0815,0.3954
11970000,62,256.713,-21658.6,61.6276,0.3996
11985000,55,235.72,-21636.4,50.363,0.4064
12000000,64,283.063,-21631.7,66.1361,0.404467
12015000,61,260.324,-21604.4,68.2851,0.408733
12030000,61,266.246,-21634.2,67.7544,0.394173
12045000,61,268.583,-21647.9,55.0268,0.400967
12060000,54,227.508,-21630,47.1708,0.4019
12075000,42,186.216,-21662.4,38.3079,0.383771
12090000,60,235.368,-21610.3,59.9092,0.401489
12105000,54,230.766,-21657.3,68.2652,0.391178
12120000,57,242.281,-21622.9,52.4395,0.402
12135000,63,265.244,-21601.3,58.4436,0.4088
12150000,65,268.825,-21636.1,71.7915,0.4004
12165000,55,243.011,-21620.5,53.5983,0.4008
12180000,60,262.784,-21630.4,61.7357,0.399933
12195000,56,247.415,-21618.2,62.2597,0.4
12210000,57,239.513,-21622.3,56.767,0.403778
12225000,52,219.002,-21624.9,55.5412,0.401733
12240000,68,298.049,-21617.7,65.5413,0.410244
12255000,58,246.606,-21629.8,59.8477,0.416133
12270000,36,151.572,-21655.1,32.508,0.392333
12285000,47,199.606,-21631.3,51.3694,0.396483
12300000,45,187.279,-21657.4,41.0274,0.391533
12315000,51,224.432,-21670.2,54.2233,0.4018
12330000,41,174.468,-21655.5,49.7103,0.37725
12345000,54,244.133,-21661.1,49.5917,0.396356
12360000,50,225.541,-21648,53.7133,0.387667
12375000,43,188.152,-21634.2,43.6171,0.396
12390000,38,167.651,-21660.2,34.1257,0.389817
12405000,47,198.626,-21666.5,55.132,0.3826
12420000,45,200.214,-21634.9,46.1924,0.384267
12435000,61,268.045,-21660.6,61.7633,0.395733
12450000,58,253.322,-21656.5,52.7632,0.4116
12465000,63,263.742,-21654.7,62.067,0.405933
12480000,44,200.024,-21649.5,44.7883,0.398167
12495000,43,186.553,-21649,48.4981,0.388267
12510000,50,217.038,-21642.5,57.9413,0.393
12525000,55,239.82,-21628,60.9396,0.3996
12540000,43,189.909,-21666.8,45.8874,0.387185
12555000,54,229.82,-21620.7,53.1826,0.392733
12570000,55,235.435,-21638.9,53.5687,0.385467
12585000,55,240.289,-21631.8,45.9024,0.393867
12600000,40,166.078,-21650.5,49.6691,0.403304
12615000,41,177.495,-21657,42.621,0.39
12630000,52,211.427,-21630.4,42.9288,0.385133
12645000,61,269.36,-21624.3,61.1099,0.387717
12660000,59,256.825,-21623.2,59.937,0.383767
12675000,54,225.03,-21605.8,67.006,0.403667
12690000,61,255.588,-21616.5,67.5091,0.381
12705000,81,331.243,-21597.5,78.9958,0.409983
12720000,74,320.637,-21604.3,86.2549,0.413133
12735000,69,296.162,-21596.5,71.0436,0.401133
12750000,64,277.312,-21601.2,57.7732,0.404
12765000,67,283.147,-21601.3,71.9653,0.407133
12780000,65,284.979,-21609.9,75.238,0.411333
12795000,66,281.153,-21609.3,70.9601,0.398333
12810000,57,247.871,-21603.1,56.8921,0.400267
12825000,62,268.371,-21633.6,60.1325,0.3932
12840000,46,199.226,-21641.5,48.7005,0.383607
12855000,58,256.091,-21656.4,63.7335,0.4066
12870000,54,239.107,-21641,51.1419,0.410667
12885000,45,178.254,-21651.3,41.8183,0.401091
12900000,53,230.373,-21641.1,48.1952,0.403387
12915000,42,172.912,-21693,44.7762,0.394889
12930000,57,242.841,-21642.8,59.795,0.393267
12945000,56,247.849,-21642.9,53.9765,0.413067
12960000,69,299.385,-21649,67.5873,0.41368
12975000,60,264.795,-21644.9,59.2133,0.413933
12990000,58,253.044,-21643.6,54.6578,0.409133
13005000,58,263.734,-21636.3,45.659,0.398667
13020000,39,162.286,-21687.5,45.5738,0.391048
13035000,39,182.249,-21652.1,30.2899,0.3977
13050000,46,206.94,-21655.7,46.2464,0.3872
13065000,46,189.28,-21663.1,37.5674,0.392511
13080000,45,191.275,-21640,54.8562,0.389089
13095000,42,184.286,-21660.4,40.4923,0.3958
13110000,55,238.017,-21636.8,57.7138,0.399067
13125000,52,215.648,-21659.8,50.2706,0.396233
13140000,61,276.64,-21650.9,53.5573,0.388067
13155000,73,332.237,-21647.6,62.4778,0.4248
13170000,64,279.614,-21639.4,66.4238,0.4073
13185000,57,254.226,-21634.7,60.0929,0.401133
13200000,64,280.798,-21632.1,66.1522,0.415867
13215000,68,295.27,-21606.7,62.5227,0.404544
13230000,38,164.631,-21644.3,32.4996,0.388787
13245000,49,211.502,-21627.6,51.0973,0.401867
13260000,54,233.433,-21634.2,67.179,0.397533
13275000,58,235.825,-21628.3,40.0391,0.39755
13290000,56,240.814,-21637.3,53.3218,0.39405
13305000,52,226.712,-21645.3,44.3555,0.390889
13320000,50,225.443,-21641.7,46.6305,0.390233
13335000,44,180.343,-21633.4,57.9869,0.38815
13350000,47,183.924,-21626.8,41.5629,0.3726
13365000,47,204.612,-21637,51.2859,0.381067
13380000,54,230.581,-21635.9,60.5641,0.412733
13395000,47,215.527,-21641.3,44.3971,0.378289
13410000,54,227.944,-21634.5,54.2575,0.386333
13425000,46,199.132,-21647.8,43.7732,0.399933
13440000,49,217.056,-21636,41.1605,0.383133
13455000,64,272.269,-21653.7,64.6703,0.399613
13470000,57,243.88,-21654.6,54.3983,0.405667
13485000,45,180.413,-21640.5,46.1927,0.386822
13500000,49,205.054,-21628.6,49.2842,0.366333
13515000,59,265.805,-21624.7,60.877,0.381933
13530000,55,243.364,-21630.9,45.7689,0.390933
13545000,63,279.833,-21618.6,65.6132,0.391433
13560000,54,222.316,-21639.1,58.5582,0.403867
13575000,73,301.656,-21629.9,74.9195,0.4024
13590000,54,230.04,-21634.5,61.3103,0.397033
13605000,58,245.702,-21623.6,68.0183,0.4019
13620000,49,203.426,-21626.1,49.0744,0.3884
13635000,51,204.151,-21626.5,53.8875,0.401033
13650000,49,208.648,-21644.5,53.0484,0.386133
13665000,51,227.863,-21641.7,54.9527,0.397841
13680000,46,203.202,-21644.7,43.0943,0.394267
13695000,55,240.648,-21650,47.8257,0.394733
13710000,50,208.163,-21631.8,56.776,0.380711
13725000,61,265.84,-21651.9,65.3203,0.399467
13740000,48,201.48,-21659.3,46.4898,0.402667
13755000,54,206.791,-21633.2,54.1212,0.398167
13770000,53,216.771,-21654.5,59.0823,0.3932
13785000,57,254.272,-21643,54.6996,0.399533
13800000,51,204.951,-21641.6,56.6787,0.405117
13815000,49,220.19,-21657.8,53.4088,0.393776
13830000,66,275.662,-21667.2,71.6432,0.404167
13845000,49,215.185,-21666.3,43.2263,0.3924
13860000,48,201.007,-21656.6,46.7403,0.390533
13875000,57,257.983,-21641.3,49.205,0.4052
13890000,47,196.384,-21651,54.8476,0.413867
13905000,61,269.207,-21637,79.0475,0.404133
13920000,48,199.997,-21668.1,49.0184,0.378033
13935000,52,223.133,-21647.9,52.5826,0.394233
13950000,65,290.89,-21623,64.4559,0.402475
13965000,60,245.903,-21618.9,52.4633,0.392
13980000,32,144.603,-21675,29.2578,0.374033
13995000,36,161.541,-21668.4,35.4601,0.37525
14010000,47,196.801,-21678.5,58.0123,0.397533
14025000,73,305.849,-21603.7,69.7119,0.391133
14040000,76,324.563,-21609.6,65.5239,0.395133
14055000,51,220.244,-21661.5,47.4755,0.389453
14070000,59,254.209,-21615.1,58.3022,0.403667
14085000,75,321.032,-21598.7,74.5829,0.393
14100000,48,204.422,-21645.2,52.3847,0.389289
14115000,54,232.872,-21634.6,52.032,0.397983
14130000,49,187.625,-21644.9,43.9382,0.385067
14145000,60,260.691,-21622.5,64.5727,0.386367
14160000,56,243.865,-21619.9,47.0287,0.380367
14175000,73,326.247,-21618.3,80.6901,0.383633
14190000,72,313.924,-21590.3,71.6647,0.3992
14205000,61,277.797,-21628.9,68.3578,0.394244
14220000,61,268.569,-21617.9,66.1753,0.413267
14235000,54,232.742,-21616.1,54.0595,0.401667
14250000,55,247.88,-21647.5,68.6683,0.384487
14265000,54,231.763,-21647.4,45.5902,0.403267
14280000,54,231.863,-21636.8,59.3437,0.390567
14295000,55,232.528,-21646.2,62.8312,0.386667
14310000,62,271.463,-21610.2,62.5744,0.398644
14325000,67,291.069,-21610.3,52.8237,0.401067
14340000,78,327.077,-21598.9,84.1266,0.4154
14355000,70,305.999,-21596.8,71.342,0.404467
14370000,67,263.762,-21606.6,70.2562,0.398333
14385000,51,225.374,-21659.8,52.8194,0.40142
14400000,72,312.841,-21604.4,88.3495,0.4127
14415000,69,304.375,-21622.9,89.4012,0.4062
14430000,67,287.349,-21621.6,57.4744,0.407867
14445000,67,299.934,-21615.9,63.0942,0.412733
14460000,64,269.02,-21630.6,66.8648,0.414667
14475000,66,279.55,-21631.3,60.0921,0.408667
14490000,64,272.363,-21609.8,72.2686,0.393611
14505000,53,242.892,-21641,53.6307,0.396967
14520000,68,279.494,-21601,73.5153,0.3977
14535000,54,225.383,-21614.8,49.1028,0.407667
14550000,43,192.547,-21635.9,51.3356,0.408164
14565000,73,303.6,-21620.7,66.5901,0.402533
14580000,64,290.537,-21621.1,62.232,0.4064
14595000,53,229.693,-21611.5,57.3368,0.402622
14610000,52,213.763,-21613.5,49.5996,0.392267
14625000,59,259.772,-21638.8,51.3046,0.400633
14640000,50,207.692,-21637.8,47.8481,0.4046
14655000,62,251.617,-21629.1,64.1053,0.401467
14670000,56,233.532,-21626.3,55.8552,0.398333
14685000,50,220.58,-21633.5,43.2522,0.4044
14700000,60,266.402,-21614.7,60.0778,0.399289
14715000,63,276.437,-21651.9,61.5699,0.394933
14730000,45,181.836,-21623.3,46.6618,0.3822
14745000,51,232.894,-21610.7,54.3295,0.397133
14760000,58,244.847,-21615.7,47.492,0.401511
14775000,57,244.152,-21657.3,54.5296,0.402533
14790000,41,172.143,-21639.4,41.2883,0.395267
14805000,48,208.581,-21660.4,57.0404,0.379733
14820000,56,243.753,-21631.6,62.2603,0.386507
14835000,60,257.081,-21638.3,54.8497,0.396633
14850000,58,252.817,-21629.2,56.2648,0.3851
14865000,54,236.027,-21617.2,54.5797,0.395733
14880000,58,239.781,-21627.2,58.3115,0.3926
14895000,44,206.904,-21683.4,49.3125,0.387508
14910000,58,249.513,-21622.5,59.1553,0.393567
14925000,61,273.099,-21619.4,72.9747,0.4036
14940000,57,244.833,-21637.1,55.9697,0.4054
14955000,42,173.866,-21650.2,36.5094,0.377667
14970000,40,148.634,-21661.4,45.6728,0.392622
14985000,45,182.776,-21641.9,41.7355,0.394311
15000000,38,160.104,-21682.1,33.2167,0.380378
15015000,52,220.737,-21626.8,46.1386,0.389733
15030000,62,257.596,-21618.8,72.4375,0.4094
15045000,44,181.335,-21650.8,42.9683,0.384511
15060000,64,266.496,-21618.9,73.3974,0.4059
15075000,54,219.832,-21651.1,51.8697,0.405733
15090000,48,203.365,-21655.5,43.036,0.399333
15105000,43,188.201,-21658.2,36.9077,0.3946
15120000,68,294.062,-21628.1,65.5437,0.406867
15135000,67,295.63,-21616.6,57.3867,0.408733
15150000,77,326.22,-21615.4,77.1534,0.412467
15165000,75,320.885,-21614,76.8584,0.4224
15180000,57,243.795,-21631.7,60.6725,0.385381
15195000,54,221.923,-21651.9,49.077,0.399867
15210000,55,239.279,-21627.4,47.4908,0.404289
15225000,49,209.942,-21656.8,41.0447,0.391658
15240000,52,214.585,-21654.2,57.9909,0.4028
15255000,53,234.657,-21654.8,47.6706,0.394483
15270000,54,237.684,-21634.7,59.5588,0.397667
15285000,53,231.046,-21617.4,56.1502,0.389133
15300000,62,288.04,-21668.8,62.0927,0.406689
15315000,53,236.797,-21649.6,53.2305,0.4098
15330000,66,286.29,-21652.3,60.8985,0.41
15345000,50,209.352,-21632.8,58.6183,0.400617
15360000,53,231.558,-21617.4,53.8802,0.4019
15375000,41,166.115,-21666.9,37.5479,0.393967
15390000,66,275.603,-21606.2,68.373,0.4082
15405000,42,183.756,-21666.5,47.8788,0.389424
15420000,54,252.021,-21630.1,52.4671,0.391267
15435000,56,259.283,-21634.2,63.8671,0.37
15450000,48,189.033,-21624.3,64.5652,0.378333
15465000,56,255.384,-21632.3,56.9903,0.386178
15480000,62,270.717,-21626.3,68.3652,0.4018
15495000,56,239.012,-21645.7,68.1666,0.4002
15510000,42,173.628,-21651.1,29.585,0.3868
15525000,46,205.331,-21647.8,39.2907,0.392067
15540000,51,223.795,-21640.5,49.6687,0.386667
15555000,41,171.96,-21664.9,32.7698,0.384
15570000,41,177.36,-21674,37.7391,0.3892
15585000,57,261.653,-21616.1,64.4042,0.393924
15600000,59,257.282,-21629.9,59.392,0.398
15615000,60,261.75,-21647.7,60.9957,0.397293
15630000,57,247.995,-21661.1,54.6127,0.402667
15645000,55,241.526,-21647.5,42.1834,0.408267
15660000,49,210.037,-21635,57.3226,0.3809
15675000,48,199.435,-21624.9,52.5216,0.383267
15690000,65,273.269,-21625.2,52.2674,0.400467
15705000,54,233.123,-21626.9,48.353,0.4056
15720000,53,227.603,-21638.9,63.0142,0.396067
15735000,57,248.399,-21669.3,65.3138,0.397367
15750000,55,236.034,-21653.4,50.5272,0.3973
15765000,46,189.49,-21655.7,43.1746,0.3894
15780000,49,225.353,-21620.2,32.1135,0.390673
15795000,66,286.969,-21619.9,62.2791,0.390333
15810000,54,243.151,-21664.4,37.4066,0.397222
15825000,56,239.686,-21642.7,51.0364,0.393507
15840000,69,288.444,-21629.6,55.9289,0.412644
15855000,49,209.956,-21658.9,51.0142,0.392467
15870000,56,241.444,-21625.2,52.669,0.3999
15885000,59,255.405,-21621.2,59.385,0.4016
15900000,49,214.233,-21615.2,60.1219,0.391733
15915000,46,199.763,-21639.3,49.2986,0.387917
15930000,46,200.214,-21647.2,44.4764,0.395467
15945000,53,227.758,-21624.8,53.1913,0.381183
15960000,55,231.227,-21619.9,44.579,0.388467
15975000,53,236.635,-21624.4,51.686,0.3878
15990000,47,200.758,-21659.4,48.4116,0.398733
16005000,65,271.906,-21625.7,60.44,0.3935
16020000,68,299.324,-21635.7,66.9586,0.399133
16035000,51,229.463,-21655.1,43.7912,0.404689
16050000,53,216.363,-21615.9,56.2379,0.393467
16065000,57,242.361,-21613.1,78.8846,0.3836
16080000,48,211.959,-21619.2,46.4316,0.381533
16095000,55,239.548,-21649.6,62.6525,0.39783
16110000,56,237.729,-21631.9,55.6109,0.389233
16125000,55,229.401,-21637.7,58.7764,0.4088
16140000,44,205.242,-21665.3,32.5575,0.385724
16155000,58,243.167,-21652.4,52.8177,0.396233
16170000,53,236.408,-21617.6,50.2756,0.393817
16185000,57,246.813,-21606.9,50.9729,0.3974
16200000,48,209.271,-21655.6,48.5931,0.389467
16215000,64,277.674,-21604.9,66.6416,0.3887
16230000,68,280.588,-21597.9,60.7298,0.397267
16245000,45,197.041,-21645.6,57.0846,0.383762
16260000,53,238.916,-21634.1,60.3167,0.3946
16275000,68,294.339,-21635.2,85.9,0.399387
16290000,68,304.036,-21616,71.0016,0.390467
16305000,42,199.572,-21628.8,48.4898,0.398483
16320000,46,194.277,-21648.4,45.0482,0.3792
16335000,40,183.861,-21630.3,45.1413,0.3748
16350000,43,187.868,-21629,46.9504,0.383767
16365000,55,232.007,-21625.7,55.6982,0.3726
16380000,45,193.637,-21647.7,56.3939,0.38621
16395000,42,190.215,-21683.4,42.3622,0.371183
16410000,44,189.856,-21657.7,46.041,0.3914
16425000,49,210.662,-21658.4,63.7054,0.384533
16440000,56,251.479,-21646.8,52.821,0.384347
16455000,60,271.651,-21610.1,66.4708,0.3868
16470000,69,295.744,-21648.6,68.0858,0.411833
16485000,58,240.946,-21638.8,73.9249,0.3946
16500000,49,214.89,-21658.5,53.8708,0.414667
16515000,58,251.063,-21671.5,57.7545,0.395444
16530000,53,244.163,-21651.4,50.8096,0.4067
16545000,55,250.933,-21652.5,47.8837,0.395783
16560000,56,255.885,-21636.7,50.2586,0.3922
16575000,55,235.605,-21670.4,57.8518,0.404017
16590000,51,221.783,-21632.4,53.5112,0.394267
16605000,50,218.702,-21641.9,47.5598,0.387333
16620000,56,219.644,-21645.1,53.9056,0.401433
16635000,64,288.86,-21640.6,59.945,0.413267
16650000,52,228.292,-21634.9,47.9961,0.390511
16665000,43,183.516,-21625.1,42.1213,0.391347
16680000,53,219.302,-21623,53.9512,0.383167
16695000,47,191.787,-21635.7,40.9676,0.369467
16710000,53,235.337,-21618.4,36.3498,0.376756
16725000,43,169.688,-21650,47.9492,0.395589
16740000,50,213.074,-21654.1,59.925,0.388267
16755000,54,220.215,-21610.9,50.7386,0.385089
16770000,54,246.89,-21615.8,47.909,0.389667
16785000,66,273.647,-21600.6,56.6394,0.397756
16800000,63,278.187,-21627.2,57.9833,0.394267
16815000,73,311.803,-21616.4,66.2069,0.410667
16830000,58,256.067,-21654.9,67.3978,0.407811
16845000,54,221.137,-21642.9,58.0756,0.4138
16860000,52,220.979,-21631.4,35.1428,0.400533
16875000,64,296.045,-21593.2,62.4004,0.401367
16890000,85,348.568,-21605,83.1667,0.4074
16905000,71,308.281,-21627.6,61.8613,0.4114
16920000,50,208.024,-21660.5,41.8894,0.393417
16935000,65,278.797,-21622.4,68.0616,0.408167
16950000,55,244.232,-21626.9,46.1035,0.412667
16965000,61,276.804,-21646.3,58.9892,0.392978
16980000,58,255.622,-21657.4,69.0909,0.412
16995000,53,234.125,-21635.8,59.7083,0.400867
17010000,58,245.195,-21653.6,48.1721,0.397537
17025000,54,235.716,-21609.5,48.836,0.410587
17040000,57,236.181,-21606,65.0496,0.384667
17055000,59,262.802,-21603.8,66.521,0.405133
17070000,68,303.004,-21609.3,63.2285,0.405733
17085000,56,231.877,-21634,54.932,0.394733
17100000,42,171.258,-21644.5,52.9755,0.387033
17115000,59,251.478,-21625.9,67.923,0.411633
17130000,63,271.71,-21618.9,55.3567,0.4086
17145000,57,258.433,-21620.1,57.3291,0.397933
17160000,84,366.968,-21601.5,79.0083,0.4116
17175000,78,350.823,-21606.1,72.9254,0.4208
17190000,69,292.806,-21599.2,78.0333,0.409133
17205000,82,355.268,-21586.2,80.6315,0.414067
17220000,63,267.173,-21638.6,51.969,0.393884
17235000,101,450.299,-21589.5,109.864,0.413333
17250000,67,299.31,-21587.6,78.0809,0.4296
17265000,64,282.202,-21603.5,75.0437,0.400333
17280000,80,364.851,-21626.8,94.7925,0.4068
17295000,79,368.767,-21610.1,85.3399,0.421
17310000,73,323.087,-21645.3,81.022,0.416533
17325000,48,201.502,-21658,42.1417,0.389964
17340000,46,212.467,-21639.8,62.6113,0.386
17355000,53,231.535,-21637.1,57.186,0.400711
17370000,64,270.768,-21621.6,61.9117,0.410007
17385000,54,228.803,-21651.5,52.7574,0.403867
17400000,50,225.129,-21641.5,50.6129,0.401633
17415000,54,244.864,-21646.9,70.5771,0.400867
17430000,41,188.455,-21640.8,39.1128,0.392733
17445000,60,240.761,-21647.6,59.4746,0.407033
17460000,42,188.098,-21649.8,47.0074,0.387017
17475000,56,240.188,-21639.9,50.2958,0.392467
17490000,62,275.723,-21658.3,73.8096,0.40625
17505000,59,264.657,-21639.6,59.5935,0.419667
17520000,64,270.117,-21650.7,68.4146,0.402133
17535000,57,241.783,-21660.9,50.3969,0.406967
17550000,63,269.294,-21623.6,55.4711,0.412467
17565000,61,272.193,-21617.7,63.6595,0.411733
17580000,65,266.33,-21608,80.88,0.397533
17595000,73,310.869,-21602.5,67.8957,0.400133
17610000,57,249.295,-21665.4,57.2849,0.399585
17625000,72,321.358,-21627.7,56.7331,0.413033
17640000,75,344.42,-21616.1,83.2899,0.415267
17655000,72,321.114,-21617.4,59.6568,0.425933
17670000,62,265.775,-21631.5,77.5133,0.418667
17685000,60,255.126,-21634.4,45.3011,0.4084
17700000,50,221.009,-21680.6,46.127,0.397978
17715000,42,186.065,-21659.4,40.1679,0.401733
17730000,40,175.739,-21651.9,38.6146,0.382733
17745000,53,233.33,-21661,50.8267,0.402714
17760000,52,234.761,-21651,46.6034,0.397507
17775000,56,247.786,-21627.8,51.883,0.375
17790000,53,223.107,-21660.1,51.2856,0.388217
17805000,72,316.769,-21606.9,67.5495,0.398633
17820000,68,279.808,-21583.7,77.1153,0.396133
17835000,78,328.391,-21610.1,79.9493,0.397133
17850000,48,183.189,-21668.6,47.7752,0.403105
17865000,46,173.156,-21657.5,39.1264,0.387187
17880000,71,320.066,-21625.9,67.5554,0.398733
17895000,47,200.698,-21638.8,49.2731,0.384133
17910000,46,196.422,-21651.9,42.0133,0.382333
17925000,49,211.597,-21639.4,46.8426,0.3934
17940000,66,283.214,-21612.1,75.9694,0.399867
17955000,65,275.419,-21611.4,54.2935,0.410267
17970000,60,249.891,-21632.2,72.8732,0.398067
17985000,59,266.273,-21619.4,76.384,0.3955
18000000,46,188.615,-21650.4,46.2126,0.389267
18015000,72,312.493,-21650.6,80.9673,0.419533
18030000,73,317.285,-21622.3,62.0721,0.398311
18045000,63,275.147,-21605,63.6639,0.403467
18060000,59,236.364,-21614.9,41.5024,0.402467
18075000,85,361.184,-21624.5,98.8336,0.417133
18090000,53,228.234,-21627.3,53.5734,0.404867
18105000,63,270.221,-21616.4,77.8217,0.4102
18120000,58,261.189,-21648.9,59.7363,0.404867
18135000,52,218.886,-21633.4,48.9264,0.400733
18150000,57,242.643,-21670.2,64.9896,0.4031
18165000,63,288.218,-21603.7,71.6417,0.403253
18180000,65,269.584,-21605.5,73.8982,0.391133
18195000,65,259.99,-21588,57.316,0.381467
18210000,57,256.061,-21653.6,56.6979,0.397147
18225000,59,236.526,-21607.3,63.1776,0.395
18240000,60,237.393,-21622.6,62.8019,0.394933
18255000,57,230.697,-21636.9,63.4814,0.389819
18270000,44,181.704,-21632.7,46.8855,0.402967
18285000,52,217.363,-21628.8,48.6708,0.392267
18300000,56,227.059,-21616.4,54.7478,0.397311
18315000,41,183.327,-21662.2,44.4841,0.3865
18330000,59,257.538,-21652.9,53.8853,0.396933
18345000,56,245.84,-21643.2,68.071,0.395178
18360000,36,151.608,-21665.7,43.2245,0.398844
18375000,38,152.582,-21640.5,25.9413,0.388822
18390000,45,175.004,-21672.9,40.7916,0.3776
18405000,40,160.278,-21638.5,40.6523,0.372467
18420000,52,220.52,-21648.2,42.0623,0.3854
18435000,46,197.603,-21663.7,47.2269,0.386133
18450000,57,249.365,-21644.7,41.9528,0.4041
18465000,46,200.046,-21682.9,42.3688,0.3814
18480000,50,220.27,-21640.2,51.8332,0.397367
18495000,75,316.411,-21651.1,61.473,0.404267
18510000,53,217.758,-21648.7,45.3018,0.381133
18525000,63,266.529,-21634.8,57.5769,0.406222
18540000,56,229.676,-21639.9,78.1344,0.403133
18555000,52,226.611,-21638.3,48.8359,0.3922
18570000,45,191.024,-21643.6,43.1001,0.387333
18585000,46,204.537,-21678.2,50.569,0.403278
18600000,55,226.355,-21642.8,50.5953,0.399467
18615000,50,215.73,-21651.6,49.5726,0.404133
18630000,40,182.341,-21675.8,38.6754,0.389489
18645000,56,242.799,-21680.5,59.8917,0.388667
18660000,43,185.625,-21666.8,38.6363,0.392978
18675000,41,183.041,-21644.1,40.2011,0.394
18690000,37,166.201,-21651.3,39.8046,0.3798
18705000,38,165.468,-21685.6,42.1842,0.374544
18720000,42,170.723,-21649.1,40.6313,0.3804
18735000,44,178.189,-21676,41.5592,0.377
18750000,56,243,-21649.9,51.8893,0.403333
18765000,59,244.447,-21650,47.8542,0.397133
18780000,61,280.001,-21622.4,58.2373,0.406867
18795000,47,186.551,-21689.5,48.083,0.385833
18810000,60,254.269,-21655.6,73.2473,0.401133
18825000,63,264.92,-21642.6,65.7527,0.3952
18840000,46,208.672,-21649.2,44.9007,0.393667
18855000,54,246.547,-21648,49.925,0.408333
18870000,57,240.797,-21650.1,56.7902,0.383
18885000,51,223.667,-21652,50.3018,0.398067
18900000,58,255.284,-21650.8,63.0656,0.389667
18915000,44,190.589,-21645.4,38.464,0.389983
18930000,45,194.022,-21673.9,54.198,0.386
18945000,45,181.41,-21660.7,43.0354,0.373867
18960000,42,191.259,-21670.3,52.1945,0.377333
18975000,47,199.519,-21667.4,52.0342,0.375267
18990000,49,218.457,-21658.6,57.45,0.395117
19005000,35,146.554,-21671.8,31.0086,0.388652
19020000,47,200.441,-21656.8,41.3027,0.397
19035000,58,253.436,-21658.9,58.0441,0.395667
19050000,59,238.043,-21626.5,55.1774,0.40175
19065000,40,167.697,-21667.3,37.8129,0.3906
19080000,53,227.991,-21631.6,48.8722,0.392848
19095000,56,233.498,-21648.2,48.8989,0.386067
19110000,58,241.896,-21640.7,64.661,0.385833
19125000,56,231.639,-21643,68.7921,0.39692
19140000,60,256.731,-21611.6,61.7568,0.408133
19155000,47,193.496,-21654.3,44.8976,0.391933
19170000,46,204.91,-21652.8,43.7878,0.396622
19185000,55,247.564,-21622.7,55.4263,0.389422
19200000,49,209.7,-21649.1,46.1777,0.4154
19215000,45,193.138,-21630.4,48.0636,0.399956
19230000,47,212.499,-21649.8,34.2117,0.38928
19245000,42,179.985,-21634,42.2863,0.398578
19260000,47,216.628,-21649.9,46.6029,0.3933
19275000,48,213.428,-21624.5,45.7774,0.39725
19290000,53,210.757,-21631.9,50.6368,0.393844
19305000,40,179.904,-21654.8,35.5884,0.402233
19320000,56,255.104,-21617.6,56.8122,0.396183
19335000,49,214.571,-21646.5,48.2916,0.383778
19350000,55,240.89,-21621.6,47.2058,0.396433
19365000,56,247.32,-21647.4,43.0775,0.389533
19380000,55,254.391,-21635.8,66.317,0.402533
19395000,43,181.157,-21637.9,52.8977,0.393667
19410000,54,237.555,-21667.9,48.5494,0.3998
19425000,50,216.126,-21653.2,54.5857,0.388
19440000,52,229.049,-21633.8,54.8457,0.395378
19455000,62,262.216,-21662.8,53.3437,0.394847
19470000,50,219.798,-21638.9,44.37,0.401533
19485000,61,262.073,-21619.4,67.2589,0.396267
19500000,48,217.617,-21629,43.9119,0.371167
19515000,48,211.731,-21645.6,63.2746,0.397
19530000,52,239.194,-21645.1,56.7276,0.399467
19545000,54,235.477,-21641.1,41.0481,0.392467
19560000,49,174.742,-21653.1,40.8187,0.382415
19575000,55,241.666,-21655.3,46.2615,0.395967
19590000,62,260.566,-21656.3,63.6912,0.3941
19605000,62,274.803,-21624.3,72.3853,0.408133
19620000,67,286.683,-21621.9,66.9227,0.3978
19635000,73,309.344,-21621.2,70.4178,0.4054
19650000,75,325.129,-21610.7,86.7962,0.406133
19665000,61,267.634,-21603.3,61.8908,0.412667
19680000,57,265.259,-21626.6,63.7257,0.400533
19695000,54,240.738,-21629.8,56.7937,0.4008
19710000,56,236.378,-21640.4,64.648,0.380889
19725000,46,208.099,-21632.2,51.4488,0.391633
19740000,42,174.134,-21638.4,60.6974,0.385533
19755000,39,169.02,-21654.6,46.1718,0.3781
19770000,55,228.976,-21637.8,45.4466,0.376233
19785000,51,220.451,-21656.6,51.3082,0.407405
19800000,58,261.569,-21644.9,62.4089,0.397733
19815000,48,203.372,-21652.5,44.5046,0.387933
19830000,53,224.189,-21637,51.4931,0.396511
19845000,42,173.388,-21664.7,43.7702,0.3924
19860000,49,216.593,-21657.5,43.9623,0.384422
19875000,48,209.593,-21655.4,54.9772,0.386058
19890000,60,250.835,-21653.1,65.8315,0.391911
19905000,55,241.531,-21666.1,51.0884,0.392756
19920000,53,208.539,-21648.5,54.4194,0.407833
19935000,40,180.16,-21707.5,45.5087,0.386133
19950000,53,223.44,-21638.4,57.3078,0.404367
19965000,45,196.131,-21667.3,39.2922,0.38955
19980000,58,249.921,-21643.8,46.8193,0.4066
19995000,48,202.887,-21671.2,42.0285,0.401533
20010000,47,203.98,-21691.1,45.8841,0.40175
20025000,59,257.325,-21655.4,76.1164,0.403467
20040000,48,204.383,-21645.5,49.5964,0.387111
20055000,54,238.663,-21653.2,47.8563,0.390467
20070000,41,181.463,-21660.2,50.9833,0.377267
20085000,49,206.068,-21645.7,44.1675,0.40385
20100000,62,253.447,-21642.1,59.1252,0.405
20115000,51,210.262,-21631.3,67.9749,0.407267
20130000,68,300.212,-21627.3,72.9787,0.401133
20145000,63,267.271,-21634.3,68.8364,0.403133
20160000,42,181.106,-21658.3,56.4257,0.389
20175000,45,194.749,-21661.8,36.269,0.396625
20190000,37,159.203,-21675,32.3102,0.400167
20205000,59,220.395,-21657.6,50.9405,0.40305
20220000,38,174.388,-21687.5,46.1556,0.385022
20235000,48,199.812,-21674.4,54.7337,0.380089
20250000,67,279.969,-21632.6,64.7014,0.402378
20265000,37,159.862,-21683.9,35.5258,0.378467
20280000,43,180.522,-21633.6,52.1089,0.395333
20295000,60,260.879,-21631.1,71.7787,0.390067
20310000,29,125.912,-21696,26.0705,0.38452
20325000,45,189.566,-21672,33.5991,0.3914
20340000,52,224.717,-21690.8,53.274,0.37948
20355000,48,215.597,-21669.8,51.3233,0.406167
20370000,44,194.444,-21679,50.8795,0.3816
20385000,56,231.737,-21655.4,54.8653,0.390187
20400000,45,185.165,-21661.5,45.5611,0.389289
20415000,46,193.596,-21654.7,53.7483,0.395367
20430000,47,193.776,-21664,50.355,0.375367
20445000,42,172.329,-21666.7,47.0612,0.382427
20460000,48,204.615,-21625.6,49.3834,0.380233
20475000,57,227.434,-21614.5,56.7274,0.4004
20490000,54,235.823,-21639.1,67.5904,0.390711
20505000,58,230.828,-21635.1,66.7531,0.393667
20520000,63,264.886,-21629.4,71.7692,0.394933
20535000,59,245.498,-21623,69.5383,0.3964
20550000,62,278.171,-21612.8,72.7992,0.404333
20565000,59,261.535,-21609.3,52.3461,0.385267
20580000,65,282.323,-21623.7,56.885,0.423833
20595000,69,296.6,-21610.5,81.9854,0.4031
20610000,72,294.609,-21618.5,69.4111,0.395308
20625000,61,261.676,-21618.9,55.1613,0.405533
20640000,61,256.812,-21605.9,58.9226,0.402133
20655000,57,238.223,-21653.1,50.0012,0.409067
20670000,58,250.569,-21633.1,63.0882,0.384633
20685000,61,274.831,-21612.4,51.318,0.402667
20700000,59,253.303,-21619.1,56.6114,0.4032
20715000,57,250.537,-21633.6,50.5187,0.3988
20730000,52,232.386,-21641.5,48.0385,0.387625
20745000,57,253.492,-21619.5,51.0271,0.3988
20760000,63,277.438,-21617.6,81.8775,0.389333
20775000,61,250.605,-21609.9,52.6268,0.408267
20790000,65,268.132,-21601.2,67.2878,0.403
20805000,81,344.715,-21595.6,87.4349,0.409667
20820000,84,364.725,-21617.8,70.3952,0.428133
20835000,74,321.256,-21612.5,67.9983,0.419133
20850000,60,255.09,-21623.9,52.1497,0.387385
20865000,69,311.386,-21647.2,64.0167,0.4094
20880000,60,271.904,-21624.1,53.3703,0.407533
20895000,75,327.017,-21593.4,67.7613,0.4056
20910000,69,309.428,-21622.6,74.1212,0.402933
20925000,56,238.072,-21614.1,54.8937,0.399433
20940000,62,248.009,-21606.4,60.5999,0.399733
20955000,62,276.627,-21612.3,59.8899,0.398333
20970000,64,295.008,-21596.3,63.8357,0.4004
20985000,61,273.441,-21616.5,54.2281,0.384187
21000000,49,207.428,-21638.9,53.1598,0.400951
21015000,55,235.87,-21610.4,50.2249,0.384
21030000,51,210.384,-21628.4,34.8594,0.373267
21045000,60,255.667,-21620.4,53.7476,0.39036
21060000,63,266.769,-21593.8,55.3146,0.383933
21075000,75,321.793,-21596.6,58.7265,0.402
21090000,82,367.378,-21579.9,96.4418,0.411333
21105000,69,309.744,-21605.8,68.955,0.385027
21120000,63,268.374,-21622.7,65.3223,0.3918
21135000,77,348.965,-21598.9,78.5796,0.399467
21150000,56,213.801,-21603,53.4534,0.40245
21165000,69,293.088,-21607.2,91.0936,0.397733
21180000,81,358.124,-21613.7,85.8319,0.398289
21195000,79,337.303,-21604,73.2635,0.418
21210000,67,294.474,-21633.5,66.4791,0.406667
21225000,68,286.679,-21612.3,52.2342,0.408883
21240000,70,313.399,-21625.6,65.7508,0.407033
21255000,61,267.919,-21620.5,61.9603,0.414267
21270000,42,181.639,-21657.2,38.048,0.395919
21285000,54,225.147,-21605,54.6586,0.386033
21300000,56,251.701,-21634.3,54.4749,0.40004
21315000,59,259.904,-21615.6,65.8535,0.410867
21330000,43,181.235,-21671,47.6786,0.386967
21345000,71,315.11,-21597.1,67.715,0.393067
21360000,76,341.358,-21611.5,60.7917,0.405133
21375000,66,291.91,-21634.2,68.3601,0.4052
21390000,63,277.247,-21639.8,62.7682,0.403227
21405000,55,235.531,-21622.8,64.2396,0.407133
21420000,44,189.85,-21642.7,50.9548,0.391578
21435000,53,229.349,-21638.2,49.2417,0.389133
21450000,51,211.159,-21657.6,47.4727,0.383578
21465000,51,225.321,-21664.2,47.579,0.399667
21480000,50,226.597,-21666.2,54.5808,0.4018
21495000,52,225.213,-21667.8,60.1165,0.384867
21510000,67,284.001,-21673.1,68.8062,0.399622
21525000,62,280.055,-21648.7,61.6925,0.424867
21540000,49,196.66,-21641.7,52.6362,0.393889
21555000,62,273.558,-21646.4,58.7135,0.411733
21570000,54,237.879,-21642.5,53.3521,0.4062
21585000,46,193.754,-21649.8,38.3693,0.3952
21600000,43,183.496,-21639.2,38.1411,0.374333
21615000,54,220.196,-21647.4,55.7913,0.39045
21630000,51,211.516,-21628.3,71.7463,0.388133
21645000,52,226.771,-21631.3,60.9833,0.396167
21660000,49,215.197,-21628.1,43.2906,0.398333
21675000,45,199.635,-21637,49.9136,0.381933
21690000,71,290.114,-21640.1,91.6425,0.398978
21705000,59,268.054,-21652.7,76.9748,0.393767
21720000,60,262.395,-21647.9,62.0696,0.413133
21735000,60,242.029,-21645.7,56.9548,0.416867
21750000,60,248.549,-21655.8,49.0623,0.414417
21765000,58,268.438,-21645.8,46.3342,0.405333
21780000,55,248.266,-21622.2,46.6293,0.396711
21795000,53,221.112,-21665.7,51.3067,0.4041
21810000,50,213.703,-21636.8,52.5904,0.395333
21825000,46,190.605,-21637.8,47.1483,0.387567
21840000,47,218.475,-21650.5,47.5814,0.394233
21855000,57,244.612,-21645.7,65.6166,0.394
21870000,57,228.212,-21643,57.7291,0.393
21885000,50,214.667,-21641.6,53.8647,0.39195
21900000,40,170.43,-21650.6,40.3674,0.375767
21915000,56,241.875,-21662.4,54.2418,0.367133
21930000,62,270.055,-21618.8,54.6096,0.397067
21945000,54,218.121,-21620.8,44.507,0.404067
21960000,62,259.605,-21621.8,56.8091,0.3924
21975000,72,305.153,-21630,74.356,0.414133
21990000,43,182.778,-21668.4,51.1645,0.384103
22005000,66,271.935,-21604.2,68.0848,0.41
22020000,71,307.085,-21622.7,58.3773,0.4144
22035000,52,227.014,-21619.4,58.9547,0.386117
22050000,41,185.006,-21662.7,51.477,0.380867
22065000,41,171.636,-21673,43.9149,0.390267
22080000,72,295.054,-21608.7,83.1946,0.4059
22095000,48,205.944,-21661.5,51.6353,0.396533
22110000,68,292.016,-21593.6,67.6954,0.4047
22125000,65,281.71,-21622.5,82.242,0.4104
22140000,49,196.465,-21633.5,38.6876,0.390514
22155000,52,227.825,-21610,49.8762,0.400367
22170000,67,286.087,-21622.9,60.3861,0.3976
22185000,55,228.207,-21621,47.9647,0.393711
22200000,60,249.412,-21613.2,56.2748,0.402867
22215000,56,238.551,-21629.3,61.1906,0.397378
22230000,50,213.644,-21668.4,54.2125,0.392222
22245000,72,318.103,-21618.3,73.9281,0.405556
22260000,66,277.077,-21617,53.8153,0.405022
22275000,68,288.363,-21613.7,62.4911,0.411633
22290000,70,293.782,-21610.4,87.4849,0.415733
22305000,75,321.411,-21599.1,73.0646,0.406633
22320000,80,325.215,-21568.9,77.4576,0.412067
22335000,61,266.206,-21630.3,45.7833,0.413956
22350000,67,291.521,-21603.7,66.8476,0.405767
22365000,59,253.173,-21625.9,56.0092,0.401833
22380000,53,229.194,-21622.1,47.3687,0.382967
22395000,56,220.688,-21623.3,61.8271,0.376733
22410000,61,232.95,-21616.3,61.3865,0.389267
22425000,38,154.721,-21638,30.8268,0.383717
22440000,58,249.247,-21649.5,63.9558,0.386567
22455000,56,255.476,-21646.5,46.5759,0.390533
22470000,50,207.114,-21643,52.7412,0.392156
22485000,48,204.139,-21657.1,44.684,0.394467
22500000,55,243.497,-21660.6,60.6774,0.416867
22515000,48,203.64,-21645.9,65.8994,0.389053
22530000,60,267.166,-21631.6,51.7286,0.415633
22545000,41,174.193,-21652.4,32.4692,0.397256
22560000,41,175.484,-21648.9,35.5698,0.402133
22575000,38,153.035,-21660.7,31.2824,0.392933
22590000,37,157.003,-21668.3,39.4596,0.3816
22605000,63,250.451,-21625.9,72.2445,0.39005
22620000,69,284.507,-21599.1,71.1152,0.400333
22635000,69,287.591,-21601.9,88.2103,0.4036
22650000,67,287.429,-21608.3,60.9479,0.397933
22665000,64,264.285,-21603.6,60.3197,0.4008
22680000,63,270.214,-21610.2,47.0037,0.395867
22695000,61,277.598,-21629,70.9197,0.402133
22710000,68,300.973,-21615.9,64.5334,0.411733
22725000,58,231.809,-21616.6,54.8897,0.403867
22740000,63,276.867,-21610.7,61.6868,0.384467
22755000,37,154.557,-21653.3,34.8277,0.386648
22770000,46,197.458,-21661.6,48.4059,0.393933
22785000,38,165.139,-21662.3,29.3487,0.3706
22800000,43,191.774,-21668.5,43.7339,0.380533
22815000,64,296.924,-21624.1,72.4851,0.391293
22830000,45,188.531,-21644.2,41.9335,0.39942
22845000,42,179.49,-21678.2,43.1326,0.3872
22860000,76,333.646,-21635.2,83.533,0.402333
22875000,70,298.475,-21615.9,71.3922,0.410933
22890000,54,233.798,-21652.4,57.0738,0.404167
22905000,57,252.2,-21632.6,48.6727,0.408333
22920000,66,292.632,-21608.1,57.7325,0.389
22935000,62,271.736,-21630.2,74.7134,0.4081
22950000,67,296.583,-21631,55.2635,0.394033
22965000,65,275.649,-21607.7,49.2121,0.393467
22980000,51,225.625,-21653.4,54.5627,0.410756
22995000,57,247.865,-21634.7,50.217,0.387133
23010000,62,264.6,-21629.3,50.4033,0.395067
23025000,61,269.21,-21623.5,75.9389,0.391867
23040000,61,275.066,-21631.8,68.2447,0.3966
23055000,63,268.567,-21633.4,57.8626,0.415867
23070000,57,242.682,-21608.3,54.1257,0.392933
23085000,56,238.613,-21633.6,56.5663,0.4112
23100000,66,282.916,-21598.6,65.5814,0.392467
23115000,58,234.409,-21640,60.6443,0.4094
23130000,74,302.188,-21591.9,59.3446,0.3912
23145000,85,344.249,-21578.8,88.5847,0.401933
23160000,55,233.92,-21637.4,45.8753,0.405467
23175000,59,257.249,-21641.2,70.6406,0.4098
23190000,83,347.589,-21603.5,75.4627,0.411111
23205000,92,405.747,-21596.1,92.1404,0.424867
23220000,42,169.835,-21659.3,43.2257,0.410022
23235000,78,318.65,-21615.9,70.6786,0.4191
23250000,82,356.132,-21607.4,81.2153,0.423667
23265000,81,337.941,-21604.2,82.7201,0.423933
23280000,44,188.294,-21616.5,44.1831,0.399067
23295000,56,228.707,-21605.8,61.8058,0.404467
23310000,61,253.281,-21605.6,54.9216,0.381167
23325000,51,212.91,-21593.7,41.3789,0.394133
23340000,72,320.287,-21612.2,56.6052,0.401467
23355000,60,255.406,-21599.1,55.3067,0.3953
23370000,57,245.215,-21590.2,52.6165,0.397133
23385000,62,265.518,-21595.7,57.6861,0.394133
23400000,65,298.583,-21625.3,59.2867,0.411
23415000,66,303.495,-21610.6,79.6907,0.417
23430000,62,264.279,-21617.2,56.6069,0.386778
23445000,68,295.927,-21588.1,75.1863,0.399367
23460000,69,299.118,-21631.7,61.7919,0.401467
23475000,70,326.403,-21609.4,64.2033,0.418067
23490000,69,303.699,-21625,72.3463,0.4272
23505000,67,278.4,-21621.3,60.4553,0.407467
23520000,66,293.502,-21619.2,61.605,0.406267
23535000,53,222.77,-21610.9,60.2418,0.381933
23550000,53,212.867,-21637.6,56.6583,0.390717
23565000,62,280.102,-21641.1,55.8248,0.3851
23580000,64,289.64,-21640.7,54.0296,0.4062
23595000,62,274.424,-21636.4,71.2609,0.404133
23610000,61,273.893,-21652.9,67.4828,0.4056
23625000,63,299.14,-21627.6,58.4865,0.417133
23640000,56,239.032,-21647.8,55.3099,0.396667
23655000,61,255.198,-21647.4,53.7527,0.402467
23670000,49,213.28,-21617,43.3262,0.390283
23685000,55,256.468,-21632.2,44.1274,0.393133
23700000,58,268.656,-21638.1,65.7306,0.41
23715000,67,280.357,-21626.3,62.9858,0.402467
23730000,63,282.524,-21631.2,66.0326,0.3998
23745000,54,223.929,-21632.8,54.9875,0.397067
23760000,55,227.094,-21640.1,55.7037,0.403733
23775000,62,263.541,-21614.4,54.0627,0.379567
23790000,47,205.817,-21644.6,53.4503,0.38611
23805000,62,270.632,-21621.5,55.5396,0.399733
23820000,78,342.254,-21605.7,82.7008,0.3962
23835000,63,276.606,-21606.2,59.1965,0.4038
23850000,76,337.12,-21633,69.5308,0.414311
23865000,65,286.482,-21630.1,73.2951,0.423733
23880000,59,248.522,-21619.5,68.6043,0.4092
23895000,59,247.016,-21624.8,61.0065,0.398867
23910000,60,264.723,-21623.1,66.7577,0.389307
23925000,50,204.653,-21638.8,67.8467,0.408967
23940000,59,243.145,-21632.3,61.1355,0.3922
23955000,45,196.217,-21672.2,49.5937,0.38917
23970000,55,234.388,-21623.5,61.3853,0.407533
23985000,55,235.808,-21608.9,46.1737,0.396947
24000000,56,234.845,-21621.9,56.0189,0.3896
24015000,58,247.837,-21630.6,54.3149,0.395933
24030000,64,274.046,-21616,58.2729,0.3892
24045000,48,212.831,-21608.7,50.466,0.383267
24060000,46,208.961,-21626.6,65.4225,0.377467
24075000,56,237.887,-21614.2,52.4898,0.379467
24090000,69,296.859,-21619.3,67.5048,0.407253
24105000,70,309.244,-21597,64.6022,0.407733
24120000,67,296.347,-21635.3,66.4706,0.403956
24135000,50,225.967,-21644.9,38.0841,0.4092
24150000,74,320.375,-21607.5,67.0162,0.418978
24165000,70,302.512,-21623.1,84.9368,0.4096
24180000,69,298.958,-21599.9,66.114,0.411267
24195000,64,289.32,-21642.8,54.3148,0.398967
24210000,70,304.688,-21602.8,68.4989,0.408967
24225000,69,286.421,-21589.9,68.2911,0.409933
24240000,69,298.394,-21605.6,65.1229,0.3974
24255000,48,200.222,-21630.5,60.4164,0.391583
24270000,90,379.461,-21604.1,90.6327,0.407667
24285000,73,298.208,-21621.7,74.9958,0.4214
24300000,63,275.294,-21625.7,66.2172,0.410667
24315000,46,207.309,-21629.4,33.4529,0.3896
24330000,49,211.81,-21619.4,51.749,0.387733
24345000,49,203.601,-21632.8,50.0207,0.381267
24360000,73,310.716,-21606.6,63.4002,0.394233
24375000,67,280.697,-21624.8,75.7565,0.390005
24390000,69,302.886,-21600.7,74.8665,0.397833
24405000,65,277.278,-21625.4,67.505,0.407217
24420000,69,313.091,-21583.5,66.2268,0.398833
24435000,51,230.614,-21656.7,52.0141,0.400917
24450000,74,329.377,-21624.3,66.3161,0.414133
24465000,55,229.4,-21639.6,63.5586,0.410267
24480000,50,224.176,-21651.4,45.4611,0.402253
24495000,60,267.954,-21614.2,68.3241,0.394633
24510000,43,194.291,-21621.5,45.0058,0.396267
24525000,52,228.269,-21622.1,58.1124,0.395533
24540000,49,224.557,-21642.7,51.374,0.404417
24555000,58,246.32,-21625.7,58.674,0.406567
24570000,59,251.998,-21607.6,55.2843,0.4058
24585000,61,249.679,-21611.6,50.9201,0.389933
24600000,63,268.029,-21605.3,59.622,0.404667
24615000,62,260.634,-21620.4,64.6514,0.405733
24630000,59,246.963,-21642.1,60.5117,0.407256
24645000,68,295.331,-21629.3,73.0685,0.409467
24660000,55,230.658,-21615.6,59.5685,0.405778
24675000,63,274.597,-21629.3,66.1226,0.4104
24690000,50,218.567,-21617,64.6019,0.389533
24705000,66,271.357,-21625.6,66.4627,0.403267
24720000,64,280.119,-21624,68.3505,0.403311
24735000,62,263.891,-21624,59.9562,0.402467
24750000,57,240.768,-21635.1,58.7465,0.4006
24765000,44,195.372,-21637.7,43.3772,0.383333
24780000,55,233.437,-21635.5,53.1434,0.4007
24795000,58,237.088,-21635.3,53.5401,0.3893
24810000,68,307.708,-21622.7,63.5043,0.405067
24825000,52,231.531,-21613.3,47.3024,0.410533
24840000,63,266.537,-21633.2,61.3165,0.412167
24855000,57,245.386,-21635.4,56.7236,0.390033
24870000,41,174.149,-21664.8,44.6093,0.375007
24885000,73,323.259,-21613.4,75.3679,0.394133
24900000,71,303.197,-21625.3,78.4494,0.402933
24915000,68,300.625,-21638.4,70.2169,0.409083
24930000,85,359.618,-21598.8,73.9519,0.412867
24945000,75,318.75,-21603.6,72.585,0.419667
24960000,61,266.119,-21601.8,65.8917,0.4024
24975000,67,287.691,-21627.5,77.6601,0.3984
24990000,60,247.693,-21618.7,58.2471,0.412867
25005000,54,242.516,-21621.6,47.9678,0.400022
25020000,66,270.446,-21613.7,69.6097,0.399167
25035000,59,250.35,-21623.6,60.6978,0.383
25050000,52,227.185,-21635.1,51.2459,0.390428
25065000,72,312.209,-21618.8,65.9432,0.4055
25080000,42,177.076,-21634.2,36.4682,0.3934
25095000,51,213.442,-21660.9,48.2093,0.388333
25110000,62,264.179,-21661.4,59.6823,0.4072
25125000,54,236.985,-21647.7,62.12,0.393783
25140000,59,256.627,-21660.5,58.9526,0.4062
25155000,52,225.619,-21637.4,51.7702,0.406467
25170000,51,217.015,-21638.8,50.1918,0.389258
25185000,47,203.406,-21649.5,54.3621,0.378433
25200000,62,269.149,-21649.1,56.9806,0.3944
25215000,55,223.108,-21650.8,53.7592,0.402533
25230000,61,265.011,-21640.8,53.9162,0.3944
25245000,50,212.377,-21660,51.5346,0.397533
25260000,47,190.85,-21633.3,53.6126,0.3954
25275000,60,270.421,-21651.6,64.9253,0.4156
25290000,44,191.812,-21654.4,46.6873,0.403667
25305000,51,217.428,-21627.2,50.7173,0.388333
25320000,37,168.199,-21663.2,34.1724,0.393127
25335000,59,264.059,-21630,45.9673,0.404511
25350000,57,254.317,-21671.8,52.145,0.400889
25365000,37,161.991,-21671.2,36.0726,0.379133
25380000,51,227.47,-21637.5,42.8293,0.393133
25395000,64,285.686,-21617.7,69.2794,0.399233
25410000,50,221.569,-21665.1,55.0632,0.395117
25425000,36,153.284,-21667.2,33.4614,0.3776
25440000,56,245.56,-21646,56.2788,0.396756
25455000,47,209.298,-21664.4,47.5756,0.40136
25470000,59,264.246,-21644.1,61.4532,0.397467
25485000,63,274.045,-21630.5,57.16,0.404867
25500000,56,248.532,-21648.3,51.3712,0.407933
25515000,53,247.379,-21640.4,71.7582,0.3996
25530000,66,283.201,-21627.8,67.4972,0.417556
25545000,61,277.155,-21642.3,46.9901,0.4177
25560000,62,276.882,-21636.1,64.2436,0.421333
25575000,69,301.364,-21621,70.4123,0.412933
25590000,73,307.565,-21622.4,75.385,0.405
25605000,61,254.329,-21664.3,65.7121,0.410667
25620000,66,283.471,-21627.1,62.9503,0.397933
25635000,62,260.815,-21638,63.4026,0.413667
25650000,57,237.661,-21633,48.9485,0.391533
25665000,56,236.684,-21645.3,54.4159,0.3986
25680000,60,263.717,-21602.7,64.5136,0.399833
25695000,42,184.26,-21677.5,45.625,0.396964
25710000,43,185.009,-21687.1,33.4287,0.391444
25725000,50,200.575,-21630.1,48.2856,0.387067
25740000,64,268.356,-21608.1,54.2049,0.405267
25755000,68,304.771,-21620,71.7406,0.406267
25770000,47,210.782,-21635.3,48.9948,0.384733
25785000,63,266.358,-21611.7,58.4895,0.4049
25800000,61,249.478,-21621.3,61.4088,0.412533
25815000,58,245.691,-21603,54.6291,0.405933
25830000,52,222.847,-21613.8,56.039,0.398
25845000,52,217.603,-21620.2,53.1696,0.393267
25860000,55,241.623,-21606.6,59.6511,0.405067
25875000,37,158.852,-21653.7,37.4179,0.385838
25890000,35,152.105,-21660.7,38.8136,0.3794
25905000,54,234.65,-21625.5,61.6526,0.3984
25920000,50,221.427,-21643.1,52.3368,0.390667
25935000,57,258.815,-21638.3,52.9631,0.403367
25950000,52,205.883,-21641.4,36.4149,0.408533
25965000,47,197.052,-21644.6,48.7289,0.394533
25980000,45,197.282,-21650.9,54.236,0.385333
25995000,65,287.543,-21619,61.2681,0.386218
26010000,53,239.554,-21621,47.1153,0.3918
26025000,54,230.102,-21639.2,55.7886,0.387667
26040000,54,226.461,-21640.1,65.3244,0.387883
26055000,50,221.114,-21639.6,61.9458,0.396933
26070000,36,165.69,-21637.6,27.5891,0.379133
26085000,41,173.928,-21631.3,36.8388,0.370633
26100000,43,195.064,-21640.3,42.2941,0.3802
26115000,42,186.251,-21666.9,48.9722,0.392
26130000,42,170.98,-21643.1,52.8043,0.3818
26145000,55,223.757,-21643.9,53.4735,0.3876
26160000,50,213.351,-21647.9,39.8308,0.395533
26175000,50,223.682,-21613.5,57.8344,0.386467
26190000,58,245.619,-21628.3,75.7124,0.392
26205000,43,174.468,-21631.1,42.4341,0.37988
26220000,70,307.427,-21640.1,63.5503,0.406067
26235000,61,263.341,-21643,55.5789,0.424
26250000,62,257.798,-21615.2,66.4398,0.396622
26265000,52,227.396,-21640.7,62.8357,0.393853
26280000,57,238.223,-21666.6,50.9834,0.406133
26295000,62,274.355,-21638.7,63.9815,0.411156
26310000,62,271.086,-21638.4,46.1151,0.4056
26325000,63,278.958,-21627.7,53.1278,0.409267
26340000,49,209.508,-21626.7,37.7934,0.403067
26355000,49,216.373,-21659.4,44.8232,0.398987
26370000,75,334.931,-21612.8,79.2095,0.4119
26385000,49,223.398,-21642.7,46.2117,0.4085
26400000,53,232.052,-21630.5,60.4526,0.4188
26415000,47,215.03,-21641.2,42.2402,0.39472
26430000,57,260.631,-21629.7,57.25,0.401833
26445000,58,248.693,-21653.4,55.6089,0.395567
26460000,49,214.527,-21667.5,55.3545,0.406147
26475000,48,213.419,-21655.2,73.9213,0.390133
26490000,45,196.894,-21643.6,42.8011,0.3926
26505000,54,232.261,-21665.2,57.0532,0.397767
26520000,53,230.361,-21654.4,49.3504,0.4026
26535000,54,231.933,-21643.7,45.2154,0.4041
26550000,63,284.53,-21616.7,63.0285,0.406467
26565000,60,264.916,-21642.1,57.1623,0.405867
26580000,64,278.76,-21621.7,66.0794,0.4066
26595000,43,197.993,-21638.6,54.8263,0.386182
26610000,57,239.583,-21631.4,53.1813,0.381667
26625000,48,206.858,-21653.3,47.1513,0.4074
26640000,55,233.41,-21639.6,65.0565,0.404017
26655000,42,184.512,-21655.3,40.0303,0.3896
26670000,49,220.973,-21645.5,41.6125,0.385859
26685000,44,178.706,-21655.8,45.3768,0.383167
26700000,60,256.893,-21653.6,64.321,0.398467
26715000,47,216.095,-21643.3,55.9506,0.3996
26730000,43,195.842,-21633.1,37.8114,0.383733
26745000,58,256.638,-21625.2,67.3729,0.403293
26760000,51,203.997,-21640.6,50.3296,0.381
26775000,56,255.641,-21633.7,38.777,0.396467
26790000,52,241.645,-21637.9,51.7848,0.386311
26805000,61,258.063,-21632.4,54.7487,0.384867
26820000,50,206.419,-21623.6,52.1676,0.3816
26835000,50,214.829,-21623.4,52.2355,0.391933
26850000,50,215.768,-21637.6,46.3155,0.384667
26865000,32,144.636,-21675.8,33.6922,0.383822
26880000,55,240.814,-21625.2,50.7425,0.3879
26895000,50,222.847,-21622,59.9321,0.386467
26910000,53,227.195,-21633.9,57.3808,0.3836
26925000,65,280.368,-21629.9,67.7091,0.395393
26940000,50,210.399,-21624.1,42.9134,0.3889
26955000,70,292.876,-21619,53.2032,0.417433
26970000,55,243.409,-21637,55.7346,0.387367
26985000,53,241.582,-21622.3,63.5763,0.412967
27000000,42,184.187,-21621.6,48.4638,0.3737
27015000,50,209.209,-21663.5,56.2597,0.387007
27030000,61,272.275,-21601,59.9551,0.3841
27045000,57,257.188,-21645.8,54.1978,0.405967
27060000,51,207.193,-21628.7,52.6043,0.40088
27075000,57,254.478,-21606.5,50.1443,0.371533
27090000,61,238.209,-21655.7,65.2688,0.4074
27105000,41,184.508,-21645.3,43.846,0.401889
27120000,50,217.153,-21623.3,66.7727,0.374356
27135000,58,252.035,-21615.5,65.2618,0.388533
27150000,67,301.817,-21610.4,63.6733,0.381267
27165000,67,287.107,-21604.6,70.0959,0.4064
27180000,68,298.626,-21622.4,80.0722,0.388933
27195000,59,236.952,-21652.5,63.2971,0.390378
27210000,66,294.249,-21651.7,50.1397,0.412067
27225000,70,308.795,-21631.3,54.0111,0.417333
27240000,62,275.975,-21641,69.5355,0.413133
27255000,78,343.465,-21605.3,72.0029,0.41216
27270000,57,248.475,-21618.3,57.9287,0.407267
27285000,57,244.694,-21670,59.7743,0.4114
27300000,61,262.424,-21652,56.4229,0.421267
27315000,45,193.015,-21667.8,50.7108,0.408933
27330000,54,215.839,-21602.8,63.2026,0.386567
27345000,45,195.399,-21656.7,49.4292,0.398847
27360000,50,228.062,-21612.7,45.1133,0.387633
27375000,50,217.089,-21660,41.5675,0.3878
27390000,55,249.233,-21655.9,69.3324,0.385613
27405000,55,237.205,-21636.6,55.756,0.394511
27420000,61,275.564,-21611.1,59.5654,0.402733
27435000,69,279.916,-21653.5,72.8849,0.407822
27450000,58,251.633,-21611.4,54.7514,0.3886
27465000,47,198.915,-21624,40.4321,0.382267
27480000,45,206.143,-21611.6,52.4469,0.3742
27495000,50,218.19,-21615.6,54.638,0.373533
27510000,54,225.19,-21612.9,38.3312,0.3802
27525000,54,231.102,-21620.9,52.6059,0.389067
27540000,57,237.87,-21617.2,62.1415,0.39639
27555000,50,207.229,-21590.8,63.5587,0.380333
27570000,36,163.052,-21688.1,29.0946,0.387549
27585000,57,246.3,-21636,58.599,0.383433
27600000,55,245.1,-21624.1,63.8894,0.3862
27615000,49,209.776,-21619.9,45.9516,0.390933
27630000,54,231.843,-21596.8,62.4006,0.388267
27645000,51,213.264,-21639.1,52.2899,0.3988
27660000,39,168.792,-21647.1,34.2474,0.374111
27675000,55,224.651,-21611.6,68.708,0.383644
27690000,56,253.528,-21651.5,59.8321,0.392133
27705000,58,261.955,-21627.8,67.2559,0.374033
27720000,56,252.247,-21633.4,55.0868,0.3904
27735000,52,224.199,-21637.4,58.8615,0.404933
27750000,46,196.574,-21620.4,49.6313,0.387667
27765000,60,280.632,-21619.1,67.8592,0.395933
27780000,39,178.609,-21650.5,34.6526,0.396533
27795000,40,171.069,-21641.2,42.2166,0.387267
27810000,40,161.277,-21639.1,31.4983,0.390778
27825000,58,238.824,-21642.6,60.8252,0.374667
27840000,54,243.254,-21643.8,66.1108,0.378728
27855000,48,196.356,-21622.1,50.0172,0.394133
27870000,52,234.252,-21651.2,49.2295,0.389767
27885000,49,217.757,-21647.5,31.2329,0.398867
27900000,55,231.373,-21643.3,63.4352,0.39
27915000,62,282.889,-21623.3,58.2088,0.403817
27930000,56,246.061,-21642.6,49.8983,0.414267
27945000,54,235.413,-21648,55.3857,0.3982
27960000,51,236.447,-21643.7,50.363,0.404067
27975000,35,137.32,-21672.8,38.5383,0.382806
27990000,45,190.668,-21697.6,47.4004,0.398
28005000,47,209.165,-21674.4,49.388,0.394343
28020000,67,283.448,-21638.7,59.1021,0.407133
28035000,56,257.922,-21645.4,46.9389,0.4048
28050000,32,140.936,-21683.2,37.7677,0.373378
28065000,42,189.725,-21652,42.7352,0.4044
28080000,48,199.171,-21641.6,42.8295,0.384967
28095000,55,219.015,-21655.6,56.5132,0.401133
28110000,39,161.411,-21662.2,37.4308,0.391533
28125000,45,206.631,-21661.1,45.8119,0.379653
28140000,42,184.415,-21686.1,47.3415,0.380367
28155000,56,237.846,-21634.9,61.9866,0.390833
28170000,52,223.665,-21660,56.0475,0.393467
28185000,52,234.701,-21641.8,54.8832,0.398667
28200000,26,123.336,-21691,32.3675,0.378667
28215000,59,243.905,-21656.3,60.5776,0.3939
28230000,54,225.24,-21645.7,49.2572,0.387467
28245000,72,312.923,-21635.1,68.4327,0.4038
28260000,49,229.073,-21669.4,43.6811,0.3878
28275000,33,142.509,-21686.7,25.393,0.374187
28290000,48,195.597,-21648.7,42.5124,0.391222
28305000,45,202.881,-21647.7,51.2759,0.380733
28320000,42,192.987,-21639.4,38.7038,0.376267
28335000,39,174.289,-21642.3,42.2143,0.3746
28350000,38,172.372,-21660.5,37.6979,0.375627
28365000,53,238.981,-21652.1,52.2217,0.386314
28380000,44,185.905,-21660.8,39.2056,0.383889
28395000,40,186.928,-21657.6,37.1428,0.3938
28410000,51,233.325,-21653.9,44.1984,0.402933
28425000,46,189.966,-21654,41.6676,0.401933
28440000,43,190.315,-21665.2,41.8462,0.386967
28455000,42,181.825,-21659.5,38.5939,0.379067
28470000,34,155.954,-21682,23.9322,0.381667
28485000,51,225.9,-21644.5,57.8582,0.382183
28500000,40,168.52,-21671.1,41.0755,0.390067
28515000,46,193.274,-21652.5,41.0406,0.3971
28530000,45,199.395,-21653.9,38.2326,0.388217
28545000,42,189.849,-21685.2,44.9494,0.388489
28560000,53,241.132,-21644.9,50.5377,0.3796
28575000,45,206.5,-21632.3,50.2655,0.390933
28590000,66,291.23,-21657.1,74.2266,0.390787
28605000,50,220.901,-21666.8,59.7762,0.4146
28620000,54,231.194,-21644.1,48.2643,0.412422
28635000,47,204.101,-21639.4,53.0978,0.393533
28650000,37,163.494,-21661.6,42.4564,0.379844
28665000,45,198.702,-21633.5,41.9622,0.373567
28680000,52,208.506,-21641.9,50.5586,0.379333
28695000,37,163.525,-21654.5,32.1996,0.39004
28710000,49,205.159,-21631.4,51.4367,0.3875
28725000,51,217.528,-21611.5,46.406,0.381933
28740000,58,249.31,-21618.4,49.796,0.3852
28755000,41,189.913,-21657.8,46.0074,0.372524
28770000,47,210.784,-21625.9,48.4066,0.4007
28785000,52,224.108,-21628.4,45.3238,0.400267
28800000,64,283.783,-21616.8,73.5538,0.403467
28815000,47,201.104,-21657.5,69.58,0.382925
28830000,53,236.346,-21638,50.2071,0.399667
28845000,54,239.795,-21651,55.4108,0.379589
28860000,53,223.078,-21657.6,57.0874,0.3918
28875000,76,329.426,-21609.9,77.2924,0.405978
28890000,69,301.49,-21614.1,58.5654,0.403067
28905000,73,326.752,-21617.6,84.768,0.4104
28920000,48,208.914,-21662,46.127,0.389467
28935000,59,245.513,-21613.2,62.3675,0.411267
28950000,41,180.826,-21647,43.9516,0.384333
28965000,45,204.161,-21659.9,48.427,0.380133
28980000,51,210.423,-21638.5,54.2964,0.393667
28995000,59,262.067,-21638.7,64.9285,0.406867
29010000,50,201.855,-21661.7,45.8742,0.403
29025000,45,188.404,-21632.2,40.0848,0.3856
29040000,43,191.903,-21644.2,32.6165,0.381267
29055000,32,126.138,-21663.8,45.601,0.387738
29070000,51,214.044,-21643.9,40.9391,0.397933
29085000,33,124.682,-21655.3,36.7078,0.381378
29100000,40,176.507,-21640.8,35.9328,0.3929
29115000,47,212.187,-21644.9,57.5069,0.365333
29130000,39,169.487,-21609,38.2748,0.3758
29145000,48,209.612,-21631,62.1328,0.373133
29160000,49,206.461,-21651.8,43.4566,0.385067
29175000,42,183.566,-21654.6,41.0051,0.384108
29190000,50,202.61,-21657,52.9405,0.38928
29205000,60,247.346,-21645.7,67.0778,0.391178
29220000,54,230.114,-21663.9,45.6281,0.400889
29235000,56,236.278,-21634.4,63.9181,0.3904
29250000,65,290.55,-21619.6,70.8536,0.409833
29265000,67,280.064,-21642.1,78.6718,0.395567
29280000,65,278.722,-21619.6,64.5613,0.3954
29295000,57,240.414,-21633.7,62.22,0.4038
29310000,58,255.711,-21620.3,44.6852,0.402117
29325000,43,193.912,-21678.3,45.4132,0.397114
29340000,56,249.541,-21621.5,60.9944,0.395267
29355000,52,220.316,-21644.4,55.7369,0.398067
29370000,68,291.57,-21619.4,78.6945,0.402833
29385000,61,265.52,-21628.1,58.6668,0.398
29400000,44,200.121,-21655.7,39.2158,0.381619
29415000,51,226.42,-21634.2,37.398,0.406178
29430000,28,127.738,-21686.2,22.8964,0.3586
29445000,51,227.822,-21665.1,47.3933,0.392717
29460000,53,235.194,-21617,54.4604,0.388133
29475000,56,221.135,-21613.8,60.2323,0.371467
29490000,59,242.229,-21616.8,49.1666,0.385467
29505000,46,207.717,-21654.6,42.2696,0.3664
29520000,45,199.994,-21650.9,49.7315,0.378867
29535000,57,230.402,-21621.3,62.4995,0.404289
29550000,52,227.958,-21646.7,56.1314,0.397333
29565000,48,202.329,-21638.9,55.3761,0.401
29580000,42,175.303,-21652.4,49.6405,0.390333
29595000,43,180.888,-21668.4,53.5319,0.388733
29610000,60,272.24,-21605.9,61.4498,0.396089
29625000,58,259.541,-21652.3,59.7293,0.3868
29640000,55,240.258,-21630.4,50.2381,0.3971
29655000,60,264.717,-21612.8,55.4102,0.415267
29670000,54,236.512,-21647,49.3015,0.393867
29685000,56,244.111,-21650.3,62.1763,0.40565
29700000,50,220.531,-21626.2,58.3995,0.3966
29715000,50,217.946,-21625.1,44.5994,0.3906
29730000,46,197.392,-21638.1,39.574,0.376667
29745000,62,276.471,-21609.2,67.9335,0.395227
29760000,44,196.035,-21624.2,51.7964,0.3791
29775000,66,279.82,-21618.1,66.5762,0.39
29790000,56,231.783,-21612.3,61.2076,0.407733
29805000,56,240.037,-21629,56.5332,0.404817
29820000,53,211.829,-21634.1,47.1262,0.4154
29835000,61,284.307,-21641,62.2532,0.408711
29850000,63,267.854,-21628.2,59.7337,0.401
29865000,53,239.288,-21630,53.5807,0.395467
29880000,68,272.278,-21612,92.5761,0.401433
29895000,50,213.218,-21635.9,47.1229,0.3983
29910000,67,291.727,-21614.2,60.1534,0.407
29925000,49,206.645,-21639.1,53.7317,0.393033
29940000,60,267.432,-21621.5,60.2491,0.4048
29955000,47,200.927,-21628.3,48.6825,0.38145
29970000,56,242.294,-21633.3,63.8561,0.385956
29985000,64,266.352,-21628,63.6808,0.392933
